[[-311 202 139 -245 -32 -562 611 426 26 -44 662 -370 470 100 -352 149 -435 -532 494 699 -1 474 32 -85 531 -267 33 -377 -42 350 -27 -514 220 290 -338 392 81 450 261 450 -403 415 315 -93 336 133 278 -21 556 565 -60 230 -101 114 103 -13 -666 215 404 -226 164 -185 501 267 -101 186 56 -375 56 -2 742 -361 -199 -141 -508 -359 2 214 46 -587 -140 183 -88 232 -148 -296 200 -141 -645 272 -318 -184 -324 282 -130 -106 629 -168 339 -166 ]
[-501 364 -524 -134 -302 320 229 45 -590 -378 501 777 297 545 -318 284 28 208 242 694 95 -30 6 -665 235 335 -50 -314 367 462 -132 339 128 131 -13 -282 -169 956 -113 711 90 202 18 369 -15 -439 50 555 223 537 -101 -348 187 174 135 -215 -134 34 340 356 85 -788 -114 280 412 -42 -393 36 -74 158 901 -674 -220 -403 -978 244 -173 -637 -454 188 -813 -206 -618 155 227 -185 92 -92 19 -56 -110 262 -62 -83 -416 116 411 327 85 -164 ]
[-198 140 494 -476 -411 929 122 -125 272 277 692 -290 733 287 -381 -835 -144 -110 324 -277 578 -440 546 -331 26 458 -376 256 -398 -151 -296 -662 -8 -147 -164 9 303 -330 162 -160 -419 -69 -576 -110 87 586 -40 268 -345 -177 67 968 295 -199 127 194 -46 360 233 -140 259 -150 536 380 -543 27 -305 27 -199 -234 -32 -400 -493 -187 417 -243 145 665 -98 -557 -384 21 -119 493 -277 95 250 -201 -409 223 -190 739 -856 219 105 -228 -540 -511 204 -503 ]
[-596 672 -158 -277 -690 -763 -134 217 -903 -89 77 -435 289 252 260 487 -265 27 -145 343 -344 -1 2 -701 322 -283 -231 99 -487 167 359 -649 -145 76 -334 622 -414 755 15 -593 -370 76 -302 -145 257 197 -348 -210 211 -4 -83 -471 22 136 -73 49 598 -251 399 96 559 577 7 239 256 59 492 118 -385 -649 129 244 503 466 33 -377 -498 -529 250 16 -229 192 -501 -499 294 27 -398 -15 349 33 -98 -931 430 -422 210 -362 660 338 294 540 ]
[-489 969 -829 505 -1120 -168 10 149 -144 -369 -138 285 -609 -485 474 589 226 -288 -592 851 -477 -283 -231 -522 694 -14 30 341 -491 286 -314 499 452 -114 237 202 -512 -250 -189 -70 126 -489 177 -306 -70 -361 -117 577 -362 -132 -338 -1114 264 269 -34 -339 46 -6 -204 -268 -348 123 -680 -129 182 198 -160 910 -629 -340 320 180 320 -307 -542 258 -553 -735 -108 323 -402 -553 -435 -454 314 -301 -750 -87 689 -768 -289 -1002 789 -279 139 450 183 423 202 532 ]
[16 -83 -235 182 -179 184 -175 101 704 -185 -36 -102 -330 96 -29 -470 602 -33 -570 -385 555 -152 104 -484 560 183 376 -13 -470 -361 -321 559 -165 497 520 -462 -77 -619 797 -102 -199 -53 -1 153 13 -483 1024 141 -269 355 -682 -69 606 -99 -37 113 -1224 378 -538 -19 -327 7 -33 147 -156 -231 -619 174 -153 -174 -198 -207 -195 33 -8 416 101 160 -50 330 -696 -482 337 312 -251 -700 697 -255 565 -361 -57 557 -478 426 75 462 -682 -408 127 -331 ]
[65 803 39 190 -439 728 299 -231 974 664 314 -14 288 -553 119 62 525 -201 275 324 512 -186 61 748 143 1062 -676 489 974 55 -381 401 3 -57 -206 -188 164 -614 346 -4 -125 146 61 28 -140 490 43 415 -150 -57 -28 433 -367 -378 150 -969 5 47 -110 -481 -293 -106 -89 404 -387 -230 -456 419 713 209 456 -652 -559 -631 226 -183 85 -118 -219 -768 -749 149 -48 269 -503 705 189 21 -158 -508 -4 328 -106 277 250 291 -537 71 608 93 ]
[44 -156 542 22 1029 -254 96 429 53 240 -100 258 259 340 438 943 -2 129 203 -342 62 611 -519 673 -324 -199 351 199 680 -315 149 364 -450 -556 20 -147 -409 -219 89 -107 874 -1 -197 240 557 531 -370 -586 3 -585 533 -749 -665 101 481 50 840 -404 -268 66 -205 734 -341 -718 -123 -412 354 -968 365 46 1 453 775 432 458 -568 -354 -23 4 -132 569 -119 -188 -524 -141 878 -41 380 -9 -393 502 -257 35 214 217 -481 110 1107 61 1080 ]
[664 -100 -89 -56 400 -841 -574 -280 -481 44 405 -34 404 193 -183 355 -82 829 399 208 -538 481 -179 0 -402 -93 -517 -263 445 381 79 -462 -177 411 -30 198 -637 1463 -841 769 49 231 598 223 -526 -33 19 42 793 196 -221 -367 -11 351 -139 -324 58 -702 443 660 283 176 169 -688 208 304 378 3 -55 152 753 -264 94 -217 -695 89 278 -380 -123 -470 824 435 -216 209 11 -52 174 -485 -705 -298 167 -492 21 30 93 411 774 -562 -331 -487 ]
[105 -1000 441 177 738 -213 -597 -118 -103 108 -104 -370 -223 424 -2 487 131 1200 216 -984 -258 515 -216 -274 -355 -580 85 -294 -983 -176 50 -15 -181 192 -72 378 -306 145 -564 -195 466 164 -279 -105 -198 292 261 -646 946 551 -246 -330 219 507 -111 125 196 -606 -681 444 -322 590 -372 -812 -532 249 770 -343 125 -68 -375 1130 622 310 550 -225 312 -194 194 604 1468 -151 22 70 303 -97 -414 18 144 -64 386 -199 -155 -391 -136 207 -156 267 -841 -401 ]
[-84 22 -761 83 -39 457 845 -15 291 -324 75 1032 -897 80 -15 -647 -100 -1263 101 564 257 -253 -87 226 -480 197 192 448 -149 772 -506 708 170 -592 162 -579 579 -703 -51 -79 104 -490 82 -378 -190 -282 46 469 -658 -466 -278 155 230 -218 410 -416 -17 466 -119 79 -220 -560 -494 1050 63 141 -128 914 -76 771 573 111 -298 -617 -245 -25 122 175 -57 202 54 18 58 -180 -272 -325 -223 171 408 -199 -24 843 -274 -338 -652 -232 -393 -342 -100 -244 ]
[-16 232 -370 -324 -922 591 -426 61 140 -465 378 714 -705 97 -699 264 162 -261 29 380 -58 817 350 -1068 200 -699 -674 -455 -1171 453 -192 -172 114 -198 -22 374 212 -29 -245 -262 -195 94 443 -228 334 -50 362 26 218 604 -410 -250 70 209 -106 -23 -455 16 -396 71 320 9 -344 534 -411 -38 -31 762 -479 -26 445 253 364 -114 -278 246 260 -129 263 422 181 -89 55 194 -330 -820 -200 -449 927 -252 -468 -134 359 -729 -643 403 -105 -5 -621 -358 ]
[-146 110 762 -566 444 -631 -219 314 732 12 210 365 689 543 -309 464 496 551 101 88 -112 1442 247 79 -306 -788 -415 -426 197 -273 -235 60 281 105 -145 337 -482 503 -551 352 68 1042 88 354 207 497 309 -461 890 440 254 238 -98 189 375 -201 114 -117 233 18 -99 559 535 -224 -582 -302 664 -902 469 423 679 323 602 31 -401 -547 -244 413 249 -507 923 87 -26 64 -600 490 410 -242 -418 -363 525 -129 -461 -468 -395 699 -22 -148 127 -247 ]
[779 -193 -80 15 -487 -465 -123 338 -221 175 42 -202 -394 -592 -887 672 -885 -252 465 -112 -654 705 242 398 -149 -669 521 -887 258 -148 595 170 531 193 -280 555 120 535 -211 -48 -107 263 959 393 300 65 -311 6 129 769 577 -253 -139 175 -399 -11 -76 30 -277 -148 677 -456 148 -121 539 85 402 -888 73 212 -257 209 145 981 11 382 604 -16 300 326 150 131 -115 195 -258 -352 45 -120 -84 916 -498 72 398 -212 -41 -285 107 686 -662 384 ]
[48 636 89 -546 -252 1336 538 220 -465 216 316 273 46 83 -83 -103 105 -462 801 673 1062 -161 258 -541 182 443 -611 -211 123 477 133 -1047 -337 -452 85 108 340 125 -198 656 -40 269 136 89 802 -6 -407 50 -218 122 391 491 -755 -690 45 89 11 317 77 124 -277 -243 -256 449 -12 -353 -1027 700 341 588 557 -1249 -462 -638 -406 27 -38 272 12 -581 -1101 -118 -537 227 59 31 -211 527 -595 145 -870 105 -530 57 -462 -423 517 302 750 508 ]
[-246 -233 -177 -509 -856 1085 -6 -564 -514 546 726 -19 166 -35 -483 -40 -262 667 307 -842 520 -694 737 -789 -67 170 -94 318 -593 243 -303 -244 -144 -194 145 143 -177 45 -729 207 663 -332 -837 -202 262 350 -670 240 -718 584 -63 443 -40 -431 100 272 823 80 -45 417 53 -140 -403 -37 303 755 -493 476 -173 -129 16 160 -336 -214 434 553 351 -1 -17 225 -847 -132 -929 212 -79 150 -569 471 287 428 -402 -188 38 -276 -541 -139 -288 842 -610 786 ]
[277 -734 -207 -306 75 -61 296 177 42 118 -25 -268 -109 -59 -334 -12 -434 -471 367 -562 492 -358 98 810 -309 522 520 299 -253 688 -614 128 -533 476 -998 224 431 489 371 1 -136 435 236 -189 -319 503 831 -330 -62 410 -581 346 401 401 -43 -373 -176 -110 -519 310 62 263 -102 60 -160 364 730 -326 77 -182 -135 -126 -879 474 298 -103 832 -207 192 111 30 504 76 88 -231 -278 340 320 112 -189 232 -108 -588 371 180 39 -346 -379 -495 -104 ]
[-621 655 -62 302 132 641 260 797 -81 -225 -707 1185 -573 -514 352 1116 167 -365 -158 1055 628 69 -527 -301 62 -141 -275 -241 113 563 -669 -12 -4 -597 -176 270 523 -417 -219 542 186 783 538 -225 535 117 22 -493 417 8 401 -631 -461 541 7 0 331 76 -511 -82 -676 1 -902 -162 -984 -33 -259 -237 928 741 723 -470 111 53 109 -161 -474 -571 156 -113 -762 19 -106 -144 556 -155 -916 768 -227 -340 -105 -1007 -38 11 134 17 479 1217 603 281 ]
[-421 -100 603 556 -483 675 138 54 253 103 -1402 -591 -13 -248 588 -995 1116 138 -164 -209 316 -890 -526 602 -238 893 -92 69 -654 133 -35 -165 492 166 -280 -377 273 -647 -410 -39 167 29 -438 -271 -661 -51 577 55 124 -258 145 834 962 -289 -817 -457 -25 57 -99 -227 -1099 101 -108 151 -636 -108 168 983 -23 380 -880 147 -227 -1016 -145 -566 221 -140 -167 170 898 -426 -15 130 356 -178 -555 251 308 -613 -214 -92 -121 -709 -349 664 -460 -1267 -197 -372 ]
[-990 -444 -431 -583 128 -622 132 -72 -789 -619 320 236 690 755 -550 113 -669 162 -299 76 -284 -345 562 -554 261 -773 319 273 -251 -354 519 -386 -135 491 -914 773 711 350 194 502 -319 335 -550 -317 -369 -183 7 -271 161 1226 -529 293 -71 338 263 1345 90 230 427 -49 -165 -32 632 368 59 478 123 -636 -490 -489 -146 214 -367 437 -30 -58 -164 -61 152 455 -647 424 430 -87 415 54 -346 99 301 338 -176 -205 502 405 -361 -39 258 -125 -64 -614 ]
[740 214 535 373 522 -752 -533 6 528 537 -296 343 -400 17 481 245 792 -76 -531 -237 -723 530 -236 984 -265 -657 -418 -538 110 -569 1038 -241 -167 -170 656 -346 70 -771 -349 175 224 -276 541 227 -183 -376 135 -247 78 5 373 -1024 -207 113 66 341 -415 -522 -372 -343 -323 17 -348 -145 -582 -864 213 174 227 105 -642 469 537 423 574 -67 134 499 408 -171 874 -81 900 -100 -353 -92 335 -762 96 -902 -157 227 722 60 -380 -297 80 -281 -449 -254 ]
[-296 -417 166 -169 156 -4 -226 95 -656 363 425 -669 572 785 237 -268 310 785 156 -715 350 -1132 73 -598 7 473 -511 -10 -274 5 176 -935 -416 390 -70 -312 -154 17 762 667 61 -395 -1206 -265 -700 -219 498 183 557 522 -567 -420 388 561 357 1097 -207 -598 919 513 392 -509 435 -482 -589 88 -357 -13 -322 -733 -482 -690 -80 268 446 -746 -58 -18 -318 -397 -594 380 -224 69 752 -55 83 -411 -21 -383 -303 136 -245 746 -55 -344 -169 -39 -201 -1056 ]
[159 -1033 406 -377 500 -334 495 -39 -119 226 -220 -355 -575 -423 177 491 -270 -344 264 -872 -52 -304 67 1330 -858 -106 -306 400 92 750 829 178 -191 137 -767 347 477 -127 -286 308 109 -101 166 -106 -421 127 -481 -694 -510 477 306 -47 -991 -293 504 269 271 -240 269 -22 158 -218 -337 172 741 261 284 -73 235 50 -758 199 -18 599 217 -873 82 376 594 216 454 566 248 -178 -557 641 -110 454 -120 -1 -145 -487 406 51 -431 -151 79 280 -201 896 ]
[-563 182 73 478 424 -472 111 -84 210 -19 332 424 57 250 363 324 301 -695 -64 1236 -681 1086 -635 1010 -416 -309 86 -640 463 533 390 271 527 -368 105 -673 -113 923 -985 427 194 -471 697 -29 327 -683 197 -67 42 -546 803 -464 130 252 -64 -443 -278 -342 544 -46 459 -522 -25 438 957 68 58 -72 -269 -63 38 244 499 -552 -948 -212 112 450 -338 -261 1091 -35 171 -35 -399 85 -49 -746 -514 -260 52 279 244 -647 -507 -119 796 -906 -476 -65 ]
[-99 -778 935 115 -70 310 -183 -142 287 -214 -419 592 -104 -109 -395 181 -170 227 -846 -688 479 -194 -661 -107 34 -293 -27 -155 -315 -110 -532 -17 372 -175 76 -408 9 -1080 -220 175 635 -11 -583 -50 -212 450 366 16 -30 205 -422 -780 -190 692 279 682 -325 -317 163 55 -108 -308 -54 -301 -814 431 276 262 156 -23 -146 737 159 422 739 -331 -147 268 -57 493 176 -191 53 -142 -73 -396 -11 -273 773 -673 187 -472 170 -346 55 44 -564 980 -770 -156 ]
[348 365 -447 -8 70 -537 162 -152 449 -603 359 -545 -453 13 -207 416 125 201 395 368 55 353 -346 -324 473 20 572 -327 724 -380 -14 512 510 241 210 49 -515 -354 805 94 366 -476 -163 96 -109 -409 304 941 570 344 -638 -478 -376 -122 200 -231 -1074 -383 -98 -240 -812 -523 261 -1324 -282 72 -244 405 -19 275 -135 -19 -372 -705 -628 263 87 222 -563 -258 284 -457 363 -404 953 3 108 -129 -6 -472 -125 -3 -319 722 283 532 126 164 686 -428 ]
[-516 1636 -112 -184 -802 621 339 558 -149 -526 -694 52 593 -73 568 340 -119 -142 -583 -145 239 -656 45 -578 223 492 711 192 -36 -448 676 -169 -219 20 -636 82 171 -529 796 -549 -96 76 20 89 149 -103 -75 188 -662 -546 487 -111 416 -266 -615 94 -293 22 -484 -657 -619 532 -606 -294 -435 -791 66 -267 45 -731 -279 -284 -364 254 167 -16 -547 -596 -243 -201 -763 -286 -142 -57 451 -111 164 158 151 -688 -333 -523 195 650 587 82 306 -190 1070 940 ]
[-539 932 810 -251 -424 -255 127 -686 703 -263 937 331 689 170 10 203 318 231 -331 -78 90 -172 273 -590 702 57 -245 23 680 -977 383 103 478 123 158 -150 -797 -309 -23 -31 -191 -422 -403 661 454 19 -338 483 -729 -247 -126 -615 -304 -646 987 252 -167 237 221 -2 -509 263 325 -196 -138 -190 -651 536 -581 -319 -363 -756 -250 -35 -128 -286 -722 827 144 -455 -557 -794 -39 -73 8 392 629 -53 -391 -579 144 145 -538 342 443 -85 -407 150 1139 11 ]
[-47 201 730 148 -564 -547 -591 972 352 242 527 -165 -414 -430 -195 808 -8 -378 -405 -188 -70 -205 -214 134 -283 322 -441 -95 -560 455 -3 -404 31 -445 -202 215 52 -18 -421 -117 21 -417 288 -110 157 127 485 -358 -273 229 39 -1025 818 345 159 378 -190 -108 -377 142 124 891 38 -468 -1108 129 -285 -336 -1031 -43 -363 -399 657 979 272 -735 601 277 627 -585 57 -44 -439 542 -287 -392 -394 -285 230 -500 -767 -653 -287 844 687 231 48 105 -274 138 ]
[-1142 -55 68 163 -730 677 83 -911 205 -617 1236 77 262 -296 -683 105 -155 -472 426 203 764 -49 -249 -871 753 -126 -592 622 -865 558 -11 -10 -117 -151 -614 296 460 -369 789 -1007 -203 -91 -2 -239 409 968 -399 -138 -252 -33 -700 411 -221 -300 88 129 -311 446 -389 -616 -21 146 121 835 -524 778 -459 747 -630 -417 189 150 -175 -190 518 1 23 215 -68 297 -317 -56 727 81 49 -789 112 -166 761 -337 -52 -401 -126 378 548 -289 26 688 -165 -232 ]
[157 302 -573 -624 -1235 528 -763 -140 760 -209 -120 -87 -628 -454 -27 992 845 611 -626 -445 -121 335 798 -1023 149 78 -557 178 -566 23 -229 1057 344 505 -467 484 -719 410 -578 -42 146 146 -124 -203 162 -455 626 664 -656 464 -319 -346 205 -19 410 -316 121 -505 374 430 152 213 -302 -425 366 -233 -620 383 -506 -679 -640 -157 -94 289 -952 324 -190 -207 1 499 -102 -128 -287 -312 -376 306 -157 -327 1025 -250 -164 -504 537 -201 78 1607 -356 -437 442 723 ]
[-31 155 110 -616 -239 411 323 -399 621 87 127 447 727 228 -223 95 462 19 -311 240 744 543 -120 7 390 222 170 450 492 37 -923 391 -44 150 351 -678 -965 62 -270 679 957 -186 -126 192 513 257 258 794 -794 -921 116 -6 23 12 188 -618 -336 -484 344 124 -434 -644 -178 25 398 -191 -74 -42 302 -31 788 -82 229 -796 -402 578 -262 -73 -220 -402 -207 180 -494 -359 -609 237 1040 -734 534 -1046 102 -15 -140 -225 -66 571 162 -192 48 898 ]
[-90 -604 1070 -16 210 -41 -725 24 -579 -251 106 -74 943 5 -71 172 -399 103 -213 317 30 -49 -148 -526 1 -557 587 -247 -71 -591 43 -600 -15 -330 -329 693 135 497 -316 544 -437 195 525 201 673 570 107 76 201 -556 645 70 162 253 -244 677 316 -228 -274 308 107 -299 361 -353 -589 308 657 -1287 -244 -150 -756 -382 -391 362 509 95 65 365 328 -182 475 498 410 143 749 -254 -385 2 -675 608 21 -194 -550 303 1029 -539 312 -479 233 -579 ]
[-507 -278 111 53 -224 182 -661 -688 820 -215 907 98 403 -75 -367 486 -209 447 -401 -549 -275 833 634 -1008 668 -57 -327 478 -374 -509 -958 33 196 382 142 117 -769 618 138 -476 289 -134 -147 131 683 -7 -265 -538 -664 -299 -227 -605 540 223 609 194 -347 139 -270 93 391 724 69 -448 -3 359 -811 -521 -842 -836 594 -293 817 439 -489 198 -362 10 -145 21 -271 -261 -750 149 -178 -152 624 -375 255 -200 549 -325 -50 254 418 654 -1 345 43 305 ]
[792 -332 376 92 122 -85 -162 -36 -548 284 -1005 -491 448 -263 454 531 -79 187 4 -317 -243 333 -158 -64 -350 35 32 91 785 -674 222 -15 605 70 -312 1056 -302 407 -117 -668 61 1037 73 863 327 702 -921 313 -71 -429 656 -155 -301 -330 -356 -559 1070 -77 226 41 122 172 85 230 462 -507 1042 -327 434 494 -475 -37 30 580 -420 -359 -668 -718 239 391 93 253 -281 -594 548 782 -430 235 363 514 526 367 -3 -838 642 -195 -94 796 892 169 ]
[907 -946 54 216 831 -504 1343 709 -313 130 -693 -824 -884 -69 -323 -554 -584 -103 579 -124 -168 641 -55 -92 -94 -58 867 -1446 -266 781 32 -72 454 527 -100 92 -292 827 396 -239 433 734 594 379 -570 -316 548 -324 1171 923 -186 538 735 477 -583 -354 -943 60 -142 423 -528 181 617 -147 572 -54 711 -231 248 639 -264 292 167 388 -970 -133 717 -200 486 531 687 -91 -501 316 130 -932 199 382 -519 671 159 760 -985 -290 -470 145 -84 308 -633 -844 ]
[454 -911 -89 -250 772 -968 -213 -633 143 -238 -324 -378 -644 139 -112 -559 -244 685 -117 -775 -682 -87 78 651 297 115 615 -189 -281 -323 -861 -137 -27 152 897 125 -132 33 -454 -42 243 -537 -9 -186 66 -580 -94 -345 -486 -884 82 359 310 -441 58 108 -57 422 -982 12 -379 362 -422 -1162 -133 219 330 -203 -658 398 53 461 463 -593 48 910 362 36 241 306 984 -386 -261 -66 504 530 145 740 -133 552 854 -516 264 -166 -339 174 124 -331 70 190 ]
[-409 -1 968 -166 -481 -349 -188 774 -110 -204 642 -218 -466 542 -374 613 -76 3 -247 39 -434 832 684 -90 307 -280 498 -840 -1194 190 532 51 -263 66 -593 692 29 680 -441 -75 -291 191 736 296 721 -282 4 -217 220 645 803 -834 338 342 375 291 -933 -269 -1533 -293 -176 12 -549 -548 -208 -630 345 -1014 -865 -464 -343 379 612 559 -423 -315 63 553 490 752 728 -797 -599 61 -6 -243 240 236 -459 -323 290 68 -666 186 -388 192 629 140 279 403 ]
[139 580 -254 260 -370 304 -876 -314 713 468 -109 116 96 -559 1114 -532 689 421 -831 -122 -285 -194 110 419 -533 -90 170 -98 -40 -204 -1002 148 116 -484 746 -457 78 -914 -181 -411 -21 -312 -84 118 -863 -134 68 776 550 -452 -418 117 94 428 -681 -701 -348 104 -145 -231 485 -377 -110 108 -242 210 593 1306 655 -461 -59 565 -545 -673 250 722 -85 284 -525 -401 184 153 632 1 106 -89 92 -550 -472 -512 591 390 -84 -207 75 329 -779 -414 -300 -1239 ]
[-1188 307 -44 410 -520 631 -215 -532 -461 -864 734 389 378 -108 -97 245 -621 974 -439 526 -524 -483 433 -1418 -218 -376 -335 196 -760 828 -185 77 -18 -153 -121 308 -144 831 -857 302 -331 -397 -223 -929 -270 -52 -134 -393 298 498 -86 31 -65 -122 105 104 284 -426 173 156 369 143 -273 -541 45 799 260 61 -398 -1320 44 578 -560 -62 191 104 69 -420 -246 -132 308 109 -176 367 181 -370 -824 339 -324 459 376 -592 391 227 4 407 494 -179 -406 -372 ]
[29 -3 -394 665 -1336 145 -372 96 124 800 1 -1123 367 -696 -24 -810 355 190 -543 -448 115 -313 648 -524 237 116 59 399 -515 -128 -334 18 -1 291 366 328 338 132 -62 -940 25 835 -1248 -530 -12 736 25 -87 -360 426 -423 616 1197 -350 -830 -497 549 493 3 -203 -113 1015 455 439 32 106 -21 -15 11 -392 -477 535 -344 354 496 469 355 -208 31 -77 -1137 -47 -464 216 -320 -348 -740 248 867 428 -385 245 261 161 516 456 -257 -93 -373 269 ]
[1331 -189 -221 527 -166 876 -429 110 377 440 -81 136 -121 -504 172 -188 -198 -735 -1 -394 -851 -535 569 433 -671 898 -316 307 -416 287 -802 -310 509 -246 105 -392 -293 -415 172 -92 -211 -247 102 76 -544 -131 -132 318 -5 -243 578 37 1003 400 -186 165 -58 -152 128 -43 832 -185 84 -547 -533 -39 182 -193 -518 299 103 -849 -516 347 -65 119 727 103 -375 -326 417 321 -278 452 18 -378 -148 -559 -495 5 -353 101 -355 261 460 538 -360 -470 -446 -834 ]
[142 -71 -219 616 83 -661 -189 -266 60 672 354 -873 300 358 70 -31 -11 -672 232 424 -934 275 -1011 1136 -118 767 262 -358 1350 -218 233 -130 -238 290 -118 -86 29 -222 193 -622 131 -765 400 312 -385 -43 -208 219 -100 -361 -16 -700 -345 114 -478 -518 260 -566 -313 87 -413 -145 -187 -101 298 417 -317 256 -527 509 -87 349 -98 -1104 -147 -319 924 -221 -736 -101 679 136 120 379 -476 530 -690 -376 11 -417 354 299 459 29 294 -797 387 -681 -372 -349 ]
[169 -168 256 7 -673 78 -136 326 358 780 374 -840 169 -960 79 490 633 -260 215 346 -1017 460 265 336 900 -685 -1022 -613 -914 633 -43 535 576 424 601 435 -658 -400 -332 922 -19 447 651 0 100 356 283 246 568 812 397 186 -290 89 7 -722 240 -214 704 -342 346 -426 171 -353 498 388 -465 110 -198 -166 278 -134 -88 -783 -553 -249 422 251 187 -302 331 6 -11 598 -964 329 -673 -534 -505 394 -609 -1206 540 -595 -436 369 303 -36 -537 312 ]
[181 516 -187 502 -663 309 311 997 436 889 359 -181 590 73 680 620 621 89 236 508 300 222 382 -18 101 314 166 -89 333 164 -1366 66 155 122 -65 320 -737 271 161 794 415 726 550 -166 215 64 845 268 934 789 460 109 633 397 -158 -271 -154 -21 -115 -44 -195 374 -412 -386 -449 1 427 -747 444 101 1025 -650 503 -602 -310 -218 -47 -706 -423 -854 88 103 -962 -60 -336 -11 -389 230 -289 -525 200 -38 -579 126 -39 745 -264 683 607 -137 ]
[-322 663 139 -429 -231 476 28 354 132 660 503 380 436 -197 117 259 326 -55 116 -204 546 -443 -429 -699 312 -115 -1263 331 -114 12 -245 -805 -527 -366 526 537 318 -766 -548 -482 845 -218 -418 -248 465 632 -407 348 -184 -454 -550 341 -138 -309 84 46 1491 125 472 12 -480 878 -157 94 -1292 15 -679 1286 81 346 715 195 271 -409 883 -356 77 -228 87 -450 -196 50 -138 -44 -292 51 -285 -65 727 185 36 12 276 138 -328 -586 36 1233 -291 40 ]
[-428 309 484 281 338 735 -592 -164 -271 464 -399 586 825 409 634 615 1080 1294 -356 69 338 619 -489 -370 -219 280 -38 -816 216 -365 -335 -236 -289 -387 576 -511 -171 145 -50 609 832 -333 -103 1051 117 208 269 -221 984 261 399 -312 97 167 -653 -440 -38 -776 -245 163 -23 -208 -370 -746 -356 -84 63 -244 887 -367 -843 201 -230 -245 18 111 137 -107 -205 -362 -217 -71 136 418 860 330 -7 -147 -482 -400 787 365 -729 -41 -508 -191 -230 186 -286 -542 ]
[553 -217 21 -817 -678 500 -752 282 -640 -877 -594 1284 316 177 -807 -543 -633 419 -576 -753 -12 -288 237 -703 -796 -256 -273 325 -351 -356 -113 -342 671 -403 -324 40 288 9 -80 23 -11 -612 63 231 -756 250 -594 82 -1002 -933 103 -399 138 679 -356 400 184 296 1075 393 1000 -113 93 -354 185 133 61 -115 -883 -349 -250 -163 714 364 -424 -284 -909 -492 16 -167 -88 277 -250 257 285 65 534 -594 555 -416 -63 21 411 -372 219 684 -703 -573 49 -400 ]
[-52 373 140 251 442 -136 284 -316 -589 319 112 -647 225 350 604 -1167 483 -172 305 -172 134 -382 -396 -86 -784 468 -411 466 506 379 698 314 -726 -150 880 -561 378 632 578 -707 -191 48 -247 492 -411 -79 -51 66 190 -262 -6 942 452 -927 -145 -937 424 -238 8 -282 135 -292 -12 527 -95 -193 615 52 912 200 352 350 -411 -415 557 -293 474 216 -207 -24 504 220 252 322 141 -265 264 -41 -177 -4 308 -39 -112 -206 79 -1057 883 -529 -49 176 ]
[510 -546 59 -270 54 190 -404 -312 -121 -610 179 -158 826 91 -579 -821 154 311 657 -188 342 130 48 -89 -143 -202 -671 344 1014 83 388 -421 -684 963 -509 -196 182 890 -499 495 40 357 -317 -88 -18 240 633 -27 154 461 -503 404 -460 -448 -137 208 -40 -126 1140 781 -29 305 717 -5 19 240 126 102 243 135 38 -212 -772 -341 -226 -105 575 220 -326 -514 738 173 541 227 -932 -493 384 99 268 179 -118 -243 395 495 -208 34 506 -814 -474 178 ]
[-289 1317 -29 -275 -722 -561 -267 31 -540 -466 430 -308 778 216 -398 -633 -787 91 -107 -10 -150 -699 -94 -623 -58 188 -312 4 207 -43 157 -848 484 128 -417 -78 -414 928 -190 -447 -349 99 270 -380 -583 -30 223 107 -633 -49 -196 542 1114 137 -207 396 -627 463 678 -454 327 601 1061 52 -823 620 30 -239 -760 -338 315 -62 24 555 237 -161 488 -59 -273 -876 -104 -119 210 362 -156 -296 201 -464 50 -53 -240 -84 -226 466 456 -226 0 -183 20 -740 ]
[-694 395 260 228 260 -1400 234 -606 1079 99 1501 3 129 292 -15 777 129 -285 150 687 -234 600 -641 615 759 768 209 100 16 564 -12 1027 782 348 -156 228 -650 300 -873 9 -128 -483 -239 -11 504 117 251 558 -49 103 -215 -633 198 -67 951 -881 -183 -41 350 257 -447 94 -290 188 55 420 -8 616 95 433 1260 200 -125 -632 -592 -329 -297 -48 -174 -83 982 -910 -641 -142 -504 257 163 -169 -789 -88 477 -454 -201 -267 -161 841 908 -414 606 539 ]
[-57 396 -719 641 145 703 -92 70 401 14 9 -685 -407 -718 1033 -847 267 72 -332 623 1334 -1079 343 -249 277 525 -29 1043 -139 -154 -28 -93 -569 289 -219 602 406 -524 624 399 -1044 247 281 -525 -497 -607 754 354 -376 -400 -863 814 111 -95 -309 478 -182 662 -390 -258 -378 943 37 517 91 372 -91 149 448 -504 -53 -913 -589 256 396 497 -505 522 89 -148 -1109 303 285 714 -70 -290 583 290 -943 -267 48 -805 -258 737 914 354 -338 -1130 717 -167 ]
[-403 510 -441 -180 -134 -27 367 -218 149 -534 -806 -491 -490 -536 126 -202 -206 -290 -819 80 -577 -1124 212 226 -76 54 -507 110 102 -105 -147 -955 581 -128 -626 120 70 -709 -31 -517 -513 -1278 -410 -821 -280 -107 -411 -216 -606 -1551 524 -618 17 261 -135 343 530 -357 243 -739 41 -252 -141 -978 -302 361 227 166 -828 -447 -1592 -153 -218 107 496 -252 -441 -239 373 -836 -265 243 430 -257 1224 713 -732 23 -205 129 254 -1053 533 320 720 -574 -95 -244 216 -695 ]
[516 452 -438 95 102 -787 110 -234 -623 -59 -316 -1156 -55 -477 -164 153 -211 122 -437 -93 -359 -568 -495 146 -282 709 164 868 889 -353 456 672 133 -309 23 405 -744 207 111 -909 224 -694 -17 679 -251 -1 -779 701 87 -108 -302 -185 -147 -622 -378 -1150 154 -424 -272 -679 -326 85 171 -211 939 149 968 801 165 219 46 733 -57 -149 -269 124 45 -899 -54 62 -199 -132 -448 32 680 839 -269 -419 726 -212 -318 -589 573 -314 304 351 540 445 -114 648 ]
[567 -270 55 -166 398 -65 -33 -442 -400 44 -168 626 31 479 689 47 379 119 362 -253 -477 -42 -275 57 -418 32 -1107 -88 75 604 -102 -400 -595 175 139 484 519 374 -415 400 -210 385 299 156 -531 334 228 -655 589 308 74 37 -86 -650 232 -317 459 -159 -282 505 70 -168 -1312 -206 -541 294 478 158 673 671 401 -320 -1094 -275 137 -158 559 -679 404 162 755 487 338 -97 10 116 -248 875 -718 385 600 223 -226 -197 -584 -585 367 -83 493 -637 ]
[629 -679 -647 262 811 -478 -166 165 682 170 340 -917 -435 216 -268 503 70 -158 33 -458 353 1200 124 445 9 16 445 649 -100 -138 460 929 -587 955 -571 710 128 -99 -384 47 -304 570 935 -348 208 424 734 -356 -568 314 -624 -345 120 232 278 -345 -413 -738 -1152 83 -690 482 -445 129 657 -239 229 -496 329 193 501 226 340 159 274 -16 211 -156 -63 554 332 18 -127 68 -1309 261 199 -482 80 -710 -61 328 -361 118 223 729 31 -1329 -337 845 ]
[-511 87 -593 -33 -650 158 -112 -235 315 -296 466 164 153 192 -456 1094 -655 194 37 176 -206 486 247 -871 388 -299 -332 -81 -713 -112 -1004 -219 -266 517 -191 719 190 12 -455 170 -625 -204 335 8 496 194 420 173 -53 -38 -134 -53 98 64 62 18 -81 442 -143 507 1322 -73 -454 291 23 436 -80 34 -47 -664 272 -87 444 267 449 -205 -217 137 -119 63 -156 490 110 64 -282 -307 -354 -271 -273 534 319 356 -451 -330 -16 25 -490 192 16 -361 ]
[383 -263 1006 -82 182 1387 55 543 88 258 51 0 447 -136 -647 120 -442 58 712 90 465 424 -38 874 -102 855 -700 433 -34 -110 -61 -938 -329 541 107 239 45 -82 136 311 153 181 407 54 -178 779 107 -1101 86 898 15 638 -826 65 -144 -533 -221 -450 -330 -263 -474 1208 308 -912 -537 -282 -204 101 328 -132 466 179 -521 -133 229 -730 857 243 -222 -430 655 -93 -623 1125 -1191 194 185 284 24 -585 -506 -492 -18 76 -178 428 -253 -173 -537 589 ]
[538 91 429 42 887 -633 503 612 -277 -26 -344 -698 -37 213 417 7 -1281 -392 142 462 -345 615 -106 369 -34 -821 1600 -204 55 -554 -186 -651 339 -641 158 100 -810 416 -557 -109 -183 311 154 -748 775 -159 -539 -631 96 -217 965 364 -646 136 -200 699 165 234 171 -108 256 542 516 -901 963 -230 408 -1031 -319 -82 150 555 410 245 6 176 -230 625 -166 -163 244 -680 -279 -365 -123 509 -196 205 -1342 904 48 199 -703 -465 81 -97 421 92 430 1134 ]
[256 -472 -509 -701 -874 338 -442 -127 -618 -192 760 465 0 632 -1206 -691 -691 -572 189 620 171 389 522 -577 449 -137 -517 -323 -593 324 -813 -195 410 -254 -335 485 -6 1306 -40 134 -599 124 397 70 -247 425 132 184 -280 -106 -649 -295 398 1150 286 100 78 -224 476 263 1029 -863 793 420 -141 507 225 -225 -293 21 551 -228 171 110 -507 322 135 -81 -545 187 19 283 -440 42 -171 -757 331 -744 -154 -313 381 -224 -105 -116 -188 -341 81 -918 -533 -298 ]
[775 89 -93 -223 -1534 100 276 -199 -82 -11 796 -583 83 -296 -216 -205 -606 -211 154 201 486 -66 694 155 767 932 45 251 322 608 46 -187 51 907 -799 341 497 329 462 901 170 426 273 -36 -548 422 727 1306 -465 1088 -814 -270 109 -359 484 -454 -583 -438 378 164 -437 -561 -110 -237 -20 -138 2 839 156 -63 190 -882 -915 120 -352 -194 264 103 -88 -534 -513 159 -987 -82 -272 -351 287 56 138 -381 -88 57 -302 273 -310 27 34 -323 831 551 ]
[-42 -270 286 -359 893 -392 -365 -64 -7 109 -157 -560 -320 682 501 50 674 -63 193 -1308 73 626 -20 -348 -91 -567 -436 -168 -514 -61 1198 113 71 772 593 114 43 -466 505 -226 -290 710 -520 559 -70 -81 41 -396 120 811 -617 -145 -603 -697 199 -1 -63 -392 490 250 -804 110 -161 -70 -363 -489 -214 254 821 1127 -126 58 -301 152 270 -646 -353 408 194 195 245 -108 1110 69 -180 28 219 -177 191 67 159 244 -152 -335 -539 48 125 -665 330 127 ]
[278 338 78 124 601 -1372 -444 517 157 222 38 -9 -701 230 51 176 162 -135 -759 409 239 679 -452 552 -1126 -520 54 -301 528 117 759 21 -1129 -540 468 -805 311 174 352 -396 -385 114 719 360 337 -217 259 -931 666 281 44 -342 -159 -479 -246 -433 -272 -282 -592 382 631 839 -401 248 665 -113 -314 -179 489 335 323 717 463 679 294 -4 501 477 342 -357 -96 466 485 429 -752 -274 535 51 53 -214 309 -350 -427 279 433 -554 773 -164 455 116 ]
[544 -476 -195 -32 721 550 -717 145 -471 -907 -177 978 -134 508 411 662 626 477 -37 -1040 -286 101 -562 -1217 -204 -650 30 -426 -655 -53 184 -100 -593 300 770 133 -133 5 -42 -9 278 192 452 267 -71 -44 -249 -987 -258 -639 297 -1080 -29 686 -239 621 -67 -349 -180 46 705 279 -1068 -1083 -297 -643 63 -458 41 -483 -338 198 127 898 506 79 -33 -190 -160 394 323 -502 455 662 274 -704 495 -323 -96 -767 242 -465 -60 631 613 -82 493 579 -539 -522 ]
[-25 -1160 -234 -215 113 -573 198 -521 534 -607 -363 -397 -1420 -605 -343 573 -366 -258 859 5 529 386 -257 746 127 -695 -97 -61 -83 413 -257 649 -404 961 -687 322 790 615 354 -35 -695 142 74 -576 -512 101 762 -938 535 910 -858 43 -455 255 24 -193 -277 18 -260 428 146 -210 -68 394 481 375 164 -476 438 82 -800 -393 95 761 804 -114 799 297 548 291 -123 871 776 -275 23 130 767 248 519 736 149 146 -393 199 -26 36 -483 -157 -392 -115 ]
[-157 -55 -227 533 46 -599 354 252 -419 -209 -1091 -470 -241 -123 424 -772 316 -444 -822 204 -106 293 -483 -295 -37 -307 448 -125 83 -382 607 -219 41 -455 -9 -510 -250 -146 770 -227 279 -285 36 -447 316 -777 494 -599 189 -945 -374 -274 -266 -1109 359 252 -590 594 411 344 225 480 -80 756 545 -215 -97 361 -89 317 -256 -58 1031 144 86 -972 -175 106 253 -159 -251 655 -847 -611 944 161 -579 324 622 -87 -870 154 587 -512 -243 -706 247 -69 1038 146 ]
[100 -157 -827 -172 -81 532 -682 -608 -276 149 146 590 -599 -6 -306 -332 345 702 61 -862 236 365 699 -735 -1009 60 -69 -549 99 396 85 725 167 209 -205 -870 -100 306 395 -192 449 -228 94 85 -146 -152 -425 101 -350 -704 340 229 410 -123 403 -373 309 -90 359 351 812 -778 -60 217 470 62 -939 -56 -87 -75 -553 -232 89 473 54 346 294 -299 179 389 -187 730 -61 -79 352 161 241 -89 191 644 551 1267 -164 -278 -339 -288 -510 395 -299 -792 ]
[-443 146 199 351 100 -262 302 235 -125 -505 509 133 173 578 489 337 497 -367 -273 724 -1360 1075 -74 -565 1548 229 -95 -573 -462 849 -256 67 -129 -1 402 -429 -316 619 822 -84 -137 113 389 167 832 -747 1210 57 876 382 -479 -524 239 117 149 -399 -618 -911 -490 8 145 22 -147 37 -295 -960 -108 -54 -1081 -732 997 -336 -19 -752 -809 -250 353 -704 348 571 -132 -61 -77 240 138 -398 0 -267 603 -398 306 -612 901 -521 -591 -104 569 -431 -281 51 ]
[643 -269 -167 -657 396 915 81 17 382 -528 -25 745 125 -251 87 -567 -240 -454 205 207 -24 138 613 943 -134 -640 88 771 -693 173 -379 -159 405 -416 877 291 32 -926 -124 414 232 179 682 268 21 454 -683 -259 -1148 -577 1007 642 -105 -36 -403 -48 -373 1312 -320 -422 -648 253 -79 -508 167 59 -149 -266 56 405 359 -173 154 -867 -546 582 -357 433 -325 -542 615 -184 384 -249 -480 20 20 461 -675 -442 -328 -835 -234 369 -84 485 18 -218 677 232 ]
[161 157 197 -34 -27 -244 374 698 524 -16 -1147 203 563 -418 475 107 429 -351 -457 -138 -18 -277 -27 448 320 -156 1059 -203 932 -1192 109 42 374 189 -404 123 -188 -510 35 997 667 1183 175 118 329 -183 453 333 -262 109 -109 -514 109 16 -138 34 -99 362 -183 -101 -1133 -11 -254 -361 -40 -434 -109 -414 348 283 36 -704 -947 -172 -755 -235 -342 94 -180 390 -1134 -312 -430 -166 184 -125 29 579 -340 -270 -239 -248 94 -37 -284 287 -173 -271 -119 333 ]
[127 283 12 -551 379 -439 407 -697 86 -560 -312 96 -5 5 185 406 -849 -623 114 168 -59 456 -453 -537 652 162 267 70 39 76 -266 -1014 -662 -42 -1123 176 -256 870 976 -789 -366 191 705 -517 280 197 611 -521 332 -401 -1010 287 -585 117 143 -253 -683 -506 0 135 302 920 52 779 -59 70 179 159 8 -805 169 -137 -66 -182 -217 400 -60 -438 145 29 131 904 -46 -827 275 -558 517 -283 363 195 411 -480 228 228 1007 -627 244 -302 284 374 ]
[-99 191 -319 457 -671 -94 -160 96 1 21 406 404 53 -645 -666 364 -379 -106 -127 -239 -716 -481 243 248 -775 -692 -779 -724 434 13 895 -382 344 190 310 232 104 -176 -661 -334 -140 -288 143 -19 -471 -381 -877 -356 -442 -47 738 70 -114 -399 -915 389 639 352 415 174 798 -8 174 59 944 222 -562 276 -502 67 -530 -490 592 204 579 -13 428 -116 -364 -315 -560 589 -262 537 -361 75 41 -329 -357 564 -1124 434 742 -7 -409 -58 16 -105 -954 -440 ]
[434 -601 -56 -38 920 279 41 49 -120 195 -513 -587 -643 -81 932 430 583 272 8 336 82 239 -80 818 595 307 -757 -320 53 -29 -12 -25 -827 249 -42 59 252 764 -674 819 -286 527 140 492 -1114 -30 613 -694 1192 531 -74 22 -532 783 -32 227 -396 23 -27 154 -483 -43 86 -592 416 -236 -331 226 853 339 -687 -360 -400 273 57 -356 175 824 68 -71 -144 -31 898 395 -176 507 -429 178 -1682 -408 -239 -198 -455 455 80 130 9 -42 427 -484 ]
[672 -268 80 145 -1 805 -750 -617 -390 74 -741 -315 -262 -336 291 -149 287 559 168 -623 -615 338 233 -772 -643 -281 -782 -453 -284 575 701 -436 -186 61 311 -471 -48 70 -25 -84 11 536 -538 13 124 -533 -543 38 -166 -337 475 -246 -746 -642 -257 -107 637 -632 582 497 1416 -299 47 -256 442 -678 -20 509 -193 -548 -706 -411 206 -195 -217 83 -239 -40 -604 434 340 276 0 -204 541 -260 -670 -118 569 53 -204 -636 1166 -1030 -304 -17 507 -162 -196 236 ]
[-1195 278 -346 -92 -558 150 354 -3 -110 -190 -19 -556 442 -8 -39 693 447 -1169 -135 453 613 553 118 -491 230 -15 103 739 -268 -157 5 235 482 48 -792 852 -25 -444 699 -320 -246 -156 -208 242 731 728 -148 -157 -256 380 235 41 -421 -314 35 438 -263 -121 219 -734 -426 -22 592 979 0 364 -410 -350 -226 -4 -434 5 -31 -344 -847 -430 -641 -1 62 -16 -726 -46 298 -659 -21 -10 -787 -432 463 -282 149 -347 -906 304 503 155 15 -563 1023 801 ]
[-595 724 -373 -325 -986 -116 -1048 -643 1281 30 903 -421 -238 -643 -119 209 638 567 -664 218 131 18 996 -646 -273 -103 -791 790 -438 -14 -552 451 77 -430 -98 233 -246 -236 118 -772 -775 -209 -166 -455 -63 213 -165 460 144 257 132 439 111 -454 70 -170 -731 152 110 -400 699 -440 28 329 -115 -328 55 229 39 -557 122 -161 800 568 33 529 -709 302 153 -593 -514 231 25 -61 -406 93 502 -662 135 228 -196 67 76 240 373 1200 64 -452 460 -70 ]
[-465 39 48 10 -121 -724 124 154 244 -592 242 696 -870 -23 -8 -320 161 -169 -316 278 -290 861 183 300 -142 -361 -212 73 281 497 757 450 -77 166 -136 444 55 116 -126 -588 -320 325 131 -375 -392 -107 -331 -699 56 500 -489 -13 -1029 -471 719 -187 381 566 -17 330 -772 1181 -71 274 573 -207 -112 331 -397 741 340 406 489 47 -269 -154 -433 -118 563 525 120 -247 -162 -340 -806 273 -199 761 274 80 333 -499 549 -215 -342 315 317 327 108 701 ]
[750 516 -318 -853 -289 241 -198 230 -589 -163 -133 628 101 634 -1079 -810 -695 -1076 277 377 -92 -123 390 338 -355 55 84 37 -752 -87 27 -1140 -570 -256 -301 560 424 397 -814 395 -320 150 497 60 2 264 -457 49 -555 -445 442 780 52 -116 22 135 489 67 -167 -426 220 615 74 -43 -354 -460 397 669 -860 442 476 138 301 -173 -199 -130 763 568 -291 -539 693 -75 -44 567 -68 -32 -204 -448 -238 -552 -393 -137 -397 -285 -293 -185 703 -831 -68 -26 ]
[1417 31 -304 -284 -139 1675 -590 102 56 646 15 -416 -162 -191 413 211 119 -101 804 43 353 418 524 828 219 198 -263 -180 -280 -157 796 -537 -192 -628 -985 1178 497 161 218 483 38 877 556 -535 -273 247 131 16 207 39 -94 593 -578 110 -459 -44 378 -115 -455 -633 108 698 -390 221 -411 -491 -60 381 264 -63 -430 -757 -72 -604 -288 -16 394 -30 -462 -196 330 710 -178 -319 381 943 -518 244 -446 -51 -702 -169 1084 138 410 290 -182 58 115 135 ]
[-877 -92 -49 -318 -476 74 664 -72 -344 -448 151 -132 351 -160 162 413 18 -107 -59 270 -660 -608 550 -49 229 325 132 588 -1415 967 -84 -71 450 -187 -251 634 194 422 -150 282 -334 -550 -266 -561 -216 -118 181 -93 132 67 -84 381 444 -43 -147 -532 -87 76 585 -115 625 -22 -216 475 1103 77 651 332 -521 -931 49 21 -3 -317 -324 -409 -536 -636 276 -217 -73 371 -918 372 455 149 -534 -13 89 348 -338 -706 168 -386 -560 839 195 -476 19 -19 ]
[556 612 397 -54 -422 477 -341 287 279 126 -152 -328 -646 -248 -360 -502 243 221 -163 -824 400 -299 477 -404 -88 250 -452 -256 -886 312 83 -549 -551 10 128 -445 -172 262 473 -471 -289 -282 -29 -93 32 -436 -141 -268 -158 -126 -94 735 228 154 -664 -79 -701 -58 -506 -470 -97 211 -132 -436 -480 -493 -290 -138 -414 -392 92 -295 121 -231 706 850 508 -137 302 390 -338 -227 285 983 40 -867 1005 -476 26 -223 -270 -786 412 211 449 501 680 -168 -887 183 ]
[-179 58 53 -662 44 557 -40 -44 443 284 -570 -329 -287 239 -137 -1125 777 57 -593 -799 740 -171 701 1365 -188 142 152 266 -166 46 -83 -509 64 -83 273 -265 581 -914 -93 -320 603 -350 -590 109 280 -413 82 187 -284 169 -234 1104 -334 -929 -169 -46 -61 361 -428 -617 -907 170 243 -285 -180 -112 -142 505 53 701 -424 309 175 -474 308 393 388 907 -28 -235 202 -239 446 -539 209 535 761 190 431 -378 317 -398 -131 -161 -919 221 147 141 -453 144 ]
[456 843 -254 -401 -1005 58 284 41 -330 473 877 380 460 -165 407 191 -161 -375 237 558 21 -808 -273 255 -15 702 -423 550 267 417 241 229 -104 205 -278 533 -472 75 -363 360 41 -305 798 829 -798 414 -289 1155 -933 209 -346 -815 18 -209 655 -1008 816 -139 123 347 -583 551 -522 274 699 405 275 1086 -859 104 309 -403 -881 -474 -969 -507 147 -404 45 -689 -160 -493 -658 246 -1046 411 -125 -98 136 -1127 370 -558 -607 215 395 -510 -297 -90 797 438 ]
[375 435 -593 82 -1025 164 -907 804 -237 19 -31 -208 -834 -319 166 769 -99 -261 -531 -1 -1298 -68 289 -360 466 33 690 -638 -676 -322 -135 255 367 140 -32 776 -195 251 153 -204 116 3 181 101 -288 -780 231 957 107 536 246 -777 533 896 -691 150 -649 -133 -765 -101 -452 -458 -392 -563 -889 -181 208 -634 -761 -13 -460 515 -242 -113 -210 628 177 -578 -600 471 376 -114 -293 89 328 -601 -692 -216 796 18 15 417 957 -241 -5 693 176 189 54 -354 ]
[505 -223 -1142 -125 375 -811 674 -398 537 -312 -181 395 -438 -864 451 652 80 -934 -106 411 -1369 318 362 531 136 87 -341 340 470 527 18 766 265 -112 -385 161 503 -362 491 -292 -232 203 -166 48 -732 -95 -611 52 160 417 -695 733 -602 -443 118 -361 499 193 980 -296 117 308 467 977 925 -491 92 830 34 306 124 -269 169 28 -1052 134 -447 -110 455 194 -112 368 644 -827 -368 615 -424 -368 535 225 -144 -661 1421 379 -382 552 -76 13 -69 713 ]
[-198 95 227 -273 -329 287 152 352 -91 1221 859 479 751 3 -457 -15 -315 -986 48 358 509 -113 16 968 -256 369 -332 759 932 403 -184 -309 -796 -1230 -346 -288 174 353 543 4 710 100 -154 -359 587 400 251 250 -425 -494 -220 -143 -290 637 604 297 1377 -339 818 665 957 916 697 481 -352 140 -820 271 -827 -749 367 -338 -527 157 78 -605 326 336 -92 -798 -648 885 -414 -647 -736 739 -273 220 844 -617 220 -44 345 241 501 -1061 -334 506 -188 79 ]
[-16 -2 39 -179 -329 460 865 -224 181 110 83 -342 25 -520 -291 71 -878 31 768 105 351 310 -3 193 -94 94 -533 -227 693 396 -334 -94 424 932 -884 740 142 297 -283 -377 -454 962 592 -60 206 238 -500 25 65 -28 448 427 -612 138 -68 -1089 -75 270 246 222 -20 -112 6 945 36 284 337 394 1228 74 1137 230 132 68 16 -724 -605 -323 -12 -160 526 335 -418 -235 -666 599 -29 757 -414 665 560 823 -186 -1008 -671 -330 -78 606 711 34 ]
[-975 393 -20 30 -853 207 313 43 147 -1006 -459 152 -14 221 473 -541 487 -145 -182 1138 -248 -441 -397 -181 775 736 -174 -217 -366 375 -325 473 3 -161 -113 34 -48 163 938 -962 -743 1038 -254 -308 -515 156 417 -733 1169 -406 -336 690 466 -381 123 -876 792 927 -173 73 -408 896 -279 986 -340 -432 559 832 -38 320 747 45 -28 -428 -437 -380 -419 -994 -393 266 -58 167 -165 -277 274 -127 -220 888 353 -61 957 -423 546 -697 -191 -253 380 283 451 -65 ]
[333 -129 -71 857 -118 -713 461 -442 77 -356 286 -370 822 -133 376 -9 -483 83 540 185 -387 382 -379 318 430 167 807 277 1169 -512 -525 827 872 -140 337 -163 -1223 158 359 158 646 -297 239 576 149 123 -79 845 122 -615 128 -746 -230 14 328 28 18 207 551 386 170 453 780 280 264 0 880 98 -159 -81 1055 -183 503 -96 -880 -407 -349 -234 -884 -312 760 -320 -1034 -423 -554 -47 139 -8 -109 -72 302 -133 405 111 208 -521 -155 114 716 836 ]
[622 -1230 972 40 942 604 75 860 -108 -393 -472 119 225 -401 61 15 -524 -764 36 -330 -151 -161 -181 539 219 254 691 -270 -265 459 -100 -259 -44 -163 -461 -261 512 -266 176 719 482 677 542 -107 397 -267 -149 -161 -734 294 663 -5 -147 67 -352 658 -782 492 -257 166 -438 -498 -47 344 -234 -378 -155 -857 -52 663 248 -553 -133 -323 -815 -57 -102 239 -390 412 -111 -412 -95 326 -172 14 180 464 22 610 -306 -207 456 679 -43 671 740 307 -495 757 ]
[-491 601 -891 191 -429 -986 437 1329 -471 -455 -419 248 399 598 378 307 -554 -1350 -701 734 -478 1150 -317 202 -160 -740 1205 285 68 -82 5 377 47 -56 -430 654 409 -378 325 -441 192 61 379 81 402 -201 356 -447 -154 23 438 -195 342 83 -73 343 -104 419 32 -111 316 751 -210 137 590 363 1036 -796 -460 -312 399 876 418 -2 -434 -737 -196 189 25 -67 161 -309 60 -668 -242 -321 -660 73 321 -414 377 -112 -587 -131 -70 -87 249 -103 810 424 ]
[-181 -1043 -1160 5 -277 26 293 -516 -693 -183 624 -324 120 103 -511 57 -576 929 94 -922 -462 -574 1260 -9 -175 -188 733 -501 -168 -358 419 895 -163 973 -714 -392 197 787 8 -134 281 473 -728 -653 -212 -631 512 44 610 1165 -433 229 703 -155 -238 94 109 -392 -375 -90 -54 -19 75 -692 830 274 637 -348 -526 -897 -1417 260 -997 438 478 1234 937 -154 -289 790 170 -111 230 104 533 87 -92 421 583 921 -37 783 25 625 -319 -174 -55 -64 -861 -376 ]
[656 521 -528 -71 -358 -825 -179 -174 -836 -205 900 237 126 35 -464 434 -125 78 747 173 -882 -225 69 -239 -287 123 -204 -31 122 201 -7 -26 -299 298 700 611 -568 678 -734 -190 -109 -394 81 304 -277 594 -810 -301 269 988 -200 -729 9 -211 33 -635 1116 -580 -640 226 -365 313 -595 -500 -151 502 625 517 164 388 569 519 -398 123 527 433 888 -507 406 -240 296 -36 -547 144 50 -384 -318 187 342 75 -222 -749 403 -300 -102 40 659 728 -870 -134 ]
[7 271 13 -624 782 -897 -84 -883 -167 127 -692 992 -809 -163 359 379 90 463 274 203 52 -427 -674 1048 -306 395 343 -523 907 231 -215 33 -223 -158 597 -86 -214 221 -1176 100 154 464 -425 112 -164 375 -512 -70 -265 -682 81 -680 -120 392 616 -372 1043 -253 -166 677 -655 88 -810 -16 88 77 745 468 812 614 153 44 107 605 341 858 -16 -529 727 42 -98 6 -460 -638 -399 93 -242 600 -172 69 626 -644 15 -423 295 -578 135 960 -8 277 ]
[-213 -214 -230 68 -440 -19 316 -369 730 -93 571 -33 651 218 -815 291 294 349 -49 259 -57 20 -174 54 610 326 79 -418 -38 70 -936 586 711 627 -91 -44 -979 490 -80 912 -25 383 -472 434 148 584 1060 803 177 238 -456 -216 661 92 -32 -907 -391 -273 200 640 -63 -610 240 -880 651 573 -90 -23 -114 -144 -630 -170 -877 -249 -316 504 299 219 -389 -273 -399 -43 52 3 -19 263 166 -96 -401 110 106 313 -805 4 186 233 -831 -399 -129 -546 ]
[-958 854 48 -992 246 -331 650 834 -637 -650 239 -78 329 826 806 -840 4 -351 91 -10 515 -660 80 -500 -66 -169 -5 493 -712 460 284 -349 -172 -184 280 38 -76 -38 93 -408 124 -252 -496 -185 -253 -118 -390 -304 -693 -630 40 342 714 -62 518 846 -579 675 847 -533 -289 463 140 152 117 -427 358 -189 -448 -128 186 135 710 569 -455 -344 -1047 615 170 279 182 -869 9 -410 -454 -125 258 -65 -290 -562 -390 318 -699 444 -410 -16 172 -288 603 923 ]
[356 -536 19 -35 -71 945 -78 -494 -67 83 266 125 -230 217 -490 134 82 446 -338 -174 -351 -770 501 137 248 246 324 -501 174 -372 -81 288 -172 -177 417 -458 349 -408 -421 217 -63 -412 -350 348 469 -1009 -310 1244 183 799 150 14 -539 -688 -55 372 -56 -38 -219 -38 245 -1447 -6 491 72 -943 -434 344 -56 -288 113 190 -395 9 -292 1035 252 -17 -546 877 81 -462 -103 98 439 -62 142 25 378 787 173 399 656 252 -715 -806 296 1060 121 -30 ]
[36 53 302 -313 618 -701 332 -90 51 -189 478 317 94 155 -573 281 405 727 1003 484 92 -142 217 625 -602 434 -949 -157 878 517 234 770 244 -5 15 -557 -9 109 340 542 327 353 -665 376 -7 -416 -493 -117 922 843 488 192 -574 -307 425 -372 -514 257 1097 -46 -51 -469 312 -628 478 -198 65 124 26 360 496 -616 -401 -639 -1249 -281 24 -332 -235 -80 52 -26 85 161 327 641 954 236 -522 37 -68 -492 115 715 -680 965 1147 216 71 -19 ]
[-152 -734 245 476 1299 -341 487 332 -508 -473 -435 -288 -211 397 -200 -859 -721 -323 825 280 32 199 -316 764 422 514 526 -62 8 105 350 -776 227 -269 -413 -619 581 507 1475 6 -255 50 -246 -310 76 -753 560 -928 1034 43 -393 229 -58 438 -13 263 -633 625 330 72 -121 129 482 261 -239 217 -234 -670 -420 158 -130 -744 504 165 -271 -471 -179 -245 -28 290 238 264 234 178 1078 -198 -218 594 74 1041 -449 12 513 -143 -310 -415 326 -301 -388 -102 ]
]
