[[18 66 139 -398 154 -120 132 -439 803 -535 -586 383 241 -130 -159 -175 -298 291 -74 353 561 180 29 -158 44 205 158 81 2 -267 -443 264 61 -229 140 373 -38 162 353 1 171 -649 -411 -446 516 511 -404 106 572 -324 271 241 412 112 -60 440 127 513 301 158 -359 198 -299 -136 375 471 20 -426 57 214 190 460 43 -697 -150 -244 369 99 48 777 79 368 806 71 557 296 1231 7 -368 -195 -69 492 289 428 -210 361 246 -323 86 60 ]
[236 -119 417 -179 -276 -209 419 178 -578 -320 -528 348 -842 -131 -46 40 487 -227 45 41 -369 340 482 143 -601 172 -391 638 5 -6 -172 300 3 -283 -191 143 380 280 -448 18 -92 -332 210 -184 228 1059 -293 -230 255 -253 -159 96 -166 -76 -93 675 -131 832 -700 -177 -97 365 -271 290 502 -92 -54 -451 300 462 -449 -559 189 -507 15 -720 743 -85 -6 -23 256 133 519 198 426 666 854 11 227 64 118 689 -540 88 -124 -127 -563 -524 2 -28 ]
[27 -860 17 -551 -118 -410 -407 48 156 78 -362 47 268 132 -234 163 -100 184 14 -117 -405 -111 222 -447 -489 96 355 -448 650 -321 -240 -580 -36 -152 216 607 -682 325 343 -193 261 316 -191 376 884 68 -421 -431 548 13 638 263 -278 315 743 506 -248 -266 663 404 158 119 87 -117 436 -591 -30 115 -415 222 673 176 112 509 379 966 -14 -130 -14 -450 12 205 157 434 39 3 -355 731 55 -37 98 13 176 -92 168 -101 110 312 -84 -452 ]
[-8 -408 -357 149 498 -612 62 -449 565 500 -208 -906 398 472 -99 385 238 -131 -535 -696 240 -490 127 -355 106 110 327 -342 -359 -242 672 -646 -25 725 373 -36 -454 318 543 -612 85 268 -192 157 714 -704 71 -361 -30 579 657 275 -42 155 64 88 -72 -582 669 -139 191 975 737 162 366 -606 233 109 715 688 108 536 236 373 49 783 -201 -389 -74 -473 -252 -217 238 -159 156 -485 -506 142 288 291 380 -711 374 436 -167 61 760 64 106 -141 ]
[-652 187 895 -10 -158 -351 -56 -600 -318 436 -601 -566 -487 32 356 -328 1080 -232 -75 -56 1 -693 656 639 405 -263 -148 332 227 55 26 578 875 319 304 -268 301 -55 -142 86 262 30 724 264 -236 140 302 -242 -1 112 61 -195 -402 -598 -328 175 -451 628 -121 -244 356 402 601 508 288 -157 -145 -271 471 16 -1209 -396 284 168 -242 -67 221 -47 -290 -270 -171 -239 698 -218 23 -38 79 321 -320 136 -455 -151 -1052 -4 249 -108 -247 -403 -372 -83 ]
[-338 317 243 554 99 -809 -227 -746 129 147 -792 72 67 -237 -506 -106 -208 -88 -38 86 433 -240 47 -515 151 -244 91 -223 8 -121 -459 1003 542 192 882 -41 -139 -831 453 -313 -251 -136 -58 -496 364 145 100 -466 621 347 194 87 -14 -68 -594 464 126 -155 746 547 -18 122 568 285 -347 -94 -502 -488 442 333 -78 -19 474 -414 -468 629 -94 173 -459 427 -314 -12 838 64 329 423 302 676 -195 115 -266 208 85 36 -43 161 989 -1020 154 -363 ]
[575 -145 -250 198 661 64 103 -22 630 -66 48 4 207 427 -198 1048 -545 -95 100 -1073 -209 -129 -230 -523 -934 -218 559 -259 -329 -568 504 -893 263 58 -50 -355 138 -31 -211 244 60 -57 28 348 -214 -49 52 262 465 -204 555 451 137 401 -309 589 42 22 -218 -29 542 171 470 -83 -250 -602 -430 110 -87 97 952 66 328 -203 -126 291 -214 303 -424 11 -520 409 -133 9 344 -380 -369 724 -96 104 -43 -580 698 120 0 157 226 -106 -260 -179 ]
[-431 1063 -181 20 355 758 -194 -295 303 -163 514 69 504 -634 -356 188 -132 -273 528 -91 -205 -166 -109 676 -189 -625 74 -336 35 -179 -669 -34 401 -188 -529 -680 -159 111 36 544 848 -507 -61 -55 -718 -452 591 607 -36 -387 -114 364 471 -119 -450 -506 349 124 148 -276 599 -180 29 219 -99 -12 -367 -56 106 -1140 -350 431 -106 554 98 58 -365 -220 -321 193 233 -796 245 -514 -301 -183 -221 411 -60 -1010 -514 100 -79 -161 433 289 -347 91 -495 907 ]
[-316 -540 409 -477 91 -493 -552 -535 421 -668 -269 -378 182 677 173 -240 562 -320 -742 -7 630 473 8 -853 368 31 700 37 7 -238 -463 -409 378 888 199 -186 227 -287 314 -589 -3 -93 227 285 236 -247 -691 -4 -1 -124 201 -595 -168 -161 -11 434 -244 -267 -61 -244 -213 623 -57 -643 -317 599 -103 107 208 164 387 295 11 -282 -240 -82 67 376 190 -94 25 345 76 345 649 -75 225 241 -167 493 64 -350 247 -209 -15 180 61 367 574 -962 ]
[630 948 -790 92 103 547 97 189 806 -170 440 666 755 -515 5 209 -770 -428 517 -196 203 84 -507 -250 35 -358 21 -797 258 -459 -672 99 -77 -1238 187 18 -639 -155 -369 411 -497 18 -681 -348 -118 174 232 393 619 716 325 1237 861 1010 -107 83 552 -37 315 819 42 -826 471 -171 -530 242 -515 -598 -148 -712 669 -251 285 -438 131 392 -187 280 -92 281 -474 -171 -184 171 -483 15 -19 223 17 61 -112 48 644 94 -225 143 438 73 -28 228 ]
[511 50 -73 -434 -257 73 239 316 -895 -93 111 19 6 584 295 270 71 -339 511 521 -1068 290 490 -402 -959 29 -670 -60 486 -380 -556 -687 375 -822 -143 151 -274 -136 -558 696 134 -226 -553 174 202 583 257 -253 811 -92 544 932 245 49 185 167 -349 356 -769 642 -26 -516 180 165 77 -189 -125 -259 -321 -601 167 -487 465 -452 450 -150 351 -540 -89 -90 36 138 -249 -40 -620 -286 91 1144 648 95 -821 384 215 -376 335 -617 -1062 -20 -314 -421 ]
[-328 -191 324 380 -224 -1298 -555 463 -412 222 -60 707 -305 -1188 -719 -401 86 287 149 262 -57 -37 -387 4 186 258 61 113 414 -276 38 355 163 -402 -148 300 248 -39 312 -123 -36 119 143 -637 501 231 -302 -242 140 -479 -769 -1426 -174 -372 909 -166 -13 -98 492 138 -368 -313 -149 -337 -797 190 -475 92 -543 75 747 291 -770 914 -64 614 -102 279 357 -132 246 -98 -145 796 -337 758 352 127 -77 -811 583 688 -377 -455 629 593 94 96 7 39 ]
[-304 -1020 544 -572 -435 780 -650 -740 822 379 -323 -308 -366 191 142 328 -247 1143 -147 -568 -111 -558 581 288 247 -542 853 -180 380 18 228 -470 -447 155 62 86 -105 153 29 296 750 239 540 806 -127 236 -332 437 -265 -67 517 123 -465 82 -29 248 141 290 197 130 -77 838 -367 -173 576 -508 -306 -218 -875 72 488 1056 -1 457 -420 474 -619 365 -488 -114 -101 443 370 7 470 -337 -406 -323 -1031 309 -66 -515 453 627 107 857 -55 457 -641 -388 ]
[570 -108 -285 -379 -12 -118 35 -230 1277 -868 -675 441 507 230 -929 857 -328 16 358 -72 165 381 -414 -602 -34 -33 823 -179 -219 544 -378 -300 -436 81 -426 306 -201 352 536 -618 -181 -128 -478 -276 278 -122 -332 227 383 -560 345 91 -719 950 -316 -6 476 -718 401 -69 607 731 -141 -115 378 -356 11 617 283 239 190 -36 100 95 -65 363 287 221 -25 702 -77 410 665 -351 770 507 -222 43 -170 263 569 245 193 355 33 -444 478 -74 336 -132 ]
[-329 -384 727 -175 648 -411 -242 -1051 -260 273 264 30 -270 576 799 -510 158 -114 -142 559 146 -26 -115 176 651 -78 -381 28 -231 31 705 392 470 241 1282 -57 515 -198 -753 325 385 -332 -1 199 -491 157 -49 -387 419 111 248 233 85 -160 -184 65 -9 363 110 -101 -567 -396 899 -50 73 95 192 -793 -5 421 -419 38 73 -1365 400 77 -53 361 -412 102 -191 356 277 294 306 -345 662 161 -335 210 -208 -620 -187 53 -519 443 539 -440 265 -213 ]
[28 -391 -959 -65 387 1058 185 -501 379 -174 273 -881 12 -76 -722 447 -886 120 -766 -1394 183 163 24 -695 -1097 -295 489 -388 97 -487 87 -497 -332 957 -276 66 -798 325 189 -440 294 227 206 456 -202 -1031 -417 16 -602 -61 19 369 138 -321 505 46 549 -423 500 -212 500 727 -241 736 921 -583 403 407 22 -189 429 998 195 624 -119 -92 -778 -556 320 -623 128 44 -172 -563 218 -15 -493 207 -42 -997 67 -521 668 -138 -612 90 675 222 186 546 ]
[425 30 -389 213 434 45 -333 338 764 -805 -38 1664 10 -60 -605 510 -590 -488 282 -321 -150 564 -1011 -237 -654 150 389 -579 -675 120 -383 574 -387 -654 -165 -364 210 -134 118 -135 -230 -542 29 -160 -160 395 478 370 217 -103 286 -113 -206 778 -473 128 415 -59 -387 -374 564 -613 95 -208 44 -499 -1026 182 619 488 -147 -173 8 -383 11 329 127 770 -629 285 185 -220 183 -255 1184 67 -171 94 -360 -202 368 377 761 164 -178 -206 175 -67 191 -148 ]
[1093 789 -675 352 -790 -148 988 254 -860 372 412 -140 -167 -581 250 -166 -325 -83 169 147 -79 -221 -66 50 209 281 -619 338 -209 455 461 470 -114 -378 -121 276 -86 172 -548 44 -1198 860 -653 -1050 -4 417 109 2 -330 122 -703 -283 -428 -299 1038 -593 493 -238 -930 98 -831 -880 733 202 -1340 736 378 334 115 -277 30 -1272 122 -572 -38 -1099 340 -38 652 187 -756 459 -369 186 -1158 419 479 -701 785 529 405 597 -344 -162 169 -551 325 -17 397 -503 ]
[43 371 -333 480 -333 347 -39 -538 -78 -5 75 -138 -105 1216 264 -118 -494 -702 120 521 -143 218 -121 -413 -146 -226 364 -150 -17 695 -77 -395 -416 102 -164 -131 651 -505 210 -819 -640 550 93 195 -675 -569 194 162 -495 -533 -30 -439 -470 -511 27 -784 173 -630 -1073 11 94 -889 32 87 -716 -84 -401 397 194 -667 -349 -303 239 -81 -334 -620 -197 399 -140 269 -515 429 -588 -885 -355 -195 -954 -127 -147 386 -588 329 1300 197 26 -1021 -371 744 319 -777 ]
[13 303 -21 37 566 -315 -184 -315 -516 34 -842 -743 319 512 415 -362 418 -87 -158 -412 28 -706 637 -183 -994 -29 1066 150 93 38 -151 -618 658 835 373 -346 51 -100 391 -805 153 -119 720 375 434 -352 -237 -30 206 -795 386 136 -229 -20 292 822 -675 66 -706 -438 424 66 743 430 106 -360 -564 -175 585 -224 244 -636 480 17 -262 -264 381 166 -212 -49 -893 184 393 -297 658 -164 -94 755 200 195 -813 -144 -182 550 111 -756 77 126 -137 -874 ]
[85 -248 -330 -643 -543 217 -853 -913 -499 -327 -169 -951 -25 431 541 -322 435 36 -17 328 557 38 -405 -271 1149 -908 133 13 -163 32 -618 436 408 495 223 -467 -365 -1052 -116 358 -56 -338 256 154 -742 -830 826 280 -519 744 262 -354 -796 250 -308 -1102 -4 -840 -616 49 -388 599 1245 34 -107 72 -675 416 36 -568 -269 203 484 376 -605 -3 -835 159 -329 446 -562 343 63 -552 -94 -1211 -279 -29 -621 930 -157 -646 294 -402 74 -80 261 554 216 -1356 ]
[-336 434 230 -13 460 -894 -429 -678 -1397 82 501 266 -685 0 175 -357 445 -315 290 246 -171 468 -164 403 -530 -303 211 502 -331 -273 -161 -435 368 296 497 -705 520 -264 -500 -211 293 -650 166 508 193 23 221 -627 839 -243 213 -514 -139 -47 -1 -208 -71 -5 -632 -375 98 -311 485 -428 -384 -361 -905 -499 520 -43 -60 -262 681 8 248 -50 252 42 -169 -281 -5 -208 -123 348 339 -467 499 606 -54 -162 -96 -55 422 -260 -157 -147 -200 254 -113 -404 ]
[172 -79 -30 6 -645 -1079 -181 -599 413 159 -695 -548 -537 67 86 15 247 -792 -50 -836 0 -275 460 -622 32 -286 210 -177 747 -1055 -182 544 406 -457 156 543 -351 -688 49 -252 -702 887 798 74 35 385 -397 -431 351 459 190 -893 -289 -730 244 816 -679 355 142 392 297 -260 727 -62 -252 -290 -1168 -609 7 108 -298 -544 394 761 -651 -15 -148 -206 68 -817 -272 666 469 621 -346 95 39 693 -737 -170 156 206 613 -192 1 -98 673 503 -59 -938 ]
[-386 -269 325 -417 -410 -312 137 -506 271 -466 -211 -71 -222 576 332 -226 15 -707 207 -583 -88 762 -122 -361 -848 -579 297 464 470 -616 -353 386 521 322 171 -76 198 -510 -184 -401 295 12 454 613 89 251 -219 -902 1031 -282 -100 -665 -344 -292 -478 1110 -764 164 15 -306 410 -235 -626 76 421 -344 -174 72 -43 270 -658 -840 1145 -442 103 -548 263 -189 -1082 -139 -44 262 644 302 481 152 450 903 -431 175 -27 -38 97 -504 -791 -531 44 -436 195 -331 ]
[246 -502 214 85 309 745 706 44 -205 -132 -920 134 -532 259 -549 436 -445 -304 -717 -238 -157 -50 1052 -225 -984 -44 311 276 -712 338 226 -1326 -150 950 -604 50 251 504 649 -277 -80 16 812 296 464 423 -558 359 -588 -217 666 593 212 137 -636 1254 -5 3 -673 -374 207 1048 -753 240 79 -875 452 -240 200 560 609 -232 19 -426 -491 -512 539 369 -320 382 -96 273 -75 1 820 741 -326 -218 578 838 -270 592 318 468 192 192 -319 -123 683 -189 ]
[-247 -329 244 348 -624 657 166 -890 338 -113 -422 102 283 -19 172 63 -564 -407 601 354 -1098 -399 10 226 189 -36 -100 -5 210 744 212 -112 -393 -79 -484 440 -474 78 195 -102 638 126 -238 -52 -587 -176 -129 -12 -555 -1030 106 126 -643 -261 122 -546 184 -74 -33 -871 86 -79 -359 250 633 -938 217 73 -797 -258 -1036 -180 -11 586 395 -400 193 -631 -897 189 104 285 621 -378 -225 41 -516 -386 -233 -234 665 879 122 81 295 -332 -188 379 -229 246 ]
[-427 639 518 510 176 264 -650 -726 -20 -550 190 202 737 -115 169 -630 13 -472 -251 -511 588 -22 -805 -309 1200 138 398 -275 152 -532 -736 610 1068 39 -249 -541 121 -256 -196 198 -419 90 43 -418 -935 -470 151 490 -263 314 -103 155 -284 -92 510 -485 601 474 144 -117 93 -141 973 14 -932 663 -307 304 23 -761 -94 -473 -270 421 -297 260 -302 311 287 113 -362 -409 -290 -312 44 -371 179 517 -231 -505 -315 -231 -1034 -1193 572 91 -266 -80 133 73 ]
[-338 901 146 594 -466 -277 544 851 370 314 -62 -16 -269 -764 -387 -710 422 -99 -284 213 549 -69 629 155 -397 -30 -642 501 655 -273 -9 1101 700 -912 -104 347 719 426 161 32 144 -23 14 -278 120 511 -273 -377 418 -409 -1155 -756 682 -1426 205 119 -263 673 42 38 -194 -220 -1036 447 320 647 160 -809 632 -315 -220 553 -178 -226 28 -472 179 -103 420 134 153 -754 931 -231 -245 801 859 -277 549 -549 -267 697 -111 191 -301 12 -424 -409 -509 1011 ]
[-450 -1078 114 -215 401 284 -183 -574 -714 681 436 -360 -428 714 -45 -18 -452 623 -381 -633 -424 -270 23 224 556 -217 80 -652 -343 145 818 -429 59 1260 778 -102 -55 -454 -191 168 597 867 688 341 445 -232 290 -570 -360 589 28 -172 -455 21 -112 253 140 -610 1022 114 -231 504 512 115 -30 -679 418 199 -863 600 -152 3 299 -600 -91 700 -246 -701 -124 -391 49 87 -541 -28 79 -52 -683 -4 207 81 56 -839 -153 -259 -227 748 290 -601 144 130 ]
[-178 325 -82 485 -525 556 -136 -471 -674 893 -107 -419 260 -1140 261 -161 -85 59 -76 999 233 -394 771 173 25 -422 -1066 58 513 177 -587 967 241 -465 734 28 -1002 -793 -141 487 -101 -76 -863 -187 -457 260 98 572 -222 114 -179 1511 410 74 346 -115 475 492 -560 269 -586 -721 239 688 -440 575 362 -597 -163 -855 311 -142 568 -595 65 -241 -522 -239 -427 296 -529 -225 479 -201 -795 -253 237 -128 184 491 -687 322 -578 -31 185 71 -58 -775 -360 -98 ]
[-225 -213 -706 254 -612 -204 207 577 539 340 -74 208 -256 -735 -966 -181 -303 91 310 -141 -256 -383 -1112 -62 49 98 -249 -721 119 599 413 394 330 -346 -47 817 -418 -81 126 -546 -470 517 -47 -186 649 -758 583 -580 -122 20 -360 -605 -150 226 -89 -747 320 -1221 885 317 1049 5 -4 351 198 -321 293 1246 -698 132 -403 -177 217 542 -30 1160 -132 -21 -80 203 4 -685 -223 -569 -218 483 -1022 125 -408 -10 513 -77 -123 -488 -138 -272 -56 12 -514 835 ]
[212 994 -434 -26 -663 522 56 -782 74 -404 266 234 63 -881 -80 -724 -423 109 -5 360 28 -283 -456 -433 621 -87 39 -504 -124 1026 -524 992 5 -566 -203 9 -1005 -208 -88 -7 -843 -404 36 -417 -614 -63 309 5 -211 472 58 390 106 98 -622 -447 847 -419 -239 150 382 -1213 13 -221 -330 60 -290 -732 -39 -428 -498 -367 330 -272 -61 236 -184 462 -336 -262 168 -368 -453 -67 54 277 -555 -323 -613 4 392 -1 211 -227 39 -282 1037 479 670 -263 ]
[361 463 -39 -542 541 456 -88 -693 -75 -347 -158 213 -832 441 343 187 -569 -32 815 -48 -14 117 423 1012 -384 8 -243 518 -210 108 -9 -52 -760 -227 -694 -41 545 252 -489 653 277 -606 418 182 -1075 884 308 643 -109 -440 191 407 91 -193 -290 39 -40 1214 -782 -678 -277 -415 314 -172 453 -130 -495 -741 216 -299 -553 51 432 -229 -448 -814 -293 314 -177 -100 -12 515 147 227 -211 -133 379 -686 -511 -439 254 130 451 704 215 471 9 90 92 -493 ]
[515 -10 188 -27 255 -103 -288 704 -872 -631 838 266 -379 263 -93 324 -205 30 120 -440 -1003 387 -318 150 -703 35 -263 -613 -854 470 15 563 -332 378 311 -239 773 -9 -653 -456 -631 486 150 -205 -444 376 -442 -420 -153 -124 -344 -296 -1145 -530 -1213 765 176 -455 -164 -378 411 -977 72 -413 -393 -73 49 395 322 972 -326 -842 -474 -549 888 187 255 110 692 -325 1146 -183 -417 220 975 379 -529 10 793 -591 185 -317 -113 -981 -98 -73 133 -282 661 267 ]
[133 653 17 338 121 -327 445 375 -919 559 281 139 -363 264 596 -679 568 -122 206 -764 326 74 65 759 -150 638 -445 680 285 -285 529 175 357 -377 292 68 358 293 -416 -113 -536 109 361 616 -125 34 488 -811 381 1093 492 286 -97 -323 1021 -340 -590 869 -514 -15 -291 -518 678 266 214 -280 53 -139 1431 643 -114 -245 385 618 209 -32 -75 137 286 -883 -53 -923 -714 -386 -62 -508 -279 61 311 208 -19 -386 -253 -118 167 -389 -53 2 19 -78 ]
[-79 -375 -68 -515 642 -90 231 54 835 -23 583 282 268 1039 -160 491 -289 -512 573 -531 -939 321 -71 326 -238 244 399 -441 -289 132 396 -71 -719 -122 -425 132 -367 868 506 -456 987 626 234 8 156 -203 141 -353 -126 133 330 186 192 100 77 540 -621 -72 738 -655 229 -198 -87 -26 -100 1 695 251 449 208 -765 -496 -415 192 572 285 -487 631 -1122 -702 389 -798 387 176 242 342 -332 806 -6 -473 239 -427 -302 74 -8 178 625 134 355 187 ]
[343 283 -140 416 426 101 690 82 405 108 -168 -683 -670 -127 758 172 158 -1342 -299 -1014 -500 -85 -349 -93 -1370 210 -676 131 -227 -837 483 -27 149 12 79 -208 221 229 -1181 -652 -227 49 52 -98 -401 -538 37 -349 -743 158 -338 311 380 -600 -126 327 -413 215 -1317 -953 -702 -419 1070 642 211 311 -194 197 999 -235 -870 -769 287 -644 -127 -1488 -91 533 -579 -617 -561 -161 334 75 -26 -400 393 324 328 170 267 -281 180 -180 -358 -36 239 227 290 -95 ]
[-928 183 -34 126 -436 146 -530 119 -307 488 336 126 154 841 282 -360 200 32 517 140 -84 159 525 868 268 189 -58 -229 299 146 -425 330 162 806 -81 -339 260 -1035 605 15 197 830 -372 -191 382 -586 441 58 -243 -129 -134 -1040 -115 -515 729 -322 -566 158 376 -210 157 -494 -612 4 -1004 709 517 737 -445 -416 -831 -424 0 200 -13 192 -73 -709 10 -19 266 -641 -637 -63 -561 120 -245 -30 238 -24 -788 118 -340 -31 393 -163 -731 -311 -186 -81 ]
[41 118 252 35 -243 -248 262 -593 59 326 -108 -806 270 628 216 416 -195 -99 142 -329 -540 -810 362 222 -126 -136 258 -135 113 63 265 -1690 62 383 -468 9 -114 273 228 288 -26 568 124 508 224 -94 226 -89 424 -35 1357 940 -327 -651 -464 -360 -73 -186 336 705 894 275 388 19 -294 -910 -365 468 235 262 -22 819 133 1107 -321 691 -202 -23 -382 -315 249 -69 -198 -411 -480 -645 -1224 1150 -359 1 -932 -297 1315 427 640 -290 -593 766 -602 102 ]
[394 221 -6 -766 -421 921 196 -88 -233 224 343 268 -299 -304 -101 85 160 173 81 -1 -785 -508 732 87 250 -323 112 -211 245 649 531 731 -228 -1149 234 10 -468 560 -271 428 125 357 -55 -317 352 746 135 -70 -390 337 -410 44 -77 969 556 490 520 -185 -591 217 -539 -424 274 209 371 -353 102 -1282 0 -312 -86 -470 -486 -1014 490 -213 288 -146 -120 -546 -365 -160 163 462 10 1163 164 -317 368 125 347 193 -463 717 -12 12 889 2 481 -68 ]
[-571 -623 203 -120 264 -76 -491 -340 -98 -97 -247 -284 -18 664 33 -1023 -732 -108 -131 -583 -37 -276 -360 -705 -599 -142 683 -937 982 -163 -688 -433 504 1157 5 -68 594 -214 -147 -298 -148 1112 940 467 15 -330 79 33 189 -270 -162 -566 -396 -994 129 278 -390 -291 1132 646 1153 -764 88 555 -872 -350 85 903 -1135 -693 247 103 329 209 -201 759 -343 768 -358 -621 -344 374 -827 -177 -335 648 -1179 1268 -297 -539 -1169 -399 92 -838 23 -441 -118 -384 615 -418 ]
[1027 -515 101 435 3 -283 668 671 -64 -635 -802 -73 126 815 -303 1313 -98 -537 270 280 -1322 513 406 -783 -774 84 -440 -112 -343 382 -417 -570 -635 -21 -831 35 -236 58 -319 -33 -400 230 -840 -199 95 55 -608 -375 -27 75 431 1010 -62 -332 -1070 338 -539 357 2 -12 738 520 -584 472 676 -368 671 -154 -24 222 -262 -196 -212 141 790 -140 457 -273 -119 0 1112 508 72 -241 244 299 -255 660 673 -506 103 372 100 -304 424 -892 -69 -557 514 522 ]
[-452 -296 527 343 185 -906 -1082 -265 -685 -285 -104 41 178 193 429 -842 -181 -70 886 86 -924 733 36 -261 -110 488 -417 352 50 -50 -709 819 -294 -250 113 -179 234 -983 -280 125 130 -625 -707 -620 186 473 46 -276 -263 3 -300 -227 228 11 -408 488 -206 274 -244 24 -603 -443 -269 -166 97 254 -235 -384 -214 166 165 -87 -642 78 490 23 -395 -252 -625 -496 584 -809 130 713 474 598 316 549 463 -521 -154 464 -610 -347 792 414 122 -151 193 -586 ]
[606 151 49 198 398 301 641 -370 508 -567 65 299 -769 588 -252 560 -236 71 41 -211 43 625 118 -427 -180 285 -236 145 -1332 272 -161 14 387 825 163 73 965 -110 -103 192 -274 -163 -486 10 -313 503 345 373 27 111 640 -390 -360 177 -1215 -48 385 -278 -651 -320 318 64 -49 -214 -791 242 560 926 402 27 -346 -820 427 -1182 -407 -684 442 367 44 1059 83 -102 276 -435 468 39 66 53 334 1518 -402 -254 -333 -456 314 140 118 -556 141 -567 ]
[126 -724 220 -449 -265 29 -155 -134 458 -21 -311 -277 844 -635 325 -191 -411 210 -490 54 931 88 63 -333 803 141 183 -107 93 -551 -352 207 -628 -27 -232 526 -910 52 28 41 -523 266 -110 -77 -413 148 -894 581 -389 1052 29 513 -41 373 102 519 268 245 310 64 -1056 264 231 -649 328 551 42 -157 -692 618 845 -52 -317 553 99 -139 -250 -508 728 218 -430 878 377 525 -1 -443 279 -1206 -360 456 378 291 -475 -538 441 697 -42 533 451 -573 ]
[-721 563 742 131 822 -77 -22 -316 -245 325 -190 374 104 -379 36 -450 -99 223 96 -71 22 -404 336 689 -74 245 -40 279 78 519 -342 -236 -51 736 569 -15 -156 -343 810 -71 -25 -4 794 817 -1 308 -71 -133 -113 -177 317 324 389 -519 -379 588 -325 -148 636 -481 796 -378 -606 -231 -513 -504 234 221 481 1 -680 -737 770 45 78 -349 640 348 48 -831 -115 -202 -47 194 -33 410 -853 -203 42 -128 -172 551 -14 -73 102 -191 425 -168 236 30 ]
[-230 -314 466 -40 -399 -1217 -318 399 185 -135 -206 361 -127 324 -661 -245 556 542 -387 1236 -363 -278 -153 -1037 804 30 84 -456 580 117 -382 -242 502 -785 -291 505 -326 -614 660 -389 33 -244 517 80 431 121 -316 223 457 -544 100 -1097 418 -612 14 -177 -611 -325 -23 732 163 150 -684 -794 -564 636 -825 -112 -483 -351 12 224 -7 420 -582 589 251 539 282 302 136 392 -302 558 -208 -69 -97 291 -646 -162 -148 297 846 -90 341 -34 -729 828 -289 -638 ]
[419 -87 -129 281 -60 -321 351 579 509 -444 456 430 -267 1006 -777 515 -360 551 99 -260 201 207 -360 -1305 -701 13 791 -208 754 -3 -122 -324 -151 -427 -552 149 402 394 -165 -148 -564 577 -178 441 -119 93 338 -194 1090 37 291 -729 -230 -80 745 -120 235 198 187 1056 701 -320 -294 -171 -899 126 -86 397 -580 1 1348 734 334 188 -404 498 194 406 319 102 -586 1080 -633 -24 -660 213 -563 696 -519 48 133 -128 778 -248 275 -554 -43 -402 -267 -547 ]
[-459 358 441 -9 586 -388 -57 -155 -188 820 -461 -435 -492 471 -615 388 -280 667 169 1102 222 31 720 284 -138 117 380 390 -133 880 751 -416 -368 830 144 496 -180 445 110 -1005 -196 326 402 602 24 -629 -255 -408 245 -113 361 413 -267 259 -629 77 -29 -113 408 271 374 413 -413 503 664 -212 583 -217 614 623 -656 -39 -180 29 -362 428 -266 241 215 450 -351 246 271 90 402 416 -192 -182 -352 371 -478 -239 -558 484 1 -688 278 -388 321 118 ]
[-24 654 -140 374 276 -300 -534 4 742 59 -374 8 -165 4 -699 -164 -545 1043 -903 122 1006 187 -636 -711 778 357 720 -329 -204 -79 -229 878 119 29 563 97 -114 -666 540 -1071 -1180 -81 329 -86 392 -299 -48 6 -256 433 -484 -54 255 212 -177 -168 232 -259 123 628 164 -16 -100 -181 378 724 -384 262 232 -211 -565 -346 776 -397 -1013 306 -288 672 782 -247 -132 -146 -475 -198 641 21 103 -417 -954 -328 -301 -687 -352 43 -252 -267 474 -400 -109 -194 ]
[-359 577 -807 623 398 523 -651 504 141 249 176 -200 -105 -260 212 -771 -618 225 88 -180 285 19 -239 306 -7 261 52 -718 -32 404 -302 704 -710 494 457 -170 -182 -1072 -493 -515 -898 627 821 4 309 -170 639 312 -776 867 -223 372 181 523 -896 -77 2 -196 134 641 -144 -1143 310 370 -47 324 -408 -128 231 355 -517 54 -13 -369 -729 -39 -308 104 -542 -369 -116 -1095 -226 -286 725 -16 -1284 -450 -332 345 -649 -93 266 726 3 294 302 -3 100 526 ]
[-1213 -270 239 352 -248 -633 -459 -543 -383 -39 106 526 101 125 -342 -156 -207 -141 30 728 -57 413 -217 -536 529 387 -453 -121 -282 343 35 262 69 105 4 -399 911 -1018 77 105 786 -839 -104 -667 617 889 -311 -63 386 -441 -431 -652 697 -406 -817 178 164 118 815 483 -401 341 -318 -636 -588 981 -150 -472 -1114 109 510 907 -442 -799 -291 878 -214 -304 -311 820 1093 -190 -194 610 -460 360 484 342 -91 -191 76 128 -259 -216 760 1006 -431 -573 -140 -205 ]
[573 -791 -234 178 271 -138 140 682 -857 433 616 -572 150 119 -348 963 432 31 -129 -576 -445 338 16 -128 -563 -301 -286 205 59 -1047 612 -1242 239 308 297 -315 -60 315 -579 525 367 134 -72 739 -107 -293 -58 -270 394 -425 214 198 158 146 815 64 -159 141 23 478 212 287 494 19 696 -213 442 710 -544 145 1099 285 -23 456 156 -28 18 -1089 544 -490 385 704 -818 -338 -885 -975 -366 926 341 -755 -73 -634 -865 -496 64 437 -433 -213 -973 785 ]
[-604 -765 -57 -554 304 -377 -763 -1377 -703 -283 -713 -365 -1029 243 -92 -416 339 -607 135 -505 286 697 67 370 -599 -228 -250 108 -11 -256 -318 510 250 544 99 245 491 -797 57 -351 -458 -177 234 95 167 -126 9 -489 -553 -59 -396 -384 -270 -525 -543 495 -168 425 24 -376 425 166 71 615 244 -386 -33 353 306 662 -87 -335 609 -14 31 -13 -189 -267 -13 -334 556 -248 -157 -353 620 224 437 419 -95 -549 -223 35 -135 -573 -415 -59 1 -479 334 41 ]
[-488 -812 -406 -154 -237 210 -828 652 557 196 389 52 298 1063 527 -62 -252 55 -684 -251 215 189 -666 -422 -327 -9 213 -164 447 269 830 77 -232 95 1046 42 695 -318 224 -253 -237 258 430 783 -129 -163 -521 -217 233 -393 -220 35 -121 -408 545 40 -465 -34 196 506 343 -438 -173 85 -43 -529 100 61 26 473 844 889 -506 -486 371 499 -419 681 -440 -108 83 94 -302 -402 847 -340 -787 162 -436 213 -255 -163 1440 496 -794 -677 200 -8 -141 199 ]
[-292 -121 -30 -295 178 -124 379 -426 -573 185 -130 -21 -1102 -388 -445 283 184 -221 222 7 -370 39 201 393 -348 -772 -49 270 -247 81 157 547 37 394 198 -361 291 625 -421 457 560 -127 538 152 -815 733 264 20 -332 167 -268 -608 -287 -738 -101 -758 -142 388 -518 -258 206 519 757 404 401 -718 -376 -537 432 218 -919 445 -21 644 186 -725 -255 -23 -163 -287 59 246 542 594 -197 591 -226 -92 -422 -605 596 496 -137 136 448 367 404 -30 172 -297 ]
[653 -99 -413 -618 284 -52 803 190 571 -374 -173 -743 -254 -624 -654 770 758 478 71 290 75 -93 -62 231 -192 -43 -718 562 -207 -154 300 11 -224 -363 -354 737 -290 217 -82 -76 92 -884 173 -265 -134 -709 207 708 -550 20 20 369 596 762 -347 657 -530 -234 -507 -69 203 1069 224 558 696 56 486 390 100 310 406 291 -509 268 -263 -629 -66 -464 196 280 327 9 349 -308 437 -275 243 -74 -332 -266 -37 -46 -289 484 107 61 458 -467 -485 570 ]
[165 -354 -86 -61 -49 1012 57 -397 36 133 -495 -275 -47 115 1115 -404 -520 -334 160 442 -376 -548 210 444 -110 171 -657 -28 140 525 1017 -34 703 204 434 785 -141 -144 -178 239 489 -26 403 967 -425 -253 76 -75 -640 -652 174 197 343 -135 -54 569 -538 331 -600 -814 -31 -1431 -106 68 943 -535 429 -57 -476 -38 -864 -350 -282 -800 -207 -568 -606 -136 -424 72 188 439 -257 125 -102 -360 -311 -115 -41 125 -261 -436 147 318 102 -178 397 723 -16 -137 ]
[400 -917 -45 -142 -505 -246 -602 795 -1094 791 567 829 -409 -299 -719 243 -527 238 1154 669 -470 1219 -83 675 -237 -205 -920 307 235 332 160 -85 -1006 -574 -460 450 2 146 -358 564 158 467 -878 113 478 -38 527 -585 210 762 31 -56 -198 158 528 -667 498 -655 577 302 85 -140 -588 -366 31 -900 366 299 -619 210 716 261 -284 983 565 1236 -591 -173 -224 -112 697 -261 -483 328 -317 -35 -679 -213 482 427 463 142 -24 -399 642 281 -843 507 -240 514 ]
[405 -707 -126 331 222 -838 -134 -133 -56 380 -1179 -297 -391 105 -954 -17 194 -441 142 290 458 104 394 -1248 -597 -278 113 -13 438 -247 -707 -955 104 -211 -862 269 196 -637 -400 23 -532 -183 -198 -205 510 -29 513 369 141 -69 -79 313 678 273 -476 -303 65 -487 -377 440 202 611 266 594 22 -207 -668 -197 -417 -475 904 69 480 35 -1104 761 -110 -25 -274 246 -779 26 -53 -132 26 341 -322 862 76 392 -567 151 286 680 449 77 -616 -17 -355 -269 ]
[-481 -347 457 589 200 -380 -262 -688 655 -483 -385 289 -178 -235 -116 435 -114 -767 -29 10 -135 -127 -14 -806 -979 -525 -431 698 211 -513 351 607 274 -252 173 -174 693 -271 507 500 475 -1066 -761 -545 -566 -125 222 -366 -30 -177 -387 56 530 -757 -386 452 634 180 -319 -414 -282 118 41 -135 -401 -1296 -844 -840 217 548 705 1340 -276 -73 130 -103 189 32 -1089 -13 -48 26 898 -76 453 437 139 454 -315 8 372 899 1714 322 174 686 458 -96 -229 287 ]
[-84 452 -455 15 714 104 723 184 339 -173 -217 -285 425 -601 -581 102 -1051 741 600 339 450 -518 -495 163 -393 157 184 -45 85 -496 3 471 45 13 -181 175 -643 38 282 -336 502 -455 97 -204 105 -727 440 -17 461 -75 -150 -94 -68 271 -752 -601 -204 -28 1229 -198 906 396 -107 344 558 -142 94 505 -910 188 24 459 201 546 -222 150 271 -662 438 237 -272 510 101 -261 -23 -9 657 -128 -926 -755 376 -252 26 -465 -511 -451 674 -785 -534 660 ]
[104 91 -501 -178 933 -680 -109 -34 -200 481 -133 -264 30 254 -587 314 348 41 84 85 393 -247 225 18 -170 380 -572 -536 -535 -319 19 -1076 -389 -111 -492 -401 -338 363 37 348 160 -702 0 -606 -122 -205 504 347 88 -504 -134 720 267 243 -244 -794 124 18 125 -79 111 138 372 75 -596 59 266 -116 372 -612 412 695 -58 162 -365 1001 -722 371 182 -232 18 -443 -562 -928 50 -298 -88 601 584 -895 -201 -750 235 229 50 487 -135 -233 271 126 ]
[852 34 533 -101 -61 344 -48 -168 244 -234 -255 232 616 -783 -490 717 -450 1070 54 -188 413 -926 428 -28 278 -1010 622 -278 -463 275 -240 8 -253 -84 51 -117 -1010 -390 652 451 123 271 -160 -128 447 234 -145 574 175 -31 952 872 -460 1161 -468 821 521 -467 533 -244 379 1040 218 142 6 -208 -277 -4 -181 -286 823 -75 345 299 93 440 294 432 -392 1323 -795 192 1169 -8 652 -520 466 -393 -125 515 -179 -378 220 615 95 351 531 -353 -184 264 ]
[-220 1189 237 414 13 250 425 472 -614 223 -292 1321 -170 25 -1066 383 -891 -596 315 104 -704 154 -278 466 -1224 236 -836 -481 -305 188 30 -677 531 -133 -375 -564 340 -300 98 -281 -41 -342 -388 213 535 13 716 -258 307 -663 185 -368 11 -683 89 -770 266 -353 -768 -127 387 -1047 84 -13 -364 -209 -235 1029 1067 -309 -404 -171 351 -351 -166 -208 396 -105 329 -82 263 -81 -1243 243 -570 53 -79 308 792 -769 -151 769 552 -414 1244 -370 -617 -155 514 38 ]
[119 177 -471 -508 274 683 -214 91 -365 -558 523 745 527 -447 82 -619 -551 -282 129 486 -231 -136 -514 188 310 -556 833 -655 -490 1233 -812 -350 -444 -618 -464 -461 -1096 243 -140 270 398 74 298 64 62 397 174 -27 -589 83 -166 597 308 699 -410 -697 482 -764 77 -899 483 64 -604 -406 -229 25 -692 -671 -32 -500 114 -219 249 -52 565 -125 472 688 -447 -33 -275 -478 420 272 288 228 -361 -635 516 202 1042 332 849 -17 -335 -292 223 678 382 -515 ]
[-42 -340 218 -76 641 86 -776 -85 -282 29 27 178 -430 -163 258 401 301 852 473 414 -372 -473 76 427 13 357 -15 287 -262 769 262 605 -513 128 830 -231 231 -1 345 672 229 -593 728 477 -275 665 199 471 -609 -531 -127 -416 -258 -40 -687 269 -345 29 -55 -175 174 -353 418 -536 -42 -233 -274 117 -710 353 -98 -408 -357 -238 -40 -284 194 585 2 -362 -124 538 -200 -119 -22 -296 -539 -575 -408 190 390 42 -606 308 262 -188 518 90 -594 -508 ]
[322 57 -47 -892 -857 314 861 269 -209 -382 -219 -612 113 41 605 -839 -345 840 20 373 77 -78 -253 371 162 96 -236 169 -114 218 -161 267 -93 5 -1274 160 -290 467 -499 95 -405 -200 493 -731 -190 -246 240 268 -259 289 -385 -328 -135 149 -416 473 -534 282 -328 358 189 -212 -704 612 1066 510 1077 504 -890 13 -559 -400 -227 87 -11 -1120 642 -84 -227 948 -201 1050 80 -208 -122 122 510 -399 -432 -63 -710 156 -1304 -293 122 -744 -37 114 913 204 ]
[-669 241 -231 -235 1117 -738 338 -908 1053 621 -181 -393 302 336 246 -133 535 -479 -191 -198 1369 -601 142 1295 869 -397 191 -218 -181 -238 167 -66 640 394 690 234 -233 221 503 282 88 161 -341 -152 433 -221 -824 318 171 -47 454 16 1263 -275 640 -198 -429 939 873 -121 327 516 822 -190 -349 970 286 -656 466 -298 -59 -36 242 185 19 -229 78 10 564 522 -224 130 892 299 -290 -365 650 -274 -608 -226 305 -335 464 789 -222 699 41 665 -596 564 ]
[502 165 -107 -710 -737 -327 -545 849 543 -459 -181 -387 895 -177 935 -9 -218 -3 717 263 -476 -156 -78 322 -84 396 -575 -99 607 -739 -103 -147 61 -753 -267 891 -440 233 -110 182 47 70 -676 -835 300 449 -265 -89 770 -306 -158 697 -144 41 -8 768 -840 -220 481 22 -754 -691 -24 -570 -429 354 -257 -117 -807 131 576 -593 -158 -282 230 575 24 5 -587 235 -249 12 130 1093 -812 -376 476 129 314 668 698 184 -404 168 202 -98 -132 -59 -117 -236 ]
[-364 -403 252 -1011 -1084 352 -533 -24 -6 -568 -187 152 -561 717 -442 306 726 -658 407 810 -1024 205 419 -124 -57 -884 -663 -567 783 100 -1257 858 -599 -947 3 -230 85 64 -609 -418 338 790 -559 -298 737 313 328 -186 110 689 -244 181 -939 524 26 34 527 -190 -74 645 198 148 661 638 346 -158 -255 381 144 -398 -1150 -349 363 -498 -1 425 506 -243 -412 -580 216 59 617 291 -154 240 -276 466 257 92 -174 288 39 130 -160 -185 -332 -498 -118 9 ]
[176 449 427 184 350 144 451 -164 -578 -297 -293 146 314 675 -437 190 22 -41 -266 -624 -311 -283 245 78 4 -147 -339 317 -343 192 106 36 829 117 -768 -594 4 42 -22 462 466 -387 -540 -366 248 88 209 -69 -261 -507 -116 155 -829 -665 111 -588 503 200 -431 -1203 26 619 563 495 1151 198 409 489 802 -75 -810 -525 639 -446 170 -413 781 -1021 524 -35 -221 -255 349 -606 236 -535 605 -400 933 -784 565 -70 -564 -475 336 -721 -112 -170 77 533 ]
[438 342 -248 -625 230 69 256 214 519 -437 141 196 -78 -157 -1443 406 -1001 -66 -14 -222 -450 380 475 -592 -1691 -154 -39 -821 -8 -155 -517 415 96 216 107 529 -369 30 361 -722 375 369 -135 0 228 725 -449 -10 507 -975 -238 -159 55 -403 -588 1475 -256 -497 469 -318 235 39 -351 286 -94 86 21 126 52 -107 -298 -699 286 -969 291 -298 167 -212 -54 34 382 6 884 643 315 1032 762 519 850 -811 102 756 7 -684 -243 -102 235 -1108 433 -36 ]
[333 68 -150 -275 -178 -4 868 -73 -633 346 199 -417 -798 -180 -547 538 -418 719 -309 -920 -192 -33 680 10 -1108 337 179 296 44 411 627 265 -362 179 522 215 -126 538 -810 -453 -343 779 -72 814 165 981 -342 -453 465 475 35 1079 -143 237 247 1202 156 604 -104 459 152 725 768 -75 587 306 353 -540 313 690 807 -349 1006 -829 161 149 -174 505 253 -648 -532 -4 489 422 627 705 -231 261 -95 325 -71 -450 -338 106 -303 -198 519 -1060 -489 -502 ]
[-464 -776 791 -129 560 -728 -538 -445 156 142 -1488 -781 301 530 102 -659 327 405 -61 336 167 -21 176 -674 194 161 643 82 266 0 -12 -305 621 377 167 122 -618 -737 372 -712 261 -210 -154 365 538 -782 -237 -263 -166 -441 94 -686 101 517 -549 842 -531 -231 -187 -158 298 -400 -759 -148 65 37 -91 -76 -745 -228 805 -129 122 -610 -181 700 -430 496 -786 -2 -742 161 -76 168 801 420 30 974 -737 664 -52 -484 -360 -180 90 87 425 -125 601 -380 ]
[-15 -423 -102 590 -252 -1219 36 1524 -819 411 197 574 -731 177 -420 -625 316 147 -480 -63 -825 656 326 -626 -819 111 341 -335 362 -51 -257 -138 -500 -582 169 -64 889 -808 -383 -890 199 573 952 204 567 494 -309 -307 197 281 -847 -1704 -220 -500 730 538 -1018 -741 -811 259 -227 -979 -856 -268 -124 -11 -796 -224 -206 101 945 -115 -210 245 359 -112 447 151 186 -1351 620 133 -429 749 202 635 -881 -128 906 24 -14 471 230 -19 114 -226 -236 548 -11 -1095 ]
[79 -556 -131 -482 353 -459 638 146 994 -144 -128 1108 -48 126 -414 -195 82 -136 384 682 -434 464 -1098 -51 -344 879 297 -207 105 -176 88 -840 60 -1163 -511 928 491 1418 -294 75 823 -296 -939 168 807 718 16 -386 1050 -613 -133 -487 441 579 633 -870 632 344 168 285 276 -469 -493 57 669 -538 -163 280 -549 -240 -215 201 -317 -311 356 240 264 -476 162 280 -123 61 403 -239 -437 257 304 239 -120 -740 220 897 475 139 46 -202 -961 329 -455 776 ]
[-319 453 991 144 516 317 180 24 666 373 -381 473 263 161 721 -1042 -369 374 -236 733 695 -1198 -354 90 537 236 -74 -387 -371 603 642 -28 239 894 836 -71 453 87 -241 -24 -520 -240 298 -346 221 -751 -82 -347 461 -687 220 362 749 -238 -164 195 -445 -43 624 -108 -364 -611 922 123 -185 603 371 -766 -411 -29 -962 -554 17 -1362 -425 -290 711 297 -75 892 -988 427 -165 -141 -37 -107 613 -228 -339 -90 -795 88 -537 607 130 458 259 -630 592 321 ]
[626 233 -763 261 -165 -1070 730 756 -417 52 -48 -510 -406 -1008 -579 273 344 362 194 32 387 215 -663 -808 31 -130 -476 683 -236 -257 43 366 -129 28 -63 86 -157 1 9 -358 -1134 -458 -605 -723 645 142 195 -452 677 -32 -380 368 637 189 -265 -272 -198 187 172 522 8 496 -129 349 -359 579 577 271 375 -62 337 192 814 195 33 -116 122 136 251 611 93 -704 270 -95 -444 559 617 122 232 314 561 211 -248 -469 -575 202 471 -1149 176 303 ]
[348 28 -116 818 331 -531 377 428 -453 -13 -406 -400 204 -181 237 -525 -340 -214 400 162 -175 223 -242 -455 -393 500 -97 -352 -269 -441 185 -399 217 -390 734 843 -200 107 345 -590 429 -119 246 -863 802 285 -642 -1184 1063 -615 112 981 373 213 -422 1032 -553 330 903 431 -209 -302 127 207 453 -1200 -128 -1563 -281 482 391 -200 -239 -6 332 70 854 -913 -168 266 341 -125 568 125 435 430 494 753 942 -335 668 702 -22 1 -406 225 17 -137 201 1449 ]
[963 5 -265 -1153 356 -643 -318 541 768 -218 -80 -70 -241 334 285 5 457 471 532 154 742 -111 -447 672 927 105 -314 442 -131 -218 749 306 -273 -555 -30 422 720 -86 -1167 747 -477 -202 -278 -225 -201 74 127 177 262 -330 -378 -631 262 853 42 -585 -34 392 79 -33 -68 211 887 -30 675 827 -285 88 -482 -163 -416 56 -385 -696 -196 -465 511 384 734 688 -340 835 591 -255 -117 -97 1220 -491 -1364 -6 89 -560 -122 441 -456 651 320 183 -646 446 ]
[-300 115 -551 185 547 -118 -151 -165 -811 516 479 98 -121 -609 -471 138 -167 805 -210 -33 866 -543 -832 1072 673 -664 393 253 -44 -25 587 515 50 83 600 -117 524 684 107 -10 491 -119 347 -493 -383 -509 548 -268 -178 635 -1064 317 554 -378 535 -856 375 -165 577 426 -1216 539 923 -5 30 -99 -388 -253 233 606 125 1390 -167 509 -15 203 -660 269 244 248 -264 67 116 111 -666 66 85 -667 -82 -789 85 -42 359 725 -322 993 765 -711 -453 1102 ]
[-123 672 -94 171 -318 -780 -63 -855 -1644 -687 -226 -1141 -591 440 -279 -214 167 -643 -228 -60 -571 -226 435 128 122 -277 65 527 -467 -402 -121 -504 641 923 -404 -231 399 188 -166 -497 -465 121 460 -16 491 361 -310 -453 -92 -463 -86 -22 -667 -967 -481 246 -158 -94 -65 -105 146 1191 515 15 361 -90 -374 -302 605 94 -760 621 630 758 201 -95 76 -912 593 -319 362 -403 360 158 -258 42 600 477 493 -830 -195 -72 173 -216 439 -356 -496 -292 54 18 ]
[6 -203 -319 -314 -189 218 -14 369 1067 23 -250 233 445 44 279 -45 61 -23 135 -541 118 -172 -883 543 674 -574 1234 99 434 -349 500 -1193 142 -501 -612 162 -135 737 321 268 450 543 274 275 664 -349 243 -186 114 53 36 458 345 1048 836 364 265 340 17 489 374 -64 -100 -250 -51 -513 -195 379 -702 204 1195 325 -18 469 -546 255 -315 302 -281 48 -359 480 -723 -376 -578 130 -330 526 -832 -386 525 -190 132 78 123 293 -516 1018 -70 413 ]
[299 389 278 -476 130 -710 -414 298 884 363 -154 266 240 -1286 -414 569 919 863 591 72 686 -1089 620 370 531 -386 115 187 335 58 28 -205 580 -890 319 559 -372 42 259 -13 174 -566 -276 248 427 314 1 290 885 53 408 270 85 1175 -33 890 -316 192 615 338 -193 875 240 -442 359 -598 -569 -398 810 218 615 -48 -78 887 -35 643 662 -236 891 228 -448 -30 884 744 -200 249 594 -588 -50 633 244 309 -270 949 397 481 556 86 -616 105 ]
[400 -619 -213 407 -17 331 183 149 -1454 171 72 159 -699 -563 -739 1083 277 226 967 386 -1335 227 -275 109 -847 -543 -52 226 -741 845 347 -393 316 384 303 -110 139 8 -810 305 436 -130 -400 73 -340 120 336 -82 -66 -75 287 328 93 632 -845 31 364 -248 -585 -365 219 492 -30 236 321 -1153 -468 -67 -923 382 336 -36 148 310 547 104 367 -706 -865 521 -24 208 -126 -32 -24 -10 -863 -180 690 698 592 276 -117 -68 446 108 -52 -860 -515 211 ]
[-180 -405 469 -159 -45 1109 130 -427 -761 -1019 685 -38 -971 -553 479 -21 177 -295 -89 -644 -733 148 -605 746 -760 -132 -35 588 -521 267 -140 5 -89 119 -651 -1066 527 450 -1583 942 383 -167 -256 632 -1189 300 -123 544 -1019 407 -711 223 -48 -544 -189 -152 915 574 -910 -900 -101 203 242 -511 -522 204 -860 407 -231 257 -3 -217 608 149 176 -925 -370 482 -700 -768 710 -29 -276 917 147 -650 -305 -52 -458 -449 777 -693 -7 -559 -128 667 -719 358 -590 476 ]
[-96 -606 -28 524 460 -730 88 -548 -123 295 -71 -193 -192 647 -4 220 531 471 35 678 435 -609 -378 -43 712 814 -636 -272 -556 406 731 531 85 41 311 -287 554 -640 349 143 680 -519 179 -667 -152 -531 470 503 -329 -337 -557 -635 -169 -259 -50 -1224 -37 19 137 -23 -772 239 1396 321 -338 348 -362 492 -249 -48 -59 797 -368 -176 -307 -34 -597 -42 340 365 -694 440 288 -957 -438 -610 236 -139 -457 292 -384 -263 -314 652 381 188 -102 -644 -64 -269 ]
[201 453 -511 -171 -119 441 39 232 303 -4 -274 -1205 493 474 514 -147 323 24 116 -797 161 -781 607 33 283 -631 -271 49 922 123 -406 293 287 -113 311 103 390 -124 512 -306 458 456 -25 17 393 -250 491 -337 -342 435 -369 294 -445 -367 406 -395 -347 13 331 -16 -383 643 776 1107 126 9 535 383 475 -1039 -259 949 399 227 -34 -29 -125 20 369 -478 51 -646 247 -1386 -811 790 -170 215 603 183 -30 -299 -407 210 131 -141 135 -699 -43 134 ]
[271 340 -762 -394 318 660 469 -248 1321 159 -61 364 304 337 -291 548 -771 1060 102 -1287 660 -324 46 -215 -317 1034 832 -146 -843 -539 830 328 -240 -211 113 767 -922 -298 361 170 -61 1 -317 445 310 -581 -401 249 213 570 -28 100 557 599 89 163 34 115 688 -302 394 89 -348 -175 -235 52 394 347 183 653 472 -147 421 -661 -660 205 -209 -61 161 305 -66 -17 358 -538 1235 -277 781 292 -716 568 -248 -845 671 380 -364 -75 731 -97 -529 297 ]
[-223 -910 387 -1237 -282 329 -336 -514 -474 350 220 130 -450 453 685 -549 -102 1198 191 268 -724 -268 66 884 183 345 -439 -681 287 499 -124 3 -346 -84 -87 233 -258 794 -572 198 931 136 -255 -174 1167 821 186 -107 703 885 485 286 -278 -147 -32 3 -188 383 723 768 -726 259 -88 124 734 81 425 -120 -785 221 -666 60 439 -199 650 1023 163 188 -251 22 653 -104 -97 174 -288 -24 448 -196 -227 322 -125 -399 -456 -201 -130 438 -1093 252 194 27 ]
[220 534 -96 230 -102 187 -256 -711 892 -441 45 -266 326 636 536 -93 -428 878 168 -921 34 124 -199 -1193 585 406 302 -958 -370 -922 -697 147 212 -494 -80 -712 -349 -1383 -531 159 -226 -660 -141 -672 195 90 -20 526 424 152 347 -281 1001 -205 -704 271 -662 308 249 731 -391 637 -91 -256 -288 1480 -465 -488 -595 -979 300 -66 364 -353 -257 87 -434 423 -124 802 -678 -264 -355 235 268 -559 1053 154 28 155 -1073 -793 522 -22 -334 662 252 3 -341 -746 ]
[161 297 -167 307 -109 822 403 43 -687 379 332 277 -728 -99 -700 96 -226 681 59 85 -56 967 300 -107 -175 -212 -531 89 140 124 -693 -1120 -575 -241 -380 255 -337 -40 -530 -81 -125 -274 62 -42 -206 -368 -260 -291 -116 -12 -425 883 368 162 382 -125 608 -348 -480 605 -99 297 -1164 -25 231 558 676 -529 -775 -755 363 -354 614 -74 -471 -306 -446 -255 761 -760 411 -415 -1517 -238 -549 397 -616 -200 373 -310 12 -173 -402 -385 5 0 -672 -81 204 48 ]
[-42 -284 -347 -890 103 184 -153 -323 -1084 -540 276 157 374 -34 -497 -422 -774 740 -361 -275 -298 401 -34 -221 -562 64 68 505 -162 99 -137 -413 -343 770 -382 147 -877 -105 443 -134 460 -105 406 529 216 127 -269 -8 -150 -105 -31 -46 46 -415 854 250 -430 -204 151 -122 216 -481 -60 -373 11 -588 -58 260 134 -32 478 -63 663 559 -192 -201 178 -264 -562 -475 1325 -209 -525 684 514 -693 47 948 -397 -770 187 166 -106 -771 295 -192 893 454 594 -36 ]
[589 589 -387 -454 357 -851 -184 -4 181 -482 61 -246 49 445 -309 -8 97 -449 638 -277 208 -364 -483 -129 -158 -28 -74 -542 -243 -874 73 -637 939 25 -262 207 409 318 378 56 -123 -383 -109 -209 -47 -839 422 -271 1139 -338 817 145 281 -237 -328 -674 -487 137 1179 21 1019 271 1192 205 148 -586 -602 175 122 -63 -747 383 348 797 -449 797 202 -459 605 157 147 -244 267 -310 -454 -670 193 1081 -171 -647 -897 -222 716 -22 -97 -251 -26 392 -899 483 ]
[-659 -359 1059 -109 -297 488 349 -64 57 -367 371 225 -84 712 221 855 878 -364 -179 53 -690 -408 14 159 571 -277 264 106 -696 566 -171 -126 388 622 -529 -1461 448 -191 -35 586 949 -712 500 234 -106 20 813 -86 -558 -568 91 -663 -667 179 -673 -702 183 367 -792 -504 221 234 -382 -402 -33 -186 32 609 -459 -221 -1518 -163 -237 -362 61 -569 442 25 -69 -743 2 -338 -277 -712 115 79 -483 206 -547 214 -361 -396 -299 208 139 -98 -568 128 -279 200 ]
[-449 60 211 122 783 32 394 -366 -661 -94 -560 -811 362 494 573 -498 -362 504 -138 485 794 -641 334 345 691 397 -338 492 -216 -413 153 332 519 883 560 874 -541 -955 1257 193 -337 23 204 -250 587 -255 314 -225 -305 -66 391 479 159 52 -147 129 -488 458 883 415 269 -155 241 365 818 85 865 373 -555 828 -391 -142 186 494 -240 -644 400 -1212 901 474 -27 395 443 -364 -620 -132 591 140 -510 -502 -701 228 -603 -250 -574 -116 362 -708 -166 684 ]
[271 -403 294 197 970 -475 -343 798 -109 -726 171 373 690 1156 296 81 699 -273 -141 452 133 -53 -779 -323 1103 943 333 -308 -779 411 -183 -579 -100 318 345 -666 524 488 -259 139 -105 -196 -344 -273 672 197 237 229 -592 -91 394 -275 -168 327 574 -892 224 66 -22 -11 -287 -11 965 -2 -61 883 -175 995 659 197 -215 139 -543 -817 -193 -200 1198 616 408 120 280 203 -279 -320 243 -633 141 62 265 92 340 -425 -749 328 244 -326 -442 151 -229 -117 ]
[319 -270 417 -337 823 -546 3 -138 159 622 -1046 -146 229 -855 -433 338 107 -46 261 521 -383 -878 41 -306 -100 -58 522 206 332 148 770 -973 664 456 -238 167 -849 680 -34 655 391 -541 132 13 -454 -517 -238 -232 487 -559 583 521 -193 3 1063 -709 137 -124 114 -369 -294 503 1285 607 645 -452 110 -191 -293 -285 197 250 -313 366 430 517 -272 320 90 86 -813 467 280 492 -432 73 -129 170 -297 -329 469 301 -739 -224 891 207 368 399 448 -380 ]
[360 -55 751 -255 -140 -296 503 -271 908 621 -213 -117 -827 -47 -433 1115 483 568 585 -549 -458 -191 460 103 670 -66 -271 -101 -22 194 1091 -610 -721 214 -60 -507 -132 -60 -709 613 397 -15 -320 279 82 151 833 147 385 -253 221 -70 -14 1262 -696 -193 -304 125 66 -338 792 982 -146 -113 505 -796 168 -436 -573 -260 -1039 161 323 -211 98 390 233 -305 -603 -1047 -89 -228 -91 308 -111 175 85 -269 -266 555 439 -948 -488 1053 -82 283 135 -494 -354 335 ]
]
