[[-577 -208 -140 48 7 -213 -162 -82 867 -351 296 387 370 217 156 -228 749 133 102 13 10 10 -73 131 93 408 -371 -494 -416 -387 -324 232 533 139 90 -76 566 -197 -603 673 -104 -45 -16 -890 -23 -223 -204 -140 -279 -287 -377 -283 310 93 269 54 23 27 253 -595 396 45 320 -94 -344 -991 -43 47 85 299 -525 -347 390 -44 540 -227 832 188 297 -314 509 219 225 -109 -173 453 -198 446 335 185 -195 72 -242 128 -170 171 199 -421 -89 202 ]
[-330 111 -103 -448 80 694 -210 585 -252 -511 23 144 120 -76 -336 689 232 -157 -98 -334 -602 257 -158 -413 501 -349 -23 95 664 687 -131 -662 -330 -5 -252 4 131 -376 238 -192 338 530 -5 122 -74 706 183 -226 -248 316 299 50 -647 299 200 -195 -209 5 -218 -305 -204 449 247 -52 661 -90 161 -554 396 -158 -309 273 -279 -173 106 70 -47 164 41 200 244 -752 -612 194 3 -376 667 -584 41 -17 -209 -53 -549 -533 265 111 -676 169 897 -302 ]
[-81 -399 -146 371 100 -76 587 -610 109 -153 -416 405 -155 157 -90 565 141 94 -133 -69 -501 -189 27 120 -478 919 -388 -288 80 169 69 248 433 73 -9 316 10 863 553 -453 81 389 230 14 -729 -241 -497 -575 455 90 315 -33 219 116 -693 99 -338 464 42 202 280 -210 169 715 -95 -187 119 -281 -229 -370 265 455 -263 185 -131 506 533 -4 -327 -548 -490 627 321 448 103 -134 -190 -21 -669 164 -10 -508 330 -262 -262 -406 491 148 -330 62 ]
[390 -145 -152 663 102 -1083 365 -552 291 -490 644 -137 135 206 433 272 115 177 118 119 -183 -427 550 677 -102 388 131 -74 348 -797 151 110 247 122 -184 119 -135 397 -511 -371 -63 -124 -128 -521 -384 -740 -54 -584 239 -169 -173 433 219 -30 269 -626 -287 99 322 34 734 233 -136 788 -670 -178 -276 -255 -466 311 106 67 625 560 -173 -146 684 288 10 -483 -713 -301 35 136 341 -65 -134 355 432 546 265 421 -325 344 -148 -88 184 -794 3 105 ]
[-122 -513 -315 14 -332 140 394 111 -274 -279 -73 -459 90 -345 228 486 -160 -316 -170 203 -162 199 896 514 299 206 454 113 276 55 164 68 227 386 -11 258 52 -608 -715 36 901 -497 -62 -738 116 -78 223 -1032 -482 -14 -167 430 731 -334 417 -650 -240 425 375 195 -288 170 453 575 -410 -699 -364 169 -21 317 -123 287 134 -155 -112 -499 526 519 -368 96 -129 64 105 -84 -224 429 49 -114 -294 331 -16 43 40 239 -320 -295 53 33 77 -432 ]
[-941 -184 300 -251 200 360 266 -458 243 182 -130 264 40 -296 111 792 -192 -71 -730 -388 -469 299 509 270 169 202 317 -387 -281 203 261 150 -149 527 212 -591 29 107 134 222 318 57 286 -590 -1189 145 -39 -1013 -18 347 178 -858 440 170 365 -137 66 323 -153 -452 -732 -614 686 582 -459 -541 -368 262 261 52 -289 -313 -397 -564 318 -464 448 -341 299 39 381 623 383 -276 -474 210 245 209 -286 -384 530 -307 -477 -737 -205 -139 3 134 -605 -275 ]
[1025 38 -591 -262 -543 -656 622 710 -334 -641 561 -435 28 -307 -479 0 -268 -161 41 -113 172 303 -109 -70 -330 -451 46 687 179 197 132 244 -60 -813 516 446 -507 -10 -313 76 -304 -37 -84 772 1082 292 545 456 -105 -222 -173 601 -12 -54 44 -112 81 -217 236 297 272 554 -150 -61 398 492 86 -119 61 -48 -26 72 202 16 -414 -259 -482 483 -623 -53 -12 154 -571 -225 592 -272 849 -581 144 54 -486 71 115 47 486 88 304 607 -268 -609 ]
[613 -64 -19 -98 -247 -300 533 663 141 -483 449 -534 -35 -228 -156 1108 -214 260 14 -58 171 -66 -124 -746 231 -507 -242 411 -668 -484 133 268 -88 -402 39 595 72 -292 -201 -256 -62 -386 -397 -144 715 358 385 -67 32 -388 -339 637 327 -27 170 -478 -203 -175 10 96 450 796 -574 -412 391 -17 6 210 412 -678 -245 25 282 238 -732 471 -372 11 -34 -125 -312 -324 -437 -379 59 -112 2 -385 -14 -181 -257 813 -268 57 343 -297 468 134 106 -184 ]
[-850 394 422 -77 -104 440 -310 -349 486 822 -219 -207 -329 -47 951 13 -229 165 283 84 -293 -111 -316 249 -152 -235 312 478 -400 -203 100 -190 -99 -305 -155 -299 377 461 533 -268 262 -122 288 -154 -563 -689 68 157 -265 23 279 -243 -284 -12 -194 83 494 -419 -42 171 -114 -916 -531 -674 339 1115 366 -10 180 -523 280 395 -154 171 219 334 -554 -766 628 362 -546 241 490 -236 269 250 -520 -154 297 -401 179 378 -331 -345 116 2 328 157 218 249 ]
[-277 504 524 123 -50 92 248 -624 -109 -67 372 172 -122 222 -161 654 58 711 -309 -619 -92 -610 306 -305 1161 216 -2 -313 -174 368 64 -220 33 -176 -13 -28 470 155 170 125 215 289 313 -496 -362 -403 -90 -420 -5 -244 -110 -31 696 182 396 -15 -234 677 -141 -172 -582 408 168 -160 21 -1492 -346 -197 271 -437 -391 271 133 -179 139 414 453 -79 874 0 -27 -1075 -107 -653 -120 -528 147 394 555 -64 276 303 -489 -263 -338 234 -139 -393 496 567 ]
[91 -259 -59 -119 136 -9 90 1214 335 -294 -380 -605 -380 -468 127 358 -143 -555 425 -61 -15 416 -117 -29 -193 -154 92 524 -10 -68 104 -119 145 67 -655 701 -194 -438 -101 -703 -359 -63 -582 -240 679 96 679 35 566 318 486 193 -155 356 -350 -531 337 -687 -391 166 864 264 -203 -84 332 652 -315 -128 538 -103 -258 452 192 484 -192 308 -795 619 -629 198 -411 -51 -56 103 902 249 67 -586 -454 72 -254 273 250 -213 -102 -233 -258 358 63 321 ]
[156 -717 -431 24 -176 -739 787 -365 456 -149 857 -7 -293 -110 224 71 552 94 -80 -487 150 194 83 637 199 618 192 -347 -182 96 -281 712 882 -80 167 -13 608 477 -113 305 185 445 314 -641 510 -727 62 -491 6 -305 562 637 1287 -45 -614 57 155 755 404 43 48 -355 239 -51 72 -762 -491 541 210 -50 167 526 199 34 109 258 199 230 -307 -132 -131 568 -114 -540 693 313 220 -391 -435 506 73 240 777 22 -708 493 74 45 -387 321 ]
[-365 -512 85 -210 19 -395 473 147 746 -320 547 -498 -494 -446 64 798 -265 -307 -167 -179 445 821 -104 642 -273 -614 144 85 -76 -363 751 251 -92 684 195 -298 -355 177 413 -46 -283 -109 -544 -781 266 372 63 -493 344 338 -184 201 -706 41 175 -125 523 -422 -221 86 375 -378 -366 552 176 808 57 -108 733 -81 -121 -246 -160 841 -817 100 -602 -180 113 -188 -201 -101 -307 82 77 -145 557 -23 143 152 373 584 -370 -315 228 -301 422 455 -161 -385 ]
[-1326 -789 -487 67 -444 856 442 817 540 344 -945 96 151 140 265 185 -94 -422 518 134 54 735 232 169 -274 566 225 896 153 530 383 302 384 170 -183 751 -4 -307 35 -383 578 -405 -111 -246 603 167 -44 130 -556 480 216 -23 -859 164 -590 -114 391 646 -163 455 350 -504 191 276 143 239 630 -186 -16 -363 189 531 -86 441 -504 161 -294 365 -729 -67 119 335 -52 543 3 420 -191 -91 -785 322 -440 222 532 75 347 -162 302 1001 498 -65 ]
[-553 513 374 -87 137 652 -871 763 -87 -308 -666 92 637 898 -125 -569 350 650 372 -291 162 -660 -72 -579 451 -178 -622 6 -435 241 -263 -307 -248 -31 -334 114 384 -144 -58 835 -404 -223 326 251 381 362 365 918 -279 -197 -450 -467 -231 430 -466 187 -421 238 -461 -818 83 828 267 -868 -176 -1047 654 27 -436 3 -166 158 679 -201 463 145 360 16 374 -71 1356 -386 158 -308 -200 288 -461 59 446 -961 -224 -454 288 -155 234 266 -466 -530 -79 292 ]
[-334 57 27 929 -31 -61 -430 340 619 646 -537 219 -342 139 117 -1204 -238 492 436 79 188 66 549 623 -158 626 132 318 136 467 248 -207 424 126 -583 384 -477 -16 -46 224 -311 -549 -398 0 1177 111 -510 691 -169 489 -536 -499 -52 -142 -385 524 10 -146 80 586 192 -83 -30 356 -696 -121 -680 27 -585 851 39 -95 373 406 -211 -326 -320 677 -465 87 -298 -295 184 233 -372 153 -363 570 -158 431 -289 -10 -213 714 -164 -9 436 -141 92 380 ]
[197 314 841 141 670 -291 -316 -501 264 153 365 -534 -65 -678 326 -7 -708 11 -478 666 -231 130 567 -37 26 -19 -315 -93 357 47 72 -636 -367 412 -206 -780 -518 -653 -262 95 246 -655 -224 -296 5 448 4 -20 -139 -100 -233 -122 278 149 245 383 -691 -357 166 144 -388 49 61 -127 -391 269 -1060 70 -232 35 22 -412 -367 -42 -276 -456 190 16 329 239 165 239 223 -435 -643 -27 -341 85 248 -471 128 -89 -770 -34 -561 -215 -149 -311 -1044 47 ]
[861 38 -146 519 247 -182 37 311 -694 763 -228 130 -369 178 -21 -783 -231 521 464 -331 168 -413 -300 -222 394 -140 194 38 -346 -588 -260 -140 -464 -68 -490 430 -446 -4 -775 -406 -570 125 -334 464 851 -203 -667 1062 152 32 -76 178 300 -480 386 -92 -249 -578 42 430 575 440 -399 -298 -602 322 -345 558 108 537 87 -323 776 -275 601 230 -564 529 541 -112 -571 -671 -321 -546 -35 -297 -207 -160 -590 138 -191 487 -136 1139 -316 499 47 -397 418 725 ]
[-469 -34 -148 192 479 102 35 -610 545 -408 -108 136 314 485 787 -46 692 -12 890 -206 -537 -229 -631 95 -12 212 -525 -195 406 -254 51 -816 -214 -28 -19 -530 650 -344 -788 310 484 142 144 -379 -591 -348 -233 304 -684 94 157 770 -1188 -65 -181 612 0 357 313 243 754 -459 -18 -631 365 306 894 -609 -467 -198 517 164 124 -110 330 202 1220 556 330 -180 449 -26 14 -63 -149 477 -434 -110 -25 -346 -498 302 -108 410 -346 350 -94 -400 351 18 ]
[-147 -330 -386 -133 130 -193 339 366 -31 -189 1393 546 570 494 -158 497 895 644 660 -191 -130 108 -363 -1552 455 336 -239 -232 -121 -443 -338 -129 -153 -371 -298 711 -60 -257 12 -367 -268 409 -222 614 481 431 -678 153 -505 -194 452 -71 -245 501 449 -414 -605 73 -58 -297 191 261 164 -346 489 -436 -83 670 92 -580 -264 172 519 -274 520 509 373 -118 34 -559 -74 163 -1007 173 -678 -89 -139 -568 -332 664 -50 681 -705 111 239 562 -483 -283 684 504 ]
[-800 568 259 -13 46 355 -628 212 180 579 391 -135 321 448 297 -285 594 -497 963 272 45 -37 -668 -641 -178 -47 580 199 215 -41 -11 -729 -598 -414 31 -242 297 -717 255 -225 -55 51 -427 416 -455 -278 384 405 -138 107 693 -193 -1054 519 405 47 1026 483 -59 -97 -80 -406 30 262 485 456 105 -283 277 -354 302 509 -348 29 962 -361 -320 -189 77 644 197 201 -481 156 441 748 -271 468 302 -90 410 519 -369 -950 -2 403 -1031 410 365 426 ]
[47 693 -38 315 -909 144 64 35 -164 -325 764 -494 -220 -345 -49 761 -350 672 -973 -786 -67 472 370 452 737 -1113 258 -170 215 622 -113 145 -227 211 399 -397 480 319 714 504 341 -182 -178 -318 234 864 195 -582 -81 -471 -835 -202 358 -479 371 -638 107 -49 955 -796 -538 1138 -171 1518 -271 -184 -310 149 201 133 -118 35 -44 255 -585 -305 -240 -545 553 -169 -201 -976 -743 -581 188 -572 1133 -549 680 -515 327 64 -928 -1061 525 -177 63 -93 124 -895 ]
[177 651 897 -1149 306 140 -894 -38 -357 -132 415 -325 -212 50 -225 -767 107 680 -357 331 -111 -70 198 -324 62 -516 -701 -181 480 758 113 -450 -918 -314 -74 -985 -780 -26 281 832 -267 -305 413 846 67 299 46 564 207 244 -382 -981 -570 238 320 829 -905 -622 -424 86 -685 445 -68 -896 -116 -3 -63 246 -187 -100 303 14 20 -346 189 275 -275 -422 450 95 1041 -712 169 -56 -287 -703 295 424 866 -489 376 -806 -847 -510 -173 375 -167 -119 -328 -144 ]
[-546 -558 34 423 -119 155 -829 697 2 -5 324 -215 185 482 88 311 241 12 -39 11 -1050 -933 -149 -90 -139 693 309 -221 -678 -846 2 -236 148 466 -38 199 384 308 713 16 208 52 -286 -165 -460 -118 -91 -377 -118 -22 -334 -349 950 -377 -245 -517 -223 -251 84 -343 115 -414 -108 884 -526 75 -106 -16 222 833 -580 437 143 526 912 -457 411 -396 85 -67 -316 945 841 84 -384 937 -837 -729 -157 -227 245 -259 -65 -251 -44 -479 388 -611 59 -141 ]
[-143 -405 399 -196 107 34 134 -724 110 652 -95 627 -124 377 -249 -598 -132 -108 507 637 214 156 301 -539 1 291 -188 -216 -550 -105 344 495 439 -29 49 -514 -917 580 3 -152 -919 111 34 70 -454 -503 -895 -64 780 320 -279 -923 81 446 29 99 -252 -248 -753 172 323 -842 -4 -581 90 -565 -102 48 -130 -320 -281 -619 -210 61 414 761 -206 -761 -84 -427 295 268 305 200 118 53 -93 1417 -20 617 854 -232 -70 482 -106 181 192 65 -239 1066 ]
[291 612 561 86 198 -105 -877 415 738 168 388 -178 430 182 200 471 150 892 -452 -54 -329 -229 -367 -768 -590 -290 -528 -206 -824 -200 -296 35 -741 -435 589 85 520 -413 -203 472 -22 -608 -34 240 -497 863 296 1162 -274 16 -280 -667 -660 -230 279 391 -193 -655 660 -979 -29 398 -622 -425 -671 -84 85 178 -85 75 -7 -492 274 -615 -284 -452 328 166 125 439 1051 580 -42 -412 -411 -18 -212 215 -87 -1148 -178 414 -456 -527 -6 249 520 -570 -393 -623 ]
[-684 -309 284 -183 615 26 182 -651 41 297 -257 146 -163 -246 228 597 12 173 -650 907 637 100 357 263 -810 660 -724 105 -348 -562 -595 322 -58 685 -311 84 107 140 -255 -157 -75 -209 -146 -289 -256 -123 -491 294 -396 -311 403 585 -108 316 3 154 -655 66 -33 -543 -109 156 -277 -1037 -352 -909 496 91 540 -739 -177 203 23 435 -781 506 119 -624 859 25 125 -101 -119 40 -443 -648 -222 283 -63 319 -288 317 506 703 -71 -38 331 -270 -265 55 ]
[244 -758 96 -183 -375 334 -1033 185 102 -74 -824 -737 60 403 -84 -629 -250 -526 -119 257 605 -136 133 942 -80 -211 265 -584 -443 -158 378 1102 618 283 919 -300 178 307 277 1103 -181 -296 -7 -1053 68 -18 239 -483 477 -7 -706 15 807 -86 31 -150 520 -301 -146 30 -12 -443 459 65 -323 -96 91 -233 -93 680 -437 -267 281 -332 -519 38 -142 15 -1156 -76 430 781 518 93 103 707 -15 424 -44 -79 569 -327 1124 17 -223 -101 252 187 -359 -156 ]
[1261 488 -320 89 98 214 879 -551 -392 580 -892 549 -187 -440 -118 280 -660 862 -718 -425 -286 631 440 -794 -23 -367 -897 200 -634 985 -85 275 -179 -313 -99 254 -703 -119 -543 95 206 -36 -58 818 -315 545 -25 875 254 374 -194 -440 -43 -641 9 483 -177 -232 370 90 -489 16 -386 -473 -377 -806 229 884 -477 -551 209 -407 -298 -861 -548 661 149 36 -34 268 291 -39 -415 -383 -388 -411 505 292 -478 -822 -644 -192 -129 655 -208 60 1079 36 -306 -264 ]
[-404 -380 197 -338 -225 -274 85 41 794 -106 -55 -12 228 -75 -216 522 -168 -345 94 300 484 370 511 462 -629 63 218 202 -395 -685 357 1030 240 -45 574 47 285 196 -214 -263 -1084 -349 -110 -980 -717 -27 248 -586 757 115 174 -312 -219 645 719 -586 548 11 -611 -751 817 278 -13 -101 -116 -155 -331 -64 698 -228 -937 -752 287 291 -1476 -302 -422 -374 -287 139 266 433 -164 289 886 -162 702 443 -189 395 421 577 295 -237 259 79 290 344 -135 -631 ]
[-222 406 -89 262 -191 39 278 353 274 354 371 350 388 79 468 -461 108 148 937 -458 441 796 102 734 318 -758 568 210 802 -149 -48 -379 -132 20 -637 539 188 381 389 -685 -354 -169 356 133 905 44 -109 -202 -374 188 351 -231 -576 -33 -210 -812 307 -558 -345 -562 223 49 -141 377 -92 1112 224 639 139 382 337 343 539 -49 600 -743 -588 437 413 71 -85 145 -174 407 527 -216 112 -869 -100 514 -71 70 -420 -605 649 377 -983 148 -100 -442 ]
[-334 -211 -86 -416 -690 203 -236 -88 -163 -20 1190 773 111 393 -368 -919 955 -22 489 -904 281 371 -596 227 619 -57 92 -1144 330 335 53 -113 -473 62 572 -1119 592 -117 193 1122 -217 86 401 243 920 -37 -637 -218 -161 -172 -638 -445 66 -189 576 354 793 -438 199 -80 -213 161 234 508 -147 -66 154 816 417 521 -143 -287 368 -189 885 -568 27 -199 692 -188 923 -248 47 -592 -66 -386 450 -534 123 110 484 -667 -242 -443 233 1004 -9 438 -16 -185 ]
[1325 293 947 687 333 15 -449 -1041 -670 1136 348 520 -379 275 323 597 -242 622 29 -373 -112 -594 -123 -164 388 -55 268 -325 -83 -32 -376 -262 -750 -481 -229 -689 -190 750 518 -259 -118 -41 -327 943 -658 -3 -485 492 462 193 41 593 807 -214 335 -405 -335 -315 300 -307 -238 -255 -449 -307 -639 -251 201 204 -312 -526 760 20 56 -273 -77 626 -507 -1029 829 -64 -532 -270 -480 -567 -179 -542 -444 149 -44 -475 813 180 -605 148 -405 655 -289 -675 -354 717 ]
[243 341 365 243 649 282 -178 30 235 118 75 -214 -478 63 7 358 -463 -24 -109 86 -597 -395 -222 -809 269 392 -193 -141 -296 615 -426 14 358 -567 -388 -166 286 207 797 -450 -320 25 364 -188 458 409 -55 59 -238 -624 74 36 1362 960 -1259 262 -618 -203 -149 296 -413 193 -260 -881 1191 78 -1065 -366 -46 -489 -438 55 -310 -25 -14 281 -1056 -262 -718 118 203 585 201 -851 215 276 -242 -529 -589 -486 -257 304 366 -458 74 -23 -339 -98 -230 682 ]
[-526 217 677 188 -332 -35 612 -688 -270 77 17 212 -749 -41 -399 -472 -357 -84 427 -100 -88 80 -122 7 -126 283 108 -207 -68 273 654 -704 95 598 -329 -631 -471 739 395 -166 -257 -18 -271 728 -203 -444 -767 -35 538 355 -132 -514 -330 -279 -496 171 27 62 -474 258 -65 -431 -110 1073 -520 80 196 -723 -186 -358 526 -100 -302 545 526 288 589 -398 586 -1032 -307 96 617 310 -450 -409 -508 212 172 23 631 -733 -244 15 291 -429 -395 89 -588 567 ]
[-15 755 -301 -49 -720 180 -243 549 118 -342 -695 331 -317 -536 -80 -1357 -291 -104 861 70 -767 178 22 -52 -553 -436 50 939 149 586 -405 39 559 -845 -103 251 -361 867 42 -359 -1037 55 309 812 -229 204 -62 780 860 -3 167 -1153 47 422 -305 -89 145 -802 -289 -368 579 179 169 -430 241 1249 -158 -284 -629 -140 305 -259 330 -106 -387 103 -509 126 -776 -783 -965 489 -247 788 719 236 205 -946 -19 374 -493 -839 -304 239 537 -111 -246 195 -186 -95 ]
[86 792 -254 892 172 -153 -146 161 -485 697 -576 169 298 -202 189 -648 -892 -45 -2 -509 326 -228 119 -98 427 -604 561 -54 -306 -717 -266 253 -528 400 -21 -369 -641 339 -27 -478 -804 164 -442 869 -180 367 97 148 923 -418 483 -511 -77 848 -116 -149 268 -577 -284 24 174 -50 284 264 -168 1018 -312 167 -594 428 325 -882 84 -712 442 -170 -570 -468 -678 -223 -592 -1042 -468 62 112 6 175 -172 -82 132 476 -88 254 461 583 78 -697 -500 -270 686 ]
[405 151 451 -40 -235 265 316 -384 -339 254 -1039 -263 -34 -72 -380 15 -269 -379 -69 380 519 -216 346 -242 -84 524 -226 -188 -6 308 -38 440 -35 -862 438 325 692 -452 357 -198 -54 -651 316 -490 -369 -383 -194 -102 286 -596 -388 -671 1000 -455 -205 249 -424 624 210 255 -92 777 -51 197 -406 -193 -168 400 113 -524 210 666 -818 -141 -289 -386 -40 -290 297 357 36 642 1531 -85 588 227 -436 674 -223 -708 -196 -580 612 -729 -517 -976 298 671 -1164 -443 ]
[-59 -234 -40 307 188 -110 491 -520 573 227 -142 222 -512 -405 -133 384 -628 -370 -385 -631 819 342 201 740 112 -544 412 -311 -701 -217 333 684 -190 988 46 -581 113 84 153 391 72 97 74 -370 -59 35 -290 78 -208 -58 -305 -72 -314 -401 -117 94 701 -35 193 -186 -757 -447 -293 184 -1133 -347 378 610 159 455 216 -244 -32 -144 -282 -377 473 50 274 228 140 214 497 -866 -308 -259 -261 456 -584 -447 351 558 822 144 342 40 406 15 -287 -2 ]
[-329 -364 635 -162 -549 216 -635 140 172 949 136 -195 -780 147 331 -982 -882 436 -509 -473 393 317 724 1233 628 321 812 294 79 366 117 582 395 -250 -196 -303 396 1043 39 168 8 174 32 305 433 -1075 -262 541 311 347 556 -509 414 -406 -715 -303 -151 92 107 34 -240 -381 49 -463 -1025 238 -328 172 -274 395 243 121 380 -84 -627 -160 -411 -312 80 -116 -144 -52 690 -619 900 -660 -153 -146 -239 -168 252 440 654 82 -323 654 -202 -395 -83 319 ]
[-171 154 557 -237 410 579 68 409 -707 84 -471 -605 -260 21 -567 319 -532 214 352 -263 1218 371 464 326 619 -1178 403 335 -453 -436 897 -367 -762 339 -323 372 -943 -141 -146 45 -835 -375 -795 303 218 -37 265 -486 227 637 -14 -105 -448 -478 516 -228 -40 392 -618 -519 -198 -266 378 -32 -363 -737 279 665 201 186 -141 90 -182 -44 125 136 -292 -56 769 188 -95 -134 -399 -136 -330 492 -243 808 -34 -627 677 -80 -255 -339 -563 -265 -449 116 -343 200 ]
[-334 -237 201 -247 -360 670 108 317 -652 -203 -858 359 -168 -231 -933 471 47 785 -515 -335 -931 -341 -221 -939 -22 421 -778 -126 -479 1037 137 -112 391 -214 -204 98 -272 547 252 15 -373 -106 344 716 -500 381 -576 -221 310 554 -300 -932 707 -408 -24 408 -588 214 -172 -204 -251 313 -105 -35 58 -1139 -469 -181 -284 -310 -883 -385 250 -148 -184 755 176 -536 178 -371 176 157 160 20 -728 -470 486 -68 -757 -603 116 -994 55 27 227 204 498 87 468 89 ]
[-126 -674 -47 313 -565 -349 639 -198 599 61 284 83 197 53 463 468 -451 379 -53 474 718 454 -332 554 -680 218 -767 -15 -228 -35 -176 56 802 420 135 638 384 1244 563 -119 373 -308 341 -104 1114 253 -358 -269 -415 -716 300 572 -48 169 -1131 366 -908 375 631 61 -146 355 -317 -127 266 -13 408 -35 9 -490 388 371 104 319 -165 -208 199 226 -51 -457 189 1187 27 -92 56 -308 -474 -271 -481 -248 -76 -50 665 -376 420 -506 943 63 -826 136 ]
[-186 72 271 -716 -385 -244 -332 178 430 -535 548 332 180 -203 -637 -189 587 -270 -294 282 -135 -187 -126 544 -580 954 -451 273 121 0 -471 123 -256 -896 582 -613 362 -399 -284 719 -147 -206 20 321 627 -559 292 822 -185 -505 -104 -362 -254 41 131 230 -302 -333 0 -339 364 645 47 -55 -323 -491 352 -1458 1201 -288 -695 344 -185 135 309 88 258 275 644 -25 349 -584 727 59 331 -1039 499 -13 1121 6 -297 -643 -336 -658 506 -109 147 861 -127 -359 ]
[996 522 591 679 300 -772 -322 -93 187 -58 379 33 514 -146 -361 -51 225 61 1245 874 430 -79 -851 -337 -117 -540 -82 -340 -53 -866 -3 -957 28 -124 -159 137 -194 -632 -659 15 -387 0 -464 315 193 898 104 381 124 62 -58 1027 -1116 -51 158 -166 -683 -490 -242 -380 929 264 -285 -318 34 -28 -274 -927 143 174 66 -404 199 -240 358 -62 465 508 692 432 406 470 -296 222 -439 84 -507 696 361 292 317 336 -480 169 -22 48 -748 -280 -29 57 ]
[103 92 -67 63 -332 -571 709 73 -518 467 468 -75 441 -663 417 810 -869 87 -1152 254 619 -266 1000 -530 34 -23 81 891 -395 -48 -315 498 -448 -298 620 315 157 -129 62 -123 704 -499 487 436 -322 -93 217 649 -301 -331 138 -210 775 -319 272 -547 -307 702 967 -123 -1445 348 -114 -2 -419 -98 257 386 -250 -245 390 -39 -31 -342 -486 -766 -23 115 149 366 -374 -230 -203 -787 213 -783 875 -33 62 -338 -192 631 295 -100 440 34 -337 141 -602 -392 ]
[-291 296 397 227 109 -310 -778 378 780 338 -445 474 -113 -370 -50 -351 595 87 48 537 246 600 -57 905 75 378 -503 -605 694 534 -284 -764 437 62 -586 -208 271 -337 -239 567 91 220 -465 -1109 283 180 57 -124 348 873 323 392 -207 338 194 533 -24 -190 455 -40 -8 447 320 6 88 -745 -630 -576 550 828 -275 -496 -241 202 385 -735 -639 539 425 1138 73 -1052 -32 462 470 -73 564 880 548 667 -16 90 -910 -546 -891 289 264 -175 256 -316 ]
[-224 21 -89 35 -611 -215 811 169 306 274 75 178 335 -201 -914 671 -194 189 -711 -377 338 -392 -425 -48 258 9 -446 -255 -790 -150 -172 794 386 75 781 481 -287 785 948 298 -144 111 179 320 -293 338 -522 205 -38 -18 -568 -642 848 -504 332 355 -158 767 166 -480 -792 -43 365 1355 -516 -484 222 -47 49 184 -270 -42 -257 -50 161 287 336 -13 256 -489 -686 554 -54 408 -678 -137 91 155 14 -155 60 -839 -129 -1123 292 -481 508 549 -393 195 ]
[-117 -39 -88 -38 239 180 734 -434 -119 -58 -1252 -559 -669 509 -260 -518 -384 -547 675 725 180 -16 -76 475 -1340 8 -485 782 87 -244 330 144 -184 774 -432 -247 -607 72 -912 -122 -198 -22 93 650 178 26 -182 513 -388 301 -293 977 -858 -101 -434 625 154 816 7 506 476 715 -194 327 -252 -27 345 -137 22 -111 686 318 -220 679 -35 -39 163 254 -406 86 837 450 139 -89 241 -34 -397 972 -888 -327 -340 -465 543 -14 30 -829 617 879 -834 -529 ]
[-53 -71 -327 303 -349 -132 1019 7 412 -246 1163 68 -567 229 260 -305 86 -350 448 -379 -513 216 -126 280 433 634 172 505 593 626 -38 -633 1018 -713 -119 269 169 77 -213 -105 101 483 56 382 105 -333 43 676 -19 66 -26 404 697 -299 -538 -101 57 432 564 160 106 -781 -112 445 275 -68 -311 -741 84 32 117 582 -181 384 242 -207 185 957 -298 -286 224 960 -450 -563 615 82 573 -92 13 359 -670 459 -121 -77 420 478 -540 342 152 220 ]
[-484 -276 -277 -98 -131 -359 202 731 954 74 550 -970 600 162 614 -869 87 -2 196 174 417 -61 -716 -12 281 -60 255 277 -97 -1106 -295 559 451 797 583 716 36 -484 -926 -92 156 317 311 -745 659 189 332 726 -140 -387 242 190 -242 6 12 -88 624 -465 -32 -414 934 -562 -466 -443 -232 989 243 485 527 286 74 -244 883 512 553 125 16 273 -98 -198 784 347 -60 -264 223 288 -355 -563 149 807 -242 628 439 633 -14 519 158 -65 -13 309 ]
[431 -504 -22 -652 -278 444 130 -588 67 253 -220 -93 -160 -96 318 -131 296 -432 -18 472 39 136 -349 -108 -385 -411 52 -425 217 267 242 303 -1 276 347 -590 -685 -13 297 54 4 -8 -195 -475 -498 74 -1048 421 45 37 -734 -1027 -641 -317 353 -435 -175 -774 403 -39 224 -474 -134 1014 -348 539 703 -259 -86 -209 886 -296 -350 293 267 306 341 -345 -61 -789 -133 909 389 316 -278 283 -15 380 119 -513 415 -521 -794 -505 -23 -408 192 192 -404 450 ]
[307 -1133 -233 -541 71 478 -334 158 -1209 -381 -90 505 -439 185 -461 274 193 -263 -898 434 -463 177 796 131 -802 181 -202 -88 601 799 497 -803 8 914 -536 299 -837 741 837 243 564 447 -225 293 145 569 -266 -965 229 777 -511 788 -36 -396 55 -393 -368 -237 -71 505 -482 307 392 902 130 -99 244 -86 -204 580 -639 116 -517 160 408 6 141 41 -259 -109 -170 124 -416 622 -765 -666 1053 -207 -262 229 235 -801 -165 375 62 -310 36 415 42 -718 ]
[1077 784 30 -75 -469 8 498 -623 -185 -170 105 152 13 -7 -1062 244 -37 25 370 442 -152 -814 -391 -1594 328 -268 -355 124 49 305 -558 6 41 -840 -14 257 -201 -367 -244 -748 -557 -259 164 740 -501 323 -431 207 122 -538 -367 -249 -200 187 115 -382 -418 644 -548 349 104 1341 -915 -251 799 -238 42 -352 48 -1336 -11 -252 -36 -324 -378 668 -55 -338 -294 -573 127 -508 -310 120 528 -804 -62 477 -203 537 -349 161 89 349 760 -157 -413 48 556 -11 ]
[-957 212 -255 46 434 533 248 399 -292 236 -734 -496 101 -508 223 1029 -246 -164 -996 827 -219 -690 -152 201 104 248 334 614 533 -206 -39 -397 -223 -101 -355 587 -510 -502 -940 -1385 683 -436 491 -173 215 -463 88 -483 -863 -410 237 510 -517 91 20 -283 -729 420 -70 772 258 492 -268 49 41 584 -66 -404 83 -208 348 162 167 544 115 -5 -696 -27 974 464 -463 -379 -258 -654 -177 -486 -299 352 114 -203 -493 209 -54 214 190 -8 228 241 403 229 ]
[929 571 -628 378 136 -370 699 660 -401 -528 -338 -180 214 116 -491 86 387 721 468 -327 -230 20 239 85 -331 -545 -92 404 327 -69 -542 -394 101 85 -648 926 -274 -40 -431 -167 -739 794 -396 598 281 478 296 -38 -90 85 260 101 -316 -288 -97 -758 -313 -93 154 -1105 917 580 -102 304 -246 -549 349 202 -280 690 103 245 542 -66 -99 -36 594 889 -857 166 -251 -73 -887 490 866 196 660 -673 -681 310 -490 -51 -184 126 -104 403 -530 -423 585 -350 ]
[-164 371 440 54 -231 666 -446 -498 894 519 797 686 153 -310 321 503 -235 481 -2 366 -306 21 152 -892 376 393 88 320 -650 651 140 -380 159 -659 59 65 333 48 656 -44 727 -752 -331 -70 -241 -163 -401 -21 -810 281 -406 -739 455 -267 514 -433 233 -493 131 70 -1402 -698 -365 -476 -74 -822 187 337 -277 -589 -485 21 105 131 -215 295 213 -379 340 -54 -233 355 -112 -57 -871 -255 -1077 26 575 262 -414 324 -711 380 298 358 351 -471 602 352 ]
[195 662 32 155 -246 898 -319 -167 -354 782 -841 345 903 23 142 -782 -931 -750 748 1 511 211 -365 -143 923 -379 -375 25 600 114 -487 -936 -173 -105 171 -259 145 -840 -226 295 181 30 31 501 -184 427 -18 1127 228 -410 291 95 -638 -45 374 -249 -124 815 -330 -226 -224 201 237 -728 -31 733 836 -62 -316 -418 600 -118 -56 -848 282 -729 168 345 755 213 350 200 -22 -214 256 590 -102 -489 -382 -819 -596 -76 523 224 -130 116 -822 139 -258 79 ]
[266 147 -484 -470 -25 655 -170 -136 543 -44 64 1051 190 204 -745 311 327 -319 -280 213 328 -213 -473 30 -98 -40 -36 88 -262 -473 -593 666 744 -486 -148 559 618 411 -578 -700 -267 1038 489 569 124 -291 -36 422 -309 9 254 475 150 -203 -20 -676 225 -187 -384 -1082 419 -101 41 -895 102 -324 507 -370 617 -244 -47 -376 143 -303 -161 615 -70 204 141 138 246 476 -116 95 347 -859 -218 263 -475 806 -600 -220 485 441 857 323 -198 315 344 -103 ]
[1222 -124 58 -237 496 -239 427 -19 10 471 558 835 135 283 -833 932 -388 -514 -365 527 -749 77 -134 -1279 220 605 173 -386 -204 677 -367 605 -19 -568 246 -445 242 -216 31 -564 68 692 644 -111 238 799 121 317 -22 -20 -5 -193 414 261 -706 422 -186 155 -357 104 -509 20 -1058 -852 560 104 -1 -279 589 -600 -150 -400 -496 -320 -57 65 -521 112 -160 299 892 251 -372 -950 334 -687 279 228 -190 222 431 361 166 -581 286 301 -661 168 -229 246 ]
[-19 -357 -658 -81 61 1171 259 268 161 555 -366 560 -147 -281 555 611 24 -113 391 -555 51 897 392 52 241 -476 429 582 -348 645 -110 -82 -400 77 -587 294 226 -138 -362 -535 528 427 -425 -91 110 358 17 -431 -416 559 385 116 -508 -718 -552 -1022 428 -556 239 -227 359 -421 -326 -907 307 -13 810 986 528 -269 -113 428 -63 -233 12 640 -345 -9 61 471 116 79 -396 -474 606 209 364 -575 -1265 154 -38 632 222 392 -321 645 46 236 360 -416 ]
[-1303 672 -712 54 -772 685 388 862 438 -66 280 312 138 185 -218 592 216 338 -79 -333 -244 313 -97 -551 1129 -760 103 421 -805 1001 -340 -216 636 -217 1 824 197 -292 138 -23 575 37 470 -173 741 504 511 -350 -758 -298 -666 -265 1011 164 -245 -143 123 582 357 -314 89 -168 242 375 901 -389 -214 136 -168 -487 300 -142 -172 -172 418 -521 -656 -333 113 -34 404 603 -641 -866 52 1241 319 -66 89 -278 -412 -103 -670 -549 197 120 216 722 147 57 ]
[70 -244 -135 -87 634 -500 795 1123 86 -437 134 347 -333 266 -679 1365 243 496 -1162 -1568 -407 -556 -728 -101 745 -342 192 -603 -541 227 -105 -299 -315 88 -90 184 11 1224 444 -424 -562 940 501 -186 -480 55 233 263 291 838 387 -303 455 -155 -434 120 -737 626 -754 -332 333 165 43 351 -492 -524 65 -91 696 239 270 118 -33 -192 -145 604 -232 472 654 -207 -123 -246 -451 -402 41 -719 33 -254 -497 -360 582 -64 -60 -702 136 199 -474 -302 -126 450 ]
[-262 -133 354 148 167 801 122 -7 -1104 -945 -399 -751 -1185 -448 -764 977 -122 -574 7 -754 15 354 57 171 -238 -590 259 78 547 -386 595 -378 -755 748 163 -311 -48 -743 154 -502 -186 238 -698 245 -590 267 -275 -326 -359 113 514 313 -640 -305 -60 -404 227 309 201 230 -513 -95 719 1001 293 -91 131 -182 1069 174 120 300 -900 -24 237 -302 341 673 -205 -77 12 196 164 18 -177 58 115 -369 -697 -654 248 -380 184 -350 -289 -840 -723 220 -282 -1045 ]
[-59 708 510 472 65 70 46 -177 -329 560 483 -703 -94 165 266 971 160 24 -150 4 44 -131 874 -1109 483 585 413 -318 288 463 -109 -267 -593 -154 10 -357 -72 -794 805 -156 544 -97 -363 867 -244 -33 -297 -194 -372 663 -266 -138 -391 -308 -16 -635 -86 288 147 338 -123 390 -341 795 -124 -212 -154 -45 -673 -212 332 670 -105 123 -14 417 779 -116 -187 416 -121 -1114 129 -321 478 -607 223 405 -695 119 490 409 -243 -397 -184 -87 -393 -615 266 533 ]
[237 558 620 401 -268 40 -416 -32 -129 206 -96 -211 -382 448 -411 -956 -637 -20 993 -57 916 33 -355 72 228 -61 296 -367 -556 58 716 -240 104 -1127 781 493 -3 429 422 299 -927 381 535 208 817 -562 -301 535 248 443 -510 -371 438 -547 -551 376 1026 -1476 -491 684 -165 -541 -527 -860 1273 607 -281 -761 -43 29 -703 -20 238 65 -489 219 -723 222 -256 975 -390 282 1072 -67 -50 -181 -226 -80 579 73 -195 306 381 91 398 -588 857 164 391 70 ]
[19 -236 37 -283 432 -229 631 -14 -275 18 -257 443 -353 35 -93 706 246 101 521 -372 -373 161 613 314 485 209 882 41 1050 537 398 -498 -116 315 -828 201 -478 -176 118 -777 91 722 267 457 -607 74 -101 -759 27 1220 922 -514 -729 -26 -206 252 -475 566 -464 176 -66 -854 220 291 -7 570 3 273 -469 361 965 214 -404 178 -756 9 678 118 -331 146 -567 -274 78 367 375 -113 -305 78 -575 381 356 -271 -576 -234 -241 -326 -783 51 781 -106 ]
[993 -156 -378 -179 -653 -354 1057 67 -298 -519 -321 31 473 -35 -686 -182 490 69 1271 7 402 -165 -759 -523 535 -452 -191 77 -271 599 -84 66 -58 -719 632 -857 -2 64 9 485 183 108 309 390 510 -29 177 241 709 -222 431 456 -136 58 -559 318 -439 1434 -310 551 540 622 -142 -203 373 -417 398 -9 111 -643 1221 538 322 -353 625 657 -178 104 118 -116 795 230 -11 -300 967 333 268 -702 -544 -255 319 -439 693 -41 24 516 262 666 -581 -289 ]
[268 -697 -257 -319 165 -126 420 -466 -150 -210 -156 -50 -455 604 253 -873 372 -383 661 221 185 -254 39 319 250 413 462 -163 580 -349 652 -82 162 500 -157 696 -209 -641 -632 -282 478 63 -69 -818 72 -335 -274 -310 -148 238 48 879 -103 -796 647 217 533 589 -611 763 430 -715 -115 -32 83 473 -217 -357 412 349 -116 52 302 676 156 210 373 942 415 -427 -268 -9 392 722 -768 480 -370 80 63 879 -453 518 -141 1130 -261 -346 -264 228 897 -212 ]
[468 284 477 636 -1101 -129 -302 -256 93 652 324 252 -175 -319 -597 -246 -417 422 560 492 288 -900 -465 -1062 -6 -182 -311 700 -749 23 448 -413 122 -931 666 -25 -89 289 1047 303 -622 -193 -257 1273 358 469 -580 1129 66 -354 -1029 182 272 -319 -764 697 -323 261 202 911 23 -147 -520 -767 770 78 95 -707 14 -367 -209 5 -401 546 -269 -366 50 -745 543 388 -277 290 493 -612 -309 -183 -187 425 388 -173 -605 -244 178 -15 9 -52 301 403 -179 100 ]
[-670 -151 -837 -107 -60 874 -447 -220 311 -668 -676 437 -388 -229 -11 304 111 -543 -244 -303 -1073 448 978 801 -209 580 409 -274 231 497 87 197 150 12 1 -709 273 -37 -371 459 165 260 26 -170 -1077 -102 214 -991 -134 -2 232 -378 -66 408 -428 -162 122 -52 -145 118 174 -463 476 295 -228 -345 -220 -689 -825 -98 -350 367 -643 -634 -126 -251 703 -53 -1139 -35 158 183 150 -16 260 959 453 159 -269 -15 61 -466 192 395 620 -352 202 -5 413 -967 ]
[-470 -176 -583 -183 457 655 290 406 270 242 -1024 -12 170 -31 36 527 10 99 -1080 291 -717 32 -118 149 -605 415 -143 674 -495 -608 -362 696 -501 198 -449 247 -389 -172 -458 -128 112 -65 -269 191 -882 149 571 -295 -196 16 456 72 12 67 -277 -560 -131 1000 -313 -218 -29 392 13 799 -1034 -358 108 33 741 -502 -592 -50 -47 -350 875 -82 -146 -282 181 -359 61 351 -144 -38 -590 96 -239 121 -674 -242 -344 700 -333 -811 528 -192 421 325 -215 -1211 ]
[-635 -40 -95 -611 288 -66 -988 -90 -23 504 354 635 579 750 249 -209 -342 89 -538 412 119 -228 -92 732 33 720 1163 197 -2 -727 -701 817 -191 -180 -204 -507 1015 278 -574 200 979 411 802 -111 -562 -407 589 42 -438 -460 727 -516 373 147 206 -122 -138 510 91 -33 -921 -231 320 -79 -64 575 -134 -606 -696 277 97 -464 124 -401 600 -714 -430 -985 -106 69 228 -272 612 320 -389 248 185 298 1365 -86 289 579 119 235 603 143 -1114 -328 1210 72 ]
[410 1462 591 390 446 3 -38 -367 -878 445 110 -477 -274 -273 293 -724 -133 604 504 52 -128 -114 111 -294 637 -28 -734 -507 707 62 -348 -540 -130 -237 -749 85 -76 -601 335 -617 -197 -203 161 320 492 416 -51 82 73 -839 226 174 446 128 -339 247 -606 -534 -258 -278 -48 438 -286 -1132 841 439 -1256 -44 544 4 -75 399 487 -219 30 516 -682 337 200 446 143 -1155 -62 -108 96 -518 401 -546 -143 403 -376 193 99 -152 -306 151 -1173 -324 457 504 ]
[-277 571 -165 103 -924 -232 -474 -288 -908 29 214 -726 234 -390 -49 -944 240 237 793 1012 1004 -569 -111 720 -725 -265 303 320 -48 -578 123 -309 72 -687 582 272 -15 237 -7 458 76 -775 65 50 1050 -481 -502 194 -906 -210 -686 861 209 -548 451 370 -202 29 545 230 -118 781 438 -255 420 -175 -270 -406 92 166 504 -89 282 196 250 -547 19 -34 605 -62 -847 -9 -202 272 -554 147 -100 408 770 398 -188 -415 113 515 -693 -399 443 -137 147 -227 ]
[-429 -464 86 -58 -177 -123 31 430 844 3 160 29 -111 204 503 465 294 488 -130 -728 290 71 345 27 584 607 -19 166 -322 169 444 178 90 -563 -382 549 -339 -352 -682 447 -76 -101 -389 -563 44 -890 24 98 -2 938 -133 -660 136 399 792 -860 600 -1194 -17 674 -616 -320 110 123 -163 -1167 -64 -369 190 -196 -1111 510 1025 131 -615 192 109 723 -128 112 -4 -731 -165 -507 62 -431 355 1030 688 325 -326 1078 -916 -209 512 102 849 -75 730 380 ]
[352 100 -769 -114 -523 921 -631 697 420 -215 -655 -121 549 -313 285 96 510 -911 367 560 -246 473 -41 -179 5 -261 265 401 755 -19 -792 441 571 -502 90 666 761 -1614 -287 -293 675 -410 -258 -880 -99 163 900 309 195 -649 -235 301 -213 83 1150 -212 1057 -486 574 -927 855 -165 -275 -664 -261 77 137 76 -265 77 -742 -41 53 69 -463 -12 55 74 -595 530 227 18 -44 190 668 779 -125 -30 -96 201 -301 112 191 90 31 -21 205 87 1210 178 ]
[-656 255 981 97 935 176 -979 24 785 718 -868 -90 570 170 304 -190 -364 335 -543 1154 -86 -206 0 65 -832 732 -5 72 -483 -610 -395 643 -122 172 -587 -1067 -26 78 -144 599 -746 -785 -145 -165 -725 264 31 139 15 -56 -589 -1043 282 433 -51 189 -908 292 -314 -230 853 475 152 182 -944 -350 -612 349 -624 337 169 -651 -65 285 -616 -25 230 -564 268 26 621 346 509 -64 -115 232 -916 1239 -347 -623 188 -628 -25 -531 320 -12 -402 -606 -464 1014 ]
[-502 147 211 -687 449 113 235 -181 268 89 249 73 260 -383 415 408 611 -92 -244 417 -321 148 930 -1244 231 440 -1212 -184 -508 369 -331 557 -72 42 -256 261 -511 -58 -138 352 -152 -99 75 62 -926 194 -122 324 -90 -75 351 -88 76 1061 354 -987 -649 165 -418 -840 211 279 688 -340 -104 -1092 24 -76 -305 -1154 -605 380 74 -468 134 1375 959 -272 -408 -476 193 -86 -607 173 -93 119 441 -195 -403 323 83 303 -393 -340 -222 345 -569 -53 -266 601 ]
[539 422 -168 -374 1313 -1050 326 -550 977 -325 -68 -453 -100 -399 341 413 -681 115 -237 318 -768 94 755 687 -1027 222 -754 -465 -376 -14 358 -285 156 -662 -802 -562 -320 607 -313 224 -686 -194 -123 -108 -639 -265 328 -1137 555 379 -43 -693 933 -217 -386 -140 -883 -29 -117 29 269 453 -266 257 -763 319 -708 517 -741 -181 -142 -22 -160 -216 -436 -323 -40 -205 -660 207 -582 1276 591 143 644 416 351 553 142 -509 -220 -124 -421 -616 356 -513 36 -430 -1325 -299 ]
[596 139 -133 35 297 -474 1015 -931 -328 578 398 -434 -337 42 250 390 -420 377 225 -541 -774 -515 422 931 467 888 584 214 -283 -99 653 124 -333 -842 75 92 -407 678 456 -367 455 -129 -8 176 -1063 -876 291 -323 117 697 854 92 1482 -674 51 69 54 186 -311 833 -528 -1793 -123 910 -583 77 -141 -599 90 -17 461 468 354 -518 -6 53 -115 -242 -503 282 -946 906 552 -204 -280 619 252 -336 -102 109 366 463 -426 15 -360 336 88 104 143 -194 ]
[-1042 576 -23 411 -48 200 -215 -52 -363 812 112 44 24 -529 -133 -984 -754 -370 65 424 66 -45 551 225 -525 987 828 366 436 380 236 -631 -519 393 -177 -259 -302 -784 180 -258 -137 -321 6 179 910 -128 -258 748 -30 -153 369 -1058 -225 537 -57 25 229 -17 -570 505 -749 16 -42 605 -374 216 -797 280 443 124 168 270 299 717 361 -1540 -224 66 744 606 127 -25 564 -263 -454 45 -546 -597 600 128 -191 -110 215 381 -61 -428 227 -224 -72 397 ]
[246 -849 91 -689 140 263 112 540 -67 -833 -241 -569 293 -557 -8 392 -123 84 256 730 -65 375 -53 -619 -405 -18 -687 -126 -120 -70 630 -824 -5 328 -308 561 -261 -834 292 461 473 -561 -438 -865 965 823 477 -182 143 507 -179 175 151 -275 292 -63 -520 -486 -519 255 -7 221 -166 -750 -60 -30 30 617 627 -345 88 377 -58 62 0 291 -19 453 538 233 490 1015 61 144 -477 168 -147 -846 -283 -540 -646 -667 -286 177 -435 -394 376 543 -748 -348 ]
[-454 -115 -308 198 -536 -262 -941 394 -307 391 316 -474 231 312 719 -1287 -238 376 -53 595 101 -483 1050 248 -97 414 46 664 319 -462 474 482 144 159 -111 323 71 73 -520 398 212 -249 -123 -187 190 -740 -96 1385 -251 3 -631 -430 29 -182 665 -191 117 451 16 -288 -457 225 -124 121 -1449 -8 -71 542 -635 501 169 1 1195 850 -726 -872 476 -192 -22 -346 112 -304 32 330 -649 18 -386 -171 1204 -31 -242 413 122 1045 -49 -240 -141 -874 -114 -291 ]
[388 -242 -342 449 -78 -540 172 -513 797 281 448 322 31 113 519 329 148 584 40 -200 -1142 435 -834 562 -593 -93 480 -160 -395 -193 28 534 61 380 718 -177 -321 1390 847 -158 30 656 261 -227 -375 263 -469 -285 909 -154 341 -293 -588 180 68 -599 447 -805 -2 -6 646 -821 -404 1215 -538 802 332 158 369 100 199 -239 491 -40 222 291 437 -33 350 -560 -131 1243 -640 -284 499 22 179 -266 -550 229 224 222 -653 -286 392 266 979 37 226 46 ]
[179 -206 -70 -829 77 -547 -144 587 149 -9 680 -216 223 -141 435 -379 607 174 767 1173 -20 544 -438 -55 -1448 -248 206 1022 59 -85 -514 -34 -496 -554 118 -247 -2 -57 -666 -430 -96 -485 458 509 912 48 258 356 -508 -256 480 -162 -758 396 60 435 -420 -149 259 -196 -186 326 -468 -731 659 719 160 194 -85 -260 198 82 448 336 -471 -30 -1342 -106 -396 331 -226 13 -1080 522 268 59 -106 -214 -283 649 -259 626 -38 66 578 278 -261 516 819 -150 ]
[-673 75 288 -298 -482 -462 -327 49 420 -455 372 -696 -118 278 434 -1072 743 110 -230 561 367 329 -105 449 -495 -458 130 227 -217 725 483 101 415 -95 675 793 -395 401 722 760 -86 124 403 -614 142 -386 693 -27 251 196 -286 -400 159 330 68 520 846 -334 -541 109 -71 -752 585 -134 312 -515 -321 509 888 98 87 748 -35 144 178 -54 -203 761 -101 374 688 771 -103 284 467 617 451 761 693 479 -253 -129 -247 -756 -537 100 609 310 -705 -115 ]
[1153 -202 -298 28 398 -176 -537 1209 -74 -670 817 -161 428 963 -199 385 -53 105 455 -292 -550 394 -125 -668 546 -323 0 256 654 -241 360 84 -714 -507 68 -457 -529 -453 -490 274 184 135 -746 568 474 806 520 768 -240 441 -174 770 -797 -97 311 -709 -361 407 237 189 572 358 -632 313 27 435 551 -212 -573 -29 9 -198 565 418 126 123 -1169 224 -161 -433 468 -239 -1082 -178 107 226 298 -363 242 -249 397 620 -856 -312 479 267 -1059 -161 99 -418 ]
[-757 -177 -57 803 -491 -351 -259 -305 32 504 -210 -522 895 147 1048 -820 -267 -735 56 1289 11 33 287 283 -255 293 -309 49 516 -143 149 203 551 571 -90 -425 -5 -48 -550 69 790 -546 -362 -890 185 -922 -469 -215 -41 -609 -512 372 37 319 -109 -428 299 -139 321 564 433 -333 156 1280 -319 1135 -200 -536 -640 77 560 69 125 853 -232 -132 270 489 -710 -476 -614 127 154 312 243 1146 -577 -121 431 771 -203 459 -160 145 -274 210 325 -8 -274 309 ]
[-554 618 -31 -14 92 439 28 107 457 15 185 -1009 961 -146 371 429 -204 254 -446 134 388 263 676 401 116 -649 660 -27 -305 -757 445 -159 -41 644 218 361 380 -798 -551 -72 785 -780 -301 -559 -227 254 932 -669 -902 -75 -35 262 -1110 -52 322 -284 677 -545 -84 -561 -681 -786 160 198 -357 235 396 -7 154 -134 -478 -222 -165 -900 -220 -354 1114 -227 5 395 840 406 258 266 -750 292 -248 -47 489 -590 385 677 85 -292 754 -260 -260 2 -163 -939 ]
[341 -94 -270 223 314 -573 -72 860 102 -138 1085 615 624 756 117 16 -89 -75 91 -928 -292 -202 -166 168 13 -376 346 -166 -24 -1005 -408 47 -1028 743 135 -550 -213 468 -432 2 -311 610 457 768 -432 524 15 928 39 -263 375 326 -596 286 -181 -277 342 -70 -15 -409 0 333 -275 274 -650 842 235 311 -97 539 742 -455 644 64 -44 -875 99 373 181 92 428 468 -693 -421 -481 131 23 -1057 -378 -956 506 829 -251 -138 1205 137 -276 -535 -205 -581 ]
[-325 530 233 -162 -253 212 494 -106 -412 779 61 -601 -1249 -59 631 414 -31 615 -447 -598 -438 -513 -484 -779 230 -86 -51 -37 -551 295 -145 -359 -227 -331 318 643 363 426 199 -382 -193 247 412 876 -44 -881 -697 116 351 -44 164 86 876 -629 -246 347 425 -534 848 520 -360 -69 -893 -29 423 811 -177 975 -102 -205 519 570 -30 25 634 500 -657 -354 561 536 -566 -301 398 -948 310 36 -67 -238 -938 -394 -67 53 -397 -298 -258 10 693 611 -548 68 ]
[-583 -301 -355 -343 -815 207 -92 781 434 -4 -595 -260 244 11 183 -159 -134 -125 -302 -55 526 -9 861 -152 26 405 49 274 -1192 424 469 1164 313 55 376 960 666 -281 -181 119 506 -637 161 -583 1207 -798 650 393 290 -236 -74 -727 604 -405 -441 -700 1356 -707 34 -362 -73 -521 -54 -104 -451 -322 873 103 125 -646 -208 53 612 324 -450 359 144 318 -888 25 299 792 330 -438 206 322 -284 -229 537 -286 -376 73 1299 207 148 39 1110 494 -498 -85 ]
[166 193 -85 138 768 -1172 -427 800 432 -1922 479 -129 344 -173 -527 201 631 -584 -39 -481 -715 117 -809 348 37 -190 -308 16 503 -138 -260 -337 388 268 -263 -338 205 145 -256 216 -713 1042 166 -44 106 521 627 426 -30 -74 446 339 -658 106 -654 684 -119 -123 147 -1567 639 307 -62 -536 69 243 -82 -368 374 737 -692 140 208 360 949 -264 752 530 337 76 671 92 34 26 505 513 534 -426 124 -92 -288 255 424 -74 -716 70 -513 -906 9 -303 ]
[538 -874 183 182 102 -611 -47 -383 801 -196 88 -65 43 517 523 883 -433 -399 164 235 -72 -7 289 494 -342 571 -289 -186 172 -743 -47 557 23 800 -394 250 -35 -5 -780 -59 791 -428 -14 -883 481 608 -169 -50 -611 -290 -528 1189 302 -227 189 -240 -489 326 453 449 -23 433 165 -255 -838 -252 263 39 -465 268 314 -311 870 9 -630 -438 678 142 -104 48 2 785 364 -68 -1019 246 -1137 134 -154 -166 -199 1097 217 494 -387 -363 615 -403 129 -250 ]
[450 1219 235 789 -391 108 -461 -1007 -1026 664 -467 -80 -244 312 319 -234 -214 551 -98 -145 -552 -1327 238 659 -247 245 343 50 240 78 202 -703 -378 -634 20 66 -60 -14 650 -200 24 -481 147 465 -919 -159 670 36 74 225 154 720 690 -87 -89 171 441 271 287 68 -564 -304 414 666 135 228 -264 -543 -249 262 433 24 -835 287 -164 -593 -468 -418 -165 557 -785 -118 131 130 217 519 80 -182 347 -330 -235 -515 -25 -51 -383 -523 589 -348 -203 -975 ]
[689 -264 -196 991 1029 -458 -236 136 155 470 -895 -562 275 359 194 209 -58 -144 -143 -153 830 -345 -501 153 -56 -318 -651 -967 194 -900 -298 148 -298 377 -934 354 -174 432 836 -272 -640 195 -903 100 291 -185 -33 145 545 -39 -16 920 -19 -144 -162 -8 62 320 29 -330 775 1012 -274 494 -696 622 219 319 -526 239 308 452 -39 659 -535 593 -30 -3 6 -257 -1368 -766 -56 294 497 75 -1042 -201 -529 -600 -112 363 442 -462 222 -309 -382 -557 -364 277 ]
[-64 -584 -325 -595 -104 498 -167 -335 102 602 -72 -247 -622 -507 381 -688 13 -934 -44 287 -965 320 47 614 266 247 -128 278 1070 -313 -493 160 647 853 -580 -437 -596 81 -269 -806 294 123 -113 -731 -768 -745 -35 -42 463 -88 500 -516 -589 -402 114 -776 -534 -310 -583 667 868 -90 -507 135 214 579 35 -328 699 481 -651 402 -117 631 338 558 -16 -32 -69 -86 -14 -249 377 980 514 -25 261 -747 -51 455 -220 -500 557 330 -539 17 -79 24 811 626 ]
[-496 767 -162 -492 -409 -261 -294 -236 501 40 -130 -157 633 -455 110 -255 -870 -508 -272 387 459 525 427 588 140 -406 173 35 -532 -266 20 596 263 132 592 -60 121 -436 -739 384 110 -180 77 -512 -523 -92 717 -279 -417 -53 116 -385 -161 -209 1246 -383 260 -437 169 -614 -584 -7 408 -149 17 -438 -303 -112 687 422 -803 -588 126 -819 -427 -531 750 34 -214 202 470 581 144 48 357 -96 472 -165 654 -1 -354 -137 267 -290 64 -64 -382 103 81 -537 ]
[-242 -369 -485 99 17 313 -142 549 -301 452 -1286 -210 -291 -69 -153 -1064 -983 204 211 195 321 -36 102 1366 -923 -553 260 1119 -186 445 537 495 90 -380 641 41 -869 997 315 292 -658 9 402 133 79 -281 109 678 609 237 -522 -196 -396 -153 -154 155 274 283 -380 284 11 -682 123 -214 -59 778 831 -346 -367 605 189 461 197 574 -633 143 -955 -82 491 -21 -318 501 -242 -237 831 304 445 82 268 -234 -547 -300 1068 500 55 703 648 963 46 -482 ]
]
