[[543 566 125 -110 275 -178 -762 385 228 -601 106 -76 564 473 299 790 -288 -58 495 -194 -259 132 341 411 284 -480 253 174 -88 -48 -329 -154 -330 866 138 -337 95 122 -140 -467 -56 -243 -88 -251 -7 -58 20 137 -221 276 63 -9 -222 -162 36 -190 -299 -513 -378 594 98 96 -168 283 42 -179 -79 -8 115 -66 76 19 299 -129 367 -151 -200 456 317 1265 -248 176 -552 -273 349 -144 667 -526 172 94 -493 -50 511 -407 -93 208 442 -46 -534 37 ]
[122 -374 251 328 -263 -15 242 -221 95 -128 4 650 759 418 -131 -156 563 -130 -150 62 277 -444 -9 -119 94 -58 283 503 -355 -50 -24 127 -353 -52 446 328 531 97 370 -598 -170 306 197 -339 -477 -133 13 153 -210 465 639 -596 -179 -242 -619 71 225 -241 -85 -858 -416 -35 10 -135 -884 18 -92 397 -208 341 176 79 -112 51 -313 75 -623 -598 383 89 -30 345 477 -518 702 122 95 142 105 116 -282 66 171 10 -140 -9 15 -1084 -350 -614 ]
[537 38 309 -118 -210 -264 -290 -331 202 202 325 -25 -28 425 373 35 -436 -92 -163 105 2 -996 95 1053 -279 -135 -152 -285 -888 -512 -265 -85 687 66 68 407 -69 -11 166 114 104 -226 95 -141 -195 -115 454 1 -128 322 -213 -595 -160 312 -407 -110 -165 154 -87 -253 127 103 297 -1 -631 -91 -13 -81 -338 42 578 -254 16 -406 -511 182 -73 -380 487 249 -125 61 838 -450 515 -378 -355 169 -269 -247 -390 227 429 223 -413 -863 39 310 -1028 132 ]
[265 -378 -252 325 122 -407 -371 -120 -539 -76 -9 154 470 160 1086 297 -510 356 -59 61 198 -373 643 220 -22 -277 -214 -821 -682 614 11 -589 279 171 -429 -461 658 557 -133 -154 -179 123 192 172 -37 -542 -135 18 -299 122 -304 -464 -58 -55 -402 -412 -313 457 -184 793 -206 367 329 264 262 57 -210 -27 -176 228 66 -427 274 182 263 -271 79 -331 465 548 -413 49 280 -52 -492 -333 -21 281 -358 204 -118 4 -111 416 -370 -770 14 -732 -532 60 ]
[-82 -405 -412 -505 -142 32 -257 -454 813 335 298 83 -1272 -295 144 -64 -100 214 -74 855 -482 -8 -708 123 -246 465 -336 -460 -346 103 94 -448 404 -277 -199 19 -237 229 -171 166 138 -528 -11 -66 382 468 20 280 169 -483 -144 651 165 461 -149 -511 304 775 252 -419 -204 -513 -235 150 344 -862 536 -763 -161 -399 -272 153 157 617 -112 391 -378 -776 -45 -770 221 -100 -502 432 -191 -189 -563 325 201 32 -154 3 -64 289 234 -404 8 1029 399 137 ]
[-118 517 50 -370 -201 515 556 -503 715 -209 75 778 -386 124 -742 -171 836 -139 331 604 -620 539 -1055 -592 -92 -350 132 -137 573 367 -163 241 -125 302 316 37 -344 -131 -354 -109 -104 143 -294 -271 55 86 28 -181 283 -321 -56 -96 -346 88 32 205 -445 686 671 -232 290 209 -340 -351 -315 -772 591 -405 -256 -31 -249 356 -344 166 -60 698 -113 -301 -577 -226 304 -194 -591 -1 -99 285 -554 209 420 -171 -346 -265 -332 -218 946 164 -250 -207 -54 104 ]
[-508 -304 -317 156 -135 466 145 68 -98 -161 350 11 -113 -454 108 209 -350 343 -111 595 -277 -81 -321 73 -322 80 -34 -137 281 -111 -386 -330 263 154 -164 341 -265 252 379 -78 21 -428 -293 186 537 549 474 949 -414 -579 274 866 638 146 -8 -19 1051 317 -83 -567 -195 -690 -177 447 616 238 608 -546 603 -218 -305 22 114 486 38 -439 -31 -335 -12 -499 -505 -183 -308 46 -337 -491 -217 158 -166 467 625 -173 -276 156 264 770 -314 207 378 -563 ]
[264 -286 386 -675 -68 -223 -638 79 6 381 -25 -647 -495 -139 -25 -323 -99 259 175 72 -366 755 174 -598 75 29 54 739 269 92 287 139 -1178 -641 -407 -300 -453 370 196 150 248 -426 -142 -103 -234 -154 -274 -202 323 97 57 221 153 166 137 355 -54 -207 -466 -652 490 -590 -163 412 73 -41 -294 -14 26 -51 -516 146 445 -225 227 -101 65 508 -220 -699 636 327 -527 383 656 186 6 -32 221 22 458 -546 720 -222 -331 141 622 910 367 279 ]
[-62 81 142 25 -87 -65 665 -122 516 -171 48 -119 -717 242 303 -220 670 -437 457 907 233 -90 -600 -858 -184 -169 147 874 -340 -48 -86 306 -517 -220 431 -71 -361 -342 185 187 327 68 -155 -89 264 130 -466 -599 149 -34 -446 -449 69 -125 510 407 -166 286 56 -43 -25 -398 -243 -379 -374 9 123 74 -328 768 -500 534 -536 139 -489 486 164 537 107 -231 606 -49 -545 563 446 599 -95 375 664 29 -183 -254 -446 -426 336 -46 -320 -456 -89 -91 ]
[-524 -156 -648 230 -372 -18 9 -19 -55 651 788 -343 -609 -117 617 -21 -275 -105 264 858 -109 -889 -77 535 431 -298 -153 54 -390 -599 -24 -121 220 -381 -449 -218 -496 422 414 573 251 -238 -169 -239 571 788 -62 222 -541 -587 -66 707 840 -375 357 -144 254 499 -58 -110 -285 -488 259 648 357 -136 -44 -353 -395 40 196 -184 -378 168 129 172 -106 -80 223 -428 -184 569 -382 653 -294 -34 98 332 -281 -214 -128 563 -646 -659 152 -112 -129 313 -215 -488 ]
[384 -75 478 -240 -491 -6 467 -176 -558 -103 407 290 576 385 573 -101 489 500 -226 174 -488 85 81 -627 -518 -79 604 185 -121 133 -234 -167 -86 593 -22 -392 662 -26 28 143 -39 39 -54 74 87 -737 -212 67 -56 153 -973 -817 373 -72 -391 269 -54 49 500 304 314 967 334 61 -310 448 -143 448 -401 75 225 39 -186 173 -224 -449 -185 99 -314 380 -106 -635 331 -508 -184 -24 -404 222 -222 -576 263 -431 77 1445 -267 -254 -174 -973 -399 -94 ]
[-556 -161 -310 -512 184 211 261 -427 -283 785 -308 169 -834 -565 658 -387 270 363 -647 41 -308 403 -4 -734 -209 392 -224 439 286 -22 -24 -25 -619 -121 -275 69 66 222 -296 366 188 -283 216 -240 102 62 -134 175 -175 -319 -664 714 542 559 703 -22 -171 356 552 -467 329 -311 443 200 474 -157 249 -434 -107 -861 -617 723 -321 439 -377 -431 -334 143 -997 -366 304 -341 -370 249 -400 -96 -628 302 450 -172 422 80 786 502 95 -395 323 334 315 660 ]
[223 -403 -90 -375 129 -315 -488 162 -187 431 -779 -647 -26 -423 8 -84 -224 426 -615 -606 692 278 206 -488 3 218 -426 -500 -458 -59 529 -183 133 -798 -240 -307 -46 -382 77 -261 239 244 25 375 -969 5 -211 -375 298 387 472 -145 -777 353 -289 -77 620 -85 -462 195 -71 -180 406 244 1036 368 70 -137 140 123 -13 -68 416 -853 520 57 715 -658 563 -906 50 -239 366 925 -177 -290 390 -208 69 -253 304 -3 -545 432 -109 -126 20 426 984 484 ]
[83 615 638 -528 -271 -137 483 36 -284 -70 -294 -340 -18 249 364 122 -123 -6 172 442 -120 321 -521 123 -674 -444 -342 54 330 430 -83 713 -395 308 -100 88 -642 -398 263 -39 -444 -95 -442 669 -541 -221 833 -463 365 -100 -127 -632 -210 336 -372 1137 -38 591 -61 434 480 -710 -294 81 390 714 546 -301 555 808 -184 -242 -600 -863 119 34 1348 198 159 -29 -242 -754 348 420 238 -165 138 220 -78 168 874 -398 -1095 398 450 384 -1267 -324 319 -150 ]
[-395 -285 499 129 -153 593 595 759 -712 -701 232 706 516 -275 -1032 -366 466 305 -255 -891 189 175 31 -946 -755 41 194 -384 161 987 -233 165 237 -57 39 -100 424 -12 -98 103 -334 332 226 -74 434 -305 -351 -56 691 169 -76 -379 -570 -615 -53 78 -67 267 -147 67 190 871 -130 -390 -269 451 -84 822 518 303 -26 -338 -390 -163 -410 -211 -325 58 -174 -770 -51 -122 710 -868 -570 -93 -611 129 -269 -46 35 -305 153 567 -111 365 -486 -381 -58 -342 ]
[97 -270 -77 -304 391 -383 -217 255 84 -634 229 392 -94 -136 21 627 230 287 -114 204 -35 330 -311 -312 -545 448 274 32 271 1311 308 21 -191 388 549 -385 472 208 36 -132 -229 -13 4 -289 673 -131 -573 158 8 414 47 -436 -257 -326 492 -419 -435 110 -145 1128 -542 320 -931 -519 316 232 -484 25 -17 -225 100 -14 -207 413 -74 213 -166 63 214 326 -6 -327 -222 -633 -472 930 -78 556 -235 166 -636 -316 218 -77 -76 219 368 -194 342 -598 ]
[-187 117 506 -61 12 22 302 423 -705 -455 615 321 631 -336 -449 -97 153 -17 -87 -452 -190 -268 164 -539 -281 -510 345 -44 482 -77 -491 415 -25 194 -173 -573 -637 -120 317 547 61 -417 -334 -841 521 109 -569 -85 36 -154 144 55 -424 -473 1113 15 -617 -235 -202 846 -150 524 94 -144 43 464 -118 -9 -840 456 705 -153 179 -545 -158 114 595 243 -30 57 199 12 203 468 -438 460 258 -218 -634 -432 -370 -430 -392 -119 -61 70 154 -133 -651 -570 ]
[-550 586 -137 122 -594 532 562 128 250 494 -758 -29 -928 -685 -506 -209 873 548 174 344 -472 1060 -423 -584 142 164 264 56 318 69 -133 -117 -140 -152 185 106 -363 599 -224 -304 99 173 262 61 -54 -16 -231 176 366 -567 -43 46 280 -180 -341 386 711 160 317 -1104 759 209 -200 703 -207 -738 414 -241 525 -239 -624 770 -21 81 -76 -41 -917 -521 -585 -466 594 -120 -458 -103 18 -244 -483 -56 462 278 109 -12 397 473 359 426 -536 -19 435 -29 ]
[-221 -275 -91 -279 -100 718 94 -657 -112 -139 -481 106 -111 -300 -198 -219 233 -73 151 103 -178 368 -397 -1162 584 -669 -402 -299 882 -64 -590 -253 -309 239 -185 -668 628 -113 -298 -442 -56 547 -291 12 -133 -215 474 -36 -102 -19 -424 496 -274 206 11 -145 -216 799 404 -415 310 -72 705 96 244 -235 452 -472 -331 -91 -764 51 -205 410 473 169 0 -589 -704 -658 -321 370 -1093 265 -597 -797 -292 421 718 -244 142 -228 -386 105 263 806 -357 -285 339 889 ]
[320 -346 -39 290 121 -102 -804 -1035 710 -29 33 559 467 107 448 598 302 -243 -23 457 -704 -59 411 289 576 -122 184 -674 145 196 -228 -67 -26 565 395 -189 447 474 -434 215 -131 -189 -79 -509 166 -557 -12 344 -879 301 169 242 -279 578 466 -571 -1145 199 96 618 -496 684 519 -96 -987 -519 -11 -649 -1132 278 151 69 419 961 351 630 -213 -488 -181 1001 -368 342 -127 144 -236 68 366 686 -334 -261 -1111 -151 559 -86 -399 -648 963 -280 -426 -433 ]
[109 632 -116 -1023 172 338 195 436 390 -103 451 294 414 787 -169 532 374 525 -395 -506 -71 158 -681 494 205 -649 191 643 294 -61 32 348 -905 419 37 -238 -579 -220 195 -538 -305 242 -423 -670 -781 400 586 337 -305 -30 431 124 -339 131 -267 427 211 -385 252 -292 253 -540 -312 453 199 1 149 190 50 -1304 281 327 -622 -551 728 86 -746 -577 -103 623 -159 -148 -376 -1138 439 176 -94 -190 370 -778 242 344 132 -344 465 565 426 -638 50 74 ]
[211 -194 -517 330 -196 374 -597 952 242 -366 213 37 725 139 -334 974 -326 823 -436 34 -1 265 37 88 -26 -373 875 -668 -518 341 21 -216 75 38 266 -260 33 369 83 -424 -344 729 -215 412 -438 141 -638 756 -124 -341 492 -147 -525 -621 -778 -108 673 158 -580 718 -619 405 -371 561 355 -75 -110 271 727 220 393 296 553 460 667 312 -791 -580 541 677 -316 382 -19 -341 -87 -308 -308 -159 -285 475 -294 -49 81 -133 222 143 145 -621 90 -827 ]
[-351 141 322 -383 309 -413 86 1003 -147 -27 -413 -324 279 -388 -159 156 -23 -10 628 -1431 86 32 642 130 519 7 -196 -57 654 90 678 457 -411 -419 -949 -1229 -760 255 -121 612 -565 81 -51 18 -115 669 -511 -603 401 -402 191 409 -423 -466 -125 304 -125 -1104 -540 581 83 -288 -489 619 276 44 -162 1008 181 -92 -81 -417 590 -553 595 -182 -28 501 -165 -403 105 471 -594 240 187 151 1086 -995 -261 -261 102 276 -294 -450 -495 106 -746 713 651 -122 ]
[-101 -244 -618 -116 -626 594 -602 123 598 315 179 -779 -790 246 1083 446 -262 347 549 687 -642 -153 -4 -708 489 -756 821 -669 -452 -381 -229 -234 -265 37 -393 -917 -723 1011 202 344 220 256 -157 460 465 91 -677 -194 -442 -679 -1040 -477 571 -108 213 45 -78 430 -82 499 421 877 422 621 -144 79 197 162 -507 147 -230 523 347 917 271 226 -521 845 -127 325 -508 113 -850 -318 -105 -595 -67 262 278 118 -143 -429 226 103 -252 -226 158 -224 -351 112 ]
[428 -422 27 365 -128 -535 -883 -323 48 -285 -217 -62 590 -678 -371 564 -1109 136 275 48 -210 124 669 311 -73 209 -198 -511 228 47 -432 -416 542 332 173 -484 215 -166 97 61 -350 -486 -46 -108 296 74 -185 623 -600 205 -182 501 -770 -497 -217 -445 454 -530 -599 793 -66 -7 210 459 350 -163 97 -674 459 -409 478 -297 773 -185 190 -44 236 -404 20 192 -288 495 -354 351 -207 -114 699 -144 -997 -151 -888 350 381 -196 -256 285 354 1417 29 -311 ]
[-1053 -248 383 728 341 -101 331 -235 -753 630 -804 -239 53 -930 -321 123 822 64 -379 -653 792 898 602 -218 411 883 -154 250 726 -310 621 -151 3 -169 103 -37 791 124 54 100 306 174 450 -145 348 -448 -301 467 -63 -29 915 554 509 121 741 -559 110 74 211 -526 -383 32 500 159 340 506 -403 -117 -463 240 78 280 154 -4 272 -305 256 -588 -643 -71 208 -132 -208 591 -847 334 273 535 -95 -248 427 419 256 187 -537 111 730 174 965 -266 ]
[608 731 272 -651 -625 257 36 -20 727 -281 445 -203 -257 110 72 318 -37 -162 172 -48 -448 126 -266 192 37 -292 -278 -2 -285 -232 -279 477 -167 219 -28 -562 -430 -252 -649 556 -662 -614 -406 -429 55 396 -22 -362 408 -333 -447 360 -335 103 -85 380 -41 -240 198 398 -291 -2 446 175 -766 -1014 -227 -199 -350 -120 -150 236 -365 236 -103 788 -640 -729 -251 20 305 21 -6 320 520 -469 -247 -83 74 -1199 -649 381 -100 377 310 -317 -449 1052 -206 9 ]
[-82 -326 -324 850 -505 573 604 174 186 204 -196 390 -111 -857 -777 -68 -114 91 -667 -154 550 -272 356 -166 -173 601 198 181 -540 -615 -609 -220 295 -595 26 266 -245 -110 299 113 189 -178 274 -498 -21 289 -615 449 220 -306 -461 463 277 -410 -199 -541 856 -231 556 -568 -505 -65 1148 -85 -534 -630 -445 53 -223 -208 354 92 15 310 -494 50 -1243 -933 -231 -115 387 -21 522 477 104 192 -516 -430 -545 -12 -253 214 37 770 479 -395 -26 442 -149 -147 ]
[112 11 77 144 -100 223 708 -357 909 643 635 -333 -1049 66 -805 -20 484 31 -173 795 -297 -803 -1306 226 -291 -221 320 -656 324 -1003 213 -157 1167 -28 462 83 -884 14 351 396 524 312 -446 -417 327 819 -237 210 -366 -479 425 -435 -136 37 25 -219 235 830 506 -556 -179 421 -474 -45 -238 -405 143 -847 -1275 71 1134 616 -90 -13 -840 1413 245 -936 154 -137 -10 16 -182 489 225 198 -621 132 -71 -163 -496 -166 -946 -368 -258 -116 -515 -130 65 -29 ]
[-637 -298 -371 628 -223 343 480 -453 -824 -579 -220 527 581 -156 92 -650 -335 -115 -5 198 883 -63 -128 -84 42 164 -278 -442 1479 630 -268 378 85 -342 -133 423 112 119 724 -769 -1055 779 115 169 120 -852 662 -114 290 -461 383 -520 13 104 646 24 20 -330 62 -138 -844 -394 -353 -1314 -287 255 -197 -82 325 103 3 -265 378 548 41 -291 597 -331 -96 -358 -186 -301 564 -548 -634 -19 -379 554 -144 670 610 -949 -847 161 347 716 2 -1295 372 -143 ]
[148 220 28 96 -210 263 -639 -341 518 349 372 56 17 -488 254 -90 -859 -291 -52 156 106 365 410 858 -566 861 -371 40 223 -455 -383 198 195 401 -479 743 9 125 -394 423 -873 -508 -170 423 73 -203 340 96 432 -401 -246 1069 -30 795 -18 -383 90 -20 -1 -266 -129 -959 162 -395 32 -337 121 -438 713 -191 -109 -28 398 728 -405 -189 326 -357 -18 240 73 -75 141 426 33 -419 -491 -212 -98 331 284 -110 311 558 450 -60 -67 1806 579 203 ]
[299 369 82 -959 540 -50 -144 -516 511 503 -62 457 -910 462 92 -137 370 -32 204 14 72 320 -116 -364 -415 -10 86 248 187 -485 372 369 -387 -63 -330 -470 -210 -53 208 198 210 48 -49 4 -195 453 -592 -445 -100 -295 -456 168 -381 92 226 -406 -539 715 291 -22 559 -599 -732 -428 345 -282 253 -556 95 -161 -170 479 -2 -253 -568 23 216 1113 -459 264 6 359 -1439 940 436 -184 -8 -298 791 124 149 -512 280 -289 325 -292 391 602 344 1138 ]
[-784 267 -346 -782 240 158 1039 -370 191 -229 -538 429 -402 -446 -95 -235 898 159 -650 -147 -396 59 -1065 -333 -33 -28 -361 412 677 50 -529 628 -523 396 347 216 -91 -453 -372 -60 90 -859 -43 -675 -497 354 720 207 302 -219 338 -173 199 911 677 359 -203 -558 571 -195 -213 -478 5 -81 199 -386 884 -466 -557 -561 -90 157 -462 -203 264 176 472 -518 -360 -164 409 -734 679 -122 -125 533 74 4 337 -316 -30 212 -703 -311 748 507 -313 -500 427 -58 ]
[-60 314 -159 -1070 -311 -24 -323 -137 579 565 -339 358 -1008 -189 -87 198 627 -481 -579 -218 -155 -249 -74 711 -421 597 -260 -339 -541 -614 -35 295 450 -9 -197 402 -400 -628 80 579 610 -432 1009 -137 225 530 -41 -409 665 55 -69 911 -302 231 430 -678 -416 75 777 523 92 96 398 -491 36 -562 1022 -299 -86 107 11 -67 -134 -305 -698 43 20 143 -532 -241 241 -768 244 1085 29 -574 976 -157 -59 -462 -292 495 397 1277 51 -1096 79 1107 459 541 ]
[81 -193 364 23 -539 -487 246 -204 -243 567 487 -661 -294 -445 -782 -211 -451 -422 477 341 -519 -335 582 595 -283 -88 110 199 93 -388 -121 -258 408 313 -467 3 -265 -240 3 1722 -49 220 -154 216 485 13 62 82 -380 209 -980 297 692 -266 -1101 619 -7 -132 20 -166 1154 105 798 680 167 401 -78 578 -162 -164 395 -859 -178 -281 163 10 441 135 -171 -414 -383 -55 -161 -70 -148 52 -124 309 -1273 -543 -27 664 -261 452 -653 139 -1052 1176 -111 278 ]
[678 255 -545 300 -126 142 11 12 564 -459 -605 151 219 220 -349 225 235 245 -19 105 64 774 -84 144 151 259 99 223 -283 -85 117 -203 -19 -575 -102 912 690 -270 229 -653 751 257 302 147 -315 -723 -281 -286 425 78 151 123 -188 40 -50 -488 227 -415 507 -238 -25 -46 -56 -552 -563 -1142 -615 257 586 -90 -756 18 571 149 -348 -648 -883 -47 -46 441 855 86 -212 -167 799 213 -351 -469 493 -139 127 -404 878 249 335 -320 1070 -92 -305 250 ]
[731 205 698 -1180 -179 466 -838 -41 634 808 91 -416 -476 -386 72 532 219 429 125 -717 -210 241 -25 128 -574 -83 -473 -649 64 -171 616 101 -16 301 238 -41 131 503 196 281 247 33 -448 -200 22 42 -226 -635 473 453 310 -32 -760 861 634 -460 -409 391 -154 -1031 585 209 45 -41 -433 -207 46 -225 -77 -215 -570 -5 -128 -435 -814 270 -160 -576 157 -1060 -455 17 -287 -486 410 -523 -358 125 216 -1093 -528 -487 1208 373 -332 -48 445 1596 458 732 ]
[331 25 897 -10 -254 -182 178 73 -854 -473 285 92 797 -93 723 33 -116 -535 50 -72 -460 -142 449 -319 -797 -684 -275 606 86 269 -594 235 -893 1110 589 -289 400 -280 -293 291 -488 -218 -197 -345 249 416 485 484 -371 427 -239 85 -83 -407 -44 661 -31 -479 -785 -640 -356 -433 504 662 -640 -218 667 -324 330 676 -456 -350 -389 -302 -471 84 595 148 -132 -142 -395 154 650 596 272 -1195 971 -210 68 -191 -368 -154 217 180 -583 258 -1298 -332 -230 -306 ]
[754 -162 402 -1 -1 353 -432 395 284 74 634 -117 -389 356 638 -91 10 93 -42 595 4 -351 -270 647 -219 -131 -511 -321 -1035 435 -870 -373 389 -9 515 209 355 -284 269 -564 528 235 -82 57 264 154 1027 229 571 442 -634 -30 -296 189 146 -139 195 886 -415 -674 3 -153 390 -119 -387 50 681 -531 830 637 -434 -570 -352 -218 -221 -98 141 135 496 -713 -205 -297 568 299 -266 -896 145 353 482 3 -321 -328 187 715 -435 212 -471 -2 47 101 ]
[-769 260 -943 813 326 -28 389 9 22 -157 -401 453 111 194 658 472 -207 77 49 71 152 -612 58 98 -121 -371 -283 -243 307 702 -521 -764 313 -10 83 -84 -877 460 -643 -53 -333 645 273 -290 -272 -69 310 -59 -879 -286 -799 -390 -353 -270 -267 -37 143 -136 -159 312 738 -176 198 692 165 -719 402 -157 294 -622 -111 -389 153 -152 546 1 38 7 -9 714 -485 -44 318 -174 -385 -119 296 -416 178 106 -370 116 -500 -623 209 -281 -665 -1180 -463 427 ]
[221 961 404 -392 -273 -68 258 -677 -333 532 -464 710 1017 43 235 -76 367 -431 -341 -594 -37 -136 301 796 154 -320 -373 -398 275 -308 229 657 140 -106 -150 861 -429 -610 -155 110 -401 -504 -79 -16 -990 -299 704 -243 -213 232 818 38 -235 892 294 770 -668 -268 787 -184 -39 -155 346 -450 -520 149 41 -303 -520 381 227 224 -233 -747 -17 -466 523 -295 -251 -211 -296 -440 811 -252 140 -133 -294 355 -649 -654 658 -336 288 610 938 -1092 474 -565 -575 285 ]
[-53 761 -196 201 -790 200 124 527 -748 -101 375 -732 267 287 59 -34 -610 320 404 930 136 671 169 268 415 -780 425 500 405 -241 -455 240 -1068 278 -17 -695 -531 -52 1055 -232 -149 203 -62 173 169 -51 394 401 563 -450 -277 -232 1115 -557 -114 1183 509 -373 14 558 9 46 -115 332 -171 -12 -511 -175 395 288 -91 33 172 3 720 -72 -105 289 -411 381 134 -318 -298 435 -132 40 41 -302 -438 236 309 305 -675 3 422 567 101 -444 -117 -479 ]
[-178 -340 -155 373 -700 542 -106 -624 512 428 -669 -43 -392 -246 -86 264 49 -430 317 365 -813 144 -498 -57 673 210 -213 -642 26 120 388 -222 640 -198 872 -166 -322 -9 111 -396 372 -7 -290 162 -181 161 175 -277 -163 14 -79 -72 233 -194 -163 -472 -54 485 428 -34 -284 727 720 -300 -433 123 24 -395 -789 -146 519 -429 -607 -203 366 1154 7 -413 224 -193 -773 91 84 221 -217 264 968 90 -58 -587 -395 -30 -620 -122 910 489 -3 229 138 -590 ]
[520 14 16 -664 96 -350 163 -256 -485 109 -370 681 474 138 -62 -97 -81 247 -991 -337 -455 -627 34 97 -348 132 78 -413 -692 -405 635 18 1151 53 567 -211 446 -388 112 -533 715 262 112 216 -812 156 -107 -40 -459 870 -820 -552 -326 232 -884 -219 -315 -36 402 1255 112 1282 -284 -335 50 928 -329 429 -421 -348 885 -150 -276 -620 -324 190 -560 136 -127 188 -656 -450 885 -9 67 217 49 -607 -631 -680 -252 113 -123 699 265 -739 -199 -659 -446 -228 ]
[-1058 50 -606 219 -171 665 495 -211 -822 115 -469 141 -208 -1048 72 -404 -1112 -82 -498 -87 -323 360 47 -31 -94 203 -166 478 903 -36 94 575 6 -116 491 424 394 163 16 564 -531 762 -350 686 409 435 573 55 -363 -308 -939 -27 687 377 728 626 -60 111 119 -71 344 260 435 -614 438 736 -359 206 772 -715 -66 -338 145 496 -71 -292 348 674 -912 -678 -867 -366 472 -568 -1160 256 -534 103 -551 -96 49 512 360 -102 151 695 -389 809 217 -207 ]
[-375 391 54 87 168 795 1008 10 -178 328 -74 303 305 -414 -58 -127 118 -46 -196 -72 414 532 -362 69 -772 283 -624 242 524 -538 558 -143 -45 723 -823 55 -369 -523 222 340 419 -367 -198 -157 240 383 81 301 590 -694 -371 1189 683 502 245 -301 459 -141 684 -653 -259 -1059 -154 -173 116 -649 154 -521 94 -691 -663 -19 -176 -281 -228 -199 226 -401 -739 -183 240 -689 -210 989 -482 -114 -197 -782 273 -623 799 -61 -968 50 1043 161 -503 227 664 389 ]
[1008 736 -123 480 -57 -466 -863 -348 538 610 41 -687 -910 -63 221 339 -537 -160 630 410 -153 1075 273 1028 231 -113 -578 -135 -149 178 574 -85 -553 413 95 -503 -501 647 -70 -594 -569 -622 -36 -726 185 106 115 -24 -22 -27 496 -576 -138 -219 420 -208 -156 -171 -117 -737 -179 -377 208 198 298 -842 20 -1149 -98 -211 961 101 380 -632 157 405 818 15 184 405 307 -154 -175 829 249 186 1100 -41 -272 142 -286 5 273 -791 319 -430 1031 1031 479 248 ]
[1345 -63 76 -415 165 -366 -584 -871 613 -406 576 296 -188 785 645 88 254 -248 540 498 -110 -164 61 475 403 -246 -110 192 -482 683 -623 -122 -329 246 28 624 180 282 -735 -342 12 -721 12 -561 140 -124 653 257 -859 705 567 -4 5 169 -82 166 -305 272 -69 -49 -279 203 160 -106 -907 -681 -198 -797 -720 -260 -394 -107 -567 313 -212 268 -250 -251 160 399 66 242 229 -841 579 -196 -294 1221 315 436 -280 -246 974 -129 -786 6 860 -485 -843 200 ]
[-666 -62 214 -151 62 -275 -594 -117 -827 -5 190 -28 -52 -199 130 421 282 -127 89 -33 110 -126 779 -105 174 384 -119 755 -767 -7 -257 -37 -482 712 -175 -566 878 840 -852 378 -680 -791 705 -774 646 -243 -710 297 527 -350 63 491 324 -234 -283 -478 -503 26 -320 317 -664 173 145 384 29 345 -83 400 -381 8 127 173 16 957 280 -75 -848 -257 -300 972 238 518 60 72 -133 -364 -148 739 109 -303 -817 1125 378 -513 -559 279 160 -81 -101 -886 ]
[500 -357 627 353 -286 -481 -323 1077 -229 44 -426 -373 143 -134 1224 7 -500 740 134 137 -207 -533 681 407 -424 -73 301 -55 -971 -128 -97 -97 455 -352 -471 -382 -193 -418 704 -40 769 609 44 466 -50 -241 -652 -175 318 140 -1020 -574 -489 -396 302 136 372 194 -495 550 25 168 103 523 499 -338 63 434 668 939 -348 -255 253 -796 -505 -612 -24 371 825 -559 450 -39 100 593 -298 -85 347 -512 -431 64 -365 10 425 943 -700 -851 -813 -131 -668 -16 ]
[-368 524 -107 899 -28 -298 54 770 -848 -394 370 -458 -147 128 591 -503 90 -41 69 -185 53 101 166 316 596 -320 210 503 -147 122 370 -325 30 -35 -316 -494 356 48 -442 153 -428 542 612 -71 323 -759 -390 -439 877 -144 -459 -275 321 -485 -78 372 -424 -569 -32 529 69 702 -754 -166 -144 -20 -1197 1016 -6 364 401 697 -148 322 326 -376 -691 258 279 364 719 163 -497 -481 -736 97 -712 102 -34 -224 96 -232 -135 422 -411 -7 -235 -1464 67 239 ]
[261 75 268 -887 -164 428 135 214 690 -1757 -84 -13 147 125 -558 1159 -215 -57 -59 -554 -705 -30 -781 -2 -183 58 239 -454 221 311 -84 205 430 724 -204 -688 320 -406 33 -318 -405 -517 -417 16 581 579 761 358 -217 -206 -306 -416 -234 152 -401 -603 339 -250 474 42 -243 306 9 -530 214 40 295 366 450 -942 207 -461 86 156 666 119 -648 59 -90 -132 -781 -280 91 -1773 -59 -623 368 -21 176 -282 317 126 424 165 142 646 -539 790 -10 -40 ]
[-68 1061 625 -664 97 -335 97 -346 80 134 -312 -428 -346 -292 51 446 669 -467 1045 67 -1314 483 154 -73 895 -846 -116 755 550 -71 122 662 -833 754 172 3 -312 531 -413 622 292 -33 -280 -635 -18 266 53 -704 456 -700 426 448 -110 71 79 689 -1226 -335 -467 -248 766 256 -107 442 -279 72 366 258 -824 630 -366 263 278 -359 218 -133 670 458 -541 286 68 362 -795 442 250 294 327 89 539 -561 -605 62 286 -802 -166 494 -321 -97 -670 -430 ]
[178 522 -194 269 266 280 285 247 -723 -507 548 589 410 -645 458 399 -430 707 -917 -284 204 -18 368 1074 -488 -71 -355 -338 113 234 -409 61 472 68 -664 13 611 564 -222 385 27 -308 122 110 -148 84 339 298 623 -230 -129 416 700 159 361 -325 -612 455 604 1339 -34 268 -111 -274 170 138 -804 -456 395 51 -130 -548 531 492 -105 -401 86 14 -490 200 348 -97 639 36 -743 4 -934 25 -640 253 440 216 42 601 176 15 17 382 85 65 ]
[-284 228 375 325 -384 -399 543 -82 -546 236 160 -306 -427 -474 87 189 -367 -507 -144 217 388 -1084 338 421 -703 758 -308 134 407 -373 336 921 878 -611 468 438 -536 -594 555 1144 -581 178 -394 73 564 630 495 -76 -975 102 -758 349 464 -214 509 558 34 -264 -291 291 -411 23 160 -102 -615 708 -664 63 16 -43 501 -232 -849 -116 -377 865 -257 453 -427 -426 -537 296 753 -134 -194 -30 -68 384 -615 -575 145 341 -53 -370 -835 -16 -622 423 244 -459 ]
[-417 741 -75 -309 -453 415 -347 -195 165 -24 -578 452 530 -400 -82 329 983 76 -436 428 926 684 110 -1044 -308 -121 910 957 -57 -801 -447 -108 -691 277 1008 420 -79 53 285 -61 470 -485 401 -284 289 471 -912 720 -766 426 932 -616 441 -326 410 259 876 -684 49 -561 -161 264 -346 -270 -116 -30 -76 -290 -213 230 -319 1090 504 378 -24 -87 -1 249 -24 805 -41 -91 -153 112 534 250 389 200 -89 247 -330 -1 735 -139 325 273 1107 -904 113 -352 ]
[1023 -96 -535 -330 518 265 -618 -137 -467 190 235 711 1398 403 -368 -171 156 511 -251 -279 507 -27 -122 -584 337 -678 271 -613 888 356 -326 282 -849 135 -64 -42 295 293 701 -1283 -274 351 -807 223 -1224 -536 -116 -140 153 659 434 -520 -573 -488 -99 -412 -457 -73 -150 550 -136 29 -137 -557 -130 79 -513 -291 -318 113 421 -230 204 -159 504 25 40 -564 582 722 -428 491 79 -311 -102 453 -121 -479 -310 549 40 -1229 -514 -372 931 433 466 -1281 -174 456 ]
[849 -230 -160 52 302 136 -175 678 -629 -664 53 -700 251 -213 -73 796 -439 405 -352 -430 951 -179 316 494 -454 -609 -574 -552 -879 58 -163 -475 121 709 -31 -464 260 -20 93 -170 468 -369 -287 264 121 227 123 482 -276 228 664 -422 -309 208 5 -300 827 -131 -1019 -57 -431 7 -49 -40 -34 -118 -7 -471 323 372 9 -460 263 -296 531 203 97 -1002 1375 108 -273 413 832 30 -266 -1106 320 -378 -113 544 68 143 -551 -244 -845 412 -533 -243 -161 -98 ]
[317 -661 542 320 -32 -964 -926 26 -390 -17 -269 -229 636 556 3 300 -1175 -1227 -236 -356 917 -644 318 380 -495 401 -33 918 -468 363 -143 18 -409 12 391 146 550 -1076 248 -231 44 26 660 169 -438 -982 177 -441 102 1349 130 -561 -658 -103 -56 -565 -699 -331 -352 461 -358 -763 164 -513 -544 298 -494 -302 -318 887 271 -977 -138 -427 -467 -6 530 -249 1231 815 0 -104 1125 104 356 14 1095 -331 -341 621 -424 29 -286 770 -781 -365 -517 363 -443 281 ]
[-134 794 123 102 -101 759 165 483 498 -938 88 61 62 347 -1323 324 350 -305 139 -287 6 -579 -645 -394 -139 5 887 67 588 -656 -53 -51 876 -69 119 -178 181 -566 132 -22 225 371 41 -3 -9 231 240 -183 804 -189 -572 -393 17 -251 -220 -511 -363 119 428 196 108 612 -953 -712 -436 -687 -355 552 -204 382 706 -69 489 -161 100 789 -336 727 -51 540 -246 588 -254 80 101 474 -31 -1215 453 -11 -229 -365 -328 -620 123 261 -82 -98 -162 257 ]
[142 837 484 342 734 270 -128 282 207 -647 162 -259 154 192 -1593 130 135 -344 94 -636 -431 1005 603 -156 129 298 241 102 1439 -60 -871 -203 266 -49 720 -111 -706 -1010 -398 510 370 -199 -291 -285 309 7 382 680 -65 499 314 839 68 -504 -63 296 -129 -819 100 320 647 896 310 -54 -290 375 -460 -241 189 -345 137 -399 382 -158 946 -39 520 741 -340 750 -298 20 -686 672 -289 -433 766 -992 88 -346 3 -226 -501 134 -160 1032 278 259 500 -50 ]
[-1073 -51 -548 489 709 329 183 -255 718 -283 -60 -7 -726 125 170 -138 -91 -212 -435 -376 492 -142 454 409 550 52 -472 -129 -420 -668 -156 297 205 -374 38 -234 -380 -631 -310 704 691 -366 383 20 503 1016 431 519 -945 -402 306 969 79 307 245 -391 108 -372 113 -377 158 -134 363 -198 -275 397 648 295 241 -426 74 74 -41 43 624 -86 116 735 -380 264 -46 558 -332 444 -276 -327 1191 -210 222 -17 279 789 338 -796 -72 44 726 1038 330 75 ]
[542 -319 -587 -346 -204 -142 -390 -455 405 1089 96 -606 -1267 -286 594 532 135 -32 -543 1106 -286 -1096 -2 179 -488 767 237 577 -352 -1108 -431 -710 551 -608 733 657 -678 -471 -305 500 1118 469 -249 775 -224 843 -168 474 -908 562 -1003 518 656 452 635 -334 776 150 337 35 94 -120 545 354 365 446 536 -551 12 -428 96 379 -104 274 -447 367 93 104 -26 -519 127 -309 -92 721 242 -342 294 315 352 -490 -491 -405 579 453 -162 -105 165 1136 685 704 ]
[396 678 140 -269 379 306 -552 -239 515 -594 -581 53 638 417 -978 449 415 -1046 491 -1515 715 378 410 -280 903 -26 198 120 235 -150 53 157 -435 132 773 -209 104 -641 -138 -524 -749 510 -275 100 -31 -11 313 -296 -326 983 759 94 -649 226 11 -274 8 -677 -62 -672 -254 -26 680 -167 -821 45 216 99 737 -281 -250 -44 -438 -496 574 -151 -656 175 -240 -237 -656 -81 -956 -695 139 -875 295 144 713 50 -61 -294 551 -297 532 688 438 505 423 507 ]
[102 -582 297 -818 -138 -78 -107 60 -5 583 458 573 -411 161 -1125 -1261 482 143 -45 -174 -1441 154 10 -666 -506 703 431 211 474 351 125 672 -172 -912 -558 -166 -645 67 408 608 530 -467 163 -289 393 -132 -350 132 792 291 -595 359 -136 -520 361 -299 -113 -145 284 -481 319 444 137 -285 -345 -303 -241 484 -38 -843 413 -619 -247 -384 -210 -35 84 666 -196 -1153 681 591 588 57 44 147 319 -432 -335 -782 -284 -310 41 134 293 -392 285 996 129 -127 ]
[550 -299 126 -294 536 -286 613 384 -449 -13 -220 222 -333 -955 846 269 -92 899 -192 708 -439 -52 -638 -857 -845 -336 -187 -121 114 830 315 -247 -2 157 -471 90 200 945 -129 448 166 -344 -302 70 1212 441 -1071 231 -301 -294 -822 261 267 -124 993 21 9 897 367 -1 -21 -323 -171 19 909 -147 -21 -208 64 -258 -775 1083 -65 991 -721 -324 -166 -216 -570 67 386 93 -943 73 -216 355 -1258 487 -416 480 -304 -201 574 343 -423 -410 -559 -209 -140 148 ]
[-153 475 -329 -189 590 130 -314 -674 193 623 620 489 -136 345 -997 -1064 -420 -1 -554 198 -546 -89 449 1271 130 -274 -295 -922 711 -140 -766 687 117 516 400 772 -207 -461 -309 409 -127 -300 -419 -174 -313 -207 694 469 -83 -267 -61 379 218 1035 501 178 -755 -195 62 584 101 -102 -47 -720 -358 -651 51 -621 180 -736 654 -40 -408 353 -242 554 507 252 -189 927 234 61 245 175 -261 145 -354 -146 -765 94 -568 259 77 -747 658 -281 790 673 -314 712 ]
[463 882 232 -702 -688 -531 -615 297 2 -518 1097 -433 -188 136 -163 158 193 253 185 1072 -851 109 -750 314 -694 -738 348 428 479 -289 -902 408 360 506 -345 -263 720 -189 91 144 18 156 84 -524 618 -878 396 201 243 777 -188 -463 -423 144 344 348 -909 416 169 136 364 449 -254 669 503 -200 82 -244 -27 341 781 110 -136 -378 3 289 575 -158 351 281 316 -58 -559 -235 63 -131 -608 430 -433 -946 -538 -173 132 45 -445 182 422 286 -17 89 ]
[-838 -61 -144 -136 -975 78 -246 -501 622 973 -626 -538 -616 -575 373 124 -151 -59 -162 947 -320 -984 -638 502 13 379 -160 -355 -19 -1637 -847 206 276 183 108 455 -625 -457 567 267 168 189 364 710 -228 439 204 25 211 -587 -301 -171 -303 278 -168 -47 917 308 108 -491 -125 -576 404 587 -70 -452 1226 -466 557 819 -95 394 -97 -27 -588 -359 46 -366 43 -688 -36 156 -299 189 307 -855 -165 -152 107 126 -1033 204 -204 350 -67 136 -912 972 127 23 ]
[120 -162 -613 433 -85 -110 -452 649 -222 32 -1009 -849 -976 -317 -537 31 -713 155 -248 -512 485 228 746 -336 -267 -589 -486 -1332 -558 -83 -599 177 -108 -140 -289 -607 241 -148 -40 142 166 -39 623 130 -507 -374 -186 -434 400 721 -548 -417 -458 -284 -512 92 -399 91 -31 694 968 416 1062 1123 121 -252 -304 -86 28 414 83 -315 -333 -905 -11 -221 37 560 -73 379 171 -313 393 285 -26 -763 -76 74 -190 305 7 7 192 381 -423 -383 -27 -232 182 1659 ]
[261 362 614 -234 -727 -560 -240 110 -263 655 609 -446 256 -48 540 -534 -91 115 702 908 -363 -419 -87 321 35 52 -144 -459 -185 -289 106 443 332 -40 -495 -235 -205 21 -149 188 479 -314 -475 505 -309 -699 439 -410 123 579 -630 -76 384 583 330 327 -1238 1224 347 239 1185 315 735 453 83 630 -115 326 -977 1156 104 -1061 -1203 -961 878 253 588 271 89 -840 -440 -132 828 446 -645 728 -291 102 -622 -693 354 -67 -762 486 322 -438 -630 169 -67 -513 ]
[211 -868 308 202 8 122 -8 698 669 314 -501 -570 254 240 428 314 443 794 41 -88 -277 249 321 -568 -53 501 903 823 157 167 518 -534 -484 -346 748 -537 -247 127 22 -99 189 -292 -141 328 32 -582 -396 191 169 -110 -365 -781 37 321 -137 318 1461 -906 -313 -933 224 228 -461 886 -787 -181 -3 368 247 -99 70 483 478 203 117 -335 -460 296 -169 -466 251 76 -317 -412 428 698 322 162 -369 199 134 -911 417 64 -670 318 674 -996 1163 60 ]
[70 1090 -103 280 21 -187 -44 -576 380 380 418 -165 -795 -193 566 -74 -459 -13 637 713 59 -470 -453 700 -438 193 -33 -1007 108 -178 844 635 1215 -48 122 625 -756 207 -286 602 23 -152 -350 728 417 1002 -200 135 -230 -525 -53 -191 526 -348 87 186 44 1093 771 190 -239 241 -836 -44 -113 -519 -18 -349 397 -51 -305 84 -428 -117 -179 789 618 125 -211 -390 -261 550 -132 31 -48 2 -768 203 -312 38 -187 332 -153 -1198 1006 -839 -554 869 -252 249 ]
[-257 167 149 -224 -93 -112 237 -307 -126 459 -191 -256 -234 113 236 -573 248 64 -402 120 194 -221 -121 -549 -658 223 705 767 -1040 -574 97 139 -207 -35 386 532 524 -182 373 273 637 -551 -32 -99 -382 -344 -303 42 -493 1117 20 -930 99 319 -30 509 841 323 124 -977 838 -266 96 771 286 329 -271 -370 -123 -688 -106 566 -1384 -1037 -647 -724 140 131 797 -365 -37 -194 312 -645 -125 356 -645 184 47 -669 -441 244 530 764 -246 -139 175 -105 -351 -169 ]
[-926 -32 -79 -636 -67 158 -26 -550 -404 627 -139 -9 -998 -31 -403 -28 36 341 -423 327 -44 376 -439 -252 158 -306 -120 338 580 390 72 422 -1156 -521 -319 739 -851 246 203 232 197 469 204 -185 80 451 266 298 -353 -358 1023 9 -53 -244 17 -42 -115 1162 0 -740 -104 -474 437 428 807 -387 519 -149 183 -218 -106 223 -758 -205 396 586 76 -305 -334 -608 194 172 234 74 -114 199 55 1092 71 758 260 747 213 -452 -328 382 -239 206 14 -140 ]
[-289 -54 -184 400 16 -329 188 845 570 -216 819 -773 -340 328 157 -458 923 -62 -64 263 259 -276 48 -471 78 341 -145 437 -849 467 94 -234 -667 -32 -8 -356 927 -78 -247 689 -369 86 644 -340 253 -280 -99 -465 295 314 459 383 372 112 0 -24 -101 -293 -339 -18 133 -272 -413 251 -133 -153 -278 576 312 620 -651 235 -723 679 -343 -173 -296 -139 740 -97 593 -76 -262 -271 76 656 240 106 773 -218 -137 481 -87 442 -931 61 8 -506 1002 -33 ]
[67 -110 778 20 -278 548 215 -117 -221 917 -561 176 -91 156 -878 -435 329 -540 289 -294 -633 306 -116 38 -348 -555 -320 51 -589 -585 86 1160 -220 554 -71 820 63 4 114 207 790 -271 13 -40 -410 -809 327 -812 590 220 -35 -753 -323 721 -388 174 -898 849 17 -1301 991 481 810 12 -788 196 540 227 -346 904 397 -297 -955 -1222 -617 503 288 555 -52 194 252 280 514 68 970 -81 -132 -277 193 -21 358 175 244 -627 -2 -230 -134 17 -673 434 ]
[696 136 -251 -701 738 206 -201 74 -106 47 1019 160 217 189 -517 30 -934 25 -191 79 256 87 -164 536 -425 -1249 -561 -1447 -125 940 665 -179 651 145 -1306 -237 -517 395 15 459 479 393 -638 23 426 45 115 -419 -608 -11 -54 142 -691 -247 -126 -718 -922 733 -122 454 926 561 -109 -123 581 614 -191 -63 372 -859 246 -735 314 -412 207 0 632 165 162 -203 120 352 -132 -1135 -893 141 -749 798 -916 -96 345 -95 -37 -852 -368 -393 179 202 -971 638 ]
[118 -375 -331 542 181 240 326 -633 1246 -242 -581 1154 -356 -216 178 709 718 577 -337 -320 -112 -296 -497 314 -615 -160 352 -999 -536 119 -455 -122 438 156 185 -77 -273 436 796 -610 550 -237 333 -797 125 465 402 919 -823 265 -161 -864 -909 691 -158 -567 562 -59 11 -554 24 610 15 6 -927 -703 857 -577 -456 -535 637 -207 127 -171 -634 185 -989 -573 331 313 -853 -196 286 -506 76 -277 248 -92 -428 -399 -398 -386 506 305 -414 -259 310 -517 252 -98 ]
[-441 -639 394 848 -304 -186 36 671 -809 -174 -293 -675 7 -280 -262 -86 -1032 -176 896 -296 -84 85 754 -385 670 -413 -10 -81 695 903 526 -351 365 -646 486 -446 -635 686 -96 -113 -16 558 -115 72 223 264 -433 -200 138 -563 818 -455 154 -280 -197 753 199 -552 -742 -714 372 199 -581 175 -242 787 -319 -93 -256 369 62 263 753 313 521 180 386 467 132 -650 -431 600 -173 -493 33 419 187 239 -529 963 376 -20 140 -692 -794 1137 -237 -488 -253 -197 ]
[210 182 -38 935 346 -337 -254 -711 243 -289 -203 -462 -143 -364 1156 454 -322 -261 404 1041 80 -78 284 -158 -283 560 -93 -415 -180 67 13 -334 545 243 374 288 345 88 -127 343 353 510 -364 442 722 -625 -54 -51 -245 86 -1158 -68 -178 584 1193 -301 -592 160 85 -39 15 175 360 -344 23 89 529 -290 695 -281 -790 216 68 646 -512 342 888 612 -189 -118 227 -477 -88 -34 -598 315 134 130 139 -240 -299 4 923 -856 341 -823 703 673 9 677 ]
[-237 156 -204 -803 -296 269 214 -1286 25 273 -2 584 175 -567 469 541 721 -105 181 725 102 -236 -169 -589 -222 -338 -416 337 474 -295 -494 -242 -1254 776 347 -413 -336 413 423 75 33 -678 -583 -691 70 107 95 -215 -172 -302 -65 -284 617 178 437 228 149 201 170 -616 158 -877 233 311 164 27 965 -602 -550 -615 -550 426 -553 293 76 146 310 -868 -327 -175 301 -44 -897 117 23 515 -329 519 218 -250 -578 176 -371 -648 1049 533 565 506 -277 -83 ]
[-418 417 286 795 453 267 174 -239 -444 357 -1513 -473 10 -140 -277 -145 394 109 -183 -400 1437 817 644 -453 285 369 -258 -215 87 -145 258 65 695 -791 -97 274 -64 -610 -435 122 687 726 444 1282 -856 -245 -613 -38 162 -189 -435 -360 109 -7 -173 366 314 271 42 504 -78 366 405 -70 230 160 -247 39 591 660 -953 437 365 -35 782 91 342 374 -446 -50 363 -127 626 946 -780 -12 -239 177 562 91 511 593 -60 -282 493 79 -63 162 179 945 ]
[-374 297 -238 378 274 -520 -250 -145 -70 -635 -1103 -688 -844 -554 -206 858 -145 -831 219 13 494 187 -126 -502 243 -78 -29 430 -53 -274 -270 95 -334 -48 923 48 8 -623 282 -621 -546 -675 507 -952 387 156 -228 -274 280 -90 333 358 -668 -10 524 -418 -81 -376 -18 605 -544 -984 195 -156 476 -234 184 -439 186 -115 220 1296 -209 239 -588 809 -991 -146 195 821 521 467 -1165 429 698 -16 514 -21 552 560 -640 258 908 -866 106 91 285 770 -59 137 ]
[977 -366 70 -675 514 388 -433 120 255 -1096 -258 112 -513 -79 14 167 -399 -238 -31 63 345 -560 -277 512 -368 -154 -28 -521 -168 205 238 19 412 -20 63 98 -476 287 134 238 -503 753 -215 98 421 51 426 110 -172 616 24 -363 -806 243 245 -137 -468 -82 -513 -42 -879 -271 172 -873 -552 -317 -526 394 104 162 -436 -272 367 227 -315 228 -445 -175 229 -913 -189 -174 551 -747 177 -573 -948 1011 -205 367 -100 -768 620 198 -639 -500 -400 -66 -521 -34 ]
[96 814 -55 -705 427 -602 431 -32 208 -355 -836 69 -625 -90 498 692 -499 254 -12 -323 -101 -112 123 -28 -621 -226 191 276 -21 126 78 926 -516 430 779 543 -738 55 -139 -383 -62 -1103 -542 -196 -692 956 -152 91 -715 162 216 -759 191 556 636 669 -60 -573 72 -44 374 -752 -259 390 76 -8 414 -470 -369 -247 -302 99 -57 -436 -280 22 197 314 11 613 -778 -748 314 -592 648 320 293 -137 -70 446 -256 -90 92 -244 875 -41 147 58 -487 540 ]
[-305 -239 -329 79 -430 -566 -219 -131 -385 789 -289 -264 -4 -4 1054 -3 -224 387 -239 -553 -277 -709 65 327 -19 -169 -421 -455 -454 -718 648 -497 186 -349 -272 -266 14 -324 611 450 297 -353 457 99 -147 320 -281 80 -476 77 -278 -536 988 -357 -863 -191 62 248 754 106 536 257 1112 717 682 -199 289 314 -265 -474 383 -423 -802 -482 -353 -421 -620 -117 -194 116 -724 -321 -331 -620 -95 118 485 -376 -1161 -454 524 1119 390 425 126 -740 -98 294 -322 501 ]
[369 16 383 -919 -119 -105 607 453 -64 -323 943 196 199 73 -718 458 299 -356 -1360 -1064 791 -432 -363 638 -942 245 457 395 -134 -177 -89 336 643 -242 330 566 -404 -795 -247 796 -177 421 -14 -90 -83 318 321 134 -666 576 13 -5 -335 -117 -243 -110 643 -122 -12 418 -500 170 294 -404 -178 778 -271 408 -134 103 810 -714 -1200 -623 -500 179 395 -817 -30 -240 -439 -523 1119 -80 148 -294 -99 463 -875 -806 398 -416 -360 1193 -514 -120 -1 -23 586 41 ]
[-1000 -64 -636 156 150 532 137 -438 -488 291 210 926 -592 67 238 -124 843 341 68 391 474 -218 -206 -611 62 -387 -229 29 -740 513 79 9 -693 107 -151 -18 404 1104 359 -382 150 452 222 -491 302 136 -636 108 228 -45 201 -603 861 -763 -188 -570 -858 1212 77 -793 -494 -253 -749 -166 227 227 69 201 -301 285 -443 -367 -824 98 -93 -429 -428 -74 572 -346 -327 363 -285 -684 -790 590 -309 724 397 311 -326 -123 -149 -658 766 625 93 -1320 -181 -455 ]
[257 163 -368 521 522 -467 -386 825 -1156 422 644 -1082 -208 -321 703 -175 -966 266 481 313 -467 230 46 1167 350 -249 -11 -627 122 -134 597 -156 259 637 105 -80 -215 496 501 83 124 490 -46 24 553 -324 224 502 170 104 24 11 1349 -712 745 323 -169 -231 -205 920 -146 514 -517 512 708 301 -749 -226 -339 -284 341 -292 417 -380 118 -354 614 564 189 214 -151 -625 22 -118 -1008 225 -226 -318 -583 74 199 65 -74 -305 -188 86 229 -231 -810 -464 ]
[-506 1083 204 -187 -160 263 -322 499 208 64 -1249 -697 -816 -87 -1269 170 -395 -1001 686 -521 675 299 -521 -396 15 359 -551 169 817 5 539 426 35 374 258 294 -489 -969 -295 -272 -330 401 442 332 403 146 -30 -897 335 417 291 -648 -380 -697 788 301 -468 -452 -38 271 -24 -97 -96 -424 544 177 -368 321 -382 110 -231 -34 -209 -419 -165 243 642 220 -461 -544 -96 -445 -381 -720 -680 576 392 -176 528 -202 -198 618 -324 -352 137 628 -323 574 175 327 ]
[284 -406 191 154 279 -768 -34 -148 -92 -302 -689 -237 251 425 1194 895 -401 117 -167 -133 -163 -104 593 -65 -222 95 369 547 -977 -103 -187 -219 -601 40 -701 -63 -715 264 593 -69 5 -634 132 -498 -62 -243 -270 -372 4 -188 -224 -991 398 244 -368 -47 31 -311 42 322 -727 100 497 258 288 40 225 200 -849 136 -201 -315 970 277 -163 -703 -310 356 385 1325 547 -756 541 -68 699 162 -92 -51 499 556 79 209 2 826 -443 -652 143 -778 -1157 -60 ]
[53 -211 -91 374 -278 850 247 419 -407 14 820 169 233 351 -218 -437 444 51 403 341 -177 255 523 -589 -36 48 -121 995 94 485 -421 -512 -280 -465 -738 386 -61 518 -497 528 536 104 190 -501 496 -171 -374 -491 538 437 -473 184 656 52 118 -148 12 246 542 -96 803 794 1073 -141 -116 -566 -744 271 276 -657 -424 -415 -226 210 130 -90 -630 518 -301 -562 -172 -323 414 -143 -307 479 -470 -139 220 -448 416 756 251 -203 413 55 247 -459 -356 277 ]
[-186 -296 -464 235 291 -371 455 -314 -93 -53 -1170 542 -4 -385 -343 -583 -314 -658 571 -699 6 192 -213 -423 252 500 -390 -863 369 558 -91 -249 479 -111 -218 -512 -190 -1173 -217 -187 -5 1 404 374 90 -411 355 -586 564 69 -787 -488 -649 434 124 -39 -896 -601 455 860 -121 278 -213 -346 -327 -628 582 -176 -690 -851 -89 -621 161 -30 412 260 542 -16 -239 -16 611 -105 308 -776 -880 229 225 -619 65 51 -291 -131 -819 -126 -482 -120 -412 -653 -261 931 ]
[-260 844 -403 508 -274 299 188 673 177 -119 137 -1537 -619 -685 -735 228 -607 -450 -699 -184 -700 442 -294 536 345 -493 114 -543 336 -446 152 445 836 187 597 1175 -806 -297 -411 525 141 -37 -289 -48 156 927 192 144 -149 -628 889 955 119 -129 692 769 312 -406 175 261 -240 357 315 133 914 31 -11 -78 357 150 97 646 -214 211 -12 478 799 344 356 6 -411 -229 339 775 -12 -575 -49 -259 -135 471 188 305 -256 13 301 361 -342 145 -191 -150 ]
[-161 -320 -227 -276 20 124 -134 -330 -273 28 296 366 652 -362 240 -198 209 593 -867 647 -73 399 -403 610 -319 513 -592 -254 -13 639 -250 -472 -267 716 -246 717 1088 182 69 127 81 10 -117 328 309 -422 581 164 111 556 583 380 881 921 326 -68 394 315 109 292 202 -11 370 257 604 291 -62 -280 338 -443 -429 -50 105 99 -160 -377 108 -835 329 -220 399 -888 290 -303 -675 102 -547 791 3 -511 368 547 63 427 248 -205 559 369 145 -495 ]
[163 356 193 172 439 -541 231 775 67 -81 240 43 205 150 -253 83 1187 -117 265 -734 -56 421 -555 -26 585 -429 -124 106 702 573 -29 -147 -142 419 571 -557 -591 -436 -604 -192 26 -178 370 -861 -247 -537 -295 -14 67 193 149 -278 -728 -270 241 239 -507 -1131 368 744 176 583 -474 -128 142 -119 27 360 -260 -53 803 275 -491 -827 880 224 174 164 -253 1068 511 -290 15 120 24 664 966 -523 -336 -222 -246 -667 -727 -48 245 553 -51 -602 528 122 ]
[-173 165 622 -458 -48 -513 -362 -829 190 41 -51 264 -111 -223 -556 -452 55 -293 -333 -181 -202 1277 -428 -720 -359 1182 428 457 283 -368 104 316 -194 -577 22 -477 -396 -499 -58 -140 -248 -324 -421 -190 -391 75 -265 -281 987 -59 -358 318 -90 78 -177 -489 501 -20 789 18 -729 -239 -27 -55 343 -190 -338 -540 -225 -484 207 251 287 297 -208 -175 -138 -215 -566 -361 1346 -260 -683 636 431 229 -199 -456 319 -602 239 -256 -297 1118 601 -106 223 1433 1062 -319 ]
[-492 438 -1218 50 102 -11 -674 -702 -320 -357 -794 389 -262 223 538 109 -570 -66 -576 10 186 765 -58 -150 -56 431 359 292 485 617 181 736 -457 675 786 418 938 172 -367 -331 -82 810 623 749 -209 -153 374 -55 -509 171 -116 -344 -32 109 42 145 -307 -459 -351 1567 -384 446 -860 -342 239 44 -223 -118 727 -225 -43 12 -82 601 -38 -275 657 642 -36 1075 -661 -505 510 -96 -585 18 504 134 328 446 -445 241 254 -25 184 455 147 -690 243 257 ]
[-50 512 405 619 79 44 212 -600 -594 -406 -997 120 329 -284 179 -111 -13 476 83 115 -174 178 193 -400 556 -501 -693 -878 855 190 -335 -25 552 37 -870 -384 525 549 -82 -288 -569 136 -2 -408 -244 -700 275 -141 -200 -895 480 -335 -309 166 133 74 -231 291 221 -114 -151 621 204 176 -198 -511 -125 -1026 272 238 -483 609 876 -134 215 -364 130 -194 -709 -42 29 124 -361 912 -58 -1153 -352 293 303 404 -88 -212 -656 -177 -53 294 -314 -566 -248 -295 ]
]
