[[495 -240 -239 550 -113 315 -458 40 -34 -94 -513 -150 -112 402 191 -544 250 -31 -464 -402 139 11 -57 -260 -457 -60 -30 -609 -134 -99 13 598 -209 -51 240 13 228 -843 176 -291 248 -467 -65 121 -336 155 87 -126 -106 -260 -100 14 -528 468 14 688 -206 -616 114 93 -352 -267 -872 -632 -5 -202 51 751 627 371 42 217 -119 369 180 -602 169 -190 -169 -162 11 226 -13 -269 506 94 -105 302 221 -111 220 2 -504 -496 80 766 188 50 -378 -57 ]
[209 -633 -334 838 -137 -224 -377 228 -398 78 -390 -14 -797 88 -137 -75 -554 -260 -216 -136 -247 -71 -167 754 126 227 331 -196 -37 -171 -139 259 -842 -352 -116 363 -191 -50 726 108 258 -494 -187 206 -526 109 -213 -36 49 -348 142 -592 399 563 245 39 -15 -796 -213 126 485 167 -309 -100 722 225 -384 219 472 61 135 187 188 299 -236 286 -221 -191 -48 311 171 521 217 -429 39 34 809 199 79 -792 410 -71 242 600 248 -75 78 315 -377 -316 ]
[-45 758 83 -727 162 0 134 -385 476 -359 -1 -456 490 -345 464 300 310 404 109 -130 427 289 248 -58 -143 203 -139 253 -264 2 -159 -683 320 25 -55 -763 173 -10 -72 31 -146 727 20 464 255 -101 365 -113 149 269 -25 537 -305 282 -560 767 23 156 217 -269 31 117 210 -380 -834 -401 -344 -265 -812 121 -382 -49 125 277 396 -817 -294 692 422 -242 123 -103 -129 134 -35 252 278 96 -158 243 181 226 210 -465 412 137 -305 -521 120 -325 ]
[-37 -173 187 -38 178 -55 -960 107 -607 -116 -335 -352 -87 -117 312 281 -271 207 237 -186 332 222 666 402 -71 687 -241 -621 28 190 -280 412 -399 -587 -525 167 621 -982 397 193 -386 -20 -365 448 -572 272 564 285 -167 -858 205 6 636 399 -217 547 522 -470 -177 -14 97 -459 143 -293 99 -295 -545 -264 96 159 -432 406 160 255 -55 127 -338 128 -91 -686 808 291 367 -902 19 -213 152 274 219 349 -246 73 -350 -424 498 625 -46 -74 -663 -60 ]
[142 -5 -626 899 -79 -298 -541 479 327 -312 -125 258 -103 595 675 370 23 -716 -323 281 513 126 136 -181 305 164 35 64 70 278 301 486 -305 -30 -51 254 1102 -781 659 -220 102 -415 375 -308 -521 -265 172 412 308 -551 -9 7 -513 583 314 -43 274 -81 -409 450 -243 385 -153 -219 -2 -613 -64 573 -426 -12 258 -354 -404 -5 -209 568 118 -447 105 -603 -66 -10 33 -698 82 -350 195 86 980 -208 229 12 52 392 -546 174 -166 -438 -45 220 ]
[166 461 -723 -211 -288 207 202 408 677 -689 332 85 -760 55 129 -269 416 -209 321 50 137 -274 -270 -168 405 -142 228 555 -137 433 -26 20 -371 94 -456 -347 766 19 688 -33 32 161 138 377 -408 -256 -153 -210 197 -379 -205 -513 -183 503 327 33 -269 -620 -182 665 294 -47 491 -339 -155 -139 327 585 -714 286 518 31 35 -510 103 279 468 224 1002 716 -449 288 255 270 210 110 -411 205 612 -907 486 -231 490 565 -386 -300 -206 43 204 643 ]
[658 -349 -416 434 -394 19 -15 -264 301 405 -562 -367 652 512 665 81 -175 -376 -311 -395 -462 -386 -968 203 -360 -35 474 1 -519 -416 391 135 -371 6 -26 624 -175 -120 -63 155 862 28 235 -308 323 -166 -164 -416 -127 398 308 507 -256 174 -200 -106 -327 -864 599 -206 131 -592 -1181 198 -407 -357 -194 497 1039 -42 309 204 -445 449 -329 -329 -938 -386 -720 -246 -529 122 -144 -477 -259 362 804 -152 -416 -253 546 -224 -258 466 432 -150 397 46 -397 -517 ]
[-738 63 301 54 -174 -312 113 -242 141 295 220 384 -40 -327 -296 374 -562 213 132 787 855 674 635 140 204 -83 -133 -78 -291 341 -208 -381 844 214 -661 -587 336 735 -7 56 -515 110 458 -123 -328 -115 48 181 -184 -39 638 154 -419 164 287 -478 102 822 -522 -136 92 1088 -183 -384 144 266 314 -779 -671 -524 -128 -433 499 292 -95 474 -510 -216 521 188 191 -311 -742 -18 406 51 -196 165 388 399 -245 407 -57 199 -158 410 -268 -671 631 -275 ]
[254 -96 -658 585 -98 526 309 306 437 -1023 213 45 -495 -179 205 141 340 36 -10 -92 -579 -829 -643 586 15 55 663 290 -47 -639 131 -93 -711 -218 190 29 55 42 1069 109 667 588 -67 596 52 -47 467 47 252 455 -867 3 -290 871 165 222 -590 -547 727 878 -11 -267 -253 103 274 -124 284 885 293 578 274 334 -129 -451 371 280 78 486 -96 439 -620 191 599 -179 -43 411 485 320 220 -859 490 -18 318 421 43 -296 82 381 -813 -162 ]
[627 706 -49 -646 -369 -2 366 -124 388 407 -225 138 -209 -220 686 311 -94 -3 178 -183 71 13 17 307 -613 -275 173 525 -478 375 -487 310 -409 -21 -154 215 654 -196 250 -172 -248 -277 -261 -23 -10 123 -538 -389 -207 -346 -48 -42 292 -397 -19 170 128 -209 -87 -248 510 -1218 668 -25 -632 -175 -102 -707 -684 373 210 532 0 -364 53 294 -399 -277 490 75 -20 -54 407 -215 -856 45 -95 -513 -434 -323 487 -1111 418 874 35 -477 -137 508 459 258 ]
[-403 200 307 -585 644 -400 379 -111 -380 -511 438 -405 408 -444 -470 -289 286 616 454 348 -194 -185 226 -218 -63 -91 13 450 403 -360 -75 -458 391 47 807 -1072 -602 794 -811 -218 -288 535 130 501 -111 28 621 257 769 821 -525 -128 -168 -216 174 693 146 -142 221 -77 -454 258 353 35 -498 316 77 448 -480 328 -170 -682 -456 85 947 -823 796 786 199 230 -187 39 396 727 372 36 -216 767 -327 -547 -178 -188 410 -494 90 -7 -956 568 -292 111 ]
[-277 307 22 -348 178 99 -136 138 582 -26 -392 612 89 -171 28 248 72 -281 -95 30 207 548 341 -430 646 -505 26 522 107 182 529 -618 -129 152 -210 -303 -473 370 432 256 226 628 -41 232 146 -703 -115 -378 -537 50 580 -138 -34 265 -62 92 -72 710 -331 -425 593 987 13 -198 -298 237 313 -537 -860 -1040 314 -545 278 682 332 -227 -557 113 1241 718 -56 -803 -551 461 55 271 -10 -761 612 -152 -275 697 264 15 34 -693 -579 -558 721 -752 ]
[22 -419 -291 -281 479 652 78 34 -285 -89 -516 184 -634 -124 -124 -378 374 592 -129 -557 596 73 -72 -43 61 -44 -359 -695 252 -126 -310 -91 275 -209 374 -794 -443 -1002 109 -45 107 888 -175 944 238 -287 44 111 -204 99 444 400 -533 578 -448 614 -393 -312 -165 200 229 42 -804 -746 440 540 393 -59 -4 -49 -416 128 122 687 106 -830 -430 346 677 532 178 -646 2 562 695 559 -434 336 409 -356 23 1628 -44 -474 134 304 5 -366 -307 -545 ]
[-468 -70 812 -721 289 -495 764 -257 -697 1010 -620 352 27 -302 51 336 -555 309 300 21 687 644 175 394 -593 -214 -710 -427 571 -32 -334 -320 8 -8 -182 -13 -1154 -212 -2 185 -602 -108 209 -83 308 81 -30 19 -479 -14 684 174 146 -531 372 -314 244 524 -267 -1068 200 -152 89 218 -131 295 274 -1395 -266 -505 -226 143 507 183 134 -530 -715 508 325 -124 672 -650 70 85 292 86 -69 -157 -51 268 104 599 183 -139 106 263 -555 -295 -473 -736 ]
[-394 326 84 -562 -13 150 510 -18 215 -630 1067 -149 768 581 192 -809 15 -64 702 393 223 -291 -941 -844 292 -24 54 613 -47 -132 464 -189 651 204 -662 -351 515 353 -8 34 -28 73 513 20 183 -426 120 -166 426 362 -621 126 -374 -201 -22 185 -192 118 774 -208 -809 162 347 238 -620 -247 -72 1577 249 471 264 -377 -480 -580 61 -432 581 691 -472 -92 -363 127 240 540 -287 191 -41 -141 -261 -185 -119 -159 281 266 -327 15 -702 -52 -181 -138 ]
[-48 394 -137 -545 202 -134 218 -213 140 -292 -59 -495 84 -30 37 -597 315 -40 283 -732 217 31 -262 -25 218 13 -329 -276 566 -3 -23 -425 -290 8 566 -429 -452 -112 -462 -49 -197 -41 62 272 261 802 144 133 845 971 -384 -556 -296 205 -572 344 -432 -128 160 836 -46 -303 -50 152 -182 353 130 551 -395 209 -425 331 -764 -38 288 -1252 566 636 260 -79 -273 844 202 359 752 -277 -362 1019 101 30 490 893 198 -459 -324 529 396 9 -618 -171 ]
[-623 585 329 -1303 -580 482 261 -423 628 -594 438 -487 731 -277 -35 -22 -656 231 793 -202 581 -40 448 156 526 169 379 10 -711 1007 324 -518 793 -310 -788 9 973 328 6 257 -86 628 -272 489 348 64 339 474 -38 264 178 321 -305 -123 -548 -335 -560 71 299 608 295 -775 -116 198 -777 42 -128 -650 317 377 -234 599 -253 -833 -184 104 -375 377 -67 377 -115 283 -155 59 -20 -74 -735 -21 -71 95 -342 519 -594 441 -93 522 499 -148 -291 485 ]
[-270 513 296 -69 -38 -510 -201 -252 346 -149 -177 -145 162 -316 -102 729 -643 266 32 -105 236 38 952 289 172 -405 940 -65 82 328 288 131 -522 -151 389 -137 -60 1368 76 459 113 156 -567 -194 -67 343 -39 -208 148 526 -62 48 6 -216 -256 -393 -14 598 -317 -47 244 -390 334 254 -472 718 -228 -1307 -42 241 118 -115 95 -140 512 285 -791 72 707 254 323 344 -152 -540 -222 -829 -420 76 -68 493 -530 -498 35 32 62 197 -103 69 625 -708 ]
[-12 513 314 161 -278 -357 623 -180 620 -270 -524 215 -411 -428 -537 230 -198 613 -474 1 934 -210 653 -260 -693 -704 367 -444 -211 11 -71 -239 63 -188 1198 -367 -701 216 136 86 24 -14 -347 289 -156 -175 -108 -460 -710 258 -370 71 -483 -297 426 231 -243 -43 353 -418 -335 -214 -1177 -339 -33 432 155 -435 211 378 207 62 705 -198 1053 -481 442 540 412 806 203 69 -421 748 650 456 -882 2 -584 -158 -482 -413 -578 -470 -257 721 -486 616 -222 -519 ]
[-248 260 210 685 899 -584 -843 89 80 543 -717 -81 -115 229 -31 114 307 -111 -577 328 -284 514 682 -239 293 319 -113 296 173 -38 606 -624 70 377 109 -87 -134 396 -364 -112 195 -410 -94 -624 263 -179 222 -402 -648 -664 -17 -566 662 -13 333 202 286 447 -639 -444 208 1180 -538 28 269 -387 -183 340 -288 -725 -74 -675 110 609 -2 321 516 277 60 145 -403 -269 -550 197 -244 115 630 -600 -229 -240 247 -241 -74 -915 319 -393 -334 172 176 138 ]
[650 -66 -311 395 19 -303 -519 -143 456 -533 370 419 -619 311 -140 534 438 62 -521 356 842 4 330 -125 -360 -413 603 -407 -252 140 -425 248 691 146 434 -916 985 92 -694 -13 -730 -441 816 -146 -619 -444 -638 -389 900 35 -384 -326 -782 -247 -280 162 606 -136 -60 345 -248 268 12 -525 -229 376 -14 516 -829 921 773 -377 -78 430 218 195 103 -651 368 -332 196 299 -25 -206 -552 -163 -532 574 -252 63 -94 -805 154 229 -570 533 -383 -101 290 -229 ]
[-20 -123 -352 673 -374 78 732 143 -379 708 503 331 -333 -399 562 -145 -835 275 447 -56 0 -874 -294 239 344 -599 741 715 -11 -419 -532 584 -167 -338 398 198 -79 234 31 368 -38 858 -550 695 -440 -73 -354 -480 221 376 -350 172 154 -325 34 -106 -356 -287 199 592 -145 -1053 153 325 779 639 119 92 -145 137 -13 -72 -47 -43 -131 108 -639 -362 -137 -447 75 410 806 429 -465 492 -10 338 -669 -185 -254 -548 370 1739 -368 -662 -514 703 517 -407 ]
[567 92 505 967 -865 216 902 -87 45 150 355 -257 19 -240 -63 -647 -1015 19 -287 147 -787 -14 -176 386 -668 -535 24 -19 208 -672 -224 262 -284 -18 435 562 -886 344 282 -218 606 -867 -720 246 -429 646 -98 174 -80 140 -685 -558 -700 283 678 104 -689 -724 474 -247 -172 13 -335 265 554 0 -503 -651 863 77 -98 586 436 -499 213 -358 539 -758 -624 -93 -380 950 269 -231 7 -376 627 621 -326 -396 494 -787 -604 373 -160 514 669 627 -134 -63 ]
[-621 415 -11 -536 -345 -546 -175 227 495 -1210 81 -590 525 254 -391 19 -108 -330 369 -15 429 -257 -209 115 952 -151 80 223 -419 145 167 -661 -923 -127 -193 407 175 -219 1311 -95 -15 -264 238 270 -561 434 14 670 -594 706 83 83 566 520 67 -221 5 58 368 192 96 -24 282 100 -170 -77 -201 762 196 -354 -218 356 -9 -671 162 -101 716 672 -251 97 -458 844 -559 295 791 150 144 152 -124 353 -319 468 -97 289 44 74 301 172 -294 -11 ]
[-480 675 -182 -297 -25 -481 -498 -105 440 63 -108 498 271 -110 573 -31 -140 194 118 307 1400 53 247 -131 -222 417 -242 329 -100 406 -91 649 -10 -736 29 -682 1195 119 -184 -80 -182 -85 -488 -103 -123 -27 -805 -518 440 -555 -594 152 222 -118 -693 604 191 961 -375 -117 -87 -410 272 -682 -487 68 -49 200 -1082 565 -577 -463 -480 295 82 -38 -557 206 1114 77 589 -10 -418 486 -56 641 -811 -262 189 369 -256 -149 220 192 -411 363 -850 -380 1427 -541 ]
[-589 124 57 349 518 31 748 -322 56 295 82 79 837 70 725 -822 -496 -357 162 -292 -92 -188 -686 50 254 220 -551 268 496 -182 923 208 714 -371 877 623 165 -468 -391 192 -13 286 91 27 771 -119 598 194 252 840 -764 544 -235 -635 -226 -180 -973 388 143 90 -838 -403 -1020 636 54 -579 560 850 798 -56 -672 -392 -1310 -34 -240 -594 409 442 -1072 -192 -787 -343 88 539 -32 367 283 -365 594 -298 160 976 -631 -206 -325 78 -279 -43 -349 -512 ]
[-495 -228 -13 -1201 667 167 -74 -10 -648 280 -343 -110 915 17 -269 -694 -303 87 713 -206 -384 220 333 -21 95 209 286 614 -755 268 216 -345 123 -228 8 -685 -198 439 -786 -70 266 469 -20 -424 590 165 -144 133 -16 741 523 -448 575 -134 -865 332 -81 490 293 298 524 19 -232 322 -465 663 -377 479 -580 -184 -242 -121 -796 276 0 206 -13 417 -97 699 -169 -839 -43 634 -427 -94 -400 -174 -430 -528 127 33 739 504 -57 -1091 -478 774 -162 -92 ]
[-228 -188 47 123 283 -118 325 879 -621 392 -245 31 -360 182 -461 -668 -103 68 -702 -911 -59 -232 40 -549 820 -641 544 744 157 323 -205 -374 -304 286 542 236 -1235 895 492 -370 363 -146 -1022 -69 319 -438 -587 123 -346 -461 -90 -173 1163 -751 633 -55 215 293 -46 -450 -187 142 673 79 287 631 -653 333 104 -394 118 -234 713 -565 3 -136 759 280 396 256 325 -118 93 1570 347 373 -209 -572 -801 -456 -232 -295 372 -24 -13 -831 -445 202 635 552 ]
[-101 899 9 -328 -578 475 715 371 926 266 -113 1108 -107 -800 102 629 -290 -442 126 -183 518 -80 64 -262 -243 -408 -113 306 506 313 -109 101 -226 -175 -195 240 -44 646 583 -69 219 425 -1005 114 235 -78 -349 6 -578 -556 405 452 240 -183 514 -472 107 792 336 592 -151 -322 55 363 -49 193 -87 -1501 -661 -548 -165 317 96 20 300 661 -535 -379 704 394 27 -385 -23 387 600 225 -872 -313 151 48 -179 255 -673 593 -664 -199 583 -33 517 176 ]
[68 -400 -324 -1130 -456 447 -78 211 228 -10 304 115 736 345 -48 -519 270 65 74 -686 -185 -505 -415 -266 969 -515 299 428 -116 364 -84 -320 73 -355 137 -519 -682 227 -884 807 362 663 -157 362 734 -659 -882 -819 953 -357 -154 -414 -88 -440 -931 129 -771 -580 130 476 635 -405 273 102 -394 723 58 177 -57 -121 550 -157 111 142 -116 -1068 139 -127 799 351 359 53 -371 772 -242 429 -1079 -11 -180 -177 -747 12 121 538 -619 -418 -462 -492 178 55 ]
[-196 -57 351 -815 -43 423 374 -312 -797 161 464 -202 -457 -1051 -299 322 119 722 515 -92 -557 129 544 457 185 283 -304 229 -376 -336 -313 -199 556 30 -585 367 154 715 474 308 -440 1264 -359 943 -408 211 995 776 70 599 688 762 423 -58 248 -414 395 -134 187 -147 -433 -184 445 20 -103 183 492 -1158 -244 -720 -332 472 499 229 74 187 -719 410 378 13 120 -110 44 15 800 532 -113 -234 208 537 -230 601 -265 -449 1327 -190 644 -187 -31 -6 ]
[-256 -579 265 -207 -435 337 1082 -103 -157 503 -58 508 -685 -515 -224 30 -197 203 -890 -437 185 46 -153 1045 15 -1133 -11 -80 -288 349 -635 -608 409 196 409 49 -682 275 456 -191 104 -215 -108 564 358 -717 -201 45 -349 -176 48 140 242 -527 195 -789 -997 700 -396 -468 883 -459 -301 -456 141 270 982 -1075 49 -316 628 493 400 -527 -446 -435 -398 -265 137 424 -32 -233 14 703 168 771 207 -568 -262 -738 399 341 -438 246 24 22 55 -132 311 404 ]
[464 270 -734 466 -55 -87 294 175 -111 969 -728 -135 -1115 279 -106 -512 -662 138 -521 -1288 368 -108 21 -436 -575 -218 223 -287 3 193 -617 504 -538 271 961 -96 -1177 198 -317 -454 226 -363 -274 -892 282 645 -1050 -288 258 502 -565 -820 47 -324 -130 548 -124 103 -98 58 345 238 -739 578 649 994 -357 165 -372 515 -493 109 301 -347 104 193 452 -121 515 593 415 426 -102 342 -473 -491 -214 422 -585 -93 336 -349 1021 373 -388 -329 -23 798 244 -578 ]
[-239 722 50 -130 -367 -148 -57 -84 -137 993 -189 -422 383 -7 -80 296 -1242 -78 521 -11 489 -260 336 267 402 -365 360 491 -267 375 -442 -373 683 345 -24 222 147 314 -1078 -139 -510 98 11 95 -536 173 -229 152 -192 210 881 27 177 -821 287 -454 834 -201 7 237 683 159 -359 876 -200 409 -704 -1105 -573 -723 -310 -321 -26 764 -592 231 -456 -820 -511 -714 -816 435 -359 170 -137 -17 -97 609 -705 723 -520 56 -781 819 -346 -205 697 192 394 259 ]
[-537 513 18 565 -601 287 836 198 275 226 824 -250 -779 -14 103 -954 -465 10 -8 -560 887 -296 -386 -1022 65 -425 -464 -365 123 390 -592 229 475 560 -97 -426 -501 149 -537 -7 -263 47 -257 113 63 -92 -311 -553 -748 -57 -533 -22 -197 -342 -72 -675 -621 634 -363 -406 -202 397 -677 -187 708 489 355 225 -367 111 -35 -2 395 -665 -476 -184 535 91 512 483 17 722 -574 561 507 -337 -1265 340 -233 574 -157 -258 -369 -1037 -162 460 142 -380 1344 -46 ]
[119 -525 -152 494 52 -342 -556 -172 405 485 -838 74 172 200 297 -258 -427 -200 -172 395 -62 248 -999 -562 327 237 458 145 -677 103 745 -303 -219 307 -472 661 -477 -540 482 -74 693 -346 432 106 486 -54 186 174 -312 636 1086 395 -351 601 -2 454 -159 -429 -192 -161 394 -171 -917 -154 347 -290 190 1346 1066 -84 -342 38 -540 284 -90 -397 -421 -90 -760 423 -383 -283 250 -6 179 645 1317 -360 -49 -709 407 848 1034 1385 -73 -219 -49 -95 -459 -202 ]
[-408 415 -48 -194 -379 -314 -410 164 991 69 241 532 -123 -600 110 641 107 248 -404 534 600 112 572 -458 689 130 -219 54 268 513 447 157 783 -478 106 -367 565 -1 -48 643 141 359 -32 -107 404 -41 -872 -34 114 -493 634 248 -295 116 -524 -457 131 612 -787 705 276 537 559 -196 508 -23 -514 -1079 -528 -294 -635 31 351 -61 -291 754 -301 -594 434 120 -39 -319 -671 -116 -5 -73 -441 158 389 199 -182 558 389 804 -966 103 94 -926 458 3 ]
[512 114 -190 205 -509 -32 -518 -256 920 -681 -270 -176 -216 555 181 640 -787 98 -130 -22 628 -297 -327 138 753 78 770 -306 -603 129 -268 -1159 -337 399 -928 41 -178 397 360 980 297 -109 418 290 -261 -432 71 -138 347 -112 213 438 -485 499 -360 32 -156 -931 639 -50 787 294 -625 287 -225 256 -644 363 829 -253 222 72 994 -148 -142 -161 -333 -21 245 -347 -355 854 -653 -665 -455 139 568 797 -285 516 -382 -6 -587 301 147 1015 198 -565 -491 -607 ]
[235 549 328 -641 136 -700 -351 -242 466 503 -554 -60 1221 382 843 123 -344 247 -275 -227 292 866 -268 -169 -413 -129 -583 -275 -734 200 -282 -64 -430 -110 140 -13 686 -264 -274 -156 -105 -685 -103 -120 407 563 472 -81 -298 -21 443 672 612 -213 -474 -12 -58 344 -155 -796 -613 -815 -675 -91 -377 -684 -118 -360 -213 -355 -85 449 -740 217 471 -671 36 253 283 -395 37 544 -176 -688 164 57 -504 -522 -340 533 190 -57 -65 -633 315 368 316 -189 314 -620 ]
[-53 -80 41 973 -12 -228 327 -392 -115 69 -17 -1 125 -1119 -359 -531 -265 714 -358 707 -182 62 -131 -286 -1189 70 -101 403 -41 -618 -91 325 252 -427 785 -430 -358 70 -662 146 -197 247 34 310 -377 350 -346 -255 -84 510 -391 222 -291 503 -546 1016 35 256 594 -532 -380 512 -178 -514 317 -672 -426 252 -9 188 -800 -210 255 884 540 -553 -317 -218 18 -279 -60 182 237 754 622 999 785 721 -34 157 235 -277 295 604 -209 5 -775 238 366 -655 ]
[554 -846 -505 578 -586 494 -282 417 -518 544 -177 620 627 683 312 -766 -415 -736 -161 -777 -545 -31 -179 200 -221 80 -749 -71 151 -792 -325 784 71 -209 -636 576 -113 22 -73 -2 514 369 97 -121 -486 -109 -119 2 34 -519 554 90 178 227 133 -212 12 -396 141 373 -281 450 -388 166 571 -205 -145 201 642 -1162 239 -88 -137 352 -143 604 -131 -1090 -428 -436 -78 110 -173 -637 9 309 6 366 609 -163 206 -340 -629 224 378 -128 -45 182 138 -265 ]
[-706 -390 -173 1065 -785 -24 -256 355 215 -411 53 180 327 -331 184 567 -233 -502 69 503 65 -110 482 -741 371 -9 -24 -260 72 -598 -120 -288 -442 208 417 -1065 -69 13 229 410 420 407 15 -12 -589 36 556 -913 -835 -486 378 70 -260 1211 303 291 -540 491 505 724 -25 1367 -840 -177 854 -193 -741 16 -183 -605 126 -831 710 1088 -28 237 -239 71 -204 -429 -370 276 -536 -714 546 -571 359 590 -96 330 -463 -45 -314 -213 -31 -22 22 290 -72 -438 ]
[-404 -619 389 1163 99 -251 648 -238 -402 52 602 619 -446 -1192 375 860 -76 -82 -209 565 572 121 8 -334 -335 225 -261 -85 174 -243 -816 93 855 172 192 -558 427 93 -104 -404 -998 285 511 -321 419 -333 250 614 -204 496 31 915 44 -431 511 -154 785 1034 252 71 -994 467 358 98 375 -352 -241 160 -654 390 -530 -194 -12 290 -489 748 -466 189 -605 -911 670 -453 613 -168 171 401 252 240 -550 -10 354 -392 427 400 -247 79 -529 337 -162 329 ]
[676 -245 304 -444 -956 622 201 -524 283 -485 -627 474 138 -294 -665 -784 -535 183 861 249 -588 532 145 409 12 -174 325 -176 -656 54 -192 -601 -489 -180 -284 312 -600 -246 212 278 516 74 -243 93 -148 37 -18 -579 -729 204 657 -1250 63 58 102 -164 -651 -882 551 245 1146 -399 417 -49 14 293 187 -1003 659 -333 362 459 1078 -543 -126 -305 19 -304 449 818 -337 211 -354 -161 -33 -110 -856 -56 594 67 -528 22 -274 494 -120 6 250 318 -255 0 ]
[-597 163 -2 551 -27 -51 316 32 173 384 97 1154 169 70 120 -146 386 -508 -495 -89 -261 692 -358 75 519 -426 146 406 559 -123 391 -319 584 755 -479 -123 -318 1134 742 43 -490 -253 526 -739 494 89 -141 -1065 -135 121 131 434 183 -673 683 -487 -599 1797 -219 67 -393 760 729 -268 274 161 1038 374 382 -714 55 -765 586 173 -347 80 -466 -356 -28 -97 -839 -689 -833 530 190 -117 586 -376 353 735 191 619 -19 40 -92 200 -458 -1243 531 -156 ]
[-299 -720 1044 -164 365 -260 -292 81 -634 74 -43 -534 613 193 214 -348 -212 361 64 -206 521 -208 -443 221 -102 -306 -79 -289 -178 -817 -111 -144 912 420 -510 -393 -451 -242 -219 740 -474 80 404 475 394 -18 142 219 -73 12 538 613 -1303 503 -314 304 366 -739 301 -351 -498 127 -588 -305 -465 198 -575 126 756 105 -137 141 856 1005 -112 -940 -583 562 -246 -330 317 -382 -155 -498 1092 879 74 320 27 481 -210 302 -251 -305 77 776 -73 -1178 -1002 -655 ]
[-146 -67 25 -408 -773 356 -485 -497 -239 -65 388 574 248 -92 -535 100 -809 -848 770 -146 -615 -35 387 363 1047 -161 566 253 69 473 654 35 35 -273 -879 141 408 1063 418 370 173 356 24 251 -248 -479 746 -685 715 -38 441 -81 534 -674 254 -221 48 -396 -8 273 696 313 564 378 -278 283 206 -398 1188 -386 1418 -300 -633 15 274 403 -369 -465 -648 282 -83 -126 376 -886 -914 -844 453 -551 312 -520 -846 -428 -422 643 6 40 -913 966 -371 -310 ]
[271 13 -236 -470 -863 536 44 174 304 -277 552 -424 293 -346 -496 -92 452 -498 -485 -125 -893 -538 -149 495 583 -249 223 909 -854 109 247 87 16 -511 100 510 -382 467 -147 332 106 -137 -150 203 67 -483 -1032 127 58 321 356 -724 782 -1007 154 -658 282 -734 -395 -74 812 95 421 333 -104 432 -29 273 -236 -177 26 271 220 386 -285 106 698 -287 -581 945 -174 21 -824 835 284 711 -462 -290 -313 -459 190 -941 -108 494 261 -1040 1141 -14 336 711 ]
[816 641 -128 255 -656 377 -11 -80 1034 -381 -659 2 433 600 567 -554 80 -409 -652 -533 97 570 250 -934 -410 -100 484 117 -1259 660 388 -405 641 313 111 368 68 -539 -94 -20 509 -36 -226 -7 601 -147 -155 -613 -697 -30 789 175 -712 -197 68 -149 -435 -492 36 6 3 -258 -1015 -156 -596 -399 -704 272 -81 -523 206 -108 313 -176 15 -179 339 -374 138 223 -1256 -168 -434 952 -193 291 -721 -367 -308 -83 727 -346 -516 -482 139 45 877 -711 600 546 ]
[-176 125 -370 461 407 -128 118 274 -56 -1190 773 289 -634 26 -421 -344 187 -538 -124 908 -701 219 269 -279 130 -32 128 693 -583 547 1151 72 35 -139 -261 -8 218 332 389 25 253 -313 -106 -343 -119 -697 -535 573 111 16 -13 -406 -316 327 -1020 -885 -779 759 -682 139 -91 802 49 -179 229 268 517 487 -228 -121 359 -667 -63 -528 -263 443 525 -95 543 1192 -58 -184 -411 630 332 -393 -356 -671 853 -700 227 -61 11 412 -324 -684 543 -512 865 1005 ]
[411 -348 202 837 -11 -153 -206 -162 -241 81 -707 43 82 -367 -68 771 388 482 -517 235 -837 -254 146 158 -476 561 196 -401 -249 -310 -412 -543 -621 176 708 -1 -1533 91 -380 -66 -70 109 78 413 304 437 1212 200 479 50 -73 520 109 321 -174 232 -232 -226 334 -288 -136 236 -200 -98 666 15 111 -93 558 91 317 -163 -141 -257 1554 -601 306 130 -631 -152 903 -173 306 -600 241 -222 452 152 -443 -351 -629 -742 462 -925 843 -68 -114 105 -536 -321 ]
[-514 321 -46 -20 -167 -543 55 13 -226 239 76 -585 -859 -50 147 250 162 327 -34 -112 156 3 509 -245 -300 568 -146 -132 165 418 -95 -284 -92 120 40 -155 -521 139 248 794 -89 -272 -299 -360 573 -13 -442 -1106 -507 -239 -338 -28 109 -238 -7 89 -675 623 -774 -604 257 67 126 227 96 13 187 -339 -398 201 -260 -15 1337 408 -173 -598 290 708 782 335 469 788 -764 232 38 -251 6 -110 -704 730 100 -422 429 -421 608 -157 -375 -42 530 241 ]
[94 -81 -198 428 -382 696 -172 -3 -631 -190 -195 121 -513 -48 -624 -458 87 -18 -78 60 -805 -470 120 243 -190 185 14 -335 349 -301 -144 510 -208 -568 577 447 -671 -452 -137 -425 326 -77 -544 412 -344 338 -188 -201 377 -168 -488 -399 -31 -133 546 305 -669 -554 -404 525 -195 -62 -334 -12 1152 674 938 152 838 162 108 -391 223 20 553 -460 549 -553 36 472 85 358 -110 239 -278 19 -147 468 -356 -637 -302 102 -274 603 575 325 -134 329 -54 527 ]
[-405 -82 477 48 -224 363 28 202 -341 -471 868 -596 720 -51 -424 -641 -606 -233 302 -133 -1056 -7 -444 -67 75 510 -462 93 129 111 -89 145 -248 -275 -395 172 -604 -341 -614 126 -597 -203 -846 -246 551 818 35 -589 170 -412 -1018 -126 177 -368 -232 176 -76 211 430 -17 -375 337 772 302 820 216 -825 -330 353 445 -201 -186 530 -589 -400 254 895 291 -568 81 456 -2 217 -3 -954 -708 -271 -485 -101 875 -1249 -196 -404 -859 -288 96 392 -302 719 705 ]
[-325 223 -98 65 570 -283 -184 -109 -428 -742 -409 158 -963 -401 207 503 156 -151 324 -365 338 -255 918 322 -314 693 -277 -19 -35 -28 -610 -27 -481 -332 106 -605 543 247 602 -562 189 254 -49 231 -164 64 301 830 813 -751 -447 119 363 336 483 360 439 80 100 982 -340 272 -423 97 -241 -283 159 12 -805 617 44 -274 -415 -187 262 525 558 873 533 -131 15 192 274 141 506 -48 -350 610 -107 -1091 781 -306 -51 -251 155 389 -238 62 -826 746 ]
[328 -716 -201 1422 -653 -321 707 -35 98 -573 181 -272 174 141 -435 179 -385 -360 -669 -216 86 376 575 252 121 150 487 247 -395 58 14 -918 268 434 338 102 -334 971 631 -724 190 -297 195 59 -868 -50 157 1259 230 103 363 346 -1358 1332 482 -204 185 230 -206 209 -185 1425 108 -680 51 -85 -706 84 561 -193 12 -553 639 -181 41 133 334 -452 -170 -550 -464 214 -242 -102 615 -563 1054 757 707 63 320 131 45 -422 460 210 736 -645 1040 -78 ]
[681 -859 -413 492 -805 187 768 112 -186 154 -635 -257 271 -424 -646 -954 -653 -281 -235 -674 -567 -691 -684 171 -373 374 380 154 91 -131 -29 17 -168 -178 1329 154 -1090 815 -356 67 989 -296 -964 -438 319 347 -119 -269 480 194 102 4 213 -106 283 -272 91 -1007 1110 225 55 -439 66 42 191 556 -1519 -35 1044 236 189 32 -390 -209 -286 -200 735 -623 -1413 -41 -137 97 261 231 301 -715 451 748 -166 -622 121 -799 -404 376 -424 -176 144 545 301 159 ]
[223 -245 -436 355 313 567 -473 236 -546 -267 -74 -444 64 7 130 -743 -253 -565 642 -474 -716 -256 -126 102 90 138 62 21 -60 1 -385 702 -748 -437 -435 261 38 -969 73 15 -92 597 -516 -1 -913 -126 500 -516 -477 -72 358 -229 1135 -122 -410 490 -143 -821 -442 824 42 -604 521 -53 582 -190 -449 1229 381 -174 -294 -141 314 146 -149 246 984 71 -680 -133 276 577 401 -315 -607 -116 234 80 41 -400 -316 -562 -62 397 702 -468 -253 764 169 922 ]
[646 4 -309 247 311 -364 218 51 171 489 2 -267 334 674 190 -234 75 -312 -484 -360 -567 372 -53 -410 -244 -148 486 -82 -159 368 461 838 -154 -153 613 876 731 -221 137 -80 70 -1030 168 -740 225 681 -405 540 382 -101 104 -203 -693 95 181 63 -465 -601 -345 -32 -1368 -178 -394 202 -572 -249 -606 460 833 80 -111 239 -150 -442 293 -165 655 -509 -439 -131 37 -418 445 -451 -475 -813 455 -193 265 -323 62 -345 328 -80 -496 75 -61 -301 -393 -332 ]
[271 -211 -740 -327 -591 -502 97 427 138 219 -577 -420 269 145 327 -19 547 236 -624 -180 117 -413 -97 282 -16 8 -179 342 -989 -401 -433 84 -597 -127 951 -431 379 -204 -21 36 517 201 257 766 -655 -143 -92 -99 63 -521 502 -45 481 340 538 191 -120 -819 29 -498 5 -370 -540 -905 84 -363 26 425 -207 134 116 259 -127 380 218 55 101 112 -353 -50 -461 339 -419 4 585 809 232 160 -342 -1209 -49 -815 118 128 1125 -427 -407 262 252 -260 ]
[-62 902 -468 -579 -120 -126 957 -270 278 128 161 -466 289 343 878 -175 565 612 234 33 306 -455 -298 -376 531 313 -707 751 781 -994 478 -470 592 612 604 -10 431 -301 301 162 308 515 188 -147 540 256 168 -183 -104 728 -413 -50 -572 276 -147 143 -74 670 344 3 99 -22 570 610 -91 -20 350 251 -698 -343 -363 -122 298 -1030 -166 -194 129 1223 -92 -399 -281 -349 19 373 -568 -30 390 -180 310 519 365 527 882 169 -52 -795 -21 -192 20 -663 ]
[-765 506 184 472 -204 -325 567 412 354 -310 260 525 369 199 -156 52 347 -109 -37 186 479 -16 -30 457 234 -599 -281 482 -52 25 458 237 464 244 -60 32 764 278 1090 -651 -418 -589 349 201 327 79 -330 458 -533 -287 -851 319 -555 -51 780 -311 -442 1195 -523 92 -1138 176 566 -186 -57 -771 772 351 703 358 -39 145 254 -739 154 84 723 583 -162 83 -345 -258 117 111 701 734 -153 -534 543 -128 13 -118 -157 88 -857 521 -481 12 483 319 ]
[168 141 813 -509 -591 -558 567 -549 511 -39 -164 -509 452 -172 594 642 -449 -526 415 11 433 -322 -63 55 -128 -422 160 -41 -843 600 345 -551 103 99 -151 461 -201 401 -778 364 -190 -687 -9 -196 -125 95 -219 -335 718 848 -209 -250 -734 -460 -220 -694 113 -138 341 -91 232 -1191 214 138 -1303 -111 -122 -399 -556 359 959 -246 -319 -483 -166 -1131 -354 -26 286 -260 -286 493 297 66 -461 -331 -323 -151 -769 537 225 -741 -20 22 8 498 401 -442 622 165 ]
[363 360 534 -1140 205 542 -151 -792 300 -227 19 285 216 169 -27 374 241 556 -269 231 -339 -352 228 549 -377 -79 -44 -368 -1429 -412 -549 -597 104 222 -354 449 290 182 -430 -84 47 -416 230 -94 -394 288 721 452 1018 993 -48 155 388 -362 -746 490 138 873 920 -405 350 -436 191 59 -333 -107 196 -43 -133 420 -304 915 -17 -565 309 -141 -154 597 -737 -334 274 220 -23 -463 -567 754 316 -517 -1015 945 -854 17 -373 -598 787 564 961 212 -345 160 ]
[507 -819 131 494 238 211 -134 -254 -837 511 -817 361 -816 220 -134 36 -892 -82 -351 -390 -152 405 319 234 -1213 -356 411 -634 214 504 -467 680 -152 -49 -30 877 -452 -119 550 -62 -239 -803 88 -383 -556 41 66 -35 622 -194 602 64 -11 -757 733 -291 619 -70 -66 -682 245 -436 -175 485 -232 580 43 -1168 197 191 688 235 207 398 52 -151 -183 -743 -231 -320 331 -45 538 -189 247 -428 154 -58 603 7 35 -30 -474 271 96 211 118 -560 -462 -152 ]
[42 -163 -214 1101 22 -797 590 -446 -84 -213 348 212 -1177 423 237 470 -164 -709 -270 185 -22 -450 -579 2 -142 140 370 -569 1172 -494 409 145 -98 310 496 273 -756 -219 343 -312 568 -270 251 -114 330 -561 -900 -176 158 112 -962 160 -430 -462 259 -204 -351 -895 458 63 -113 188 -557 417 546 78 -91 67 997 1263 71 -377 -60 -153 -443 -61 -540 286 -720 -274 226 219 477 270 -492 -550 626 62 -859 -707 455 119 61 471 -337 151 135 73 -951 -207 ]
[-202 365 -331 -538 223 -907 523 -371 -698 233 -19 -1235 -811 -477 -460 91 -313 1442 579 265 751 11 463 640 -562 289 363 -252 -264 219 -864 -302 67 -17 407 -891 522 92 95 89 -138 79 -9 -129 258 94 -444 -231 -92 282 304 -22 534 -662 188 -374 218 -1067 -170 -1285 572 -368 413 -493 -410 104 154 -1013 -380 585 72 468 933 -134 -455 396 -86 609 864 636 368 67 -280 821 242 -327 -467 -134 -471 -376 -126 -143 293 -515 320 226 -659 273 -7 140 ]
[126 -190 -79 552 362 -471 188 76 188 254 -746 118 446 -136 377 172 -82 228 -366 -611 -713 291 38 613 -384 174 868 6 132 343 904 2 -131 -262 536 499 -988 656 69 494 151 -327 8 -562 894 -476 25 -664 -3 895 45 -445 561 -859 -4 -97 369 564 112 -379 25 -220 -18 323 -55 -108 54 -17 -4 768 71 101 -387 -166 214 61 -198 208 -294 210 284 -366 318 -143 -828 -694 94 -183 -67 -475 496 -412 479 -546 590 -387 -440 -509 -619 -669 ]
[151 166 -501 181 923 103 -210 -260 22 123 -80 -11 233 43 217 311 273 -5 196 -29 281 -447 -1483 215 -599 271 -561 -196 98 -100 -674 59 164 -209 101 -322 374 -1050 -20 -654 -401 51 1001 -677 765 -202 -18 -34 324 -205 -516 597 792 -540 -451 316 220 -351 593 24 -316 108 -390 50 -557 -704 386 596 75 438 -255 -181 -217 230 -450 -132 178 386 -327 -539 322 -776 -378 236 -316 615 396 -61 -18 316 -403 728 -265 -658 -848 389 -361 -751 -519 167 ]
[162 549 232 702 369 -578 -45 127 195 -104 182 49 -930 93 168 577 -363 504 -886 32 1010 383 -71 -117 308 307 -127 -178 983 -119 -14 2 819 211 71 -437 -113 375 810 42 206 672 -693 321 943 -34 -298 214 163 -178 -320 315 69 39 301 83 518 217 -117 -37 40 535 -322 442 930 686 -716 -528 -312 285 -739 -323 467 183 211 689 -166 167 425 -84 528 -392 250 643 -243 122 257 -101 -364 186 -382 255 171 45 -304 -245 289 -230 391 -1151 ]
[492 29 214 979 -198 38 128 586 402 -3 351 825 161 249 442 -573 -240 -515 -140 -123 854 408 -621 -413 -354 43 117 -575 605 -156 -367 209 407 316 -585 -547 -205 61 158 -24 287 -509 -266 -53 -66 -80 183 -745 436 -657 -101 -553 -530 190 347 359 -145 -586 252 320 -524 -364 -97 5 692 78 70 1060 -20 617 104 101 37 101 172 -157 853 -167 -203 -348 793 580 681 343 350 16 -202 429 132 -5 634 -409 136 361 -402 277 226 -192 -499 -233 ]
[-387 162 734 114 458 729 -805 51 -179 75 -304 62 -1002 -171 -464 288 119 -401 -165 -313 -353 232 1072 388 723 120 233 -572 175 539 25 -427 -359 -57 -613 610 -165 193 159 312 99 37 -621 510 -27 297 681 419 35 -1209 45 -520 426 205 790 59 -429 347 -1042 530 639 404 59 751 639 -91 450 -922 490 -251 102 458 545 378 215 568 479 183 36 -133 -89 292 315 -254 116 -20 79 -117 440 149 -73 625 -101 -94 476 -82 763 -277 -317 549 ]
[-367 -595 -228 650 -24 -917 293 265 -697 13 455 -300 11 108 180 -331 -969 328 -857 -497 -148 434 -272 120 -165 98 -301 297 60 -182 494 656 20 -196 -342 98 -454 342 1129 224 -74 -75 425 211 -939 325 796 455 648 -112 -171 580 -249 595 108 553 -491 45 -107 -588 -844 754 -420 -498 8 -217 315 695 620 -139 -259 -505 76 270 341 -476 422 332 -180 -84 682 874 5 -120 689 287 1270 -263 885 -492 -114 418 78 26 118 460 -524 -506 -464 -607 ]
[220 -402 761 -146 -287 516 169 663 -495 -436 309 465 340 160 -241 37 570 -153 -308 353 -431 197 269 245 -176 -672 217 -114 1268 -351 -507 331 -136 -73 965 -420 -537 -234 804 -801 644 -309 -507 586 21 -595 -179 196 -526 -136 84 -308 -266 -293 337 -151 -8 -287 -274 -180 174 -310 1154 -196 -258 436 -101 -1352 84 313 345 268 7 -246 537 -219 -162 -415 107 456 626 -636 644 60 -370 -568 -479 -281 -187 -802 -3 -337 161 -370 8 -646 -41 789 21 409 ]
[129 -496 317 523 31 -674 -16 -142 -161 -95 140 17 -363 -342 977 1241 1062 -633 -314 558 -420 -345 150 307 -768 845 10 -316 -254 -428 131 183 -666 -225 217 386 259 -780 122 544 -84 225 165 -440 279 -66 575 398 724 139 -67 526 79 417 -88 -370 375 -89 408 227 -373 -535 245 360 -290 -839 30 30 -596 635 -143 262 -267 136 -99 610 -863 428 -738 -867 579 -354 561 -1006 160 37 552 -211 -63 179 586 -437 261 -193 656 -18 -29 39 -1108 332 ]
[442 -178 -85 421 -108 244 235 48 -72 357 488 -131 -151 -921 934 -6 40 42 1026 162 -70 267 -817 448 -473 93 -315 -648 111 -311 -18 683 424 117 -862 -269 -306 -695 164 275 -216 1011 196 745 -328 -88 663 -444 -348 69 524 89 -90 478 472 -23 -306 -1628 491 667 14 -957 288 -414 -92 -733 518 -408 383 433 -106 479 182 234 -691 81 -1224 -504 -58 -431 -346 280 539 -574 868 2 75 947 1008 -254 887 663 -253 0 -118 821 355 -385 -618 327 ]
[301 -503 -187 97 -553 -72 -180 -348 492 -622 -189 -73 273 392 -1315 -231 510 -248 -162 -192 250 621 -59 -207 -1004 467 300 -571 -275 340 265 -241 395 -2 68 664 -523 -91 -407 -227 -68 154 403 -521 278 258 -461 -11 -278 192 -17 -597 -197 58 -173 -133 -9 -78 841 491 65 -34 -808 196 -88 207 7 676 824 333 265 492 -337 -152 239 114 415 -230 -201 300 -21 700 -905 847 279 688 -455 -251 -450 -223 -9 88 -559 69 327 17 765 614 -590 81 ]
[-32 848 -408 178 570 -1514 9 -182 459 848 -161 -306 -91 -123 705 5 -590 -315 75 200 668 318 -177 646 311 -37 -181 583 9 -4 -497 -55 -483 338 -60 -289 589 98 -168 179 -454 245 384 -427 -211 21 -112 -381 -116 625 -323 -28 131 220 127 420 288 -48 -1188 -300 521 347 -80 -281 99 -865 205 -373 -1182 -556 -738 -448 -420 391 -97 471 -163 -155 567 -217 -390 515 -232 -126 -433 369 966 50 325 158 209 -218 606 846 -383 -95 -1127 871 562 -294 ]
[-535 -427 279 -204 -9 -194 -182 -42 315 300 -896 -581 -338 -15 -403 -948 -17 20 -98 -73 12 -373 -211 -1149 499 -768 177 -362 55 493 477 -200 -146 729 121 194 -768 457 -592 91 70 -108 16 -259 -623 -397 251 -159 -517 561 519 74 -115 -648 1002 -508 -437 -958 -751 -884 -63 -784 -485 -566 -466 130 1266 475 456 9 438 -410 -312 -145 377 -908 679 471 996 1270 -554 325 -182 704 1265 159 -1382 21 595 -531 -68 -113 -357 -838 127 655 -602 729 625 550 ]
[166 -551 183 -875 175 193 -306 -33 179 -118 20 -70 131 436 228 15 292 -851 294 -424 -25 998 93 -336 888 756 65 -66 -545 885 852 -334 340 302 -1071 802 792 -577 411 823 -530 -173 589 -583 116 -333 165 -128 -727 -514 427 -231 322 9 454 -329 -378 -532 -192 -478 392 86 -723 -121 151 -52 836 276 108 -364 769 487 30 51 -396 557 -77 -393 501 789 555 -752 -324 33 233 -318 275 -1084 934 33 -53 744 -231 -55 217 -275 184 -243 -737 479 ]
[334 579 -596 688 961 837 523 253 653 -1212 -207 248 -509 392 -371 45 1071 -455 -174 258 -224 286 -203 477 128 -30 -259 -328 173 164 -272 -480 -289 363 596 -429 313 -661 -10 -883 221 98 713 160 54 -147 249 860 -236 341 -198 433 -435 497 -657 -176 -124 342 11 911 19 289 402 -211 127 -1010 -89 514 -49 834 -309 204 -230 -178 -581 72 385 653 -49 442 -613 -46 340 -69 370 99 166 11 757 -436 975 789 222 -112 -291 -237 674 -51 -338 744 ]
[-11 87 214 -375 -749 1050 507 -115 1405 -595 302 -54 221 -368 -20 214 359 2 328 47 35 -1156 -483 197 -231 -596 -125 -410 -101 124 764 113 842 -543 265 184 144 -321 -319 118 178 125 -55 743 134 -588 -688 -89 -691 600 -420 -572 -315 -348 -334 -280 -710 417 570 156 617 -582 -352 142 -96 100 386 -353 73 657 190 831 -863 -245 -102 178 -143 -267 -810 777 -270 27 4 649 -305 300 -163 -66 -357 -503 74 126 -596 104 -21 22 806 357 263 45 ]
[18 244 -447 793 606 55 456 331 -10 -273 -19 -304 -335 -13 168 -410 216 660 -258 -57 843 -210 -757 1008 -1195 651 -526 -796 354 -912 -575 244 65 -803 299 -677 -140 -421 340 -434 401 370 -7 -541 393 -60 81 294 -205 -163 -898 -154 650 658 -488 352 -216 43 -130 246 -282 60 -433 -287 867 -334 -630 569 32 410 -980 114 -17 -424 -164 614 -527 319 -285 94 739 165 134 91 -328 519 669 711 -170 -178 1091 677 587 -199 433 125 80 -84 -207 -593 ]
[482 -637 -115 569 -404 -871 -729 -362 -303 403 342 444 -272 -493 -444 702 249 -306 -61 650 -796 867 286 -181 -151 331 71 161 -889 64 -14 0 541 140 60 1068 -209 767 -347 710 -217 59 268 -298 88 -993 548 -270 -99 214 763 -121 1007 -467 398 -517 402 336 -440 -720 -162 -361 -243 160 274 -438 363 95 101 -823 380 -555 22 1012 -364 458 -32 -984 -307 81 507 -85 -222 -91 -252 168 741 -1224 40 528 -256 -1030 121 536 506 -1008 -97 425 384 -165 ]
[303 100 140 815 -16 402 253 -329 416 195 -540 231 491 -275 509 -254 -147 -243 347 -460 -567 -127 -179 -416 -522 432 -3 -613 288 -231 398 -73 184 17 -336 50 -1142 -430 -531 -331 977 260 -576 -537 654 502 19 600 150 907 270 735 -1051 584 -507 -267 -329 -530 426 640 -717 -216 -518 594 -64 -339 -217 -164 475 -375 -620 493 -298 324 -220 -855 -148 -175 -361 -190 218 -180 -386 -642 160 -663 -85 581 -119 339 995 761 -154 -155 -146 392 1112 -288 -25 347 ]
[917 110 228 -826 -475 825 -553 -221 874 185 366 186 191 -176 -246 -568 69 707 -126 -263 -877 146 -250 -178 -280 -466 -64 232 -987 400 -45 160 1208 -328 -1164 226 113 322 -321 313 12 -310 -47 -112 -100 -321 -1275 -174 -634 -640 -47 -641 689 -817 26 -82 -638 -626 453 -472 311 -484 427 363 -533 -461 720 -451 554 -119 106 553 916 -571 -97 -216 203 -694 175 358 -278 624 -718 697 -557 571 -767 16 -663 507 255 -845 -705 92 -59 192 981 -252 -182 955 ]
[27 633 -78 -260 497 -35 786 452 -128 94 396 146 -494 -294 1291 344 -299 231 281 364 -49 -225 -423 531 318 -351 -499 309 359 -327 -196 18 -76 173 -52 249 752 -584 517 140 -654 475 237 954 -1172 2 859 603 459 386 18 135 432 -115 165 -337 265 -214 441 83 -600 -259 1004 423 221 -281 -822 -194 -1450 -281 -331 92 -212 -814 -259 -108 -377 868 -164 -1176 -678 28 1234 -589 -220 -102 988 786 -89 -246 722 403 754 473 458 -333 -14 -256 -465 -197 ]
[164 575 -329 -1581 -126 273 19 -629 804 -262 602 -341 -944 291 -92 15 -33 -4 97 -52 -322 193 328 -237 872 698 -434 225 -431 715 100 -698 511 239 -1080 -31 677 302 376 -103 282 12 573 21 464 -826 -195 80 373 -468 -170 -406 350 196 -139 -64 -24 -857 455 -457 531 531 267 152 -1043 -243 -1004 104 -354 120 -83 202 508 -401 -573 -119 674 1067 -253 601 441 -224 -355 224 -1396 39 662 -982 -217 -657 525 187 128 -298 -41 -348 198 -46 -313 127 ]
[-316 -137 527 177 -849 -763 423 -362 -282 -122 -378 382 1190 -489 238 548 -231 -286 119 463 -525 582 815 -111 -678 337 -664 528 196 8 579 -5 -567 -550 795 441 -263 195 -280 -384 -324 -387 -221 -797 -49 738 50 496 -257 736 -416 -368 208 -444 254 -389 548 840 274 227 -495 -214 617 337 -514 -57 -77 -203 -249 -322 -426 216 -712 -581 724 355 601 353 -53 -599 -305 143 -523 -46 697 -146 -1027 123 8 165 51 -866 113 -33 -253 138 -246 1050 -156 509 ]
[-383 251 782 13 179 -93 76 -106 98 351 -220 403 149 -724 43 -125 -99 117 -56 408 -444 197 -187 156 -393 -143 168 116 -21 262 672 -103 64 0 173 -140 -359 736 214 -689 719 -564 -618 -374 172 -638 372 -109 -258 -35 523 -55 77 -205 109 480 -251 283 -351 -257 -105 366 -698 -667 -27 376 -18 -5 719 -12 -516 -134 -66 453 181 -631 -719 -377 -465 665 -573 -1082 -545 -424 516 282 716 -273 -225 -980 -84 192 -193 -355 719 168 -364 502 65 -120 ]
[148 48 13 628 -385 -21 265 172 -521 786 -560 391 -523 360 -269 -780 322 600 174 -779 422 -231 -161 -94 409 -680 62 -552 -127 -187 -949 958 -269 166 166 -145 -28 52 335 -740 -581 -338 145 -5 -315 786 -602 -647 -543 295 523 -978 204 -61 391 446 -48 -81 -1199 653 115 -305 199 -520 1056 1243 1008 394 210 100 -274 776 177 -275 357 27 -400 -637 793 1034 908 268 42 -88 1059 114 -1030 495 -571 -273 42 -11 512 244 110 285 -370 545 99 -127 ]
[103 214 -45 611 -609 337 -221 200 -343 -175 -497 -140 832 -519 -163 -180 -359 72 68 208 -298 -477 1323 -38 -480 -583 -20 -147 -38 97 -88 589 -523 -177 1164 390 180 -616 -441 -301 113 107 -354 261 -43 1162 1161 146 91 -211 -721 -744 -976 359 69 247 -639 -81 330 848 -190 -291 -101 -61 63 -493 370 -486 600 -42 545 137 -638 -578 915 74 73 -606 -98 -247 34 -305 682 -425 193 -145 -799 74 567 -103 -1303 -321 -226 -62 -1172 449 -11 652 -483 407 ]
[656 578 598 567 -267 451 286 -499 572 -251 1 122 -351 -371 -167 58 446 481 -10 230 -186 573 174 -142 240 -138 -56 -775 -196 -229 -252 -350 -312 246 -644 -72 -439 -319 718 40 307 -41 461 -67 -396 986 490 159 -550 448 483 -161 -650 842 620 117 -459 -381 -64 234 256 85 -76 -332 114 -45 517 -232 252 -618 -573 903 801 72 291 -466 426 -209 102 -278 65 409 -424 -148 619 -280 -388 802 -16 999 75 251 -686 -877 -123 1425 789 -525 -513 -599 ]
[-521 -692 -71 -507 140 432 985 -212 -144 -209 546 72 235 -270 -1354 -230 703 -206 229 -29 56 -415 0 -308 194 -489 -384 1 1019 -216 -192 -534 250 36 468 -248 -885 -357 -456 -600 -18 643 73 544 418 -933 -327 352 -346 -135 -491 74 -437 -425 299 -127 147 -294 189 220 -107 -103 180 -150 -547 69 477 185 131 65 538 186 100 -471 -128 -759 1136 6 -157 12 187 24 161 1315 456 455 -556 -111 -407 -467 -877 30 -481 404 -660 117 -841 326 -654 913 ]
[-126 702 -673 510 330 43 -495 289 527 174 -39 -341 476 728 36 289 252 -1095 -473 -456 -85 -320 -352 -668 768 -446 818 872 -277 557 56 365 -661 635 -374 -331 -226 891 10 -131 638 -98 -101 -489 807 53 -514 -557 443 230 -289 657 -235 -304 -604 134 -50 391 -525 528 306 -49 14 651 -837 19 -184 785 -212 414 623 36 -1158 -18 -96 142 230 40 -300 50 -144 586 40 228 -699 -396 260 -521 -495 111 -41 -896 541 1074 -614 -453 63 24 774 772 ]
[294 -204 -559 -74 413 -358 114 126 236 -344 919 121 -512 610 -322 764 139 -726 327 834 50 -915 -2087 225 563 531 -163 261 480 -50 -248 98 25 -6 -320 -259 -11 -409 -739 571 -40 -366 317 13 245 -778 -819 -378 478 -489 -327 517 170 -274 -506 -618 462 -1037 -147 -383 757 -273 442 298 244 -67 -358 543 -58 88 141 -115 -118 255 -859 466 -4 -376 51 241 -398 -331 -76 330 -260 125 558 -59 -268 29 -153 -57 469 566 -660 -464 479 -332 378 524 ]
[246 -19 755 -208 981 -386 -563 260 -369 -6 -180 -46 -285 267 559 92 883 -286 -328 -107 771 -11 159 -351 -879 -245 -449 -312 747 -237 64 928 -159 357 -43 -337 597 -522 -289 -539 -516 -300 -355 -576 101 113 -280 -21 -337 122 207 -115 211 -505 83 305 686 895 -1043 -373 -8 -730 895 -433 -349 -49 693 403 -368 403 104 -381 -613 -160 137 -23 -224 87 288 -122 739 -283 812 -250 -55 -644 -367 -21 -234 286 337 -680 512 -343 -389 195 -431 151 783 542 ]
[813 387 -680 853 -39 -195 -113 251 248 -468 135 133 -521 -259 -171 109 -243 -838 -488 -853 -203 50 -236 1092 -584 694 -65 -599 395 75 -852 377 -478 -715 1086 127 -179 -403 633 -49 -19 -510 60 -411 -92 141 36 200 426 -99 -760 -354 76 249 69 771 124 -521 188 428 52 364 221 -547 339 -333 -657 -108 -310 1091 -220 543 416 597 -198 373 479 -629 -24 -288 653 276 -204 -1163 -631 -1047 713 516 482 -69 476 -30 -198 -483 -18 516 -2 -912 93 -701 ]
[529 48 79 -51 -271 77 274 -131 138 555 -620 874 -295 -363 -214 217 3 484 -732 -4 -101 1009 941 -814 -490 -43 -495 -758 -479 207 811 501 467 -117 1241 331 -400 -236 -521 2 -281 -620 -336 -77 -157 588 38 -100 -672 -111 189 -328 30 -518 -88 379 -132 -22 40 -734 -201 -391 -848 -425 359 199 114 -490 467 -501 -371 798 221 325 206 16 118 -382 245 386 291 -301 -167 719 414 147 -492 -754 154 -90 239 333 -427 -596 144 456 440 110 124 -695 ]
[-648 -293 903 -101 410 -5 60 -540 -497 -305 72 -466 593 -253 -632 -178 -285 541 -27 853 -208 258 220 507 -381 150 585 328 13 -975 -208 248 -258 -775 913 -815 638 582 248 -279 -260 -732 -616 -54 -267 1141 -434 36 -374 424 -471 -601 172 112 -130 498 -99 792 312 -542 46 357 720 -661 38 751 -817 -531 198 912 -722 -159 -36 554 177 -313 47 673 -428 6 562 -25 -204 104 24 193 677 69 -772 -386 -181 -288 268 302 407 208 -148 746 -258 -721 ]
]
