[[-659 -393 319 78 205 -306 -205 -423 -102 -298 73 44 779 -20 -198 46 183 -705 -361 -354 -261 -288 -38 392 -171 -253 388 -326 -171 542 62 122 -428 336 -21 336 61 317 -48 399 -265 374 -147 -574 -97 -106 365 540 -8 -363 306 -57 167 -355 -361 -10 34 -385 -615 171 -180 -251 -603 229 -225 -331 -82 -118 -656 -60 527 -239 -469 -225 337 -1066 -64 175 282 -52 -512 250 -407 208 486 -77 -107 41 128 -538 89 391 -699 -330 56 -179 -217 241 -215 -8 ]
[106 -284 -160 -95 -71 -680 -86 -308 183 237 352 661 147 168 214 312 -299 -254 16 727 -157 246 299 294 -624 399 381 -402 -390 -355 -13 -602 147 109 735 -17 -123 -180 256 102 -75 535 843 802 847 -140 -420 -488 5 -458 491 197 -166 -1025 -136 240 -332 -89 158 -60 -380 96 261 34 -420 364 -125 -250 -153 -444 -565 -73 -72 -593 -41 12 -137 -75 97 -58 272 247 -489 419 -212 165 202 -47 -178 335 316 -361 -215 -339 -434 -101 -347 -157 398 -258 ]
[734 131 124 -419 -627 86 -256 103 216 -134 -217 -247 53 -271 -385 -518 182 417 -502 -398 337 -397 138 -464 252 -553 -259 51 628 393 139 756 -20 -115 -189 -247 -685 -78 -19 -309 91 -519 99 -220 179 -379 -785 251 -580 -464 -146 -472 -168 787 -210 -617 -380 385 -664 149 735 467 1 121 504 -334 -531 -366 -298 411 592 -212 0 554 602 -470 -268 -307 311 193 180 -426 214 44 418 -452 371 519 202 -271 -224 164 238 118 64 -498 872 -288 183 -219 ]
[45 -344 -90 -309 -621 -659 -184 -340 -113 208 -324 327 491 -73 227 -654 41 152 85 28 -48 800 609 -306 62 -461 479 -425 59 -635 478 58 -318 -66 348 26 27 614 297 -220 -923 -262 337 -67 843 7 70 -255 -453 -544 -201 110 -297 -318 -715 124 424 505 -102 441 -239 -551 -282 -258 383 -619 275 -129 -6 448 381 -45 19 -80 337 -9 57 -240 -259 -546 -750 -679 -784 462 138 275 235 376 444 120 126 -59 -213 -304 -671 -161 -171 279 81 -151 ]
[-327 -593 378 -499 -39 -186 -218 417 484 -373 -533 -147 -53 337 -169 -245 444 -112 -971 234 -201 68 564 22 -146 -524 -182 -291 316 -862 -119 252 -170 -432 25 314 55 725 -193 -276 -721 74 218 -437 -315 -226 564 -116 200 330 60 -250 -187 -241 328 688 502 21 -37 296 86 -711 -152 31 -312 -165 571 6 71 -207 -1 -298 -61 865 -489 292 -165 236 -173 -259 -354 -35 237 -444 89 -66 -378 -478 -301 75 -333 -278 -1056 -547 -10 -189 -585 196 -76 -378 ]
[313 325 -141 402 -218 35 252 -442 -873 76 -29 153 116 509 409 -141 -577 670 348 5 -562 266 47 -779 320 -334 -204 393 -93 -324 421 239 -102 -273 58 -616 -243 -467 253 228 -618 -1076 -464 633 169 808 -544 -267 -407 482 -137 1024 131 644 -479 -201 -241 10 122 -88 -42 -70 316 -356 303 -155 -195 502 201 552 -163 595 368 433 466 136 74 -155 -225 214 296 -632 -148 129 284 -13 377 137 -89 198 211 -364 640 112 -851 791 321 459 209 -454 ]
[209 60 -284 383 570 430 443 -210 -170 205 42 -386 -38 16 566 199 -471 219 874 -428 -428 807 -253 -875 530 123 -250 243 -529 -352 -213 -543 362 271 -35 -684 127 -186 212 216 -241 -156 -146 130 -239 1153 339 -185 417 667 -354 1019 382 11 -276 112 50 -587 -139 194 -665 -551 4 180 -30 31 -7 638 882 301 -28 287 465 354 -167 -153 731 -446 663 14 234 462 -437 367 468 169 -370 362 -215 476 59 432 161 765 -565 643 -459 672 -84 76 ]
[18 736 -650 808 354 -219 -119 -187 183 216 -259 -445 200 -85 -576 -222 94 181 390 -121 183 31 -419 14 52 190 -291 126 -74 852 361 -190 378 44 -442 137 297 -664 225 438 -232 62 109 -266 709 -59 145 565 -372 292 194 -274 31 -214 -346 -562 84 8 -75 -95 404 248 -134 405 294 -215 -578 -148 -121 -227 182 -137 158 -173 -245 -353 319 -869 131 93 -315 455 471 809 151 14 412 431 102 386 -157 715 422 988 232 105 -15 138 489 654 ]
[391 417 -131 62 -855 61 -675 108 -230 235 -814 82 -676 647 -296 -241 -42 278 -73 -110 1229 -525 210 499 -299 371 0 -142 356 217 168 481 313 16 167 10 212 -782 -364 -157 622 -306 578 255 538 -710 -517 150 -77 -349 449 -1136 -731 256 131 -924 26 512 699 19 88 315 -195 -301 -318 -169 -314 -327 -90 -600 -206 108 -602 198 -284 450 -518 -210 -152 -674 342 112 325 75 -346 -328 179 -102 -209 17 265 -154 763 173 567 -134 556 -866 -94 224 ]
[144 443 -132 462 534 -367 33 -379 -665 25 547 4 523 -371 -212 27 59 81 179 727 -403 -508 -167 317 -483 490 -717 616 -466 589 130 -557 607 243 -4 351 -741 -691 326 1177 -140 55 453 144 235 179 29 -74 -90 78 -26 391 47 86 595 88 -532 209 -161 -370 -199 185 419 204 -203 126 -426 -325 41 -99 633 -322 443 -181 221 -824 186 -347 374 914 277 -56 10 44 -382 151 343 -272 -108 58 -272 233 327 255 -132 770 200 573 654 -238 ]
[633 -153 -241 -256 119 -198 -383 310 -412 169 146 340 98 467 -276 59 67 793 -66 21 229 47 642 -764 297 283 -172 96 -555 -1002 219 282 200 -12 -134 29 -756 -773 -496 203 -36 -407 -117 22 -25 -342 -146 -332 17 493 169 145 -306 601 205 -260 20 -44 -250 179 -695 -499 -279 63 -885 -257 -189 -90 627 121 345 -46 31 896 -514 -219 -90 -677 681 252 111 -61 153 735 848 -403 193 85 -384 104 154 446 -621 420 -552 11 44 281 -257 -222 ]
[-135 597 -617 1057 514 242 41 101 -259 3 10 -602 -874 -109 208 312 -174 -105 -91 -512 30 -3 -403 196 258 1211 -865 335 -381 493 194 -533 1153 -152 -425 290 349 -423 327 68 214 391 598 -224 416 468 42 -104 544 215 -520 -249 143 260 249 114 -268 259 -134 -871 189 -353 669 641 151 64 488 -255 595 -110 136 691 570 10 -251 276 244 -643 389 -40 617 866 392 -311 -247 101 -492 -229 -449 243 -84 665 454 941 31 946 -411 189 527 -150 ]
[145 -127 -489 -155 -407 -635 -22 599 127 476 430 -195 -509 -353 -536 -784 360 545 -835 499 -208 506 2 284 145 327 1 385 -21 646 485 -26 40 -602 -696 248 128 55 383 -582 -236 568 -314 -202 518 -960 -583 -105 -372 -170 -264 -282 308 61 -637 -190 367 622 61 -170 1137 367 642 426 712 79 276 -673 591 453 -480 131 -441 -905 -38 621 -133 -292 -462 -582 -220 567 201 11 -750 399 399 394 156 29 41 -41 179 444 362 -251 343 -39 694 -20 ]
[-292 -576 -480 630 -519 -329 -665 -451 -595 180 21 -300 -371 484 284 -199 139 600 873 316 -174 177 389 -548 485 49 717 714 -205 -380 820 306 -729 -161 -56 -177 773 -993 52 276 -564 -151 -40 600 279 -196 -238 304 -292 96 323 768 66 -167 -933 -606 -64 306 1077 -621 -518 212 128 -416 149 -112 24 236 599 455 -351 147 -230 -438 -161 477 -86 -315 -779 -610 303 44 -456 424 -524 -83 766 173 -5 379 796 -778 179 -99 -216 463 374 289 21 -68 ]
[-168 224 -148 -343 -192 -45 -785 236 347 -206 -281 83 -1 413 -42 635 168 753 722 546 681 -15 -327 -815 6 62 307 64 34 -1356 60 -10 -255 247 558 204 310 -57 -562 -280 184 137 336 822 840 -833 257 383 108 -532 405 12 -380 -289 12 -129 -243 295 910 249 -103 674 181 -110 -416 1 -293 -75 579 -666 -720 -727 0 -232 -799 797 -323 -368 -590 -798 376 484 418 404 121 -228 529 293 133 1219 204 -66 249 -192 254 -402 175 -575 -85 176 ]
[-276 441 377 -5 -993 1040 -592 -341 -40 98 -356 -11 -324 -481 82 207 839 239 54 -943 646 179 154 -480 493 336 -146 147 316 -418 52 650 -117 277 214 867 342 623 -235 -111 458 -515 -7 -99 31 -781 1019 -159 458 -827 -436 -624 -535 627 530 313 -482 807 45 -132 -480 313 -38 -630 -40 -508 39 65 77 109 907 -134 388 464 -452 164 -743 -331 -344 -623 -92 -396 208 -432 -197 -404 -355 122 455 461 -24 -71 49 -342 -36 327 221 56 -487 -52 ]
[-450 -255 -52 529 712 269 -242 -116 134 -49 166 -320 -112 33 -39 560 335 -291 804 -196 488 -759 -520 49 610 483 695 -41 319 750 118 -162 -135 -126 -75 275 501 -82 -666 -483 -402 341 -237 -18 317 269 824 1602 358 -179 215 -141 531 -8 -92 -451 58 -408 301 -350 -428 -82 -650 205 -272 -406 73 193 -512 -280 -30 -22 -458 -1019 -164 148 261 -123 -135 -790 -393 1019 -165 -107 331 -306 -43 483 314 -189 -6 316 394 409 1053 -526 184 -204 -601 960 ]
[-446 1055 -276 314 -46 -388 -1176 174 -638 -905 -510 56 70 -23 -647 241 177 322 564 -617 728 -634 -492 105 107 -83 244 -2 -85 35 331 480 -76 436 -457 486 247 -246 108 28 709 -4 -261 -707 1043 -772 -181 280 77 -640 115 -728 -62 146 -337 -1488 -78 202 197 101 -2 128 -429 55 82 -76 19 -561 41 -694 496 -103 -425 -304 154 -92 -323 -24 -400 -14 -277 247 373 314 -205 563 -60 -107 914 -288 190 1036 178 -522 -105 -228 -125 -880 -257 73 ]
[-471 -62 -97 651 -401 76 -19 -272 842 154 46 -15 700 -312 204 -18 168 143 -195 -838 84 322 -340 -507 404 -676 148 270 1193 -38 340 835 -705 -153 -630 190 508 -332 -21 -9 -297 -49 -258 -563 97 -223 -211 709 -251 -317 -7 257 203 -165 -217 560 -200 426 -12 374 513 690 -241 227 929 -355 45 421 -836 101 375 343 378 337 212 -5 -146 -739 -385 276 -104 -1239 609 564 363 -379 421 106 -78 438 256 -28 -196 -291 -143 -510 -80 0 320 130 ]
[626 186 502 -832 -372 118 353 -746 -3 568 91 286 -673 -220 235 142 148 -202 -50 179 -335 548 523 279 -109 -183 -163 -354 -176 -22 -864 -537 464 -56 705 -842 -561 58 575 53 481 -213 295 727 -151 625 -233 -687 -265 186 196 -56 614 -628 386 -298 -247 -409 -26 294 147 168 124 -593 -406 862 -140 22 127 300 -1117 -42 314 226 392 402 168 647 500 16 495 161 -186 -544 -636 225 133 -36 420 52 -484 -895 -114 80 -128 234 325 -101 740 -91 ]
[1075 610 -495 -690 -88 189 178 246 -340 1568 760 618 -167 -283 -74 6 -68 438 -186 232 161 -288 702 661 -523 1550 103 -639 -522 1438 327 -48 388 17 181 263 -995 -475 -268 -294 810 447 88 712 376 -820 -877 -1098 310 -147 -233 -892 -682 94 564 335 -308 447 -600 -682 289 887 370 -84 25 411 -676 -469 -314 -54 -47 187 -247 -616 124 -145 -181 -227 505 539 332 237 -104 411 272 -209 579 38 -553 -181 86 -183 423 453 77 191 870 150 -395 386 ]
[-308 88 673 599 409 87 188 -122 -642 -109 -61 513 547 1004 -66 -173 -392 373 -610 68 70 51 -165 -200 -221 -498 156 712 -186 -689 -350 -399 279 -66 -281 -608 288 -189 -31 786 -291 -457 89 62 -28 36 -75 506 49 256 338 573 -146 129 -2 22 439 -379 522 1084 -214 -776 -595 217 -282 -849 -90 784 -7 -258 -407 -507 -55 886 -393 -341 250 -652 463 -82 -492 -38 245 629 660 -222 -148 169 -371 526 437 998 271 62 61 126 -311 275 68 146 ]
[-258 148 -572 -87 259 655 -229 46 310 317 -1000 -441 -160 76 301 478 476 518 422 -417 610 83 407 -421 90 -451 -583 -46 186 -585 -2 349 418 482 297 237 -118 -3 -230 86 501 681 906 -248 -850 196 1009 103 702 186 -175 -71 -344 -625 916 744 698 552 -100 672 -409 12 -166 196 -337 407 286 733 491 -133 329 50 112 1154 -493 395 329 -328 -30 -258 356 -363 375 -84 -62 -96 245 -312 -360 709 -513 -41 -334 15 -447 626 -912 -36 126 232 ]
[-522 313 421 251 441 289 603 -525 -164 180 -559 -169 -131 896 224 -87 -134 -453 -471 -496 -537 -449 366 485 -160 -600 51 -1 -260 616 1 411 -86 -197 16 -688 237 -241 217 -807 -238 427 -188 216 -366 386 -427 -186 200 577 124 -146 -236 -565 -778 68 933 -481 -131 197 307 -527 630 -116 265 453 142 571 -404 -305 -507 1034 -454 853 418 383 -467 430 113 -292 256 340 8 -160 240 406 130 -203 -567 -261 293 -244 -231 15 -139 493 -715 308 404 -9 ]
[-452 253 -111 601 -267 -347 57 181 313 -459 509 -844 -208 -75 -89 -438 154 409 -911 414 -662 561 114 -431 224 139 -800 322 505 60 -54 -217 -9 -609 -8 436 680 -141 171 158 -669 -258 -509 10 378 206 600 46 426 348 347 591 1112 180 -42 0 -390 108 204 218 3 227 73 274 -179 -221 355 255 390 -54 -489 482 31 -16 -738 433 64 -239 -791 -162 -416 1133 479 -229 -832 -21 -588 -171 317 488 106 -340 -105 190 327 1 -386 -69 239 -175 ]
[-764 456 405 912 433 344 11 -778 -507 77 256 767 -256 715 -512 1136 32 -233 1630 -180 788 -343 -351 361 222 363 910 381 -920 -550 -189 -562 -350 75 315 261 600 -445 -69 360 896 151 -132 644 257 -460 667 749 -154 -170 558 -210 -402 -654 275 -392 67 -171 563 -527 -485 318 -145 28 -675 -4 -138 -116 -405 -381 -776 -474 -73 -826 -1020 655 -714 -642 -343 -1062 -545 356 160 541 319 -12 878 38 302 651 606 497 57 59 324 -472 -68 -31 355 925 ]
[312 517 -395 403 180 -49 547 574 820 102 549 546 -308 -495 -103 45 -726 611 298 256 -26 1352 -26 -264 -192 56 543 -429 -88 -1362 -67 -580 -314 -574 400 -382 164 199 642 -148 200 -629 -123 290 744 84 149 -1147 -58 689 227 445 20 -57 185 129 144 91 -172 -130 -145 -2 -161 -74 279 -478 -75 367 211 -85 -687 444 1029 -487 -1015 445 384 -341 -383 351 -1174 -90 368 677 1 216 -405 15 389 781 -53 -82 -10 -366 -985 -1128 -797 -492 -9 56 ]
[-605 132 -169 666 50 -226 -1238 -866 -681 309 -14 592 160 393 550 648 95 14 -300 -303 -811 209 -580 338 -502 997 306 -198 -653 374 406 -237 193 335 -449 -226 681 -625 350 1701 -253 -232 430 32 707 26 -253 -296 513 -256 609 642 121 -314 -367 -381 -677 -661 55 -348 -56 -495 -314 -107 -124 116 54 -122 151 -519 -478 -362 -243 245 -21 -687 479 -227 1233 159 303 626 -340 501 -18 -95 -83 -707 -712 775 262 545 26 -75 -364 1117 -322 99 32 -605 ]
[-624 190 364 -565 294 -27 237 -432 785 40 -18 -799 818 -404 324 351 -161 -1077 -661 -650 -96 -204 -208 427 -529 380 -467 -764 131 -194 -491 -647 11 285 345 221 -155 109 -165 -51 226 967 389 -15 560 51 379 -320 741 -498 -253 -899 710 -876 231 1064 -522 -209 99 89 -311 495 146 -67 -423 106 -106 -655 -504 -754 193 401 146 38 -198 -391 -96 34 129 -290 276 987 493 -177 391 51 -638 -397 101 463 -68 333 -806 -185 552 69 -402 212 391 39 ]
[211 -421 -234 -45 -801 -89 -676 -449 321 536 -456 -658 -478 -570 -254 -487 613 389 896 -275 156 954 570 -187 460 403 -722 -37 388 -432 -196 -119 -187 -96 -715 112 440 -92 631 435 323 -275 567 -891 294 -66 565 -873 265 -225 -538 -284 392 -775 346 345 -510 420 480 -165 -906 -43 -486 -529 145 313 356 -820 146 71 379 276 284 279 -491 671 437 -175 5 -182 -378 -684 -818 -165 -560 736 -166 -556 430 567 6 -132 -243 -156 -149 -88 -13 344 266 -84 ]
[236 368 316 -63 842 482 -10 277 898 358 69 -714 -204 387 -827 238 500 502 -717 553 -1209 -704 235 -124 -93 95 -175 115 -132 983 66 433 94 -333 -431 44 -773 233 294 -703 -351 86 -61 47 -303 -432 -69 -31 418 608 106 -46 -519 290 -543 210 290 -560 -1046 -231 755 -198 697 283 90 404 -709 564 -130 -296 -191 62 2 845 -692 -196 -82 245 1253 361 -320 824 448 -134 580 -314 491 710 -409 -112 -855 -108 -538 85 -211 -207 -409 615 -172 -224 ]
[204 64 271 172 1 53 -250 -276 1050 -145 -12 533 -1311 331 -349 496 642 -208 -57 203 -165 -346 787 606 343 444 223 -397 580 -73 -469 -10 734 -27 574 18 -153 24 610 -1132 636 358 1223 486 312 -500 -759 -218 -564 -456 372 -657 9 -434 201 -539 -399 -228 22 -450 528 -70 590 -285 164 732 298 198 -966 -208 -978 60 462 328 159 999 -542 31 188 335 812 -611 475 -284 -327 -222 207 331 -3 -527 -403 -430 -169 -296 -316 -526 -541 -589 984 -251 ]
[325 -561 174 328 -782 -52 383 -398 -45 292 1002 317 -709 -145 867 -507 -38 269 625 291 -464 306 409 -74 839 512 191 261 746 734 -8 420 -615 -458 -15 158 250 -499 -46 -1077 -106 119 -366 244 135 63 -583 -522 -400 -526 -40 783 698 92 -145 55 -401 523 -321 -860 137 845 715 232 913 238 285 -170 -94 538 -422 925 86 -803 1009 930 -361 -390 -625 2 813 -456 -807 -441 -665 -19 548 55 -42 -387 585 -490 600 -214 374 -529 882 212 373 -339 ]
[-195 219 688 -144 -370 -406 -313 -217 -346 -571 -179 -388 -353 753 -746 3 304 616 -1185 -11 -135 -972 378 493 64 106 -303 -327 -498 108 228 493 -637 -501 125 636 -1229 -207 -515 -604 299 -672 -658 -49 205 -395 -64 -527 -47 110 677 -541 324 1221 -335 -648 170 34 -766 229 33 -179 493 -91 -709 -162 75 -618 -322 189 -159 1198 -1082 435 -97 306 -1193 746 165 -1007 -579 897 575 -266 643 -189 60 -272 -26 -1026 -282 2 -39 -103 201 -529 146 -333 205 -1169 ]
[700 -142 107 -716 -368 365 345 404 -48 182 437 1144 103 79 -203 -109 -348 434 -1175 -238 212 -608 -169 316 -472 -227 34 -524 149 58 21 220 -128 -49 306 -1078 -359 -586 -629 486 5 -877 -1008 536 -485 -88 -616 -29 -449 377 788 -322 174 1147 152 -832 -470 -412 317 235 43 290 -696 -619 -633 -368 -699 124 -710 381 -150 98 -424 392 225 -284 332 328 89 728 -161 -182 156 253 207 -651 -518 73 152 -597 582 -551 -122 138 96 -286 1070 -401 -480 316 ]
[197 -557 -663 132 73 -347 -752 156 780 -300 -500 -206 -101 -33 -133 -73 794 195 22 760 -91 -28 571 -132 -628 -155 304 62 731 -188 314 614 37 -460 -379 102 -424 -173 130 -365 -1220 -145 930 -650 450 229 21 148 613 459 801 221 -383 -191 237 590 -281 51 45 -174 -722 -605 -238 -141 83 95 99 104 -347 -530 462 247 254 491 -110 -298 -36 35 591 522 -432 -603 -472 -111 -496 -15 -43 -381 -368 20 -541 -581 -22 -810 -703 170 -265 -40 -197 -515 ]
[490 -244 -157 -246 -674 -481 -656 -121 370 486 97 534 27 -676 -471 -325 243 496 -234 -202 24 402 433 -378 66 132 586 -236 225 350 178 -181 -4 -468 262 -365 363 -198 286 -133 -322 -302 141 446 1026 -756 79 -537 -47 -755 -4 -469 184 -211 -662 -919 -46 175 -103 210 -183 28 -525 -39 362 -947 -87 -384 -105 57 289 -412 -424 -304 -138 -250 670 -906 171 41 -1054 616 -177 691 -317 -35 -248 787 427 1059 -59 769 92 -61 -102 -798 -665 -634 357 399 ]
[-90 705 -449 -114 -69 -146 -758 -159 -165 -251 -1434 565 118 710 411 187 -18 35 -961 -538 268 -793 -701 406 -721 -615 -422 -773 410 -49 1098 352 306 -336 403 -157 -735 380 -464 56 -1187 -194 705 77 355 1146 22 424 -558 -215 -123 -205 -350 140 161 -128 395 306 -996 -226 629 -668 142 45 -466 -53 105 -519 -570 -140 329 137 -23 1130 474 -176 70 10 -15 -697 287 -393 423 -436 851 -605 331 -820 -642 84 -540 182 -128 435 -483 836 -36 -275 355 -312 ]
[97 142 -146 -112 261 -314 200 169 -518 -177 69 856 -255 1026 -1008 -11 219 986 585 1055 -689 827 -168 -259 -12 36 -655 757 -1249 -820 -215 -892 477 129 246 30 -145 595 186 749 -571 -398 -757 224 -213 255 415 -161 -69 1000 65 843 -144 -187 133 415 426 -346 -188 687 -197 -763 389 450 -491 73 273 -258 803 -41 -531 -975 -202 24 -631 270 591 -148 -315 77 -791 142 -514 398 821 569 167 422 -388 310 -495 613 696 564 -444 599 -230 1018 329 162 ]
[600 364 751 -295 -466 -561 242 -495 -230 -144 -614 181 -11 -192 416 -249 154 -120 675 722 532 -95 361 71 -85 -160 -167 -425 -425 156 -260 273 -117 246 691 152 10 -296 -429 -151 424 -388 -136 509 -38 485 323 -678 126 -208 153 81 -642 -49 290 -524 514 198 456 712 -551 -42 150 -779 -318 420 72 155 343 -681 29 578 105 409 594 587 -310 1232 -166 136 337 -205 91 -64 -914 559 96 -617 86 459 110 -865 102 -217 153 -123 -134 -686 -583 -635 ]
[1187 -942 -623 -919 -115 157 746 340 424 228 475 717 -278 -288 131 -397 -22 489 -105 606 110 -313 230 -235 -411 122 -582 578 -568 -230 -218 -335 528 -62 418 -88 -401 -649 -415 -122 242 -734 244 484 -542 -4 -748 -730 -165 157 390 -238 -597 1022 -65 -127 -310 184 27 -38 -835 258 710 -251 -380 319 -190 -465 246 679 723 179 -971 146 125 41 326 -37 493 384 20 -371 -716 397 -102 -558 -134 276 -436 -351 -34 -70 797 920 -23 29 515 -305 -142 -197 ]
[1020 227 251 355 -1063 725 476 669 378 -304 -129 -414 -28 757 53 -390 -891 288 -462 -148 -77 371 -567 21 -117 -356 -1102 -121 883 220 -797 -65 -282 143 155 -673 -109 -521 155 559 553 -354 -506 745 -157 458 -745 -680 149 152 205 488 625 -137 326 -319 -304 -408 -190 161 120 983 655 317 -423 557 -1002 22 40 -529 -325 793 -459 362 -412 158 -243 150 -636 37 733 390 -29 -415 -108 73 -1022 -199 -51 -615 307 -124 642 -427 -18 -275 208 -306 250 -481 ]
[-220 -806 169 -49 -483 -140 -155 -509 -710 -564 -207 668 -779 283 -58 -409 -41 124 217 641 -229 121 225 686 -49 -237 810 529 -523 565 331 -208 164 442 151 -525 457 120 630 95 -110 -521 -107 -258 -766 584 17 157 -357 74 114 764 -87 574 -726 -1372 472 -380 139 7 -1148 -514 -750 -622 31 -479 292 413 9 565 376 -300 -813 -141 863 -795 776 921 144 138 -522 -33 -1163 -126 -441 158 -282 164 30 -297 103 253 760 -3 -317 507 -182 -325 -556 -388 ]
[42 -393 -398 -262 -331 -312 -119 398 1826 -895 -474 -728 -403 -317 -421 -77 -178 -339 23 953 697 -553 -111 109 -716 125 -531 -138 974 -418 -382 -740 151 144 624 -215 -132 -125 -166 -300 -399 444 1209 449 334 154 -255 153 -707 410 -208 -392 -116 -297 155 235 -1019 -114 814 -265 -185 851 472 153 -91 607 93 -715 -597 -480 -23 -663 485 127 169 237 -121 -158 -808 539 634 -9 751 -95 -14 -236 -616 -85 -628 81 -253 -402 544 347 885 -658 135 -438 501 -22 ]
[186 -208 571 -908 -308 217 -409 232 -79 -214 -118 -53 516 178 -262 -61 633 374 89 422 648 -511 677 -13 -156 -787 18 -86 148 -15 -588 329 -539 88 128 357 6 238 -421 -968 311 427 181 -290 -341 -1134 595 335 234 -273 553 -601 -428 -260 687 75 411 690 -135 25 1 989 2 -49 -29 -565 -575 -5 -221 -7 -8 -372 34 -182 178 280 -436 375 277 80 200 134 -515 -603 -9 144 240 -17 -262 212 57 -159 -193 -291 359 -256 685 -286 93 255 ]
[168 -264 -381 -100 -936 365 -256 0 -114 394 -351 114 699 -5 -190 -617 -231 919 -19 374 -408 563 224 -1030 -27 -125 -652 471 541 -189 -375 788 219 145 164 -169 -145 390 267 -49 -912 -656 274 129 -303 119 700 9 379 188 -312 683 -298 711 -63 537 -156 529 -74 668 247 448 -45 194 218 -539 -216 579 780 567 80 -430 276 309 137 17 152 -1119 99 -93 64 -681 -632 -335 -499 -96 -141 434 -701 492 -15 -550 793 353 -487 632 20 792 283 -276 ]
[-328 172 -34 -231 -74 128 -300 307 475 -351 -478 -186 448 45 -302 314 215 507 647 -736 107 162 -647 -441 69 -1120 -297 276 734 -798 -16 78 -431 889 -195 -547 -209 193 -298 -258 -181 -62 -677 -381 -587 17 72 165 83 -252 -389 -95 24 30 -573 326 -371 -296 307 720 -294 -361 181 -614 321 -25 -28 -271 -118 87 874 464 344 569 -190 -287 -116 398 -53 327 -287 -1196 -113 -48 296 274 -384 839 440 -877 -480 74 283 -497 -746 291 -364 -66 199 131 ]
[-22 -631 -462 288 678 -84 691 398 124 -233 1041 386 -502 318 396 -233 -205 -29 -384 375 -281 -153 677 118 -229 658 301 152 -572 -202 -578 -805 261 -363 -305 95 684 -715 105 -48 100 32 -23 275 -331 85 -92 -807 118 782 360 261 492 408 212 -26 -754 -632 558 -384 -410 -159 164 17 -299 260 396 287 508 679 -710 295 266 130 -291 195 -174 -462 527 522 526 757 382 105 -802 -727 -1047 -39 -724 -77 471 174 146 652 52 658 -459 48 -6 -86 ]
[178 -73 194 -649 42 -757 285 -719 -693 52 -8 -450 531 388 214 187 -1040 -786 878 74 86 -772 726 565 -702 447 -364 -747 -84 527 227 -155 -22 801 821 -351 -883 -966 -595 122 184 242 182 635 13 400 -607 -583 87 43 437 -464 -570 -127 43 -576 -575 -759 -144 -393 -1026 -200 -277 -437 -170 240 -255 -636 -926 -329 415 -175 -654 63 326 -881 -444 68 498 774 431 110 -583 704 1056 446 470 -397 -415 -574 680 -275 -75 186 120 41 239 171 -346 -121 ]
[-163 236 -180 189 778 1163 -544 801 231 560 -607 -670 -57 724 189 249 -395 966 -611 94 -552 -49 -575 -800 -31 37 -760 656 397 33 -282 494 -46 4 -562 -194 400 184 -258 338 835 -162 -20 141 -1032 -15 411 -22 844 556 342 624 729 -161 202 121 489 -578 256 791 236 127 -315 280 -31 526 -562 1301 493 -652 -1446 -415 -223 748 -1248 593 703 174 -22 -116 730 478 581 -312 289 -753 188 85 -399 1192 -157 202 519 270 555 409 -555 -3 -620 170 ]
[267 -237 -272 -165 -755 310 -765 -134 273 -229 961 335 261 -499 -502 75 579 79 -519 392 -449 -599 -195 -22 -198 378 -276 639 209 588 424 456 -213 -163 189 -60 -558 -547 263 750 6 -127 35 437 459 -302 -234 152 -326 -593 213 362 972 196 -350 -544 -751 -132 -381 -123 -474 626 80 -45 -428 61 -565 -529 -556 45 477 -192 142 -354 360 -711 -177 -255 -75 306 332 186 -683 -422 -821 -297 59 -34 498 9 43 277 96 62 70 -253 275 -177 905 -218 ]
[230 392 73 -179 309 -592 246 167 140 586 67 278 194 -288 135 -1280 507 -37 -973 99 630 -124 896 1014 144 -352 -63 -544 921 -342 954 252 206 -540 -724 -364 -108 -131 531 -269 -629 141 504 -278 273 -733 -457 -331 -708 -456 -484 -349 -342 122 559 -135 1258 1056 400 402 569 -575 150 -598 953 -121 684 -91 -102 94 240 94 290 939 -298 890 -132 -289 -204 197 -384 -1041 1101 -87 -942 503 307 -742 248 907 -69 -34 -67 -39 91 -42 -520 -815 741 128 ]
[-282 564 -499 23 63 113 -315 -172 -776 428 -443 -73 -563 618 -233 777 36 439 432 -409 55 -199 -2 147 86 437 -521 -305 404 1073 -1 503 -305 144 431 621 113 -325 -420 -515 213 -299 -711 178 -13 -512 426 647 -729 -186 1110 -461 274 227 -75 -638 -590 242 -562 -373 940 925 -12 553 -68 310 -389 -175 -75 84 -1211 -87 -1258 -411 -235 694 -261 -639 -285 -1005 430 980 354 308 137 -678 1147 74 19 -140 105 240 583 580 424 439 917 -174 -44 -51 ]
[101 661 -59 -27 -194 48 -531 -312 683 -612 417 65 -515 -401 -479 1143 733 -38 99 -531 -166 -768 356 -537 826 880 207 -184 -278 -83 -658 940 -566 -54 137 440 -711 -31 -296 -793 662 -570 -1037 95 -334 -230 243 -77 138 387 449 -434 1100 935 86 -25 -1007 77 124 -442 -338 568 257 -110 -358 442 -207 -115 -72 193 -254 804 1349 -106 288 859 -390 1003 -44 1060 463 47 1035 -856 -362 -882 -180 387 656 -499 -552 -631 -26 -199 156 -194 766 83 -887 -300 ]
[19 -445 111 -2 -627 -217 -466 47 665 -265 -636 341 195 277 -45 -124 518 426 -323 1034 -360 -129 479 -332 -344 -806 380 -128 193 242 295 417 -656 -210 -125 282 582 807 611 488 -1105 180 311 623 -2 -443 484 -223 -32 -424 -362 735 -603 -1260 -201 1429 -80 342 439 141 291 279 338 19 422 476 -81 644 -72 -229 79 -264 760 397 370 421 8 509 -553 404 19 -732 -91 -364 -1050 -105 664 -22 2 399 -443 -726 117 -1159 -404 744 75 462 -471 -849 ]
[46 -31 -2 -346 489 547 315 304 87 19 423 -419 572 -985 -124 -490 426 -237 -539 -888 693 -597 192 584 -76 101 -830 59 447 167 -376 38 213 469 -192 -515 -696 -119 94 -130 1196 547 216 -429 -568 -411 -282 -201 -388 -638 -285 -638 518 784 627 317 -85 768 -299 623 501 30 683 84 631 -59 293 -50 -386 893 369 924 484 85 1077 -8 38 319 1125 834 825 -755 179 -533 -304 298 -146 60 -147 -815 296 313 429 595 542 5 169 -624 1080 -293 ]
[62 208 361 485 -1007 166 172 -341 -742 716 -485 -274 -108 -97 -101 -456 164 924 -288 -300 -82 836 465 -345 151 -555 -587 1432 15 191 171 585 -324 236 -426 -290 366 -325 880 323 7 -472 -461 -219 -996 162 447 125 -383 433 -694 292 -178 -263 175 169 687 1120 501 195 104 -129 70 -12 503 -739 -279 635 589 602 261 409 498 634 534 244 100 -139 -115 76 325 -1018 -218 -217 -478 233 694 -137 -64 634 558 -502 251 374 -518 992 888 1294 863 127 ]
[-102 570 260 -647 75 62 203 -270 268 -632 -646 -264 -332 459 -263 -188 809 350 -363 -388 831 -666 229 -73 472 -585 -1207 -435 170 -42 -101 179 475 86 -283 682 -549 202 -569 -953 253 658 7 -819 453 -456 212 704 482 -159 137 -894 -342 112 555 -128 59 393 -664 630 302 728 130 444 -383 364 142 -628 318 -342 687 502 -408 976 182 907 -380 281 -132 -595 -208 735 543 -552 825 -52 342 185 325 -111 -840 218 -72 437 380 -354 241 -525 -250 41 ]
[-207 140 -133 295 -101 99 466 187 265 50 331 326 5 -94 -785 -761 -408 -618 309 181 408 -292 -486 1211 -158 -66 479 -335 120 1223 12 83 -816 35 55 -110 -53 -138 -298 462 479 380 -335 -479 -742 -649 -68 666 -642 574 698 204 80 68 46 -70 231 58 17 51 860 485 -495 481 488 11 -542 -184 -537 23 -218 -75 322 -1114 162 -158 -106 258 -290 79 -216 84 120 -144 -358 -476 272 423 -513 -201 -390 -563 146 58 684 -805 402 -68 130 425 ]
[300 48 -89 220 300 127 319 399 807 -863 112 -934 -519 -71 -45 -478 -267 185 75 -172 -839 -1423 -554 179 412 -507 176 -453 435 619 775 906 -803 -902 -411 -13 248 -115 -134 7 -580 -246 -268 51 -560 295 -533 -8 -74 713 131 114 -98 724 -38 -419 399 -302 -71 -896 1253 -278 719 52 1043 98 48 297 -454 -169 -239 367 -17 163 194 327 -63 326 -508 518 199 -55 872 -13 360 52 -80 -615 188 -733 -380 -836 -203 -477 311 -564 367 190 33 -524 ]
[-659 606 -54 454 -1 523 -8 -425 -290 -675 106 -79 212 -600 -74 282 -12 -122 632 -517 -580 -667 -1517 118 -906 -400 -513 1160 592 192 65 73 -346 420 -424 57 509 -174 205 1269 88 -834 -942 -323 -1240 -9 611 115 394 684 31 437 413 288 837 20 -1294 -923 907 -819 -690 535 -189 -881 151 -168 -600 177 -624 -81 799 -391 4 -414 -453 -973 -117 61 -850 696 230 -926 400 -314 -287 70 -148 -987 225 -395 203 -371 283 -82 -101 719 338 403 -363 388 ]
[-1281 -284 -503 824 -20 -53 510 -724 234 -382 -56 669 234 783 250 -138 -821 -694 -442 -56 -731 748 -515 -82 -200 158 530 47 96 -779 101 117 44 -21 -305 19 1398 95 673 60 -564 337 302 64 667 -533 -456 -338 -747 185 215 365 -45 -400 -687 529 -617 -262 704 -1284 413 -41 452 -209 784 -44 -70 -219 -499 -366 -708 -152 719 -145 -165 34 -987 -649 -1113 90 142 -560 204 22 400 -11 -169 419 80 407 383 302 -127 -339 -409 582 -550 737 658 -459 ]
[347 -344 126 -619 -36 -851 -398 607 28 -105 430 636 207 111 -630 -232 368 416 -454 905 -228 96 229 78 -263 -620 418 56 -64 -169 -19 175 -510 -405 -596 32 -170 -631 -503 -244 -436 46 -379 -257 439 -1260 -361 -173 -772 144 940 143 -70 71 -280 -144 -100 88 850 399 555 331 -23 -126 107 -321 -701 -429 252 -125 -620 -605 84 -126 -412 80 -484 -354 57 405 -474 -10 189 397 -922 -133 -36 373 49 429 -591 -38 -521 -454 -310 -261 94 -525 532 -279 ]
[-357 -259 -363 -239 -94 -701 -268 470 -656 -377 -664 464 395 465 -194 510 -203 139 -86 497 389 -160 -583 263 -370 -551 -307 -105 -944 -1011 225 53 -68 104 -35 354 -36 1141 -214 660 -402 -234 -178 -273 -348 42 958 -113 412 542 113 184 -653 -54 -51 400 798 320 -214 258 -247 -748 262 430 -70 -135 691 -814 464 21 151 -521 140 -133 -110 562 152 739 -637 61 -87 128 -135 -195 596 715 -439 -474 -400 100 -203 -106 -69 -200 -205 430 -587 291 -149 -502 ]
[287 113 302 -206 -995 -317 29 -572 -346 617 137 579 -334 -44 -138 398 -177 36 -74 -175 406 475 -317 -408 -213 474 1002 -332 -591 -30 174 179 111 -217 489 -410 -475 1010 109 18 669 -644 -340 1062 1084 -440 -671 -582 -236 -761 -175 121 -162 222 -742 46 -346 -117 -168 167 263 -255 113 -328 -86 -465 -197 17 -233 -4 -500 203 -242 -801 724 -153 -460 187 -156 -925 -457 221 -80 220 879 390 441 948 316 -250 320 116 464 -133 -38 -709 787 -273 -764 -465 ]
[794 678 -156 584 8 -33 -362 -68 674 396 -37 -883 -624 -689 298 221 -60 152 1375 79 960 -549 -383 -2 576 -291 587 -72 616 311 -73 -360 97 268 -164 -477 238 -722 -123 -457 64 316 515 21 251 275 -443 409 -134 296 -456 69 -362 -286 36 -726 47 419 416 -330 9 721 -121 -488 810 425 -196 574 326 -669 -85 -429 1106 200 209 169 406 181 126 1147 621 -44 669 473 -733 617 -208 1 -39 7 178 -249 246 265 313 -123 373 -392 -805 386 ]
[235 153 -827 -331 -276 -202 -1071 566 -82 -29 -1052 -45 -176 -313 -619 -570 795 341 -586 -209 -179 596 651 -411 312 420 -181 -129 -96 466 599 -294 854 -218 183 960 -310 1171 82 -437 -1012 71 977 -245 90 -136 314 168 402 -491 -239 -452 -290 210 8 366 73 385 -367 -23 594 -151 236 227 167 -393 163 -502 408 -218 552 -1076 -505 492 -679 -575 18 -535 -42 -1151 14 618 41 225 73 -328 -13 185 -676 710 -594 379 -362 549 -706 1259 -538 337 -159 -706 ]
[-291 -286 -584 327 -131 -299 79 164 -246 235 -176 629 -10 259 659 296 -958 955 356 783 -71 135 732 320 -292 188 607 129 313 -171 603 162 -271 161 -43 -22 -161 -805 41 -132 388 155 788 221 -258 -273 -628 -792 -27 -340 223 515 -794 191 54 -278 321 492 382 -67 -206 102 -330 -67 1024 280 444 306 -329 215 -181 -200 -21 -79 32 545 104 120 -203 619 93 -1442 -529 518 -351 -138 1026 -570 -716 -168 836 -501 68 -796 -842 -282 -489 -114 -601 -361 ]
[523 -61 -35 -570 -241 -165 252 289 561 -313 -120 1302 -48 -561 -128 115 91 553 -191 1257 227 -208 -724 286 -512 -606 -130 201 556 -605 -622 -153 572 -601 -242 42 -528 825 177 -320 -243 73 461 76 561 131 410 -103 247 -615 -299 37 -86 -260 734 -95 -165 390 -61 -225 174 607 -80 235 84 480 -150 -683 -615 -321 -196 -739 -544 -777 377 746 618 -66 -713 64 -403 -494 -353 -1203 -734 817 -45 -188 387 358 -547 -504 681 -877 -395 -708 321 -695 39 444 ]
[-383 -478 -27 778 1080 162 615 -15 337 -77 797 462 -348 -272 -221 776 -350 -58 -321 -337 -693 132 -1267 488 581 309 -73 516 80 852 -171 -641 -5 359 -1755 145 811 49 751 653 119 482 -1010 -683 -245 -83 241 666 212 -138 -490 667 1376 -42 -303 -139 -529 -1292 80 -575 -350 187 -759 655 287 -51 10 606 -1 29 98 462 -14 -770 9 -436 775 -417 396 36 362 1199 418 -221 247 195 -730 433 280 -398 9 1254 -406 79 -238 -53 -31 390 -246 -355 ]
[99 225 159 -620 -97 916 -316 281 723 412 437 -144 979 -342 136 -108 -36 -165 337 -744 51 -144 -781 357 -217 -212 327 -134 668 1090 -406 510 -650 693 -340 -610 -1 166 75 -368 16 987 -584 289 -561 -611 17 405 392 -570 -523 -10 -290 -204 -291 -43 39 -490 -380 402 -335 705 169 117 337 613 -654 161 -428 -413 209 -84 -758 -331 442 -704 -385 -435 846 -103 786 826 -311 -86 79 533 -445 -71 -379 -391 460 216 460 343 530 -236 206 -505 -114 589 ]
[278 -182 75 515 46 181 -456 466 -203 161 348 872 -876 1263 -131 49 -270 806 645 82 197 -143 -416 145 862 185 534 355 164 -554 -190 -72 -27 -44 -1012 -423 1214 -200 -327 137 176 -843 -766 -333 -385 385 -285 374 45 482 -263 1032 401 557 10 -792 369 -279 785 -204 -565 -229 -413 39 -522 -209 194 312 228 -192 -343 287 -132 -24 -505 986 731 451 -23 311 -61 -593 -226 -204 -130 -256 -296 450 -102 -298 655 -12 58 -79 451 -737 180 -98 -780 628 ]
[64 429 -548 938 266 -345 -340 344 -1216 107 -120 75 -180 634 -515 573 392 17 947 486 567 -289 594 370 5 838 128 453 -445 800 -4 116 719 272 -998 -118 332 -804 -87 968 1347 -194 -444 -615 -466 -117 -84 335 312 274 367 -370 184 619 180 -905 458 -93 669 -600 -302 -423 -1207 106 -21 -224 310 170 -56 -213 93 311 -147 -40 -372 330 476 -204 48 540 -581 -525 158 7 -1187 126 125 -356 652 -355 453 1483 276 -136 261 162 -265 -575 -68 509 ]
[50 11 -527 386 74 523 -115 399 152 -427 245 -494 -1218 -419 -802 -490 107 693 -235 -736 -455 -439 137 258 687 -556 -686 244 -19 828 363 196 -31 -965 -51 -356 203 -71 770 32 -218 -649 45 -36 227 -443 -274 137 -288 1131 166 -300 479 -76 15 -594 -795 23 315 -682 742 586 275 523 698 -20 -576 -177 -274 325 285 -37 233 68 -335 262 -102 -135 -1029 -145 17 920 133 -540 -278 -192 -116 531 230 -122 -840 -1002 -160 -14 -424 112 36 291 664 -213 ]
[-650 486 204 254 -86 -140 -144 375 -1094 -634 -101 586 -321 658 73 -140 36 423 -604 -12 -114 -79 642 650 -316 -395 -54 -370 280 -102 34 -86 -493 142 -110 -493 299 908 401 -166 -660 -742 -325 -331 -216 420 830 -485 220 351 239 960 36 68 428 154 74 191 257 421 -346 -1006 -372 -221 -171 -658 802 532 242 374 -174 -12 46 836 -145 630 -187 374 -290 -78 -938 -67 -619 -628 -422 737 -737 -706 -121 -585 64 -104 -109 -635 -407 537 -242 -55 -514 -495 ]
[294 448 -451 -595 -701 -204 78 -463 252 59 -114 423 -375 207 -443 394 144 678 -168 538 100 558 450 -34 -263 -418 -968 339 -631 -427 -252 -259 943 -365 -661 317 -864 -553 -229 -154 799 -225 -66 92 -64 -797 -512 -1184 -42 148 247 -410 -325 175 -834 323 -187 -158 -288 983 -721 550 719 -94 -872 1002 -154 -729 352 88 -29 723 -575 1106 -761 259 -587 188 830 203 -224 -252 113 181 -294 635 310 251 363 -59 -518 372 -208 276 -596 149 -451 -592 691 -522 ]
[5 123 -425 391 -545 -11 -86 -134 -336 -461 -669 -537 -34 -53 -863 -701 0 768 61 718 -302 -26 302 -890 0 -1424 -582 1120 -292 -1078 175 1086 -807 -557 255 -595 101 -624 279 -140 -336 -581 -535 -151 -699 -160 782 -595 -383 687 613 674 -104 317 -1255 -356 138 467 105 673 -20 202 469 -247 -206 -437 -367 193 1006 115 60 359 -216 640 -337 221 -492 -49 -1376 -551 -22 72 -307 169 -871 659 175 -288 -20 380 227 -1058 -269 -323 -544 -433 -425 -44 677 24 ]
[-484 -632 -40 -299 547 -104 -220 262 -220 -351 813 81 165 -382 437 762 213 -258 274 108 -422 -200 96 371 -151 -230 122 742 203 -1754 161 -99 -453 -81 250 -15 221 -767 117 463 682 -553 -380 -263 -800 367 -21 -176 -365 332 -64 19 128 212 629 297 281 548 150 -751 -74 -351 90 -423 -194 70 951 37 88 637 352 -151 377 338 -613 487 891 1184 -21 1369 2 -1145 114 -138 -367 -185 513 -844 564 9 -168 34 -824 -570 -123 -439 -885 -371 56 -582 ]
[-157 -450 165 -419 376 -325 -530 278 -525 668 1001 -121 -357 -816 -277 203 0 -413 -23 105 -544 -285 176 830 251 804 351 -202 -624 -223 28 110 -24 -21 262 702 -158 39 11 406 411 -61 -348 -360 -572 -804 313 -463 735 -76 -28 -388 351 307 595 95 -252 301 -193 -911 202 544 -39 -770 -464 137 590 -328 843 -163 -314 -370 -425 -1141 -608 -211 8 417 -240 -279 -69 672 97 -495 -883 244 133 -1292 -179 -330 -402 -958 -1082 -509 95 612 539 -137 -858 -62 ]
[-457 343 -19 115 -26 97 -20 325 122 480 -714 -46 393 500 110 63 -894 -206 -317 -94 608 -427 -105 287 -470 55 -337 -461 727 -129 -59 667 151 310 671 -26 282 -51 -350 -312 191 7 -317 190 -123 -229 1128 -172 119 -13 57 -730 -162 167 665 344 680 194 665 565 298 264 -595 -168 -104 -381 94 800 -375 -435 -382 269 -724 53 -332 726 409 -132 -805 -288 -554 -488 442 -85 -498 -95 -116 -602 -3 547 -285 -715 1096 -30 777 -287 -493 -560 -434 1205 ]
[-295 501 -517 -345 140 -233 519 -93 58 -49 434 112 -371 414 -366 549 196 206 -722 251 -26 239 241 -787 622 -313 -393 364 -226 -820 -65 295 373 -912 -266 -374 -294 174 118 -1370 116 -26 83 466 948 446 -246 -460 415 -144 289 -129 384 34 -417 347 165 4 -56 567 -415 -101 198 89 -635 377 432 198 261 5 -684 1346 115 902 -32 758 45 -717 212 -562 -356 821 389 -15 -149 282 -208 143 418 1228 166 438 -464 -6 -493 -245 -1077 -309 1190 -242 ]
[-421 -653 -930 924 316 -458 604 391 -295 -445 125 1 665 249 184 -487 -1161 -1243 661 -103 -140 -29 -367 1313 -455 -63 -257 -703 -405 596 216 -911 -280 165 -46 421 757 -233 508 1000 254 567 342 -513 -260 209 -155 -100 -941 -208 385 28 -62 11 -161 -44 68 -9 -338 -793 145 461 -188 739 353 -153 130 -169 -231 216 581 522 -247 -967 104 -390 464 135 -427 5 261 -135 -350 -74 30 -458 -321 -317 -458 -688 385 263 -141 10 -262 -156 -753 -110 64 -51 ]
[68 -229 -1098 -89 -172 -603 735 155 545 -28 -317 410 -465 -184 849 549 -198 -32 557 299 341 676 -412 140 -473 -299 841 -480 -305 -477 792 -308 -243 -942 276 -56 94 349 83 -975 -919 859 600 178 483 220 -320 -138 -469 400 34 -190 -245 -153 -303 567 89 293 554 -1140 556 452 593 -48 927 210 297 76 -142 365 -88 782 847 -526 664 371 164 103 -763 -490 252 -125 385 -139 -172 623 -193 -356 -357 494 221 -784 70 -174 -815 340 -87 -231 124 -487 ]
[309 -52 -705 797 -74 288 -115 -274 -55 -160 322 -749 635 95 -548 -151 728 639 104 698 -550 -462 -38 -1132 474 78 205 300 -795 408 401 209 -700 -132 -485 582 277 -511 -16 734 -164 -544 -798 238 569 71 238 767 -125 489 -24 467 33 244 -903 -76 -66 5 202 -190 -213 147 -222 123 45 -894 -823 636 431 604 345 296 392 -312 107 -609 818 327 253 498 -435 142 362 791 292 -173 560 832 -169 -364 271 29 -196 465 -439 487 234 825 -433 285 ]
[393 -107 -94 174 144 117 -10 -517 425 774 272 869 285 399 221 -442 269 812 440 -3 -417 777 297 243 -36 516 775 -121 -368 -12 -31 104 -755 144 -115 -356 292 -497 3 -675 -309 370 -870 473 327 275 110 -760 818 -443 -246 757 125 18 -1063 -375 701 -331 -139 879 -1243 -418 19 -429 -785 -134 102 1005 617 272 -34 1563 -498 -22 183 604 282 211 656 -296 -478 179 -700 751 -111 263 -503 312 -530 -319 914 -578 99 248 -973 -250 -887 42 -1008 -353 ]
[-118 668 -499 473 -402 -320 318 -31 -265 42 -18 855 -847 1315 -409 -153 -276 228 -633 399 -337 222 -679 234 -545 889 -432 401 139 451 706 -674 825 -190 291 -166 545 42 86 -269 -576 119 -242 600 670 -246 -457 -98 118 -422 336 -395 -196 168 -782 4 -73 -235 563 -469 288 -597 497 -109 -121 -168 47 -189 -185 -121 -414 1322 -875 -224 -391 484 -38 -86 25 -506 -560 283 309 56 -430 -12 544 552 82 -61 235 240 884 482 -98 370 -72 46 410 425 ]
[-942 -58 -71 319 931 -1002 -358 388 619 170 1005 809 81 -331 298 680 573 -275 -738 487 -81 -903 -57 93 -226 660 339 -191 284 -761 519 55 -109 -315 454 755 273 -177 14 -127 89 324 936 -152 745 -914 -301 375 -266 -830 461 -433 184 -588 909 151 -631 248 -371 -1105 947 122 66 475 295 -423 361 -1154 -596 -615 -268 -911 526 -293 -383 267 47 -650 -643 183 526 198 741 234 485 -884 890 -649 -609 901 -383 16 -461 -292 939 -1462 -398 -444 261 140 ]
[409 429 -15 -678 465 -328 -446 27 371 262 606 -10 268 -369 -353 -271 801 523 27 1052 -763 620 209 -802 50 -57 78 441 -368 -22 36 -552 3 170 702 627 104 607 337 175 -938 -490 -80 1169 867 -540 449 -142 412 -92 42 347 -46 -435 -461 39 226 -768 -318 731 122 -486 476 -34 327 117 -271 70 493 -334 -283 -954 -218 -648 -670 -103 -215 37 169 -333 -196 1096 -295 334 -518 -56 494 844 203 272 -525 -222 372 606 -146 -182 -650 203 86 351 ]
[-108 1038 -431 494 613 603 -45 175 -201 -699 624 45 -542 290 -8 -45 460 270 687 -296 -495 -733 307 -237 948 -11 499 466 -155 223 -54 376 40 -364 -515 24 -27 -631 -91 -515 661 -50 -474 -63 -362 -134 -778 267 -424 635 309 109 612 159 159 -722 -366 -82 369 -1172 693 514 464 -124 640 581 -127 -153 -224 320 -720 -523 228 -73 -330 434 -126 -181 -550 846 330 -214 777 -47 -67 -923 485 50 577 -578 -185 -43 577 71 501 271 470 -163 170 916 ]
[288 -151 124 -175 383 -1207 390 181 166 -281 32 -126 328 -71 172 -864 167 -264 -599 447 -416 -71 179 517 -139 -311 -549 -257 -397 960 260 -510 627 57 -13 294 -241 244 354 410 -870 506 520 -570 531 1080 -410 -182 51 -207 -46 103 -214 -841 251 15 540 -18 -924 864 40 -479 77 1219 -148 507 490 -569 371 -202 527 -280 -768 66 223 -827 462 -254 428 134 -581 737 -491 956 -591 112 135 -643 -210 215 171 217 -792 522 -275 -12 -697 419 832 -137 ]
[112 1010 -663 448 213 600 -502 421 631 -476 -132 -726 -582 -226 -9 249 -284 764 405 -1612 444 -640 -289 -226 585 296 577 -201 630 395 85 765 -139 570 276 -298 -72 -149 21 -1053 1065 67 -324 -300 -128 532 -299 31 728 -570 -398 -414 182 669 574 -512 -305 55 -785 67 -102 458 -140 742 879 49 -267 60 33 -221 820 40 -321 444 -578 -360 -444 -436 3 -21 314 623 606 434 86 -277 -123 -253 148 225 508 811 773 154 308 -381 -494 -1025 -574 298 ]
[177 677 -208 553 750 -54 810 -140 268 -767 -98 225 1218 -127 205 -772 293 -968 354 979 272 -653 -50 115 -219 -1009 221 206 79 411 412 268 237 -80 -55 447 -223 -93 187 475 -1047 429 29 5 135 701 332 420 -697 210 195 811 -295 -673 109 353 867 185 -569 404 -180 -617 174 300 280 -24 -153 434 -524 -397 629 -162 371 130 1062 -714 220 -418 247 878 -136 -528 110 306 -300 572 463 -475 -367 -76 -415 331 261 58 -96 272 -409 -249 194 32 ]
[-534 82 245 303 -591 -146 -32 -792 -10 -400 415 811 401 375 860 92 -509 -257 -1180 -132 400 -363 209 605 -102 50 -105 -1073 110 140 -73 297 168 123 577 -239 -269 553 -732 466 514 275 398 583 -115 313 -558 -368 -176 -890 222 321 492 136 647 178 -75 101 -1006 355 687 650 -126 302 -157 274 364 -321 -708 -75 -670 504 -333 54 1048 -432 -617 280 -25 -341 117 -322 479 -375 -144 -172 -422 -975 -401 -396 521 98 31 -370 60 162 -18 -1127 -37 -1187 ]
[721 6 213 -724 -590 759 459 87 555 131 -233 -464 -244 34 -245 77 -122 -531 -305 -35 -428 76 -60 -926 5 -216 -987 74 502 270 -305 481 247 -358 -73 -745 -537 -427 29 120 -388 -1044 -915 -71 -647 446 66 -140 163 1009 -165 -149 -153 799 -225 600 -677 -253 -446 163 652 -375 488 398 132 464 382 -409 549 -405 -90 412 253 1202 -362 200 -378 408 867 -11 142 328 -269 -846 -67 -372 -134 105 -326 61 -826 -194 62 520 422 -335 121 354 389 83 ]
[-629 -308 502 1069 -657 -172 -417 -617 -508 -194 284 493 109 -654 762 -394 103 -764 -485 -548 -219 158 0 -213 757 278 462 52 57 352 295 685 -704 44 -112 872 756 -316 -346 302 303 -499 -99 33 486 -248 70 -98 79 -859 329 652 -202 410 -832 -477 -237 666 -98 47 -426 -449 -178 86 383 -535 377 93 -35 -109 637 315 -382 -592 412 -617 -380 -237 -457 44 -209 -173 -449 337 -1316 -201 -411 94 580 -104 807 -41 -77 -964 -13 -183 -453 -646 -753 -349 ]
[151 -663 -230 -499 75 -369 -3 355 1044 -342 491 -504 -482 -225 -190 223 207 -726 -157 -656 206 -406 -48 174 242 32 97 -113 -204 483 -279 16 519 254 -810 -340 -382 158 480 -591 1030 1176 342 -892 -708 -84 -1471 152 787 -1019 -372 -95 599 -284 -207 69 -588 -120 -429 340 300 272 589 1012 634 929 422 -912 -198 19 3 227 -610 117 -332 32 -524 547 738 -33 452 -305 -358 -455 -242 200 90 408 84 467 -158 167 10 -63 -61 -501 -645 -881 467 -357 ]
[1330 -694 -882 -606 -94 393 827 636 264 447 233 -307 -645 -237 -80 -202 -157 644 353 -76 440 204 255 -468 978 318 -313 -929 -148 702 642 -298 422 -17 178 -319 -584 -16 -343 -538 579 14 -384 539 -365 320 -595 -533 -216 -162 -410 -285 29 1243 426 -124 278 519 -714 -1000 69 622 126 638 361 -111 -470 -539 87 656 672 167 -534 -250 291 243 732 -153 -147 220 -392 129 -381 175 870 48 73 622 331 -146 -609 463 986 707 58 -618 727 -467 392 432 ]
[132 -657 -6 62 232 -62 93 -319 -447 221 -86 170 -223 281 -222 -454 56 56 298 481 -286 442 1015 -261 -20 407 328 593 -601 -338 234 -720 -193 -712 -443 561 -342 77 210 -430 -628 -80 -10 402 -197 39 177 -707 -358 392 173 100 -475 143 198 716 -176 -351 529 -963 -840 -1020 492 -752 -158 -58 176 -101 -220 571 7 353 539 -98 -570 -278 -988 95 -38 -416 -379 -815 -189 -217 185 -458 461 353 -194 -458 176 -512 -424 -125 -856 778 -378 1131 55 -364 ]
[528 674 -289 277 127 906 -348 -214 697 511 94 223 -378 -1089 -412 -452 -86 346 -181 264 -535 -175 -998 176 40 234 -1012 654 223 319 583 -151 877 -678 -397 159 -211 223 552 155 -949 -765 -501 -51 694 -6 330 -509 76 750 -477 -293 209 260 -201 -97 -9 -100 -325 -692 160 376 535 -251 215 300 -109 -218 584 -785 716 282 81 -684 -206 202 -90 -405 107 121 77 479 36 -1146 -831 560 -463 24 362 152 -777 -205 928 1018 79 898 101 287 366 -316 ]
[283 -11 -229 753 506 712 405 -126 433 -330 -297 -742 -959 490 412 133 -1209 -357 236 -62 -441 -251 7 -354 -310 -793 -99 31 -371 -704 -503 -539 249 -443 81 -740 538 -439 1023 533 517 -368 702 304 -10 713 -204 -893 -105 990 260 356 27 -808 -333 -530 -534 -355 265 -1087 -520 -433 512 -58 218 775 -349 367 3 -320 -532 -128 -15 635 -631 425 450 -32 74 341 784 990 167 -942 -158 264 -917 -79 -111 494 325 -468 -773 -221 -588 398 -412 72 -39 80 ]
]
