[[-539 -49 42 124 212 142 78 -51 171 498 485 -63 34 182 -38 -8 467 449 -148 -74 -490 420 257 -194 -566 -446 -153 -455 -401 -12 509 -116 198 -422 -220 -484 137 209 532 21 446 151 -96 -273 -387 -322 -179 -258 411 391 596 119 -165 741 435 -815 11 -104 -731 18 -450 194 -195 548 -765 -20 459 -98 -671 -138 -493 -599 -104 83 -65 213 -430 543 -242 -241 -154 120 -52 -72 137 -483 139 163 -773 863 -259 195 96 -9 444 169 -462 -655 195 -732 ]
[272 -63 271 -258 125 142 -407 314 -287 524 179 223 444 -270 -453 169 348 -204 300 795 232 -315 102 -320 189 -87 87 400 -306 4 469 -26 243 846 -252 -489 -183 -904 -798 264 -474 466 67 391 497 632 872 -198 -354 -394 -383 185 -311 -1003 149 230 683 -372 266 -18 -359 -183 490 -291 534 472 -652 -227 497 -347 -705 -158 -242 140 -180 -193 118 -164 -36 70 95 -331 54 505 -330 481 -338 -115 -82 -395 -71 310 -508 487 -420 54 423 430 312 559 ]
[-71 -2 -172 311 618 262 793 229 110 -743 27 409 -279 236 693 -392 206 240 -161 -214 85 499 -244 -338 -232 -64 -142 -788 -119 185 16 -611 -717 -982 -386 -125 663 451 242 -931 -177 -34 26 -355 -483 -495 -439 -29 245 13 -108 3 535 191 -239 -290 -461 -47 -745 -609 -184 -455 -293 451 -227 -137 621 -373 48 609 -497 400 546 -643 -314 170 -106 -118 2 13 652 -204 718 241 113 -226 -52 73 279 -362 -27 500 141 -443 -45 103 -206 -412 -899 363 ]
[293 -246 -198 385 755 520 105 419 -227 335 -49 780 -351 -241 -115 -346 -76 402 -670 249 -564 334 802 -75 63 210 -116 374 240 -142 129 -750 97 -587 -222 -56 -294 -400 746 -368 -16 102 -251 39 75 -113 -452 -498 -344 732 -440 -816 -218 -323 73 -285 137 -803 -560 -391 -581 38 281 287 -368 933 536 -680 -70 392 -352 -320 221 -613 -322 458 -115 53 -252 203 283 -94 496 456 -317 -114 -172 -196 -154 -40 -295 409 -711 -390 135 603 -40 -669 -286 164 ]
[-777 233 204 -185 -581 269 89 438 40 -354 705 -752 5 340 -292 -7 534 -131 388 292 302 249 -66 50 -320 -51 -669 97 -26 198 565 834 234 228 218 -584 -186 -609 -506 163 -163 723 56 103 -357 265 1397 -172 715 -63 -567 794 -45 264 721 62 514 78 695 284 -211 1 -116 -650 -338 -357 -216 355 -54 -179 130 -688 -114 169 189 220 -40 -88 41 -389 -470 530 -360 569 510 -96 188 620 356 -85 46 -331 227 -133 -160 18 201 399 -30 423 ]
[647 -142 -137 32 308 2 -286 316 -124 109 -1142 309 -24 -776 247 21 516 -775 533 333 437 189 145 -433 223 -48 449 -111 -596 -151 -16 -547 -288 320 50 -404 -331 -293 -67 -179 -99 76 215 134 212 123 299 -14 -866 -388 37 -723 186 -840 -611 -59 -161 -940 -469 -97 40 634 1142 112 397 -58 -413 -581 -245 413 -562 104 273 -13 -747 -522 506 256 -991 26 383 -132 603 -417 448 336 -333 -299 -137 -741 458 214 -199 -123 -456 -2 368 455 142 228 ]
[454 -670 -643 -46 271 -758 -361 34 104 -369 -519 655 453 -373 -92 -285 -431 -502 -881 135 -15 -888 528 331 137 232 841 600 -15 -429 153 -449 -435 31 376 313 -651 66 973 -112 347 -564 153 -568 287 73 -459 217 -414 639 656 -887 80 -74 -697 -210 -189 -299 -38 58 293 391 950 -287 -667 -714 -449 222 -596 614 822 -205 126 -115 -344 43 276 -328 -40 -122 -486 425 275 -613 240 -67 286 278 373 -99 441 -618 205 216 500 -361 287 -4 212 -497 ]
[327 -800 -19 80 482 -442 114 -20 -235 78 374 275 -74 -108 -342 -162 -529 -678 -416 314 127 4 156 262 203 153 638 -386 -586 -408 369 -755 -226 110 -199 352 -123 501 259 81 109 -929 73 13 446 -464 -738 -32 -79 -471 492 -151 24 -191 -690 20 -116 -94 208 12 -5 -61 774 -287 179 -310 -16 -174 -155 943 634 112 913 -781 -100 -177 435 -561 508 -267 389 -508 850 114 11 244 -10 311 -179 -221 664 294 69 13 365 -267 17 296 2 -53 ]
[24 705 -71 321 -435 362 -938 -682 407 92 -583 -292 -321 -336 106 439 -422 210 719 67 349 288 166 -54 -206 -32 -167 835 -235 338 126 -63 352 712 443 200 -218 247 -448 277 -451 -348 -44 424 379 230 112 35 -697 674 -271 -212 -49 -164 -83 694 -56 90 20 645 -82 -135 -580 199 -4 569 156 -106 -395 -250 -291 -383 -709 -178 671 -235 -183 433 -500 328 146 246 -1023 -557 -114 387 75 -258 121 765 -580 -263 110 -431 39 498 -511 97 223 -648 ]
[-37 -424 22 -138 176 -637 -283 -464 61 -120 571 106 442 -494 404 105 -623 12 -257 -138 510 160 371 -11 -42 -245 755 -40 -96 620 827 -35 -142 248 550 389 103 620 -142 -270 -209 -1236 547 -653 360 -33 -488 313 -33 -121 754 101 -16 440 -868 441 -1028 150 197 165 158 -284 674 102 -232 -363 -250 -76 -762 384 -16 561 139 -483 -113 -272 162 -730 131 -13 331 -513 506 -650 162 159 346 127 -408 788 -27 133 81 -438 300 -468 152 806 -7 92 ]
[11 570 -48 314 495 387 -150 166 342 -349 1031 168 698 -90 515 -203 -211 302 209 64 -82 -416 -23 -936 -516 -968 423 -287 -487 1025 268 -566 -97 -370 191 -1041 443 -334 140 -904 37 42 368 -335 -469 53 193 -223 113 262 225 338 719 -195 363 -202 -567 -74 -596 -323 307 -526 -78 756 -288 312 395 -308 -270 -449 -1229 -220 -68 60 -229 10 81 780 -419 364 792 -473 -188 -408 -28 431 99 -500 -743 388 -649 457 -351 57 -141 -348 -502 -431 -173 42 ]
[237 156 -515 -19 -227 4 -233 -354 368 -526 84 465 554 57 -296 169 -641 155 -662 -23 -849 -1265 364 367 82 -147 598 910 1 254 364 -650 -346 338 429 186 -37 -168 -21 332 384 -574 -176 -258 448 113 -136 357 -263 776 357 42 63 -475 23 729 -271 -31 348 -124 647 -385 -1190 183 -271 563 153 -191 -237 104 191 -276 -342 61 83 243 -88 500 763 -87 246 -305 -607 -585 -674 702 -317 40 29 377 -609 -922 -735 652 784 -136 52 -507 83 145 ]
[-523 541 19 -140 129 171 -980 -637 439 1693 515 155 533 109 -61 25 341 1162 840 39 597 242 19 -275 -379 -235 -381 -290 12 412 228 220 555 -86 -185 -211 -25 248 -586 -39 -748 -237 288 42 918 185 -612 174 -348 -334 433 275 -321 559 778 598 -199 -132 -733 -81 -575 -194 -275 590 227 660 488 -378 -112 -586 -852 393 -1041 145 618 153 -223 -272 206 19 331 -77 -653 -347 -394 -233 -53 -592 -434 1348 -756 554 280 21 311 246 -457 388 487 -808 ]
[329 -78 174 -184 -92 -699 229 -890 -71 662 -344 357 -229 -485 644 14 -474 728 -214 -983 -520 276 250 391 -118 451 -414 140 705 -349 -916 532 99 178 -180 1017 551 156 367 40 251 -621 -281 226 47 367 -224 259 -687 319 -564 -357 -370 270 -427 -460 305 1036 -695 401 -58 59 -248 913 -112 718 -160 4 889 -896 -25 523 -322 780 732 23 -87 247 -267 862 -107 -254 -97 -68 -648 -716 446 -393 -156 606 -869 365 -479 106 165 269 -333 -636 327 -607 ]
[-325 332 76 210 429 -76 -321 -306 3 15 -79 81 -553 -543 407 -575 -1026 600 52 -773 434 138 266 -362 187 245 -363 -167 223 515 -169 86 261 -688 261 692 -260 57 754 -939 -387 -601 459 -5 674 382 -453 668 -667 98 -718 -60 314 -173 -291 983 -821 180 -758 -5 379 -37 8 330 -31 410 1111 -1090 284 439 276 227 -315 -466 645 313 409 -91 79 555 1221 172 154 174 -809 -22 273 -468 643 210 -792 315 -224 -976 45 245 -531 -485 -361 613 ]
[393 -231 63 403 -36 -481 91 23 80 -289 -552 -320 -705 198 -214 432 -21 -898 111 356 -167 686 -856 420 32 444 749 -14 548 -612 -777 -72 161 620 -200 376 93 673 -242 94 -348 -267 -180 -102 -403 -16 -901 392 -429 -352 352 -422 50 743 -834 4 -397 102 -58 327 -71 -298 420 -670 633 -148 -538 300 -415 265 521 571 325 -344 -332 -463 96 -643 -106 -295 -549 279 351 -163 347 210 150 289 417 -285 1184 -429 412 330 -442 -549 719 1142 314 -167 ]
[1193 -92 -428 -360 -205 189 -207 268 -368 70 -722 257 -93 -531 -77 89 -170 -152 -231 451 -523 -160 254 768 -236 306 -180 692 -37 -609 -77 237 -755 -238 -110 196 406 448 237 264 36 303 -392 166 56 -272 530 -352 -595 1029 -400 -741 -355 -756 -231 -282 424 310 47 -341 -472 -6 -382 235 -248 90 46 542 525 -536 -414 -135 -466 188 -279 -255 56 801 -644 212 -459 246 267 -94 -398 143 -307 239 81 -62 -297 -48 208 157 -132 281 -266 -486 178 -599 ]
[-257 122 -510 69 -98 -440 44 -678 448 236 110 276 754 -16 305 273 311 449 -160 -185 447 -553 -464 51 710 -604 653 425 232 586 -265 169 8 -97 792 29 -324 90 246 -63 562 -520 553 -469 234 113 -836 -285 293 -465 520 -297 111 453 213 -465 -408 58 114 95 517 -130 467 170 478 -225 -598 411 -219 -35 -426 992 471 160 506 -352 -14 -754 -220 235 -326 -369 -496 -1147 453 -195 79 -350 -346 586 734 -92 279 55 355 -874 -272 887 670 -760 ]
[397 409 -735 310 -853 -672 -439 -44 517 -243 -275 42 -7 -393 375 6 -984 -233 100 -144 -148 77 -195 73 225 210 176 -23 298 61 -300 184 68 -210 870 145 -1 437 -172 -405 738 -1017 311 24 434 164 408 234 -933 -494 -452 -303 -25 -575 -149 1064 -1063 -330 3 293 575 296 -198 -18 647 622 337 -843 -230 199 76 520 351 -6 -205 5 1293 506 38 -106 432 -708 271 -494 -47 1014 -21 -223 -182 400 53 -205 -170 147 306 -288 -12 477 927 191 ]
[537 -313 189 902 659 -241 -814 223 -314 521 -777 683 137 -565 -251 -36 -510 170 -602 771 964 -804 202 -1087 794 -736 777 287 -189 244 -83 -734 608 320 119 -275 -423 -994 316 -344 -224 -151 397 -248 848 -144 -444 88 -2 -438 -118 -565 51 -1224 -209 468 234 -396 -567 314 -59 -66 1114 -302 892 321 -387 -612 -267 568 -54 -336 279 -517 -302 -365 209 -405 -425 409 727 -43 -296 495 -282 514 -174 -935 331 -429 138 34 0 -274 -437 1 -486 1 32 -510 ]
[-391 -256 139 -26 -518 -275 -94 -882 -57 1057 239 -581 -64 -195 -140 543 424 34 142 193 185 253 -268 133 -77 -490 -385 8 336 -3 227 1205 295 351 -114 -324 532 269 -429 842 -791 153 66 -484 256 -195 1065 182 446 -6 110 -20 -365 -35 236 -473 340 943 297 264 -533 -191 19 93 -97 -68 -374 583 -219 -845 -760 -390 -184 601 269 -479 -526 -585 -909 209 -319 454 -413 640 -550 -51 131 -12 -563 1012 -387 256 354 -72 -521 -42 -296 641 361 -516 ]
[-370 -279 -151 -44 -831 -443 -661 13 439 -97 -809 229 130 92 -314 207 747 105 114 789 484 -298 -18 22 -49 44 -134 -161 -141 -102 490 515 -309 -202 -342 -957 -58 115 -512 357 -799 427 391 -962 546 662 780 299 278 83 159 -153 -438 -916 675 602 256 -73 24 -299 -458 -799 -409 328 315 -196 -33 132 -303 3 -717 -10 -453 181 -468 -204 -294 -320 23 -586 -144 -11 -367 -53 -662 341 -342 186 992 604 -348 -190 951 859 219 268 -74 508 556 261 ]
[-749 -365 242 221 69 138 486 -843 201 -595 469 -789 -780 -256 144 70 517 240 -36 -346 304 435 -137 387 -815 186 -512 -455 -287 -463 334 -220 107 -300 -256 132 565 254 623 -98 -394 167 169 -545 -242 -388 336 136 294 424 -351 540 -51 595 140 -469 594 977 -633 51 -701 -875 -250 1165 -667 -234 626 113 434 -43 -279 -416 -325 -303 1024 -349 -479 134 -396 331 148 573 -790 566 -888 -570 439 724 1260 32 -474 138 840 -391 -55 572 -428 -617 -256 -366 ]
[-79 347 31 415 270 55 9 83 131 101 1118 -142 86 275 765 -315 128 553 280 25 346 37 -320 -40 -709 72 271 -963 -128 -86 -802 -257 803 -420 -585 -957 903 -370 -323 -1102 -647 480 14 464 -779 180 -128 17 -109 -941 -555 547 425 -7 376 579 410 149 -294 -394 -127 -1299 -231 830 702 820 47 22 587 -565 -644 184 -108 212 123 448 621 248 180 328 251 -671 -588 515 -306 -205 279 -228 -74 -78 -383 849 202 775 -325 390 272 317 311 -156 ]
[823 -232 200 -275 -56 1089 -650 283 -538 682 -717 46 -613 -262 -146 451 127 -390 288 500 113 562 449 271 603 491 179 -349 -497 -212 -233 138 -229 -284 -336 591 -342 747 -293 788 -582 870 -140 638 578 231 -142 -214 -350 -198 77 -1178 -526 -712 98 208 162 -68 -51 -900 -80 743 -125 72 356 607 119 308 -379 162 -273 337 165 41 -274 132 126 -149 -113 -134 208 -401 763 136 62 110 -499 -166 -721 -159 388 951 -54 -130 -281 449 53 449 85 -108 ]
[-374 -59 562 -460 54 639 -503 -451 189 -264 -640 136 30 -572 -365 468 421 594 334 -138 71 781 250 -724 379 -265 -184 -148 -264 576 650 36 -314 -349 -137 356 -46 409 -18 39 -803 593 351 -987 -296 329 524 -1 391 538 881 311 -261 660 -66 -163 -415 -118 -344 -544 -252 667 -85 369 -354 -49 133 -202 -506 20 -595 154 -529 -218 -410 29 -695 -342 -668 -6 784 445 -10 -614 290 48 -209 -107 -216 354 204 -70 208 -887 -464 1 114 -213 -333 310 ]
[-303 -909 -190 -372 162 -684 539 -1376 512 -677 -153 234 31 -296 78 -55 279 302 -202 -688 -188 406 217 81 -109 131 -50 -67 263 -240 420 239 -694 44 632 402 37 217 -23 519 -111 -485 -132 -765 338 -72 430 574 875 294 689 528 71 799 -776 -556 180 402 -66 -41 57 123 161 188 -760 -146 -574 -15 194 365 774 -89 361 65 -188 -25 -65 -857 432 -102 340 -369 133 241 -469 -286 137 567 -13 279 177 -696 -311 -132 6 -375 698 -97 -699 49 ]
[-813 105 -588 -11 801 -320 -89 484 203 -302 640 -108 167 -113 -371 -448 543 -542 1108 488 274 641 -509 -605 -700 -645 255 -827 -673 27 871 588 -477 -804 -182 -1065 -356 109 936 -551 -532 306 228 -338 78 -402 618 -62 397 419 423 244 740 456 306 -576 43 -653 -373 -462 -184 -205 580 -583 -1138 -761 705 -291 -289 248 -294 -1232 -353 -324 48 115 92 -449 -191 -37 98 785 663 8 591 68 184 353 -48 158 289 7 299 -344 -677 -644 -12 77 -273 -55 ]
[-1 -62 -360 -68 43 -119 226 86 141 420 1597 547 720 526 324 -1189 -387 -365 55 -721 687 -835 -17 -801 -414 86 -674 -702 133 -32 206 -298 -766 -457 -416 -331 890 -154 -384 -1067 -61 -977 214 -742 -176 -1020 118 -204 332 -404 207 189 529 -136 555 -455 -570 47 321 59 -332 149 604 -189 53 -913 352 351 349 277 74 102 1002 -409 -448 256 463 -510 148 -189 269 -297 512 -94 382 85 431 39 72 256 -226 40 242 -30 482 -288 -603 186 -266 -50 ]
[260 546 -254 393 -101 522 -769 319 -164 297 419 -178 76 12 606 37 -996 -364 -998 -168 -114 -404 103 -133 371 393 460 914 1039 54 -486 463 800 -429 300 1026 -38 773 -153 -394 396 537 -123 -213 216 -76 -256 -388 -424 174 -214 -1338 -337 -149 -389 -285 -620 517 196 -195 -312 96 -103 -451 -335 108 189 337 -408 -264 -207 57 20 -690 74 -49 -43 -14 -361 565 -526 225 264 1022 -155 107 217 -246 -41 192 166 261 -121 -457 -417 418 -600 17 305 -38 ]
[-108 350 -1021 30 18 -754 -780 -108 732 -37 -661 743 560 -664 188 -562 -317 -76 250 742 99 255 173 -497 -573 239 493 922 425 158 193 373 -272 64 571 -408 -1116 -145 154 12 -101 -88 639 -245 883 430 351 105 -1096 544 42 -893 -97 -72 -750 -114 18 -619 -383 -227 -122 -122 1118 108 -486 490 -192 -560 -113 47 -154 17 -759 -400 -58 -167 341 -117 -225 540 -168 293 118 -478 -30 546 -73 -1 907 -107 76 128 1 -345 77 76 134 32 449 225 ]
[-255 -152 158 -180 964 554 315 -589 -161 967 -259 139 -278 -78 -59 -272 640 417 -108 -153 -95 304 -178 -476 1097 256 -55 -212 -727 420 1071 -619 56 -278 -276 -59 3 99 52 -482 -310 -127 90 373 22 99 -1440 82 -408 -956 414 376 -25 472 -572 -47 -593 -682 -199 -129 221 -179 679 149 660 369 246 -681 -337 894 -700 932 -7 -595 -208 389 -210 -1327 -94 32 198 -80 204 -784 -306 -194 -809 -235 -489 229 493 619 25 -579 301 -27 303 482 68 384 ]
[-286 -443 585 41 605 307 468 -284 -33 -1001 1046 -382 -311 63 93 -67 -275 319 -480 -940 748 -422 151 -1032 253 -269 502 -610 -215 261 736 -447 74 -484 93 736 348 -252 -66 -299 -735 197 -101 -327 279 -91 43 182 1212 110 -96 932 380 16 -96 746 -120 414 677 -392 335 -424 -496 -975 -347 -250 -65 203 25 1213 418 -354 517 -511 -232 255 -283 -745 1246 -300 936 -228 193 927 -166 -9 421 628 -348 -287 -6 66 -584 -190 -184 -229 587 -174 -1400 321 ]
[-96 516 -698 674 -605 -194 31 170 307 106 -256 -62 -371 -244 30 -408 -618 495 279 110 102 356 -292 -133 238 -561 -282 707 1383 405 -995 505 131 -378 702 -201 -887 65 777 275 238 -101 327 89 113 -174 -2 -843 205 1045 -362 -1314 169 165 747 210 -233 -701 337 129 96 704 657 -735 -263 484 64 409 -420 -115 255 240 100 -64 -309 401 -109 -299 -74 55 -470 677 -335 -470 476 444 412 -698 258 -110 475 365 349 -485 345 -255 114 -81 122 -783 ]
[757 509 446 863 16 637 497 230 91 -447 -149 -974 -654 -307 775 13 274 -21 244 254 41 664 -695 -83 -460 -312 15 -129 342 132 -189 -730 -405 -157 313 -672 1008 -19 -543 -696 22 104 -314 209 -939 -1202 -59 -644 -49 473 -554 -158 984 -315 -33 -201 -424 -229 -186 75 -466 -746 405 -20 -184 -147 -36 136 -353 154 -945 -49 -104 -443 -715 -969 -265 699 -1181 307 5 880 307 -371 365 178 136 -461 140 -120 -193 94 572 -133 -352 185 -217 -99 -450 -257 ]
[-155 1099 493 520 96 237 542 695 72 103 269 -427 -117 864 474 -292 510 55 942 -684 608 63 145 154 -543 286 -13 -615 725 579 -954 363 323 -337 -700 -309 563 -408 -874 -819 -695 158 -209 309 2 -106 -944 533 482 -562 -655 548 192 1184 430 909 -257 501 355 301 196 -1391 -876 -129 484 -57 374 164 573 -74 452 148 -237 -293 238 -35 -754 -366 283 -89 -19 278 -304 272 1121 -635 -266 -331 525 -297 -502 -244 -30 -114 -447 36 -82 595 -1031 -522 ]
[116 352 -150 61 108 536 -433 286 261 512 -359 329 -1 36 -531 57 -228 -452 613 -306 -115 -251 -127 -888 137 324 -245 -197 -428 328 -79 55 96 -122 257 163 -652 -193 -445 432 -219 37 -392 296 1312 684 446 101 -325 -254 -583 -7 81 -313 386 497 343 -78 259 -186 554 813 -626 -471 174 862 424 -317 -3 57 70 -588 -347 390 12 578 628 567 453 -20 628 21 -567 -22 237 716 -571 -669 -532 -299 -827 -249 -789 109 -347 6 11 326 -469 346 ]
[112 -309 123 -797 -29 -488 3 150 -384 381 -293 -99 206 -162 862 -203 817 1030 497 -970 384 524 304 349 496 -548 -276 -1150 -2 231 -587 605 -415 -519 -671 188 1072 447 -43 -700 -493 9 351 -417 -758 180 666 268 514 -479 231 -271 -286 -196 660 81 -545 127 -499 -715 6 388 -444 1075 428 249 -236 66 145 -329 -738 1011 394 505 -580 383 -217 -189 -222 -328 460 -629 257 145 547 -619 281 -414 -830 368 -254 563 -66 118 -24 43 148 -74 -127 -263 ]
[201 -179 47 16 -459 -462 221 -297 632 -906 -283 244 1222 -113 520 216 -510 -1085 199 -230 406 -522 -363 -623 4 47 580 -879 29 257 -634 -703 -686 -150 369 185 305 1227 -184 285 774 39 348 -771 -223 12 -79 -748 190 -367 931 -645 208 106 -359 -45 -157 -229 801 -415 903 668 542 217 -488 -640 -510 746 -769 -84 -154 752 111 602 -211 -397 -110 -124 380 -99 -118 -436 -361 -956 855 646 -238 -913 324 -1302 473 496 657 265 -53 -155 465 380 -311 278 ]
[351 432 -535 -57 380 1039 31 9 242 -487 308 -95 -159 398 650 -724 -441 628 -100 -433 -37 -204 -145 483 -554 858 -501 310 -104 170 -575 -199 -425 -674 420 -578 46 -199 -133 -918 -445 -723 -94 898 182 -563 -555 99 -583 186 -711 272 750 -496 311 215 -289 -23 403 -536 266 -585 -389 676 271 584 637 152 636 263 624 16 -374 -546 476 576 829 117 35 537 180 406 -710 -623 -556 -118 -18 -19 58 -227 -663 -265 350 -642 376 427 -391 -17 -1073 466 ]
[407 -69 -193 -366 -196 -672 829 -237 -209 -59 239 285 754 -360 493 -416 433 -261 -26 -4 -118 -265 98 -60 -639 -300 -14 -202 48 -163 681 173 -1081 424 -89 -337 934 -44 -350 369 421 120 426 -174 -100 -347 813 299 -269 -1 486 409 191 95 -941 -514 136 405 -617 -119 90 110 311 223 -788 -1343 -383 -192 517 -663 -364 851 -434 432 -570 -543 -589 -113 -184 171 -312 97 1091 692 51 -158 -122 556 407 -814 -407 430 18 -94 32 -410 668 -506 -187 580 ]
[100 -12 206 -40 -205 354 -316 -25 372 560 972 -219 276 -138 -584 -505 -59 -253 505 526 619 174 3 -949 -497 -238 -829 -75 -962 -106 708 -49 -599 373 464 -765 454 76 -508 -27 -233 81 -355 -301 -344 -461 1314 -1148 372 375 -224 517 235 425 281 -289 577 295 264 536 -325 600 574 -1012 -940 -526 50 333 -338 24 -284 -432 787 -54 -207 3 68 354 -333 -571 -123 83 -157 527 520 237 442 565 270 198 6 39 324 -344 301 -183 -471 256 193 -1259 ]
[223 -267 57 338 516 -405 49 -543 -216 -234 -353 512 -272 -320 242 270 782 -164 442 -172 863 -316 539 -103 -635 -96 5 -160 -322 6 854 20 -492 644 -355 -11 671 -240 -177 -209 -561 -426 425 -459 348 641 76 1388 -198 -71 -11 263 326 -147 -768 803 -441 283 -670 405 -244 -695 -165 -133 172 -976 -329 -228 -28 154 -535 -27 -192 -255 -64 40 -409 -940 -409 -114 412 -308 349 18 17 -41 240 730 586 394 -670 -494 130 -158 -577 -144 481 1179 -290 510 ]
[-837 263 717 -581 -191 660 32 457 -890 825 1265 -587 -355 -144 -345 209 -526 -41 451 -710 264 -129 -16 100 537 -230 -110 103 -278 713 -454 911 673 234 -27 806 -746 25 340 426 596 73 272 445 602 314 -583 -616 831 -112 -327 38 -448 52 1164 -353 163 -36 19 392 -36 795 -53 -55 491 493 463 632 263 -500 382 -484 -311 100 984 -20 -240 123 350 245 -166 40 -1 -346 24 -194 299 -938 -8 340 24 -30 -58 -169 225 -81 -769 -256 -33 -10 ]
[64 47 -147 143 -446 2 639 -25 562 -151 -687 311 537 -199 189 147 909 140 -130 -631 -150 240 -572 -295 376 67 97 -887 -536 -649 194 -25 -137 -878 -620 -322 601 598 118 -370 1166 90 -263 -828 375 -411 626 -845 177 -503 330 144 -453 287 154 -756 119 212 -340 -636 -265 103 -50 1013 -668 -344 53 -252 645 306 -680 251 241 -332 -1 195 -198 176 24 159 -38 -127 68 -219 614 -76 -455 210 203 -570 61 335 372 624 305 -95 -86 -434 612 -624 ]
[541 -307 -173 -386 137 -508 -436 660 30 676 84 432 188 -240 -312 -610 196 -423 508 683 -113 737 476 480 -388 49 297 -388 -666 -85 496 361 -619 247 -165 -649 -854 341 556 158 198 -807 -279 414 212 -220 379 -637 -280 10 767 -32 190 -481 441 -564 666 -704 -486 -66 -96 657 1001 735 -654 -68 -35 50 -482 153 52 -203 -94 479 -102 480 621 207 164 -16 -23 -105 678 -908 826 -107 -19 -366 -887 520 -117 609 54 266 864 -224 -303 -269 659 -4 ]
[-891 562 -337 -252 -1608 -535 301 67 -400 318 -619 -278 -497 267 -264 -98 -211 -100 201 -308 -431 -255 -649 243 600 -450 -393 314 380 59 -472 786 267 -121 -579 125 279 -6 147 144 -282 602 347 -263 -639 525 75 739 57 -162 -70 91 234 -332 81 804 -295 -32 242 226 750 509 -917 -562 1046 -2 -93 128 246 161 441 505 -357 490 -541 -37 -175 180 254 -398 15 554 -731 175 -428 -40 -348 310 385 2 172 -739 250 248 599 -168 40 211 600 884 ]
[-143 131 1172 -479 39 584 -423 -344 172 365 151 -658 -158 -813 -820 -72 151 -512 532 -140 -111 662 964 370 8 350 -434 541 -145 207 312 643 451 501 -36 -341 -960 153 -270 651 -255 835 -320 -249 6 1181 878 -58 -256 691 349 343 -563 225 -342 -201 -773 -187 23 573 -544 504 758 -296 -915 -64 181 -308 -466 -64 -10 -656 179 223 293 -507 -496 -54 -842 -333 92 54 504 639 -314 82 -253 81 -302 574 110 2 -531 -380 -672 8 139 50 19 577 ]
[253 319 433 -365 -286 593 -364 -587 -21 881 -628 450 -77 -373 -188 368 196 629 -574 -20 -1084 -15 451 -84 227 258 -728 645 326 -59 -133 772 20 -650 428 289 -213 530 -463 748 672 499 -465 408 635 572 371 -314 -777 518 -15 368 -236 -1069 -185 -473 152 95 -277 59 83 702 -538 24 22 263 -14 -109 444 -581 -463 -167 -936 828 190 -204 -369 466 -376 672 -112 1 -134 582 -1241 19 -441 -355 -888 944 -916 115 -234 169 -61 404 -611 -453 363 584 ]
[419 96 499 -579 -63 2 264 -517 -553 1001 384 -592 344 32 -230 10 -364 -157 -175 65 -108 -1063 -118 150 -347 343 -444 -363 -849 -229 -544 -199 -94 -128 -516 -486 548 61 635 671 388 347 446 465 -16 501 -432 222 -453 -339 -166 386 -1 -383 69 -189 292 860 -131 -128 968 90 349 505 86 -240 88 -72 1146 -1144 -103 859 -746 898 719 -767 -719 317 -314 597 -387 -183 -323 -504 -1168 -124 47 101 -58 -459 -564 1117 404 457 321 329 -237 -699 507 103 ]
[-315 -168 -1116 -67 103 -283 981 -164 -242 -982 793 -372 171 186 499 -282 476 485 -764 219 94 106 -362 431 -345 -535 605 -14 -323 363 930 -364 -702 -823 119 101 584 -19 478 -137 -232 278 -288 -685 -749 -733 859 322 823 468 -113 876 492 322 -80 -692 529 879 -785 -429 60 -426 -738 221 -1194 -82 -85 356 -76 51 -86 86 -281 281 202 142 -46 -32 74 389 -237 437 121 419 236 -253 196 651 -217 14 -527 -83 132 -369 -122 0 173 -561 -981 112 ]
[-201 -542 -454 248 -517 -796 249 -509 57 12 -1036 -466 -88 67 877 26 -249 155 289 -687 246 185 -1031 -231 -424 -645 -138 -499 -207 -692 -606 -109 292 353 -445 -181 346 161 569 449 533 -632 92 -71 -212 -976 -30 185 -540 36 611 -799 -99 -385 -503 -582 -348 -20 -677 374 -88 956 471 867 -285 -692 375 -318 -353 -616 255 125 -75 331 288 -58 153 1084 -543 291 -428 434 -99 -642 -131 -237 638 -603 613 -114 -175 -8 832 114 185 373 -222 -746 525 -439 ]
[604 181 -168 253 -216 -598 -325 173 128 185 -876 1 50 -210 293 -139 -74 163 -218 139 -608 -173 101 -5 179 339 974 54 90 -28 814 279 -834 652 289 610 165 180 -720 -170 386 -632 205 319 810 173 -434 891 -1159 159 431 -658 -684 -327 -499 635 -271 325 -1010 551 548 296 -77 -285 -298 -64 -683 -554 -836 816 200 246 -562 -254 -520 148 42 -159 785 -325 -140 566 734 -300 253 159 -4 131 922 112 -432 -872 29 487 896 -405 129 307 297 -778 ]
[161 -343 208 -346 107 207 -477 520 163 311 396 32 73 -203 -1421 -581 -548 -672 -662 706 -216 -779 346 184 -260 312 363 393 -37 -258 357 -45 -270 -62 -269 -892 -878 -732 594 335 -272 -456 -74 -282 641 -881 453 -169 -10 361 160 -21 137 -714 628 308 772 -170 448 -421 -478 23 703 -36 -219 56 474 -41 -383 865 608 -1401 -6 -294 258 21 139 667 -353 -236 502 1285 -206 -755 -276 187 -44 460 819 65 -317 -505 460 -202 485 -8 -902 -754 585 -77 ]
[-431 -304 -381 -300 52 -445 246 -351 611 -564 815 -666 62 424 -965 221 -252 -578 253 -205 -912 -908 -665 329 -670 324 253 -955 -253 -462 666 -448 -227 -699 -100 -122 -240 597 719 535 -84 -327 181 -615 360 168 -283 765 593 378 662 836 604 812 492 -211 -27 10 -90 -360 298 26 -1038 137 -732 -454 861 397 -220 -199 211 -768 -599 752 -21 -195 74 536 546 -815 -161 869 -602 -303 -659 -39 466 596 -292 731 -522 -669 527 732 -282 -813 61 -509 -563 153 ]
[359 -380 419 62 -269 191 172 17 -240 -412 -860 530 -606 -483 310 73 -480 700 -245 -110 -128 -26 300 -75 160 139 -478 312 184 -248 -223 594 -7 416 195 725 418 -894 -41 -72 410 1038 135 410 371 813 884 156 91 488 -1105 -122 -914 -1174 171 384 506 -166 -137 -72 -444 -179 -11 275 768 977 -219 94 873 -256 538 -642 -576 -91 -213 772 397 20 624 482 -51 -35 26 552 -590 174 -179 -767 1166 -499 -323 -354 -92 452 -135 985 496 -601 38 300 ]
[-80 316 -281 181 -254 472 -847 -727 615 78 107 440 90 -9 -310 305 -5 779 759 567 -265 319 503 111 -598 71 -1019 -119 416 -48 562 -272 -384 795 462 -330 -122 -672 -989 287 -333 85 -603 646 -195 -78 1059 63 -445 345 -247 616 254 -418 502 578 250 -260 95 -37 -496 138 -742 -48 -311 634 257 88 25 -686 -76 -777 -60 803 311 533 468 347 190 -188 -4 -308 -332 243 -32 285 75 4 -589 1200 -993 -18 -674 -34 -276 739 -112 -70 112 41 ]
[-420 -222 -51 -167 -605 -1097 426 216 -170 -399 -1792 -22 131 -493 241 -211 416 114 -78 -504 -713 459 716 498 -416 -59 -157 -82 -398 -284 -404 660 -68 187 -731 -622 -213 -260 -142 434 169 338 -215 -336 -971 549 775 646 -112 157 158 -256 -215 7 -1325 -32 205 207 494 306 244 730 43 -92 -315 -526 -958 515 -9 -172 631 -509 228 345 -540 236 -91 595 -196 -349 -310 324 21 -118 715 -482 -455 632 403 -655 -121 -621 -114 538 120 321 609 -87 38 283 ]
[-161 282 -234 37 -242 167 -195 -29 -399 410 571 57 435 434 -610 -138 -1227 120 -337 799 710 -581 987 841 33 287 0 887 -204 568 917 159 248 185 501 1103 -981 50 -78 372 -18 234 239 924 819 447 336 415 -682 478 -49 348 -630 -783 -522 1300 -493 -360 1242 362 302 289 318 -898 -103 -462 82 -98 -289 547 1383 -791 -535 -121 883 837 323 252 750 125 139 64 -3 854 -196 420 133 6 -256 107 -372 37 -57 -376 40 741 267 360 -166 346 ]
[206 -281 198 29 580 -161 -27 638 -242 535 -753 113 -27 206 110 157 697 492 76 282 110 119 -155 -24 753 315 -362 -698 -525 -294 -683 101 262 200 -716 109 -256 -170 521 -116 703 679 142 1098 -221 219 -349 -322 -129 -1084 -365 -478 -529 -664 804 92 568 -429 -78 -99 213 340 127 172 631 453 -52 -273 -265 278 -247 103 105 364 -21 1175 291 -186 716 -49 -301 -321 -173 96 340 -105 -408 -646 136 -804 457 483 441 -49 529 393 180 -301 350 353 ]
[-37 258 579 -141 -413 207 254 220 274 -615 -129 -429 23 503 -565 61 -770 -117 587 -357 -966 34 -211 -892 -212 -59 -157 -606 -1008 108 -69 -419 -62 -342 -635 108 -6 852 30 354 891 261 240 413 -782 642 -370 369 15 84 468 556 -15 406 -63 57 -527 201 -399 5 310 515 -740 -58 177 52 41 253 -234 -241 35 -455 217 -212 -138 198 -62 913 761 -747 431 -430 467 -232 395 767 237 135 -151 50 -193 -436 243 890 -97 -431 -316 -472 161 226 ]
[295 -339 -284 571 -123 280 -27 -314 288 -48 -282 -81 -722 64 -713 270 -337 -300 -386 -190 96 -163 -49 -324 -262 396 209 260 -31 -908 647 -188 98 354 -323 494 359 485 162 291 35 -175 -326 -164 643 -234 -83 220 109 333 186 -3 -529 505 -629 677 -168 -137 -202 211 -428 33 -798 -782 -467 192 74 -400 -578 888 417 -519 234 -1122 -693 144 -647 -229 544 -752 -54 26 393 1054 369 647 -84 652 476 225 365 -1037 61 86 257 531 246 -454 4 -546 ]
[728 -495 28 -470 606 470 -744 -115 -1137 -314 1125 -329 109 31 -790 297 -1322 -99 -443 -482 721 -572 -5 -22 90 -279 337 452 -1028 280 884 -293 515 487 918 375 186 178 100 -311 -262 67 340 227 -446 54 -310 -141 -190 101 -2 45 -126 369 -730 394 -256 755 1389 122 494 371 445 -492 -21 -657 -315 1059 -126 -64 470 -511 -17 -604 587 -170 299 161 54 -166 -397 -23 -379 -276 704 300 446 789 -368 -14 -151 -456 -272 -54 -145 -699 261 584 97 -783 ]
[-372 -624 214 347 465 -1019 737 -1 425 -458 80 535 276 -193 201 510 809 79 -1044 343 -723 -108 -558 504 -330 100 389 -910 215 -683 -409 69 -478 -584 -422 319 913 821 170 -275 500 -682 234 -1386 -407 -509 -95 135 565 -529 294 466 -313 554 -301 -604 -46 1091 -509 -208 -479 -929 -541 709 17 -442 -61 409 23 286 -824 381 666 183 -230 -197 357 587 -17 -370 574 -283 151 127 -615 -98 246 455 382 -291 521 191 905 563 419 -633 -487 251 -61 121 ]
[-302 623 15 -121 -223 257 104 618 -147 647 943 -260 -113 -669 467 -67 217 -420 47 -231 -539 -164 471 557 -497 407 -415 53 562 -187 -129 1306 763 260 -575 -590 225 -554 -3 -477 -40 262 -357 -84 -498 590 1463 -320 -301 103 -635 -753 -234 441 536 81 -134 -468 -126 416 -461 500 -180 -19 -803 976 137 -354 -179 -655 -1000 -469 -243 465 265 509 69 -125 -809 257 -594 -45 49 433 -112 -75 68 111 -491 505 -180 80 -534 -74 -417 -52 337 398 581 237 ]
[162 -454 287 233 279 -548 278 301 -634 714 563 -164 -549 311 -150 -152 -145 351 -265 -27 151 511 133 1402 -635 79 -579 -298 1234 -111 -734 766 -59 130 -765 -333 819 172 -182 -171 -525 223 -242 5 -622 491 597 308 256 -142 -532 -718 -101 -111 431 206 -231 683 192 131 -868 -497 11 159 196 210 289 500 209 -370 -145 85 711 -18 -499 367 72 -411 -148 -370 -87 -540 666 809 34 -325 120 -227 -501 781 -303 549 -366 226 -319 498 -122 214 137 -209 ]
[-274 -199 726 -73 348 66 -692 72 -716 836 -236 -528 -716 -86 -28 -365 716 -1077 875 -107 -28 -56 322 -340 -318 310 320 -567 240 -468 -786 -67 1246 748 88 -552 -850 -859 -138 164 -103 223 -350 252 518 796 -151 575 -232 -869 -263 -486 12 63 -188 449 315 -716 81 439 -9 363 964 -231 280 490 -35 -358 406 -173 575 -243 341 454 -374 -428 256 134 -59 -669 195 -477 180 291 -856 -414 -177 -31 -240 -481 626 528 -1108 346 -332 414 517 609 142 480 ]
[-347 -439 -360 -900 -89 -721 -281 273 -149 -174 -304 48 110 -841 547 -198 303 -432 -107 -1047 27 -748 318 846 -89 -66 46 274 479 91 108 1614 -243 -174 882 -74 215 93 273 -80 -234 -782 -254 -636 144 -69 645 229 635 580 -98 327 56 357 -545 1194 60 -466 808 -3 637 349 -774 -350 -467 -676 -34 358 -355 362 877 -464 -698 628 -493 214 497 -58 -244 -457 -97 665 -322 -558 755 -635 18 164 437 199 -359 -1238 -88 -210 80 -252 436 467 -375 274 ]
[-545 77 -467 275 -357 -147 45 -157 582 1007 829 -310 604 54 -527 -169 906 423 -792 -197 -80 -402 519 569 1 143 -223 610 1009 -418 219 205 667 -316 694 -39 -121 -508 28 28 307 205 -513 -272 -200 -792 135 -734 422 -256 -144 214 -354 629 909 8 333 -569 9 -91 -352 34 66 -369 -115 475 -229 -202 -280 161 -31 442 122 438 -91 -341 172 127 -263 -450 -149 161 -599 924 97 -688 -190 224 -759 397 146 -492 -324 -100 271 360 -220 624 473 -466 ]
[-318 36 -314 -168 379 -447 -728 99 -107 541 240 -318 340 197 -217 40 592 -606 -5 148 368 -209 -419 43 328 73 -99 -536 77 -417 443 377 -255 68 -1056 -160 877 765 -329 -680 -391 148 173 -155 -191 -530 47 546 101 -735 852 75 598 -323 -137 -117 -983 -153 -782 -216 -441 -210 112 -412 -93 -972 -12 -559 -508 -367 -445 -78 -553 -557 -1047 27 -762 -945 -552 -129 -279 782 759 505 52 146 -16 -54 25 691 463 -312 691 456 -483 -144 398 -258 740 180 ]
[-402 264 689 102 49 -427 38 222 10 311 184 -536 741 261 -174 64 314 -80 288 63 365 -146 208 -252 393 -71 -478 -425 351 480 546 -568 112 -121 -52 -242 166 180 -543 -445 594 236 380 47 21 -275 70 -117 14 -1211 300 577 -73 -715 338 793 -645 -637 320 325 44 -109 740 72 450 -1012 98 -576 -372 -26 -316 7 -80 -283 -656 45 94 -335 320 -839 466 -20 831 14 -177 433 -844 -530 -41 -262 329 239 247 414 394 269 153 -173 551 1188 ]
[294 525 20 -295 -182 1137 -15 241 -388 538 -544 -177 -578 373 -959 -57 -312 90 -391 -110 -676 -105 395 -367 764 402 -517 1313 13 -284 -25 1256 212 -132 -472 -84 -317 -71 216 629 112 1350 -515 719 -67 -453 242 -265 728 1 -362 153 -67 -625 253 -221 337 79 870 -472 -18 56 -883 -548 290 406 427 360 1143 -145 438 -453 -167 -411 -63 543 -428 444 115 855 178 -249 -458 664 -1293 -62 -532 342 -399 -189 178 -270 -802 -630 -422 476 -564 -694 -133 584 ]
[470 -516 110 -402 -10 735 81 -165 -442 -506 -143 -839 -1459 -100 -58 379 19 -634 1053 102 693 1264 235 63 168 411 -320 -445 551 -357 -1197 340 -344 467 -215 340 -443 951 374 860 -677 348 -190 354 -717 -707 33 -572 814 296 335 -615 449 190 -245 -371 -38 167 679 -248 175 720 234 -307 -261 0 177 1359 -511 154 539 -10 892 642 -354 72 -225 190 -245 -189 -186 -49 539 -753 446 7 550 -119 -260 31 1101 541 126 -1093 -606 273 192 130 -931 -72 ]
[-82 -242 648 238 -389 103 7 246 452 -35 -497 -428 -884 -685 -349 294 -918 304 -873 28 -732 180 25 -5 495 369 283 517 106 -92 -360 -80 959 -157 969 127 -796 -738 -383 607 850 115 -281 132 453 94 -659 -380 132 -936 -818 597 -57 -316 -531 560 -348 -64 853 -10 579 -114 77 -594 1140 1231 330 -424 390 511 1549 66 339 -609 -262 -278 712 973 429 259 282 -224 -432 -7 -810 410 -667 -199 3 -143 444 -407 -137 192 474 180 -210 -135 124 670 ]
[1190 -879 -230 -471 466 -740 -607 -629 45 7 -1335 353 -370 -613 -43 -323 136 -70 229 -512 -270 1 1204 333 -220 160 110 909 -259 -174 698 -85 -903 457 221 545 -75 419 666 -97 -326 -375 -534 -724 500 680 585 737 -379 1188 401 -422 -427 96 -947 516 -489 427 139 108 122 -254 -21 222 -1067 -89 116 -390 28 413 362 -431 91 -90 -750 150 -214 307 -312 -207 608 -189 301 -787 108 -225 -9 -156 -199 722 -384 -445 -447 -243 581 87 -113 -53 -350 -483 ]
[640 -80 -227 -406 428 311 -310 177 157 279 415 204 289 45 -23 -353 -540 -495 215 -677 -497 -452 85 -1057 -310 -39 -250 -145 817 -441 -37 -272 569 -769 257 302 -30 43 645 -73 -185 -81 -214 -173 -34 -127 -142 -236 -327 2 -202 -6 -271 -171 359 -281 -373 -383 -209 -114 -133 473 164 231 164 -52 639 -112 524 -987 -607 17 -8 843 -683 -17 500 1283 18 90 278 -273 247 -156 -352 89 87 -473 -1130 180 -440 977 -318 244 -535 -108 110 -833 93 38 ]
[445 51 -608 746 679 -172 441 -383 269 -621 -1708 450 -645 646 463 258 784 21 790 389 261 443 -269 582 -79 773 -640 -48 621 -687 -1161 -989 -673 356 -251 89 -292 28 161 40 -731 -848 -528 111 392 5 -667 516 -799 284 -757 -1083 -235 -625 434 704 168 -289 -432 363 345 -568 -347 285 111 582 443 -1211 142 533 75 875 657 -259 17 -67 -328 -527 -388 -190 463 -84 290 -151 179 340 -181 -443 576 -654 -157 -310 -365 -26 44 727 294 -36 -1079 -345 ]
[-334 72 115 278 165 -627 -840 27 12 342 -480 -490 -709 -540 -67 -562 393 -85 1102 259 329 794 -422 8 750 557 -128 -212 -514 -676 216 -669 1087 -507 -470 -126 -449 118 93 -793 -134 299 -30 695 -177 310 -354 -314 -807 -562 -794 -22 173 -799 208 396 557 -1155 -55 487 -343 -568 432 -14 564 483 479 -1115 433 914 -253 -119 -213 -743 7 -340 1078 -451 -125 -411 180 182 -101 463 -249 -49 -66 -561 787 -367 220 289 180 -72 -575 868 -433 322 481 316 ]
[-16 -43 -255 312 -405 342 -722 -913 104 1006 -149 196 -430 -431 -655 314 39 -861 1165 306 388 179 199 629 -159 178 -204 373 -143 -847 75 -757 -6 -34 271 163 -478 729 37 960 416 -326 -388 55 437 -337 -1120 -885 -421 507 747 -823 -294 -394 -106 -632 322 -23 270 114 -260 757 749 499 46 -735 -62 629 156 -69 87 355 727 -303 613 -1079 118 560 -840 -222 -277 -857 -488 -617 -138 -90 62 288 -184 241 197 194 452 -112 -123 685 -1051 701 592 -545 ]
[419 -33 -566 153 -611 -650 593 461 -140 488 -197 413 110 274 57 -285 186 359 -268 797 312 -405 -421 1065 -96 367 -812 -50 965 -414 -175 524 -691 -446 -427 -69 668 55 186 -178 -230 46 -128 -128 377 -357 -467 -485 324 -456 -734 -250 193 -951 631 115 548 -257 -62 -556 306 -963 -349 273 705 -415 193 -64 820 -101 -327 854 -1 486 -92 -153 -175 -300 298 -67 -110 411 626 181 -101 -343 -802 -455 899 -291 -134 435 386 790 195 145 -222 -272 280 588 ]
[467 -750 251 -481 335 -415 -291 71 -598 220 -532 -152 -590 -148 287 -379 -436 -313 -1097 -559 648 -902 118 553 406 352 -213 800 -233 -519 658 427 496 583 35 726 148 91 352 -42 532 260 -653 263 -178 -397 -256 377 478 -705 24 161 -350 -66 -980 22 10 632 168 517 -325 119 719 -213 104 -327 -433 -29 171 332 1162 -125 88 -711 57 59 80 205 127 -233 -614 -44 -85 556 -269 -208 -109 99 862 -428 477 -447 470 37 -160 478 -275 -770 518 -454 ]
[11 -311 -109 -1093 -804 -638 -206 209 -194 -767 -234 -87 956 70 -52 732 -661 -235 -179 393 362 -362 259 344 -151 376 729 574 -667 -290 610 41 616 -126 -181 985 -32 1486 -523 1004 -158 234 101 -543 499 729 48 83 -60 244 344 689 -1106 -340 -943 953 456 267 1566 -48 83 -547 -730 -174 -58 -503 -481 713 -100 89 485 -182 -858 -128 -233 108 -140 173 1397 -285 -397 -331 -221 158 -190 594 89 1054 228 131 -266 40 890 398 170 795 461 496 -173 677 ]
[-229 250 576 89 640 191 23 13 110 298 188 128 -429 -605 -406 -151 104 1001 405 292 915 374 759 265 -171 372 -1026 393 -99 268 166 -110 116 1121 -46 11 -849 -570 -495 -49 -607 -206 -480 830 666 1034 446 -583 124 -58 -661 496 370 344 18 786 848 -140 -524 496 -701 456 700 -718 -281 522 -441 -50 534 533 62 206 395 -338 455 465 164 -761 161 -485 508 124 9 1114 -109 -441 709 205 144 204 -126 272 -274 -826 -148 -102 129 471 -263 -337 ]
[851 -419 894 -212 3 -508 -605 -535 -933 -126 209 -1129 -298 -539 36 258 -265 -111 -324 -282 453 110 279 983 707 419 780 -549 378 -149 -472 282 1201 886 539 1070 -43 -256 -260 147 97 432 -244 592 -112 160 -759 682 400 -651 377 524 -206 241 -787 237 122 1392 -26 283 418 -548 548 450 179 -3 -905 720 367 -421 1193 103 -379 454 338 -601 63 -145 1030 403 208 -320 64 939 -449 -185 -229 -246 -295 -204 -13 -77 -43 572 -318 -345 360 31 -48 -34 ]
[268 1010 -425 563 -673 148 16 825 70 732 -938 -105 35 -25 377 673 86 -213 313 450 -810 -1 -611 455 885 293 -331 685 404 -300 -93 197 873 740 23 110 -148 -751 -610 -62 85 24 -534 1591 254 516 -108 -313 -660 444 -1426 -385 42 -43 164 656 991 -279 253 704 -114 -383 -952 -710 -154 1155 -635 -403 484 -345 -269 -917 -668 576 -61 251 83 146 210 255 -835 557 -730 235 202 245 -7 -596 -133 -31 -440 -295 -551 685 -85 239 269 199 426 -248 ]
[-766 211 -212 173 87 -609 -571 401 300 421 398 -371 -137 -63 393 -218 -365 -158 352 -23 1 974 343 176 -238 -564 40 2 -131 470 171 -13 328 -28 1114 -220 -197 -45 -172 -178 91 -468 249 333 340 378 355 189 -176 -429 -488 -379 359 391 358 971 36 -483 -911 361 256 874 -237 -204 -918 629 -31 -1243 -1162 387 98 -64 401 -212 287 97 733 396 124 -905 710 126 49 987 783 -155 909 -283 -57 218 -111 -519 -744 -761 400 -95 -149 377 184 134 ]
[-210 -46 527 242 132 -660 -45 246 -506 -393 -1210 81 -367 14 19 338 579 405 -327 137 295 40 -721 199 -18 -126 973 -398 -183 -142 257 429 -227 -513 -1300 -206 199 321 283 -484 -181 694 -477 -920 -604 -57 -719 455 134 -87 906 43 -97 106 -618 -955 -92 788 386 -178 328 -870 164 -156 -444 -1377 -598 507 409 161 -308 -91 -566 158 -317 -262 -781 199 -289 729 -611 784 69 -941 180 -347 311 154 663 346 77 -185 711 900 -293 44 -238 359 270 -381 ]
[-108 640 -683 236 -363 -142 247 -251 376 407 1086 -451 -102 109 -158 -129 125 -432 578 185 986 763 -338 -140 -306 494 -852 -101 644 -320 302 1004 345 -416 593 -133 523 345 -50 -788 -747 283 337 191 325 -364 550 100 -13 -218 -884 848 1 440 686 401 -236 -109 -510 544 -692 -547 169 -361 20 36 372 -1280 603 -421 -588 -503 -194 144 158 -319 358 -408 -225 261 514 16 279 1538 -619 246 533 209 288 537 -215 130 -113 -367 -622 -157 254 466 346 -344 ]
[932 -164 217 -267 225 436 -347 686 -738 445 -90 37 -92 -363 -645 380 -350 446 471 246 209 -172 183 245 336 -170 623 66 -210 -645 -858 -48 391 732 -132 445 -403 417 220 824 20 141 -694 543 487 -41 -217 -355 -323 -278 607 -33 -335 -164 57 956 251 -665 232 -543 346 372 -325 -493 1170 587 106 406 605 -702 565 572 -282 636 -117 558 604 78 1180 109 101 -1003 -370 -237 -267 457 -373 -662 -878 -830 514 402 -441 314 -236 11 718 213 185 -480 ]
[470 -33 107 -192 554 776 -833 -53 -102 239 100 -229 53 462 -640 949 586 768 47 739 -251 447 -493 685 -386 245 -742 443 194 -573 -442 217 470 -152 295 -407 430 -240 9 -105 -62 719 -198 825 -264 -190 -239 -409 206 219 -418 480 -384 753 394 8 360 -35 188 -524 -266 -224 -850 -761 -236 347 441 -299 256 -906 -87 -239 -891 -190 111 229 -140 -364 -506 -75 -930 696 -599 383 226 -253 -168 430 -219 166 572 -692 837 -1 -379 175 313 77 337 -598 ]
[-1235 184 -760 -487 131 -986 383 -55 744 -596 411 -496 594 -67 24 254 848 236 -284 33 297 -345 -8 -74 -239 319 -358 -262 -191 -43 1391 488 -510 -73 291 167 -487 640 -357 234 99 -155 648 14 1193 137 601 305 129 -66 197 771 -794 -190 416 235 -232 -18 319 310 -377 -1026 -144 -476 -408 -350 -461 41 104 569 -585 -7 -206 -543 590 -800 -771 -1115 1350 -229 -376 -450 -159 678 -875 482 -428 831 60 182 326 79 409 443 446 18 84 59 -505 288 ]
[-197 -284 16 -30 108 628 140 648 -674 -378 1296 -573 -549 164 -572 -522 323 -676 49 67 -938 350 63 557 -837 282 593 -870 -918 -116 -492 -349 -871 -365 -142 -452 256 40 304 -153 234 576 257 -576 -1528 -125 423 -25 700 -232 -3 -438 1029 569 -125 -812 471 775 -474 -610 56 454 13 -156 279 -238 87 1018 24 332 142 -696 1346 -513 -526 88 424 957 -371 -511 425 148 219 464 815 532 629 1241 534 -543 420 -364 334 225 83 -507 -120 172 182 499 ]
[565 -139 163 867 -297 -348 -104 -879 196 -518 -1007 -402 -441 79 -210 162 -1173 418 -437 -299 -238 229 50 -801 372 -118 349 280 432 -43 -874 -449 1071 5 3 -120 -96 78 631 489 -300 -1190 516 -165 228 -494 -858 -268 50 612 72 -358 -47 -72 -571 664 -202 -378 1112 341 586 -25 190 -260 899 364 193 132 -509 196 783 30 456 -562 -213 52 -54 -245 -66 460 670 -41 -1378 -421 -195 282 467 44 -246 98 115 167 223 -888 -166 97 -390 -291 137 -338 ]
[-695 63 -219 490 485 -310 544 -151 186 -984 -359 855 -660 -331 730 -18 -1012 -587 -66 -710 528 405 -152 -837 262 318 -229 -52 682 586 -622 590 -404 31 157 685 -145 110 39 -358 172 -141 -201 -470 82 678 274 -272 59 523 -605 -743 -201 -157 -807 72 -538 -436 259 -406 163 -12 -564 -436 -224 -36 230 -186 -230 -43 -409 259 711 -11 -281 95 -418 -266 -168 521 231 -475 672 407 192 356 362 -762 -75 -222 -181 510 -822 -628 -807 318 295 -311 -614 1097 ]
[-560 99 -580 -206 -72 -920 421 -604 86 -285 -167 -224 -311 -435 -546 -241 -355 144 21 -471 439 -435 -722 434 167 276 -527 -248 760 -65 138 413 -709 425 -311 317 40 50 -235 132 -66 -904 -562 -647 206 -238 838 861 -54 -523 156 670 652 671 -457 850 -384 638 83 403 -44 362 -301 -725 -114 -831 -228 36 399 200 991 -7 -196 93 601 803 502 -513 706 -321 5 417 -166 -643 -139 362 125 521 1178 -42 218 -1523 -8 56 -129 -625 648 -140 191 412 ]
[-82 315 -590 -265 208 -12 -334 -321 648 -60 -120 991 1048 252 421 85 298 145 -561 -439 -139 -582 91 -805 -525 -157 617 165 84 -477 -482 -84 498 -52 78 -570 516 -322 -282 -506 41 140 147 -1111 -274 -142 141 315 -183 -87 993 404 -295 320 -420 -150 -455 -603 -666 -204 105 351 -454 586 -114 -49 -142 138 -499 -199 -67 1 168 459 -952 192 -162 -303 -41 -353 -622 -368 -317 167 333 249 134 809 -58 303 167 -619 -497 637 510 -114 750 -441 339 -785 ]
[490 -608 -586 -338 486 16 -488 -290 -66 -432 36 -393 -416 -627 93 634 331 -135 86 334 373 354 -989 526 292 -436 408 151 -607 -341 219 -408 -305 546 597 792 590 1288 571 -137 161 -895 -65 -240 -474 -557 135 111 139 -114 157 -113 468 435 -287 -428 18 750 -917 355 -653 394 44 -228 270 -591 -344 848 42 -106 -237 185 -21 -148 -23 -25 410 241 -663 -121 177 546 181 -1009 541 281 533 271 192 227 746 -602 1427 -386 -613 -491 -382 305 300 -1697 ]
[-1361 229 151 576 -307 -278 482 -658 382 -340 46 22 -324 -312 286 549 -34 556 -1449 -161 -517 151 -229 135 -268 58 -185 885 352 145 944 43 80 483 205 524 515 -403 -18 -278 -346 -354 197 -824 -157 487 556 455 -626 783 -906 426 -169 -146 -650 248 -300 380 164 713 -739 -30 -450 -582 -308 -646 -640 -293 260 651 -123 -429 -302 -590 748 -254 -53 -631 -188 250 28 1067 -166 394 -710 -163 384 1345 619 133 36 -475 14 -95 487 31 445 512 -80 910 ]
[795 -880 -102 -410 16 291 -180 14 -16 -966 -238 469 806 -278 -67 48 190 -427 96 -253 -7 -595 921 1019 -424 882 -361 -66 191 -455 -451 -437 -691 -599 -340 199 -195 436 -268 436 9 29 174 -522 852 938 758 -183 -231 164 340 -685 115 -593 -125 241 487 207 615 -635 291 761 206 488 -361 -486 -349 608 996 -239 734 193 357 -230 -447 -26 280 -67 4 -199 1114 -73 196 -411 -237 48 -497 583 140 -812 392 -81 132 513 -118 121 620 180 29 383 ]
[-806 -446 266 -56 -325 80 -163 626 -94 -1361 476 -759 37 345 -92 -308 -249 -343 -688 -410 246 -495 9 -649 237 -136 252 -419 -375 320 209 154 9 -310 643 305 -455 150 762 424 1048 247 788 -371 -392 71 288 -228 1097 -61 318 139 333 548 503 -461 -29 901 874 -331 678 -9 364 170 -144 -917 119 816 -453 115 341 176 -232 -364 11 198 2 -246 649 62 -517 -80 -608 -396 194 -29 537 752 285 -1152 208 273 417 84 524 -474 424 -500 126 703 ]
]
