[[259 452 -196 579 410 -272 -258 29 -459 -591 31 309 333 -400 211 -321 -490 -338 -221 -664 234 355 -562 287 17 -288 -693 250 -362 550 501 793 473 -424 -390 -134 -38 94 314 302 -213 315 -193 -93 -594 -725 -68 222 -488 -320 371 536 -495 -10 300 185 556 -158 -169 -153 16 76 177 -551 162 -316 -29 309 713 -158 -607 435 7 361 -365 181 -358 317 321 578 96 -410 391 236 -225 -21 227 -193 -824 -25 596 39 -711 -211 209 -254 -218 345 142 104 ]
[141 470 -39 42 673 -165 -109 -31 365 -651 74 -220 515 -136 319 -665 -61 -569 293 -782 258 -699 -268 -520 -470 -793 -8 288 -387 89 235 595 215 -44 -303 -628 97 188 -336 137 121 168 686 120 -506 -884 244 -59 -780 -18 432 -92 5 -676 445 94 103 -250 34 196 -261 -81 616 -319 136 -114 243 415 320 78 -429 694 283 -139 460 23 -153 -639 -135 462 681 -516 -471 -60 109 608 619 179 -600 115 294 -52 -137 82 232 -34 177 -6 -120 414 ]
[69 -338 13 -303 -507 75 549 -396 752 84 630 94 71 -322 42 -264 377 -628 364 -483 -107 -131 162 -504 49 246 0 -140 -166 -411 -713 -475 -191 193 158 192 -120 275 -456 -388 393 -120 -276 63 528 -380 417 -533 -104 -203 -160 151 157 -167 -351 -621 -519 96 325 121 190 499 -88 522 458 -500 -271 247 -665 604 217 -552 904 130 88 182 145 100 94 -112 37 -484 -36 -276 266 325 485 425 15 739 252 -77 594 109 -792 324 752 -449 -180 -53 ]
[-86 -530 -574 -567 -368 -412 233 158 35 418 394 -481 145 519 57 -223 176 -378 117 25 60 -486 676 -479 483 -368 11 -24 176 277 186 -461 298 297 -80 62 -293 383 -131 -73 106 67 -363 -40 73 408 -242 513 438 -847 145 295 102 -369 -424 58 -550 133 127 407 -369 845 -887 56 1085 -320 -247 37 -391 469 -185 -971 612 -230 -112 106 -474 -207 -490 -83 -872 -133 208 58 -468 -633 335 190 -181 686 330 -394 679 -260 -310 65 -258 -281 -155 -195 ]
[-324 585 397 737 260 116 29 -315 -174 -664 -273 396 375 -629 -502 -371 32 -114 244 -377 141 403 -969 422 -157 171 -369 -126 280 -238 316 55 58 -437 -311 -9 120 -247 2 697 188 320 445 -82 -904 -417 53 -190 -579 -172 596 463 -267 92 542 236 -37 -384 211 593 438 -172 10 -23 -458 -170 205 -390 573 -107 -503 1060 -19 736 -659 444 -21 345 -327 -380 530 -546 -542 165 890 447 -439 -33 -415 300 49 -93 -296 -212 -325 -935 957 -258 -360 -78 ]
[-1162 391 171 -334 591 -226 -133 248 51 404 -838 -1240 569 397 -93 -626 729 -147 300 -333 -458 -655 325 -436 -307 -907 605 -16 -422 234 288 -572 -235 517 -246 -442 96 -423 -367 -119 551 395 302 141 -552 105 -152 467 288 -512 267 468 251 -105 101 322 371 -410 -277 673 -406 617 -295 43 66 405 -170 -234 255 -167 -181 105 306 -71 308 289 -22 -747 -453 -322 -174 507 -320 385 232 -250 -101 196 -102 525 -386 -856 -280 -209 448 -392 776 -143 100 660 ]
[894 142 -444 -487 -884 130 -159 -309 121 23 440 -155 35 477 639 575 -52 -141 -437 -426 24 -1021 201 85 330 264 -283 8 -36 -21 432 223 612 -232 184 -114 211 441 -153 -282 -456 -769 547 -375 316 -195 165 -851 -729 49 -503 -118 -125 -152 -283 -184 -431 -158 7 -237 -670 160 143 -1 -35 -875 -14 632 -238 -120 -118 395 68 -286 291 -63 -97 -334 636 497 -520 -573 -294 -451 -61 -527 133 183 113 75 188 -347 45 273 207 43 -197 -161 -101 -500 ]
[-192 147 52 470 -60 242 211 -532 380 391 -76 346 202 99 -462 114 246 34 602 142 -415 -232 465 161 66 370 112 163 -110 -28 -362 -468 -207 456 -292 -387 68 -72 -99 638 304 -692 182 -219 257 -175 909 -315 -79 204 -761 53 435 -69 -244 -432 -333 251 50 -40 -80 643 -194 232 -30 136 -348 -161 185 139 -54 568 -349 -266 880 244 206 72 -725 -224 43 14 -389 -742 245 -317 -216 551 740 550 -477 -892 292 87 -125 -1015 1099 -866 -364 177 ]
[347 659 -194 68 85 437 -232 -145 -346 95 243 -618 153 1131 214 -80 -147 876 -674 270 -701 -526 7 358 -50 87 -221 116 170 67 1004 124 182 440 294 207 -31 39 -135 243 76 376 876 81 -14 599 -146 -299 -321 -158 -232 -522 -237 178 -617 -111 -364 -529 -602 537 -743 -157 -249 241 236 -231 -289 -158 -128 -472 72 -57 -113 -100 -396 -611 239 302 -185 749 -482 314 646 -230 -242 -334 -283 542 414 -90 -627 -521 -212 159 579 148 -77 -203 142 -5 ]
[953 348 90 353 65 -192 399 -328 -428 -221 339 -26 -89 183 897 257 -374 568 -478 379 99 557 875 -465 -391 -582 -164 142 213 15 634 38 332 -60 17 252 -726 457 311 -419 -793 99 96 -132 -26 896 65 124 -244 174 163 -115 -691 -38 32 464 48 235 -171 -133 -24 -210 619 -488 1214 249 190 60 -378 -294 -8 -684 -91 77 -214 -748 13 7 301 522 -98 407 1070 406 -505 135 -231 -159 250 -255 -109 -63 227 -74 420 354 -854 -229 436 -18 ]
[801 343 350 614 659 706 6 4 -80 -373 -243 -30 22 109 170 -207 -711 96 479 -11 -30 320 208 -552 -281 -456 117 186 -524 -62 -193 462 -140 -273 -78 -468 -614 236 38 -419 -601 -637 585 321 -238 -293 -542 211 -844 974 -388 359 -637 10 497 275 566 102 -280 -629 540 -848 873 -101 252 331 489 52 -13 -14 453 58 -508 -316 11 -354 144 -53 774 622 514 332 -387 58 219 619 18 -243 120 -417 433 391 341 163 -116 872 -890 -69 772 89 ]
[1302 -276 -11 -149 -337 -711 213 -188 141 172 -408 -952 123 -411 539 -138 487 -84 -426 -44 -330 -576 256 -936 -314 -598 238 -316 304 -663 62 -466 96 127 -636 -3 -112 136 -552 -603 -82 -469 539 -490 -438 113 -18 -75 -351 75 229 -140 -91 -534 35 569 -156 561 478 -25 -163 251 1 -415 250 -366 456 273 -387 81 438 -398 108 -292 443 -423 -258 -1025 395 -144 -70 -295 -406 615 -34 104 -55 -648 -770 -117 -298 484 75 -287 464 -431 -361 25 -280 -89 ]
[570 80 532 515 902 300 368 190 -179 -455 423 485 -127 -39 194 -146 -47 166 474 537 114 113 602 -731 -717 -69 60 -288 -781 16 33 178 -783 -445 60 -553 -115 623 -169 96 78 244 -284 211 335 -8 -52 147 491 96 -524 -2 -517 101 409 -53 -42 -432 -47 -177 470 -928 402 109 403 191 144 89 -347 383 368 -564 163 -656 -469 -330 434 -97 354 347 390 -570 62 232 -168 848 727 192 -271 -88 629 303 368 332 -663 322 -695 -77 44 -369 ]
[-325 -863 465 -311 -225 -715 273 -598 130 518 -469 -900 -177 -991 304 -361 937 -393 327 -150 -62 285 789 -628 7 -381 816 79 864 -131 -878 -312 -648 389 772 538 -273 -95 -561 -754 387 134 -9 162 -131 393 577 -31 386 -534 1160 -385 194 -596 -179 340 358 364 675 603 354 98 355 -13 315 323 317 -139 -472 -146 152 -211 -1 331 263 61 -19 -284 -607 -651 155 53 205 -413 242 622 -62 -50 42 313 -208 496 606 -309 -97 337 290 -71 -508 -25 ]
[-147 23 937 -114 -36 193 224 -260 -256 46 -435 -493 180 -127 -349 -112 1000 38 226 87 -348 -402 1228 455 -100 250 303 -360 -271 563 284 -159 -459 -486 114 -76 156 82 165 -297 826 -387 -208 141 24 140 -61 -259 470 -95 -624 -151 334 345 68 129 152 -42 488 385 128 -226 359 723 -473 683 -154 -60 93 -153 71 600 -637 -217 271 -158 655 -227 -11 63 -544 81 -4 -455 560 136 338 -203 179 516 380 -191 -163 764 -55 -459 396 -260 103 -434 ]
[380 52 306 521 260 -277 365 -785 -288 -211 255 356 338 55 5 -663 -546 779 19 -205 381 -208 98 90 189 -406 -502 15 448 199 130 253 557 212 -25 236 -679 439 -252 212 -289 -361 588 -397 -668 184 312 -547 -567 -377 1337 -80 -518 -745 -137 61 -703 -161 265 656 1 620 -390 -562 826 -661 302 178 308 -853 -286 462 314 478 -100 -677 -678 312 -313 971 467 -548 37 -589 -137 659 -91 501 -36 574 47 -401 796 -655 126 -458 -23 -543 -498 -280 ]
[-251 -761 123 -646 -36 -459 -11 326 -40 266 -523 805 -4 -244 -286 81 -51 98 406 -131 1010 -350 344 -27 275 -247 352 122 -134 546 -794 481 541 -292 109 -367 466 -333 860 -294 -486 41 37 586 88 259 -181 487 603 747 482 -73 534 49 248 201 -553 -12 -72 -687 162 271 -249 145 -637 -37 327 172 420 -598 -310 445 224 -193 886 139 -272 -131 -504 -245 988 172 -73 -606 -86 152 22 -25 426 -310 202 -77 447 13 190 852 -320 502 365 291 ]
[511 335 25 162 -280 -71 740 258 -146 -92 -721 -505 448 207 281 -320 294 106 461 563 -208 -1214 643 -1199 -85 -209 227 -371 -188 288 110 -738 164 -475 171 -1069 -404 -79 -540 -29 -682 163 802 110 -383 574 -186 223 234 -59 -421 585 -212 231 253 251 -375 -582 278 -142 652 345 -46 488 -116 -213 16 11 -518 89 -284 -109 185 -853 246 -114 -302 -815 -249 -599 173 -110 -1011 59 352 -546 -348 -83 -42 -166 98 101 189 -275 -329 -358 -237 -131 -76 144 ]
[-532 -161 459 -297 773 -896 234 -228 -651 276 -420 -624 408 -224 501 -881 781 690 396 -473 79 -449 685 -171 -557 -1161 -196 -250 -774 -200 714 252 -883 309 14 438 -273 -196 -27 -151 672 823 -135 375 -883 145 -120 440 167 -414 1520 261 -689 -492 601 879 -38 -953 -365 1518 -199 -418 -296 -82 722 -44 553 -220 44 -99 -485 166 414 23 -548 124 -118 264 -480 -67 453 -177 486 489 -63 1218 135 440 -555 700 426 -516 615 -199 193 322 402 -254 -135 244 ]
[-162 -399 -485 -546 -53 71 -43 577 130 -583 -208 587 333 424 -509 -448 -313 459 306 55 878 -1435 228 393 101 -114 -296 -145 -225 114 191 607 252 -379 -436 -324 -253 14 502 666 -86 -403 -272 495 -339 -270 -1046 820 150 244 -89 -126 -162 -122 439 413 -195 -275 52 -156 -210 387 -283 632 -348 487 191 159 329 425 -349 205 -385 -1037 622 251 -392 458 -503 64 42 17 -1273 -196 428 -210 393 -468 -183 -496 113 168 214 -384 -302 -236 -781 63 386 37 ]
[532 149 -958 -361 -109 77 307 448 356 -63 -73 -695 585 159 -4 -195 398 366 -540 -250 -108 -1171 75 743 -340 476 -138 151 -494 -145 313 672 351 460 -79 -160 -399 -247 -32 414 632 -377 163 -117 304 -686 421 -212 -1280 325 -691 -584 628 -356 -325 -578 310 379 -104 -233 -77 663 188 334 27 -60 -949 195 212 211 -340 377 -732 -705 1254 -284 -205 118 45 763 -584 347 256 -213 -257 -173 418 286 -140 -127 -239 222 -737 174 936 350 290 284 89 483 ]
[-649 -74 30 -51 38 -224 865 653 32 39 245 621 -155 316 24 375 -145 -11 235 1488 881 839 2 -34 377 106 200 -62 662 291 412 -671 985 -554 -23 -296 -256 55 3 674 -137 -336 164 -758 -1 546 526 417 701 -307 -59 36 798 151 701 -385 -814 640 652 451 475 537 -8 -140 338 605 -402 -699 -181 386 -424 -307 -353 273 -191 -61 -373 -139 -421 -1378 -939 352 -84 753 -227 -842 -55 189 519 161 171 -136 339 -315 -221 -680 163 -54 -22 -3 ]
[-327 172 702 363 357 -215 55 -302 -313 28 -26 65 263 -528 321 -287 311 -142 -299 736 -540 310 701 -684 234 43 161 578 11 436 -864 -249 -449 -458 628 -106 -133 241 230 -375 -629 950 -230 -185 -72 449 335 222 1797 -176 63 105 136 695 -688 -295 105 -316 -84 137 190 -47 139 655 -466 506 -285 -51 -124 -799 179 -548 127 524 353 -153 736 395 -309 -212 326 499 1120 -71 163 -325 -96 -231 447 -463 -532 11 -83 -447 10 230 331 28 433 481 ]
[86 -552 -231 -101 473 -1071 193 -3 293 -100 17 -163 -20 -450 535 78 563 -534 722 389 726 91 686 -177 -260 -1044 578 -213 -274 261 333 -52 -421 14 -309 19 851 191 -251 88 950 -269 155 -151 -33 -487 495 884 4 -623 -37 -456 210 -653 960 888 -212 444 412 254 302 -413 233 -354 1104 351 132 -401 -127 672 -518 101 -54 178 101 -128 -397 -1258 -431 -977 -433 -414 51 772 -345 373 349 289 125 618 650 133 425 418 -344 -615 -201 -286 -657 -54 ]
[358 802 -769 -391 -730 169 175 -270 1050 -128 341 -486 217 -109 344 366 -421 -562 149 -352 -172 -650 55 -91 234 -419 -336 68 -416 -598 -269 -939 -299 102 -223 306 -751 -333 -253 -470 -796 -543 -136 -728 269 -860 -105 182 -393 -198 -472 682 -194 -350 102 144 50 -101 314 35 572 -151 -118 380 305 -283 -76 210 -507 313 351 -60 179 138 423 564 81 -245 131 -30 -408 297 -955 464 406 -656 -674 -292 -6 504 -260 355 426 -199 9 -861 587 -762 -131 502 ]
[161 -72 -342 196 -520 -742 99 65 -626 -90 -4 -653 -28 -364 943 421 678 -272 -753 855 -443 -165 323 -776 111 529 564 443 682 -402 139 -500 -155 -228 630 -169 83 485 -383 277 -309 -47 329 -484 368 49 396 209 333 -642 91 95 117 -104 -241 -401 141 354 590 -60 -92 80 -196 -266 172 -441 -452 -6 281 -87 -177 -275 -415 -252 132 -720 -371 -583 -413 -662 -173 -542 367 -273 -17 -328 -19 184 219 -347 -143 170 -325 -727 -21 -216 -213 393 -488 -257 ]
[284 -187 129 202 1086 -475 -563 -105 441 -367 -78 711 137 -689 430 -83 -693 -471 432 -25 624 -24 562 166 -73 -621 40 343 -393 580 -664 1112 148 -353 289 -530 804 10 106 -490 394 196 -98 166 -230 -452 -157 439 983 -593 245 -980 -215 -219 143 250 433 -18 32 -637 129 -240 636 327 -535 482 420 353 288 -511 386 393 -1 -145 675 234 97 34 95 608 283 81 -100 -79 -207 368 44 -203 -165 -763 90 950 352 52 450 134 -966 877 -253 -210 ]
[453 34 384 86 -422 -66 182 34 -219 -90 -454 1480 -714 -569 -423 -117 -673 331 -131 234 454 463 -686 187 112 -46 -302 255 627 358 -909 249 209 262 151 374 -119 -932 163 868 -667 693 142 316 -331 552 305 179 311 89 348 -148 -821 35 354 420 -93 -342 -93 -255 811 18 -21 -550 -466 -22 555 97 -442 -684 -51 169 -159 -57 20 449 360 1010 -603 -38 1114 328 -18 -349 -68 72 -875 -861 -83 -614 -921 375 -675 -808 72 -803 -240 -69 210 620 ]
[268 204 514 -1088 -799 456 -277 222 -332 95 -101 -1166 -466 393 71 602 488 -358 -117 -79 -13 -970 1127 -1137 -306 -79 1082 61 643 446 810 -528 604 -236 210 -262 -33 170 -35 -225 -116 -466 937 763 348 1181 -632 -10 -669 -88 261 -366 27 -448 298 112 -208 192 308 -231 -411 -234 831 -479 284 767 200 230 -360 -242 -311 -220 -390 -651 296 -587 -17 -1233 -531 214 -205 158 183 -620 108 -105 27 -70 538 319 309 -380 -203 10 22 364 -803 -310 648 -603 ]
[637 36 -166 471 -408 133 -661 107 -644 86 -171 627 20 -503 -53 141 -327 128 -586 506 364 326 -542 452 464 465 82 578 492 464 -1000 762 -264 -317 482 66 30 -180 70 721 -87 -548 15 -945 265 -614 383 160 -475 -261 225 94 -210 -103 -413 -323 386 -60 -15 -1074 289 54 -68 -440 -31 -337 -341 337 446 -1030 -24 -3 -516 120 357 -593 -13 1205 122 749 -218 -483 331 -560 167 -196 -168 73 808 -435 -299 520 -554 -1043 229 -235 -552 489 -107 37 ]
[-151 -556 680 -283 -757 -62 -86 -95 -288 165 481 -719 -149 111 277 239 761 -955 -127 -460 502 -330 431 -12 310 -133 218 -315 219 699 697 -163 59 -658 260 20 443 224 159 -851 -430 -514 -464 -491 293 33 32 -806 674 -447 655 269 575 -80 -278 93 -550 -348 701 817 -870 -171 -19 -351 260 -263 37 728 -209 207 48 -15 677 -317 -698 -776 -198 -437 188 59 -514 -1277 -61 -673 128 167 891 158 -417 798 1109 211 54 637 -352 13 -123 632 -5 -890 ]
[349 -269 863 568 530 -74 -213 -332 -342 500 -610 677 118 -773 -626 -7 331 376 -34 821 -4 311 450 -227 -395 347 687 216 609 -583 -825 153 -374 59 33 -93 412 585 307 471 800 -298 530 40 -217 167 -67 -279 -879 26 109 -314 130 -96 25 234 -568 83 47 -267 751 -598 -25 -107 -90 -404 353 -544 479 -837 199 360 -416 -61 611 -969 366 148 -569 709 712 -741 160 -46 223 1026 113 307 890 -160 108 370 373 -207 -389 338 -74 -235 -645 -588 ]
[-199 -432 785 29 -401 592 58 175 -50 117 -577 -629 -91 -89 -803 -48 1199 -996 146 -72 51 15 366 -82 18 226 512 -90 260 92 -478 -252 -655 -39 378 74 1051 -175 93 -448 410 61 477 462 -288 305 -254 -487 -458 169 -1024 -33 607 238 157 999 -389 -826 391 213 -21 -288 -73 615 -294 -420 162 -337 -442 240 2 319 -2 355 -105 -156 353 -234 -379 -74 402 -522 -70 43 740 165 -27 -544 332 796 -11 106 -336 985 -799 131 918 -209 164 86 ]
[300 444 -127 -68 -704 416 419 212 149 -392 -451 -700 -16 695 -45 -650 324 199 -408 -905 -932 -71 -1400 9 110 495 -557 -295 -108 -120 614 -615 295 10 -174 339 107 -10 -361 -30 -38 473 426 746 -274 -154 -502 -671 -641 -11 -565 46 -154 690 276 45 -240 -874 -85 -120 359 48 -499 537 -682 -1422 -222 -120 461 79 399 -278 431 371 -915 461 -35 325 328 359 131 -216 178 77 96 -742 163 69 -953 285 -37 -261 -638 383 37 238 569 369 181 314 ]
[-374 -538 142 -1112 -242 -134 82 824 160 -22 168 -596 -382 -592 -638 791 624 -691 -433 392 395 -413 -329 673 -724 -255 706 -505 -317 -500 144 -340 -919 -255 -892 734 242 -715 -40 353 778 92 -1248 -124 881 160 -705 920 601 15 225 -126 463 -285 507 443 155 287 -208 498 484 -764 -209 -348 197 1082 -254 -202 -120 579 34 -230 465 -291 -348 455 263 -750 29 -668 -335 60 322 1122 -375 350 -124 -1003 -660 35 187 815 -695 441 160 -505 -30 93 -168 -78 ]
[-231 -99 13 -692 -413 169 186 -353 -74 -246 630 -35 286 -343 364 344 225 -842 -833 -1156 471 -235 442 388 338 -59 -219 125 27 -96 106 193 821 264 289 374 -460 251 357 -655 -346 217 -723 -487 -299 446 95 -669 -202 -494 549 -4 -569 -339 -996 -249 755 304 287 412 -478 397 -37 -170 246 670 -236 436 -874 -349 77 -341 146 618 113 399 251 -156 680 877 -328 120 728 24 -79 854 -156 -816 -403 451 231 -164 269 -317 297 594 -68 199 792 -674 ]
[-386 -483 -543 -349 -90 465 393 83 -290 -75 -68 1025 -40 639 -229 -162 -782 611 -528 369 339 -228 -593 249 -103 -260 -175 -140 759 324 -249 585 82 553 544 368 -459 -333 -13 385 -347 661 -147 623 85 844 -432 169 -212 629 -47 -447 391 188 -372 43 -736 -637 -448 191 -80 -147 -287 338 -35 -24 148 -128 -747 -28 -490 -310 711 190 -336 -742 -264 606 -728 222 750 173 -57 150 -738 -145 -188 -383 989 -1046 -474 1009 183 177 -322 296 -597 2 490 647 ]
[1453 -158 -146 587 26 -76 26 -161 -79 -208 574 325 128 29 495 89 -983 -29 -666 260 -105 222 652 532 -163 -116 -828 -17 -507 -62 -43 400 158 -170 -582 583 -146 351 -253 -206 487 -522 -346 -312 78 -84 -49 327 -918 -445 -442 87 -1107 -355 -97 213 408 272 -102 74 -267 481 200 -196 772 -258 156 444 -736 53 217 -146 138 -404 126 26 -55 359 796 1640 -212 -591 337 285 -765 -343 -84 -350 -513 -227 -67 312 -76 -195 -253 -307 -863 -545 -11 -188 ]
[-201 817 494 -109 950 134 203 574 69 -505 14 -494 513 984 164 -488 -62 172 -264 240 211 -230 177 17 -582 -1455 165 -113 -362 -282 956 -542 11 335 -938 249 -383 -201 -62 72 374 -6 158 -152 -363 -107 -370 898 -543 -646 54 257 -533 -267 411 815 34 -465 -291 489 65 -254 -377 569 1334 338 128 -569 23 -72 450 -465 441 -300 20 -332 274 -97 -267 735 6 -14 -164 813 73 734 -20 613 347 683 -103 -1037 572 396 196 -582 -478 -681 263 356 ]
[-160 1197 95 -113 475 910 578 -298 591 -901 521 814 554 377 132 179 -483 809 -409 -304 240 -301 405 800 -1066 -403 248 -359 -373 59 382 29 424 394 19 -555 -442 541 505 -92 374 426 477 -84 373 -4 78 -668 -730 131 -835 -410 256 560 137 -815 -234 -333 168 663 90 328 705 276 -632 482 -338 111 -129 -854 -43 937 -176 43 607 -106 1182 -842 89 997 204 128 -348 -494 363 554 209 162 356 -257 -518 -232 133 467 455 -222 759 -471 -8 178 ]
[938 131 68 1111 296 181 -353 -580 152 528 53 906 319 480 -281 -37 -649 548 401 -369 -100 339 187 801 36 570 -375 -190 -513 215 487 703 78 -396 -115 276 18 380 517 60 1 -18 -65 98 255 -112 749 -329 -499 481 -641 842 -636 329 -259 40 426 -544 -504 -597 30 -391 -97 61 179 -650 -104 239 90 41 16 274 308 -588 -376 891 318 722 587 862 -492 -576 -34 -587 -249 -722 307 1179 91 62 470 -722 300 452 -387 51 115 -390 -259 -22 ]
[-9 -213 -867 -841 20 320 213 1008 292 -635 -264 -91 -137 13 -362 -18 -152 -187 682 284 514 -189 479 -487 76 -280 198 190 365 693 266 -28 27 239 192 -401 28 198 549 95 -134 265 451 1176 522 -136 -1073 1336 -135 -326 -767 -596 675 -199 720 551 -196 -167 385 -396 580 -429 188 357 -340 -87 117 -335 221 143 250 -8 -1013 -332 151 131 -333 -996 -1372 -249 236 -7 0 -236 -400 88 259 -174 150 -138 176 675 607 135 -232 888 -932 245 421 49 ]
[406 -1003 -77 -701 73 242 -383 -361 695 -60 -552 138 -51 376 -18 -178 -39 -500 -16 -385 -50 -1075 -496 -384 319 -211 -129 141 361 -181 -38 -34 529 -213 -904 -305 379 151 -516 171 -146 -1371 432 150 -17 -528 -249 -185 298 405 531 -378 359 -455 -162 -233 -670 -94 -34 279 -976 14 -292 180 -1085 -561 699 331 -30 -231 948 231 369 -592 424 375 -171 130 43 176 93 -891 -1033 -297 -179 -510 429 -113 -456 442 -434 -144 1082 -501 135 100 -230 -130 549 -521 ]
[-988 -695 -149 -1077 -150 -57 -140 848 768 -107 -559 -632 126 47 -389 463 523 141 -663 260 813 -144 -110 756 344 376 242 -343 330 -325 332 -190 -41 -194 -464 681 194 -739 57 -423 549 21 -556 -353 124 246 -388 432 951 -145 -61 -529 710 -109 82 196 281 -208 395 137 -403 624 -384 842 -472 693 -430 -710 -155 12 322 -359 -240 4 -135 656 -917 53 401 -753 -1229 488 218 1050 296 -581 -431 -106 -65 498 -739 -196 -102 -363 73 -28 112 100 772 -114 ]
[-376 814 317 373 -53 -110 152 -47 -617 540 842 604 -451 -34 -427 343 -287 1279 299 346 -488 -239 -102 -12 -715 606 -938 -320 -804 118 -14 -297 -274 -306 246 332 -244 -601 368 -105 -958 988 -804 235 693 805 918 -809 776 867 -252 765 -112 515 -635 -444 -139 -828 -1066 -57 -2 -201 -79 156 -265 -46 27 522 -251 -397 -287 -331 655 190 -14 -116 250 740 18 -366 1016 352 935 59 -468 -29 -409 538 604 -391 -420 -915 -794 264 87 -622 870 -283 153 434 ]
[-126 260 385 -59 401 -517 -158 -373 -128 869 457 806 -515 75 -167 756 -308 544 228 723 594 -163 754 416 -294 162 -337 -242 103 -567 495 -151 1032 -509 -443 333 -425 -372 897 -375 -471 292 -435 -202 208 932 263 -61 734 473 196 201 134 173 86 188 -752 -493 -450 -135 -597 136 -28 -20 -29 200 604 104 -125 24 -250 162 610 -83 62 497 334 776 77 -675 -402 483 1 413 -429 -500 -199 286 227 50 -315 -1003 313 -59 405 -285 431 -363 -113 -67 ]
[155 -320 -264 -217 805 344 -531 -429 -75 -122 260 621 361 708 -226 104 98 715 -275 33 1052 -663 603 11 -119 74 501 -256 167 159 1468 637 45 -140 -81 -368 719 650 -161 1405 255 -253 1294 454 491 400 -124 440 -196 -104 160 -352 -490 -460 -62 -121 -887 -287 -168 -24 -691 -118 -604 -183 612 -11 -616 -188 322 -458 -938 255 63 -561 -253 -429 -386 -345 -763 398 249 -1023 -457 -585 394 463 408 1044 552 674 75 -1322 407 -655 -751 -308 -192 -790 170 -695 ]
[433 364 -138 718 396 -129 317 -55 444 -109 -73 485 644 518 239 -446 -586 -1209 26 -9 -130 1061 334 -833 -120 -588 -15 525 597 169 420 230 476 -170 -456 -159 -668 786 -413 305 112 84 -434 -252 207 28 -83 635 -29 -131 -114 431 367 -398 -208 14 373 1137 973 -116 -508 265 284 -314 735 982 -282 374 -99 1148 501 -566 226 -206 -31 80 39 -69 -469 451 -159 227 -494 359 -108 -258 605 -518 -104 -508 169 670 600 80 -231 -637 10 161 -11 510 ]
[-1136 -486 456 690 662 237 100 -504 273 129 -677 432 -131 -622 -107 -551 -826 -412 320 -51 -47 736 -420 845 768 166 120 -114 313 803 -643 -182 339 -74 121 394 -234 -715 -140 -608 295 -288 -244 446 -285 -770 17 213 -51 106 368 324 -75 455 9 -223 1092 427 679 -470 956 -107 607 448 -375 801 405 -417 197 -328 -241 831 -414 129 81 -97 -364 229 578 -26 226 613 -666 -402 -152 345 -213 -48 126 -76 1156 590 -156 69 -738 479 -493 456 12 91 ]
[-30 183 -239 -294 304 -88 -38 390 -471 -416 -724 -183 705 230 185 -893 746 -167 196 -597 255 -288 -337 -379 22 -512 -320 -364 -675 45 1149 -208 512 -254 -547 -1040 -640 -438 6 746 397 220 -637 234 -718 -545 -700 584 5 -456 746 665 -91 89 364 -387 -433 -24 86 -188 -55 357 -761 255 -230 31 -277 34 612 683 -533 -436 274 -587 15 -14 -944 423 4 -329 -393 -356 -509 29 738 417 779 726 -897 578 1398 -141 493 -191 -87 31 -313 579 537 -441 ]
[-339 293 -499 421 502 927 -406 44 595 -521 -289 -639 21 654 118 -450 133 -979 33 -611 622 -300 -119 701 -155 -43 421 355 111 512 665 817 1413 54 424 -400 59 265 199 -84 -288 75 772 1043 -188 -362 -316 -764 -828 -521 -514 -642 8 256 93 177 821 -503 110 -63 -294 473 742 225 -623 394 -385 169 801 153 69 196 -618 -46 485 -28 -376 254 280 848 -154 541 -598 -786 435 -592 750 285 -560 -295 183 515 -595 59 203 1027 347 1195 387 157 ]
[-99 18 -1024 -161 138 -483 -416 575 1002 160 -977 -162 -189 -116 172 60 -565 248 255 -404 121 -253 -128 -647 -349 -725 422 -273 -318 458 -45 -206 -204 686 -405 -514 356 -588 287 -237 -232 895 -644 773 580 -85 -670 986 863 -141 -106 -279 131 687 156 620 581 61 -221 -536 348 -43 -249 20 -511 880 -24 -306 -359 308 -178 -669 -279 -1270 350 708 -477 -1010 -290 -713 -417 423 -113 667 -566 -585 -56 -46 -649 -710 81 809 -304 15 -296 137 -646 665 -452 381 ]
[-418 215 936 492 576 -99 -276 -135 -342 -224 -27 -182 298 -43 576 -701 183 243 -319 193 -337 393 704 -501 -218 -829 129 353 -589 -435 376 439 -757 653 223 458 152 908 -183 -145 417 56 -207 -377 -425 -175 -100 -562 570 -763 485 -581 -821 -274 14 277 976 -220 -363 658 -428 -55 486 -559 398 141 -213 231 265 -405 371 -277 130 223 462 -1006 473 157 238 856 574 414 381 512 -69 846 595 -215 572 -141 -207 135 -253 -529 295 -180 243 294 116 824 ]
[-141 323 104 67 936 522 576 215 -39 -1445 503 260 289 -607 72 -571 10 -776 -524 -79 514 -138 -120 439 -386 148 -175 -359 -755 -295 -339 489 -376 174 -184 -61 -241 91 32 396 243 185 77 -1 121 -1064 -454 138 -796 -754 10 60 -548 -76 208 -308 3 -548 128 365 846 -155 -399 549 284 -465 -194 0 374 -156 -28 614 222 73 -728 -566 -38 -12 308 749 1163 -920 -352 -238 -49 1830 312 -52 -679 380 415 541 -538 255 -524 156 16 -147 -189 81 ]
[-1348 447 155 -664 787 263 -547 1055 1036 -11 537 -372 657 956 -1103 -901 -502 138 828 422 502 100 -200 -429 194 -438 121 -328 -85 -41 -539 -200 -376 -66 -444 -546 407 344 275 -325 727 353 75 -370 -240 -61 -987 169 161 -427 120 -197 709 -385 368 282 -845 34 138 827 -229 -166 -90 498 303 506 691 -336 -243 152 272 -325 460 58 -153 -29 97 -931 -371 48 -230 -257 -716 675 476 248 408 500 284 351 24 -208 666 598 -377 -151 -277 -632 -410 106 ]
[862 -131 896 85 384 139 -178 -271 121 709 -661 20 -332 -289 -351 -144 435 -549 580 -341 -547 1105 588 -672 90 -4 490 251 -845 -18 -262 -513 431 726 -455 319 167 -318 580 -740 434 -629 281 714 -29 -290 -545 311 615 294 -950 22 -15 690 492 -3 -144 1036 2 -858 244 29 195 0 -531 375 161 -164 113 95 1091 -103 -283 385 469 224 855 -224 263 -348 74 1196 489 -71 144 140 -318 58 275 760 177 -202 201 97 64 31 42 407 1126 450 ]
[288 -253 143 417 23 52 16 -49 -336 916 -1110 -577 222 84 -764 269 22 443 39 -967 309 30 569 470 -57 -525 447 69 -595 191 -303 542 194 817 -342 -204 159 -671 346 -1008 189 -1585 311 -310 27 -447 -247 27 -795 1024 -503 506 578 301 23 349 121 152 -303 -915 137 903 -586 -405 -29 -499 -671 56 749 -108 155 955 -349 -362 770 -331 -83 -64 476 648 -183 362 -527 -366 28 -448 -290 -225 551 885 50 1 -416 390 893 -418 514 624 287 668 ]
[77 -160 904 564 80 994 324 -352 86 473 -669 -356 526 -221 -146 -535 697 -182 -405 431 -98 781 -359 -328 -182 363 200 -261 42 -671 -30 -492 -601 -83 69 79 -20 109 -524 -1 -358 -105 901 -514 -338 549 497 -870 258 567 -245 293 -345 482 -327 391 743 -361 -18 499 -191 -7 223 -157 -197 -75 132 -259 -377 -555 676 -540 -41 205 -342 141 477 -62 747 62 404 -399 -97 602 701 82 -745 -723 42 421 -686 -43 -313 -630 -133 261 692 251 497 422 ]
[34 -570 399 384 231 -266 -786 -354 -586 531 -715 -267 -387 124 16 -162 70 -416 -342 -40 -812 -68 -364 -515 1065 181 -49 -85 55 372 327 -100 328 -112 -920 -428 900 84 273 579 -221 -548 354 -79 -644 -102 -526 -416 392 -831 668 394 -440 356 183 194 -191 -177 -385 -71 -520 695 -909 -193 -335 -633 116 -100 1240 -240 -437 176 -130 166 -290 147 -639 294 -97 -457 -68 -654 430 -159 -184 -1171 65 414 -406 535 145 -1496 -25 -173 -148 -996 250 -528 -566 -277 ]
[89 -637 616 268 -1166 -579 158 -646 -330 251 -740 222 -85 -794 768 189 200 -86 -75 -109 284 926 488 532 113 -169 361 -71 -168 -444 -1236 -474 -409 -898 -99 767 339 -318 756 -962 557 -319 -162 459 -38 -176 -583 167 -163 -114 547 -72 -859 343 877 1002 584 44 112 -592 -62 369 919 51 310 67 874 101 798 -382 297 113 324 611 41 -126 -370 749 498 214 256 -51 435 -370 582 53 -199 -582 467 -172 150 350 -74 -299 -235 784 -315 313 115 -59 ]
[-9 417 675 -857 19 -381 8 -238 1135 48 169 -435 35 -551 212 -72 714 -737 -468 -374 503 -50 472 83 -529 -710 469 -207 -420 -363 116 15 573 514 268 634 404 -147 -356 -793 315 -583 357 -62 239 -39 471 -492 -54 -552 -12 -320 227 149 821 81 -408 329 220 362 265 559 158 312 552 -347 -328 66 -169 199 -296 64 680 550 401 -125 104 -443 663 -65 -165 326 180 395 561 87 -41 347 -18 987 194 -330 -262 433 291 -587 1073 -493 -202 819 ]
[-453 316 -733 -364 -398 -38 -595 -369 824 192 433 123 -114 1220 -167 99 -316 -335 -183 -133 -455 -621 -84 -43 582 -460 235 405 76 468 421 -409 686 744 184 -201 1067 731 -404 887 65 -382 743 400 330 141 148 -673 -580 -491 -36 -1307 483 -648 -279 -276 -628 391 293 -712 -426 -368 -347 -692 268 -110 -216 333 494 96 -55 46 -44 -49 698 -1263 -843 -919 -990 813 329 -62 -901 -735 -740 -257 561 95 1111 36 309 219 -12 490 321 -874 -356 -103 -364 -127 ]
[730 -86 550 825 210 -309 -130 176 -172 126 -364 887 244 749 -434 -914 -738 -140 -976 409 -176 135 -864 834 882 274 -608 -321 -190 1231 133 -12 1349 -83 -812 96 -20 69 282 441 171 223 -41 -170 -222 8 310 -234 -789 352 -768 -24 772 522 -620 -481 -717 355 125 -309 -134 878 -817 160 -341 -305 -430 231 -480 126 -221 -136 601 -339 4 -964 -205 237 317 1043 106 -368 322 -776 -862 -409 1129 -137 -300 -88 532 -95 -768 620 -425 -125 -513 -188 28 306 ]
[150 64 -213 590 239 616 307 211 118 -88 -308 374 346 117 -488 -140 436 843 77 380 315 -594 327 -257 -733 170 199 -598 -151 -113 -824 45 -833 251 -160 -793 -1052 338 26 168 -282 -500 -445 -181 365 -540 142 -510 -521 814 -674 21 430 450 -480 -348 245 -71 605 -878 167 139 -38 179 -316 832 301 429 172 158 325 -165 -768 -938 332 -753 -231 -547 535 773 504 -530 -1098 -579 55 1287 1089 -177 -233 -582 384 385 -32 387 -671 52 -315 135 -328 2 ]
[-1089 305 -34 -464 633 -641 -75 162 -637 587 -542 309 138 -673 67 238 66 649 -397 -606 -165 -518 -111 130 -296 -203 -416 270 -535 -126 -354 497 405 130 169 -208 -435 -508 754 -255 -33 1044 -771 787 -34 -155 -508 -163 76 -213 678 911 -351 333 -230 -334 389 -514 -676 -109 722 -216 -88 15 -537 -274 48 298 476 -554 -264 385 423 29 297 179 -54 221 447 281 694 43 688 233 -469 634 348 -88 -194 157 142 -137 -649 183 874 619 -350 242 330 -341 ]
[4 -69 -941 -744 -209 -356 512 109 452 -514 -57 225 -109 -530 515 241 -86 227 -341 -172 -313 -584 119 -66 -637 580 -374 -23 -662 -3 171 145 32 207 932 885 755 -554 -78 -405 952 1339 -295 907 1102 595 -49 37 -34 -16 -51 -488 194 -277 -182 -440 -485 -598 616 -36 77 -447 -642 788 -171 -138 -189 4 -1008 525 24 -252 651 24 -876 -69 -557 -211 -79 -61 565 -94 1534 247 -453 217 -485 435 347 305 -183 510 9 116 -166 587 86 339 504 226 ]
[-1300 198 319 8 -559 366 -87 83 432 728 -68 306 325 217 -780 18 -450 -896 588 -238 -470 843 -47 863 1363 -99 56 430 352 756 -190 -246 382 290 -15 -35 -11 -196 -696 127 745 -100 -58 -74 -179 -100 461 -244 -137 -815 -465 473 1 200 -204 -330 295 73 -229 450 632 956 -48 163 -318 336 -527 -374 -131 321 -128 895 271 213 -233 1276 163 -191 -236 148 -377 130 -1081 -904 171 -823 129 526 165 277 570 -843 426 315 -776 -293 833 -468 -201 154 ]
[-460 -115 74 1064 305 -479 212 -514 -717 -243 -24 569 -158 102 831 -70 -250 -121 59 174 -473 1121 -384 506 -160 -355 -530 335 -444 -475 -347 -398 -106 -282 224 -230 28 420 160 467 -199 297 312 188 -1075 90 -79 293 271 -100 -77 664 -696 706 22 83 5 90 -390 475 -118 -455 -291 -422 -479 -25 549 -172 510 -55 77 190 -230 964 -268 465 220 623 -338 -385 775 60 314 -38 216 120 -642 -325 -399 -1120 -450 -126 49 -699 -60 -148 294 445 41 -44 ]
[522 -193 -85 316 118 844 591 62 -269 283 -197 172 -166 442 517 215 -229 867 340 576 -159 297 379 -532 -517 -308 -43 -690 -748 147 203 -209 -633 234 85 -224 -1104 295 -452 233 -144 13 -230 954 604 702 -112 -169 -737 82 260 -306 -368 187 344 -777 -243 4 -637 362 933 -585 481 -131 240 161 -194 25 -472 -119 68 -595 196 -676 -392 -515 -155 41 170 626 523 236 88 192 -998 978 653 540 -71 -163 1066 1116 766 55 -468 1203 -399 -262 -243 -359 ]
[-28 132 -109 -777 -359 -112 98 -556 209 396 -376 -1544 -315 537 8 -117 474 1105 -1282 241 -651 -1228 -64 344 -112 -618 -46 -618 -204 -51 791 -549 -190 678 -473 739 -606 119 -420 -838 -52 882 3 -190 -318 583 366 -1147 -384 545 190 -1391 489 14 -939 108 312 16 -492 482 -188 25 83 -32 -213 183 -466 104 -23 -384 -175 -122 -298 -49 1111 -831 -43 -721 654 688 -292 928 344 155 -550 -218 429 -76 -151 -16 262 1 -591 544 1040 279 57 -362 -320 201 ]
[-663 -448 -625 -194 42 -534 -178 -98 320 -780 619 -436 -216 329 -326 -159 1059 -344 -24 -137 -26 -331 -325 248 -523 46 494 -345 57 -243 307 -129 -421 13 -152 297 502 -160 -185 -72 1211 1613 -476 647 209 510 -421 478 719 -765 -23 -435 66 538 -62 29 -508 -397 -514 677 225 -422 -583 631 170 177 -201 -407 254 698 -573 -42 1155 6 -822 619 -140 266 -194 -853 -128 -189 460 -160 429 -153 -204 705 -79 -687 -132 -564 -104 528 -751 -291 68 247 -946 -311 ]
[-6 60 871 75 94 -949 125 96 286 -6 -382 -21 41 -944 -465 -426 1147 562 -449 -233 302 263 -221 433 -779 1 -146 -113 373 -576 -298 5 -461 -25 82 179 -165 -122 398 64 -300 1002 -451 11 -584 34 135 -119 96 90 474 802 -34 705 -298 332 255 280 314 821 853 -37 187 -191 -540 326 -280 165 -426 -554 -121 49 -148 635 294 -114 807 -163 -11 -448 667 223 -465 1152 1294 847 152 -1112 -1033 -520 -961 400 -951 -236 -141 -92 1092 -15 -201 372 ]
[-475 -284 534 694 348 -347 199 -461 78 614 -616 101 62 17 141 -578 214 111 342 406 30 -272 -131 108 237 -874 307 92 61 -61 -228 -202 -545 228 -447 -97 505 -361 -245 678 543 80 590 26 -693 520 174 -17 468 281 549 -343 -469 -404 596 528 19 -442 -89 586 352 75 -25 -325 643 894 497 -591 -238 -403 -283 -437 -152 -207 147 17 -195 285 -791 -587 362 162 -12 585 42 248 -658 -98 388 431 -470 -234 447 -812 155 -272 332 37 -331 35 ]
[1321 -578 -363 118 -331 -624 378 -14 -358 301 -712 -183 -106 11 774 312 531 728 -977 1035 -398 -662 -282 -639 -72 68 442 -613 566 7 682 -658 -52 71 164 -168 171 345 -590 503 -524 -165 920 117 762 171 141 52 -802 48 -361 22 -95 794 593 518 -340 -376 155 -343 562 -512 -425 199 81 -663 -94 -644 -343 111 191 42 -661 -683 -160 -52 59 -751 -531 -1136 -275 -861 -56 75 -8 -808 -106 528 148 -503 -7 196 555 199 -255 -76 -773 -369 -1001 -426 ]
[-498 114 13 -255 110 480 148 460 885 -242 -316 -97 169 244 791 -634 -38 24 20 -546 -763 -382 -585 -614 -311 -27 480 -17 -544 -767 -557 -171 -127 1187 893 67 -78 52 -762 -571 313 -503 -9 -182 106 -566 108 -984 -1477 159 79 148 -197 126 -272 -544 637 -268 -357 -99 232 -374 700 559 -424 -449 -189 281 -1041 172 667 -212 362 -371 533 -619 4 240 891 -83 -64 652 -141 493 338 1123 26 674 709 -539 380 704 190 -84 -150 1177 385 621 302 723 ]
[89 920 111 707 109 -633 452 -203 -520 -41 721 443 -48 89 890 129 -397 832 470 211 97 534 194 390 -380 70 -486 -224 -775 255 563 430 65 -177 296 147 -221 -71 47 14 -22 -228 -15 231 679 -162 592 -394 157 -62 -224 -195 -808 -243 603 -197 443 -121 -283 109 -87 -103 356 -458 1084 -41 -163 379 552 318 -430 -136 1 636 -133 -928 -496 404 545 -89 88 403 1060 -394 -363 635 521 748 400 136 -25 -758 -98 597 -27 -481 426 -157 5 93 ]
[343 -511 45 184 -1080 -865 -312 -616 210 385 684 393 40 -1375 226 -498 91 -765 -500 68 84 26 -1051 492 564 489 -471 333 377 -1450 -1087 166 -181 -227 21 630 242 -133 44 -235 396 591 266 -49 -716 -277 121 -643 63 -427 413 -809 -356 255 -391 28 -259 -504 -541 435 -8 57 -384 675 -631 -345 229 -248 -14 74 -421 -460 422 526 119 418 -391 1179 231 -716 441 -887 -43 93 535 103 -267 -505 33 -968 94 1082 6 -486 -786 29 609 553 -847 -145 ]
[-424 -431 328 -741 51 -473 -328 380 -673 280 -91 -66 388 10 140 -34 565 61 -256 840 261 -277 162 290 -252 154 403 -69 65 37 859 309 24 -749 -141 24 282 399 549 428 546 -368 -418 -84 -199 440 -277 367 235 -195 1625 -194 228 -368 439 177 -248 6 -11 1012 -126 -774 -318 -350 -29 85 -36 142 306 -118 -624 -227 448 -97 -451 -627 -317 -689 -56 -43 -360 -780 768 468 -440 -57 595 -41 -141 685 695 481 113 29 346 901 -71 482 -5 -361 ]
[-1247 -490 -737 -531 -447 -256 264 117 184 38 774 169 -81 674 482 82 -561 -702 722 -371 -258 -80 266 -329 640 75 -189 244 -516 -214 -397 -231 -525 120 887 -957 -363 227 167 147 -774 80 -437 -318 -225 -32 257 376 205 185 -688 665 499 -519 -81 -509 -9 385 73 210 -322 -282 -494 -190 83 -88 72 175 -418 1285 -737 45 254 -38 41 533 -633 -615 -262 -686 343 317 -419 -386 -125 -676 500 -383 -304 -268 344 -696 264 137 -448 329 -5 -630 257 622 ]
[-10 -542 -325 25 -435 -180 789 -865 662 176 319 668 334 160 -130 -397 -528 129 173 324 -468 811 405 479 726 229 -438 266 1422 29 225 -137 92 -16 96 385 -553 -245 249 -13 64 475 -276 119 -119 592 772 -193 269 221 517 -496 519 -394 -383 -91 -644 165 768 -44 295 -509 88 250 -201 161 346 -116 -254 253 176 15 -100 -161 29 -120 -134 633 -801 -138 -13 296 -100 -825 -574 -451 83 -32 -27 -411 -4 626 1091 472 24 517 372 -48 66 470 ]
[42 -99 43 341 -6 -736 -8 508 -784 -66 513 277 -295 -348 618 191 -422 -584 186 -65 179 370 81 -291 325 106 -320 295 -433 320 11 -101 949 -63 485 -988 -307 -416 -100 335 -874 -467 27 -264 -674 -289 661 231 158 -600 553 517 -347 -322 524 -620 144 962 529 -443 -147 604 398 -915 362 13 -197 291 -273 744 -1019 242 -493 -207 448 -353 -772 -375 -464 -363 696 -769 -481 -714 -379 201 -49 403 -336 -428 860 24 236 -279 -124 433 -843 463 -222 -223 ]
[-112 119 -131 -28 591 253 366 322 -294 166 -295 -985 1115 140 110 -475 -216 -374 -393 495 -273 -402 633 -11 449 -877 291 471 -68 835 43 1112 373 462 -22 -311 -844 152 352 -502 -186 -2 652 -230 -727 256 83 308 -402 405 -1107 -415 875 -434 -16 361 626 -21 -477 341 144 555 168 73 847 78 -409 -555 599 -96 -529 125 -365 132 524 -522 -284 -960 32 680 -437 1064 1451 451 -729 -622 192 -94 569 -396 -363 -553 -108 571 884 221 -289 -126 497 1275 ]
[562 -336 -645 -578 -408 405 -71 655 -322 -136 -32 -446 -1068 244 -18 329 126 -375 125 292 121 -9 -536 -60 163 -229 13 -307 21 -782 967 184 -174 881 -29 119 147 -8 -538 232 31 -213 603 -192 159 -122 -514 84 -904 80 -597 169 -656 -268 -62 587 -125 -232 -689 608 -192 -266 -556 -615 187 -1042 448 -224 -701 1157 134 -162 -462 -228 -636 -12 -342 -230 512 -1184 -597 107 -773 478 327 327 -531 -286 -190 344 -329 -84 150 60 -381 -6 -189 118 -340 -754 ]
[306 -187 60 -1383 -1051 -566 461 205 102 1108 -637 115 -94 -36 65 -131 911 -125 -124 -704 -63 343 86 748 838 398 -319 69 -455 247 -524 -247 591 -12 -467 286 -137 -762 733 -440 -471 -768 -1009 -636 413 -355 96 -21 -208 561 -362 525 332 163 1 52 -18 501 237 -578 -106 708 -594 -140 -588 -342 -572 658 107 91 547 -220 73 113 419 595 -47 775 886 63 -614 343 526 105 -240 -747 412 -714 -492 735 -170 -144 -550 405 625 877 458 276 1015 485 ]
[-1237 -803 -606 -653 -243 -352 748 479 217 266 62 -339 28 -782 45 92 -90 -840 -230 166 673 166 -518 572 350 -366 225 -357 74 196 -548 17 -19 -395 273 -126 -153 -533 -20 -716 315 398 -615 -808 328 -157 45 372 517 -449 1076 -101 1091 -95 45 -95 166 552 781 1091 206 621 12 118 1 187 150 -122 -244 109 -148 -241 299 545 -319 -124 -425 44 -50 -158 -433 -403 10 347 -524 -456 -40 -752 -429 108 555 1177 949 -132 493 1035 171 483 -584 250 ]
[373 252 523 -115 82 -73 61 800 -420 -181 -175 499 -215 -624 445 -600 -105 550 65 -64 308 11 -716 -194 -284 104 77 -175 383 598 -739 428 116 64 209 -667 60 -53 -726 579 323 -359 -184 -1035 -129 -893 1262 -449 -85 -723 403 -41 -53 -521 453 -890 -28 235 227 -2 679 -22 537 -960 -122 -684 12 598 91 -550 -74 -39 -382 -503 814 -474 -9 -122 441 429 -252 -904 -193 160 -340 479 840 303 -824 -713 411 983 -944 -481 119 -430 -777 535 -941 -180 ]
[-247 -469 180 1068 75 -282 471 -1029 -713 -121 -1102 429 631 -793 -346 99 -27 488 509 -519 136 -42 794 318 456 -606 47 -10 -547 777 238 103 -107 -564 -450 -471 49 364 1076 -256 -495 308 -901 -58 -1288 -261 -815 182 722 266 489 471 -581 610 -293 551 418 -83 246 -267 632 91 -269 -81 -91 566 59 -194 610 -152 -474 842 -603 72 209 161 102 424 146 48 108 422 -82 -187 509 924 -45 -755 -437 114 1115 -401 715 -494 -340 -344 18 399 424 -745 ]
[1122 248 -38 -10 -80 62 -70 265 -233 299 -478 -306 67 -31 -72 -34 127 -71 339 -46 824 -198 612 -692 17 -515 255 470 244 505 -800 299 202 120 -913 -245 -1125 303 959 213 -594 179 -536 -673 -840 415 -320 356 -517 -270 302 5 -172 -833 -88 836 448 480 406 -739 377 360 446 -754 862 299 523 138 270 -395 35 -408 -698 -460 1150 -35 168 -116 -167 1038 -6 321 -108 78 -112 -287 562 -564 -474 123 190 -163 -102 -442 506 206 -1173 -414 32 -121 ]
[-393 864 858 -310 -184 -515 618 -327 -802 384 572 -403 113 -275 814 -294 112 -185 -721 337 -421 130 7 -794 159 -161 -526 -143 608 -22 107 -1154 30 -632 406 60 -599 -349 -827 164 -277 951 -45 -482 55 822 346 5 981 -1050 542 728 -595 241 -253 -240 -369 -1363 261 200 -303 907 -942 445 674 -299 -340 110 -132 -409 271 -1122 1115 448 -1020 104 -288 660 -272 -580 111 -696 1019 95 27 -575 -489 -367 -108 761 -546 -1182 -556 -459 -150 -940 675 -488 767 -184 ]
[-104 972 518 338 722 761 -393 -51 -577 -639 908 -71 8 643 -2 123 -1010 409 -658 506 161 265 -478 791 148 -31 -203 -245 -121 309 1411 -444 -60 -984 -691 -103 194 336 544 626 -46 -99 852 -810 241 -241 -796 253 -331 -103 -359 193 -295 313 360 123 -501 -542 -226 -134 -445 -968 277 302 -415 527 -270 -5 602 -381 84 247 -343 949 -1321 -793 1 -52 366 743 -234 -442 46 384 177 -275 566 -383 50 674 342 -700 -463 -229 -46 -1006 -115 -312 353 -14 ]
[-706 342 581 300 -363 82 162 419 -698 -712 -242 -591 593 619 -381 -165 835 633 -264 392 43 -504 217 810 -462 295 -146 -782 -707 325 867 -193 -117 -190 182 57 -637 458 341 248 -467 1196 -316 261 -374 1115 -355 -275 475 2 457 87 -133 998 399 429 -184 -1155 -350 972 -63 -44 -168 -207 -239 359 -147 -224 347 -265 -437 547 382 680 -918 398 -384 -877 -151 -334 190 -111 590 125 92 58 -518 -33 -164 -350 17 -304 -165 276 240 -441 86 57 69 127 ]
[-471 444 268 -505 -751 529 -186 108 -275 105 503 -45 142 348 435 1015 492 -723 -567 -605 186 584 -504 -507 74 -515 396 210 -531 -341 -251 -359 -208 -475 151 -368 -544 -83 -243 -11 -268 -186 -367 -612 555 1 -391 -282 -134 -51 1 1196 91 -99 121 -677 -115 -240 -339 185 -215 492 -115 -403 210 -282 -130 -19 -449 120 -24 -686 639 298 -464 495 156 314 1254 -52 -350 -20 250 225 783 -318 -285 -15 89 397 -237 -928 287 -573 -3 358 660 -257 885 -222 ]
[220 169 -38 371 -410 517 575 284 9 -29 5 358 97 -325 -927 649 115 -113 1291 65 748 -660 152 -478 -869 -333 -81 -570 423 -139 103 326 231 -555 -629 -333 -701 123 721 278 -502 -66 614 291 -148 421 396 -52 -1213 1347 -41 498 627 37 216 315 -190 341 -18 -235 896 -665 223 344 164 724 421 -528 -190 884 -696 368 -373 -69 429 640 189 -152 -1040 -1009 651 187 -733 95 505 320 -424 -210 894 -245 420 233 607 1145 -637 -222 437 -1002 -188 274 ]
[47 -142 466 67 -463 -207 208 -664 263 -11 -501 -508 398 -122 529 -463 366 -162 -45 -805 -87 580 427 -93 61 -639 -240 -75 -188 -135 925 -741 1096 450 -623 511 -383 -205 -170 -1181 69 -2 -789 201 -270 581 -553 88 -67 -586 862 224 -538 431 -355 70 -28 -215 -134 401 -273 1184 5 -504 291 -166 -212 388 20 233 269 -492 1163 358 -254 -212 -67 144 -37 351 -32 165 630 161 32 -99 99 339 -197 262 -95 -365 236 -208 -474 747 303 479 789 264 ]
[-1350 -374 -17 -456 184 -92 128 156 625 -539 108 633 -329 579 17 164 -99 -279 -233 634 537 1241 -353 309 184 483 186 -127 641 -505 329 -594 242 -86 183 236 -238 48 446 -47 -383 406 -251 308 -19 526 -208 697 825 -184 67 -188 187 263 213 -99 624 599 590 -282 -170 -282 -156 -177 -491 1043 -92 -496 16 639 173 -199 4 452 -820 293 -193 -263 80 -1133 -133 504 -737 456 229 -57 350 97 35 -468 -523 -23 -43 -208 -904 190 -428 572 587 -174 ]
[679 189 -234 629 -450 159 -309 -577 -132 173 -316 -405 329 66 -37 -43 -34 210 131 -835 -365 -295 81 436 725 133 -1129 -476 -589 805 808 138 -436 200 -349 209 -44 -122 80 -207 -378 -45 119 359 -1027 -194 -334 -147 -186 117 -766 91 35 743 -295 674 -836 -81 -162 401 -251 150 -606 182 -105 -642 -86 -194 36 -12 -1200 746 -234 320 -350 -120 -231 -222 -315 578 81 -258 138 91 -156 -188 -247 -391 -809 542 236 198 -881 804 -592 -560 57 -507 533 151 ]
[652 -35 -282 451 -337 -342 -412 -593 244 82 -224 563 -256 -1301 33 158 208 -313 -183 -256 128 250 823 246 -121 -151 152 557 157 665 -602 291 -665 633 475 184 952 107 1104 -58 -174 244 -548 -201 566 -164 549 -54 11 134 -438 574 -22 -91 -37 346 5 100 159 -108 -303 330 -205 -788 724 -497 -74 547 -392 -744 -527 -174 -281 -120 514 -281 260 -245 -241 148 -210 -265 1246 -698 184 61 -395 -29 475 441 -125 -231 -385 217 488 -743 297 -229 -49 153 ]
[165 12 -188 874 -167 -222 34 57 -683 -50 305 11 482 -782 268 482 155 -993 485 194 527 -201 759 -19 -173 -533 202 -417 642 126 238 -200 -282 -292 -557 -775 -204 -340 93 -26 26 -73 -467 -45 -112 247 -197 760 179 -921 121 742 -920 -38 428 721 283 -581 496 -706 150 353 9 191 1003 467 592 -265 -129 305 -519 -350 377 -332 -359 528 -403 -554 -277 -1071 -405 -1143 -2 -31 126 178 -808 261 -82 640 383 -208 837 -111 -652 -471 -355 -363 -448 -435 ]
[850 -496 676 776 932 -203 -140 -253 -584 -775 129 292 -410 -764 185 -132 26 -306 204 334 90 591 -2 12 179 -519 140 88 503 68 -395 1388 165 -442 -636 -858 391 958 -206 199 301 -106 535 -131 -795 -194 258 -483 654 404 -231 -1468 80 -258 471 276 -431 958 226 280 -13 -56 704 -26 -256 -89 778 -219 731 125 345 662 -434 452 197 -201 172 -20 182 -280 751 -166 387 69 94 477 415 -1083 -713 -441 -206 133 -448 824 415 -434 -509 -199 -428 -377 ]
[350 45 463 -280 109 109 621 -783 560 127 -551 607 245 -354 1004 288 15 157 184 -1091 481 362 55 449 -491 -339 -246 -143 -315 -872 -747 103 -85 -112 -392 -218 -321 52 7 -793 -183 -1273 -995 162 321 -760 86 317 -824 826 -574 281 -373 -204 678 -214 413 196 -3 -800 419 -173 682 -278 -98 -748 323 609 152 -54 716 40 431 -165 487 629 417 492 1138 846 -31 -739 -1024 714 -95 730 572 91 -623 -6 75 131 476 -224 67 828 -219 -154 737 -192 ]
]
