[[269 295 117 -435 34 75 -200 240 27 -329 -483 522 -307 459 -284 -158 -238 144 376 172 360 -319 -221 -20 -97 485 -315 -136 -392 -203 346 807 -532 327 -522 -389 -111 607 423 449 69 243 -215 -37 -153 -323 203 589 420 157 14 -309 -520 190 205 -28 490 -275 307 313 -218 40 -144 139 -138 -697 -245 -32 -299 -203 -301 -233 -93 179 -112 -53 -631 605 535 87 -702 249 -566 479 -1624 -423 -146 -421 -258 -674 609 345 217 -18 -145 140 430 43 -264 -270 ]
[485 41 -149 -641 -53 -56 -7 -20 -240 36 -205 588 -212 168 272 163 457 -354 1216 674 133 -96 301 -370 -362 105 45 3 -71 345 -258 256 -180 -207 -665 -82 314 663 -250 -314 -44 386 -795 -96 -523 -300 296 208 -210 -827 -370 -436 -823 -304 310 -278 233 407 683 71 -118 -59 637 -66 -473 -338 -534 231 15 -723 -41 -70 -121 428 -258 -184 -906 469 89 -41 -766 -361 319 -206 -368 503 26 -448 -91 -474 660 -190 -24 -484 -763 83 923 74 -574 444 ]
[-563 124 52 -144 172 378 27 -104 -144 -477 226 -644 28 -184 -586 -241 -1002 60 -654 -58 476 279 -208 597 -441 196 455 -858 -515 -187 600 194 517 -508 23 465 -155 96 273 168 -323 -577 -527 55 104 1023 102 373 93 791 313 -658 82 -405 141 -112 487 173 -373 -481 283 326 -467 282 33 -248 -169 530 -411 462 -267 -107 380 -268 147 188 -320 81 -83 142 389 502 -456 204 393 302 -721 254 586 -28 -375 436 -304 98 248 -263 9 -319 202 -491 ]
[491 -66 -22 -91 -410 191 -50 -241 80 67 300 97 -133 300 818 208 834 45 707 -353 -523 278 258 -826 -167 334 67 1111 -246 105 4 -358 -1164 -139 -172 -245 207 -73 -338 -420 -268 143 -339 537 -905 -779 -203 -919 416 -561 94 85 -9 190 -438 25 170 257 239 149 -659 -451 212 6 -249 -461 191 -583 -13 173 181 -572 279 -70 -86 -173 -220 429 -248 321 404 -107 661 -539 397 -44 -190 -1152 795 96 527 228 -80 -64 302 2 13 -178 -97 235 ]
[965 -342 114 -3 139 522 -424 4 364 -38 -622 47 61 345 -185 -290 193 424 265 161 14 -597 -483 -255 415 334 -65 399 -118 40 54 -441 -648 -120 -336 -543 354 -205 654 -394 -337 -713 105 -600 -276 -170 -21 -460 900 -65 -516 144 187 700 74 226 628 -356 88 283 -596 -184 114 131 -31 -445 774 -235 -335 352 58 -334 227 321 -285 256 -511 496 653 -62 359 68 -493 -39 -416 -225 -1062 -637 383 248 -151 861 -250 621 604 284 317 -675 -322 -727 ]
[-324 21 17 -241 -387 -188 -515 721 -263 -5 361 618 77 -16 -300 -35 169 -133 -1010 -75 -302 -257 -868 267 204 -443 -326 -116 462 -427 35 452 130 610 -24 166 -243 236 259 547 974 -611 441 33 670 -22 343 1020 -793 358 -55 120 69 15 442 392 149 -360 111 293 -730 725 1 176 79 273 170 97 37 232 611 -221 37 -19 477 -309 792 246 -6 345 -426 169 -592 673 -310 -734 716 799 -626 124 -190 433 753 113 120 793 -550 113 -239 38 ]
[502 118 275 927 -390 97 324 455 776 -144 220 150 -30 169 -525 319 627 475 307 -37 -799 -533 -114 -589 110 128 -396 324 405 334 -301 -217 -193 -345 670 -377 -104 -652 625 -135 497 -114 401 -660 236 -377 -243 -262 232 -1056 186 304 5 161 518 -227 -322 -527 361 347 69 -328 220 -402 -412 -185 695 48 169 -39 58 132 146 661 596 -240 -181 183 549 322 -866 179 -469 -311 -37 -1 -193 -1 696 275 -378 -109 -262 215 -230 -87 729 -154 -86 -425 ]
[131 -493 -40 -551 357 869 -417 -774 -195 -143 -568 200 59 69 270 -691 -599 -22 -167 -312 607 -126 -329 59 336 1017 -674 993 -485 -188 132 -507 -788 801 257 -446 -288 -122 -255 -127 -591 -547 327 382 -336 -76 -345 -252 106 621 -248 331 -190 727 -264 -71 384 -295 47 -222 -396 -43 -165 410 9 -94 264 -78 -25 40 209 71 -616 -225 -189 447 166 -475 538 -446 336 367 -283 1197 -1129 -734 13 -496 -384 -167 77 409 -165 670 -65 344 -129 -68 130 -990 ]
[-688 860 -195 122 -163 -659 -720 -95 -218 108 -326 85 602 -162 83 428 -460 186 -845 -118 -24 622 303 245 -62 -674 1 -228 309 159 471 905 -43 1026 -417 184 461 244 52 776 -391 346 655 754 248 273 292 260 -370 1392 540 11 181 457 -339 482 -349 -422 -339 18 -494 517 -6 -422 97 -274 -496 242 174 516 -25 -131 -26 188 292 -197 -14 19 179 380 -113 -82 169 -314 175 -392 480 118 381 308 228 -82 291 -57 598 -310 -612 649 279 229 ]
[827 -748 -221 140 737 -44 570 -459 -80 29 -610 -696 -287 278 514 -71 -73 -242 867 345 215 57 91 -72 -518 -233 -32 -39 -439 270 -88 14 491 -1042 -527 -212 462 -945 96 -550 -291 23 -563 -326 -261 218 376 -619 657 -237 -748 -691 -111 -252 -117 152 -457 1021 -588 -307 169 -41 602 319 79 -497 -569 -48 -469 -190 -329 -99 492 -419 -601 568 -728 879 -160 395 874 -118 418 -272 -252 726 -671 -222 96 -454 -60 240 510 -208 487 -209 -302 -413 70 530 ]
[727 -237 259 167 322 -476 876 569 210 123 138 488 160 28 58 497 915 -30 773 -158 -701 286 -351 -608 90 -440 -505 -620 657 -73 -93 -263 38 -674 -298 49 -222 -438 -76 -99 1020 230 211 146 -109 -319 -718 -446 90 -970 184 574 -484 -276 -532 252 -638 229 637 530 -300 -204 406 -783 -94 -166 -305 95 41 -169 -144 -85 585 -14 163 -48 229 384 -209 877 -12 -573 496 -325 -230 68 164 196 -996 -295 46 -607 570 -618 -390 -175 48 -250 186 655 ]
[-299 458 285 508 -917 299 -104 -87 -316 -70 527 301 407 -388 225 112 509 118 -974 -789 -392 512 -502 -223 674 -269 104 39 409 13 319 -4 -764 566 23 -87 -32 302 -645 398 -312 353 715 1272 228 -821 -690 -763 -39 436 642 835 454 156 -1094 657 -371 347 793 351 91 45 -436 -882 240 0 134 -384 239 622 746 -74 262 51 618 -130 588 -543 28 245 71 -896 206 -337 1051 -578 578 -82 66 512 19 -127 794 -80 618 -261 -476 137 -143 403 ]
[-562 -501 -123 822 -289 733 329 -46 -90 -725 636 23 -293 -414 -392 -547 -327 511 -1089 111 314 -311 -204 349 35 -14 -8 112 -100 -283 202 -86 512 697 616 258 -745 -269 -137 -90 67 86 69 -222 240 -388 -189 487 125 138 132 39 324 -196 382 279 88 -446 83 -195 362 87 -41 103 283 -252 246 338 -28 -543 334 53 -695 344 89 -237 160 -42 558 -142 -232 892 -1200 1285 -266 -278 608 746 503 -366 -571 660 931 415 -39 167 228 -395 -59 -161 ]
[-178 656 -426 -164 -467 -146 604 501 1094 269 186 -9 -367 651 -47 344 737 224 737 -600 -141 156 857 -298 136 419 -66 757 10 -32 -308 216 -492 -38 481 -194 -71 508 632 626 465 1068 228 -26 -808 -393 330 168 87 -728 440 -84 95 719 -262 -865 152 -441 -523 400 50 -403 -445 385 -490 16 -3 -1111 -273 63 -20 80 109 -39 103 218 100 234 -341 -393 36 380 -406 -612 -862 -75 393 -719 849 -262 430 -749 -215 -262 -121 -293 52 1136 -272 -512 ]
[465 62 243 -540 322 -153 -559 379 -75 124 -668 170 77 -432 310 233 -937 -82 -724 543 319 -489 -267 542 -162 -484 349 -1032 -76 -13 466 362 -202 -366 -1461 306 495 574 -363 708 -179 -72 92 460 224 546 308 458 -511 476 -17 -173 -437 19 464 322 327 -27 234 65 -239 305 -398 -950 -284 212 -430 471 -40 -256 -179 122 197 -72 -57 176 -402 411 1080 74 -724 -706 -335 255 -148 -59 -300 177 -1081 367 109 -129 138 71 -573 156 539 68 -386 322 ]
[-24 233 613 353 -734 134 -19 380 455 123 669 842 -334 -232 244 332 53 208 347 -524 -155 851 558 -598 -218 -24 -321 340 147 -72 230 210 -1007 264 -121 725 -940 -21 -922 33 -373 682 -22 657 -429 -1048 -1042 -767 177 -876 422 779 -898 -84 -423 -525 -384 426 935 423 -206 -64 -66 -1046 -456 -684 275 -135 -302 -190 -239 -421 237 250 451 250 -294 35 628 603 -784 -687 -115 -191 216 -412 264 -615 702 71 119 111 348 10 -384 -177 461 -92 53 208 ]
[-359 311 319 308 -628 -613 -601 -76 -414 -85 7 156 -574 753 162 124 283 -365 -80 -478 335 337 -286 -229 54 140 -97 925 64 -60 -561 634 -1198 601 -84 -628 -57 -515 110 23 -272 -415 217 614 971 -1326 -25 -546 405 -195 -11 294 -61 101 -216 369 -691 615 214 -23 35 139 -271 780 85 -172 797 -947 -680 482 -333 -697 371 -349 14 -336 493 -305 -592 164 -277 224 740 -885 283 -705 396 30 336 344 321 295 -266 41 906 768 -1219 -155 233 50 ]
[61 -228 -193 258 -234 274 351 -600 -71 110 456 -510 2 397 990 185 545 -100 548 -394 -571 277 320 61 -464 485 -283 1095 -323 422 118 -122 -480 -375 1151 335 306 -397 -135 106 -213 302 -376 333 -339 1017 458 -495 -1041 59 135 -427 860 97 -32 -556 -68 -96 -1132 -185 -433 -281 603 577 -592 100 -446 -152 894 -21 162 -357 200 -427 494 -784 105 -327 -103 46 11 -58 1190 -172 351 102 515 -584 765 52 43 -340 -525 -241 -300 94 -387 329 -60 254 ]
[-885 353 430 682 -398 -408 -647 752 182 449 419 -276 -37 -145 65 41 -985 -552 -1033 222 -35 -177 304 346 47 -435 394 -981 -693 -972 -8 913 591 -226 -22 116 -511 -62 78 866 29 578 217 104 349 -13 362 400 -165 512 -51 -96 -273 -301 833 -366 133 556 -345 111 676 797 -575 -279 73 758 -451 -206 104 65 -545 367 -404 -759 550 796 150 95 244 -101 17 49 -472 264 794 14 -39 923 -522 110 -295 -102 352 503 691 -282 -660 -140 398 497 ]
[26 -614 211 256 434 -351 32 374 -61 -587 83 -191 110 -504 -681 -155 200 32 -1367 253 112 -142 -659 747 669 17 1104 -1885 163 -795 289 -911 757 -238 -615 831 266 74 323 -561 132 -278 7 -550 441 624 64 161 624 708 172 -36 698 -358 42 723 1198 -281 141 -485 -351 215 -597 -35 661 865 224 731 223 -187 -648 46 -137 -53 -622 -646 718 -683 -416 -715 1211 164 55 226 886 395 -794 1112 -1746 215 -555 -37 130 -171 452 334 -867 -1693 -160 437 ]
[611 236 80 388 -244 -393 626 37 -273 -338 113 -23 -287 778 -12 4 760 353 1549 544 -158 -411 -946 -98 571 -9 624 -461 -79 103 -449 -73 -366 -299 155 -631 -78 801 294 109 496 43 -549 -273 203 -225 -670 -230 504 -951 521 813 77 -108 -708 93 -3 4 742 516 498 -449 474 125 -79 253 696 -334 560 31 239 -679 371 -73 -68 -738 626 -394 -823 -386 -798 -623 1097 -576 217 126 378 -213 -253 79 196 -501 -607 -383 -476 -96 653 -194 135 789 ]
[-95 48 -106 900 -38 -495 -68 -219 534 -1241 650 -117 -576 613 -315 637 264 28 -192 -379 -819 -637 -219 -315 309 1103 108 275 -342 -619 -172 -283 -465 74 431 -553 42 -576 408 -12 276 -452 288 606 -333 -384 -134 -356 -232 -48 686 -228 -158 222 343 3 262 -36 269 -762 -344 -126 -18 343 -649 444 226 81 -181 569 -75 -53 243 -406 409 -130 302 59 -511 -90 -215 815 465 -20 21 -15 386 -25 645 138 -269 -580 -343 -84 -148 -366 -437 -59 -86 -542 ]
[-637 488 808 -140 378 299 99 -261 89 536 205 731 389 -103 -818 -355 -750 -8 291 -308 318 -325 -218 -511 626 -113 -649 -745 495 298 240 152 605 236 812 -114 -422 -76 361 -34 89 52 847 -682 243 -66 -455 91 -307 -72 -314 413 -362 -256 -259 -579 -561 108 484 557 615 -218 119 -834 537 -624 103 436 230 -208 112 556 -132 -51 271 18 -529 -358 594 317 -675 -438 -146 -232 -630 -615 -237 382 -199 -145 101 597 -567 172 -136 -241 967 -125 269 -420 ]
[159 253 -503 -418 -489 217 -82 -940 -341 475 -2 -343 475 -76 1381 -92 20 -120 414 -102 42 600 381 -504 -386 359 224 360 -85 260 30 -468 -564 290 -140 93 356 -230 -671 14 -551 1041 182 1152 -1038 -615 -63 -847 -247 -472 759 608 -517 447 -383 -110 -613 249 144 335 -141 -106 22 -1377 -324 93 -882 298 164 -444 -44 481 -412 -217 269 -29 10 330 95 544 184 204 137 -215 604 136 520 92 238 323 618 -785 125 -153 -523 -427 388 -108 689 687 ]
[-17 -184 -127 -52 -601 -539 -244 137 523 175 277 237 133 329 359 448 223 92 -407 -99 -953 -1105 346 -575 -139 -119 -86 381 582 -199 -339 201 655 25 158 648 1099 -798 619 13 738 569 540 -294 120 -204 1252 541 -679 -8 -247 -812 270 162 1221 239 -425 -730 -659 371 -648 150 435 -307 -229 264 -695 639 111 -520 -164 828 -582 275 66 -440 -541 404 151 490 -948 440 116 188 -639 -379 354 411 82 215 -146 -321 125 -100 -177 -186 296 -179 -695 196 ]
[373 -192 402 259 1411 66 418 -273 125 -5 145 -957 -826 -294 -323 55 -1278 443 -673 504 -98 -989 72 -33 202 -95 435 -586 -550 274 -146 -647 603 -550 453 -821 233 -141 173 47 599 -802 229 -258 275 235 52 156 780 -317 -122 -81 -36 -486 291 55 -283 124 -355 -479 973 -997 -849 440 463 -210 674 -229 -76 169 107 155 91 -243 -543 377 631 296 170 -335 -69 119 46 -467 255 179 -927 108 184 554 -306 -135 -762 142 -388 -74 702 70 450 -512 ]
[780 122 325 -367 211 416 287 -637 -368 -470 -392 -502 -451 -228 650 422 -585 -775 -124 -282 -54 805 754 -76 -1200 769 -504 -9 -751 153 143 259 -1008 -294 -535 -137 511 -288 -404 -444 -359 198 -632 675 -93 -398 362 -67 551 -605 121 -750 -756 -356 280 -362 -137 517 111 -1150 149 -394 -892 13 -232 -945 -419 269 -426 -154 -1453 -237 54 32 -50 -223 -439 972 155 429 35 639 155 -336 228 400 -807 -471 -252 -80 412 48 -378 -207 -147 497 178 -131 426 -311 ]
[467 -164 -252 423 -838 799 -637 -1072 -897 68 -612 -588 494 -567 290 -2 411 -250 -829 84 39 295 -44 50 209 289 -383 26 300 76 -427 -400 -421 382 357 -158 1202 -162 -282 -648 -652 -646 -19 -198 605 270 98 -632 658 609 -644 23 813 477 -640 809 -31 195 136 75 -147 -324 489 532 736 -40 -281 149 77 229 -167 102 -563 516 -642 -228 21 -811 -358 -302 831 -342 264 -135 1205 -35 -822 -188 260 199 -332 -15 26 93 815 39 -779 -477 -141 -364 ]
[-43 361 269 1168 -523 -891 227 281 503 369 -270 273 229 288 -89 302 1016 251 626 -349 394 922 333 -411 -89 -139 82 50 1079 283 -94 407 -166 -149 -151 358 -6 -597 176 -433 -310 803 272 -253 142 -412 -385 -1013 966 -929 638 993 156 -92 -842 369 -651 130 327 29 51 235 910 -315 -348 -231 201 211 362 -443 -1116 -93 88 772 170 -763 -580 -874 158 493 -661 -182 609 -607 -6 137 -227 -274 -159 -477 -110 -1150 357 -325 439 -848 -123 -616 560 569 ]
[102 -134 277 -138 424 142 699 -288 -947 83 -432 -770 446 78 -530 -617 -747 452 -143 -139 266 1628 88 757 -683 -424 -321 -1222 -118 -151 598 284 924 89 244 700 -247 485 -485 372 -325 856 -778 215 547 315 -270 130 703 1050 104 -20 603 -431 -490 242 -546 -400 -326 350 524 205 -384 -148 704 -467 -1398 166 -309 455 -585 -187 59 332 -79 525 209 -210 325 612 747 -609 189 -165 -281 -317 6 154 -563 47 -152 462 472 -161 461 -295 -620 -474 492 -52 ]
[675 -625 -74 250 74 634 568 -856 -344 -701 248 -630 -956 37 271 -308 -319 -180 1001 627 81 -422 -361 -38 276 421 -161 -647 -232 -293 131 570 465 -68 326 -12 226 414 238 -211 179 345 -577 75 203 -35 -177 -184 357 -177 -188 213 -149 -274 -512 311 157 658 129 0 1088 -185 633 807 85 -903 279 143 -826 -8 -476 68 16 148 -387 155 -980 342 -280 -21 -794 -3 -237 494 -1050 108 205 261 466 -794 -498 -165 111 -370 -302 -388 884 -384 -245 178 ]
[-615 468 -134 -609 -291 -457 -227 216 133 169 332 -240 731 -566 -586 64 49 -849 -34 401 -330 93 543 68 -592 313 99 -285 350 -204 -470 -140 1234 -331 300 180 645 593 167 -483 186 290 -349 78 -417 450 333 517 -1076 916 273 -909 -82 -586 910 119 1020 -473 -180 -778 -9 552 128 601 -244 757 -401 461 120 583 101 886 -515 806 697 143 -341 -264 -676 -221 -264 643 178 -208 134 1046 118 9 -325 -58 -130 -850 -626 -182 29 -792 242 576 -254 -32 ]
[-312 -76 -137 -263 -92 -103 366 1085 519 -146 867 -300 -571 138 -456 265 395 50 1468 173 -395 -60 -320 -132 237 69 149 -347 -51 -398 -39 449 456 -912 365 945 -752 -87 462 -101 614 3 -149 -1030 -151 799 -149 -169 -268 433 118 -656 -6 -597 228 -513 676 217 -397 730 -415 53 508 701 224 -186 434 202 -627 228 170 -762 1132 -222 -7 207 -472 777 -781 162 195 5 217 -316 -369 654 -244 160 970 -268 -277 593 -742 -458 -177 -253 -381 -735 -451 491 ]
[133 49 -155 -34 -672 -406 -173 138 407 298 1469 189 -803 329 807 -68 268 -342 -30 -324 -321 -273 693 -63 500 683 -54 35 -50 -664 -897 -144 -506 306 542 532 128 318 262 42 813 273 -21 294 -823 -95 -47 -3 -352 -718 -305 753 51 470 -406 -567 851 223 -846 502 -745 -81 54 835 153 992 464 -811 -78 -68 -254 -63 -110 -470 -47 190 921 -361 -877 -586 -297 266 632 160 261 -71 476 -610 107 -170 -454 -886 198 -370 -81 164 -242 250 -114 206 ]
[78 165 13 -248 383 -1388 -438 469 462 -184 -124 774 -910 731 -713 -168 32 129 608 126 1057 -282 -166 622 -396 347 -354 -340 45 130 -93 649 -18 82 -800 11 -808 200 330 -154 393 -764 -127 -1338 699 285 -42 525 -125 -871 -54 434 -766 25 436 -520 -273 165 -269 43 -221 223 494 182 34 421 87 787 -297 -637 -29 -296 716 -262 -280 -577 14 109 -415 562 -887 243 -505 284 -875 -400 -79 194 -50 -516 160 -60 102 -502 -835 530 -26 260 407 502 ]
[-124 125 523 86 286 519 412 -221 529 48 -566 -131 -357 -373 -53 -193 -306 -321 -940 -293 858 -790 -414 193 283 233 716 6 -175 26 430 -407 -538 -861 -201 -482 322 -685 416 33 -260 -333 115 -71 454 -562 -135 435 570 -363 270 -390 93 -142 -41 219 5 -331 223 -540 956 -435 -1324 287 11 244 161 -488 375 -187 -820 526 -803 -703 -181 -595 65 -807 318 -848 -57 192 -283 -3 -540 -381 -546 -222 -1451 -82 125 -326 -421 620 -75 170 -135 62 289 -581 ]
[-675 -396 398 382 1078 -369 -456 -307 36 -149 9 204 99 388 -120 14 -773 260 183 730 705 -72 663 307 71 368 -273 -26 -477 134 -562 307 -5 974 507 -707 -9 -187 749 284 -316 366 593 70 94 538 -274 -361 -327 1052 -207 75 28 117 326 -38 594 -709 -738 -183 136 -392 -125 745 -20 -499 63 -215 -200 54 -326 -623 -693 209 -323 154 -329 -70 1246 -713 -748 1263 613 -151 -648 -183 211 663 616 -389 -133 61 -1180 207 135 464 -117 34 -232 -561 ]
[-511 158 -132 -1045 -857 299 43 -171 -598 -140 246 -426 3 725 277 -231 708 264 -526 -459 -452 444 -187 -115 -533 171 59 631 -141 -777 679 -12 -214 387 563 -93 123 1729 -309 459 820 588 -886 -134 -15 133 443 294 516 288 246 102 1535 -273 -1028 281 837 -370 -485 700 -8 -312 -356 723 581 -209 1 -1061 91 477 520 -794 -466 -62 -653 -619 712 -122 -1207 -124 308 256 -147 -155 -262 -1145 -165 -728 186 -313 1014 407 202 -410 764 110 -639 646 -201 257 ]
[-139 45 103 -82 82 557 -410 -495 -256 -1209 263 -837 -816 -246 -71 91 -538 -219 -1139 -306 148 -1062 -362 -305 -547 1262 545 250 -687 -776 647 -593 -241 43 221 -493 -51 -90 -379 -114 -156 -354 253 207 -107 -343 267 -47 299 186 678 -628 -58 -175 264 -101 304 224 218 -660 500 -456 -990 394 -224 91 1211 179 -459 -411 -406 436 -414 -201 -430 -482 194 -77 -2 0 -124 994 -859 280 -244 -323 -281 344 168 383 722 84 -529 126 -327 126 462 -326 405 -463 ]
[-80 219 -1 288 -232 752 -284 347 192 613 -380 299 159 215 -627 -538 -773 -158 39 -164 1438 -394 -1026 645 166 -32 304 -272 -262 -256 53 323 442 -500 454 493 -341 -426 717 641 -312 -707 62 -502 -109 935 175 413 -275 956 -480 -517 -172 282 -7 -617 170 854 -209 -32 79 867 13 774 -627 43 731 -230 -23 119 47 -315 269 -490 767 274 -20 113 419 -131 -127 -266 -928 630 -531 70 -110 367 -241 -343 -939 262 669 751 268 -127 419 197 -344 -323 ]
[-125 -130 902 -309 269 762 172 510 9 590 287 -4 -633 -230 -457 -247 -382 -4 171 -203 546 191 -738 -742 -131 203 409 -531 264 -286 673 188 -120 -964 -212 773 -366 -297 -68 383 697 -212 122 -55 64 -200 153 158 -4 95 191 -567 -175 -1209 275 114 -97 76 301 460 -274 -12 -464 189 -134 -478 94 160 -5 -363 -433 -6 41 74 252 28 -328 335 909 859 -522 -513 -439 357 -1357 -846 20 331 -1043 -74 411 496 119 187 -453 282 431 -1292 -25 -283 ]
[852 -118 110 -20 379 -1110 475 494 897 639 -649 -166 -743 210 320 432 102 431 118 -129 -381 -585 -139 -228 651 -173 -73 492 21 94 -410 419 -177 -134 -245 -152 281 -219 507 -233 926 -219 711 -367 265 -280 928 230 970 -892 385 143 32 408 -11 7 -715 -391 -459 -241 -130 -568 -181 330 -16 -447 562 456 435 -208 135 207 438 459 -198 -142 249 697 -755 -156 -148 -477 649 331 -665 88 -540 -477 -446 181 224 -634 -102 -326 -443 -51 -105 -15 122 415 ]
[-659 538 -564 277 -141 -496 569 -90 133 303 195 44 246 198 418 729 86 -131 70 14 -71 -760 543 -63 401 -129 60 320 548 -713 -736 -867 -160 -359 202 -150 -561 -576 -685 -169 121 371 -119 730 -263 -887 -322 344 -1368 -861 224 19 71 -278 1045 -145 -561 -1234 460 -283 958 -464 -496 -437 -484 1468 -612 25 463 -389 -892 951 -639 -153 290 208 371 -543 -353 -902 -201 768 635 -163 779 671 1239 526 -676 534 -37 -1312 -996 237 -1368 -448 557 250 397 -299 ]
[-642 529 -390 382 -5 -123 399 331 -580 502 -131 349 951 -11 -110 449 202 139 108 515 799 689 409 347 922 -752 -292 -618 762 -52 -336 13 153 1515 11 -188 -83 276 -113 303 120 699 812 36 397 -267 -711 5 -711 713 -20 297 661 28 -8 689 -898 -494 -509 240 204 110 -360 -670 717 -12 -588 -110 63 -66 8 -225 -16 243 266 -62 912 417 -243 -28 680 122 50 -735 679 180 1285 1347 -150 55 -420 -652 374 -270 -103 -132 -171 725 2 595 ]
[275 -226 451 -753 442 226 461 880 71 740 1145 140 -368 -527 764 90 -296 517 412 463 -345 321 30 -401 -586 -954 240 398 -294 730 380 319 -952 -191 -353 906 -150 48 93 -76 246 -123 -535 -135 -86 -101 71 189 67 -595 79 18 -679 -241 508 -1 -164 13 -906 378 -1171 -137 -184 -48 185 -1437 275 242 -45 -293 131 -1319 1085 -285 310 -783 -51 1196 693 868 -660 -136 445 -211 125 101 -336 -425 799 -96 -350 992 -42 92 -249 784 698 -225 116 667 ]
[-869 -189 -84 673 249 -539 521 1301 941 121 626 26 -230 -372 -584 463 114 710 -557 9 -954 215 1280 -58 241 -864 26 556 277 -601 -1 -67 -146 134 61 289 -944 305 -498 338 734 930 508 156 532 -153 -206 -60 -249 315 136 883 500 268 595 -304 -14 -823 -539 316 171 -8 -160 -149 -2 802 455 -208 134 136 -125 -294 -238 628 -116 510 494 -501 203 -402 -75 330 -937 154 377 -879 847 679 637 318 -569 -198 -79 228 71 -144 -139 645 -60 -262 ]
[-1090 635 -299 300 54 417 63 38 36 -270 -235 375 521 200 -932 -187 -319 395 -703 -105 -420 -97 129 -615 300 41 -1070 197 453 -38 -116 -197 457 -116 1152 -657 -653 621 31 719 542 -403 421 -11 -120 180 -417 13 -45 640 99 631 522 109 -186 238 124 -645 401 490 859 -189 333 227 302 229 -523 60 150 -57 729 711 -556 716 647 250 -425 -625 -110 -103 -538 98 -325 908 -184 -266 56 -104 -106 -643 -99 -531 11 149 -303 -1009 577 702 86 -751 ]
[1285 418 47 282 468 35 -471 -853 -437 22 -669 -846 231 -32 73 -226 -350 520 -240 62 320 84 -355 476 -429 236 525 -963 -690 199 689 -462 -177 -605 -1129 60 702 263 37 99 -644 -735 -697 -14 -143 660 223 -352 426 564 455 -306 731 121 80 -137 362 -567 -255 -272 -538 -151 -760 -93 11 717 -21 331 762 142 -475 116 107 300 116 -87 -179 94 117 -51 705 -148 293 121 495 715 -928 -895 -339 931 -154 122 -197 445 340 204 371 -630 752 349 ]
[-602 1351 -955 178 -486 750 -547 -377 -629 -78 -602 -4 368 -253 356 -83 560 -485 283 -371 44 319 427 -299 611 838 817 767 -375 1052 -368 662 -712 -205 -219 -1107 650 430 89 159 -695 -45 450 414 -1198 -77 284 -618 378 177 329 294 65 -31 -1092 -439 288 808 401 182 380 24 245 -64 -26 836 -392 -559 739 610 269 338 -670 267 85 75 -153 -196 -674 -1071 189 -42 207 -349 1199 852 -519 -1070 571 -435 743 -937 -108 -173 372 -870 -244 693 -310 -201 ]
[345 -160 -304 450 -877 424 752 228 389 -390 549 -318 -541 123 249 7 268 -24 -255 -784 -1156 -294 425 291 -287 -283 -45 733 -314 110 -118 -388 43 -913 701 363 -722 -670 -185 -139 62 107 -209 -367 -333 -470 -125 -166 -39 -1063 -62 -110 190 86 -304 -1560 -386 276 174 416 340 527 -360 -350 -311 759 889 -665 147 130 435 435 70 213 -278 717 743 -730 -464 -541 480 -123 -429 121 601 414 -41 -338 679 649 88 390 527 292 444 91 -164 -18 23 225 ]
[216 360 9 187 -542 521 154 -458 -99 -124 -97 156 -117 198 791 183 471 -537 -198 -87 135 -161 234 -494 485 606 206 -293 -771 199 -152 -263 -299 -465 463 -543 370 87 -186 68 -917 547 109 454 -714 401 383 -588 258 -176 -331 -576 464 448 -656 -503 353 738 242 557 232 -204 -31 -227 -71 -209 -486 -26 259 -707 -338 440 -74 -325 7 653 -367 -266 69 -662 693 -923 869 -734 940 381 -542 -659 805 314 902 -399 25 -719 99 -401 331 -361 -614 170 ]
[-913 530 -168 -780 -98 -398 -286 -73 -56 543 940 344 978 -461 261 563 1235 -409 -37 -965 488 293 -137 42 -20 -503 494 453 789 -396 144 -166 -348 568 -35 -88 230 345 -311 -252 334 -945 173 584 -686 271 -583 630 -1079 416 319 -174 766 16 -1305 735 17 -254 -124 -79 -603 -658 -26 725 574 -32 228 -152 558 1002 104 -393 211 -676 2 -478 375 -305 -1150 -60 633 -360 1328 -302 961 -364 755 -790 -36 -464 477 62 -346 -207 -74 -85 -205 763 86 -615 ]
[-629 -457 0 443 213 -3 -26 278 -638 127 -63 -235 9 24 -151 -320 239 15 -610 -382 545 -385 -240 -113 -135 -161 -224 198 -70 -159 166 825 293 -95 168 -483 4 -552 -140 770 365 -283 245 184 685 -86 128 -156 253 231 -437 347 1108 96 -483 74 -830 406 -424 799 542 209 -161 614 582 236 -24 -793 -771 -304 -674 216 -387 -337 -105 823 -574 -338 453 -301 -558 53 -508 496 -1062 -654 238 704 -104 -819 -52 -277 726 273 390 -194 -640 219 -82 -506 ]
[-263 -188 810 -757 337 -200 320 295 -99 381 907 1088 -46 208 -280 -820 13 201 389 -284 -711 -383 -712 -885 399 206 -1082 323 459 84 -520 -917 748 -198 849 881 -1112 -344 -170 -871 474 -401 361 -719 -194 -139 -131 -691 -476 -303 -486 1076 -99 -420 491 -101 -369 -50 -205 431 -652 77 508 -64 393 476 326 438 -128 -143 103 495 486 3 770 -266 441 -228 -770 238 -790 86 459 210 -640 -196 190 207 -359 110 -432 478 -23 -149 -602 59 474 -437 316 358 ]
[741 -494 100 -673 387 545 931 -60 -312 419 -103 37 -105 -222 636 -191 -478 -91 -329 -354 158 183 158 116 -586 -1 -605 220 -651 667 -422 -496 333 -789 344 349 -87 -608 -574 -299 339 -117 121 132 707 732 580 353 -546 91 -490 -325 497 -539 884 -267 -899 103 -219 -156 223 287 -296 524 404 401 -767 782 375 -929 314 381 445 319 -82 236 792 86 118 553 527 -406 496 395 590 241 318 363 -544 710 -547 88 487 -450 -930 495 309 -311 -409 47 ]
[-462 302 240 536 -452 -685 -1091 288 -887 225 674 -295 -175 277 -159 684 -119 -30 -574 713 69 -58 197 -118 -342 -145 337 -370 570 -101 -489 833 488 302 -151 486 -327 150 -365 345 284 -203 -350 67 209 -54 664 248 -570 129 136 -529 -475 -1401 762 343 37 -137 587 255 -193 71 55 179 -357 320 -318 381 93 214 -338 -211 -235 789 409 -236 -528 382 393 405 -1534 688 132 44 403 446 -6 735 380 222 -83 -395 66 -289 -425 -43 -175 -286 -102 2 ]
[355 -167 418 -955 135 606 -128 -305 132 792 53 -11 -172 786 553 -789 -215 21 -242 -727 661 -656 85 -148 442 918 91 1635 -438 449 -46 -421 -1068 109 -157 -447 448 -85 219 607 -20 -347 563 986 -460 -519 603 -328 528 26 452 -779 376 700 -169 540 -674 -346 -1439 321 -331 -603 -1545 392 88 52 -239 -642 -289 144 628 525 193 -609 224 -249 468 -137 198 230 484 625 -171 241 -1057 -1177 -95 -445 132 419 530 -324 -225 105 179 548 288 718 430 -562 ]
[-439 369 155 404 -682 621 -550 225 -163 649 388 718 -456 283 464 -297 -279 -162 -242 336 429 -5 176 -210 735 -31 269 295 332 -85 -771 531 -850 445 -290 -70 24 244 484 533 -23 -310 272 301 -185 -845 -110 230 448 -218 -483 -5 55 -174 163 454 466 76 272 394 136 257 -342 592 -13 -397 470 -1349 -415 192 -513 6 -636 327 115 209 3 -249 376 -542 -338 484 -469 -87 238 -437 -148 -121 840 -285 138 -89 153 630 762 154 995 -179 -203 -359 ]
[-292 -23 -313 -977 206 159 -202 -7 62 -79 -695 -95 159 -425 -14 -240 -19 -957 -257 62 749 460 -443 63 76 422 -786 -246 78 -1177 -329 -68 309 -99 316 -138 135 328 57 -473 439 -420 443 14 -11 462 187 363 -505 51 -418 262 -535 477 -185 -70 538 305 582 -409 -684 479 645 639 -336 -148 -18 430 -497 -134 -612 -34 -772 47 -502 540 -197 264 -594 23 823 908 -112 385 -274 -218 -340 349 -808 -392 -18 395 -298 115 436 378 -820 -366 152 -758 ]
[-489 509 -447 333 -82 -378 -18 -61 -50 27 -157 -243 32 188 -182 -19 54 466 -722 -888 -460 -14 572 -222 -195 333 -348 554 214 5 532 507 462 1037 507 -360 560 221 16 679 154 739 1106 -804 -220 16 444 120 236 466 40 -189 1274 378 -524 -382 -647 -317 -463 -20 -251 -39 -302 -578 673 369 -442 -748 -16 -225 341 295 -527 -8 -746 -74 700 211 -129 222 10 191 -609 -624 -557 -756 -4 -351 540 7 786 -198 733 44 427 -735 -576 1119 122 -301 ]
[-219 -548 -446 877 693 -88 342 -454 -49 -22 -294 -688 -149 77 -306 -240 103 797 -96 607 150 393 234 -124 -24 94 293 390 550 -304 476 -1039 230 -683 310 428 162 -89 -148 -206 -178 -533 -894 63 -352 763 -43 -976 658 281 -273 -17 1466 -56 -251 863 242 -164 -600 108 194 -1161 822 925 -24 -33 79 -582 -477 32 -349 -152 -137 381 -555 -354 -573 -236 -857 -193 1201 225 347 -290 880 106 -690 -425 506 -401 50 -257 -339 102 14 -270 -87 -660 196 -551 ]
[242 132 -52 -75 1443 -716 -428 -73 385 65 -310 12 228 15 187 152 -238 -222 -22 33 177 -394 312 319 16 -88 38 -574 -645 796 229 148 194 142 -24 -647 1348 -725 456 169 -98 -440 408 147 -632 309 96 101 -263 800 -220 -925 420 260 -289 209 -176 -614 -1112 93 -602 -165 -283 -199 530 -275 -501 -628 -2 101 422 316 76 -439 -32 307 -382 406 738 302 982 -302 1119 -1075 -67 151 -234 -494 -199 -326 1093 245 152 149 578 136 -872 472 -241 199 ]
[-833 -154 601 91 -296 30 323 -178 -272 121 148 -400 589 -233 448 -22 159 -200 -275 186 721 -690 -336 312 154 -278 353 -571 -113 -528 -267 277 346 -711 128 244 60 -88 411 -155 -45 221 -12 -913 494 534 368 269 120 90 -483 -417 536 -452 -285 279 -375 523 -623 -177 968 -687 -336 583 846 52 -560 -41 484 -103 288 -130 -30 -852 -184 -182 117 -171 -897 -214 879 169 232 170 419 226 -745 785 -47 -664 164 128 -131 -136 744 -262 -717 373 376 112 ]
[223 -297 272 -641 -209 -298 -669 -795 -384 903 -145 156 -57 426 710 -181 -208 -498 239 -46 -531 219 507 -732 -202 258 -64 683 248 269 -269 -14 -15 602 25 140 -23 -201 -560 -499 -263 227 -705 1229 -290 -420 229 -129 8 558 -570 -317 105 -1066 154 607 122 870 612 -383 104 181 -184 97 98 117 -493 -420 202 276 305 634 -234 655 -245 298 -208 -85 -652 502 -283 -505 547 518 163 -19 72 -600 -402 -244 552 -247 1139 -404 136 -512 -291 150 -364 473 ]
[-322 -190 -507 -529 -93 836 -644 -440 6 243 668 645 77 -1014 -251 -412 632 -408 321 -791 -207 -129 -246 494 1355 -223 -572 0 858 -225 677 -471 709 1141 583 889 -466 511 -573 -576 136 263 179 -170 510 -21 -542 305 -1089 370 -397 442 653 -59 -203 -157 -15 106 124 331 814 -403 -330 85 1021 740 465 -574 -9 -46 755 661 -273 -508 -68 -216 416 -553 -573 -592 716 -786 -768 98 559 -248 1046 407 -251 -42 -200 401 32 29 -199 708 -569 461 -338 95 ]
[258 -113 -495 782 926 208 774 270 -260 114 -383 -195 -166 670 -425 194 262 393 679 778 -102 320 615 402 -144 -872 -10 202 874 696 -279 122 661 34 360 -821 -326 -93 566 -153 827 543 -364 -1208 36 -507 286 547 884 -937 -446 -167 399 -442 327 -188 -69 -958 -692 157 982 -371 297 877 -45 -833 575 -951 67 -269 -578 -535 -493 1213 -371 -506 105 352 570 -242 -230 413 -108 -1001 -57 544 -24 13 93 -266 423 -108 3 140 82 295 659 -10 367 -77 ]
[-505 556 -15 587 147 -599 87 -641 131 219 444 -342 192 -141 -457 107 -493 247 -261 -481 -114 474 544 -84 -223 -52 -22 -18 735 427 661 -316 230 156 91 393 94 242 56 -645 -335 64 -64 -186 834 -384 -226 -77 -199 435 483 14 302 -351 368 433 -374 -664 -484 -735 255 -262 -821 19 258 287 535 240 44 290 -686 263 -157 -33 338 -619 -57 -613 -239 516 62 519 559 -563 364 41 -256 -517 30 409 -763 -141 -753 447 258 -93 250 144 514 137 ]
[89 261 47 571 863 -1251 -637 548 204 503 -428 -305 214 -361 210 443 -393 676 -314 -23 -91 -220 -252 -564 -79 -1360 -91 270 685 341 71 154 428 497 -872 -373 -148 -55 -42 328 258 -171 1229 -1003 636 -58 2 -32 57 69 130 675 129 45 -335 593 -486 -334 282 334 -76 -291 -194 -203 800 103 1613 -181 99 -275 391 -66 226 -177 -757 -131 71 56 659 30 124 -37 -92 -270 99 -33 165 211 -411 898 -313 633 -444 295 630 458 172 243 659 -286 ]
[403 -150 126 138 153 244 143 -158 220 308 -312 -1174 -443 311 711 221 299 14 130 729 -503 -448 -236 -242 200 -495 1095 76 -692 -133 -140 -333 -513 -625 -966 -841 514 729 -219 339 -76 146 -27 -459 168 -326 658 -818 542 -974 34 113 620 -483 -49 252 616 646 25 -240 885 14 -401 7 -133 428 395 -954 16 20 804 -341 120 -70 -318 510 -101 198 267 -947 257 -892 289 -608 961 455 -477 -638 458 819 -266 250 -454 225 669 -80 148 96 -767 325 ]
[-12 -398 -1 73 72 256 251 591 214 189 -61 358 -131 632 164 217 205 220 235 -475 -19 -64 23 -447 -488 82 -499 550 -14 519 201 229 215 -386 193 -233 -561 -781 -209 161 389 572 197 -461 -37 248 437 -136 -125 -711 -533 -91 -279 -408 425 -675 -312 406 505 752 407 -345 479 -154 -752 -172 -104 -547 41 -740 -503 41 -172 195 73 263 -1283 236 1670 21 -1709 -432 -426 291 -1057 -121 -117 -867 8 -448 -233 -44 697 64 -427 -333 255 -78 -918 -271 ]
[1000 -351 138 -321 112 53 295 406 567 -306 6 22 -294 249 -706 -643 676 59 367 -316 26 238 378 271 -117 213 -490 -399 326 334 -308 -235 522 260 -173 915 242 908 732 -341 585 -134 -322 -863 715 501 451 977 -49 -1137 37 136 159 334 588 -19 289 -855 -114 144 -158 236 -115 504 -55 430 567 -121 -264 -426 -590 686 -283 675 -8 -493 -272 -416 67 134 215 133 -750 195 -623 -503 267 -221 -150 44 -780 -16 -291 -304 -255 578 582 -196 -556 -1088 ]
[93 -86 251 -223 409 -527 -613 135 323 -42 -197 64 182 -270 -383 211 56 122 206 1134 353 156 -690 177 252 -261 679 -874 500 -108 223 39 834 698 -421 1254 244 -12 342 -179 118 -336 -99 -144 266 788 -131 78 480 766 387 417 24 -76 -177 671 102 -450 -245 201 -799 437 317 372 81 -80 1 1226 244 483 -763 -548 -236 820 377 17 -71 49 -177 75 -550 244 -299 133 -564 -65 -385 567 -241 -116 -528 -511 109 -85 -344 -3 -222 -519 476 -27 ]
[58 40 -382 -303 549 20 183 -90 -729 1092 -439 37 907 -942 158 -294 168 -447 723 277 512 648 -400 362 19 -433 -443 -41 1113 483 -205 -248 1067 421 -76 278 103 37 -725 -349 -617 496 250 -135 378 470 -124 -761 -316 144 -397 1139 -174 -360 -682 250 -573 573 1 288 28 544 782 -404 612 280 259 275 13 -19 -408 352 179 795 246 229 573 -724 475 60 -356 -828 440 -148 289 1146 299 313 -993 131 -692 -274 -3 -18 154 152 274 -68 -187 186 ]
[748 75 -228 689 -200 -81 455 -624 479 87 205 -695 -290 160 235 -247 -206 638 360 445 -220 -1626 -496 -90 -132 -205 247 -554 -245 561 -370 -228 474 -618 192 -235 397 -385 566 -35 -515 310 173 -1027 443 -22 -145 -235 -679 213 -476 -293 687 263 281 71 -707 -63 -560 805 606 -519 123 -323 270 -73 663 -451 15 -383 412 692 617 573 -490 98 -412 -107 38 4 -776 -1012 -207 -748 -98 630 47 143 822 132 63 312 45 -238 -248 -523 1081 -138 -819 795 ]
[-151 113 -338 -795 -73 895 -152 -194 538 156 -110 166 -285 444 19 839 363 -513 423 -417 730 -162 55 -455 610 166 111 772 690 -361 -361 -832 -337 -223 -261 -522 173 208 -529 -244 424 -1258 2 -150 -64 -337 -126 223 -239 -602 -343 -63 -219 137 -240 -501 560 397 822 -658 10 417 194 520 -247 297 851 4 69 419 472 76 194 -97 -119 731 -191 -442 -830 -204 326 -320 -51 21 233 55 -31 -1084 270 469 -501 -196 -396 380 -188 -456 434 194 -381 -878 ]
[319 664 -346 -766 -669 -652 -245 626 691 777 -54 -118 470 -14 -382 111 549 581 -207 -414 -2 250 -577 353 -94 -222 -167 -411 385 -347 380 115 -303 468 -216 26 -239 971 867 -37 628 -1043 -151 -412 388 705 -58 921 170 -702 497 865 -124 204 -346 527 29 -417 -89 441 -441 -97 -451 -382 160 -211 535 -345 -253 1012 -1 206 905 121 -352 -386 972 64 -803 870 406 172 -1221 206 317 -156 -585 182 -114 -144 -264 -285 384 -201 158 141 -466 146 -60 -446 ]
[257 -158 228 -183 -124 172 -597 -109 -257 1326 490 211 149 -628 1502 -146 -80 -436 160 476 117 -183 1603 -928 -117 -682 949 669 -368 574 -658 -644 -162 550 -408 18 494 -121 -570 -951 -313 272 352 -262 -1004 -785 154 -129 -103 -521 -668 388 163 78 569 -292 207 -221 -232 276 -1044 -120 -117 -528 585 505 497 -274 792 -316 102 -563 -1062 -34 -341 451 825 764 147 152 273 -262 875 -875 1670 -105 83 -678 504 845 91 672 -248 368 171 115 50 -65 -107 632 ]
[202 -425 -303 -483 312 431 818 -146 80 -465 -392 177 539 -833 810 -100 586 -108 -656 -475 -603 276 -381 -2 -104 171 -697 1088 -232 1203 773 -631 -433 444 -448 -459 -303 -392 -312 -205 -545 676 292 553 415 -100 -691 -732 -154 472 454 488 141 107 -665 540 81 45 -274 117 -241 451 -416 -509 756 485 -267 219 108 -107 946 493 -117 -294 -38 -134 307 -716 581 -365 596 -21 -177 839 -267 -83 580 37 -1141 -9 -77 49 1200 82 -167 837 -1140 -131 -319 525 ]
[456 -154 -482 -274 572 -361 282 -20 56 -34 593 -101 -651 163 308 160 -41 250 455 71 -62 -1124 448 -228 -469 667 -557 162 19 238 43 -23 99 -96 91 -367 114 -379 84 -255 840 -91 17 -220 -100 -402 200 363 -426 -1495 -207 297 -775 -7 813 -225 -585 57 -83 259 -34 -1092 553 -58 87 -79 -415 727 -198 -563 -29 237 252 -369 -540 -451 -487 1070 9 664 -400 974 -155 521 -677 593 20 3 323 -829 -380 -38 -27 -246 -996 120 638 184 229 -228 ]
[-645 68 76 -256 -363 -413 57 499 -83 479 13 961 -509 939 -545 -566 -3 14 -77 -411 671 189 -318 54 358 -498 -469 492 568 97 -119 430 294 176 -169 309 -175 399 354 310 268 847 -129 -446 80 -369 741 -14 -313 -11 -701 -595 132 19 119 -154 152 857 -439 50 -381 816 97 329 -132 165 49 -228 166 -681 1167 -448 336 -183 426 203 278 383 38 0 -831 -518 35 -65 -1212 -38 820 -79 -261 -222 -271 333 1223 -235 872 389 -639 -69 -781 638 ]
[-114 -204 556 550 -83 106 304 1051 175 -782 409 1146 466 538 -668 -115 238 462 742 30 -713 -1258 -759 -648 1022 -404 2 -311 663 -384 -108 65 565 690 277 -393 -271 39 960 275 1400 -395 954 -776 141 -744 -782 460 722 1 -408 304 289 -220 345 399 -408 144 689 537 -241 0 -104 -532 704 -365 1061 224 8 333 144 -230 -137 353 318 6 681 857 -204 676 -826 -301 62 585 -319 -460 96 599 -865 -46 -120 820 75 495 749 225 1211 -494 -555 64 ]
[-100 587 -269 17 157 -785 538 219 -503 -442 208 6 -145 318 -900 -166 584 -246 869 -562 -141 658 0 584 -266 391 406 -737 316 343 120 556 350 -345 -345 218 209 817 35 -302 -7 403 -269 10 798 151 957 270 -572 -253 287 -386 129 -832 870 -354 -526 353 137 -990 255 -86 -200 39 -399 359 -725 837 178 -271 -588 24 819 327 374 -944 255 88 -1008 449 -161 -90 562 -1164 1060 741 199 470 -21 229 100 -655 -890 -1223 -352 324 -46 -337 -168 289 ]
[492 147 -75 -220 139 -510 -663 -95 9 -262 135 363 60 -252 342 369 149 412 746 365 -1166 -374 551 -480 448 -470 704 251 -91 -580 216 -375 80 817 -738 56 -214 66 -802 -640 -11 1073 -625 226 -235 -718 -168 103 615 357 -154 580 -58 -313 267 429 472 -295 -172 312 219 -134 89 -476 278 212 552 -45 386 -179 -464 246 -617 450 -515 380 219 -259 -1049 -179 -79 -448 498 -25 369 223 463 -394 -43 331 715 226 -81 -536 1 -201 255 283 -34 1193 ]
[-239 352 389 332 -919 -347 -207 570 168 -704 388 -361 -139 -44 268 473 -109 603 -620 354 -1061 -589 -365 201 -359 -346 -239 688 -232 -335 643 245 -1200 730 663 729 -700 523 -666 92 188 -376 -919 -347 292 195 -48 294 113 213 624 -37 847 -7 453 106 625 -782 -446 298 -251 -265 -180 378 350 -751 1628 -860 -336 311 26 -691 453 229 205 -1370 336 4 -343 -199 -342 68 -178 -33 450 -56 -71 -517 432 -235 346 1269 -61 541 215 66 -361 166 -46 31 ]
[238 -307 -310 -83 -348 -153 131 -866 -575 -135 587 -34 -859 756 268 92 588 -247 1078 -80 581 92 -610 211 -215 746 -335 912 410 153 -526 67 -269 582 390 97 125 344 -768 -706 -454 166 -494 355 -360 -647 608 -665 -607 -508 193 -259 -126 157 -167 -130 -323 912 122 -783 -571 -2 934 600 -529 -650 232 442 -766 332 537 -753 777 494 186 -169 -433 489 141 289 -467 217 160 -661 -864 126 464 -316 1388 132 -250 168 116 -139 81 670 308 77 -493 330 ]
[-461 634 -205 -421 600 -1051 -135 222 -23 893 -532 657 192 629 179 -98 -371 380 689 -360 -109 530 438 -180 580 -584 -556 428 162 -142 427 1081 -242 408 174 -749 -27 379 871 538 266 625 695 109 508 180 253 372 399 891 -116 1059 609 778 -399 260 126 -427 -291 260 186 375 125 511 384 -504 449 -359 30 50 -264 -561 272 -20 -193 541 -125 433 -220 492 -14 -56 731 -304 -570 -471 92 -135 -332 70 -237 -215 -456 98 725 -362 -426 193 291 -526 ]
[560 281 212 280 -668 -579 -688 -525 -367 75 -344 119 -115 217 396 246 902 143 148 11 -708 399 -205 -583 265 417 460 343 360 202 325 763 -1459 1276 -463 -150 1276 848 448 -100 -585 85 -492 831 555 -565 523 195 468 198 147 46 728 231 -513 1214 237 -43 38 -283 -255 -467 95 519 -385 -596 512 -559 384 491 -185 26 -19 454 -401 -251 -560 -697 -119 -440 -549 -755 1031 -195 -767 -474 -5 -936 59 -159 642 -639 99 -348 441 85 -273 42 -499 -24 ]
[-481 812 340 -517 -908 -214 321 824 -99 -517 338 -321 -543 548 -251 169 -482 -219 -215 -354 -28 -14 325 -568 -728 -84 129 103 -88 768 -314 267 -352 -664 387 -420 209 -893 284 268 750 28 -215 -183 363 -302 291 436 132 -270 54 -814 -149 -949 601 -513 -532 489 95 472 447 -345 -645 -275 362 -416 167 -796 -234 -368 670 -65 725 -204 -68 -341 -116 839 -330 601 -201 513 -321 -923 187 358 -250 -164 403 52 733 115 -107 -753 194 -212 -310 705 26 419 ]
[-255 -319 125 -611 164 -945 -773 431 48 380 161 -110 481 47 394 29 -270 563 430 250 -25 -508 145 119 -279 -784 1119 489 -394 -14 -24 -33 561 402 -381 945 260 -223 -25 -709 -525 146 -429 -230 -905 226 343 -121 826 936 164 -618 -286 235 47 -55 -12 9 -1033 351 -789 -132 382 339 341 -345 107 1019 -315 418 309 -200 78 -48 -113 -327 -81 611 -354 -340 -68 -403 698 -393 525 120 -106 -253 1483 823 339 1011 -527 -237 290 -435 -137 -367 37 871 ]
[-208 247 -174 234 -803 -52 360 179 221 83 416 -245 54 614 433 -127 152 -348 -392 128 -241 -45 -245 -391 1051 230 -33 162 -414 -288 -285 148 68 573 451 -207 601 -1142 -70 305 448 325 946 434 471 -718 509 -129 152 277 -61 23 396 214 24 480 -663 256 -976 275 -238 604 620 223 409 225 -768 -546 135 376 709 164 -419 -566 779 454 802 -88 -882 58 774 -184 296 -531 269 -627 572 -69 218 438 306 -262 657 -129 987 -377 -1680 439 -26 815 ]
[59 900 -367 -28 -759 -347 -519 -13 -214 -1376 266 593 157 -232 -166 526 -221 90 159 809 -932 508 594 -943 -467 98 502 -210 -898 126 -143 435 -443 604 -281 355 245 -12 669 -317 -25 -369 -1115 742 -150 -130 -252 741 912 -30 186 -219 -1328 -97 469 113 941 -329 1091 -220 -918 -295 586 -4 -396 -709 206 493 -161 -6 -669 -509 -519 513 294 -738 -829 845 -741 445 -590 796 273 193 1500 428 -582 -311 1128 -164 167 636 -113 -153 180 357 390 -196 -47 -19 ]
[-665 174 389 734 -273 -186 -280 -362 -179 -30 -625 -160 -34 -186 -1006 -352 -1229 -471 197 797 666 185 -373 -49 211 136 -102 -1195 -408 184 30 520 287 598 499 -908 -499 -463 509 72 -454 117 193 -135 1312 -185 51 -255 254 727 147 250 -1271 -512 836 -61 -292 981 305 -398 835 554 -224 -544 37 -639 491 501 -474 316 -483 652 -17 -692 489 99 393 -392 -442 340 -52 272 -872 -4 304 136 379 1604 218 47 63 169 -460 111 455 17 300 -18 695 177 ]
[-868 676 486 421 489 60 -431 -991 -162 -842 -7 47 -512 569 -754 -346 -1265 -8 -342 108 640 -616 -245 532 456 585 -311 -582 -879 -2 -378 177 -69 177 631 -1068 -1066 -773 586 257 -860 -543 161 178 701 554 -306 -108 591 461 -633 87 -619 329 336 -556 55 887 -331 -151 1182 -402 20 735 208 -95 184 461 -159 -68 -17 -49 340 -626 -331 276 -28 -531 -275 -469 119 346 396 -45 31 37 -246 171 1032 85 -176 486 -1208 135 -163 325 -325 6 551 -265 ]
[-869 634 504 923 -449 53 -36 494 536 19 697 -555 -645 328 -710 199 -549 137 -808 -593 415 -90 -579 337 -466 775 798 -455 -410 -803 592 692 -850 -922 -294 336 139 -51 108 462 -656 67 57 551 -375 -501 -154 -382 259 892 1186 -646 -157 -366 77 207 130 324 -156 -128 -156 -356 -346 -263 -264 -270 -1096 169 -128 821 -424 -512 989 -974 476 -1321 -521 319 920 1149 -346 562 -193 -473 214 -1046 -452 -464 87 -639 34 417 225 335 505 -479 -743 -673 -153 -209 ]
[427 161 -594 -468 -397 497 -177 721 448 127 837 54 -568 221 301 -413 -206 -332 -260 -6 -533 130 250 583 -181 -176 405 111 -704 204 -358 460 205 -214 -271 -116 55 587 522 221 280 -485 -198 -735 -504 384 391 944 -59 -302 -445 -471 -776 147 518 -780 1126 190 -944 -344 -9 662 149 401 -160 281 -221 -268 536 355 519 -834 22 -574 209 303 271 1170 168 -205 75 -73 -92 450 637 135 -369 -767 74 89 -476 438 -121 121 497 580 159 158 -720 -169 ]
[695 -405 470 -65 158 -285 311 -39 484 533 -531 50 663 136 562 411 73 -738 957 872 -306 -94 -47 -959 149 -710 217 81 231 -322 24 -141 -587 -781 -986 -204 492 -588 -12 -329 -771 254 721 44 -955 -598 -14 -951 -607 532 -294 -518 -651 860 -478 -169 279 150 438 185 -985 487 532 -385 -644 207 66 -179 -303 215 142 -305 226 376 -138 984 -980 328 288 -508 599 -1106 1165 -781 -438 -90 -111 -737 88 1039 0 434 -458 495 639 -673 -479 -151 -53 169 ]
[208 192 -9 751 -42 -1045 -418 -45 278 -666 39 620 279 -216 -21 152 104 267 -236 -284 -550 118 287 -137 -228 127 -803 553 -147 -137 -267 131 -416 679 -596 -488 -148 -82 -610 -842 46 170 130 -855 -593 -938 -387 126 -92 -58 199 264 -471 -393 72 -121 194 -635 1067 -625 -577 -7 723 -186 265 532 -87 450 779 -196 456 -53 -590 390 186 -53 271 201 186 -476 -356 -109 96 610 214 335 345 -1006 -71 37 -544 209 823 393 -510 -368 -304 952 99 -26 ]
[566 -643 -157 -211 1239 203 549 416 204 -698 -535 -235 -95 119 -135 -379 -343 468 653 -227 529 357 460 1059 -475 -249 -475 -959 308 -359 194 -204 688 -228 -73 734 -882 -633 -237 128 -179 688 -248 -301 -374 427 -17 338 641 -179 -761 54 -186 390 -138 -411 92 31 -1212 -19 -14 -523 -86 -505 23 -290 40 111 -569 -739 -1102 -104 561 -475 -402 629 -4 394 499 335 638 98 -1001 420 -901 57 104 243 -507 -436 -489 254 250 -247 -820 578 -241 -265 330 -306 ]
[-331 -652 273 -632 -30 32 -377 -165 -156 1124 -398 128 534 -403 714 317 -652 -841 -722 147 328 317 163 435 -984 -300 -504 743 -234 -416 -292 563 -289 -429 -769 -14 454 -351 -319 472 51 -533 -44 778 504 908 658 314 -985 -96 -492 -616 69 249 858 -179 -214 860 -322 -653 252 484 97 437 -664 381 -949 351 198 -311 -373 410 -35 -372 -136 548 -433 -365 35 -569 143 333 217 874 51 367 27 339 -671 -827 -211 -329 282 -213 -188 418 -332 1049 -9 -476 ]
[222 195 362 338 271 133 255 -532 -230 -676 476 324 -577 547 -239 -242 -140 -101 -77 522 -270 -298 27 -600 73 1054 -261 441 -616 184 -305 -410 -346 -600 1166 -612 334 -189 270 -480 -452 -20 -1122 -566 -8 -456 -211 296 658 -536 -447 -1077 -67 219 886 -431 592 3 612 -37 -225 -332 267 621 -542 -411 -182 -45 724 -552 -710 267 -827 53 576 -192 -924 -803 362 -502 -496 33 1231 -470 -54 353 -405 -1301 273 -307 154 -237 -583 32 -430 -556 648 -378 -404 -873 ]
]
