[[10087349206428657750495331880157690608212216034536492010582611178483364712146461847295694652292210370649466411510202924540415861597493632325149836364216344989248628779513520627225298391026794616197348109558635968505503438009510799223419962479097570106484475127650892848585026797385766659405228652787685141060334754607 0 0 0 0 0 0 0 0 0 0 0 0 0 0 0 0 0 0 0 0 0 0 0 0 0 0 0 0 0 0 0 0 0 0 0 0 0 0 0 0 0 0 0 0 0 0 0 0 0 0 0 0 0 0 0 0 0 0 0 0 0 0 0 0 0 0 0 0 0 0 0 0 0 0 0 0 0 0 0 0 0 0 0 0 0 0 0 0 0 0 0 0 0 0 0 0 0 0 0 0 0 0 0 0]
[3566221266575745939423111802540632293106861965227583881385036718680359427616435682955585157789045744754353151077561878793269139845221391284762830607000701247085930599170214553596718334144472377069594216984693044287297990621197205684928743998740442526592191578642617271145396350520651316175173681771831161088435173794 1 0 0 0 0 0 0 0 0 0 0 0 0 0 0 0 0 0 0 0 0 0 0 0 0 0 0 0 0 0 0 0 0 0 0 0 0 0 0 0 0 0 0 0 0 0 0 0 0 0 0 0 0 0 0 0 0 0 0 0 0 0 0 0 0 0 0 0 0 0 0 0 0 0 0 0 0 0 0 0 0 0 0 0 0 0 0 0 0 0 0 0 0 0 0 0 0 0 0 0 0 0 0 0]
[6386263948934991031125565772501706711230027624710736963355162717042837830203103289494528357337937371622764112154374232579230311290757074332124470946325440114008081569082720767978037279391298241392700757981836701550759007645419224371471525979933207427017349531142208964568268961287263160709084176067348178969216254183 0 1 0 0 0 0 0 0 0 0 0 0 0 0 0 0 0 0 0 0 0 0 0 0 0 0 0 0 0 0 0 0 0 0 0 0 0 0 0 0 0 0 0 0 0 0 0 0 0 0 0 0 0 0 0 0 0 0 0 0 0 0 0 0 0 0 0 0 0 0 0 0 0 0 0 0 0 0 0 0 0 0 0 0 0 0 0 0 0 0 0 0 0 0 0 0 0 0 0 0 0 0 0 0]
[7265113172036152059421185463864351280890897304791152966446242229319070829063488635321821130170835841419100595006216666257319392965641843839352279401446544950325524415390433791469802652416649945270173626590157817569068801369581755718491782343342033093583810972142308002540759406049098242893081384776957790983555323684 0 0 1 0 0 0 0 0 0 0 0 0 0 0 0 0 0 0 0 0 0 0 0 0 0 0 0 0 0 0 0 0 0 0 0 0 0 0 0 0 0 0 0 0 0 0 0 0 0 0 0 0 0 0 0 0 0 0 0 0 0 0 0 0 0 0 0 0 0 0 0 0 0 0 0 0 0 0 0 0 0 0 0 0 0 0 0 0 0 0 0 0 0 0 0 0 0 0 0 0 0 0 0 0]
[529693791426560388015441156165208411127538706092960702921844912555472481472290416203848966605877850494129699161620130004142277167565637356445949193780495740817644213782409240793776393411847583487778737679187114714724032318020615807728055249575595948134685030471742650454913383907257019960689822309673044877557780650 0 0 0 1 0 0 0 0 0 0 0 0 0 0 0 0 0 0 0 0 0 0 0 0 0 0 0 0 0 0 0 0 0 0 0 0 0 0 0 0 0 0 0 0 0 0 0 0 0 0 0 0 0 0 0 0 0 0 0 0 0 0 0 0 0 0 0 0 0 0 0 0 0 0 0 0 0 0 0 0 0 0 0 0 0 0 0 0 0 0 0 0 0 0 0 0 0 0 0 0 0 0 0 0]
[1838402830229636882430470977297180869263232198627191967598250898160839450532118714549044750420834682699412092438167019020541544852176295707967926193811835591256159779919802268081117786340876468283453294326844250243784244142184793151829896639919647286059363546974293224501044592280682680106267755888767632873792173678 0 0 0 0 1 0 0 0 0 0 0 0 0 0 0 0 0 0 0 0 0 0 0 0 0 0 0 0 0 0 0 0 0 0 0 0 0 0 0 0 0 0 0 0 0 0 0 0 0 0 0 0 0 0 0 0 0 0 0 0 0 0 0 0 0 0 0 0 0 0 0 0 0 0 0 0 0 0 0 0 0 0 0 0 0 0 0 0 0 0 0 0 0 0 0 0 0 0 0 0 0 0 0 0]
[2564109940377395989336702374633516195123628051995649884505234907347925107625250501106135591446126499394557020506634584497389863748121680784022934922707921614145768384414976813273425827522470319602516718175205749661276176680926963910102301529608933233555671651554550834080587137280559175241968578226064466605650077377 0 0 0 0 0 1 0 0 0 0 0 0 0 0 0 0 0 0 0 0 0 0 0 0 0 0 0 0 0 0 0 0 0 0 0 0 0 0 0 0 0 0 0 0 0 0 0 0 0 0 0 0 0 0 0 0 0 0 0 0 0 0 0 0 0 0 0 0 0 0 0 0 0 0 0 0 0 0 0 0 0 0 0 0 0 0 0 0 0 0 0 0 0 0 0 0 0 0 0 0 0 0 0 0]
[2274898353077608313872064000939167502082007790547287601347598149046943533111362192459555415177825858386617131368422636384202848397196969606386033610944496235800896041703040364388334051931966101073022071629315034828560195315811978901932705887121663160660451353989218841088962715367436969065163851721860077458868168201 0 0 0 0 0 0 1 0 0 0 0 0 0 0 0 0 0 0 0 0 0 0 0 0 0 0 0 0 0 0 0 0 0 0 0 0 0 0 0 0 0 0 0 0 0 0 0 0 0 0 0 0 0 0 0 0 0 0 0 0 0 0 0 0 0 0 0 0 0 0 0 0 0 0 0 0 0 0 0 0 0 0 0 0 0 0 0 0 0 0 0 0 0 0 0 0 0 0 0 0 0 0 0 0]
[9361544878404141854284582989953134187805912011450884945791599300092356383402494458753169657960612796159947944216611071892967451837270763303991404440601901022411494303140041132308555168896715929338461931798260549463209177407583018193932412361873422714085434218866858571262266660973874261531775209861254536612517863751 0 0 0 0 0 0 0 1 0 0 0 0 0 0 0 0 0 0 0 0 0 0 0 0 0 0 0 0 0 0 0 0 0 0 0 0 0 0 0 0 0 0 0 0 0 0 0 0 0 0 0 0 0 0 0 0 0 0 0 0 0 0 0 0 0 0 0 0 0 0 0 0 0 0 0 0 0 0 0 0 0 0 0 0 0 0 0 0 0 0 0 0 0 0 0 0 0 0 0 0 0 0 0 0]
[1435488341565291104489127779366679030694961120145172629966108546186434711695274979290330574008656001611297956812010731946635667899937356855488198741099615801839801903530957046722124625016520265712389444396913791314524464064641208653922385422619489478753721607733286850187307097044115879095733866612970487097696843009 0 0 0 0 0 0 0 0 1 0 0 0 0 0 0 0 0 0 0 0 0 0 0 0 0 0 0 0 0 0 0 0 0 0 0 0 0 0 0 0 0 0 0 0 0 0 0 0 0 0 0 0 0 0 0 0 0 0 0 0 0 0 0 0 0 0 0 0 0 0 0 0 0 0 0 0 0 0 0 0 0 0 0 0 0 0 0 0 0 0 0 0 0 0 0 0 0 0 0 0 0 0 0 0]
[3018719587827409864487601678575210163247386130890028879691949450304157969501280727061446566630770491199194232496902845329919724021033704081465218541891898542611180495468900576768562274333716250137904906289542241950063373866791257058215249985500971843501345581414074402902994459278871658531737272230321048073775079954 0 0 0 0 0 0 0 0 0 1 0 0 0 0 0 0 0 0 0 0 0 0 0 0 0 0 0 0 0 0 0 0 0 0 0 0 0 0 0 0 0 0 0 0 0 0 0 0 0 0 0 0 0 0 0 0 0 0 0 0 0 0 0 0 0 0 0 0 0 0 0 0 0 0 0 0 0 0 0 0 0 0 0 0 0 0 0 0 0 0 0 0 0 0 0 0 0 0 0 0 0 0 0 0]
[2757066002757946266086615802829581440041033852589911810857704084928627936140223348458669842543126448715281366236438456642354043424187257745426931220733748616532453466623382390610135383334114908146920382493135524244327613996961819317546813950103672657491197082086401901847262304911283237480067371503187668737450907131 0 0 0 0 0 0 0 0 0 0 1 0 0 0 0 0 0 0 0 0 0 0 0 0 0 0 0 0 0 0 0 0 0 0 0 0 0 0 0 0 0 0 0 0 0 0 0 0 0 0 0 0 0 0 0 0 0 0 0 0 0 0 0 0 0 0 0 0 0 0 0 0 0 0 0 0 0 0 0 0 0 0 0 0 0 0 0 0 0 0 0 0 0 0 0 0 0 0 0 0 0 0 0 0]
[6111713604694466767675503598437937880476521537743828462568064855553911281631603854110124898839255074768552055049111993912515662810263900752463211913678140583354077136209996597264586186737975737918080307735859430411650965086824933455847818754383930496498206493289122111935075527556702057983867059105866249418638401489 0 0 0 0 0 0 0 0 0 0 0 1 0 0 0 0 0 0 0 0 0 0 0 0 0 0 0 0 0 0 0 0 0 0 0 0 0 0 0 0 0 0 0 0 0 0 0 0 0 0 0 0 0 0 0 0 0 0 0 0 0 0 0 0 0 0 0 0 0 0 0 0 0 0 0 0 0 0 0 0 0 0 0 0 0 0 0 0 0 0 0 0 0 0 0 0 0 0 0 0 0 0 0 0]
[1126425693335752177977733591153120817623788890350582683358457512228842750454623440188231948160916441816164354743419660758009562456311916791056419816844727542807402872709347527991934940432243987712484580678846879498334073870088493013114251045301106099184847212911464870498321972584865916696931001259947167354930804155 0 0 0 0 0 0 0 0 0 0 0 0 1 0 0 0 0 0 0 0 0 0 0 0 0 0 0 0 0 0 0 0 0 0 0 0 0 0 0 0 0 0 0 0 0 0 0 0 0 0 0 0 0 0 0 0 0 0 0 0 0 0 0 0 0 0 0 0 0 0 0 0 0 0 0 0 0 0 0 0 0 0 0 0 0 0 0 0 0 0 0 0 0 0 0 0 0 0 0 0 0 0 0 0]
[6194663783303288169681383787127607962272813400867432930124449071180139719560989614190864354384555489824718218763222180756564398527114387337104619503976050379866739649812784139410818315497566009888898267077499409444857744004435383331459075610948566926388346511813803488039092067962026868825941211764516405718758337465 0 0 0 0 0 0 0 0 0 0 0 0 0 1 0 0 0 0 0 0 0 0 0 0 0 0 0 0 0 0 0 0 0 0 0 0 0 0 0 0 0 0 0 0 0 0 0 0 0 0 0 0 0 0 0 0 0 0 0 0 0 0 0 0 0 0 0 0 0 0 0 0 0 0 0 0 0 0 0 0 0 0 0 0 0 0 0 0 0 0 0 0 0 0 0 0 0 0 0 0 0 0 0 0]
[6726330832753294809469903716493643559783683260127319579709721718353608556074435382383616162307565165111593866513744066036916760375709509609290715802983392422700596453137423804527792902623821130015741613857959052421805244081862845637902279380076669579918190874352873600699712787473902600964680978146551306377223404618 0 0 0 0 0 0 0 0 0 0 0 0 0 0 1 0 0 0 0 0 0 0 0 0 0 0 0 0 0 0 0 0 0 0 0 0 0 0 0 0 0 0 0 0 0 0 0 0 0 0 0 0 0 0 0 0 0 0 0 0 0 0 0 0 0 0 0 0 0 0 0 0 0 0 0 0 0 0 0 0 0 0 0 0 0 0 0 0 0 0 0 0 0 0 0 0 0 0 0 0 0 0 0 0]
[8483389989829194475632048737010770446714409921659284266961551541727424832652884243491678310621356232836104985625769566242546172855511802518312194509154606665021894822305589921365367375148419309398739922168680374671009070199736830585660950371902152789787996567702893656070284103556577456200002309976099432340736957594 0 0 0 0 0 0 0 0 0 0 0 0 0 0 0 1 0 0 0 0 0 0 0 0 0 0 0 0 0 0 0 0 0 0 0 0 0 0 0 0 0 0 0 0 0 0 0 0 0 0 0 0 0 0 0 0 0 0 0 0 0 0 0 0 0 0 0 0 0 0 0 0 0 0 0 0 0 0 0 0 0 0 0 0 0 0 0 0 0 0 0 0 0 0 0 0 0 0 0 0 0 0 0 0]
[814571326422114695334854215255278693306211125739096508731047793921035274254854840971810770783104330889210299730131697963757623042647814956160353858709177935236531007055411587977600569780575045436522705457827332239267885447667104345032501880271287148690019615978227801033421692372783984675778984285143078944526270584 0 0 0 0 0 0 0 0 0 0 0 0 0 0 0 0 1 0 0 0 0 0 0 0 0 0 0 0 0 0 0 0 0 0 0 0 0 0 0 0 0 0 0 0 0 0 0 0 0 0 0 0 0 0 0 0 0 0 0 0 0 0 0 0 0 0 0 0 0 0 0 0 0 0 0 0 0 0 0 0 0 0 0 0 0 0 0 0 0 0 0 0 0 0 0 0 0 0 0 0 0 0 0 0]
[79129145110907066595499950617384740873851260357130487250543225992761399315375715569038708234412716075552910597243926901084452341391701236899226384675159675299378806428920044535885878369253083751516891422114067037012682520092000832501755447291119754172111810101779133285646654065223228461694166905212695666157916683 0 0 0 0 0 0 0 0 0 0 0 0 0 0 0 0 0 1 0 0 0 0 0 0 0 0 0 0 0 0 0 0 0 0 0 0 0 0 0 0 0 0 0 0 0 0 0 0 0 0 0 0 0 0 0 0 0 0 0 0 0 0 0 0 0 0 0 0 0 0 0 0 0 0 0 0 0 0 0 0 0 0 0 0 0 0 0 0 0 0 0 0 0 0 0 0 0 0 0 0 0 0 0 0]
[6505260974970824371888784705096525539027776000330678956259885273401041100156061192551060657146540708775293853606081222116510243951245638987715724201938281508393620358763975839091657333668935366555580418894398721411003415438708078780331131390760407861851322361577063449715739866173207940042689712076171061068894541366 0 0 0 0 0 0 0 0 0 0 0 0 0 0 0 0 0 0 1 0 0 0 0 0 0 0 0 0 0 0 0 0 0 0 0 0 0 0 0 0 0 0 0 0 0 0 0 0 0 0 0 0 0 0 0 0 0 0 0 0 0 0 0 0 0 0 0 0 0 0 0 0 0 0 0 0 0 0 0 0 0 0 0 0 0 0 0 0 0 0 0 0 0 0 0 0 0 0 0 0 0 0 0 0]
[4890701887726601895484970427706496665311811988539800371949313578856413433845651415799386756939064999749825208612354317060151639771035958546981630857393912803988371163025012819746590810098470599224156206309069823948971816097130198475901850867842681090965121055488120763435449759947128101634745764556374669681498426623 0 0 0 0 0 0 0 0 0 0 0 0 0 0 0 0 0 0 0 1 0 0 0 0 0 0 0 0 0 0 0 0 0 0 0 0 0 0 0 0 0 0 0 0 0 0 0 0 0 0 0 0 0 0 0 0 0 0 0 0 0 0 0 0 0 0 0 0 0 0 0 0 0 0 0 0 0 0 0 0 0 0 0 0 0 0 0 0 0 0 0 0 0 0 0 0 0 0 0 0 0 0 0 0]
[3482807144071561660894864366985907076536127079225397117937893385805684409843662336957571919680930645562780089559149240786230035367845325780642869490871690725123583647525976445806097563236684014397901877152302932613436061915799902267930305530852794997334657874093788787010526516907525433191325753319720168483248037337 0 0 0 0 0 0 0 0 0 0 0 0 0 0 0 0 0 0 0 0 1 0 0 0 0 0 0 0 0 0 0 0 0 0 0 0 0 0 0 0 0 0 0 0 0 0 0 0 0 0 0 0 0 0 0 0 0 0 0 0 0 0 0 0 0 0 0 0 0 0 0 0 0 0 0 0 0 0 0 0 0 0 0 0 0 0 0 0 0 0 0 0 0 0 0 0 0 0 0 0 0 0 0 0]
[2745265787214007556550698222347006391030280412853925180750902489567298425159343327922773265219876611677699794198024740484660554530775503011023290447851692562701785716400765224389750364920146989846915816746888449009453625581668431357910963568716365188238707742746854714259685888132542523526613077907236508216562091586 0 0 0 0 0 0 0 0 0 0 0 0 0 0 0 0 0 0 0 0 0 1 0 0 0 0 0 0 0 0 0 0 0 0 0 0 0 0 0 0 0 0 0 0 0 0 0 0 0 0 0 0 0 0 0 0 0 0 0 0 0 0 0 0 0 0 0 0 0 0 0 0 0 0 0 0 0 0 0 0 0 0 0 0 0 0 0 0 0 0 0 0 0 0 0 0 0 0 0 0 0 0 0 0]
[8941705387118017182874650405806063893275531574974240248611925312260887886738164862857953088178144563656390318780175801940130073897900970497315370473464728551147412654725794753377440476643409848057449021699690177976911275049402755934538438394174051474821342473813503744112514235094476275863338224001998954966702754275 0 0 0 0 0 0 0 0 0 0 0 0 0 0 0 0 0 0 0 0 0 0 1 0 0 0 0 0 0 0 0 0 0 0 0 0 0 0 0 0 0 0 0 0 0 0 0 0 0 0 0 0 0 0 0 0 0 0 0 0 0 0 0 0 0 0 0 0 0 0 0 0 0 0 0 0 0 0 0 0 0 0 0 0 0 0 0 0 0 0 0 0 0 0 0 0 0 0 0 0 0 0 0 0]
[7595911280539404551463185607389505522796079945649091219771756726806515885313883703352788811953726945421505499605696476334165005746514918061094594933631460336827591392367313531216565134974943757675572276865145140000538288767098474968068273368473974965516535997886168747334159088198671741956243688008884420189983679005 0 0 0 0 0 0 0 0 0 0 0 0 0 0 0 0 0 0 0 0 0 0 0 1 0 0 0 0 0 0 0 0 0 0 0 0 0 0 0 0 0 0 0 0 0 0 0 0 0 0 0 0 0 0 0 0 0 0 0 0 0 0 0 0 0 0 0 0 0 0 0 0 0 0 0 0 0 0 0 0 0 0 0 0 0 0 0 0 0 0 0 0 0 0 0 0 0 0 0 0 0 0 0 0]
[77171552251678498835202375393067547278987231564343666345210260852087139263429517717634614993781367861002705036351420519452558109343491795799192344111273837550664587895068166867759724288919216955079368268193190036815411332559736635061139112694063707429711376760327739393216468480107485888543943343188374589816493599 0 0 0 0 0 0 0 0 0 0 0 0 0 0 0 0 0 0 0 0 0 0 0 0 1 0 0 0 0 0 0 0 0 0 0 0 0 0 0 0 0 0 0 0 0 0 0 0 0 0 0 0 0 0 0 0 0 0 0 0 0 0 0 0 0 0 0 0 0 0 0 0 0 0 0 0 0 0 0 0 0 0 0 0 0 0 0 0 0 0 0 0 0 0 0 0 0 0 0 0 0 0 0 0]
[5183931467302662743533204703721917357558007954216012389094965535455249848258443577222912496472825695698364558315058763196880160494121683195649268277127174813679536529114569588181689082906908444772054024342516414645063394938686768542669907134759733528593947817689594792817812211088067660396326662626837767396981521529 0 0 0 0 0 0 0 0 0 0 0 0 0 0 0 0 0 0 0 0 0 0 0 0 0 1 0 0 0 0 0 0 0 0 0 0 0 0 0 0 0 0 0 0 0 0 0 0 0 0 0 0 0 0 0 0 0 0 0 0 0 0 0 0 0 0 0 0 0 0 0 0 0 0 0 0 0 0 0 0 0 0 0 0 0 0 0 0 0 0 0 0 0 0 0 0 0 0 0 0 0 0 0 0]
[7804028484187938624951147973182460191480929269248551821892208079359190220767284010984914730406234627234230542174982071071820005411828455525701424158735790051796559414541618596899102361047396245646695016352443909784388901134432147549316869939561142182858309101411636163652073098051052187688419062559048882122036875566 0 0 0 0 0 0 0 0 0 0 0 0 0 0 0 0 0 0 0 0 0 0 0 0 0 0 1 0 0 0 0 0 0 0 0 0 0 0 0 0 0 0 0 0 0 0 0 0 0 0 0 0 0 0 0 0 0 0 0 0 0 0 0 0 0 0 0 0 0 0 0 0 0 0 0 0 0 0 0 0 0 0 0 0 0 0 0 0 0 0 0 0 0 0 0 0 0 0 0 0 0 0 0 0]
[9688821346953051021474597195035401239484693329187980167284610869367882459992438403464244257268204193577024388645939207919044755282642234907058081446566922418852258238408438970010327263305810213188221345348423172651585895645706732227642631294234548415657751124051473666750743338301192561700818072796041999934310633040 0 0 0 0 0 0 0 0 0 0 0 0 0 0 0 0 0 0 0 0 0 0 0 0 0 0 0 1 0 0 0 0 0 0 0 0 0 0 0 0 0 0 0 0 0 0 0 0 0 0 0 0 0 0 0 0 0 0 0 0 0 0 0 0 0 0 0 0 0 0 0 0 0 0 0 0 0 0 0 0 0 0 0 0 0 0 0 0 0 0 0 0 0 0 0 0 0 0 0 0 0 0 0 0]
[8273861650926445143065926298815584559014596234748618542507728466446733965546510137414681144464275739861745241822836531530518251503236431272866728912472704607897545103846228659212602709321603206118375877657383049472765297327195080928460616472802321665874739260823590991093736585389271977596903006887879060362732144751 0 0 0 0 0 0 0 0 0 0 0 0 0 0 0 0 0 0 0 0 0 0 0 0 0 0 0 0 1 0 0 0 0 0 0 0 0 0 0 0 0 0 0 0 0 0 0 0 0 0 0 0 0 0 0 0 0 0 0 0 0 0 0 0 0 0 0 0 0 0 0 0 0 0 0 0 0 0 0 0 0 0 0 0 0 0 0 0 0 0 0 0 0 0 0 0 0 0 0 0 0 0 0 0]
[8393652893965170658895762444029897455060798942051051269811895704705787339947382042074780308216691858606378403654222186825952220833363324130672425088342237887224680642185385223108693842971683018808888867096300067412709543522327518209134931793270099849540442532225484123073934896879300242667537921338230806247830488096 0 0 0 0 0 0 0 0 0 0 0 0 0 0 0 0 0 0 0 0 0 0 0 0 0 0 0 0 0 1 0 0 0 0 0 0 0 0 0 0 0 0 0 0 0 0 0 0 0 0 0 0 0 0 0 0 0 0 0 0 0 0 0 0 0 0 0 0 0 0 0 0 0 0 0 0 0 0 0 0 0 0 0 0 0 0 0 0 0 0 0 0 0 0 0 0 0 0 0 0 0 0 0 0]
[1272530723871469898750940866889602728964920928676752025664927558925809984624677525130111525372088982005141284011636851131024526157498862550611948314186796089432398014192280389145521914496428091421797412966290726984277539038517714127048894369801034161161803972101241882071844438809144911460617522959377716536022133511 0 0 0 0 0 0 0 0 0 0 0 0 0 0 0 0 0 0 0 0 0 0 0 0 0 0 0 0 0 0 1 0 0 0 0 0 0 0 0 0 0 0 0 0 0 0 0 0 0 0 0 0 0 0 0 0 0 0 0 0 0 0 0 0 0 0 0 0 0 0 0 0 0 0 0 0 0 0 0 0 0 0 0 0 0 0 0 0 0 0 0 0 0 0 0 0 0 0 0 0 0 0 0 0]
[2597890353606841095888511421538293219855277392370569740569454370375158663497140460438959286689240262529754726414783386763759841909349424866799973002933614767890646801150223629395639545847984553639846520718646671014555224368121871966710370349666601131807832124671363251975050228119907833462338742513358391402209505528 0 0 0 0 0 0 0 0 0 0 0 0 0 0 0 0 0 0 0 0 0 0 0 0 0 0 0 0 0 0 0 1 0 0 0 0 0 0 0 0 0 0 0 0 0 0 0 0 0 0 0 0 0 0 0 0 0 0 0 0 0 0 0 0 0 0 0 0 0 0 0 0 0 0 0 0 0 0 0 0 0 0 0 0 0 0 0 0 0 0 0 0 0 0 0 0 0 0 0 0 0 0 0 0]
[1155635925538039135062548308280841148724549613395830804527246294894783528406760656915509888916570831521012842494848551343388984877451495950226016763198505182509151470683853661744342914155755424775678923802301331934152120019147127839973439467594325564960516871426476616294701974525070560520686987160802587075088421407 0 0 0 0 0 0 0 0 0 0 0 0 0 0 0 0 0 0 0 0 0 0 0 0 0 0 0 0 0 0 0 0 1 0 0 0 0 0 0 0 0 0 0 0 0 0 0 0 0 0 0 0 0 0 0 0 0 0 0 0 0 0 0 0 0 0 0 0 0 0 0 0 0 0 0 0 0 0 0 0 0 0 0 0 0 0 0 0 0 0 0 0 0 0 0 0 0 0 0 0 0 0 0 0]
[3137524569301974970675397031678809550694966606136440674981455314553356438782931857844315698929959512944276204941954885332344753377709392156815408904607281266799277019849360507594913938002051579275479227984596540634093103995423384580607452146486779644533885336557634681411927424372149273848708945185951659491863792083 0 0 0 0 0 0 0 0 0 0 0 0 0 0 0 0 0 0 0 0 0 0 0 0 0 0 0 0 0 0 0 0 0 1 0 0 0 0 0 0 0 0 0 0 0 0 0 0 0 0 0 0 0 0 0 0 0 0 0 0 0 0 0 0 0 0 0 0 0 0 0 0 0 0 0 0 0 0 0 0 0 0 0 0 0 0 0 0 0 0 0 0 0 0 0 0 0 0 0 0 0 0 0 0]
[7845345091288975842589808258993581059090743852622566986355760573017430258740625986580102426503069158160517589226267354066871429033285171641531284408607259365846082853767041310254297149968258697248584031373393094299193708170087340966225360390558296840577537202529257951015326490695051432956343164804418607145542684395 0 0 0 0 0 0 0 0 0 0 0 0 0 0 0 0 0 0 0 0 0 0 0 0 0 0 0 0 0 0 0 0 0 0 1 0 0 0 0 0 0 0 0 0 0 0 0 0 0 0 0 0 0 0 0 0 0 0 0 0 0 0 0 0 0 0 0 0 0 0 0 0 0 0 0 0 0 0 0 0 0 0 0 0 0 0 0 0 0 0 0 0 0 0 0 0 0 0 0 0 0 0 0 0]
[9066431859006268372961452792028362821837669511459084571281594237178444349406034235217623659912176426483861725770713058708963581684036935243181197033257872807271732853895337443972566803911153673087506502204439415344444220198871359207397053433145952506904004277933582177102886633869079239524729903390932396245365147548 0 0 0 0 0 0 0 0 0 0 0 0 0 0 0 0 0 0 0 0 0 0 0 0 0 0 0 0 0 0 0 0 0 0 0 1 0 0 0 0 0 0 0 0 0 0 0 0 0 0 0 0 0 0 0 0 0 0 0 0 0 0 0 0 0 0 0 0 0 0 0 0 0 0 0 0 0 0 0 0 0 0 0 0 0 0 0 0 0 0 0 0 0 0 0 0 0 0 0 0 0 0 0 0]
[2187413015410304801966286926176667190709165868087311961146855447390526108973868570741668810149920495853722840773395616395095529093368497491772798773047203865988845210467990413117641005289012796569988096901538598260578967113129921928607892424624589319871592519689161932702829956996340051387749317888026691771650916 0 0 0 0 0 0 0 0 0 0 0 0 0 0 0 0 0 0 0 0 0 0 0 0 0 0 0 0 0 0 0 0 0 0 0 0 1 0 0 0 0 0 0 0 0 0 0 0 0 0 0 0 0 0 0 0 0 0 0 0 0 0 0 0 0 0 0 0 0 0 0 0 0 0 0 0 0 0 0 0 0 0 0 0 0 0 0 0 0 0 0 0 0 0 0 0 0 0 0 0 0 0 0 0]
[6274046325793238706639194568186799382921469294335123002943111554964216239023148332394209856880850000203009988438730281879444602067373552101129465616254153417066129128720870202985103091457609134935963267743771385974904653384018719490147320514407869332068354363539919431981397737825461367753723096481840725462433745679 0 0 0 0 0 0 0 0 0 0 0 0 0 0 0 0 0 0 0 0 0 0 0 0 0 0 0 0 0 0 0 0 0 0 0 0 0 1 0 0 0 0 0 0 0 0 0 0 0 0 0 0 0 0 0 0 0 0 0 0 0 0 0 0 0 0 0 0 0 0 0 0 0 0 0 0 0 0 0 0 0 0 0 0 0 0 0 0 0 0 0 0 0 0 0 0 0 0 0 0 0 0 0 0]
[650605350990636685370399040449277701633540155189133477734060298267756834673957060301779655402353714359690919468619931453076442988105090402650004086564535875779797963031206835990155261141840154140073480850443434047812073114819239031892735778785810469875329927957436193266045785332290756100995951052017907690771570861 0 0 0 0 0 0 0 0 0 0 0 0 0 0 0 0 0 0 0 0 0 0 0 0 0 0 0 0 0 0 0 0 0 0 0 0 0 0 1 0 0 0 0 0 0 0 0 0 0 0 0 0 0 0 0 0 0 0 0 0 0 0 0 0 0 0 0 0 0 0 0 0 0 0 0 0 0 0 0 0 0 0 0 0 0 0 0 0 0 0 0 0 0 0 0 0 0 0 0 0 0 0 0 0]
[5862374232945595584465374628118473921511050283168629044519943790444195321199134731212003354533304319662839935520846298282238511717676420406601727361696993076115370464107707703918067706639856843325128646055144913204496045651514085894658447461745807000665609616102951002372061870909962196090778681516690448207896939462 0 0 0 0 0 0 0 0 0 0 0 0 0 0 0 0 0 0 0 0 0 0 0 0 0 0 0 0 0 0 0 0 0 0 0 0 0 0 0 1 0 0 0 0 0 0 0 0 0 0 0 0 0 0 0 0 0 0 0 0 0 0 0 0 0 0 0 0 0 0 0 0 0 0 0 0 0 0 0 0 0 0 0 0 0 0 0 0 0 0 0 0 0 0 0 0 0 0 0 0 0 0 0 0]
[4827431767663986124312437291121658500953150937251534727854822685908197316670469111109054424411976870623117319248499711694545765378800407720855057206885811042007139556468535882373393633937617279658696658026163652634193799278911161020618492717047364848006133113179033039566739006014247084457549545553117682766112733615 0 0 0 0 0 0 0 0 0 0 0 0 0 0 0 0 0 0 0 0 0 0 0 0 0 0 0 0 0 0 0 0 0 0 0 0 0 0 0 0 1 0 0 0 0 0 0 0 0 0 0 0 0 0 0 0 0 0 0 0 0 0 0 0 0 0 0 0 0 0 0 0 0 0 0 0 0 0 0 0 0 0 0 0 0 0 0 0 0 0 0 0 0 0 0 0 0 0 0 0 0 0 0 0]
[3048118358890192641956894989997006564939792413469409815812265236046828101753671111042737140775213183157449273889723384198393826387421407767806017254424701910243364811906884040946576532955280797646655787990696945131255654634928210524615418424443339986587356769998787051216043730778319050052196366219169332482445860903 0 0 0 0 0 0 0 0 0 0 0 0 0 0 0 0 0 0 0 0 0 0 0 0 0 0 0 0 0 0 0 0 0 0 0 0 0 0 0 0 0 1 0 0 0 0 0 0 0 0 0 0 0 0 0 0 0 0 0 0 0 0 0 0 0 0 0 0 0 0 0 0 0 0 0 0 0 0 0 0 0 0 0 0 0 0 0 0 0 0 0 0 0 0 0 0 0 0 0 0 0 0 0 0]
[3108447802660780415071341710170877156846718119417606630209885176100349929431216007064796600119988483552460942396289398429896315602802283378841772401081718829856204307984389520541431471964562467704264552094837376976610371207771621978335400100363875836470888592634057005590033036187681046022215599427038860707272916928 0 0 0 0 0 0 0 0 0 0 0 0 0 0 0 0 0 0 0 0 0 0 0 0 0 0 0 0 0 0 0 0 0 0 0 0 0 0 0 0 0 0 1 0 0 0 0 0 0 0 0 0 0 0 0 0 0 0 0 0 0 0 0 0 0 0 0 0 0 0 0 0 0 0 0 0 0 0 0 0 0 0 0 0 0 0 0 0 0 0 0 0 0 0 0 0 0 0 0 0 0 0 0 0]
[4355636647671887859386357578104530258269888189637570610164253644571196304228902477422212881085421012768151312302072250392801769661119837804379878084922830400677313972323978177598858269236989505158748446372044961510651267789314148122085874979761678361776208629274706819905522032230993653185714682267266320644084363778 0 0 0 0 0 0 0 0 0 0 0 0 0 0 0 0 0 0 0 0 0 0 0 0 0 0 0 0 0 0 0 0 0 0 0 0 0 0 0 0 0 0 0 1 0 0 0 0 0 0 0 0 0 0 0 0 0 0 0 0 0 0 0 0 0 0 0 0 0 0 0 0 0 0 0 0 0 0 0 0 0 0 0 0 0 0 0 0 0 0 0 0 0 0 0 0 0 0 0 0 0 0 0 0]
[7228904171991696988436447127096094206271192867879098505608006449525156992580818956109025541132468321997676993037985193369505970929520708337543655268937952067552238881996366029810828078225074974466139234940331938787794361378423906685053712420141343381307877284517563173660420035158146168319693033287535806612014853168 0 0 0 0 0 0 0 0 0 0 0 0 0 0 0 0 0 0 0 0 0 0 0 0 0 0 0 0 0 0 0 0 0 0 0 0 0 0 0 0 0 0 0 0 1 0 0 0 0 0 0 0 0 0 0 0 0 0 0 0 0 0 0 0 0 0 0 0 0 0 0 0 0 0 0 0 0 0 0 0 0 0 0 0 0 0 0 0 0 0 0 0 0 0 0 0 0 0 0 0 0 0 0 0]
[6665809236078732734293740367003068680723931143427285316158663444917327673645959008722533861764788239802931320098322913991492155904154125415990282553701229376019489319646723138718251142018403986292280841824054153686398772135309576895344865606910819287660128328558708982261645184514302888892480762884809565670222142177 0 0 0 0 0 0 0 0 0 0 0 0 0 0 0 0 0 0 0 0 0 0 0 0 0 0 0 0 0 0 0 0 0 0 0 0 0 0 0 0 0 0 0 0 0 1 0 0 0 0 0 0 0 0 0 0 0 0 0 0 0 0 0 0 0 0 0 0 0 0 0 0 0 0 0 0 0 0 0 0 0 0 0 0 0 0 0 0 0 0 0 0 0 0 0 0 0 0 0 0 0 0 0 0]
[7333117504105244985634209294326143665056954603331831633315555211410186011246208014630040099329283701141871310147751938993949076121491130995519046427176755672640555828571531267132916544679010213739014603392850384257673292154129928342273785784618364912728855135812284241107200544671721091493873438745917980177807352632 0 0 0 0 0 0 0 0 0 0 0 0 0 0 0 0 0 0 0 0 0 0 0 0 0 0 0 0 0 0 0 0 0 0 0 0 0 0 0 0 0 0 0 0 0 0 1 0 0 0 0 0 0 0 0 0 0 0 0 0 0 0 0 0 0 0 0 0 0 0 0 0 0 0 0 0 0 0 0 0 0 0 0 0 0 0 0 0 0 0 0 0 0 0 0 0 0 0 0 0 0 0 0 0]
[6848169708669702104296901980598111547240440750043936023210965599163496115494865815356661950871355137030290454351097985522835959550572794302774225609413437153748317745978829638700490786354920975469753330816116245855791104232697110388220090445837973160840711585031371013193995488359110341115094296234772416391836875901 0 0 0 0 0 0 0 0 0 0 0 0 0 0 0 0 0 0 0 0 0 0 0 0 0 0 0 0 0 0 0 0 0 0 0 0 0 0 0 0 0 0 0 0 0 0 0 1 0 0 0 0 0 0 0 0 0 0 0 0 0 0 0 0 0 0 0 0 0 0 0 0 0 0 0 0 0 0 0 0 0 0 0 0 0 0 0 0 0 0 0 0 0 0 0 0 0 0 0 0 0 0 0 0]
[1335871307179390021602192456157671806701975427553807337722766014135614956652290102116215806384271166617993645330312298959064638182986737191571980208941467935212043559923503392647380023947642618129420106483365395875374577592221937722328151853990243489324969430470555392231099152345115173552145729076623908641465267219 0 0 0 0 0 0 0 0 0 0 0 0 0 0 0 0 0 0 0 0 0 0 0 0 0 0 0 0 0 0 0 0 0 0 0 0 0 0 0 0 0 0 0 0 0 0 0 0 1 0 0 0 0 0 0 0 0 0 0 0 0 0 0 0 0 0 0 0 0 0 0 0 0 0 0 0 0 0 0 0 0 0 0 0 0 0 0 0 0 0 0 0 0 0 0 0 0 0 0 0 0 0 0 0]
[7569565089927380131679588008956741295385264131054577830026776645964216495504093144468307558528852324565115850046451386179643552618632938486671769715135312665774991046681976601136298851148608008930565738123414909919494010749217699962872606531392850039956418877832007509431361728900488585796794093720664698076697670283 0 0 0 0 0 0 0 0 0 0 0 0 0 0 0 0 0 0 0 0 0 0 0 0 0 0 0 0 0 0 0 0 0 0 0 0 0 0 0 0 0 0 0 0 0 0 0 0 0 1 0 0 0 0 0 0 0 0 0 0 0 0 0 0 0 0 0 0 0 0 0 0 0 0 0 0 0 0 0 0 0 0 0 0 0 0 0 0 0 0 0 0 0 0 0 0 0 0 0 0 0 0 0 0]
[956857033043962454749310355894121667537887678167447432869574434879919854524174036633975184658029550309821484457435754908097019769948744619654370173251069797594882535308555948603033258334377746223887321140495547839142526183357088790950991624918510156492080923242802706665256218423683232725178194965007511473884349824 0 0 0 0 0 0 0 0 0 0 0 0 0 0 0 0 0 0 0 0 0 0 0 0 0 0 0 0 0 0 0 0 0 0 0 0 0 0 0 0 0 0 0 0 0 0 0 0 0 0 1 0 0 0 0 0 0 0 0 0 0 0 0 0 0 0 0 0 0 0 0 0 0 0 0 0 0 0 0 0 0 0 0 0 0 0 0 0 0 0 0 0 0 0 0 0 0 0 0 0 0 0 0 0]
[151598179787373988043058297316737976552844039876699786849894049783935763723855062915734716102631649412315360831372890832016645444868670956295329675351657103532984328895504137020926018595523872273550869930385434339622524872253537074249060321461715966704606576292969399462213172431800571952047376038240141879122414342 0 0 0 0 0 0 0 0 0 0 0 0 0 0 0 0 0 0 0 0 0 0 0 0 0 0 0 0 0 0 0 0 0 0 0 0 0 0 0 0 0 0 0 0 0 0 0 0 0 0 0 1 0 0 0 0 0 0 0 0 0 0 0 0 0 0 0 0 0 0 0 0 0 0 0 0 0 0 0 0 0 0 0 0 0 0 0 0 0 0 0 0 0 0 0 0 0 0 0 0 0 0 0 0]
[2445656521251186190875246224005998500818576651941373506349492566514103889787210198442484799813089288913337208727780119566346460076413747680105524354837717162072029483888101331781408955092329344803921605544114142067737849246735511337206942759673896851802092028503505119584358656136389093705404471540251908219498699602 0 0 0 0 0 0 0 0 0 0 0 0 0 0 0 0 0 0 0 0 0 0 0 0 0 0 0 0 0 0 0 0 0 0 0 0 0 0 0 0 0 0 0 0 0 0 0 0 0 0 0 0 1 0 0 0 0 0 0 0 0 0 0 0 0 0 0 0 0 0 0 0 0 0 0 0 0 0 0 0 0 0 0 0 0 0 0 0 0 0 0 0 0 0 0 0 0 0 0 0 0 0 0 0]
[1568838149234342367054417915647258529415357905736850900583259007175187700390569190928934862071700197049462047470889060911071873446709902167216649277010955305192516037849263179371972971514205847626277427545058628863726457943165475625917841551983525442098865125162827478951817705804843677034304717447996836280213801188 0 0 0 0 0 0 0 0 0 0 0 0 0 0 0 0 0 0 0 0 0 0 0 0 0 0 0 0 0 0 0 0 0 0 0 0 0 0 0 0 0 0 0 0 0 0 0 0 0 0 0 0 0 1 0 0 0 0 0 0 0 0 0 0 0 0 0 0 0 0 0 0 0 0 0 0 0 0 0 0 0 0 0 0 0 0 0 0 0 0 0 0 0 0 0 0 0 0 0 0 0 0 0 0]
[1950567541974058112929016231897258617432716284252455184165336126324240824285096804264697457139315548169569255458076603923670865650351644758290542319750743308005301440742024299798971569279968808595378256654394910261335882877690180876085449521823215930558571379725924286303343651380582108967393357877844077345762453604 0 0 0 0 0 0 0 0 0 0 0 0 0 0 0 0 0 0 0 0 0 0 0 0 0 0 0 0 0 0 0 0 0 0 0 0 0 0 0 0 0 0 0 0 0 0 0 0 0 0 0 0 0 0 1 0 0 0 0 0 0 0 0 0 0 0 0 0 0 0 0 0 0 0 0 0 0 0 0 0 0 0 0 0 0 0 0 0 0 0 0 0 0 0 0 0 0 0 0 0 0 0 0 0]
[5075238370449826125793096503248426228807795474042158267988750330472316031403727590211715252858710929998263063960046879360517849149037511958430750848120576185238874540457107466346197234139166108914573807754236129411225321139094304020224350005464235890355421830057164368129898006144731865936965563931970847849863681208 0 0 0 0 0 0 0 0 0 0 0 0 0 0 0 0 0 0 0 0 0 0 0 0 0 0 0 0 0 0 0 0 0 0 0 0 0 0 0 0 0 0 0 0 0 0 0 0 0 0 0 0 0 0 0 1 0 0 0 0 0 0 0 0 0 0 0 0 0 0 0 0 0 0 0 0 0 0 0 0 0 0 0 0 0 0 0 0 0 0 0 0 0 0 0 0 0 0 0 0 0 0 0 0]
[2646814286782455515999543294999562274800618542138375313808380236771003091737006700478541886470901073922002662947943089746101141312409220621752700430482456510852808347025786726878777994434909366771541285068585934765272596391941976913702087530688526367451438498974187290134040223290825743486748660391032344145316271308 0 0 0 0 0 0 0 0 0 0 0 0 0 0 0 0 0 0 0 0 0 0 0 0 0 0 0 0 0 0 0 0 0 0 0 0 0 0 0 0 0 0 0 0 0 0 0 0 0 0 0 0 0 0 0 0 1 0 0 0 0 0 0 0 0 0 0 0 0 0 0 0 0 0 0 0 0 0 0 0 0 0 0 0 0 0 0 0 0 0 0 0 0 0 0 0 0 0 0 0 0 0 0 0]
[4823413756205979234682719554868170212575805622573021540298379748015244508054261156683991836529614738303624302953917922105604363703664010897229767968114853111571440326694090209355103963138092934895731101526932941912645062241784694207429921538704765202653647957077651202737765048466041890627445688961636616674794699567 0 0 0 0 0 0 0 0 0 0 0 0 0 0 0 0 0 0 0 0 0 0 0 0 0 0 0 0 0 0 0 0 0 0 0 0 0 0 0 0 0 0 0 0 0 0 0 0 0 0 0 0 0 0 0 0 0 1 0 0 0 0 0 0 0 0 0 0 0 0 0 0 0 0 0 0 0 0 0 0 0 0 0 0 0 0 0 0 0 0 0 0 0 0 0 0 0 0 0 0 0 0 0 0]
[6982749223358026934866858711269544679136274709497561579328685257676177923160799786639241548313920168748826409101758864330962306383591053562884908794608296204232204204896294365685725957769666625582600291588240704713353953933036215817039333764704123582458098715608235490016334279383510946206218553728153822383199067315 0 0 0 0 0 0 0 0 0 0 0 0 0 0 0 0 0 0 0 0 0 0 0 0 0 0 0 0 0 0 0 0 0 0 0 0 0 0 0 0 0 0 0 0 0 0 0 0 0 0 0 0 0 0 0 0 0 0 1 0 0 0 0 0 0 0 0 0 0 0 0 0 0 0 0 0 0 0 0 0 0 0 0 0 0 0 0 0 0 0 0 0 0 0 0 0 0 0 0 0 0 0 0 0]
[3046966534644941885034912072266082463955929718877756714842034113854700587743359774348849656082857488579049729377340272270511020976912785601630729267467665665019927309093985819902877664552775304916931295800461819409163644578485655188318454863548787974002364796436824129205844605296796801066983816911518521018764830895 0 0 0 0 0 0 0 0 0 0 0 0 0 0 0 0 0 0 0 0 0 0 0 0 0 0 0 0 0 0 0 0 0 0 0 0 0 0 0 0 0 0 0 0 0 0 0 0 0 0 0 0 0 0 0 0 0 0 0 1 0 0 0 0 0 0 0 0 0 0 0 0 0 0 0 0 0 0 0 0 0 0 0 0 0 0 0 0 0 0 0 0 0 0 0 0 0 0 0 0 0 0 0 0]
[6131392716257907367236087716632054747382120835135810083075811967194113558194330997776956768126834993937601851283357593767493281932911638666666771521971262444281793911490715105415024710335910710470664453479339236583228172180360345894813189090990860085941454005762880871174741622417396608376358493256187232066690113692 0 0 0 0 0 0 0 0 0 0 0 0 0 0 0 0 0 0 0 0 0 0 0 0 0 0 0 0 0 0 0 0 0 0 0 0 0 0 0 0 0 0 0 0 0 0 0 0 0 0 0 0 0 0 0 0 0 0 0 0 1 0 0 0 0 0 0 0 0 0 0 0 0 0 0 0 0 0 0 0 0 0 0 0 0 0 0 0 0 0 0 0 0 0 0 0 0 0 0 0 0 0 0 0]
[2752235549462879190977534536517720319730710046589248141295766473841492925987761793704053748769505976127925323487914292414073948204268457443273766711789391799739612203232470362640402004948226167737967772792931214533983771604898326093148423371306425975476737039160890984231169374533967692512223474792192575957068756665 0 0 0 0 0 0 0 0 0 0 0 0 0 0 0 0 0 0 0 0 0 0 0 0 0 0 0 0 0 0 0 0 0 0 0 0 0 0 0 0 0 0 0 0 0 0 0 0 0 0 0 0 0 0 0 0 0 0 0 0 0 1 0 0 0 0 0 0 0 0 0 0 0 0 0 0 0 0 0 0 0 0 0 0 0 0 0 0 0 0 0 0 0 0 0 0 0 0 0 0 0 0 0 0]
[7079977544813958991993195033568075228410916171229858058053159565494766422695576046459903780863891166010715196149483833317936379662802309370142573445988709365552165872343832939431510679031149931192434627021599379664100278128147309251508410736610144162505256423390231519600724775927019722817293294494899854209599953427 0 0 0 0 0 0 0 0 0 0 0 0 0 0 0 0 0 0 0 0 0 0 0 0 0 0 0 0 0 0 0 0 0 0 0 0 0 0 0 0 0 0 0 0 0 0 0 0 0 0 0 0 0 0 0 0 0 0 0 0 0 0 1 0 0 0 0 0 0 0 0 0 0 0 0 0 0 0 0 0 0 0 0 0 0 0 0 0 0 0 0 0 0 0 0 0 0 0 0 0 0 0 0 0]
[6977918857152957648784081030013038080168743192336972941802009713561498076995411368968791694931932984276103659602116535150759071278022557037733725334105212377933917479963436709085970233108943221760483579522623931051177247977462781737737563680189448514488005737779835130229774353573484819875561145833801466921798001254 0 0 0 0 0 0 0 0 0 0 0 0 0 0 0 0 0 0 0 0 0 0 0 0 0 0 0 0 0 0 0 0 0 0 0 0 0 0 0 0 0 0 0 0 0 0 0 0 0 0 0 0 0 0 0 0 0 0 0 0 0 0 0 1 0 0 0 0 0 0 0 0 0 0 0 0 0 0 0 0 0 0 0 0 0 0 0 0 0 0 0 0 0 0 0 0 0 0 0 0 0 0 0 0]
[4085543796780130153768988128275322905930588645881406841379617531159661062307070440178763848546533292404277632024932845500561130125357317525922954184741003259422181812603763192687546069508047951227293133927754852771140477268060130384213365920079884308574414050143376396573192414578880223308319843863281912067036685908 0 0 0 0 0 0 0 0 0 0 0 0 0 0 0 0 0 0 0 0 0 0 0 0 0 0 0 0 0 0 0 0 0 0 0 0 0 0 0 0 0 0 0 0 0 0 0 0 0 0 0 0 0 0 0 0 0 0 0 0 0 0 0 0 1 0 0 0 0 0 0 0 0 0 0 0 0 0 0 0 0 0 0 0 0 0 0 0 0 0 0 0 0 0 0 0 0 0 0 0 0 0 0 0]
[1737990554122268894802068253323169796574332808983840026862772517551756330052608604568339107066646942873702242986477810464400686535749561657555099527806244752244731095722747345517181521740677115791749126777029304658600879965607043012387874180904310791164636355469210811802922560497744579514613329729356119305314436966 0 0 0 0 0 0 0 0 0 0 0 0 0 0 0 0 0 0 0 0 0 0 0 0 0 0 0 0 0 0 0 0 0 0 0 0 0 0 0 0 0 0 0 0 0 0 0 0 0 0 0 0 0 0 0 0 0 0 0 0 0 0 0 0 0 1 0 0 0 0 0 0 0 0 0 0 0 0 0 0 0 0 0 0 0 0 0 0 0 0 0 0 0 0 0 0 0 0 0 0 0 0 0 0]
[1213137570898128464251087481989671404828719339831703585464157022329956988973775582925479555995697107279296840347578423100358737731059410751550432770147586341368387097021320263062567307797196991426385937332325670636533541734475667548383869734487979829108802961125107806652642849731132046342748195134588421443910253541 0 0 0 0 0 0 0 0 0 0 0 0 0 0 0 0 0 0 0 0 0 0 0 0 0 0 0 0 0 0 0 0 0 0 0 0 0 0 0 0 0 0 0 0 0 0 0 0 0 0 0 0 0 0 0 0 0 0 0 0 0 0 0 0 0 0 1 0 0 0 0 0 0 0 0 0 0 0 0 0 0 0 0 0 0 0 0 0 0 0 0 0 0 0 0 0 0 0 0 0 0 0 0 0]
[3096582396245539169477709597521430202546979448976904606582409400892824521860063061635355337940338713059296232584511866738633300329210260190003352571852271327838433274033545926318514525151643551806966629683493203277281350937492344564529047040513755385370456726454722990332773658196392142612970172621718699578978089706 0 0 0 0 0 0 0 0 0 0 0 0 0 0 0 0 0 0 0 0 0 0 0 0 0 0 0 0 0 0 0 0 0 0 0 0 0 0 0 0 0 0 0 0 0 0 0 0 0 0 0 0 0 0 0 0 0 0 0 0 0 0 0 0 0 0 0 1 0 0 0 0 0 0 0 0 0 0 0 0 0 0 0 0 0 0 0 0 0 0 0 0 0 0 0 0 0 0 0 0 0 0 0 0]
[3898510191203481588491543197863437058930849242867904829725303419333964847818569052826421803152872357106983130307697854913286126197215334116769740131798236179200493228649265936538872566582274867307077199427606089650654943302595898992541433669195636886232545058098301624016071136895554231032040542115724170146721211344 0 0 0 0 0 0 0 0 0 0 0 0 0 0 0 0 0 0 0 0 0 0 0 0 0 0 0 0 0 0 0 0 0 0 0 0 0 0 0 0 0 0 0 0 0 0 0 0 0 0 0 0 0 0 0 0 0 0 0 0 0 0 0 0 0 0 0 0 1 0 0 0 0 0 0 0 0 0 0 0 0 0 0 0 0 0 0 0 0 0 0 0 0 0 0 0 0 0 0 0 0 0 0 0]
[9221333835479558528948546293933815774193430353509997747333577649407464592336336939465617592646768547991247262990964832994591700621906714413836888956494408642206528839946626326193264495289374904744580219360507234874712372929629665080261828815286278662953500675514121341688892407362665737283740695396082388318938705920 0 0 0 0 0 0 0 0 0 0 0 0 0 0 0 0 0 0 0 0 0 0 0 0 0 0 0 0 0 0 0 0 0 0 0 0 0 0 0 0 0 0 0 0 0 0 0 0 0 0 0 0 0 0 0 0 0 0 0 0 0 0 0 0 0 0 0 0 0 1 0 0 0 0 0 0 0 0 0 0 0 0 0 0 0 0 0 0 0 0 0 0 0 0 0 0 0 0 0 0 0 0 0 0]
[2473400285346273012891293597014041566542984744718178164600999931044725977881894540269888325223442446867418410005823191637800443457428393335501966546089212644764222064628265777137308954626813936348084457608378911147094132966964759302621519401799826025557628281008286341247381012791677546351726485729242643139605058613 0 0 0 0 0 0 0 0 0 0 0 0 0 0 0 0 0 0 0 0 0 0 0 0 0 0 0 0 0 0 0 0 0 0 0 0 0 0 0 0 0 0 0 0 0 0 0 0 0 0 0 0 0 0 0 0 0 0 0 0 0 0 0 0 0 0 0 0 0 0 1 0 0 0 0 0 0 0 0 0 0 0 0 0 0 0 0 0 0 0 0 0 0 0 0 0 0 0 0 0 0 0 0 0]
[8437789906483463037869088930707584162450515378153113256896910213418649097910046655033450785546399420905752072381548658046607421159942743921552668092405894633955245159094113207853345948664273712202313253915919138240820685007171075417153458009535404480518307764544167805637024254867681787650613126065692646832042743654 0 0 0 0 0 0 0 0 0 0 0 0 0 0 0 0 0 0 0 0 0 0 0 0 0 0 0 0 0 0 0 0 0 0 0 0 0 0 0 0 0 0 0 0 0 0 0 0 0 0 0 0 0 0 0 0 0 0 0 0 0 0 0 0 0 0 0 0 0 0 0 1 0 0 0 0 0 0 0 0 0 0 0 0 0 0 0 0 0 0 0 0 0 0 0 0 0 0 0 0 0 0 0 0]
[6678423592040709459494576113138498762451144243183702519926717572920225009034204715053120866906790320184134079382177470776454847330773343251565403222274516682967973212924821211153002947799257411855800214264161991391948415373857238787724033329175917075424182883346521266107732064475944045848318318263915657177489235700 0 0 0 0 0 0 0 0 0 0 0 0 0 0 0 0 0 0 0 0 0 0 0 0 0 0 0 0 0 0 0 0 0 0 0 0 0 0 0 0 0 0 0 0 0 0 0 0 0 0 0 0 0 0 0 0 0 0 0 0 0 0 0 0 0 0 0 0 0 0 0 0 1 0 0 0 0 0 0 0 0 0 0 0 0 0 0 0 0 0 0 0 0 0 0 0 0 0 0 0 0 0 0 0]
[6968497172604417843591807453025668058470268169257933612402369513101560933698577410038026168312245243053645505987891183249832014636661441618345475212922753441622771938485477113980173563687456299205027355410707107964778589364538248983853654299838690594385779966000056162493990304781646456326986424513129451413836508478 0 0 0 0 0 0 0 0 0 0 0 0 0 0 0 0 0 0 0 0 0 0 0 0 0 0 0 0 0 0 0 0 0 0 0 0 0 0 0 0 0 0 0 0 0 0 0 0 0 0 0 0 0 0 0 0 0 0 0 0 0 0 0 0 0 0 0 0 0 0 0 0 0 1 0 0 0 0 0 0 0 0 0 0 0 0 0 0 0 0 0 0 0 0 0 0 0 0 0 0 0 0 0 0]
[2930294235489069875841505303695549863120352763832491635456183556469305386529790967302562789978979483818492520523348948396308642937855514834374560554072071470270957859105699201952488196802576481182837255571781804213043628612041655814440269573720927881423673889376368309341824276064717728721988996486326442218702128796 0 0 0 0 0 0 0 0 0 0 0 0 0 0 0 0 0 0 0 0 0 0 0 0 0 0 0 0 0 0 0 0 0 0 0 0 0 0 0 0 0 0 0 0 0 0 0 0 0 0 0 0 0 0 0 0 0 0 0 0 0 0 0 0 0 0 0 0 0 0 0 0 0 0 1 0 0 0 0 0 0 0 0 0 0 0 0 0 0 0 0 0 0 0 0 0 0 0 0 0 0 0 0 0]
[6636703057065002922746056278768957753887022122277125405402655459629033069700558333836269133482409695761372539471876706115914595134252540727489915260999248944067390260671700017378963240967965726962091034821103819853123221390767216344780016429024645690692275223368440316100325823822495345994352195614424018548998080011 0 0 0 0 0 0 0 0 0 0 0 0 0 0 0 0 0 0 0 0 0 0 0 0 0 0 0 0 0 0 0 0 0 0 0 0 0 0 0 0 0 0 0 0 0 0 0 0 0 0 0 0 0 0 0 0 0 0 0 0 0 0 0 0 0 0 0 0 0 0 0 0 0 0 0 1 0 0 0 0 0 0 0 0 0 0 0 0 0 0 0 0 0 0 0 0 0 0 0 0 0 0 0 0]
[9549472913890743696199840436228562409481345977731838212335556277946964377276308518307913293688747103049559016303510599031937982021730857837735557023585906936994530576419916211117790632963537173399645775542983775236497149044517592135059324026243662112928643189955489472873623581599528377851577364700489698393966404963 0 0 0 0 0 0 0 0 0 0 0 0 0 0 0 0 0 0 0 0 0 0 0 0 0 0 0 0 0 0 0 0 0 0 0 0 0 0 0 0 0 0 0 0 0 0 0 0 0 0 0 0 0 0 0 0 0 0 0 0 0 0 0 0 0 0 0 0 0 0 0 0 0 0 0 0 1 0 0 0 0 0 0 0 0 0 0 0 0 0 0 0 0 0 0 0 0 0 0 0 0 0 0 0]
[7883778214346147570917799882845850582610940738020731850078433270535384151876231351148350938008834616379755240142017189189975673777162908995426763903119323438310452993655528536125731134713183230776624953701137736012620439734111768027717211861172894175340582145157739432193624337839579917800114692616956257153489740483 0 0 0 0 0 0 0 0 0 0 0 0 0 0 0 0 0 0 0 0 0 0 0 0 0 0 0 0 0 0 0 0 0 0 0 0 0 0 0 0 0 0 0 0 0 0 0 0 0 0 0 0 0 0 0 0 0 0 0 0 0 0 0 0 0 0 0 0 0 0 0 0 0 0 0 0 0 1 0 0 0 0 0 0 0 0 0 0 0 0 0 0 0 0 0 0 0 0 0 0 0 0 0 0]
[1271873716847308413128964431514736360812876834636388596951977108936365851497533246331459532522662295262738261112313804517693822664994738993711723935507751062920216335688873635533313009709850129686379955073874376042458828521366608373965697074184709007482729314252782714171119386833701097608305109557578302062962950984 0 0 0 0 0 0 0 0 0 0 0 0 0 0 0 0 0 0 0 0 0 0 0 0 0 0 0 0 0 0 0 0 0 0 0 0 0 0 0 0 0 0 0 0 0 0 0 0 0 0 0 0 0 0 0 0 0 0 0 0 0 0 0 0 0 0 0 0 0 0 0 0 0 0 0 0 0 0 1 0 0 0 0 0 0 0 0 0 0 0 0 0 0 0 0 0 0 0 0 0 0 0 0 0]
[2581541475729220131736381859013321708789141947002333411377218461782119030669372408580164142790197006736930207040961611366986882575789808452905111451606029324907828098842466283111033476542349718544167959075916950762258378916681709046617300642490227527108686401557769368916332582083144088602413919465747921647659713456 0 0 0 0 0 0 0 0 0 0 0 0 0 0 0 0 0 0 0 0 0 0 0 0 0 0 0 0 0 0 0 0 0 0 0 0 0 0 0 0 0 0 0 0 0 0 0 0 0 0 0 0 0 0 0 0 0 0 0 0 0 0 0 0 0 0 0 0 0 0 0 0 0 0 0 0 0 0 0 1 0 0 0 0 0 0 0 0 0 0 0 0 0 0 0 0 0 0 0 0 0 0 0 0]
[6337489433622054802108699191912648045412374692572784499455787112226957568608558857197819147278228293847176209562285678854713244251634628154842003114409267990295180761794216772815355976229915160310801038563739331442098091540824330658846689901217198677436053766162887980367353858945535442608446267811580573405182108928 0 0 0 0 0 0 0 0 0 0 0 0 0 0 0 0 0 0 0 0 0 0 0 0 0 0 0 0 0 0 0 0 0 0 0 0 0 0 0 0 0 0 0 0 0 0 0 0 0 0 0 0 0 0 0 0 0 0 0 0 0 0 0 0 0 0 0 0 0 0 0 0 0 0 0 0 0 0 0 0 1 0 0 0 0 0 0 0 0 0 0 0 0 0 0 0 0 0 0 0 0 0 0 0]
[1063903711916981026823922810193852621986141627532495971998174491233578386934834293199102705063863961337235695548023053101075519054373821245491594102386800112978938188164918342491270159473954618496009781157330774052461968031695844341918712559262244836882115448084683374667540335954685751631228959608193595026225027817 0 0 0 0 0 0 0 0 0 0 0 0 0 0 0 0 0 0 0 0 0 0 0 0 0 0 0 0 0 0 0 0 0 0 0 0 0 0 0 0 0 0 0 0 0 0 0 0 0 0 0 0 0 0 0 0 0 0 0 0 0 0 0 0 0 0 0 0 0 0 0 0 0 0 0 0 0 0 0 0 0 1 0 0 0 0 0 0 0 0 0 0 0 0 0 0 0 0 0 0 0 0 0 0]
[4043859521852953926313601153614387540371653176747881177622912041795860550844285069025763088852415592650096511021970525930021230432041769232209049333269787877641677095319004636407345795814535279721742914044871336152351252732347446597452075581273258284597197137297144721434996732862291383938085674679533521673245280487 0 0 0 0 0 0 0 0 0 0 0 0 0 0 0 0 0 0 0 0 0 0 0 0 0 0 0 0 0 0 0 0 0 0 0 0 0 0 0 0 0 0 0 0 0 0 0 0 0 0 0 0 0 0 0 0 0 0 0 0 0 0 0 0 0 0 0 0 0 0 0 0 0 0 0 0 0 0 0 0 0 0 1 0 0 0 0 0 0 0 0 0 0 0 0 0 0 0 0 0 0 0 0 0]
[2154215845075425060957316480130033005571908681290843930470183205988520397300899509099184829538803651636430561971718907194666869304567839240455640943933979057788003248037994032743567986556407562103278893525655981115657713038645646666067601355494488755814439761960267505053210813234942454410508640091019332100738705825 0 0 0 0 0 0 0 0 0 0 0 0 0 0 0 0 0 0 0 0 0 0 0 0 0 0 0 0 0 0 0 0 0 0 0 0 0 0 0 0 0 0 0 0 0 0 0 0 0 0 0 0 0 0 0 0 0 0 0 0 0 0 0 0 0 0 0 0 0 0 0 0 0 0 0 0 0 0 0 0 0 0 0 1 0 0 0 0 0 0 0 0 0 0 0 0 0 0 0 0 0 0 0 0]
[1622921361348106231897066842719667852269423138445906907567820730640973583568617678160440099868550798732609392853747880450490049430094934590757056354875654818788958566915557839339951500743147409640529176795991172546545404591807784237418834900490044222813149121262841763871240992202869406818388574707035040309591480211 0 0 0 0 0 0 0 0 0 0 0 0 0 0 0 0 0 0 0 0 0 0 0 0 0 0 0 0 0 0 0 0 0 0 0 0 0 0 0 0 0 0 0 0 0 0 0 0 0 0 0 0 0 0 0 0 0 0 0 0 0 0 0 0 0 0 0 0 0 0 0 0 0 0 0 0 0 0 0 0 0 0 0 0 1 0 0 0 0 0 0 0 0 0 0 0 0 0 0 0 0 0 0 0]
[859876946401285782936172021429032832827140919010196889425437536556300995141818725934327610046107401240905782655355078938049679808921739807007866631184892580529112649257788539658595704460533378037457789610687765303200413211305494735296161009575686792010477901206545908085739851949940922083886336541757878411873286226 0 0 0 0 0 0 0 0 0 0 0 0 0 0 0 0 0 0 0 0 0 0 0 0 0 0 0 0 0 0 0 0 0 0 0 0 0 0 0 0 0 0 0 0 0 0 0 0 0 0 0 0 0 0 0 0 0 0 0 0 0 0 0 0 0 0 0 0 0 0 0 0 0 0 0 0 0 0 0 0 0 0 0 0 0 1 0 0 0 0 0 0 0 0 0 0 0 0 0 0 0 0 0 0]
[2549916827992926682864293109664555391191553685337161728403009254387445303108720161074905815561970031674026638908405619172005405436742274838280730310649406551621971403137768903951908352484956806674474731586638617604670959616265619443936314048548087937148436209918464367711439109760466766460461378793620148111491202845 0 0 0 0 0 0 0 0 0 0 0 0 0 0 0 0 0 0 0 0 0 0 0 0 0 0 0 0 0 0 0 0 0 0 0 0 0 0 0 0 0 0 0 0 0 0 0 0 0 0 0 0 0 0 0 0 0 0 0 0 0 0 0 0 0 0 0 0 0 0 0 0 0 0 0 0 0 0 0 0 0 0 0 0 0 0 1 0 0 0 0 0 0 0 0 0 0 0 0 0 0 0 0 0]
[7606191855727390928173805322825677657814432878177868226040254956055102933602470541962720547788777832309582864276919191902491255075247722729015656341058409325414430257853459205009839881109712187426904173418995286942713111747747355837816433193868557062231574078531103711943397665370924579649318004929516186946560122089 0 0 0 0 0 0 0 0 0 0 0 0 0 0 0 0 0 0 0 0 0 0 0 0 0 0 0 0 0 0 0 0 0 0 0 0 0 0 0 0 0 0 0 0 0 0 0 0 0 0 0 0 0 0 0 0 0 0 0 0 0 0 0 0 0 0 0 0 0 0 0 0 0 0 0 0 0 0 0 0 0 0 0 0 0 0 0 1 0 0 0 0 0 0 0 0 0 0 0 0 0 0 0 0]
[1753149261341242909306721691373991566273734083370507251357445988239984900268943116837268658720138749906409498395769946905786311240727427361435900168941080951886537120068241372853836593227603322907824137008193987826602954464840353388255538715907619630193871817633823941598111440964500558705030827620263779728886369755 0 0 0 0 0 0 0 0 0 0 0 0 0 0 0 0 0 0 0 0 0 0 0 0 0 0 0 0 0 0 0 0 0 0 0 0 0 0 0 0 0 0 0 0 0 0 0 0 0 0 0 0 0 0 0 0 0 0 0 0 0 0 0 0 0 0 0 0 0 0 0 0 0 0 0 0 0 0 0 0 0 0 0 0 0 0 0 0 1 0 0 0 0 0 0 0 0 0 0 0 0 0 0 0]
[6840993209929622500876462704374368506294816688943402200373893029410935797496353353633830086384484433556118057956358560786566133521286086247915941884969888501686252526938350733710727464847317628851099213533408721287755696838821315671687153639045703002924832319931186507763526059637313157633235944982572257132294464974 0 0 0 0 0 0 0 0 0 0 0 0 0 0 0 0 0 0 0 0 0 0 0 0 0 0 0 0 0 0 0 0 0 0 0 0 0 0 0 0 0 0 0 0 0 0 0 0 0 0 0 0 0 0 0 0 0 0 0 0 0 0 0 0 0 0 0 0 0 0 0 0 0 0 0 0 0 0 0 0 0 0 0 0 0 0 0 0 0 1 0 0 0 0 0 0 0 0 0 0 0 0 0 0]
[4967624347510639037666959555652430126370780357835650837795253579055386072462458932992695651548656989369851940128019265409412752720059733075120356227907999497480338133881981972923800035208924867108385536224311051844139819941494480234969169258043848129916575862390256530207944698668100892625202607912268287240511653903 0 0 0 0 0 0 0 0 0 0 0 0 0 0 0 0 0 0 0 0 0 0 0 0 0 0 0 0 0 0 0 0 0 0 0 0 0 0 0 0 0 0 0 0 0 0 0 0 0 0 0 0 0 0 0 0 0 0 0 0 0 0 0 0 0 0 0 0 0 0 0 0 0 0 0 0 0 0 0 0 0 0 0 0 0 0 0 0 0 0 1 0 0 0 0 0 0 0 0 0 0 0 0 0]
[7978284063661608752011455524333707246977061231267394959861057219220314536819282505023965144316389532418207015487366469724754342731479637259745002599124970858723477913005767054346883098915544832333958704487765775843453016013105927046369882284685408502380698359635563921595878184916367344303414445415346245635404894766 0 0 0 0 0 0 0 0 0 0 0 0 0 0 0 0 0 0 0 0 0 0 0 0 0 0 0 0 0 0 0 0 0 0 0 0 0 0 0 0 0 0 0 0 0 0 0 0 0 0 0 0 0 0 0 0 0 0 0 0 0 0 0 0 0 0 0 0 0 0 0 0 0 0 0 0 0 0 0 0 0 0 0 0 0 0 0 0 0 0 0 1 0 0 0 0 0 0 0 0 0 0 0 0]
[7178476782597003265263195416113883315152894968133290009009278246523100168206126441862583300028657064592051977459592505264484019003328134544378447810488979515256833502694181092587911428868434820617012601772442044299835172028099462416879292004821452508748813364801039648162500598009586615068786200933481073268188283890 0 0 0 0 0 0 0 0 0 0 0 0 0 0 0 0 0 0 0 0 0 0 0 0 0 0 0 0 0 0 0 0 0 0 0 0 0 0 0 0 0 0 0 0 0 0 0 0 0 0 0 0 0 0 0 0 0 0 0 0 0 0 0 0 0 0 0 0 0 0 0 0 0 0 0 0 0 0 0 0 0 0 0 0 0 0 0 0 0 0 0 0 1 0 0 0 0 0 0 0 0 0 0 0]
[1402836575207485946806047207592824553839267326804712085771247869518960966906386190634801899492240313666792213059345030977348171012639019390211492234007406849849322634905072773809099838541026954555538759176339774759898115371181022605112392933076937882334614379439399992662420113086893696068590862532705269034060304376 0 0 0 0 0 0 0 0 0 0 0 0 0 0 0 0 0 0 0 0 0 0 0 0 0 0 0 0 0 0 0 0 0 0 0 0 0 0 0 0 0 0 0 0 0 0 0 0 0 0 0 0 0 0 0 0 0 0 0 0 0 0 0 0 0 0 0 0 0 0 0 0 0 0 0 0 0 0 0 0 0 0 0 0 0 0 0 0 0 0 0 0 0 1 0 0 0 0 0 0 0 0 0 0]
[1608069963631840469498540667580998119253317874596106110221376020662452444471584752541671015720528385803141397638296870355194881271171963769004217406754053944498304527873539040318004445225047949503009763574266967636849780850694880267376259829724247922324924282701510057628492745532107110412822615946101766895061681404 0 0 0 0 0 0 0 0 0 0 0 0 0 0 0 0 0 0 0 0 0 0 0 0 0 0 0 0 0 0 0 0 0 0 0 0 0 0 0 0 0 0 0 0 0 0 0 0 0 0 0 0 0 0 0 0 0 0 0 0 0 0 0 0 0 0 0 0 0 0 0 0 0 0 0 0 0 0 0 0 0 0 0 0 0 0 0 0 0 0 0 0 0 0 1 0 0 0 0 0 0 0 0 0]
[278495486048541052803712343798296217263167691674326758057408233083239142393190300126879887356789649190470643653450740221517518313157166878632657774167500363393508428632385154774660023412172980487415228988362875089763873352034327519828481990045656752191849012469964334550669752781535072244991222463597001801537762273 0 0 0 0 0 0 0 0 0 0 0 0 0 0 0 0 0 0 0 0 0 0 0 0 0 0 0 0 0 0 0 0 0 0 0 0 0 0 0 0 0 0 0 0 0 0 0 0 0 0 0 0 0 0 0 0 0 0 0 0 0 0 0 0 0 0 0 0 0 0 0 0 0 0 0 0 0 0 0 0 0 0 0 0 0 0 0 0 0 0 0 0 0 0 0 1 0 0 0 0 0 0 0 0]
[4730113609280806423444031838139146752215990895560221922594401365596377917052059823508656596766555943714685932325646689656915322071176718737378631918784573062653085611203095069116447991699494118880989337437726961726306735718136434186118712322740545045718474531821580993890584810880477698488601407529058064237019435489 0 0 0 0 0 0 0 0 0 0 0 0 0 0 0 0 0 0 0 0 0 0 0 0 0 0 0 0 0 0 0 0 0 0 0 0 0 0 0 0 0 0 0 0 0 0 0 0 0 0 0 0 0 0 0 0 0 0 0 0 0 0 0 0 0 0 0 0 0 0 0 0 0 0 0 0 0 0 0 0 0 0 0 0 0 0 0 0 0 0 0 0 0 0 0 0 1 0 0 0 0 0 0 0]
[2573282950214708328770433908214947075775147008892224249650539201377196365090819412360575363269614671493594165931995098669972684274492990208157744984656605157497572922456109913428329479390815828054030950092233204141923415967751229101168965316876810864222840556491005899061575159243211300560236176508177319214244773612 0 0 0 0 0 0 0 0 0 0 0 0 0 0 0 0 0 0 0 0 0 0 0 0 0 0 0 0 0 0 0 0 0 0 0 0 0 0 0 0 0 0 0 0 0 0 0 0 0 0 0 0 0 0 0 0 0 0 0 0 0 0 0 0 0 0 0 0 0 0 0 0 0 0 0 0 0 0 0 0 0 0 0 0 0 0 0 0 0 0 0 0 0 0 0 0 0 1 0 0 0 0 0 0]
[2211915464567120748720573156465050447027266366874690648002347885596619785445073820125713925246881373840598015108705752392520514376487370829755911011208678085840353081675731892612751117616812939461955595377018894536708260514979986396286161431037889737285826541141931010593376018456603969441641384382773752254840128228 0 0 0 0 0 0 0 0 0 0 0 0 0 0 0 0 0 0 0 0 0 0 0 0 0 0 0 0 0 0 0 0 0 0 0 0 0 0 0 0 0 0 0 0 0 0 0 0 0 0 0 0 0 0 0 0 0 0 0 0 0 0 0 0 0 0 0 0 0 0 0 0 0 0 0 0 0 0 0 0 0 0 0 0 0 0 0 0 0 0 0 0 0 0 0 0 0 0 1 0 0 0 0 0]
[9714372433480818235871102572971992860718733546231041582475643588197033037263871140412444036254203591604390319147992919900182224621978951863664677487135434227390593014247504164676955991977359946799508101134093201761518525382719936446141304423877249346826406743439707891018174164739014892362171115295429826529360797554 0 0 0 0 0 0 0 0 0 0 0 0 0 0 0 0 0 0 0 0 0 0 0 0 0 0 0 0 0 0 0 0 0 0 0 0 0 0 0 0 0 0 0 0 0 0 0 0 0 0 0 0 0 0 0 0 0 0 0 0 0 0 0 0 0 0 0 0 0 0 0 0 0 0 0 0 0 0 0 0 0 0 0 0 0 0 0 0 0 0 0 0 0 0 0 0 0 0 0 1 0 0 0 0]
[6332700104936324381509713114787150906777382702922858332725011561613836291745350052814179410684880923813694361262133702967332105318202848411169083417140488993194257395968825842763723484654316848011588150567040885012805690588645128623309183554104964531482898067016958453700349790768619481062278199514010041706074044369 0 0 0 0 0 0 0 0 0 0 0 0 0 0 0 0 0 0 0 0 0 0 0 0 0 0 0 0 0 0 0 0 0 0 0 0 0 0 0 0 0 0 0 0 0 0 0 0 0 0 0 0 0 0 0 0 0 0 0 0 0 0 0 0 0 0 0 0 0 0 0 0 0 0 0 0 0 0 0 0 0 0 0 0 0 0 0 0 0 0 0 0 0 0 0 0 0 0 0 0 1 0 0 0]
[6806573355060458638223692885985016492915205007489948120123621502339234547354912978977180493722440593536750738244963121124699469226635996214268148851892996209639351095175266555308964029274016756116273492144628336391195846687101419892070270315257680583076863647826629929289264310158806575554634001476168801798144826443 0 0 0 0 0 0 0 0 0 0 0 0 0 0 0 0 0 0 0 0 0 0 0 0 0 0 0 0 0 0 0 0 0 0 0 0 0 0 0 0 0 0 0 0 0 0 0 0 0 0 0 0 0 0 0 0 0 0 0 0 0 0 0 0 0 0 0 0 0 0 0 0 0 0 0 0 0 0 0 0 0 0 0 0 0 0 0 0 0 0 0 0 0 0 0 0 0 0 0 0 0 1 0 0]
[2223103153918238596077657986248198026601827376891348555255089286828036604955780267196381926676277672459948856531339994913782094672676220414690479001974051127892844741205859553725472288941725215187494080995767270431498233669782687496341103279209974675652829001583085856113127035718617313091000346377778452495328916047 0 0 0 0 0 0 0 0 0 0 0 0 0 0 0 0 0 0 0 0 0 0 0 0 0 0 0 0 0 0 0 0 0 0 0 0 0 0 0 0 0 0 0 0 0 0 0 0 0 0 0 0 0 0 0 0 0 0 0 0 0 0 0 0 0 0 0 0 0 0 0 0 0 0 0 0 0 0 0 0 0 0 0 0 0 0 0 0 0 0 0 0 0 0 0 0 0 0 0 0 0 0 1 0]
[7977594219568207190019031229413974994220316385899459606476991827485369879525260185244391453423722365498112504666055269912711062930459141832410469499869195062692423354802781520819724875567817278090939606997864178001471181251655418337553282469930747475163459869935495605787474068409449425271453726191710219116687436152 0 0 0 0 0 0 0 0 0 0 0 0 0 0 0 0 0 0 0 0 0 0 0 0 0 0 0 0 0 0 0 0 0 0 0 0 0 0 0 0 0 0 0 0 0 0 0 0 0 0 0 0 0 0 0 0 0 0 0 0 0 0 0 0 0 0 0 0 0 0 0 0 0 0 0 0 0 0 0 0 0 0 0 0 0 0 0 0 0 0 0 0 0 0 0 0 0 0 0 0 0 0 0 1]
]
