[[8297257087752873023056311749274485887628426209730716841213256473658380390484157052180837898259813677196401859547946872064436418519594846053263535151407191617293351421575087296945384367198761402061576367872959841888543135826487056925764911455295259035707679525203128410498173094508729811963615346242221344874203817639 0 0 0 0 0 0 0 0 0 0 0 0 0 0 0 0 0 0 0 0 0 0 0 0 0 0 0 0 0 0 0 0 0 0 0 0 0 0 0 0 0 0 0 0 0 0 0 0 0 0 0 0 0 0 0 0 0 0 0 0 0 0 0 0 0 0 0 0 0 0 0 0 0 0 0 0 0 0 0 0 0 0 0 0 0 0 0 0 0 0 0 0 0 0 0 0 0 0 0 0 0 0 0 0]
[5080662407992304804311214820073893556348174276138121681373547370127378443411840404393538523685253551597898632648320651177862847987892168111074482860938095422999451856885434353894111467280853415653607760769830097108171824490067366680937787495942973716452123517041445887010734139973679363016041399985601091356658923583 1 0 0 0 0 0 0 0 0 0 0 0 0 0 0 0 0 0 0 0 0 0 0 0 0 0 0 0 0 0 0 0 0 0 0 0 0 0 0 0 0 0 0 0 0 0 0 0 0 0 0 0 0 0 0 0 0 0 0 0 0 0 0 0 0 0 0 0 0 0 0 0 0 0 0 0 0 0 0 0 0 0 0 0 0 0 0 0 0 0 0 0 0 0 0 0 0 0 0 0 0 0 0 0]
[4300551326604115893336933998186831825558423826737087286367187996509754764407549388413549502058536774205616015627838586106291843690841726106068180480683117746898023775202592058605959445392961203379942603697213154512946724144349987853257687957064463667435722698568172845053760641533326418711752996509186599520143001693 0 1 0 0 0 0 0 0 0 0 0 0 0 0 0 0 0 0 0 0 0 0 0 0 0 0 0 0 0 0 0 0 0 0 0 0 0 0 0 0 0 0 0 0 0 0 0 0 0 0 0 0 0 0 0 0 0 0 0 0 0 0 0 0 0 0 0 0 0 0 0 0 0 0 0 0 0 0 0 0 0 0 0 0 0 0 0 0 0 0 0 0 0 0 0 0 0 0 0 0 0 0 0 0]
[7544297080629417892169711196918714875669174365168047118003660028193901076356029043517915431840568943493157821729385225258283418370231159048446716286193940493139451721558522146538825499555481842769061322043467673265745237349080080966788428898505942038293617827076631778751244660202003334475917935451333983191545563333 0 0 1 0 0 0 0 0 0 0 0 0 0 0 0 0 0 0 0 0 0 0 0 0 0 0 0 0 0 0 0 0 0 0 0 0 0 0 0 0 0 0 0 0 0 0 0 0 0 0 0 0 0 0 0 0 0 0 0 0 0 0 0 0 0 0 0 0 0 0 0 0 0 0 0 0 0 0 0 0 0 0 0 0 0 0 0 0 0 0 0 0 0 0 0 0 0 0 0 0 0 0 0 0]
[8286476841172306920897427581957973730682097707262434554943213993559189151425085499532139323171380424854198115112477165989523639099311943807471382341400882577879742081523822349093440706718668898565860997586091075977594105319679179989418795194563425117147645798700898141647909482979544328700314445106805556727556203777 0 0 0 1 0 0 0 0 0 0 0 0 0 0 0 0 0 0 0 0 0 0 0 0 0 0 0 0 0 0 0 0 0 0 0 0 0 0 0 0 0 0 0 0 0 0 0 0 0 0 0 0 0 0 0 0 0 0 0 0 0 0 0 0 0 0 0 0 0 0 0 0 0 0 0 0 0 0 0 0 0 0 0 0 0 0 0 0 0 0 0 0 0 0 0 0 0 0 0 0 0 0 0 0]
[2534326996415335511708009019189181292725696722441005408165791132387739231707161138121830715872183589126049104719684824578572276240779101977325948250024649374934312110386695119621225143863260916680342653236185776693538956529263536486565773831555288487092779828567601732824389910483644456715907824014557750654973335430 0 0 0 0 1 0 0 0 0 0 0 0 0 0 0 0 0 0 0 0 0 0 0 0 0 0 0 0 0 0 0 0 0 0 0 0 0 0 0 0 0 0 0 0 0 0 0 0 0 0 0 0 0 0 0 0 0 0 0 0 0 0 0 0 0 0 0 0 0 0 0 0 0 0 0 0 0 0 0 0 0 0 0 0 0 0 0 0 0 0 0 0 0 0 0 0 0 0 0 0 0 0 0 0]
[3342478872967392420268045918854703973126541669159722460159804544885175377380231087504436809539095583657888288995043342618229065326330103573867488126712567875065233308638499518495053972989477360269716918530850790680596782534070584140747557251914946000754138901763058860107294071196600788686578928841549497576390215503 0 0 0 0 0 1 0 0 0 0 0 0 0 0 0 0 0 0 0 0 0 0 0 0 0 0 0 0 0 0 0 0 0 0 0 0 0 0 0 0 0 0 0 0 0 0 0 0 0 0 0 0 0 0 0 0 0 0 0 0 0 0 0 0 0 0 0 0 0 0 0 0 0 0 0 0 0 0 0 0 0 0 0 0 0 0 0 0 0 0 0 0 0 0 0 0 0 0 0 0 0 0 0 0]
[3025725869623251249858411923651503089988340706898815345012821477997788002996361016301620094759531688347680065072930575723034352957062809434716903848146115040022102005661596415224330742176449099450424150300485364083891514398418459587054757234912486428411749037806624053962811311967313469124594848259598724949881686285 0 0 0 0 0 0 1 0 0 0 0 0 0 0 0 0 0 0 0 0 0 0 0 0 0 0 0 0 0 0 0 0 0 0 0 0 0 0 0 0 0 0 0 0 0 0 0 0 0 0 0 0 0 0 0 0 0 0 0 0 0 0 0 0 0 0 0 0 0 0 0 0 0 0 0 0 0 0 0 0 0 0 0 0 0 0 0 0 0 0 0 0 0 0 0 0 0 0 0 0 0 0 0 0]
[3102736637119580266673260377571023503333669482465718911840915909899384107291393326898288259691409768321450048141895510612974367041067682270544522970957625714230184035106802383111342083001806852561293587258445303231307550765877314807039973843362512135076395390952795143549356782967119116466386481321252555836941296078 0 0 0 0 0 0 0 1 0 0 0 0 0 0 0 0 0 0 0 0 0 0 0 0 0 0 0 0 0 0 0 0 0 0 0 0 0 0 0 0 0 0 0 0 0 0 0 0 0 0 0 0 0 0 0 0 0 0 0 0 0 0 0 0 0 0 0 0 0 0 0 0 0 0 0 0 0 0 0 0 0 0 0 0 0 0 0 0 0 0 0 0 0 0 0 0 0 0 0 0 0 0 0 0]
[6546291697604539476911601246188586248619325014479627130912820447742005023891063581651654647218740062443172018009087396670589249653777509290967969013611896731131330914903878079697340620347613029302269826119484680047311375955534908303077015018861423293488000456825007428975307557419474419678546287481226696938353148494 0 0 0 0 0 0 0 0 1 0 0 0 0 0 0 0 0 0 0 0 0 0 0 0 0 0 0 0 0 0 0 0 0 0 0 0 0 0 0 0 0 0 0 0 0 0 0 0 0 0 0 0 0 0 0 0 0 0 0 0 0 0 0 0 0 0 0 0 0 0 0 0 0 0 0 0 0 0 0 0 0 0 0 0 0 0 0 0 0 0 0 0 0 0 0 0 0 0 0 0 0 0 0 0]
[6506814320494222914642392523481515594765960073967318576185265311138028287461193975068962462102398203446520946123332368712186552007871314591261321422774785910371121163878893441536440888987714165811124408473825850583384124998636610445606918109043418912718592662850563683491478051420429164186331493980761912589216967223 0 0 0 0 0 0 0 0 0 1 0 0 0 0 0 0 0 0 0 0 0 0 0 0 0 0 0 0 0 0 0 0 0 0 0 0 0 0 0 0 0 0 0 0 0 0 0 0 0 0 0 0 0 0 0 0 0 0 0 0 0 0 0 0 0 0 0 0 0 0 0 0 0 0 0 0 0 0 0 0 0 0 0 0 0 0 0 0 0 0 0 0 0 0 0 0 0 0 0 0 0 0 0 0]
[2328321819369483242822953853099556775440602093450874547294148308477238415168078680888396411781572323762668069960353751542979964881002498615492700536727588919646860760677026753759191546915585452195467082405410180988997357189977669530638961249308097570901575859675479702484481615665471208696567582675144699110134375223 0 0 0 0 0 0 0 0 0 0 1 0 0 0 0 0 0 0 0 0 0 0 0 0 0 0 0 0 0 0 0 0 0 0 0 0 0 0 0 0 0 0 0 0 0 0 0 0 0 0 0 0 0 0 0 0 0 0 0 0 0 0 0 0 0 0 0 0 0 0 0 0 0 0 0 0 0 0 0 0 0 0 0 0 0 0 0 0 0 0 0 0 0 0 0 0 0 0 0 0 0 0 0 0]
[2785695303778441629259147255071243282210833996265815233079895750611800880496953969375954646474683987501904248748765307484951466802997175165854658872419408843705534756335334613901191798893379705683109814747082127157944924840183206515232040785262151755145522815753796573713330061207224973543242512241179171948105139998 0 0 0 0 0 0 0 0 0 0 0 1 0 0 0 0 0 0 0 0 0 0 0 0 0 0 0 0 0 0 0 0 0 0 0 0 0 0 0 0 0 0 0 0 0 0 0 0 0 0 0 0 0 0 0 0 0 0 0 0 0 0 0 0 0 0 0 0 0 0 0 0 0 0 0 0 0 0 0 0 0 0 0 0 0 0 0 0 0 0 0 0 0 0 0 0 0 0 0 0 0 0 0 0]
[1476621324319046493883921679057482182531699728578096618816025921360129731477803222178100352762182877596839039448762394604822670945856532765375283977787583865862373519657672262668004293944867918608104665423971779293194327879935382993613542993843049846119242505366183063613777329585225264752691746597586321820183880263 0 0 0 0 0 0 0 0 0 0 0 0 1 0 0 0 0 0 0 0 0 0 0 0 0 0 0 0 0 0 0 0 0 0 0 0 0 0 0 0 0 0 0 0 0 0 0 0 0 0 0 0 0 0 0 0 0 0 0 0 0 0 0 0 0 0 0 0 0 0 0 0 0 0 0 0 0 0 0 0 0 0 0 0 0 0 0 0 0 0 0 0 0 0 0 0 0 0 0 0 0 0 0 0]
[4762064157320821468582356416328489390429366569556696187926773091465210940132357058438448383709066791031765616735331920887690292767485749949937309313478732359961603269388469507146062278954512498719127940465611033635074686340078870843125343736109828378801546554519127333428810581090973080533733721757153639193735929521 0 0 0 0 0 0 0 0 0 0 0 0 0 1 0 0 0 0 0 0 0 0 0 0 0 0 0 0 0 0 0 0 0 0 0 0 0 0 0 0 0 0 0 0 0 0 0 0 0 0 0 0 0 0 0 0 0 0 0 0 0 0 0 0 0 0 0 0 0 0 0 0 0 0 0 0 0 0 0 0 0 0 0 0 0 0 0 0 0 0 0 0 0 0 0 0 0 0 0 0 0 0 0 0]
[2377464250758735688214915618872984359335387702814925815134129585822108645959656836668272569254925149962058911355998324520623164213278932760450412589367270111843903977719774551025570316861027255473566495496414507040711289552889653749752239904558308498636353808922631469767956350875328345935302410870198305314686192746 0 0 0 0 0 0 0 0 0 0 0 0 0 0 1 0 0 0 0 0 0 0 0 0 0 0 0 0 0 0 0 0 0 0 0 0 0 0 0 0 0 0 0 0 0 0 0 0 0 0 0 0 0 0 0 0 0 0 0 0 0 0 0 0 0 0 0 0 0 0 0 0 0 0 0 0 0 0 0 0 0 0 0 0 0 0 0 0 0 0 0 0 0 0 0 0 0 0 0 0 0 0 0 0]
[5646269181347899896028427489079276585370784332224248124092920008362806286627620373824321661475269911073297008703595758817857858406704686858264648790473266344625445193611934005635316372718271300237483743203361769349063041841047801566626408707577429622598254779051621896903264367734898124079406811626643189960214214559 0 0 0 0 0 0 0 0 0 0 0 0 0 0 0 1 0 0 0 0 0 0 0 0 0 0 0 0 0 0 0 0 0 0 0 0 0 0 0 0 0 0 0 0 0 0 0 0 0 0 0 0 0 0 0 0 0 0 0 0 0 0 0 0 0 0 0 0 0 0 0 0 0 0 0 0 0 0 0 0 0 0 0 0 0 0 0 0 0 0 0 0 0 0 0 0 0 0 0 0 0 0 0 0]
[4172209122006736203670118197819474144155730333154620311057209207531967999652561819713514849789408715167981785059911761169427918855744452711306504587474996553301639005195331128598551555485937735983940748362118172984119590627350169372004406873837758882655999030690583398660401669975183371741059114372426513629240765725 0 0 0 0 0 0 0 0 0 0 0 0 0 0 0 0 1 0 0 0 0 0 0 0 0 0 0 0 0 0 0 0 0 0 0 0 0 0 0 0 0 0 0 0 0 0 0 0 0 0 0 0 0 0 0 0 0 0 0 0 0 0 0 0 0 0 0 0 0 0 0 0 0 0 0 0 0 0 0 0 0 0 0 0 0 0 0 0 0 0 0 0 0 0 0 0 0 0 0 0 0 0 0 0]
[505413929013453485603363822118369088792563744144069576879517928557231909217527855801912321889794381285989631541200288459844793600502603923957196161879132535660013465494641710932543712393356706008550122176835239436693188024290759969341658896083783472211016047601704401934934638929882994973760217024903995242239999688 0 0 0 0 0 0 0 0 0 0 0 0 0 0 0 0 0 1 0 0 0 0 0 0 0 0 0 0 0 0 0 0 0 0 0 0 0 0 0 0 0 0 0 0 0 0 0 0 0 0 0 0 0 0 0 0 0 0 0 0 0 0 0 0 0 0 0 0 0 0 0 0 0 0 0 0 0 0 0 0 0 0 0 0 0 0 0 0 0 0 0 0 0 0 0 0 0 0 0 0 0 0 0 0]
[1000647888416829235457884293871411652003842927493329459369574554040876841579355030574810383744283540760693997740390010600301088735708383161493313379570961289973707602024573467066166260259640127740929350013040006023607339549696649761956513475860276022000669466532704675310548580801068278174389812876224529592074624115 0 0 0 0 0 0 0 0 0 0 0 0 0 0 0 0 0 0 1 0 0 0 0 0 0 0 0 0 0 0 0 0 0 0 0 0 0 0 0 0 0 0 0 0 0 0 0 0 0 0 0 0 0 0 0 0 0 0 0 0 0 0 0 0 0 0 0 0 0 0 0 0 0 0 0 0 0 0 0 0 0 0 0 0 0 0 0 0 0 0 0 0 0 0 0 0 0 0 0 0 0 0 0 0]
[1186276234396574578474267663365869626217085622030333596481764271017147269194682786219427032913089205795882333210443737507732308665421741774147594535852245742765968009107255933557963440663573844686003480898047241585033856422995603859344617323657789237452981404325028173642380382280982520800547971877024634025991334061 0 0 0 0 0 0 0 0 0 0 0 0 0 0 0 0 0 0 0 1 0 0 0 0 0 0 0 0 0 0 0 0 0 0 0 0 0 0 0 0 0 0 0 0 0 0 0 0 0 0 0 0 0 0 0 0 0 0 0 0 0 0 0 0 0 0 0 0 0 0 0 0 0 0 0 0 0 0 0 0 0 0 0 0 0 0 0 0 0 0 0 0 0 0 0 0 0 0 0 0 0 0 0 0]
[1037986883210454755414198402398446424248131265981388776152714315639715221855264740638980459553718278604568458977077901848634105656913052877605921325102647915467913397476706418893229177962996133958034936755910508035516277829939448649564249438581971465209584511973471230721655413854877794184130353904930641619962333373 0 0 0 0 0 0 0 0 0 0 0 0 0 0 0 0 0 0 0 0 1 0 0 0 0 0 0 0 0 0 0 0 0 0 0 0 0 0 0 0 0 0 0 0 0 0 0 0 0 0 0 0 0 0 0 0 0 0 0 0 0 0 0 0 0 0 0 0 0 0 0 0 0 0 0 0 0 0 0 0 0 0 0 0 0 0 0 0 0 0 0 0 0 0 0 0 0 0 0 0 0 0 0 0]
[5688425325203469878892130570857333843451026717716805941256168796671462761467789306748101383126532558244782542874701156877775871779498186548489276045797310572558823122022433560275027877654327877485562791463880309342824917633424097619090954291954179292904780579049950172229902779938773422998119125414529387166143606530 0 0 0 0 0 0 0 0 0 0 0 0 0 0 0 0 0 0 0 0 0 1 0 0 0 0 0 0 0 0 0 0 0 0 0 0 0 0 0 0 0 0 0 0 0 0 0 0 0 0 0 0 0 0 0 0 0 0 0 0 0 0 0 0 0 0 0 0 0 0 0 0 0 0 0 0 0 0 0 0 0 0 0 0 0 0 0 0 0 0 0 0 0 0 0 0 0 0 0 0 0 0 0 0]
[4074715127808320778343959358578292614929191958129684292771186346966639901073138236853560363375448324044038098656059280709636989231463894705212291712265738095107789274942919192689294273988237709935746366371425185367434447165326635385640868658729698090368548689733602738161938808896748197682100422582225657589485213815 0 0 0 0 0 0 0 0 0 0 0 0 0 0 0 0 0 0 0 0 0 0 1 0 0 0 0 0 0 0 0 0 0 0 0 0 0 0 0 0 0 0 0 0 0 0 0 0 0 0 0 0 0 0 0 0 0 0 0 0 0 0 0 0 0 0 0 0 0 0 0 0 0 0 0 0 0 0 0 0 0 0 0 0 0 0 0 0 0 0 0 0 0 0 0 0 0 0 0 0 0 0 0 0]
[3237412061946577309326772907684531756979441445284957614482547662067261788192769157134908975414728591670754148168811497468008662387025335110789135900036923173480099674591715697044914690146895536717529801053001056442058511986966749175096751974685918175657357718492535979204299693882986837147227379795527436413834695229 0 0 0 0 0 0 0 0 0 0 0 0 0 0 0 0 0 0 0 0 0 0 0 1 0 0 0 0 0 0 0 0 0 0 0 0 0 0 0 0 0 0 0 0 0 0 0 0 0 0 0 0 0 0 0 0 0 0 0 0 0 0 0 0 0 0 0 0 0 0 0 0 0 0 0 0 0 0 0 0 0 0 0 0 0 0 0 0 0 0 0 0 0 0 0 0 0 0 0 0 0 0 0 0]
[2047448601693585923491820122362535847957027079153254471664084222086235356938902046701079723213186397215114283141483134063713424382606124836518925506480505220001724244265101000629235422530638435143584860675060864524214495039662849138734640435413349486274886166799187836070541489502702898099836938357641806734923522242 0 0 0 0 0 0 0 0 0 0 0 0 0 0 0 0 0 0 0 0 0 0 0 0 1 0 0 0 0 0 0 0 0 0 0 0 0 0 0 0 0 0 0 0 0 0 0 0 0 0 0 0 0 0 0 0 0 0 0 0 0 0 0 0 0 0 0 0 0 0 0 0 0 0 0 0 0 0 0 0 0 0 0 0 0 0 0 0 0 0 0 0 0 0 0 0 0 0 0 0 0 0 0 0]
[8277736562119540152921751849672302115925915350733122803622699475415918300951747001728947524864896314720175177537280785163411253047252900135782331550418514622906639724580793051116696395225031628144932160928669915700929168413137668290433076563110083761394975695639165830546929190102885221612831693552808819876298592482 0 0 0 0 0 0 0 0 0 0 0 0 0 0 0 0 0 0 0 0 0 0 0 0 0 1 0 0 0 0 0 0 0 0 0 0 0 0 0 0 0 0 0 0 0 0 0 0 0 0 0 0 0 0 0 0 0 0 0 0 0 0 0 0 0 0 0 0 0 0 0 0 0 0 0 0 0 0 0 0 0 0 0 0 0 0 0 0 0 0 0 0 0 0 0 0 0 0 0 0 0 0 0 0]
[5544407645851047576851115465187799890903531453289692321310560754074626881466063067508586541974492165213688099689849219571889690004277362944522373279296521431291023928386407309473429216500797537803699390822641877479866730910222719479538829968537131500913079324530438729202461044414632120695981293899183931235056420919 0 0 0 0 0 0 0 0 0 0 0 0 0 0 0 0 0 0 0 0 0 0 0 0 0 0 1 0 0 0 0 0 0 0 0 0 0 0 0 0 0 0 0 0 0 0 0 0 0 0 0 0 0 0 0 0 0 0 0 0 0 0 0 0 0 0 0 0 0 0 0 0 0 0 0 0 0 0 0 0 0 0 0 0 0 0 0 0 0 0 0 0 0 0 0 0 0 0 0 0 0 0 0 0]
[844020305810435406206603678334976522340604144763121740956517727819646755817938979655853739113520443341110751073690868085125180669050793832668485219375473193021504441892991666760383233739648726406420116823820925657557609400552128682584519251699712557000126234012731429468541967441521454960319314334689096738869604727 0 0 0 0 0 0 0 0 0 0 0 0 0 0 0 0 0 0 0 0 0 0 0 0 0 0 0 1 0 0 0 0 0 0 0 0 0 0 0 0 0 0 0 0 0 0 0 0 0 0 0 0 0 0 0 0 0 0 0 0 0 0 0 0 0 0 0 0 0 0 0 0 0 0 0 0 0 0 0 0 0 0 0 0 0 0 0 0 0 0 0 0 0 0 0 0 0 0 0 0 0 0 0 0]
[5310614512968771305275555342824805372847821315007819741817897796854726731111828500051002544151932567045736672524280562202680601386282879476044361462456269810552629075914595717396915209151508252179307431621705899088229653568428052676128034917258172944725180856218849776495573188320992953056775893234013858730169087488 0 0 0 0 0 0 0 0 0 0 0 0 0 0 0 0 0 0 0 0 0 0 0 0 0 0 0 0 1 0 0 0 0 0 0 0 0 0 0 0 0 0 0 0 0 0 0 0 0 0 0 0 0 0 0 0 0 0 0 0 0 0 0 0 0 0 0 0 0 0 0 0 0 0 0 0 0 0 0 0 0 0 0 0 0 0 0 0 0 0 0 0 0 0 0 0 0 0 0 0 0 0 0 0]
[2833404172991108622731939377967826575106415249243669359736346525266316572867192079032412951472651422617026612858074452612719946632936101296666000598897193228949233652704949123879318268405273672818801622973616706844875024421392242992803548083447223466692650482124157752979174161311602734025659289163094696591877764762 0 0 0 0 0 0 0 0 0 0 0 0 0 0 0 0 0 0 0 0 0 0 0 0 0 0 0 0 0 1 0 0 0 0 0 0 0 0 0 0 0 0 0 0 0 0 0 0 0 0 0 0 0 0 0 0 0 0 0 0 0 0 0 0 0 0 0 0 0 0 0 0 0 0 0 0 0 0 0 0 0 0 0 0 0 0 0 0 0 0 0 0 0 0 0 0 0 0 0 0 0 0 0 0]
[2381521320107985978898808698564664136709684344411756631386664585089380067149086904438245577006636043670116238631400325484755928909108057136121362922782533418317248362276371344866547635959532507737043685215598140219264053992552480650401394885742755138818847071870585141794872517320743773415824797239992079295439982829 0 0 0 0 0 0 0 0 0 0 0 0 0 0 0 0 0 0 0 0 0 0 0 0 0 0 0 0 0 0 1 0 0 0 0 0 0 0 0 0 0 0 0 0 0 0 0 0 0 0 0 0 0 0 0 0 0 0 0 0 0 0 0 0 0 0 0 0 0 0 0 0 0 0 0 0 0 0 0 0 0 0 0 0 0 0 0 0 0 0 0 0 0 0 0 0 0 0 0 0 0 0 0 0]
[5332254645039470089143212097743749493430707180622267241683705191644713788547063330395172170692336423023056766519007937517576930871207654433713379443359922940344004922919018696576353027056835920872250342561356679539383880723524086067390409530294351253347372142896518388885665858123551096187619230573563465418770800796 0 0 0 0 0 0 0 0 0 0 0 0 0 0 0 0 0 0 0 0 0 0 0 0 0 0 0 0 0 0 0 1 0 0 0 0 0 0 0 0 0 0 0 0 0 0 0 0 0 0 0 0 0 0 0 0 0 0 0 0 0 0 0 0 0 0 0 0 0 0 0 0 0 0 0 0 0 0 0 0 0 0 0 0 0 0 0 0 0 0 0 0 0 0 0 0 0 0 0 0 0 0 0 0]
[1664057441923043782935648707826259671503949730943520107552579932144394859281244402601327652261728530116416273968009067225119585547337918657785712386212485282205426824286460656943313251632724121208935006731643698562605442933322954356608025830432182042507382670703147238181436651614889917250128715207907156326669755547 0 0 0 0 0 0 0 0 0 0 0 0 0 0 0 0 0 0 0 0 0 0 0 0 0 0 0 0 0 0 0 0 1 0 0 0 0 0 0 0 0 0 0 0 0 0 0 0 0 0 0 0 0 0 0 0 0 0 0 0 0 0 0 0 0 0 0 0 0 0 0 0 0 0 0 0 0 0 0 0 0 0 0 0 0 0 0 0 0 0 0 0 0 0 0 0 0 0 0 0 0 0 0 0]
[7217601285516953013056053554536506745106448068558979435054731814516326392421880430150995388200005934760462288107725091396001501162941483638009152970153065597632581514071405006814822334292113476114634935462365755484487886574718951612189853105652225841442518859822218526658853449515449386754914619100852110548698138076 0 0 0 0 0 0 0 0 0 0 0 0 0 0 0 0 0 0 0 0 0 0 0 0 0 0 0 0 0 0 0 0 0 1 0 0 0 0 0 0 0 0 0 0 0 0 0 0 0 0 0 0 0 0 0 0 0 0 0 0 0 0 0 0 0 0 0 0 0 0 0 0 0 0 0 0 0 0 0 0 0 0 0 0 0 0 0 0 0 0 0 0 0 0 0 0 0 0 0 0 0 0 0 0]
[6308778138243746363816759168798004047071311480001064592620281873156320750237956946741686395574113952428340185131969577179446968507863890402074035915750011529074269677400701560940148281942762741929649406735681720580830411840710450968643401488964425807451179742837570747868072097737571798671626621506385992394396771352 0 0 0 0 0 0 0 0 0 0 0 0 0 0 0 0 0 0 0 0 0 0 0 0 0 0 0 0 0 0 0 0 0 0 1 0 0 0 0 0 0 0 0 0 0 0 0 0 0 0 0 0 0 0 0 0 0 0 0 0 0 0 0 0 0 0 0 0 0 0 0 0 0 0 0 0 0 0 0 0 0 0 0 0 0 0 0 0 0 0 0 0 0 0 0 0 0 0 0 0 0 0 0 0]
[1464060621376979635332753522944609545416193121358175213815710613936697508025279818793860066413743619904609249169172644478129604390948274678526289728845405342214052497382080907965982730870658832361964251467663185991352250123646911254684357789528696682580881771846580623570918009143863812172116071801517049500279628731 0 0 0 0 0 0 0 0 0 0 0 0 0 0 0 0 0 0 0 0 0 0 0 0 0 0 0 0 0 0 0 0 0 0 0 1 0 0 0 0 0 0 0 0 0 0 0 0 0 0 0 0 0 0 0 0 0 0 0 0 0 0 0 0 0 0 0 0 0 0 0 0 0 0 0 0 0 0 0 0 0 0 0 0 0 0 0 0 0 0 0 0 0 0 0 0 0 0 0 0 0 0 0 0]
[1413050076630101219961661429610111969321747124875824615085021218639110020466032498112609051193786660517792789590452791396829047558659761705490757523697829159510244041870000004902129401818576032849035692479685631331263345935139446535381636104136120824768277658389659724097649212105298365922156047660057900052838737453 0 0 0 0 0 0 0 0 0 0 0 0 0 0 0 0 0 0 0 0 0 0 0 0 0 0 0 0 0 0 0 0 0 0 0 0 1 0 0 0 0 0 0 0 0 0 0 0 0 0 0 0 0 0 0 0 0 0 0 0 0 0 0 0 0 0 0 0 0 0 0 0 0 0 0 0 0 0 0 0 0 0 0 0 0 0 0 0 0 0 0 0 0 0 0 0 0 0 0 0 0 0 0 0]
[4415987410860515175119044298151953748710548025111267494671965843206715089711647583151984793634366663295611515780749828373635652660581435546453084250762334232070641563969645652794707150259483944865666775654367336836225997544383303273698102458455923696898002749617194213864336516592180242309026884503176820927967187169 0 0 0 0 0 0 0 0 0 0 0 0 0 0 0 0 0 0 0 0 0 0 0 0 0 0 0 0 0 0 0 0 0 0 0 0 0 1 0 0 0 0 0 0 0 0 0 0 0 0 0 0 0 0 0 0 0 0 0 0 0 0 0 0 0 0 0 0 0 0 0 0 0 0 0 0 0 0 0 0 0 0 0 0 0 0 0 0 0 0 0 0 0 0 0 0 0 0 0 0 0 0 0 0]
[6658079485709259343536035519404536543732170576559653131727081081948979335901818220026245715655477383785094000524817802583146230718851909104978207780411536317545165548813854246989388317656647175787589232744686926609364878588978454874879141969726710593763919302304095487731961632388019340044436268451388623166421742293 0 0 0 0 0 0 0 0 0 0 0 0 0 0 0 0 0 0 0 0 0 0 0 0 0 0 0 0 0 0 0 0 0 0 0 0 0 0 1 0 0 0 0 0 0 0 0 0 0 0 0 0 0 0 0 0 0 0 0 0 0 0 0 0 0 0 0 0 0 0 0 0 0 0 0 0 0 0 0 0 0 0 0 0 0 0 0 0 0 0 0 0 0 0 0 0 0 0 0 0 0 0 0 0]
[1157283083296776236317991013095537928715372048753937400007797475552238035537633372624804931129079312337822005613985944023605373733982621261332822199973256742707639278007231183907431002115089168613704621911441231460951981049434466789393172836924385211064428625918187844784112189215666869249396232541480388039206144396 0 0 0 0 0 0 0 0 0 0 0 0 0 0 0 0 0 0 0 0 0 0 0 0 0 0 0 0 0 0 0 0 0 0 0 0 0 0 0 1 0 0 0 0 0 0 0 0 0 0 0 0 0 0 0 0 0 0 0 0 0 0 0 0 0 0 0 0 0 0 0 0 0 0 0 0 0 0 0 0 0 0 0 0 0 0 0 0 0 0 0 0 0 0 0 0 0 0 0 0 0 0 0 0]
[6712637224535362752043941242809239648641597858567669186684612683788066741592026771923904339692833115698625132580427226003516032307570262689281887763702419049402661672045070543099618020693975457537683326992726699503060555415814940913872149198360504906499231073194470392356420589347454573635815849139381362552110493974 0 0 0 0 0 0 0 0 0 0 0 0 0 0 0 0 0 0 0 0 0 0 0 0 0 0 0 0 0 0 0 0 0 0 0 0 0 0 0 0 1 0 0 0 0 0 0 0 0 0 0 0 0 0 0 0 0 0 0 0 0 0 0 0 0 0 0 0 0 0 0 0 0 0 0 0 0 0 0 0 0 0 0 0 0 0 0 0 0 0 0 0 0 0 0 0 0 0 0 0 0 0 0 0]
[5887679188339107871464068132838406408333532800368473855725966786327320875763283573977869493609615185138346170802434824834171256850543071685638512844773869650413332485179242139539653125423732147273291150988827046446174570868246563021197896900222910398276779758766988070660343398309441096437141634760874206695713114324 0 0 0 0 0 0 0 0 0 0 0 0 0 0 0 0 0 0 0 0 0 0 0 0 0 0 0 0 0 0 0 0 0 0 0 0 0 0 0 0 0 1 0 0 0 0 0 0 0 0 0 0 0 0 0 0 0 0 0 0 0 0 0 0 0 0 0 0 0 0 0 0 0 0 0 0 0 0 0 0 0 0 0 0 0 0 0 0 0 0 0 0 0 0 0 0 0 0 0 0 0 0 0 0]
[4362679388717393743525699629599185310268115460500562476761638162816176832856132580620562621486761163496834014736709674141913539453115727802145412270527199944943234123534251707943454875700520347229545329598309126375594537745151586728646655253692360743628235843136241986674098624645362475987237955077983072752303509785 0 0 0 0 0 0 0 0 0 0 0 0 0 0 0 0 0 0 0 0 0 0 0 0 0 0 0 0 0 0 0 0 0 0 0 0 0 0 0 0 0 0 1 0 0 0 0 0 0 0 0 0 0 0 0 0 0 0 0 0 0 0 0 0 0 0 0 0 0 0 0 0 0 0 0 0 0 0 0 0 0 0 0 0 0 0 0 0 0 0 0 0 0 0 0 0 0 0 0 0 0 0 0 0]
[2535143704234668898391267622903641031869572997211348985534868578527253219466061520958431989108642433988557168584782128965772100791073801628322960528699295296944347900991925759300744670545273818679132050396396957668196785353675860715750577036909349586912746612281239021966012249250122559160383022848175628754577938516 0 0 0 0 0 0 0 0 0 0 0 0 0 0 0 0 0 0 0 0 0 0 0 0 0 0 0 0 0 0 0 0 0 0 0 0 0 0 0 0 0 0 0 1 0 0 0 0 0 0 0 0 0 0 0 0 0 0 0 0 0 0 0 0 0 0 0 0 0 0 0 0 0 0 0 0 0 0 0 0 0 0 0 0 0 0 0 0 0 0 0 0 0 0 0 0 0 0 0 0 0 0 0 0]
[3942709770162270421039692850643975346150263944174373976064068130715297739459263141403855074802764707421116443711932216223916197972971171348947850346896271600967544562579486603052245156108941112294085208189674982910733669272953813205529882376369146654763582317608734151739356766488248334097238106264129187563842007397 0 0 0 0 0 0 0 0 0 0 0 0 0 0 0 0 0 0 0 0 0 0 0 0 0 0 0 0 0 0 0 0 0 0 0 0 0 0 0 0 0 0 0 0 1 0 0 0 0 0 0 0 0 0 0 0 0 0 0 0 0 0 0 0 0 0 0 0 0 0 0 0 0 0 0 0 0 0 0 0 0 0 0 0 0 0 0 0 0 0 0 0 0 0 0 0 0 0 0 0 0 0 0 0]
[7134953890464574822594700689032922765157347047587648787886146416259650587918243538146464787458263648584216231087464027477096932908040070314769234925997596362922752402135380153805407660054478232032062577201190277766047583557144358789806262229667058139849773102772578884764016524268283316292216791996265841831186923312 0 0 0 0 0 0 0 0 0 0 0 0 0 0 0 0 0 0 0 0 0 0 0 0 0 0 0 0 0 0 0 0 0 0 0 0 0 0 0 0 0 0 0 0 0 1 0 0 0 0 0 0 0 0 0 0 0 0 0 0 0 0 0 0 0 0 0 0 0 0 0 0 0 0 0 0 0 0 0 0 0 0 0 0 0 0 0 0 0 0 0 0 0 0 0 0 0 0 0 0 0 0 0 0]
[1943369723863789174718632035536672271958552635988827267496835763147899750282228086112201003697881184736446449703381790298221348073823288101585869940109719802539565080871569038666802354732867457226289455230705151509738021322327642000681206341562997695711811735918674744736772930055190000568734353976410253534726780314 0 0 0 0 0 0 0 0 0 0 0 0 0 0 0 0 0 0 0 0 0 0 0 0 0 0 0 0 0 0 0 0 0 0 0 0 0 0 0 0 0 0 0 0 0 0 1 0 0 0 0 0 0 0 0 0 0 0 0 0 0 0 0 0 0 0 0 0 0 0 0 0 0 0 0 0 0 0 0 0 0 0 0 0 0 0 0 0 0 0 0 0 0 0 0 0 0 0 0 0 0 0 0 0]
[4388940208688817061398197814559230500094310011845906600417306251262486507993032669409353769485980289971144678836009437246858317470610257505335506343204752230189062030152610333045937578683187720137254644826834948250125329784445388198999868779496894334773274905492871233249544427099536107009078721418177772386127514852 0 0 0 0 0 0 0 0 0 0 0 0 0 0 0 0 0 0 0 0 0 0 0 0 0 0 0 0 0 0 0 0 0 0 0 0 0 0 0 0 0 0 0 0 0 0 0 1 0 0 0 0 0 0 0 0 0 0 0 0 0 0 0 0 0 0 0 0 0 0 0 0 0 0 0 0 0 0 0 0 0 0 0 0 0 0 0 0 0 0 0 0 0 0 0 0 0 0 0 0 0 0 0 0]
[2285083503075804448652167879745939789886581764991555208600241811643782328001012625674678439497562518904660702172977771829812550228603595189331921938057241364238858987260806779331425457630070074499444164896280548235083257259924923808094145009641125697351116645337585173074277073836631158007228864114332609718182835855 0 0 0 0 0 0 0 0 0 0 0 0 0 0 0 0 0 0 0 0 0 0 0 0 0 0 0 0 0 0 0 0 0 0 0 0 0 0 0 0 0 0 0 0 0 0 0 0 1 0 0 0 0 0 0 0 0 0 0 0 0 0 0 0 0 0 0 0 0 0 0 0 0 0 0 0 0 0 0 0 0 0 0 0 0 0 0 0 0 0 0 0 0 0 0 0 0 0 0 0 0 0 0 0]
[6835099479443723223325233381654686419034060676068857240398299465705432040276215239382809329360343337144635761558972867967665732552683428206933669522904689688990940107303446030778953698427679353933260032490761307459510043579321844466486272484261314910805140854002336579988239968966253645369216738870119025122304492495 0 0 0 0 0 0 0 0 0 0 0 0 0 0 0 0 0 0 0 0 0 0 0 0 0 0 0 0 0 0 0 0 0 0 0 0 0 0 0 0 0 0 0 0 0 0 0 0 0 1 0 0 0 0 0 0 0 0 0 0 0 0 0 0 0 0 0 0 0 0 0 0 0 0 0 0 0 0 0 0 0 0 0 0 0 0 0 0 0 0 0 0 0 0 0 0 0 0 0 0 0 0 0 0]
[5218671986423944523148148644159928530018939002598311319650098851407503022387986476618137683020760128394740318448567268224330193814547429530318424741248985968076054245564092085611560333242277700747199671518089416313251553401142573082629390163135521169511749269276175026145696675518442851877524788516841661824547781358 0 0 0 0 0 0 0 0 0 0 0 0 0 0 0 0 0 0 0 0 0 0 0 0 0 0 0 0 0 0 0 0 0 0 0 0 0 0 0 0 0 0 0 0 0 0 0 0 0 0 1 0 0 0 0 0 0 0 0 0 0 0 0 0 0 0 0 0 0 0 0 0 0 0 0 0 0 0 0 0 0 0 0 0 0 0 0 0 0 0 0 0 0 0 0 0 0 0 0 0 0 0 0 0]
[2768180177177739690236089534276902021309387236548061377712723016879581264507965524182680543585051513065030882129093686369759093444311449621178491084910228940576054911312029838730699691662315121341426903859661901137274385977590356032769961293338542216380289476692649630777574537091728850184431256509555212836783944852 0 0 0 0 0 0 0 0 0 0 0 0 0 0 0 0 0 0 0 0 0 0 0 0 0 0 0 0 0 0 0 0 0 0 0 0 0 0 0 0 0 0 0 0 0 0 0 0 0 0 0 1 0 0 0 0 0 0 0 0 0 0 0 0 0 0 0 0 0 0 0 0 0 0 0 0 0 0 0 0 0 0 0 0 0 0 0 0 0 0 0 0 0 0 0 0 0 0 0 0 0 0 0 0]
[5295131932427548607085731568146984589470598530655457363586853852870659772698138429650215189079667508140514679817793120872585499680654829699499749133362838366398445776381964652399058814232801807506725898399420888521865917843005180471336177150962780584546048808195751556223507133768365876827830585991220613883841137371 0 0 0 0 0 0 0 0 0 0 0 0 0 0 0 0 0 0 0 0 0 0 0 0 0 0 0 0 0 0 0 0 0 0 0 0 0 0 0 0 0 0 0 0 0 0 0 0 0 0 0 0 1 0 0 0 0 0 0 0 0 0 0 0 0 0 0 0 0 0 0 0 0 0 0 0 0 0 0 0 0 0 0 0 0 0 0 0 0 0 0 0 0 0 0 0 0 0 0 0 0 0 0 0]
[7818685019778367424012109245661276254508117281091789540351761833447723460232890953854590550660112943005297169932546809772275330954048147826018592928175744337192629656597148973632865072102036394852592753513838609702633134773071638269156755995017068384599697728761805898812668761073878154183843168510026358545826895061 0 0 0 0 0 0 0 0 0 0 0 0 0 0 0 0 0 0 0 0 0 0 0 0 0 0 0 0 0 0 0 0 0 0 0 0 0 0 0 0 0 0 0 0 0 0 0 0 0 0 0 0 0 1 0 0 0 0 0 0 0 0 0 0 0 0 0 0 0 0 0 0 0 0 0 0 0 0 0 0 0 0 0 0 0 0 0 0 0 0 0 0 0 0 0 0 0 0 0 0 0 0 0 0]
[5644984357865300399656135422526158040831890850761965732620380247828395582762494024693051757055028497198371575221391372565431507634982863634528300891924026543523278719986657134749851534192249712314200033442631867897505228065326860648945781422500002681783758341325285190507723926442521619773206032126165541488222207217 0 0 0 0 0 0 0 0 0 0 0 0 0 0 0 0 0 0 0 0 0 0 0 0 0 0 0 0 0 0 0 0 0 0 0 0 0 0 0 0 0 0 0 0 0 0 0 0 0 0 0 0 0 0 1 0 0 0 0 0 0 0 0 0 0 0 0 0 0 0 0 0 0 0 0 0 0 0 0 0 0 0 0 0 0 0 0 0 0 0 0 0 0 0 0 0 0 0 0 0 0 0 0 0]
[495647228575643142241442984718238666313826624252407871389411819822783638540723221616506756027096579128148527247227979504573429861313564437145196454680356310820704953527554449834090380075338023756607606308378090482733631804914297233407218572277106576197291640328230377994753694591259761284697149735535564476778815299 0 0 0 0 0 0 0 0 0 0 0 0 0 0 0 0 0 0 0 0 0 0 0 0 0 0 0 0 0 0 0 0 0 0 0 0 0 0 0 0 0 0 0 0 0 0 0 0 0 0 0 0 0 0 0 1 0 0 0 0 0 0 0 0 0 0 0 0 0 0 0 0 0 0 0 0 0 0 0 0 0 0 0 0 0 0 0 0 0 0 0 0 0 0 0 0 0 0 0 0 0 0 0 0]
[4356583506996390754946927215791836714541286953569876761116545324261060039488953694260584715333078113902826274962492564448749950371054091159307192640296811737654895073549191426544170091759315592957433983655636944245594924213192449715523992504435146185598455139860626090262482786257966992647849536507523129315537110128 0 0 0 0 0 0 0 0 0 0 0 0 0 0 0 0 0 0 0 0 0 0 0 0 0 0 0 0 0 0 0 0 0 0 0 0 0 0 0 0 0 0 0 0 0 0 0 0 0 0 0 0 0 0 0 0 1 0 0 0 0 0 0 0 0 0 0 0 0 0 0 0 0 0 0 0 0 0 0 0 0 0 0 0 0 0 0 0 0 0 0 0 0 0 0 0 0 0 0 0 0 0 0 0]
[53576977504202507736668602359189486138684456405533262833276392401267510045853562068270296977760272284961411332013695599682489024439619717266316866576076024830794852582419454493169001810959456124863138586376088867783805567050045506786972980940049349426620178962593689642519430288643490345145553778445887009102573085 0 0 0 0 0 0 0 0 0 0 0 0 0 0 0 0 0 0 0 0 0 0 0 0 0 0 0 0 0 0 0 0 0 0 0 0 0 0 0 0 0 0 0 0 0 0 0 0 0 0 0 0 0 0 0 0 0 1 0 0 0 0 0 0 0 0 0 0 0 0 0 0 0 0 0 0 0 0 0 0 0 0 0 0 0 0 0 0 0 0 0 0 0 0 0 0 0 0 0 0 0 0 0 0]
[8262658055294858920046020288953528511545032675153423037014118399835085287868741799973702040980013892748031950428900517141605597206826934780918192817178431568142944660398126186032774556104286223306859916834924810907389161444238360488236508015649129698726036890056615686705399318712028557398392166192513987868316287236 0 0 0 0 0 0 0 0 0 0 0 0 0 0 0 0 0 0 0 0 0 0 0 0 0 0 0 0 0 0 0 0 0 0 0 0 0 0 0 0 0 0 0 0 0 0 0 0 0 0 0 0 0 0 0 0 0 0 1 0 0 0 0 0 0 0 0 0 0 0 0 0 0 0 0 0 0 0 0 0 0 0 0 0 0 0 0 0 0 0 0 0 0 0 0 0 0 0 0 0 0 0 0 0]
[2163820844886544309926547148365021150305888858274757694043837012215258449303257205585532970686464069682465482757327694549009865670182591982330774837521052867818450337248070134111674658947789637637238471565592053436959776003574268727538611024047201005526289697887025118136523892854777537171037065067033020880849828271 0 0 0 0 0 0 0 0 0 0 0 0 0 0 0 0 0 0 0 0 0 0 0 0 0 0 0 0 0 0 0 0 0 0 0 0 0 0 0 0 0 0 0 0 0 0 0 0 0 0 0 0 0 0 0 0 0 0 0 1 0 0 0 0 0 0 0 0 0 0 0 0 0 0 0 0 0 0 0 0 0 0 0 0 0 0 0 0 0 0 0 0 0 0 0 0 0 0 0 0 0 0 0 0]
[7002034523343504085890215388772999274492080481551639704538651082932527129459729293785139793379624704921339312667788204690570210504117517018248506695882559527961204505494589519152101939514349246600564926659540112545309757162165926120660261821304140565302650607768071266097197400095146436872433965706285330123992819078 0 0 0 0 0 0 0 0 0 0 0 0 0 0 0 0 0 0 0 0 0 0 0 0 0 0 0 0 0 0 0 0 0 0 0 0 0 0 0 0 0 0 0 0 0 0 0 0 0 0 0 0 0 0 0 0 0 0 0 0 1 0 0 0 0 0 0 0 0 0 0 0 0 0 0 0 0 0 0 0 0 0 0 0 0 0 0 0 0 0 0 0 0 0 0 0 0 0 0 0 0 0 0 0]
[5173105494413452866472468916425420073372689611262120992145177583111675715354516262266934674205065175389252897450363911129386591892658004747384704267481170055058060368631662209761528111386426402757128597757421229303247029718656145210419800541514520167272057823490039060672506548810506040055869570633249388388576152455 0 0 0 0 0 0 0 0 0 0 0 0 0 0 0 0 0 0 0 0 0 0 0 0 0 0 0 0 0 0 0 0 0 0 0 0 0 0 0 0 0 0 0 0 0 0 0 0 0 0 0 0 0 0 0 0 0 0 0 0 0 1 0 0 0 0 0 0 0 0 0 0 0 0 0 0 0 0 0 0 0 0 0 0 0 0 0 0 0 0 0 0 0 0 0 0 0 0 0 0 0 0 0 0]
[7971561350370691867876473252235245546673568156871704104034160322149096707416233609935560372978494315802980110019459320628820866958439060275617382683067585504737655122427045368599189562452529673256652701108041901515973835597801815933929762852639747338053762635386503378573459584729038542054431959590715076690496554806 0 0 0 0 0 0 0 0 0 0 0 0 0 0 0 0 0 0 0 0 0 0 0 0 0 0 0 0 0 0 0 0 0 0 0 0 0 0 0 0 0 0 0 0 0 0 0 0 0 0 0 0 0 0 0 0 0 0 0 0 0 0 1 0 0 0 0 0 0 0 0 0 0 0 0 0 0 0 0 0 0 0 0 0 0 0 0 0 0 0 0 0 0 0 0 0 0 0 0 0 0 0 0 0]
[3283111006858641458196765748626536652601921072742957091215994957394997382146457271324840539285869838026249757720984469580467786843378700013996869104689641866931089894700478975845525012855342094447742312249566615029311528658132406630646068562728506906441019012658062058124672108430169770571090051350207335874274144805 0 0 0 0 0 0 0 0 0 0 0 0 0 0 0 0 0 0 0 0 0 0 0 0 0 0 0 0 0 0 0 0 0 0 0 0 0 0 0 0 0 0 0 0 0 0 0 0 0 0 0 0 0 0 0 0 0 0 0 0 0 0 0 1 0 0 0 0 0 0 0 0 0 0 0 0 0 0 0 0 0 0 0 0 0 0 0 0 0 0 0 0 0 0 0 0 0 0 0 0 0 0 0 0]
[135264153156624438510332857092698745593212806307219291881689914803854568530322674631563362815025059535934318428195762133529774362809794316044105445876916073887311985284596439804431351439509695789869516340852369586544219503560312287448240578350610326143855769160403850049446732048675409127447177438196350951114437798 0 0 0 0 0 0 0 0 0 0 0 0 0 0 0 0 0 0 0 0 0 0 0 0 0 0 0 0 0 0 0 0 0 0 0 0 0 0 0 0 0 0 0 0 0 0 0 0 0 0 0 0 0 0 0 0 0 0 0 0 0 0 0 0 1 0 0 0 0 0 0 0 0 0 0 0 0 0 0 0 0 0 0 0 0 0 0 0 0 0 0 0 0 0 0 0 0 0 0 0 0 0 0 0]
[7233366240843462575202736519832964260230336417038487711149671833554601737146588147553954188192293286487107654444663725217355335318095670986908436630195920984342515515735966547609746025647437989173512586814604304739833728235645149650794635090604760907424701873979946778314055503170561365620609527280247273510764513070 0 0 0 0 0 0 0 0 0 0 0 0 0 0 0 0 0 0 0 0 0 0 0 0 0 0 0 0 0 0 0 0 0 0 0 0 0 0 0 0 0 0 0 0 0 0 0 0 0 0 0 0 0 0 0 0 0 0 0 0 0 0 0 0 0 1 0 0 0 0 0 0 0 0 0 0 0 0 0 0 0 0 0 0 0 0 0 0 0 0 0 0 0 0 0 0 0 0 0 0 0 0 0 0]
[2226574172950768407552548029199341848705073514600981793084005018519655598912549658848432676709284857872243792743785617684896743768962128265264366193629331392237516875050995841932951703150360038757218930271788749271073994969618915170612321383337614899832823726103926765863998955238650548671483974034482615859481059650 0 0 0 0 0 0 0 0 0 0 0 0 0 0 0 0 0 0 0 0 0 0 0 0 0 0 0 0 0 0 0 0 0 0 0 0 0 0 0 0 0 0 0 0 0 0 0 0 0 0 0 0 0 0 0 0 0 0 0 0 0 0 0 0 0 0 1 0 0 0 0 0 0 0 0 0 0 0 0 0 0 0 0 0 0 0 0 0 0 0 0 0 0 0 0 0 0 0 0 0 0 0 0 0]
[7694106220671653240751764408269930557127899044309853500258907100265668516863201055952090586700285858126827202463620401297147082363597665812183154029439847549750192288412667279233907470317606182822308548080753891909745894590015368708301590678796862581335237106631941451394238495705131986935901680685840323357038599180 0 0 0 0 0 0 0 0 0 0 0 0 0 0 0 0 0 0 0 0 0 0 0 0 0 0 0 0 0 0 0 0 0 0 0 0 0 0 0 0 0 0 0 0 0 0 0 0 0 0 0 0 0 0 0 0 0 0 0 0 0 0 0 0 0 0 0 1 0 0 0 0 0 0 0 0 0 0 0 0 0 0 0 0 0 0 0 0 0 0 0 0 0 0 0 0 0 0 0 0 0 0 0 0]
[4874000389819872540390103582300058451284401954653706444642469889251376264112496901631387519415592743421718911120920238816074109174771449513995743080992878355475001778221799259330859055388745702968831263206441266279127098715348670491484772684387500319276238050840132717633443297716452927723009799030604289596804157712 0 0 0 0 0 0 0 0 0 0 0 0 0 0 0 0 0 0 0 0 0 0 0 0 0 0 0 0 0 0 0 0 0 0 0 0 0 0 0 0 0 0 0 0 0 0 0 0 0 0 0 0 0 0 0 0 0 0 0 0 0 0 0 0 0 0 0 0 1 0 0 0 0 0 0 0 0 0 0 0 0 0 0 0 0 0 0 0 0 0 0 0 0 0 0 0 0 0 0 0 0 0 0 0]
[6911128162718437108230453810626015323814234671813609395619872873711390455324980439581508141735447462463384621711875111617061804073503501820712919724953031480534480399158138318544011210764533124602637654648077464178048328773741212135912362646389720119252667519503035238860606030855231993861991236112486318144649429379 0 0 0 0 0 0 0 0 0 0 0 0 0 0 0 0 0 0 0 0 0 0 0 0 0 0 0 0 0 0 0 0 0 0 0 0 0 0 0 0 0 0 0 0 0 0 0 0 0 0 0 0 0 0 0 0 0 0 0 0 0 0 0 0 0 0 0 0 0 1 0 0 0 0 0 0 0 0 0 0 0 0 0 0 0 0 0 0 0 0 0 0 0 0 0 0 0 0 0 0 0 0 0 0]
[3264424516738312533752970675430419705824820622561493817617769166154528456450885228427555461436047479322954767896907293819874228389639755931713134038930447961561967671965762619519359370129542181892898080631623066422287463087887468505239817149521276389965351449005592180224592087453628770867755458002648575751494758147 0 0 0 0 0 0 0 0 0 0 0 0 0 0 0 0 0 0 0 0 0 0 0 0 0 0 0 0 0 0 0 0 0 0 0 0 0 0 0 0 0 0 0 0 0 0 0 0 0 0 0 0 0 0 0 0 0 0 0 0 0 0 0 0 0 0 0 0 0 0 1 0 0 0 0 0 0 0 0 0 0 0 0 0 0 0 0 0 0 0 0 0 0 0 0 0 0 0 0 0 0 0 0 0]
[5026459775193273651108382735910250019456520947264317129826084391069668871614983215396528859766815906484816485526272805952809108083401073408448934941590143748441030105284333251820696695561810398052789918460253994185739704606539419558712626279472967852499162766148594201231649369238115627063616675148946066530487101163 0 0 0 0 0 0 0 0 0 0 0 0 0 0 0 0 0 0 0 0 0 0 0 0 0 0 0 0 0 0 0 0 0 0 0 0 0 0 0 0 0 0 0 0 0 0 0 0 0 0 0 0 0 0 0 0 0 0 0 0 0 0 0 0 0 0 0 0 0 0 0 1 0 0 0 0 0 0 0 0 0 0 0 0 0 0 0 0 0 0 0 0 0 0 0 0 0 0 0 0 0 0 0 0]
[1521848683543468398430302176731258723354628919381676778016941392434278547398487431347151326755697106747583692585585606632605120757209006186160390394882283878664937592355848892054240349600662434994272634094909557653166854584262249083624187602735897031743713264612496405809305002013266069428335699388453186712908119771 0 0 0 0 0 0 0 0 0 0 0 0 0 0 0 0 0 0 0 0 0 0 0 0 0 0 0 0 0 0 0 0 0 0 0 0 0 0 0 0 0 0 0 0 0 0 0 0 0 0 0 0 0 0 0 0 0 0 0 0 0 0 0 0 0 0 0 0 0 0 0 0 1 0 0 0 0 0 0 0 0 0 0 0 0 0 0 0 0 0 0 0 0 0 0 0 0 0 0 0 0 0 0 0]
[1441894292614722369355043176711938470971013726570280986216946444707250163276522372485542493256654628136998245950099007209170682859304239929648971521739927562668766942419789337361539416283804378629013973060962954079467411526370204842058620359095042684278971986569087962164439702488990132276194920077761201067557810566 0 0 0 0 0 0 0 0 0 0 0 0 0 0 0 0 0 0 0 0 0 0 0 0 0 0 0 0 0 0 0 0 0 0 0 0 0 0 0 0 0 0 0 0 0 0 0 0 0 0 0 0 0 0 0 0 0 0 0 0 0 0 0 0 0 0 0 0 0 0 0 0 0 1 0 0 0 0 0 0 0 0 0 0 0 0 0 0 0 0 0 0 0 0 0 0 0 0 0 0 0 0 0 0]
[5001593936524219694419794041684997881220587824511106817188861525396931159640281319913682548070651353138982826354878225118309642979063548955566493080912837203055203918501432357624283681387671958274092420659686950193137802285747052174345684968879308761062504708798293058414533636306206701642213511781294779276264055775 0 0 0 0 0 0 0 0 0 0 0 0 0 0 0 0 0 0 0 0 0 0 0 0 0 0 0 0 0 0 0 0 0 0 0 0 0 0 0 0 0 0 0 0 0 0 0 0 0 0 0 0 0 0 0 0 0 0 0 0 0 0 0 0 0 0 0 0 0 0 0 0 0 0 1 0 0 0 0 0 0 0 0 0 0 0 0 0 0 0 0 0 0 0 0 0 0 0 0 0 0 0 0 0]
[1225575401396492967814641451052937767794548672680550764174763740638177124323204975016214598217732951668244504735171825209925387759225345328873813303783146603224422040614162765932158823764336157343551505217856557835223582423277089451967328110138273666677385797367202589588193154154199553885758315542841575668688238083 0 0 0 0 0 0 0 0 0 0 0 0 0 0 0 0 0 0 0 0 0 0 0 0 0 0 0 0 0 0 0 0 0 0 0 0 0 0 0 0 0 0 0 0 0 0 0 0 0 0 0 0 0 0 0 0 0 0 0 0 0 0 0 0 0 0 0 0 0 0 0 0 0 0 0 1 0 0 0 0 0 0 0 0 0 0 0 0 0 0 0 0 0 0 0 0 0 0 0 0 0 0 0 0]
[7951923345287062688342126979344314069870894811823273218402340683356221734785564088899397573540114682361163425628656117826147880363100779826199294679265509014460984839795847765928953810427824572854673369867965096116553610396324551593609625534863089227701288448827416343841683067728859701307045528079464157579894694108 0 0 0 0 0 0 0 0 0 0 0 0 0 0 0 0 0 0 0 0 0 0 0 0 0 0 0 0 0 0 0 0 0 0 0 0 0 0 0 0 0 0 0 0 0 0 0 0 0 0 0 0 0 0 0 0 0 0 0 0 0 0 0 0 0 0 0 0 0 0 0 0 0 0 0 0 1 0 0 0 0 0 0 0 0 0 0 0 0 0 0 0 0 0 0 0 0 0 0 0 0 0 0 0]
[3513185630499306799314223548519927749177091774824071443269232038667865863103359914077022934014611880646995380723683497043047454431833762054682409907840529805526163604806864190901316141332087678363151218903923172807001915077831237176255704626242821808511494858901665461432407756819885638241839436983988469144235498292 0 0 0 0 0 0 0 0 0 0 0 0 0 0 0 0 0 0 0 0 0 0 0 0 0 0 0 0 0 0 0 0 0 0 0 0 0 0 0 0 0 0 0 0 0 0 0 0 0 0 0 0 0 0 0 0 0 0 0 0 0 0 0 0 0 0 0 0 0 0 0 0 0 0 0 0 0 1 0 0 0 0 0 0 0 0 0 0 0 0 0 0 0 0 0 0 0 0 0 0 0 0 0 0]
[7114830841802060985898357850441755581897888792969149593850921238465349563614669356054118560199581502158986996618983214458882052811952038360994794750576875276184145957622297203819800011311399420690619520367068035068347802797393949983206882994384148793745420224199814580373633750378907420666208452296524316909529869335 0 0 0 0 0 0 0 0 0 0 0 0 0 0 0 0 0 0 0 0 0 0 0 0 0 0 0 0 0 0 0 0 0 0 0 0 0 0 0 0 0 0 0 0 0 0 0 0 0 0 0 0 0 0 0 0 0 0 0 0 0 0 0 0 0 0 0 0 0 0 0 0 0 0 0 0 0 0 1 0 0 0 0 0 0 0 0 0 0 0 0 0 0 0 0 0 0 0 0 0 0 0 0 0]
[6147799810247919258457264713336539451169707547372294392076723232770958425738880960138491736309463407889104571645815988162693398467497373584506952265209870051578753844051569580607404764816001877090535314741156844809749410406977601485647101573770487478610103932449421167120977517325067133755889046841518688234555846582 0 0 0 0 0 0 0 0 0 0 0 0 0 0 0 0 0 0 0 0 0 0 0 0 0 0 0 0 0 0 0 0 0 0 0 0 0 0 0 0 0 0 0 0 0 0 0 0 0 0 0 0 0 0 0 0 0 0 0 0 0 0 0 0 0 0 0 0 0 0 0 0 0 0 0 0 0 0 0 1 0 0 0 0 0 0 0 0 0 0 0 0 0 0 0 0 0 0 0 0 0 0 0 0]
[1605847650178818768664167839377477346007431198413814658189580838029055983420616717880767148342721474350665893808753522636820869371000743921223884867154973689275539343112035301299597654519684060269539086938791796143041345234675823974005554134025731533517410625014605861822371888441873345756133049588541329465235577601 0 0 0 0 0 0 0 0 0 0 0 0 0 0 0 0 0 0 0 0 0 0 0 0 0 0 0 0 0 0 0 0 0 0 0 0 0 0 0 0 0 0 0 0 0 0 0 0 0 0 0 0 0 0 0 0 0 0 0 0 0 0 0 0 0 0 0 0 0 0 0 0 0 0 0 0 0 0 0 0 1 0 0 0 0 0 0 0 0 0 0 0 0 0 0 0 0 0 0 0 0 0 0 0]
[1278907346167095052189073942295720617243894903386754513149591238217071141616371175360185267991178785483639627377458463493906428043897707486985414477181871055625300020754521649788953067338486294883482494974245477502537312101926615767189442402430509686589974774517181153876270937140729096483288494219126955501223630014 0 0 0 0 0 0 0 0 0 0 0 0 0 0 0 0 0 0 0 0 0 0 0 0 0 0 0 0 0 0 0 0 0 0 0 0 0 0 0 0 0 0 0 0 0 0 0 0 0 0 0 0 0 0 0 0 0 0 0 0 0 0 0 0 0 0 0 0 0 0 0 0 0 0 0 0 0 0 0 0 0 1 0 0 0 0 0 0 0 0 0 0 0 0 0 0 0 0 0 0 0 0 0 0]
[3976275118398328557991963455627742838598100647703390322866109256144068240925535542569386286224009175520673207013193256031731844202872791194532967586426236942340844446595890517781859976614520125000047737199166751491596828059772882422513784783366090828671048803284326594092239522596334331656808934136516567512016673646 0 0 0 0 0 0 0 0 0 0 0 0 0 0 0 0 0 0 0 0 0 0 0 0 0 0 0 0 0 0 0 0 0 0 0 0 0 0 0 0 0 0 0 0 0 0 0 0 0 0 0 0 0 0 0 0 0 0 0 0 0 0 0 0 0 0 0 0 0 0 0 0 0 0 0 0 0 0 0 0 0 0 1 0 0 0 0 0 0 0 0 0 0 0 0 0 0 0 0 0 0 0 0 0]
[7969109117203460029471633110723805932784533132247871155604908644362104336368852840009678801034815093981083027993676886591120851299926906201420259863594562628982157279391482195308289222126416356240204005061826951072628282777886635359110988316598286550603493827880738036354658806623895864206158980325026428993003106237 0 0 0 0 0 0 0 0 0 0 0 0 0 0 0 0 0 0 0 0 0 0 0 0 0 0 0 0 0 0 0 0 0 0 0 0 0 0 0 0 0 0 0 0 0 0 0 0 0 0 0 0 0 0 0 0 0 0 0 0 0 0 0 0 0 0 0 0 0 0 0 0 0 0 0 0 0 0 0 0 0 0 0 1 0 0 0 0 0 0 0 0 0 0 0 0 0 0 0 0 0 0 0 0]
[891860963660543712084672400948444060597884226529185926877713147682703099201311322859714823666879379853614175734070503905536066050830193580151310079872996466260089490579922946735048897476250666983914231991642878188251189481535907983626948484890785759156361332134286758837054593614193062815999218109379041088483878594 0 0 0 0 0 0 0 0 0 0 0 0 0 0 0 0 0 0 0 0 0 0 0 0 0 0 0 0 0 0 0 0 0 0 0 0 0 0 0 0 0 0 0 0 0 0 0 0 0 0 0 0 0 0 0 0 0 0 0 0 0 0 0 0 0 0 0 0 0 0 0 0 0 0 0 0 0 0 0 0 0 0 0 0 1 0 0 0 0 0 0 0 0 0 0 0 0 0 0 0 0 0 0 0]
[1977241633261700941141733520165286574766149018035428293928145120085807890681182466327530340419045407816210057894281973480661540263878892143443278471736745912805878535440683642329034186964804621925852228162311652932113705494040230863899461370872085676327642834507075283942850401000938421743892201250328683604469442282 0 0 0 0 0 0 0 0 0 0 0 0 0 0 0 0 0 0 0 0 0 0 0 0 0 0 0 0 0 0 0 0 0 0 0 0 0 0 0 0 0 0 0 0 0 0 0 0 0 0 0 0 0 0 0 0 0 0 0 0 0 0 0 0 0 0 0 0 0 0 0 0 0 0 0 0 0 0 0 0 0 0 0 0 0 1 0 0 0 0 0 0 0 0 0 0 0 0 0 0 0 0 0 0]
[3704059007438348410769980748795932295954930622499302524721705036514724453956247325301835803427596416536405165453735749842064073405237920305549291900296697808284715026789930239011344326392570525344485288904622856215597711640466445314729939837092461671052579113874572011608472676296135422237251306595725257764675756473 0 0 0 0 0 0 0 0 0 0 0 0 0 0 0 0 0 0 0 0 0 0 0 0 0 0 0 0 0 0 0 0 0 0 0 0 0 0 0 0 0 0 0 0 0 0 0 0 0 0 0 0 0 0 0 0 0 0 0 0 0 0 0 0 0 0 0 0 0 0 0 0 0 0 0 0 0 0 0 0 0 0 0 0 0 0 1 0 0 0 0 0 0 0 0 0 0 0 0 0 0 0 0 0]
[70875206041125077239367354593711905760103098287251887221770621907415731516374210850219253135406489653539309030804027632685348080654005532781728966096056883936583802208106020808730769009749084955088457175438222714363602589531878380815968474042844043473949059967970789666103738300215552012668449831595532630631880205 0 0 0 0 0 0 0 0 0 0 0 0 0 0 0 0 0 0 0 0 0 0 0 0 0 0 0 0 0 0 0 0 0 0 0 0 0 0 0 0 0 0 0 0 0 0 0 0 0 0 0 0 0 0 0 0 0 0 0 0 0 0 0 0 0 0 0 0 0 0 0 0 0 0 0 0 0 0 0 0 0 0 0 0 0 0 0 1 0 0 0 0 0 0 0 0 0 0 0 0 0 0 0 0]
[4701665972028086401818431985633409852915144141416700550029861650091624020224534181321255573064796291886008677693877547872266145285293087913808579301523121574098531647859929560518437077459560672119334772244266283971097134367657306614438241576583852931163775680900581547112322665136662088596329811044951359858602367952 0 0 0 0 0 0 0 0 0 0 0 0 0 0 0 0 0 0 0 0 0 0 0 0 0 0 0 0 0 0 0 0 0 0 0 0 0 0 0 0 0 0 0 0 0 0 0 0 0 0 0 0 0 0 0 0 0 0 0 0 0 0 0 0 0 0 0 0 0 0 0 0 0 0 0 0 0 0 0 0 0 0 0 0 0 0 0 0 1 0 0 0 0 0 0 0 0 0 0 0 0 0 0 0]
[1147259304342516456432937629588417853879937789961016737389449703060186676959520837936414972618972635454335099507183544683446299038078383316608570090329895584662234668162155345164158362338973125887934018408350647612695158981498189569637919606849192916699490901527317050501311667492311580695480448891356523147775631532 0 0 0 0 0 0 0 0 0 0 0 0 0 0 0 0 0 0 0 0 0 0 0 0 0 0 0 0 0 0 0 0 0 0 0 0 0 0 0 0 0 0 0 0 0 0 0 0 0 0 0 0 0 0 0 0 0 0 0 0 0 0 0 0 0 0 0 0 0 0 0 0 0 0 0 0 0 0 0 0 0 0 0 0 0 0 0 0 0 1 0 0 0 0 0 0 0 0 0 0 0 0 0 0]
[3002024473017664355821911592279777851940517155202713920240486749477553221858913783301443517859761928146638626443070008516157679617837072826309907048600097910037629240702930677863237373562520120182025200403372091868528727335263170928218405882552778292738606158343886318896080893992907797272214240683303021353138604751 0 0 0 0 0 0 0 0 0 0 0 0 0 0 0 0 0 0 0 0 0 0 0 0 0 0 0 0 0 0 0 0 0 0 0 0 0 0 0 0 0 0 0 0 0 0 0 0 0 0 0 0 0 0 0 0 0 0 0 0 0 0 0 0 0 0 0 0 0 0 0 0 0 0 0 0 0 0 0 0 0 0 0 0 0 0 0 0 0 0 1 0 0 0 0 0 0 0 0 0 0 0 0 0]
[124782805409257394981624974021351355168471727346812700452921862704593642818331833088267538753587373566071130819169890164556320924497273232930651301030791988808158717709136814184239980642157540170929531932053154392697042707398321919649557394964304582694617400458548953668855204189771067717053888642792026023529858162 0 0 0 0 0 0 0 0 0 0 0 0 0 0 0 0 0 0 0 0 0 0 0 0 0 0 0 0 0 0 0 0 0 0 0 0 0 0 0 0 0 0 0 0 0 0 0 0 0 0 0 0 0 0 0 0 0 0 0 0 0 0 0 0 0 0 0 0 0 0 0 0 0 0 0 0 0 0 0 0 0 0 0 0 0 0 0 0 0 0 0 1 0 0 0 0 0 0 0 0 0 0 0 0]
[7783146284423883473246385345757551624671477909918971123587364951640716446219566637064400462172548400125615168127028366766412392709953367397390881871986694131588238358185367774394922888809891494999599783102380805987835187141653989741937930376109528495333130331808733063128698660247237366446183542178223452107994235552 0 0 0 0 0 0 0 0 0 0 0 0 0 0 0 0 0 0 0 0 0 0 0 0 0 0 0 0 0 0 0 0 0 0 0 0 0 0 0 0 0 0 0 0 0 0 0 0 0 0 0 0 0 0 0 0 0 0 0 0 0 0 0 0 0 0 0 0 0 0 0 0 0 0 0 0 0 0 0 0 0 0 0 0 0 0 0 0 0 0 0 0 1 0 0 0 0 0 0 0 0 0 0 0]
[5102346376124913307108064963841248316929342182677480176275544191949456604479012840112082202748070168535688499872483626795180813041404785740597222849271755188789336607831834307749123377268359730877696656154801484843702337942158936880040944300884016699344773174512449119336003220604624554110559850531824734955105493219 0 0 0 0 0 0 0 0 0 0 0 0 0 0 0 0 0 0 0 0 0 0 0 0 0 0 0 0 0 0 0 0 0 0 0 0 0 0 0 0 0 0 0 0 0 0 0 0 0 0 0 0 0 0 0 0 0 0 0 0 0 0 0 0 0 0 0 0 0 0 0 0 0 0 0 0 0 0 0 0 0 0 0 0 0 0 0 0 0 0 0 0 0 1 0 0 0 0 0 0 0 0 0 0]
[302561254095032380306985097622043970169799423285154249572095391260912648133576031508862546023158380055894535327749971694936761107870794856601587810351914740923263747189418362708009873718912494490167003676619617004353786996199262308191880826258883956437090830853357634291195645200058114221559960295584400615295994295 0 0 0 0 0 0 0 0 0 0 0 0 0 0 0 0 0 0 0 0 0 0 0 0 0 0 0 0 0 0 0 0 0 0 0 0 0 0 0 0 0 0 0 0 0 0 0 0 0 0 0 0 0 0 0 0 0 0 0 0 0 0 0 0 0 0 0 0 0 0 0 0 0 0 0 0 0 0 0 0 0 0 0 0 0 0 0 0 0 0 0 0 0 0 1 0 0 0 0 0 0 0 0 0]
[4284269949053505084235833768338071729884607569114101521592042151930424316075147724149837812319398716238731174140695745538030607590393656775575927490185199015181696236969260861685206213741954961689607054082055278674719904720470422647559361087921256286407055409494866619186211133516155502956881215296521768836390816979 0 0 0 0 0 0 0 0 0 0 0 0 0 0 0 0 0 0 0 0 0 0 0 0 0 0 0 0 0 0 0 0 0 0 0 0 0 0 0 0 0 0 0 0 0 0 0 0 0 0 0 0 0 0 0 0 0 0 0 0 0 0 0 0 0 0 0 0 0 0 0 0 0 0 0 0 0 0 0 0 0 0 0 0 0 0 0 0 0 0 0 0 0 0 0 1 0 0 0 0 0 0 0 0]
[7938844571264154224802517188823673367579370576649859929149061451749420133357783252882163595138398789343933142733075737283184936690640436989915975668170301362381650545013351798223154390106492021712480125954387677655933097391551748515303084344100793741377745786463877927466392485156029978421786655360729779596382883802 0 0 0 0 0 0 0 0 0 0 0 0 0 0 0 0 0 0 0 0 0 0 0 0 0 0 0 0 0 0 0 0 0 0 0 0 0 0 0 0 0 0 0 0 0 0 0 0 0 0 0 0 0 0 0 0 0 0 0 0 0 0 0 0 0 0 0 0 0 0 0 0 0 0 0 0 0 0 0 0 0 0 0 0 0 0 0 0 0 0 0 0 0 0 0 0 1 0 0 0 0 0 0 0]
[6799727075211398676640455995136445915363591165409931255619562305958978281939176349067453807673978470017980136996827029314643791663627846795114058036996331386010329922577997460914576875136653941921210039311029017126477078632746161912611171612628576105499754194111954101477626935629539553487298462166279153361201468637 0 0 0 0 0 0 0 0 0 0 0 0 0 0 0 0 0 0 0 0 0 0 0 0 0 0 0 0 0 0 0 0 0 0 0 0 0 0 0 0 0 0 0 0 0 0 0 0 0 0 0 0 0 0 0 0 0 0 0 0 0 0 0 0 0 0 0 0 0 0 0 0 0 0 0 0 0 0 0 0 0 0 0 0 0 0 0 0 0 0 0 0 0 0 0 0 0 1 0 0 0 0 0 0]
[6890345255035691514621127831290393164842363826195602582228691097433853687211290725939583466545979787300251603823077296549934346750349102819875703425984309741503209037762741402040951448708178771743326095702520951021587712702197972389954888772717486922688061371499866059652746566166624946305849781781652844210309949277 0 0 0 0 0 0 0 0 0 0 0 0 0 0 0 0 0 0 0 0 0 0 0 0 0 0 0 0 0 0 0 0 0 0 0 0 0 0 0 0 0 0 0 0 0 0 0 0 0 0 0 0 0 0 0 0 0 0 0 0 0 0 0 0 0 0 0 0 0 0 0 0 0 0 0 0 0 0 0 0 0 0 0 0 0 0 0 0 0 0 0 0 0 0 0 0 0 0 1 0 0 0 0 0]
[7010098537723010841760966993498125703857798456618184012816298802740679762832559729129756527819594394141554704137522928213276724216410626668983570652747666299156986120250416326227278157717159765191499326401530409734770194204599719182766525214654225135218020769289623811786829452544502077018500402672334624005609575994 0 0 0 0 0 0 0 0 0 0 0 0 0 0 0 0 0 0 0 0 0 0 0 0 0 0 0 0 0 0 0 0 0 0 0 0 0 0 0 0 0 0 0 0 0 0 0 0 0 0 0 0 0 0 0 0 0 0 0 0 0 0 0 0 0 0 0 0 0 0 0 0 0 0 0 0 0 0 0 0 0 0 0 0 0 0 0 0 0 0 0 0 0 0 0 0 0 0 0 1 0 0 0 0]
[7813544353827236323124554799950594747934914586627810301383382341026334256698187208263768187385998935077263438378416299235137956147183159835715671576585155808332294476080666055173069224454871292637191879554680826410247840426381154314894562633060841266693783368965756626695795256812214523137410145548196035399953659894 0 0 0 0 0 0 0 0 0 0 0 0 0 0 0 0 0 0 0 0 0 0 0 0 0 0 0 0 0 0 0 0 0 0 0 0 0 0 0 0 0 0 0 0 0 0 0 0 0 0 0 0 0 0 0 0 0 0 0 0 0 0 0 0 0 0 0 0 0 0 0 0 0 0 0 0 0 0 0 0 0 0 0 0 0 0 0 0 0 0 0 0 0 0 0 0 0 0 0 0 1 0 0 0]
[5242181538879245460021754872685062333355052402246456650387208939836790572341547498634903502215309402120423468149975216644016815452768720243222715838133216800733056792907526561924278592188387735649454851112828615922164719118336448637307901439309376078499436652374433974781528556502870744042153199683661679541169731384 0 0 0 0 0 0 0 0 0 0 0 0 0 0 0 0 0 0 0 0 0 0 0 0 0 0 0 0 0 0 0 0 0 0 0 0 0 0 0 0 0 0 0 0 0 0 0 0 0 0 0 0 0 0 0 0 0 0 0 0 0 0 0 0 0 0 0 0 0 0 0 0 0 0 0 0 0 0 0 0 0 0 0 0 0 0 0 0 0 0 0 0 0 0 0 0 0 0 0 0 0 1 0 0]
[6674379310638056424860952097816610955603519530443185134556255662072548974260231361399027337019636260686641094006056521120990278583080714452135748194454990112968148122940150197668129435973036163356742246770357660014698864411254043253655473961753295420463546187563636926974211068620453552528721760126794347826786189920 0 0 0 0 0 0 0 0 0 0 0 0 0 0 0 0 0 0 0 0 0 0 0 0 0 0 0 0 0 0 0 0 0 0 0 0 0 0 0 0 0 0 0 0 0 0 0 0 0 0 0 0 0 0 0 0 0 0 0 0 0 0 0 0 0 0 0 0 0 0 0 0 0 0 0 0 0 0 0 0 0 0 0 0 0 0 0 0 0 0 0 0 0 0 0 0 0 0 0 0 0 0 1 0]
[2118792938209148702968168171865129267313842134680815242241361432986078565427317011565962675316639634891379177775294705197538441565157475840797179848714497280826499296607770045414268892581366146814643801839348928082185462116646260141744084547551171882518820390200091538201898814206180374772606226981553421591083658422 0 0 0 0 0 0 0 0 0 0 0 0 0 0 0 0 0 0 0 0 0 0 0 0 0 0 0 0 0 0 0 0 0 0 0 0 0 0 0 0 0 0 0 0 0 0 0 0 0 0 0 0 0 0 0 0 0 0 0 0 0 0 0 0 0 0 0 0 0 0 0 0 0 0 0 0 0 0 0 0 0 0 0 0 0 0 0 0 0 0 0 0 0 0 0 0 0 0 0 0 0 0 0 1]
]
