[[7393032164268756077251732906740618147960091057736912669929134079033706498962593144759593254296070120771434418124218541955932790406159083333571532911874713736367067435263833927547190177156070668060193479538150354948113458589308104340401259113197188915030690797659331831843986675366911870747041360759549072810634034969 0 0 0 0 0 0 0 0 0 0 0 0 0 0 0 0 0 0 0 0 0 0 0 0 0 0 0 0 0 0 0 0 0 0 0 0 0 0 0 0 0 0 0 0 0 0 0 0 0 0 0 0 0 0 0 0 0 0 0 0 0 0 0 0 0 0 0 0 0 0 0 0 0 0 0 0 0 0 0 0 0 0 0 0 0 0 0 0 0 0 0 0 0 0 0 0 0 0 0 0 0 0 0 0]
[5983125280327748956607604473804263831822900572297766972944322754320746588048837892075383706079544008174285204310868074787358836940897877478823555774375386054117537885627441988071608099416602011201900512325393324825793376382899250389542722034577714946231462614366258156793186254728854604800904969953601644094066899061 1 0 0 0 0 0 0 0 0 0 0 0 0 0 0 0 0 0 0 0 0 0 0 0 0 0 0 0 0 0 0 0 0 0 0 0 0 0 0 0 0 0 0 0 0 0 0 0 0 0 0 0 0 0 0 0 0 0 0 0 0 0 0 0 0 0 0 0 0 0 0 0 0 0 0 0 0 0 0 0 0 0 0 0 0 0 0 0 0 0 0 0 0 0 0 0 0 0 0 0 0 0 0 0]
[1267621872532652017231292863135637945408153244913774051531172359148805289148339663625226309105285388839033661466090608368771687382312086324762395027353590327519134534656120465633390337244657270714021137140895001279198169797768874253908705903969690794500559723336896573362588500302571788899316513697557309179417918434 0 1 0 0 0 0 0 0 0 0 0 0 0 0 0 0 0 0 0 0 0 0 0 0 0 0 0 0 0 0 0 0 0 0 0 0 0 0 0 0 0 0 0 0 0 0 0 0 0 0 0 0 0 0 0 0 0 0 0 0 0 0 0 0 0 0 0 0 0 0 0 0 0 0 0 0 0 0 0 0 0 0 0 0 0 0 0 0 0 0 0 0 0 0 0 0 0 0 0 0 0 0 0 0]
[1252605146803925445019211702281980789155592286996071278610473196870161827020391145758879992946329929658092175887907218186595526589290830763957838002062441492610963889782072074703709220884500209640110271870865288218966481813442248867989238346924236787190398402671686819907008586379459613572070986117617871334242521621 0 0 1 0 0 0 0 0 0 0 0 0 0 0 0 0 0 0 0 0 0 0 0 0 0 0 0 0 0 0 0 0 0 0 0 0 0 0 0 0 0 0 0 0 0 0 0 0 0 0 0 0 0 0 0 0 0 0 0 0 0 0 0 0 0 0 0 0 0 0 0 0 0 0 0 0 0 0 0 0 0 0 0 0 0 0 0 0 0 0 0 0 0 0 0 0 0 0 0 0 0 0 0 0]
[5578138793869651173937730079335085812854213648799056444214656991951239325868754359901590684056147118693990796415146032775413749768431243630223717471516297982918073844398515815808308378101307773283081041303520663236872884914903159383813185259758655149510188292636683789252865088993434896915619976021538740570205855424 0 0 0 1 0 0 0 0 0 0 0 0 0 0 0 0 0 0 0 0 0 0 0 0 0 0 0 0 0 0 0 0 0 0 0 0 0 0 0 0 0 0 0 0 0 0 0 0 0 0 0 0 0 0 0 0 0 0 0 0 0 0 0 0 0 0 0 0 0 0 0 0 0 0 0 0 0 0 0 0 0 0 0 0 0 0 0 0 0 0 0 0 0 0 0 0 0 0 0 0 0 0 0 0]
[1537258917897727308328848514189757726104524858663771969241934451002913006196180292264438775074705682985844220556904719240979394810214628662922250447979162068022040991790542928274796966810123609515364411615321065324156025202008945911803420325211379570030156095336568959132314584390561216898079118405694014423053676379 0 0 0 0 1 0 0 0 0 0 0 0 0 0 0 0 0 0 0 0 0 0 0 0 0 0 0 0 0 0 0 0 0 0 0 0 0 0 0 0 0 0 0 0 0 0 0 0 0 0 0 0 0 0 0 0 0 0 0 0 0 0 0 0 0 0 0 0 0 0 0 0 0 0 0 0 0 0 0 0 0 0 0 0 0 0 0 0 0 0 0 0 0 0 0 0 0 0 0 0 0 0 0 0]
[170229532101325167637904968875305554371674977296149756999571228226403403986075376749597708634893664875993402698101644385879450169993669713517605692279197799853921951392713161750205714659221711460175746293295348659561539900827766549655615000319926206511102594955782524916573852370816686076249769590611571152636407017 0 0 0 0 0 1 0 0 0 0 0 0 0 0 0 0 0 0 0 0 0 0 0 0 0 0 0 0 0 0 0 0 0 0 0 0 0 0 0 0 0 0 0 0 0 0 0 0 0 0 0 0 0 0 0 0 0 0 0 0 0 0 0 0 0 0 0 0 0 0 0 0 0 0 0 0 0 0 0 0 0 0 0 0 0 0 0 0 0 0 0 0 0 0 0 0 0 0 0 0 0 0 0 0]
[5642210323327973816641438768211527848073956036598204458055860730532527325592885003206055342733527837158109711701012669220250111024132006581366266584484372952706747477484742983602045916989535957326470520723366619901206954653134937905468715823057120433948013159432884615423155509918273187040287032623991101882702044302 0 0 0 0 0 0 1 0 0 0 0 0 0 0 0 0 0 0 0 0 0 0 0 0 0 0 0 0 0 0 0 0 0 0 0 0 0 0 0 0 0 0 0 0 0 0 0 0 0 0 0 0 0 0 0 0 0 0 0 0 0 0 0 0 0 0 0 0 0 0 0 0 0 0 0 0 0 0 0 0 0 0 0 0 0 0 0 0 0 0 0 0 0 0 0 0 0 0 0 0 0 0 0 0]
[6817824989959186757928212529412212038704381403933146397912444712896358764630143800100849591975605716169376545588946087268219387681787199017134907499641259309210673693575595470287674500428690643597761498786935455583523764495060527204068128698235678604417793562184451632946459397282214317224534331776279524651980497496 0 0 0 0 0 0 0 1 0 0 0 0 0 0 0 0 0 0 0 0 0 0 0 0 0 0 0 0 0 0 0 0 0 0 0 0 0 0 0 0 0 0 0 0 0 0 0 0 0 0 0 0 0 0 0 0 0 0 0 0 0 0 0 0 0 0 0 0 0 0 0 0 0 0 0 0 0 0 0 0 0 0 0 0 0 0 0 0 0 0 0 0 0 0 0 0 0 0 0 0 0 0 0 0]
[3507545162256356291345450325871963932935392601060063673778519664073585134524141927608492873706305857062277628045317059134258783205987376882974569841112879311038481480637366724187164492902302876117356996180589978416761187073071458011414235221167862521735924698416187078107929836446112166501024751548183700098307241286 0 0 0 0 0 0 0 0 1 0 0 0 0 0 0 0 0 0 0 0 0 0 0 0 0 0 0 0 0 0 0 0 0 0 0 0 0 0 0 0 0 0 0 0 0 0 0 0 0 0 0 0 0 0 0 0 0 0 0 0 0 0 0 0 0 0 0 0 0 0 0 0 0 0 0 0 0 0 0 0 0 0 0 0 0 0 0 0 0 0 0 0 0 0 0 0 0 0 0 0 0 0 0 0]
[4266539386719434482352672465048223804570132605638379542699299635104886293084932630130674413311809882675881649764797212879018566079663655331053653273831072057914409700827496318096071902614139979156543894292152828604338984287978248525137956902909653602905221230746335667328949065456232512951017541492873389484013944670 0 0 0 0 0 0 0 0 0 1 0 0 0 0 0 0 0 0 0 0 0 0 0 0 0 0 0 0 0 0 0 0 0 0 0 0 0 0 0 0 0 0 0 0 0 0 0 0 0 0 0 0 0 0 0 0 0 0 0 0 0 0 0 0 0 0 0 0 0 0 0 0 0 0 0 0 0 0 0 0 0 0 0 0 0 0 0 0 0 0 0 0 0 0 0 0 0 0 0 0 0 0 0 0]
[6827912938053549413504012303474729166446248342242891217747790003253679509491942427924792020142353706519263103519704517018516260736667944696555756155113738412806464050260813677043953523122952115004231330622676712517790098515314998690805287458037198117655681610246638627880674457761380278120905332154990566528207588144 0 0 0 0 0 0 0 0 0 0 1 0 0 0 0 0 0 0 0 0 0 0 0 0 0 0 0 0 0 0 0 0 0 0 0 0 0 0 0 0 0 0 0 0 0 0 0 0 0 0 0 0 0 0 0 0 0 0 0 0 0 0 0 0 0 0 0 0 0 0 0 0 0 0 0 0 0 0 0 0 0 0 0 0 0 0 0 0 0 0 0 0 0 0 0 0 0 0 0 0 0 0 0 0]
[348882666794258372577562363977077502263831783089445685779160538124260096694057346367036757477241090607892485374052797503350667897119134573577825158769484915885274639697972778362990031577168976146812130327280789967590777332309188387307086263447411360223422712670836920916718343731184357750632417249873458091940541825 0 0 0 0 0 0 0 0 0 0 0 1 0 0 0 0 0 0 0 0 0 0 0 0 0 0 0 0 0 0 0 0 0 0 0 0 0 0 0 0 0 0 0 0 0 0 0 0 0 0 0 0 0 0 0 0 0 0 0 0 0 0 0 0 0 0 0 0 0 0 0 0 0 0 0 0 0 0 0 0 0 0 0 0 0 0 0 0 0 0 0 0 0 0 0 0 0 0 0 0 0 0 0 0]
[2799190021494782985864821498734778754564571585288573052175505820863398102569613581851124074570610930805748222129053662891007157290207057555567263555318253513316996667304845647051479357949129460289392678357202853244763613135279482833303263854018123753653791939152465843215757808388788449427180544745109573577996676806 0 0 0 0 0 0 0 0 0 0 0 0 1 0 0 0 0 0 0 0 0 0 0 0 0 0 0 0 0 0 0 0 0 0 0 0 0 0 0 0 0 0 0 0 0 0 0 0 0 0 0 0 0 0 0 0 0 0 0 0 0 0 0 0 0 0 0 0 0 0 0 0 0 0 0 0 0 0 0 0 0 0 0 0 0 0 0 0 0 0 0 0 0 0 0 0 0 0 0 0 0 0 0 0]
[5230643052985201182811238153024425284853432696205934483564910521747223479962150059511421628668344523947194731721112892092708780102405357268812187870458334031173621836645983758113042936036708821365002670565165006521468657344379489036297357200449754409816185939719264750763098948940845258434299243054999948910427434641 0 0 0 0 0 0 0 0 0 0 0 0 0 1 0 0 0 0 0 0 0 0 0 0 0 0 0 0 0 0 0 0 0 0 0 0 0 0 0 0 0 0 0 0 0 0 0 0 0 0 0 0 0 0 0 0 0 0 0 0 0 0 0 0 0 0 0 0 0 0 0 0 0 0 0 0 0 0 0 0 0 0 0 0 0 0 0 0 0 0 0 0 0 0 0 0 0 0 0 0 0 0 0 0]
[3720162141764358112692516531093594997084146647788642714014511634855521023761349619278598130164743936462139837363649318794983909632108426552551352108602213083045986878086792914167692926959121307950811261060055834781221695846394234394185821333992936553578002125020131531095030673191936847881251464032564448968895161289 0 0 0 0 0 0 0 0 0 0 0 0 0 0 1 0 0 0 0 0 0 0 0 0 0 0 0 0 0 0 0 0 0 0 0 0 0 0 0 0 0 0 0 0 0 0 0 0 0 0 0 0 0 0 0 0 0 0 0 0 0 0 0 0 0 0 0 0 0 0 0 0 0 0 0 0 0 0 0 0 0 0 0 0 0 0 0 0 0 0 0 0 0 0 0 0 0 0 0 0 0 0 0 0]
[3836773944596504596429152766303265281368026240639803577245891363926199350593282684512054199615788751939879018064220666277630537189420614112394268450044543877038626923151444226993245430844972490175645552041828520833940621634047708517291853400320154779180121868756114697441675212278514803722705776972345349708428614825 0 0 0 0 0 0 0 0 0 0 0 0 0 0 0 1 0 0 0 0 0 0 0 0 0 0 0 0 0 0 0 0 0 0 0 0 0 0 0 0 0 0 0 0 0 0 0 0 0 0 0 0 0 0 0 0 0 0 0 0 0 0 0 0 0 0 0 0 0 0 0 0 0 0 0 0 0 0 0 0 0 0 0 0 0 0 0 0 0 0 0 0 0 0 0 0 0 0 0 0 0 0 0 0]
[1234911493465643995012973858042261057236453407925533747819417523598976633892299074583344632624106820627873703977147722683420565093901928416754992788376081324639127646952923426342354352005661408257757512599832368194374822552518847354458835081892107036693901418638308196763944319438528314552529658950698653952145280986 0 0 0 0 0 0 0 0 0 0 0 0 0 0 0 0 1 0 0 0 0 0 0 0 0 0 0 0 0 0 0 0 0 0 0 0 0 0 0 0 0 0 0 0 0 0 0 0 0 0 0 0 0 0 0 0 0 0 0 0 0 0 0 0 0 0 0 0 0 0 0 0 0 0 0 0 0 0 0 0 0 0 0 0 0 0 0 0 0 0 0 0 0 0 0 0 0 0 0 0 0 0 0 0]
[929557969957630633100172102416886134616266377405996888879442941462150250845943108162818358495843722874124159432345777733705617959850100974548320789604652720323610061296939205001070020668987024182367711142112797679400861285676757053631900804850421561775231999742072332487758059175930188112745880650294984056881194279 0 0 0 0 0 0 0 0 0 0 0 0 0 0 0 0 0 1 0 0 0 0 0 0 0 0 0 0 0 0 0 0 0 0 0 0 0 0 0 0 0 0 0 0 0 0 0 0 0 0 0 0 0 0 0 0 0 0 0 0 0 0 0 0 0 0 0 0 0 0 0 0 0 0 0 0 0 0 0 0 0 0 0 0 0 0 0 0 0 0 0 0 0 0 0 0 0 0 0 0 0 0 0 0]
[787961982984106129956651424080984858277873561857045699896129592929275934601653649405012900907731946996025897568697058519999366427611906292360859848229553272117107186903660964623207244592010801656291761852475909562619918713941150830006290273697286034387755701267543689967963937077136232228962167801474960340276981913 0 0 0 0 0 0 0 0 0 0 0 0 0 0 0 0 0 0 1 0 0 0 0 0 0 0 0 0 0 0 0 0 0 0 0 0 0 0 0 0 0 0 0 0 0 0 0 0 0 0 0 0 0 0 0 0 0 0 0 0 0 0 0 0 0 0 0 0 0 0 0 0 0 0 0 0 0 0 0 0 0 0 0 0 0 0 0 0 0 0 0 0 0 0 0 0 0 0 0 0 0 0 0 0]
[464566748487636955900340615465931732056158456439928642648099973722590503766035167098327756053033871690280895213733721143550623122452519127006431691887428662954972631518080249276152809063819363011756483355520301849827782870140131164860167815419080448124254342786604059817801478033423548774420230313039535274872990238 0 0 0 0 0 0 0 0 0 0 0 0 0 0 0 0 0 0 0 1 0 0 0 0 0 0 0 0 0 0 0 0 0 0 0 0 0 0 0 0 0 0 0 0 0 0 0 0 0 0 0 0 0 0 0 0 0 0 0 0 0 0 0 0 0 0 0 0 0 0 0 0 0 0 0 0 0 0 0 0 0 0 0 0 0 0 0 0 0 0 0 0 0 0 0 0 0 0 0 0 0 0 0 0]
[7239825868073293033017777037628041933412205082270941539244534599474925716308384120175805278122556621659570364160548387639490382418162290814314550762543256568869358015227050079492830510909431409933107205781007029000381649822458396620745914063743674861350792670741223528723018907647972047717545376148958728080905015415 0 0 0 0 0 0 0 0 0 0 0 0 0 0 0 0 0 0 0 0 1 0 0 0 0 0 0 0 0 0 0 0 0 0 0 0 0 0 0 0 0 0 0 0 0 0 0 0 0 0 0 0 0 0 0 0 0 0 0 0 0 0 0 0 0 0 0 0 0 0 0 0 0 0 0 0 0 0 0 0 0 0 0 0 0 0 0 0 0 0 0 0 0 0 0 0 0 0 0 0 0 0 0 0]
[1085688009048129334512310490316125653454314103987218640331255538765884269130768452362091636597300531175850093181023349592482159987463990094485983379000524591534459757820781232791742406436276660707724999258774868201947972540936989883451972388650078948350357506954858711292345632407305919593718932808814620221250868928 0 0 0 0 0 0 0 0 0 0 0 0 0 0 0 0 0 0 0 0 0 1 0 0 0 0 0 0 0 0 0 0 0 0 0 0 0 0 0 0 0 0 0 0 0 0 0 0 0 0 0 0 0 0 0 0 0 0 0 0 0 0 0 0 0 0 0 0 0 0 0 0 0 0 0 0 0 0 0 0 0 0 0 0 0 0 0 0 0 0 0 0 0 0 0 0 0 0 0 0 0 0 0 0]
[79935071247862350445378591856657784584291485505073212802580100712519475285958887138300626880681320281793331230928044829290933110991750703119648714735375014278799253528261851075270288897747770660659976736913250493828156403159425816096731386972268941200825104425841705899433760685553473867926959772263741626848665606 0 0 0 0 0 0 0 0 0 0 0 0 0 0 0 0 0 0 0 0 0 0 1 0 0 0 0 0 0 0 0 0 0 0 0 0 0 0 0 0 0 0 0 0 0 0 0 0 0 0 0 0 0 0 0 0 0 0 0 0 0 0 0 0 0 0 0 0 0 0 0 0 0 0 0 0 0 0 0 0 0 0 0 0 0 0 0 0 0 0 0 0 0 0 0 0 0 0 0 0 0 0 0 0]
[2937987414820820631685653560671371491925670183641555184081137982843778769400493109877036979191986546485175745756063455079995269674517411101896421911031568217126232951044049058859524691276196354097004362547364840183387824690292170721846824366193629992835771460985902073224293783743825092727274244924271749188522124276 0 0 0 0 0 0 0 0 0 0 0 0 0 0 0 0 0 0 0 0 0 0 0 1 0 0 0 0 0 0 0 0 0 0 0 0 0 0 0 0 0 0 0 0 0 0 0 0 0 0 0 0 0 0 0 0 0 0 0 0 0 0 0 0 0 0 0 0 0 0 0 0 0 0 0 0 0 0 0 0 0 0 0 0 0 0 0 0 0 0 0 0 0 0 0 0 0 0 0 0 0 0 0 0]
[3456967797871529339038709557425439424546297686228562419176892103112766285577375764808616748668081775698972770066098319152391322397628277901871283578234220983456934926014971282587963364427942403154851385589642766492993021120048760175672672807525951126770146248301436673143132960427182022315972756904301524163412850366 0 0 0 0 0 0 0 0 0 0 0 0 0 0 0 0 0 0 0 0 0 0 0 0 1 0 0 0 0 0 0 0 0 0 0 0 0 0 0 0 0 0 0 0 0 0 0 0 0 0 0 0 0 0 0 0 0 0 0 0 0 0 0 0 0 0 0 0 0 0 0 0 0 0 0 0 0 0 0 0 0 0 0 0 0 0 0 0 0 0 0 0 0 0 0 0 0 0 0 0 0 0 0 0]
[4491341735734365430176653083164598934863864482012456195542292813092391556932048675340979637044852501231228523082169356539121186138424419773262240099972384000025786699189402819375312602317296829777233891985129782096451333446511567737933395042347854367251245318816573430426654806799938526058612437614670909066885320752 0 0 0 0 0 0 0 0 0 0 0 0 0 0 0 0 0 0 0 0 0 0 0 0 0 1 0 0 0 0 0 0 0 0 0 0 0 0 0 0 0 0 0 0 0 0 0 0 0 0 0 0 0 0 0 0 0 0 0 0 0 0 0 0 0 0 0 0 0 0 0 0 0 0 0 0 0 0 0 0 0 0 0 0 0 0 0 0 0 0 0 0 0 0 0 0 0 0 0 0 0 0 0 0]
[2979821415762284068057912340409656251102571786421517164283922898621619338401894133476353069099754471628860333928798826535011984544792504344108839181173721232747862920644237613356260884086010279662556546240894525728826129166915663988720291428515831672677137606118680607165041245805439401688913746030457664321224707348 0 0 0 0 0 0 0 0 0 0 0 0 0 0 0 0 0 0 0 0 0 0 0 0 0 0 1 0 0 0 0 0 0 0 0 0 0 0 0 0 0 0 0 0 0 0 0 0 0 0 0 0 0 0 0 0 0 0 0 0 0 0 0 0 0 0 0 0 0 0 0 0 0 0 0 0 0 0 0 0 0 0 0 0 0 0 0 0 0 0 0 0 0 0 0 0 0 0 0 0 0 0 0 0]
[3919429592191119447790157767395659442128865555459214421358082776588179973907747625997174365263836941036017116633422759192639856027500352554515705076593220918928276469711872338405008395229595803200977767435796290754817682068946883042661068902499058439335832408153186170481248461432051925887470128103229748466501137063 0 0 0 0 0 0 0 0 0 0 0 0 0 0 0 0 0 0 0 0 0 0 0 0 0 0 0 1 0 0 0 0 0 0 0 0 0 0 0 0 0 0 0 0 0 0 0 0 0 0 0 0 0 0 0 0 0 0 0 0 0 0 0 0 0 0 0 0 0 0 0 0 0 0 0 0 0 0 0 0 0 0 0 0 0 0 0 0 0 0 0 0 0 0 0 0 0 0 0 0 0 0 0 0]
[3700426570205433058484833766324366868813116390218207020262277537044255140934551672048415373226651858716696439825347411500739866864734515204090791644035747602050323362758533696085496979626995629607445911750578662389059262136462178990098447076218365151717753452196655015057921136859941653595784778166553589105856393843 0 0 0 0 0 0 0 0 0 0 0 0 0 0 0 0 0 0 0 0 0 0 0 0 0 0 0 0 1 0 0 0 0 0 0 0 0 0 0 0 0 0 0 0 0 0 0 0 0 0 0 0 0 0 0 0 0 0 0 0 0 0 0 0 0 0 0 0 0 0 0 0 0 0 0 0 0 0 0 0 0 0 0 0 0 0 0 0 0 0 0 0 0 0 0 0 0 0 0 0 0 0 0 0]
[2515040441571345043711056559047865318027355865272108361810103836520210705525498170590921200081608837285762646616013830990916091734321877428060764607597990110575257953850352270960452487533678841761509116660211912729229258018115798220658391193894522572040960021635489822685239834202974396318997853823477868076688525752 0 0 0 0 0 0 0 0 0 0 0 0 0 0 0 0 0 0 0 0 0 0 0 0 0 0 0 0 0 1 0 0 0 0 0 0 0 0 0 0 0 0 0 0 0 0 0 0 0 0 0 0 0 0 0 0 0 0 0 0 0 0 0 0 0 0 0 0 0 0 0 0 0 0 0 0 0 0 0 0 0 0 0 0 0 0 0 0 0 0 0 0 0 0 0 0 0 0 0 0 0 0 0 0]
[2306299521130575767449429292809657382213923043734664834136459958870106979669327721497756426050656486523825962686913980476943318500836874697375938542542174966040894021051890779926585983506510844375639853273660368419839543853649917009606604641780496929193527117382816274150196880044657900532597835060979505424806786276 0 0 0 0 0 0 0 0 0 0 0 0 0 0 0 0 0 0 0 0 0 0 0 0 0 0 0 0 0 0 1 0 0 0 0 0 0 0 0 0 0 0 0 0 0 0 0 0 0 0 0 0 0 0 0 0 0 0 0 0 0 0 0 0 0 0 0 0 0 0 0 0 0 0 0 0 0 0 0 0 0 0 0 0 0 0 0 0 0 0 0 0 0 0 0 0 0 0 0 0 0 0 0 0]
[3551004777217896453742407693694802859618329873894471797566390334255177092501833122328353182297445826413894731564917303389982160702652370370821088419567992408971651553735274024620155732141796115410410088010450591872647617551940328958676232429221788229567162559174399477140770518575452760972336645111545293689374030165 0 0 0 0 0 0 0 0 0 0 0 0 0 0 0 0 0 0 0 0 0 0 0 0 0 0 0 0 0 0 0 1 0 0 0 0 0 0 0 0 0 0 0 0 0 0 0 0 0 0 0 0 0 0 0 0 0 0 0 0 0 0 0 0 0 0 0 0 0 0 0 0 0 0 0 0 0 0 0 0 0 0 0 0 0 0 0 0 0 0 0 0 0 0 0 0 0 0 0 0 0 0 0 0]
[442178178636621422651056094991187923816721598491636351180729202714612600472278161765964034628715864577319567493718658479993111740791626306683337832285664568867227521869505925740653530184159955656863503432069480471135322773684287003846546502443888534134007610264956626161878369805410142011677904036823717090332083792 0 0 0 0 0 0 0 0 0 0 0 0 0 0 0 0 0 0 0 0 0 0 0 0 0 0 0 0 0 0 0 0 1 0 0 0 0 0 0 0 0 0 0 0 0 0 0 0 0 0 0 0 0 0 0 0 0 0 0 0 0 0 0 0 0 0 0 0 0 0 0 0 0 0 0 0 0 0 0 0 0 0 0 0 0 0 0 0 0 0 0 0 0 0 0 0 0 0 0 0 0 0 0 0]
[5111781842949055639146403588529202762275891146884576154155804972127472797042885878228358388631514832726317398716603288347427597231740597723099710051149900043743247289436668752220002015906732221678608482596054508973869343756488814983542547320138571617568200652591905176962946418537143578984486720264298673393088821095 0 0 0 0 0 0 0 0 0 0 0 0 0 0 0 0 0 0 0 0 0 0 0 0 0 0 0 0 0 0 0 0 0 1 0 0 0 0 0 0 0 0 0 0 0 0 0 0 0 0 0 0 0 0 0 0 0 0 0 0 0 0 0 0 0 0 0 0 0 0 0 0 0 0 0 0 0 0 0 0 0 0 0 0 0 0 0 0 0 0 0 0 0 0 0 0 0 0 0 0 0 0 0 0]
[5381711184089073036348917169106906672593791657974277518254328160682367840536226804895163118082454222574867637583222030680889552763524246348566999216486490929221929654758030738603595525843026923225184442492673485117964424026490728247421319636645183669619273394002285281383935082077572672993232141443784294547007612761 0 0 0 0 0 0 0 0 0 0 0 0 0 0 0 0 0 0 0 0 0 0 0 0 0 0 0 0 0 0 0 0 0 0 1 0 0 0 0 0 0 0 0 0 0 0 0 0 0 0 0 0 0 0 0 0 0 0 0 0 0 0 0 0 0 0 0 0 0 0 0 0 0 0 0 0 0 0 0 0 0 0 0 0 0 0 0 0 0 0 0 0 0 0 0 0 0 0 0 0 0 0 0 0]
[914442529872847019961801662372823505873839356509239964688904480532052179327835451785292066847398792711603378906333536867337149413448604042182044859271931634010922041640841268747924447539856613322708633212058404576088826570612962264235376251934379029497887744656789158267883550372288864151159608266194927015881051446 0 0 0 0 0 0 0 0 0 0 0 0 0 0 0 0 0 0 0 0 0 0 0 0 0 0 0 0 0 0 0 0 0 0 0 1 0 0 0 0 0 0 0 0 0 0 0 0 0 0 0 0 0 0 0 0 0 0 0 0 0 0 0 0 0 0 0 0 0 0 0 0 0 0 0 0 0 0 0 0 0 0 0 0 0 0 0 0 0 0 0 0 0 0 0 0 0 0 0 0 0 0 0 0]
[5211842183089500031772186175769436758439608623039430669036980018701225331356491078860684874641254082036579814920984214280799840883003991731729038777409084322638349990082305736201052610460411882204911807734384486163278866104252410250066655611926197517531303443680452179419266023182827099895793386895065184846310756204 0 0 0 0 0 0 0 0 0 0 0 0 0 0 0 0 0 0 0 0 0 0 0 0 0 0 0 0 0 0 0 0 0 0 0 0 1 0 0 0 0 0 0 0 0 0 0 0 0 0 0 0 0 0 0 0 0 0 0 0 0 0 0 0 0 0 0 0 0 0 0 0 0 0 0 0 0 0 0 0 0 0 0 0 0 0 0 0 0 0 0 0 0 0 0 0 0 0 0 0 0 0 0 0]
[4554216550059557938452866919779830743018742215281426976613591175817536797380531524820930457512626757509690561724384243344142040535478315057249783859025802122634513914014204432376565691965837149067382230256258439419539109928780143442090660980647696359560986784058160560029323802568975896018865045838169609161551627557 0 0 0 0 0 0 0 0 0 0 0 0 0 0 0 0 0 0 0 0 0 0 0 0 0 0 0 0 0 0 0 0 0 0 0 0 0 1 0 0 0 0 0 0 0 0 0 0 0 0 0 0 0 0 0 0 0 0 0 0 0 0 0 0 0 0 0 0 0 0 0 0 0 0 0 0 0 0 0 0 0 0 0 0 0 0 0 0 0 0 0 0 0 0 0 0 0 0 0 0 0 0 0 0]
[9009179545051644040498249900309089791800006225155711352070671809709958718483361186327795808432338778044699408430823221315968249454984183812955729210748501164553641182960882425050137411796103005254714380204051616483320533288849819236982397304831634448137129738850607422734399784737787498194630482482340251938179863 0 0 0 0 0 0 0 0 0 0 0 0 0 0 0 0 0 0 0 0 0 0 0 0 0 0 0 0 0 0 0 0 0 0 0 0 0 0 1 0 0 0 0 0 0 0 0 0 0 0 0 0 0 0 0 0 0 0 0 0 0 0 0 0 0 0 0 0 0 0 0 0 0 0 0 0 0 0 0 0 0 0 0 0 0 0 0 0 0 0 0 0 0 0 0 0 0 0 0 0 0 0 0 0]
[3678003988365903749610408460127104239259758505334705429195531620336989251160130297765209072531799816680897733552205581648003143985058526548843305463273140696509987356349147999204322581223792795412616456655149283725356753868430726186814705921429100439123796019477086252889904794019283955063443743529739016530621623746 0 0 0 0 0 0 0 0 0 0 0 0 0 0 0 0 0 0 0 0 0 0 0 0 0 0 0 0 0 0 0 0 0 0 0 0 0 0 0 1 0 0 0 0 0 0 0 0 0 0 0 0 0 0 0 0 0 0 0 0 0 0 0 0 0 0 0 0 0 0 0 0 0 0 0 0 0 0 0 0 0 0 0 0 0 0 0 0 0 0 0 0 0 0 0 0 0 0 0 0 0 0 0 0]
[4752398345008354045393435087156929549537028262417849004394333824194022837996743162282752496342156217246714811018337252409349478367649593770521941634402296798436242436612402607165166643431002734576168361563226958188802313583491626351414467640525720689770068898129527952538569854958655486892899658289207078549985064708 0 0 0 0 0 0 0 0 0 0 0 0 0 0 0 0 0 0 0 0 0 0 0 0 0 0 0 0 0 0 0 0 0 0 0 0 0 0 0 0 1 0 0 0 0 0 0 0 0 0 0 0 0 0 0 0 0 0 0 0 0 0 0 0 0 0 0 0 0 0 0 0 0 0 0 0 0 0 0 0 0 0 0 0 0 0 0 0 0 0 0 0 0 0 0 0 0 0 0 0 0 0 0 0]
[1450777495082249331152312357414587536016810564054957194994394047949165763758070031216069226431726444253440194926583797932772157923331704871658964798394188211000123234688011872820291501809581439956227073967993044496625936981097611832143562231653946530203571285230295447610606585955332066772938876362783447395593966552 0 0 0 0 0 0 0 0 0 0 0 0 0 0 0 0 0 0 0 0 0 0 0 0 0 0 0 0 0 0 0 0 0 0 0 0 0 0 0 0 0 1 0 0 0 0 0 0 0 0 0 0 0 0 0 0 0 0 0 0 0 0 0 0 0 0 0 0 0 0 0 0 0 0 0 0 0 0 0 0 0 0 0 0 0 0 0 0 0 0 0 0 0 0 0 0 0 0 0 0 0 0 0 0]
[3216950781638643963460702220788329516948715456767292144824817825731092863988142537676782908255473024591794481909962170750109402623660284712774905240437235754388076985755548528102680172361468603241816421846521971915685835946687182227954098521779225193548912837230527223409097539521305395893805361074017221088516072178 0 0 0 0 0 0 0 0 0 0 0 0 0 0 0 0 0 0 0 0 0 0 0 0 0 0 0 0 0 0 0 0 0 0 0 0 0 0 0 0 0 0 1 0 0 0 0 0 0 0 0 0 0 0 0 0 0 0 0 0 0 0 0 0 0 0 0 0 0 0 0 0 0 0 0 0 0 0 0 0 0 0 0 0 0 0 0 0 0 0 0 0 0 0 0 0 0 0 0 0 0 0 0 0]
[7351203869758700051290341469552132819302645471244246784562764265207907823481442972650409400595289014541473307947678376041659202758750912598821581673449114385998705195864637596680431746765381159820498324128363239290010078944375466102982413545551180996387545684381454061143662017072295363315727453616411190064135348632 0 0 0 0 0 0 0 0 0 0 0 0 0 0 0 0 0 0 0 0 0 0 0 0 0 0 0 0 0 0 0 0 0 0 0 0 0 0 0 0 0 0 0 1 0 0 0 0 0 0 0 0 0 0 0 0 0 0 0 0 0 0 0 0 0 0 0 0 0 0 0 0 0 0 0 0 0 0 0 0 0 0 0 0 0 0 0 0 0 0 0 0 0 0 0 0 0 0 0 0 0 0 0 0]
[6160394311098891743371365218271379122984685856412711697220047024206663186505371783906027540597989472214905778514410455691726024972606931723458984398030837853003351239474305359278507118917330736581528643320658017879118096313969588391575820507357679420157704843697444883691887753690051678079071265785814256531806458861 0 0 0 0 0 0 0 0 0 0 0 0 0 0 0 0 0 0 0 0 0 0 0 0 0 0 0 0 0 0 0 0 0 0 0 0 0 0 0 0 0 0 0 0 1 0 0 0 0 0 0 0 0 0 0 0 0 0 0 0 0 0 0 0 0 0 0 0 0 0 0 0 0 0 0 0 0 0 0 0 0 0 0 0 0 0 0 0 0 0 0 0 0 0 0 0 0 0 0 0 0 0 0 0]
[6068841802253178604702539212750757887205482240370522509187237574425762861801853230358307611983925641001977334993011608024465338486110226134508978129958876047835239858852828479092641717435040135404219826918882994971933247158267970582098881001448908099251116497020150314818272691329860249962506295685900959466336933977 0 0 0 0 0 0 0 0 0 0 0 0 0 0 0 0 0 0 0 0 0 0 0 0 0 0 0 0 0 0 0 0 0 0 0 0 0 0 0 0 0 0 0 0 0 1 0 0 0 0 0 0 0 0 0 0 0 0 0 0 0 0 0 0 0 0 0 0 0 0 0 0 0 0 0 0 0 0 0 0 0 0 0 0 0 0 0 0 0 0 0 0 0 0 0 0 0 0 0 0 0 0 0 0]
[3465756085760898770472563979297547650531102023131366880075454168257395782728646139269758029029126195192017818695332458835872045367847112492100979491875865366711440712492511357899188750806531217294637841346183659308388542543382374992076418720765714050166328606972409768274839169036025727410580710075452094272567957455 0 0 0 0 0 0 0 0 0 0 0 0 0 0 0 0 0 0 0 0 0 0 0 0 0 0 0 0 0 0 0 0 0 0 0 0 0 0 0 0 0 0 0 0 0 0 1 0 0 0 0 0 0 0 0 0 0 0 0 0 0 0 0 0 0 0 0 0 0 0 0 0 0 0 0 0 0 0 0 0 0 0 0 0 0 0 0 0 0 0 0 0 0 0 0 0 0 0 0 0 0 0 0 0]
[3576421398663808404431386610722292266209085305128582448654817692046826095306077203535323835828097995905593177007865464390496369736275825983935181188278118625254367856756289695336258366118356628665606584180418168888608404876304461032859186103004603051043642360334287577278922580171936153488040981354082752580329137602 0 0 0 0 0 0 0 0 0 0 0 0 0 0 0 0 0 0 0 0 0 0 0 0 0 0 0 0 0 0 0 0 0 0 0 0 0 0 0 0 0 0 0 0 0 0 0 1 0 0 0 0 0 0 0 0 0 0 0 0 0 0 0 0 0 0 0 0 0 0 0 0 0 0 0 0 0 0 0 0 0 0 0 0 0 0 0 0 0 0 0 0 0 0 0 0 0 0 0 0 0 0 0 0]
[6819871218294863046659327005615068838738052777669807785356352739997961826790462521537771819113493110670117810221123094797175496340128960788388885430994186543738669927280312704355183645142062812388264091825759103167609970650270533260728728698735118655077597153780141982800960952048408180971587377645620009727275679646 0 0 0 0 0 0 0 0 0 0 0 0 0 0 0 0 0 0 0 0 0 0 0 0 0 0 0 0 0 0 0 0 0 0 0 0 0 0 0 0 0 0 0 0 0 0 0 0 1 0 0 0 0 0 0 0 0 0 0 0 0 0 0 0 0 0 0 0 0 0 0 0 0 0 0 0 0 0 0 0 0 0 0 0 0 0 0 0 0 0 0 0 0 0 0 0 0 0 0 0 0 0 0 0]
[698979105225660613370214698788961180162502151587142231935180421039289912041808385696016660548410625172895545106426086952179245917969926205463946539322328361123601518059223415320251644200717396120110546944021104313065541025528105638869159831363193259033440602902610645536314720266867871367055236943056681005871217670 0 0 0 0 0 0 0 0 0 0 0 0 0 0 0 0 0 0 0 0 0 0 0 0 0 0 0 0 0 0 0 0 0 0 0 0 0 0 0 0 0 0 0 0 0 0 0 0 0 1 0 0 0 0 0 0 0 0 0 0 0 0 0 0 0 0 0 0 0 0 0 0 0 0 0 0 0 0 0 0 0 0 0 0 0 0 0 0 0 0 0 0 0 0 0 0 0 0 0 0 0 0 0 0]
[6738822425753123567708821791269827080424419926906963784938148695408098418108121003994463488931612389870188991184850119356383711918178202980121901520758585749479610814246106574084818159293621865827780520031711061288113366592560189851126216336717436364266616384065838462372682514592444246867241057595282819297703850272 0 0 0 0 0 0 0 0 0 0 0 0 0 0 0 0 0 0 0 0 0 0 0 0 0 0 0 0 0 0 0 0 0 0 0 0 0 0 0 0 0 0 0 0 0 0 0 0 0 0 1 0 0 0 0 0 0 0 0 0 0 0 0 0 0 0 0 0 0 0 0 0 0 0 0 0 0 0 0 0 0 0 0 0 0 0 0 0 0 0 0 0 0 0 0 0 0 0 0 0 0 0 0 0]
[7213513744123486763501331544215277916513749966042180816063468915611797457633732352298254357515256620046014434509585120764401389599461896045072514948791176169999459937618392584496317208645385769550865315754781175505733802589252573919117918002673429861411324626661851336492256024542986412560363875289854394978917782215 0 0 0 0 0 0 0 0 0 0 0 0 0 0 0 0 0 0 0 0 0 0 0 0 0 0 0 0 0 0 0 0 0 0 0 0 0 0 0 0 0 0 0 0 0 0 0 0 0 0 0 1 0 0 0 0 0 0 0 0 0 0 0 0 0 0 0 0 0 0 0 0 0 0 0 0 0 0 0 0 0 0 0 0 0 0 0 0 0 0 0 0 0 0 0 0 0 0 0 0 0 0 0 0]
[715184092626866761927832755081482190846717301721089230861577521310603267587681051943570382926964821302964176645996049666413477853850999693867478331065877158201802613658020960360139201796611384568475986772704201604521442955503491672302930302535265262239120330227658222438616149616679695870285474666646430029225926918 0 0 0 0 0 0 0 0 0 0 0 0 0 0 0 0 0 0 0 0 0 0 0 0 0 0 0 0 0 0 0 0 0 0 0 0 0 0 0 0 0 0 0 0 0 0 0 0 0 0 0 0 1 0 0 0 0 0 0 0 0 0 0 0 0 0 0 0 0 0 0 0 0 0 0 0 0 0 0 0 0 0 0 0 0 0 0 0 0 0 0 0 0 0 0 0 0 0 0 0 0 0 0 0]
[2142197584890179000060094814460309982217471311091770603865634353009508270257923488201871964901482391765924362079185713558164625676003042187115531777339864420917029071720618041088697260228236364169634609778078411346508084797314446163592963481560598099726545721703197853502379433015697741504927416451951867559993419824 0 0 0 0 0 0 0 0 0 0 0 0 0 0 0 0 0 0 0 0 0 0 0 0 0 0 0 0 0 0 0 0 0 0 0 0 0 0 0 0 0 0 0 0 0 0 0 0 0 0 0 0 0 1 0 0 0 0 0 0 0 0 0 0 0 0 0 0 0 0 0 0 0 0 0 0 0 0 0 0 0 0 0 0 0 0 0 0 0 0 0 0 0 0 0 0 0 0 0 0 0 0 0 0]
[1840403420415378262048536992262872520822814718210325577158635709812477461579237769664522448303468825202603881420808084790312717092548100354503299938609049570540957766860504154245632136985128953643621920815945230651946503581891150567140240184051026874438093507432175280397556760794945390254654464844710435626723681889 0 0 0 0 0 0 0 0 0 0 0 0 0 0 0 0 0 0 0 0 0 0 0 0 0 0 0 0 0 0 0 0 0 0 0 0 0 0 0 0 0 0 0 0 0 0 0 0 0 0 0 0 0 0 1 0 0 0 0 0 0 0 0 0 0 0 0 0 0 0 0 0 0 0 0 0 0 0 0 0 0 0 0 0 0 0 0 0 0 0 0 0 0 0 0 0 0 0 0 0 0 0 0 0]
[2901914987927460599550330916452975088032060138580600256585101186126807462008313713067605933448345370778217571560001531090565815850180756201366123484727785378849065552073722134277969828355944916517408851496476278768827909896060909514231059777798562947484943419546850351557031440079070606987761419293164548828005419526 0 0 0 0 0 0 0 0 0 0 0 0 0 0 0 0 0 0 0 0 0 0 0 0 0 0 0 0 0 0 0 0 0 0 0 0 0 0 0 0 0 0 0 0 0 0 0 0 0 0 0 0 0 0 0 1 0 0 0 0 0 0 0 0 0 0 0 0 0 0 0 0 0 0 0 0 0 0 0 0 0 0 0 0 0 0 0 0 0 0 0 0 0 0 0 0 0 0 0 0 0 0 0 0]
[3114725817412221139990666915280428679960382394086720205453300993185319531856907361387696248908291375314602190205504606337789793454237239597867463616980633048678317279792970263254022736094347471889754967112044638887866593247427343917053060047962491308424949050206736639377624674755897401112784775049418534931031279878 0 0 0 0 0 0 0 0 0 0 0 0 0 0 0 0 0 0 0 0 0 0 0 0 0 0 0 0 0 0 0 0 0 0 0 0 0 0 0 0 0 0 0 0 0 0 0 0 0 0 0 0 0 0 0 0 1 0 0 0 0 0 0 0 0 0 0 0 0 0 0 0 0 0 0 0 0 0 0 0 0 0 0 0 0 0 0 0 0 0 0 0 0 0 0 0 0 0 0 0 0 0 0 0]
[6181075009361868889802567886171528490411715441246082273713097476426684399904853693942511034595839569126056763807813890146461109721576679613355917700071496226047101468915502603667039307050333158204234779175339859397186840338754521999190414601674388200112043543581288085106253981152922171679626144013762313446628982012 0 0 0 0 0 0 0 0 0 0 0 0 0 0 0 0 0 0 0 0 0 0 0 0 0 0 0 0 0 0 0 0 0 0 0 0 0 0 0 0 0 0 0 0 0 0 0 0 0 0 0 0 0 0 0 0 0 1 0 0 0 0 0 0 0 0 0 0 0 0 0 0 0 0 0 0 0 0 0 0 0 0 0 0 0 0 0 0 0 0 0 0 0 0 0 0 0 0 0 0 0 0 0 0]
[4121603691778318482774633754132381331956844384191173342729958787661974248439600521519186928072564192906676370203154489399805934390016011498609876219338722746334699380319436514027768126041252528994574790273175857946244034055019746992249589687730232060891264313949136939826422509478329860288164385113117588308847793849 0 0 0 0 0 0 0 0 0 0 0 0 0 0 0 0 0 0 0 0 0 0 0 0 0 0 0 0 0 0 0 0 0 0 0 0 0 0 0 0 0 0 0 0 0 0 0 0 0 0 0 0 0 0 0 0 0 0 1 0 0 0 0 0 0 0 0 0 0 0 0 0 0 0 0 0 0 0 0 0 0 0 0 0 0 0 0 0 0 0 0 0 0 0 0 0 0 0 0 0 0 0 0 0]
[4262668354904653822975162513872324750780454665886501111140371259030689947772699392177443217428729927385374476979719666564964610055241883388618963210643268503193772904058728454047865846537770845691218207405128116727308826311299330487127966939630370274609225156566839128147213004560879682258347390666441619650109935057 0 0 0 0 0 0 0 0 0 0 0 0 0 0 0 0 0 0 0 0 0 0 0 0 0 0 0 0 0 0 0 0 0 0 0 0 0 0 0 0 0 0 0 0 0 0 0 0 0 0 0 0 0 0 0 0 0 0 0 1 0 0 0 0 0 0 0 0 0 0 0 0 0 0 0 0 0 0 0 0 0 0 0 0 0 0 0 0 0 0 0 0 0 0 0 0 0 0 0 0 0 0 0 0]
[2906784661564672321890680279157720701565925102180464443244809081783393998558801391031064055768309269225220783993934724447409084500985450992812726095503571584287028972032621842437064578195216147226872347519084662606537262689028835215438729483276008370190348930777191972499588703964733348503980148665889536997225480650 0 0 0 0 0 0 0 0 0 0 0 0 0 0 0 0 0 0 0 0 0 0 0 0 0 0 0 0 0 0 0 0 0 0 0 0 0 0 0 0 0 0 0 0 0 0 0 0 0 0 0 0 0 0 0 0 0 0 0 0 1 0 0 0 0 0 0 0 0 0 0 0 0 0 0 0 0 0 0 0 0 0 0 0 0 0 0 0 0 0 0 0 0 0 0 0 0 0 0 0 0 0 0 0]
[543977931751988453806438567603878130353846976648817621718422946037990565660180743439799850605162350393340547213785529916333935637825612909857839664442094254278078256171615602140880848295869455326671773320960803305441841314419340331023531383308502242155084201648223266368366177451427152869376997256862583653734232969 0 0 0 0 0 0 0 0 0 0 0 0 0 0 0 0 0 0 0 0 0 0 0 0 0 0 0 0 0 0 0 0 0 0 0 0 0 0 0 0 0 0 0 0 0 0 0 0 0 0 0 0 0 0 0 0 0 0 0 0 0 1 0 0 0 0 0 0 0 0 0 0 0 0 0 0 0 0 0 0 0 0 0 0 0 0 0 0 0 0 0 0 0 0 0 0 0 0 0 0 0 0 0 0]
[2931911135282543672577926788800190767466906530375564160459985315360443941728257400445138251811880841252657129984599517459007156417511776860855664591529045229248722609676305319133323169700471826395276557648886161331215304571381139432358062504423207863217601386529512967119187832208577968783791627822200748285663425627 0 0 0 0 0 0 0 0 0 0 0 0 0 0 0 0 0 0 0 0 0 0 0 0 0 0 0 0 0 0 0 0 0 0 0 0 0 0 0 0 0 0 0 0 0 0 0 0 0 0 0 0 0 0 0 0 0 0 0 0 0 0 1 0 0 0 0 0 0 0 0 0 0 0 0 0 0 0 0 0 0 0 0 0 0 0 0 0 0 0 0 0 0 0 0 0 0 0 0 0 0 0 0 0]
[358738336073594866820051766951730555534617307357823344995485622065785753607361723499744786025027639556794560552672062348835041426374903184311915083762684211406578227528991976102583785440807712136202181555628729687778855905121986370654583964948020108700674456177744461580270667925067523840561574764488526555327915936 0 0 0 0 0 0 0 0 0 0 0 0 0 0 0 0 0 0 0 0 0 0 0 0 0 0 0 0 0 0 0 0 0 0 0 0 0 0 0 0 0 0 0 0 0 0 0 0 0 0 0 0 0 0 0 0 0 0 0 0 0 0 0 1 0 0 0 0 0 0 0 0 0 0 0 0 0 0 0 0 0 0 0 0 0 0 0 0 0 0 0 0 0 0 0 0 0 0 0 0 0 0 0 0]
[4134996314383607400101188592071199155925968877541666909205880625107358519209360630390064530840933217267655872463889900972083421155018524224854187417373646975472070422211376343386675301106581796687442623003744707369107938577051717876985509405932158321905585727849993771297000317668457071181909153441060091293257607604 0 0 0 0 0 0 0 0 0 0 0 0 0 0 0 0 0 0 0 0 0 0 0 0 0 0 0 0 0 0 0 0 0 0 0 0 0 0 0 0 0 0 0 0 0 0 0 0 0 0 0 0 0 0 0 0 0 0 0 0 0 0 0 0 1 0 0 0 0 0 0 0 0 0 0 0 0 0 0 0 0 0 0 0 0 0 0 0 0 0 0 0 0 0 0 0 0 0 0 0 0 0 0 0]
[5294920781846790780720739193336661686891418057662117629742650077757119478330716330166536252090101914652594751129128648877363138184028085213862793745465563935650298224350357673784838474623833457833379865427062604429259916788004917594037786847319148687081317896981775595972114929897489830603615904629569976701267571617 0 0 0 0 0 0 0 0 0 0 0 0 0 0 0 0 0 0 0 0 0 0 0 0 0 0 0 0 0 0 0 0 0 0 0 0 0 0 0 0 0 0 0 0 0 0 0 0 0 0 0 0 0 0 0 0 0 0 0 0 0 0 0 0 0 1 0 0 0 0 0 0 0 0 0 0 0 0 0 0 0 0 0 0 0 0 0 0 0 0 0 0 0 0 0 0 0 0 0 0 0 0 0 0]
[4443974783936634435227596217055909443911703625182785132101810720709277382256137639521424827280374796408128591401590033161105564375346846847959278049367312983089470128417304165797495356292627783364771920223891110678647302072520593759185003396974666856596932123110567008604024001402704310316596540489179523986521905646 0 0 0 0 0 0 0 0 0 0 0 0 0 0 0 0 0 0 0 0 0 0 0 0 0 0 0 0 0 0 0 0 0 0 0 0 0 0 0 0 0 0 0 0 0 0 0 0 0 0 0 0 0 0 0 0 0 0 0 0 0 0 0 0 0 0 1 0 0 0 0 0 0 0 0 0 0 0 0 0 0 0 0 0 0 0 0 0 0 0 0 0 0 0 0 0 0 0 0 0 0 0 0 0]
[4006768976164227006889822427350981442275499132162150923064931865897507828512397819497942574179630278283555250523130555011527907550425203084706946636669531476347057091250323714584808946194050370523934479452209328883626958264504238127733880245730487133993687375364534996002283119322817015636170112209296667340074903140 0 0 0 0 0 0 0 0 0 0 0 0 0 0 0 0 0 0 0 0 0 0 0 0 0 0 0 0 0 0 0 0 0 0 0 0 0 0 0 0 0 0 0 0 0 0 0 0 0 0 0 0 0 0 0 0 0 0 0 0 0 0 0 0 0 0 0 1 0 0 0 0 0 0 0 0 0 0 0 0 0 0 0 0 0 0 0 0 0 0 0 0 0 0 0 0 0 0 0 0 0 0 0 0]
[357181737567427101398015524978952132512976936227192157489610156708062157588585713862751868051774384987845726498150784937935161379841376073411119753788484000114045743969697218599791814334679910788927384544485795994055351837620605727527855288635494207350934391262777852918622471470284581804822049851798107205569478934 0 0 0 0 0 0 0 0 0 0 0 0 0 0 0 0 0 0 0 0 0 0 0 0 0 0 0 0 0 0 0 0 0 0 0 0 0 0 0 0 0 0 0 0 0 0 0 0 0 0 0 0 0 0 0 0 0 0 0 0 0 0 0 0 0 0 0 0 1 0 0 0 0 0 0 0 0 0 0 0 0 0 0 0 0 0 0 0 0 0 0 0 0 0 0 0 0 0 0 0 0 0 0 0]
[1632847686272102023775353253940498638336275656378494892584881442857239680309926630433523636868461551890770191875868126008996910750193140874408203624752886815468287902830651957815307550775360533202147987156909374665520497782585669123320247840067201691819354109008211349578220698405621816541601924991070724473177091656 0 0 0 0 0 0 0 0 0 0 0 0 0 0 0 0 0 0 0 0 0 0 0 0 0 0 0 0 0 0 0 0 0 0 0 0 0 0 0 0 0 0 0 0 0 0 0 0 0 0 0 0 0 0 0 0 0 0 0 0 0 0 0 0 0 0 0 0 0 1 0 0 0 0 0 0 0 0 0 0 0 0 0 0 0 0 0 0 0 0 0 0 0 0 0 0 0 0 0 0 0 0 0 0]
[6396059102505914081294478368447013834811293725157397389258027240134383428134851715844758141132907312436170535103792742259001297605628997776495568296819845493588398829691850329146462615628945649220999184766062239289323739175171882313396987826352190848076696908052786358710629365519745283337537152870386971904648533940 0 0 0 0 0 0 0 0 0 0 0 0 0 0 0 0 0 0 0 0 0 0 0 0 0 0 0 0 0 0 0 0 0 0 0 0 0 0 0 0 0 0 0 0 0 0 0 0 0 0 0 0 0 0 0 0 0 0 0 0 0 0 0 0 0 0 0 0 0 0 1 0 0 0 0 0 0 0 0 0 0 0 0 0 0 0 0 0 0 0 0 0 0 0 0 0 0 0 0 0 0 0 0 0]
[831350108688223231710349756763611692300952373578035752155531958598396018456066445142773465728970001986544261681841774938517502272628880606209715074080582560638596666666214715260256796166323048785594504613746476050377114964371329334923282120920254977714405729203025605456486963792002013942930554980552124846733855277 0 0 0 0 0 0 0 0 0 0 0 0 0 0 0 0 0 0 0 0 0 0 0 0 0 0 0 0 0 0 0 0 0 0 0 0 0 0 0 0 0 0 0 0 0 0 0 0 0 0 0 0 0 0 0 0 0 0 0 0 0 0 0 0 0 0 0 0 0 0 0 1 0 0 0 0 0 0 0 0 0 0 0 0 0 0 0 0 0 0 0 0 0 0 0 0 0 0 0 0 0 0 0 0]
[1007286102893199003187631736071765078566545171034971457129069227039082549634268014417528442735100706713565107789541721057342481886952105868041007530662128928208399157054974185954063559683104279205223524249878088006760657929963003727966676214695750163526569925173021869094392188296265318298421726519261954662829850907 0 0 0 0 0 0 0 0 0 0 0 0 0 0 0 0 0 0 0 0 0 0 0 0 0 0 0 0 0 0 0 0 0 0 0 0 0 0 0 0 0 0 0 0 0 0 0 0 0 0 0 0 0 0 0 0 0 0 0 0 0 0 0 0 0 0 0 0 0 0 0 0 1 0 0 0 0 0 0 0 0 0 0 0 0 0 0 0 0 0 0 0 0 0 0 0 0 0 0 0 0 0 0 0]
[531813997779308337529540793379785146935716556959977367291872415313999148357714081710952507856829298817172104897694624978409575998345549640406616939556987704275610356736998362420802637100772090414479396949883269197153834681249125057704699644140068446139355156774554287974989034138020500948009514429904830672927382947 0 0 0 0 0 0 0 0 0 0 0 0 0 0 0 0 0 0 0 0 0 0 0 0 0 0 0 0 0 0 0 0 0 0 0 0 0 0 0 0 0 0 0 0 0 0 0 0 0 0 0 0 0 0 0 0 0 0 0 0 0 0 0 0 0 0 0 0 0 0 0 0 0 1 0 0 0 0 0 0 0 0 0 0 0 0 0 0 0 0 0 0 0 0 0 0 0 0 0 0 0 0 0 0]
[1998742935070358969242035972308802078865265334131315934025362463271244066034598296853676391152733315078954932407479190669044608062947892128161720135047020296079768166078610703849397876171650209083922070467780651654024653223355588710910414993321554537577796713481889693193505230992731601721400166690430796724238980464 0 0 0 0 0 0 0 0 0 0 0 0 0 0 0 0 0 0 0 0 0 0 0 0 0 0 0 0 0 0 0 0 0 0 0 0 0 0 0 0 0 0 0 0 0 0 0 0 0 0 0 0 0 0 0 0 0 0 0 0 0 0 0 0 0 0 0 0 0 0 0 0 0 0 1 0 0 0 0 0 0 0 0 0 0 0 0 0 0 0 0 0 0 0 0 0 0 0 0 0 0 0 0 0]
[5891558915045746073526166352585530752530461625696124937248837992350658589903521280805677756918530537631252050852831457968105796617623506512285397043308438861926216160383941244088144698714008604449405290320348894712177241432599079526199162536033781175701461131070683897207267520142682624029443640794885107474149162904 0 0 0 0 0 0 0 0 0 0 0 0 0 0 0 0 0 0 0 0 0 0 0 0 0 0 0 0 0 0 0 0 0 0 0 0 0 0 0 0 0 0 0 0 0 0 0 0 0 0 0 0 0 0 0 0 0 0 0 0 0 0 0 0 0 0 0 0 0 0 0 0 0 0 0 1 0 0 0 0 0 0 0 0 0 0 0 0 0 0 0 0 0 0 0 0 0 0 0 0 0 0 0 0]
[5983368841834315527701501693027203016055459539721672095269040360468430711429544549904455606957467896305753312925822520115064038702812907554762734328847869179973570223709419251085723051915379370313736185923972182673746152484954738598746481673104683097751677559550161123817378812308926257664897373056721624818673207924 0 0 0 0 0 0 0 0 0 0 0 0 0 0 0 0 0 0 0 0 0 0 0 0 0 0 0 0 0 0 0 0 0 0 0 0 0 0 0 0 0 0 0 0 0 0 0 0 0 0 0 0 0 0 0 0 0 0 0 0 0 0 0 0 0 0 0 0 0 0 0 0 0 0 0 0 1 0 0 0 0 0 0 0 0 0 0 0 0 0 0 0 0 0 0 0 0 0 0 0 0 0 0 0]
[3802463551189601215992888454561070295365739616080083313544599568823615117253183121512417446375066065470503388120256795852298461058897640304860026773666306450368187121700598770147645045257731103992293223188426310754255265913095142916460574610635997965126751612346713914012903208243475739101682300489663166661375240711 0 0 0 0 0 0 0 0 0 0 0 0 0 0 0 0 0 0 0 0 0 0 0 0 0 0 0 0 0 0 0 0 0 0 0 0 0 0 0 0 0 0 0 0 0 0 0 0 0 0 0 0 0 0 0 0 0 0 0 0 0 0 0 0 0 0 0 0 0 0 0 0 0 0 0 0 0 1 0 0 0 0 0 0 0 0 0 0 0 0 0 0 0 0 0 0 0 0 0 0 0 0 0 0]
[3361845917409972077341886333182382800434828675112478543747225655617145492638197541212790655271728776618909958607076319003726639962291467690100811193772818965504691654612321815614785325934852562794525461748466158823435116930036304553973027596636050916097358730609027379989622227787749384923443238425839346149067491663 0 0 0 0 0 0 0 0 0 0 0 0 0 0 0 0 0 0 0 0 0 0 0 0 0 0 0 0 0 0 0 0 0 0 0 0 0 0 0 0 0 0 0 0 0 0 0 0 0 0 0 0 0 0 0 0 0 0 0 0 0 0 0 0 0 0 0 0 0 0 0 0 0 0 0 0 0 0 1 0 0 0 0 0 0 0 0 0 0 0 0 0 0 0 0 0 0 0 0 0 0 0 0 0]
[1488934157337857951985438663423561291993087883824100097984439032124573097781242457741422204357255230584049782452363831581216153074307731877728949977117915567689481200733031664009581180164251542851157894872421107864249795615630415277543956085884453569171271021173010998277457999323963623593656470476999977369693882660 0 0 0 0 0 0 0 0 0 0 0 0 0 0 0 0 0 0 0 0 0 0 0 0 0 0 0 0 0 0 0 0 0 0 0 0 0 0 0 0 0 0 0 0 0 0 0 0 0 0 0 0 0 0 0 0 0 0 0 0 0 0 0 0 0 0 0 0 0 0 0 0 0 0 0 0 0 0 0 1 0 0 0 0 0 0 0 0 0 0 0 0 0 0 0 0 0 0 0 0 0 0 0 0]
[7374131532743456286595598534007930628197088900335374166448436978863753138546278759846504411599685385979091105527762414253309023850035955288746770025782267660158742371919894121212268775228621467015103978803923075246947677314666112532240210830361806592112423141008895501751248711557733718187498125736528883534579160433 0 0 0 0 0 0 0 0 0 0 0 0 0 0 0 0 0 0 0 0 0 0 0 0 0 0 0 0 0 0 0 0 0 0 0 0 0 0 0 0 0 0 0 0 0 0 0 0 0 0 0 0 0 0 0 0 0 0 0 0 0 0 0 0 0 0 0 0 0 0 0 0 0 0 0 0 0 0 0 0 1 0 0 0 0 0 0 0 0 0 0 0 0 0 0 0 0 0 0 0 0 0 0 0]
[4542357206770412885800732863033512133978503996971310374963910415924507323885416249976686072678357887604062386408910756488369707536677464292457225003220351875483883895826453228816850909399463757169404003490708520509609195349989440597370826585344253151310391298166120316290940757940839969162530046111098329756411829144 0 0 0 0 0 0 0 0 0 0 0 0 0 0 0 0 0 0 0 0 0 0 0 0 0 0 0 0 0 0 0 0 0 0 0 0 0 0 0 0 0 0 0 0 0 0 0 0 0 0 0 0 0 0 0 0 0 0 0 0 0 0 0 0 0 0 0 0 0 0 0 0 0 0 0 0 0 0 0 0 0 1 0 0 0 0 0 0 0 0 0 0 0 0 0 0 0 0 0 0 0 0 0 0]
[2746188397054404366479356708313166063282848144415867328222536663540412245877163213451691700577019222030899162627863443506546281806865981926009719032827829470151396565043697726507792667882309504538498851269996647977526056320023599577679259322061457925733514700442598176861498707276863895868764642650863630084751476265 0 0 0 0 0 0 0 0 0 0 0 0 0 0 0 0 0 0 0 0 0 0 0 0 0 0 0 0 0 0 0 0 0 0 0 0 0 0 0 0 0 0 0 0 0 0 0 0 0 0 0 0 0 0 0 0 0 0 0 0 0 0 0 0 0 0 0 0 0 0 0 0 0 0 0 0 0 0 0 0 0 0 1 0 0 0 0 0 0 0 0 0 0 0 0 0 0 0 0 0 0 0 0 0]
[3967079410525545752262344572040509847295683648336200072576180698167158139480418555842374371217183852659150018500865942428940776006515275556237838326896417331599616779844234563230527597867081461394144482117297333433008234086486507646330448629119496507355923078462788709587525422261212798992051173924428323975616684096 0 0 0 0 0 0 0 0 0 0 0 0 0 0 0 0 0 0 0 0 0 0 0 0 0 0 0 0 0 0 0 0 0 0 0 0 0 0 0 0 0 0 0 0 0 0 0 0 0 0 0 0 0 0 0 0 0 0 0 0 0 0 0 0 0 0 0 0 0 0 0 0 0 0 0 0 0 0 0 0 0 0 0 1 0 0 0 0 0 0 0 0 0 0 0 0 0 0 0 0 0 0 0 0]
[1505587683428122568196866459025122458520991959126594916538565987330487161946193361552926672597781503619267481294164521648019006314393681270766632897892564572713378822319244057459982223491858294207249606608356324389754128458520610379944500377485862457744421923982670606574536966742344126178253364988231666602492412304 0 0 0 0 0 0 0 0 0 0 0 0 0 0 0 0 0 0 0 0 0 0 0 0 0 0 0 0 0 0 0 0 0 0 0 0 0 0 0 0 0 0 0 0 0 0 0 0 0 0 0 0 0 0 0 0 0 0 0 0 0 0 0 0 0 0 0 0 0 0 0 0 0 0 0 0 0 0 0 0 0 0 0 0 1 0 0 0 0 0 0 0 0 0 0 0 0 0 0 0 0 0 0 0]
[465055082083863745771069121220182567206730268245154860103523970814639325735292853372341290326325564427872097407573729979757708468983301486882733598881798127618372455102773030399880884004350481321126773988078888124050769141306859978799746331894495724593882865066672488258155820921853519792385107157351136388178169280 0 0 0 0 0 0 0 0 0 0 0 0 0 0 0 0 0 0 0 0 0 0 0 0 0 0 0 0 0 0 0 0 0 0 0 0 0 0 0 0 0 0 0 0 0 0 0 0 0 0 0 0 0 0 0 0 0 0 0 0 0 0 0 0 0 0 0 0 0 0 0 0 0 0 0 0 0 0 0 0 0 0 0 0 0 1 0 0 0 0 0 0 0 0 0 0 0 0 0 0 0 0 0 0]
[2011643721104280325347366391811673582724731787797973823434959573483755378229923687880581908665741861509650649873495087435706750499984120123158346877794524930104289437468537560830317616307678949165122686655817210110372382544976429112319793575248139443535388908282759263569688017139147730660709280176309384643767177579 0 0 0 0 0 0 0 0 0 0 0 0 0 0 0 0 0 0 0 0 0 0 0 0 0 0 0 0 0 0 0 0 0 0 0 0 0 0 0 0 0 0 0 0 0 0 0 0 0 0 0 0 0 0 0 0 0 0 0 0 0 0 0 0 0 0 0 0 0 0 0 0 0 0 0 0 0 0 0 0 0 0 0 0 0 0 1 0 0 0 0 0 0 0 0 0 0 0 0 0 0 0 0 0]
[3274028212240316178614001791656879650418261771577902084626095979179095835133553766500302018908320626315975008734186779996677116663261746462503076047733289360696473703473928972048271224542745797966807126069008653444641740639763513099161911433055860802588529530184692851488045367223839164801921068113954093490021482694 0 0 0 0 0 0 0 0 0 0 0 0 0 0 0 0 0 0 0 0 0 0 0 0 0 0 0 0 0 0 0 0 0 0 0 0 0 0 0 0 0 0 0 0 0 0 0 0 0 0 0 0 0 0 0 0 0 0 0 0 0 0 0 0 0 0 0 0 0 0 0 0 0 0 0 0 0 0 0 0 0 0 0 0 0 0 0 1 0 0 0 0 0 0 0 0 0 0 0 0 0 0 0 0]
[6232731163129927858961420609756514078769050023461103858665278091638942644319893568820643326100794062663912400295396592340662937336302743525586793180968916623419270539905749143424816546235363299412545767416009478168413897743277360159059958565241021706995022843274460603871935530727173550832185034336651625714489241464 0 0 0 0 0 0 0 0 0 0 0 0 0 0 0 0 0 0 0 0 0 0 0 0 0 0 0 0 0 0 0 0 0 0 0 0 0 0 0 0 0 0 0 0 0 0 0 0 0 0 0 0 0 0 0 0 0 0 0 0 0 0 0 0 0 0 0 0 0 0 0 0 0 0 0 0 0 0 0 0 0 0 0 0 0 0 0 0 1 0 0 0 0 0 0 0 0 0 0 0 0 0 0 0]
[3314505268715027062362489657554546103783829934632230063528632363667715408535477599425101833466067730137810447926122881094067299005870544189247447970251689946148755695081347215138573697940375963055378550165063120375982328215709602982232304498276494565934991824971960964619945160601569638150533456792881634439160132507 0 0 0 0 0 0 0 0 0 0 0 0 0 0 0 0 0 0 0 0 0 0 0 0 0 0 0 0 0 0 0 0 0 0 0 0 0 0 0 0 0 0 0 0 0 0 0 0 0 0 0 0 0 0 0 0 0 0 0 0 0 0 0 0 0 0 0 0 0 0 0 0 0 0 0 0 0 0 0 0 0 0 0 0 0 0 0 0 0 1 0 0 0 0 0 0 0 0 0 0 0 0 0 0]
[875058354562254160292663908520685720887211480978996576453816989787737642871875727071820416606863135923996967264257640203645658899572264514029551403368582410911507663879975226186885417970829898264933172610966476071565451004605648711179262931920337287923813702716432852335620030711248471572551270540489305006334575987 0 0 0 0 0 0 0 0 0 0 0 0 0 0 0 0 0 0 0 0 0 0 0 0 0 0 0 0 0 0 0 0 0 0 0 0 0 0 0 0 0 0 0 0 0 0 0 0 0 0 0 0 0 0 0 0 0 0 0 0 0 0 0 0 0 0 0 0 0 0 0 0 0 0 0 0 0 0 0 0 0 0 0 0 0 0 0 0 0 0 1 0 0 0 0 0 0 0 0 0 0 0 0 0]
[3642014499599208715999099597856158732301486369383606467641534535943130711591384069750836711727870052079632910454739470581278911492703061648418804477755050271508267373382671563536901103879432510925759631413279295680491001971672536765045462626507256988919944591738957895606443948453077145805093670834113268841335312502 0 0 0 0 0 0 0 0 0 0 0 0 0 0 0 0 0 0 0 0 0 0 0 0 0 0 0 0 0 0 0 0 0 0 0 0 0 0 0 0 0 0 0 0 0 0 0 0 0 0 0 0 0 0 0 0 0 0 0 0 0 0 0 0 0 0 0 0 0 0 0 0 0 0 0 0 0 0 0 0 0 0 0 0 0 0 0 0 0 0 0 1 0 0 0 0 0 0 0 0 0 0 0 0]
[6435452730512970447623352994380599859072558082749135877933206400764239767352976901876194487564202582843305765755691526203781774230540201812279592254590538315677415606498131378575550706109163789859279977332362279500171747398786693379541931899211710682532839990238826130687944324423964175024706877212693257608831592732 0 0 0 0 0 0 0 0 0 0 0 0 0 0 0 0 0 0 0 0 0 0 0 0 0 0 0 0 0 0 0 0 0 0 0 0 0 0 0 0 0 0 0 0 0 0 0 0 0 0 0 0 0 0 0 0 0 0 0 0 0 0 0 0 0 0 0 0 0 0 0 0 0 0 0 0 0 0 0 0 0 0 0 0 0 0 0 0 0 0 0 0 1 0 0 0 0 0 0 0 0 0 0 0]
[4325298368892838628824703565144455537306293274966071802068514567348811865084958156255872581109509714200729528059601633915287976514278511043447809804309749260059835538207373810878832029196425357282372177133631139224625289960066901633407409184212964066735488004016530728842328635012963381675490527564319493686749340742 0 0 0 0 0 0 0 0 0 0 0 0 0 0 0 0 0 0 0 0 0 0 0 0 0 0 0 0 0 0 0 0 0 0 0 0 0 0 0 0 0 0 0 0 0 0 0 0 0 0 0 0 0 0 0 0 0 0 0 0 0 0 0 0 0 0 0 0 0 0 0 0 0 0 0 0 0 0 0 0 0 0 0 0 0 0 0 0 0 0 0 0 0 1 0 0 0 0 0 0 0 0 0 0]
[4883567185084631940145029107059110714470813919869248747683512941320163724689002904610978407581154069218687587330001947938686503300098051132735599239727485389161486465693860366380678093460334935954095611628191424271100315087001690342103923407592101827349531998539425902123958926438736239503555121221697154803962440531 0 0 0 0 0 0 0 0 0 0 0 0 0 0 0 0 0 0 0 0 0 0 0 0 0 0 0 0 0 0 0 0 0 0 0 0 0 0 0 0 0 0 0 0 0 0 0 0 0 0 0 0 0 0 0 0 0 0 0 0 0 0 0 0 0 0 0 0 0 0 0 0 0 0 0 0 0 0 0 0 0 0 0 0 0 0 0 0 0 0 0 0 0 0 1 0 0 0 0 0 0 0 0 0]
[4708683264375835445850445587622114624219329077618157671938466202332187744714839897887515723279265025770309628275360363287407003141856882110003583111778004064636596846782676588418852617865277562405048938789495445152302092798071034675198214908765168287850886956972032326693944054233259288049401684473078770973856014345 0 0 0 0 0 0 0 0 0 0 0 0 0 0 0 0 0 0 0 0 0 0 0 0 0 0 0 0 0 0 0 0 0 0 0 0 0 0 0 0 0 0 0 0 0 0 0 0 0 0 0 0 0 0 0 0 0 0 0 0 0 0 0 0 0 0 0 0 0 0 0 0 0 0 0 0 0 0 0 0 0 0 0 0 0 0 0 0 0 0 0 0 0 0 0 1 0 0 0 0 0 0 0 0]
[7137100912236668050723446182978448466513908957696444848849648179028602551496699052183835780473507035200953178160251177737621438904337695678836812629144940673218455034112353804656012852826029640677721751423588314198790433758604295254557985890033067039227919263690643944350433564706339626618918036958706716910994668902 0 0 0 0 0 0 0 0 0 0 0 0 0 0 0 0 0 0 0 0 0 0 0 0 0 0 0 0 0 0 0 0 0 0 0 0 0 0 0 0 0 0 0 0 0 0 0 0 0 0 0 0 0 0 0 0 0 0 0 0 0 0 0 0 0 0 0 0 0 0 0 0 0 0 0 0 0 0 0 0 0 0 0 0 0 0 0 0 0 0 0 0 0 0 0 0 1 0 0 0 0 0 0 0]
[3189509030917232179020161431627258398407763231795785625193508462437237177205981504676240887664372379602474333181361136432053143172439483356197278300130496614911655486885960962396526610522769968760958623903303593212707326163255430671126581226342035919967466208175341219925317783586636858705301460864703989114225022162 0 0 0 0 0 0 0 0 0 0 0 0 0 0 0 0 0 0 0 0 0 0 0 0 0 0 0 0 0 0 0 0 0 0 0 0 0 0 0 0 0 0 0 0 0 0 0 0 0 0 0 0 0 0 0 0 0 0 0 0 0 0 0 0 0 0 0 0 0 0 0 0 0 0 0 0 0 0 0 0 0 0 0 0 0 0 0 0 0 0 0 0 0 0 0 0 0 1 0 0 0 0 0 0]
[1009360860031582207126742510837267180541641806279614282902766533462327266993012233535219220031322535178747974722303916794447343579958715450012658705845330250423199015770154102127061494111465625833628422376617074607464644502283115385914211767714864339425216600093968535237220354613395436330130482830078147757507115511 0 0 0 0 0 0 0 0 0 0 0 0 0 0 0 0 0 0 0 0 0 0 0 0 0 0 0 0 0 0 0 0 0 0 0 0 0 0 0 0 0 0 0 0 0 0 0 0 0 0 0 0 0 0 0 0 0 0 0 0 0 0 0 0 0 0 0 0 0 0 0 0 0 0 0 0 0 0 0 0 0 0 0 0 0 0 0 0 0 0 0 0 0 0 0 0 0 0 1 0 0 0 0 0]
[1110735217884060877594885993487356790307347855134812512408301787599175398697145449445663333564739065529849814893496941331942339268494705588389052515860834281623851865085747192972597734558682423591000581891322987535314167992136001367660967859267143009472789732889415621432907573028996608744883719284594412664045425870 0 0 0 0 0 0 0 0 0 0 0 0 0 0 0 0 0 0 0 0 0 0 0 0 0 0 0 0 0 0 0 0 0 0 0 0 0 0 0 0 0 0 0 0 0 0 0 0 0 0 0 0 0 0 0 0 0 0 0 0 0 0 0 0 0 0 0 0 0 0 0 0 0 0 0 0 0 0 0 0 0 0 0 0 0 0 0 0 0 0 0 0 0 0 0 0 0 0 0 1 0 0 0 0]
[4695925272204751083265306527894435104559365605230103496098842254166570160080455576715315615322410672880059731461731846505523798840871547475071129218634308287590961383567948929363261136292729330859115792329152541876616715389919710801562588285136202734260478789614545569631719689958247600074961862903895408150538297464 0 0 0 0 0 0 0 0 0 0 0 0 0 0 0 0 0 0 0 0 0 0 0 0 0 0 0 0 0 0 0 0 0 0 0 0 0 0 0 0 0 0 0 0 0 0 0 0 0 0 0 0 0 0 0 0 0 0 0 0 0 0 0 0 0 0 0 0 0 0 0 0 0 0 0 0 0 0 0 0 0 0 0 0 0 0 0 0 0 0 0 0 0 0 0 0 0 0 0 0 1 0 0 0]
[172263634763758722778818834284775131064541316328286699103529024754357805336841956298397006626376435346807797979480196901646346444481961928741682781520209683374028402251173016976886382361333920456844142959957654686048472002116450720807218313296974285275193072765513431580342396596499138743396527083370359870856221588 0 0 0 0 0 0 0 0 0 0 0 0 0 0 0 0 0 0 0 0 0 0 0 0 0 0 0 0 0 0 0 0 0 0 0 0 0 0 0 0 0 0 0 0 0 0 0 0 0 0 0 0 0 0 0 0 0 0 0 0 0 0 0 0 0 0 0 0 0 0 0 0 0 0 0 0 0 0 0 0 0 0 0 0 0 0 0 0 0 0 0 0 0 0 0 0 0 0 0 0 0 1 0 0]
[6083889253212318718457920551102975484680242088081375335115873141912598724773287917703999512975237053036954774576155494532447890703242032393806512108795910839354450155651888230782909665373625629145428146509143639783638112347005963893848038380893374324720106202144564847080116863674476735037995598209268928235921312301 0 0 0 0 0 0 0 0 0 0 0 0 0 0 0 0 0 0 0 0 0 0 0 0 0 0 0 0 0 0 0 0 0 0 0 0 0 0 0 0 0 0 0 0 0 0 0 0 0 0 0 0 0 0 0 0 0 0 0 0 0 0 0 0 0 0 0 0 0 0 0 0 0 0 0 0 0 0 0 0 0 0 0 0 0 0 0 0 0 0 0 0 0 0 0 0 0 0 0 0 0 0 1 0]
[2959726261435120095775388206720868819990224255316142334330555185145406772209714694316757127472447321903282413802432762739414499168906136482913671339575940418103058411555435085484262585564053669315770563862553282616013346194854134533926142077755496834983617442292629967574571419550046804816741109650846101099808089415 0 0 0 0 0 0 0 0 0 0 0 0 0 0 0 0 0 0 0 0 0 0 0 0 0 0 0 0 0 0 0 0 0 0 0 0 0 0 0 0 0 0 0 0 0 0 0 0 0 0 0 0 0 0 0 0 0 0 0 0 0 0 0 0 0 0 0 0 0 0 0 0 0 0 0 0 0 0 0 0 0 0 0 0 0 0 0 0 0 0 0 0 0 0 0 0 0 0 0 0 0 0 0 1]
]
