[[8572616204446832907470476915911500329632296500265971645986228500528887461483977260429968811784267098707894492649955701282845825553883301042375658757239303035431327220488657806720010516342945930422422479162167093632458674644689200339769604765221371585313305109618298645868234961505175934892905961535472719279692431329 0 0 0 0 0 0 0 0 0 0 0 0 0 0 0 0 0 0 0 0 0 0 0 0 0 0 0 0 0 0 0 0 0 0 0 0 0 0 0 0 0 0 0 0 0 0 0 0 0 0 0 0 0 0 0 0 0 0 0 0 0 0 0 0 0 0 0 0 0 0 0 0 0 0 0 0 0 0 0 0 0 0 0 0 0 0 0 0 0 0 0 0 0 0 0 0 0 0 0 0 0 0 0 0]
[4163965799429587493675956158893585728748560399204849368436227973330668490838700552973643455056506878304140791575099496947926817692347397712719601749013939499089273605408931775840005539902526031036842424228352742863346407773652757779040590968069395591848310365124343091566698820971772332955572123233327041611038218250 1 0 0 0 0 0 0 0 0 0 0 0 0 0 0 0 0 0 0 0 0 0 0 0 0 0 0 0 0 0 0 0 0 0 0 0 0 0 0 0 0 0 0 0 0 0 0 0 0 0 0 0 0 0 0 0 0 0 0 0 0 0 0 0 0 0 0 0 0 0 0 0 0 0 0 0 0 0 0 0 0 0 0 0 0 0 0 0 0 0 0 0 0 0 0 0 0 0 0 0 0 0 0 0]
[917462962523046684418613715188882946023718732557656713501434211856225780015976814975760592927039439752734483226025191181695277231081033970602571278226171907694190317942657040549888816345928634039016176890981132459762549128854804866263948891507203478481061011406887775021438609481992853906928519455853153980905434277 0 1 0 0 0 0 0 0 0 0 0 0 0 0 0 0 0 0 0 0 0 0 0 0 0 0 0 0 0 0 0 0 0 0 0 0 0 0 0 0 0 0 0 0 0 0 0 0 0 0 0 0 0 0 0 0 0 0 0 0 0 0 0 0 0 0 0 0 0 0 0 0 0 0 0 0 0 0 0 0 0 0 0 0 0 0 0 0 0 0 0 0 0 0 0 0 0 0 0 0 0 0 0 0]
[610971789875419737985531036359320737456204455800420142912198518215221418825908158499695467881885134955443265651257477102231533961763122999542607639464527522418408863840077047919622203200122641261009110802464533260717706284270338587451011967637658441579560218470069064229740589822505941267441474887775294527358419084 0 0 1 0 0 0 0 0 0 0 0 0 0 0 0 0 0 0 0 0 0 0 0 0 0 0 0 0 0 0 0 0 0 0 0 0 0 0 0 0 0 0 0 0 0 0 0 0 0 0 0 0 0 0 0 0 0 0 0 0 0 0 0 0 0 0 0 0 0 0 0 0 0 0 0 0 0 0 0 0 0 0 0 0 0 0 0 0 0 0 0 0 0 0 0 0 0 0 0 0 0 0 0 0]
[7123844995765924742061284854502781311165879034520800669605537242974589138610829899376592635732844740558568998914197713373857898278818232689777097614603255482007868291019662425661349674901841528489690954993775235087652096628965478415166380761973376919139083957185169137269663502525417618770857513111945018143957782715 0 0 0 1 0 0 0 0 0 0 0 0 0 0 0 0 0 0 0 0 0 0 0 0 0 0 0 0 0 0 0 0 0 0 0 0 0 0 0 0 0 0 0 0 0 0 0 0 0 0 0 0 0 0 0 0 0 0 0 0 0 0 0 0 0 0 0 0 0 0 0 0 0 0 0 0 0 0 0 0 0 0 0 0 0 0 0 0 0 0 0 0 0 0 0 0 0 0 0 0 0 0 0 0]
[4889460408292161478949599440171059758801968772615199984328915631718860850277223572624552566311751913873514334893679860175615271454083017503304913426589556724199067008037384745938864749287483297116330168354545504940553354967939745999941012993012829739825438571090684087994962021144684684127270454651809737991496078175 0 0 0 0 1 0 0 0 0 0 0 0 0 0 0 0 0 0 0 0 0 0 0 0 0 0 0 0 0 0 0 0 0 0 0 0 0 0 0 0 0 0 0 0 0 0 0 0 0 0 0 0 0 0 0 0 0 0 0 0 0 0 0 0 0 0 0 0 0 0 0 0 0 0 0 0 0 0 0 0 0 0 0 0 0 0 0 0 0 0 0 0 0 0 0 0 0 0 0 0 0 0 0 0]
[5163241210497055043405653653628830157939276681275120286656303648823567127975098896873991306538141772520440653694968418183329156493560215163028456254528738849213052704756553052361119853246114511976045062484055275579675001208539594528617425281964371210044556442591906950499577658736342987528768746889302285446129312229 0 0 0 0 0 1 0 0 0 0 0 0 0 0 0 0 0 0 0 0 0 0 0 0 0 0 0 0 0 0 0 0 0 0 0 0 0 0 0 0 0 0 0 0 0 0 0 0 0 0 0 0 0 0 0 0 0 0 0 0 0 0 0 0 0 0 0 0 0 0 0 0 0 0 0 0 0 0 0 0 0 0 0 0 0 0 0 0 0 0 0 0 0 0 0 0 0 0 0 0 0 0 0 0]
[1236538925907021073479454197177195295780992715899474860574295237619018514200309801308086171914666809288952769224099307028253588293214675276658654593386088918899829600873186200434019284677896418710533680883365971491519689189760847218248866811203963367869777811721611843188391068677500195299219660352679286116006407892 0 0 0 0 0 0 1 0 0 0 0 0 0 0 0 0 0 0 0 0 0 0 0 0 0 0 0 0 0 0 0 0 0 0 0 0 0 0 0 0 0 0 0 0 0 0 0 0 0 0 0 0 0 0 0 0 0 0 0 0 0 0 0 0 0 0 0 0 0 0 0 0 0 0 0 0 0 0 0 0 0 0 0 0 0 0 0 0 0 0 0 0 0 0 0 0 0 0 0 0 0 0 0 0]
[1189655426146091064237912874471250657529435484351629478440458252688809212196973117319104214214322235534737566150304417644221698564373494447959028874228065338754731018079860737668356834448455999549311506052518761021910083054794824402272685813986971153295386044353569690755579245947133804360716833054115672688210297633 0 0 0 0 0 0 0 1 0 0 0 0 0 0 0 0 0 0 0 0 0 0 0 0 0 0 0 0 0 0 0 0 0 0 0 0 0 0 0 0 0 0 0 0 0 0 0 0 0 0 0 0 0 0 0 0 0 0 0 0 0 0 0 0 0 0 0 0 0 0 0 0 0 0 0 0 0 0 0 0 0 0 0 0 0 0 0 0 0 0 0 0 0 0 0 0 0 0 0 0 0 0 0 0]
[7670560124295318363633498614725019861604901965756211556350804189992485703826980215369850981676971655757759357585935501589351613903192509829929031522910599419405379199278027473715202260804299751190709055369368645840481228646930804453678977827831198352373787344759771573506840754989163724779359535405201483607164906979 0 0 0 0 0 0 0 0 1 0 0 0 0 0 0 0 0 0 0 0 0 0 0 0 0 0 0 0 0 0 0 0 0 0 0 0 0 0 0 0 0 0 0 0 0 0 0 0 0 0 0 0 0 0 0 0 0 0 0 0 0 0 0 0 0 0 0 0 0 0 0 0 0 0 0 0 0 0 0 0 0 0 0 0 0 0 0 0 0 0 0 0 0 0 0 0 0 0 0 0 0 0 0 0]
[3577651692551718989073644253363286644771293598576710549240160810108955753803363418554565483703795673210895331411485788588585576287525855805958664515917643659932091891464168406719701556505226596873868891038987460078394725714704565796494469311690575944055524280639873495727679234920609095775069201212183250641009615072 0 0 0 0 0 0 0 0 0 1 0 0 0 0 0 0 0 0 0 0 0 0 0 0 0 0 0 0 0 0 0 0 0 0 0 0 0 0 0 0 0 0 0 0 0 0 0 0 0 0 0 0 0 0 0 0 0 0 0 0 0 0 0 0 0 0 0 0 0 0 0 0 0 0 0 0 0 0 0 0 0 0 0 0 0 0 0 0 0 0 0 0 0 0 0 0 0 0 0 0 0 0 0 0]
[6397447905704830354715374503984644846165117447870569523110062157419105430287727242552789164967441440555649207504008236686331832828719620062916524179617570988352403541952181113925483598867355321552834644875632327135085693207313247625078627991705843582162845874731476054989057867693811797496505412536077542087986640108 0 0 0 0 0 0 0 0 0 0 1 0 0 0 0 0 0 0 0 0 0 0 0 0 0 0 0 0 0 0 0 0 0 0 0 0 0 0 0 0 0 0 0 0 0 0 0 0 0 0 0 0 0 0 0 0 0 0 0 0 0 0 0 0 0 0 0 0 0 0 0 0 0 0 0 0 0 0 0 0 0 0 0 0 0 0 0 0 0 0 0 0 0 0 0 0 0 0 0 0 0 0 0 0]
[6261517329494817120017710179515054771429759622644666574639957475434493659633098900218172027410030344517885520842541762150159783067619286939051093449488920542437220977154102528265172301216825832081222687225465182478759904187031483311661841148974664071384818704638449948109277134307884849415977139899489512572079889246 0 0 0 0 0 0 0 0 0 0 0 1 0 0 0 0 0 0 0 0 0 0 0 0 0 0 0 0 0 0 0 0 0 0 0 0 0 0 0 0 0 0 0 0 0 0 0 0 0 0 0 0 0 0 0 0 0 0 0 0 0 0 0 0 0 0 0 0 0 0 0 0 0 0 0 0 0 0 0 0 0 0 0 0 0 0 0 0 0 0 0 0 0 0 0 0 0 0 0 0 0 0 0 0]
[4873047823324801433567175256922307895226792662856645739137432308812969426491091152518284187770621679395335792739770587651152432866158284568112847930117725297704449556445349052244614113359430630799248995375828673279369542404375558680577919598620427672729934395315013288061648969636679426266252864951943999128491357723 0 0 0 0 0 0 0 0 0 0 0 0 1 0 0 0 0 0 0 0 0 0 0 0 0 0 0 0 0 0 0 0 0 0 0 0 0 0 0 0 0 0 0 0 0 0 0 0 0 0 0 0 0 0 0 0 0 0 0 0 0 0 0 0 0 0 0 0 0 0 0 0 0 0 0 0 0 0 0 0 0 0 0 0 0 0 0 0 0 0 0 0 0 0 0 0 0 0 0 0 0 0 0 0]
[567285538463068916539610512268443429678786863502872825538755401282316689902879243755278928111100645443178828625147643661539058785432189809004903959978075635120455868586614897530001835674247105516543342037111183304423254928851657349897183268304641604482856441346315879340076125977023424887475752448418256316277844810 0 0 0 0 0 0 0 0 0 0 0 0 0 1 0 0 0 0 0 0 0 0 0 0 0 0 0 0 0 0 0 0 0 0 0 0 0 0 0 0 0 0 0 0 0 0 0 0 0 0 0 0 0 0 0 0 0 0 0 0 0 0 0 0 0 0 0 0 0 0 0 0 0 0 0 0 0 0 0 0 0 0 0 0 0 0 0 0 0 0 0 0 0 0 0 0 0 0 0 0 0 0 0 0]
[6613482577378566975926668450909284507590896862870060661712187157302978034226653409109673130819259557380298001908351711712849158468141489410788551281044202779114030852691220004030783308679701139097739889016672048008561332833444648521387071047654169873218902769581841506508687801086442927030205171043850716198711076577 0 0 0 0 0 0 0 0 0 0 0 0 0 0 1 0 0 0 0 0 0 0 0 0 0 0 0 0 0 0 0 0 0 0 0 0 0 0 0 0 0 0 0 0 0 0 0 0 0 0 0 0 0 0 0 0 0 0 0 0 0 0 0 0 0 0 0 0 0 0 0 0 0 0 0 0 0 0 0 0 0 0 0 0 0 0 0 0 0 0 0 0 0 0 0 0 0 0 0 0 0 0 0 0]
[2349481634845786705826109634884423395519575700993830435402062707139511998398677857697940217853985935428271111814788227659858478923446771786949613000541119797684754443053204134120176817689623914237870434793774131424307889581777979223723209153858332860746372662619578262592052260688358794753441393934153833464187659226 0 0 0 0 0 0 0 0 0 0 0 0 0 0 0 1 0 0 0 0 0 0 0 0 0 0 0 0 0 0 0 0 0 0 0 0 0 0 0 0 0 0 0 0 0 0 0 0 0 0 0 0 0 0 0 0 0 0 0 0 0 0 0 0 0 0 0 0 0 0 0 0 0 0 0 0 0 0 0 0 0 0 0 0 0 0 0 0 0 0 0 0 0 0 0 0 0 0 0 0 0 0 0 0]
[3429831318864174502719758062425678411133065924891695250557147049995219753330568161021725041345167542675205538826847135487548982672763706663913372914940914101505826936786115238102265961877023343366828857818236207363521485224310039833623297401435101222849988032874310105025744192076698251487154393884424108266189888737 0 0 0 0 0 0 0 0 0 0 0 0 0 0 0 0 1 0 0 0 0 0 0 0 0 0 0 0 0 0 0 0 0 0 0 0 0 0 0 0 0 0 0 0 0 0 0 0 0 0 0 0 0 0 0 0 0 0 0 0 0 0 0 0 0 0 0 0 0 0 0 0 0 0 0 0 0 0 0 0 0 0 0 0 0 0 0 0 0 0 0 0 0 0 0 0 0 0 0 0 0 0 0 0]
[3090395677063015020819965951751301730951704187020115503246276807290203914971678035586919897944778949123710574975326773846480065667222730308297626806540527597875695732894610389787735353258418661036657077580427761577068891021833005224469489364034043061064834191438217231518755143752834662809895747768994669112558819032 0 0 0 0 0 0 0 0 0 0 0 0 0 0 0 0 0 1 0 0 0 0 0 0 0 0 0 0 0 0 0 0 0 0 0 0 0 0 0 0 0 0 0 0 0 0 0 0 0 0 0 0 0 0 0 0 0 0 0 0 0 0 0 0 0 0 0 0 0 0 0 0 0 0 0 0 0 0 0 0 0 0 0 0 0 0 0 0 0 0 0 0 0 0 0 0 0 0 0 0 0 0 0 0]
[870886732932066632026084218149362732256463905264556970266467972272088397304144072938403633029178812351646524185980980150652880635845471438212891884272694776050092254295447735368863330537629789040764028821255368580461468222175668226150229676923339607276171264781195643091370954431184167143135980591765455055590987459 0 0 0 0 0 0 0 0 0 0 0 0 0 0 0 0 0 0 1 0 0 0 0 0 0 0 0 0 0 0 0 0 0 0 0 0 0 0 0 0 0 0 0 0 0 0 0 0 0 0 0 0 0 0 0 0 0 0 0 0 0 0 0 0 0 0 0 0 0 0 0 0 0 0 0 0 0 0 0 0 0 0 0 0 0 0 0 0 0 0 0 0 0 0 0 0 0 0 0 0 0 0 0 0]
[1212064460258814857590926815027702961286451641759947645596875788636894909104221857350102912209097983806343286249911013842941929613509452814217076705379559567513300117602412186176597467186235365094514916494702030135050636661899762988553295534731146177720266976800501058071669508896740134186905774013896153034318209372 0 0 0 0 0 0 0 0 0 0 0 0 0 0 0 0 0 0 0 1 0 0 0 0 0 0 0 0 0 0 0 0 0 0 0 0 0 0 0 0 0 0 0 0 0 0 0 0 0 0 0 0 0 0 0 0 0 0 0 0 0 0 0 0 0 0 0 0 0 0 0 0 0 0 0 0 0 0 0 0 0 0 0 0 0 0 0 0 0 0 0 0 0 0 0 0 0 0 0 0 0 0 0 0]
[6890856809415108731453062582978433974287771863765649042176896693350933070254963074694192999936054803230477235846796266849567033027352221593948025806006741469764033272949148464850041273106607073408973386109068369295723186705813830911092988456189249206933118758379131420013975754701976255626976280352122229588776159037 0 0 0 0 0 0 0 0 0 0 0 0 0 0 0 0 0 0 0 0 1 0 0 0 0 0 0 0 0 0 0 0 0 0 0 0 0 0 0 0 0 0 0 0 0 0 0 0 0 0 0 0 0 0 0 0 0 0 0 0 0 0 0 0 0 0 0 0 0 0 0 0 0 0 0 0 0 0 0 0 0 0 0 0 0 0 0 0 0 0 0 0 0 0 0 0 0 0 0 0 0 0 0 0]
[569046829343637031754025049668136515107519829530861512627828401920011255392884092934185145352248960868459637946200642243306037406464843488266889026465733533148556450556240909741796557467783442578141163013441028935022699382910350708723565123437600541261523341606256298294400351947965735361629876679222464259348887976 0 0 0 0 0 0 0 0 0 0 0 0 0 0 0 0 0 0 0 0 0 1 0 0 0 0 0 0 0 0 0 0 0 0 0 0 0 0 0 0 0 0 0 0 0 0 0 0 0 0 0 0 0 0 0 0 0 0 0 0 0 0 0 0 0 0 0 0 0 0 0 0 0 0 0 0 0 0 0 0 0 0 0 0 0 0 0 0 0 0 0 0 0 0 0 0 0 0 0 0 0 0 0 0]
[3149179533781927756234784543175847466190675425752164251431102989032415103084886241631103446490622038807254865420269739566612458056308059489161836548993150420932645578342942301389821143362905650209051994305089073896857641307381877490082342440359227031615394443272331190204115101647021250632168046247444411004915628781 0 0 0 0 0 0 0 0 0 0 0 0 0 0 0 0 0 0 0 0 0 0 1 0 0 0 0 0 0 0 0 0 0 0 0 0 0 0 0 0 0 0 0 0 0 0 0 0 0 0 0 0 0 0 0 0 0 0 0 0 0 0 0 0 0 0 0 0 0 0 0 0 0 0 0 0 0 0 0 0 0 0 0 0 0 0 0 0 0 0 0 0 0 0 0 0 0 0 0 0 0 0 0 0]
[4940882522838471992695859993631413628942051977452883960126420713897975771957038390376551301640697628945840373291740067526502044197398464461946958661387248915644107891750571171010171668315810093052007653547904159063895864100695004950819499117775108780916459853840780720581572420958025478026454415538091636362021418986 0 0 0 0 0 0 0 0 0 0 0 0 0 0 0 0 0 0 0 0 0 0 0 1 0 0 0 0 0 0 0 0 0 0 0 0 0 0 0 0 0 0 0 0 0 0 0 0 0 0 0 0 0 0 0 0 0 0 0 0 0 0 0 0 0 0 0 0 0 0 0 0 0 0 0 0 0 0 0 0 0 0 0 0 0 0 0 0 0 0 0 0 0 0 0 0 0 0 0 0 0 0 0 0]
[2614935939605704226145294497767356337789520796722371181798268216232729960319531613831650219021233864434227625453159499663064811872384355846546813157357244778399714699697915198600315427868577841171449771048325967563037546993011584996922197333914437723802935457361722232402100958598084966077782220807985896324643790115 0 0 0 0 0 0 0 0 0 0 0 0 0 0 0 0 0 0 0 0 0 0 0 0 1 0 0 0 0 0 0 0 0 0 0 0 0 0 0 0 0 0 0 0 0 0 0 0 0 0 0 0 0 0 0 0 0 0 0 0 0 0 0 0 0 0 0 0 0 0 0 0 0 0 0 0 0 0 0 0 0 0 0 0 0 0 0 0 0 0 0 0 0 0 0 0 0 0 0 0 0 0 0 0]
[759340442813481653326671898919563690426001464180120972683462186313705447444236689345429686901930427359422949437208136220726884684596926350162803998979189375558800979597543446024030293011277582898605155916942581249243330183111873680233482870929675321622859494012629025946075333878269159589869543199823195054881394031 0 0 0 0 0 0 0 0 0 0 0 0 0 0 0 0 0 0 0 0 0 0 0 0 0 1 0 0 0 0 0 0 0 0 0 0 0 0 0 0 0 0 0 0 0 0 0 0 0 0 0 0 0 0 0 0 0 0 0 0 0 0 0 0 0 0 0 0 0 0 0 0 0 0 0 0 0 0 0 0 0 0 0 0 0 0 0 0 0 0 0 0 0 0 0 0 0 0 0 0 0 0 0 0]
[776966359031775604777990913189746452152066801007327567371900413659725474514197865846179239636260992044596343511555407564510253439867335677543086428130470938610321904899762235805950030479983172917714961287210319277083539216025121990800747589767078677170417844968385270041101463523427018203170116384951829824004598904 0 0 0 0 0 0 0 0 0 0 0 0 0 0 0 0 0 0 0 0 0 0 0 0 0 0 1 0 0 0 0 0 0 0 0 0 0 0 0 0 0 0 0 0 0 0 0 0 0 0 0 0 0 0 0 0 0 0 0 0 0 0 0 0 0 0 0 0 0 0 0 0 0 0 0 0 0 0 0 0 0 0 0 0 0 0 0 0 0 0 0 0 0 0 0 0 0 0 0 0 0 0 0 0]
[1737631186716061291676432762117339256941768172627301952810748522516472698706246933797650423084840433620582711950984297168942596006503340321708526334289959078807912338807501081374806696850853272998796330550566672544045280032359756426472293615989618153062122733908473950027948156446948919088487764150459329918633502181 0 0 0 0 0 0 0 0 0 0 0 0 0 0 0 0 0 0 0 0 0 0 0 0 0 0 0 1 0 0 0 0 0 0 0 0 0 0 0 0 0 0 0 0 0 0 0 0 0 0 0 0 0 0 0 0 0 0 0 0 0 0 0 0 0 0 0 0 0 0 0 0 0 0 0 0 0 0 0 0 0 0 0 0 0 0 0 0 0 0 0 0 0 0 0 0 0 0 0 0 0 0 0 0]
[5510819552620803161172566257780723411115426539550831405301427823477089539277239039199692370974195392961339728206981231637659835592593569594926625596554607207909079147283222079859665975539012218344882316143985238586577144056948393799642015767762897452591276321557275036131169675112694667616261133550572447426814922522 0 0 0 0 0 0 0 0 0 0 0 0 0 0 0 0 0 0 0 0 0 0 0 0 0 0 0 0 1 0 0 0 0 0 0 0 0 0 0 0 0 0 0 0 0 0 0 0 0 0 0 0 0 0 0 0 0 0 0 0 0 0 0 0 0 0 0 0 0 0 0 0 0 0 0 0 0 0 0 0 0 0 0 0 0 0 0 0 0 0 0 0 0 0 0 0 0 0 0 0 0 0 0 0]
[7298459536195751797800987067010082145476668470764350120127739771908002033661683026000028314118477170466993936355171578148463404741292599070005584815349860382936574439147196798538857790114717500770633566456801871235323621286262811694270057029214560798433122501473370767670251344611863884799785895179712949108459202018 0 0 0 0 0 0 0 0 0 0 0 0 0 0 0 0 0 0 0 0 0 0 0 0 0 0 0 0 0 1 0 0 0 0 0 0 0 0 0 0 0 0 0 0 0 0 0 0 0 0 0 0 0 0 0 0 0 0 0 0 0 0 0 0 0 0 0 0 0 0 0 0 0 0 0 0 0 0 0 0 0 0 0 0 0 0 0 0 0 0 0 0 0 0 0 0 0 0 0 0 0 0 0 0]
[1145131000956615309183972736202900719882210833260455056408429521807729416944070741807108986542549155343439078991644576805773145441671186996910653292091387721523624685503778345095411084404749873561455358618270590944621550200314264631935565159361366845137982467530881025834469357471656162650440777825637001476024904890 0 0 0 0 0 0 0 0 0 0 0 0 0 0 0 0 0 0 0 0 0 0 0 0 0 0 0 0 0 0 1 0 0 0 0 0 0 0 0 0 0 0 0 0 0 0 0 0 0 0 0 0 0 0 0 0 0 0 0 0 0 0 0 0 0 0 0 0 0 0 0 0 0 0 0 0 0 0 0 0 0 0 0 0 0 0 0 0 0 0 0 0 0 0 0 0 0 0 0 0 0 0 0 0]
[793421683755624686899121361665044628218862674714989251466621084071187137733276546373410113353768438549116023709862769720724913114996568322865109837999642028305456995162746486378967732350873228484403573932365445415189093152120277258071926149973955398270407692317748229647484243537407015822076078042580634721528910244 0 0 0 0 0 0 0 0 0 0 0 0 0 0 0 0 0 0 0 0 0 0 0 0 0 0 0 0 0 0 0 1 0 0 0 0 0 0 0 0 0 0 0 0 0 0 0 0 0 0 0 0 0 0 0 0 0 0 0 0 0 0 0 0 0 0 0 0 0 0 0 0 0 0 0 0 0 0 0 0 0 0 0 0 0 0 0 0 0 0 0 0 0 0 0 0 0 0 0 0 0 0 0 0]
[783525118872844079596302811457921028948355679262441301426881002784619746747167647245676582163075717717692227775169387997286370251024214154034576840453227564386660204621292244202968843975251899799786969408594873296347918949305394978270103399936930476131779778080975304482094298925768375873040036160613492479593226476 0 0 0 0 0 0 0 0 0 0 0 0 0 0 0 0 0 0 0 0 0 0 0 0 0 0 0 0 0 0 0 0 1 0 0 0 0 0 0 0 0 0 0 0 0 0 0 0 0 0 0 0 0 0 0 0 0 0 0 0 0 0 0 0 0 0 0 0 0 0 0 0 0 0 0 0 0 0 0 0 0 0 0 0 0 0 0 0 0 0 0 0 0 0 0 0 0 0 0 0 0 0 0 0]
[7329561086133546001709703176861647067024349928073624371968302865913101856757441596737566225385270292267416756235023800405526573108841000970208169408782119866431819675707821770468898506930892297382063486581641806715849481770067659083598899890423466316795794293036037254357730801140192854944260911856403755731547402399 0 0 0 0 0 0 0 0 0 0 0 0 0 0 0 0 0 0 0 0 0 0 0 0 0 0 0 0 0 0 0 0 0 1 0 0 0 0 0 0 0 0 0 0 0 0 0 0 0 0 0 0 0 0 0 0 0 0 0 0 0 0 0 0 0 0 0 0 0 0 0 0 0 0 0 0 0 0 0 0 0 0 0 0 0 0 0 0 0 0 0 0 0 0 0 0 0 0 0 0 0 0 0 0]
[7115351534920235377900636010412481482921076320025463194741390929762240682221231354704364689872793736358162015833700812489739359165926036143254706511536175390518816360702102274023172278476190068916609917594578559542382865303486937245571098400476301862883801984059195922765186950507525067895210324655783747126324768993 0 0 0 0 0 0 0 0 0 0 0 0 0 0 0 0 0 0 0 0 0 0 0 0 0 0 0 0 0 0 0 0 0 0 1 0 0 0 0 0 0 0 0 0 0 0 0 0 0 0 0 0 0 0 0 0 0 0 0 0 0 0 0 0 0 0 0 0 0 0 0 0 0 0 0 0 0 0 0 0 0 0 0 0 0 0 0 0 0 0 0 0 0 0 0 0 0 0 0 0 0 0 0 0]
[6671511489129850875784819510830430220647860151710233808170756681798237248202262485600585689462210047158269485398373542638682998460480396384783401211817122923326121739503047618249244853446400175315247266792665267831593207943192838470615217809853223754916780928760422942129485646121631389030286177516928866262926377723 0 0 0 0 0 0 0 0 0 0 0 0 0 0 0 0 0 0 0 0 0 0 0 0 0 0 0 0 0 0 0 0 0 0 0 1 0 0 0 0 0 0 0 0 0 0 0 0 0 0 0 0 0 0 0 0 0 0 0 0 0 0 0 0 0 0 0 0 0 0 0 0 0 0 0 0 0 0 0 0 0 0 0 0 0 0 0 0 0 0 0 0 0 0 0 0 0 0 0 0 0 0 0 0]
[8278715898308554446969881681162942266547028375719547711762218757619981543011641551474218303926382421121232475819206405878750588663884539843280531004765135747182791181794451937217966839039321743350155456846540738168888282126833826011604792900160344967795765317878979922074213272470679684778926750569053502114048065999 0 0 0 0 0 0 0 0 0 0 0 0 0 0 0 0 0 0 0 0 0 0 0 0 0 0 0 0 0 0 0 0 0 0 0 0 1 0 0 0 0 0 0 0 0 0 0 0 0 0 0 0 0 0 0 0 0 0 0 0 0 0 0 0 0 0 0 0 0 0 0 0 0 0 0 0 0 0 0 0 0 0 0 0 0 0 0 0 0 0 0 0 0 0 0 0 0 0 0 0 0 0 0 0]
[1737539185702426551480323730526914142686289254122637199023733272822516458563965249620674477068691034774023188485958838576975737539556638292840222695114911412675542493895689032799927764534366582242651219412440414036090524786176465619350794098811259768562628052585179632656882046467125910115507766385433210361985456827 0 0 0 0 0 0 0 0 0 0 0 0 0 0 0 0 0 0 0 0 0 0 0 0 0 0 0 0 0 0 0 0 0 0 0 0 0 1 0 0 0 0 0 0 0 0 0 0 0 0 0 0 0 0 0 0 0 0 0 0 0 0 0 0 0 0 0 0 0 0 0 0 0 0 0 0 0 0 0 0 0 0 0 0 0 0 0 0 0 0 0 0 0 0 0 0 0 0 0 0 0 0 0 0]
[8422756529704489744579614835498226375490043323619655449617372828757671777674182596110610835681616633091016339519548035065781469162469885208040430303832008381105952501349779313440302731905923087381720050151168074864367818616983542302475866351725896853032722566632067637415385308209694618139719614555174467305386671974 0 0 0 0 0 0 0 0 0 0 0 0 0 0 0 0 0 0 0 0 0 0 0 0 0 0 0 0 0 0 0 0 0 0 0 0 0 0 1 0 0 0 0 0 0 0 0 0 0 0 0 0 0 0 0 0 0 0 0 0 0 0 0 0 0 0 0 0 0 0 0 0 0 0 0 0 0 0 0 0 0 0 0 0 0 0 0 0 0 0 0 0 0 0 0 0 0 0 0 0 0 0 0 0]
[6687468150959685405030526670468437587785169659874848949553956002380721787436767802235898356746915284361588728986742661377506780561605736465312006393672966319475451368753206987073219442177246596256987625736386965219044695936587335113622590460000272211678275261672548567748057848999619161553493664768947288190582794340 0 0 0 0 0 0 0 0 0 0 0 0 0 0 0 0 0 0 0 0 0 0 0 0 0 0 0 0 0 0 0 0 0 0 0 0 0 0 0 1 0 0 0 0 0 0 0 0 0 0 0 0 0 0 0 0 0 0 0 0 0 0 0 0 0 0 0 0 0 0 0 0 0 0 0 0 0 0 0 0 0 0 0 0 0 0 0 0 0 0 0 0 0 0 0 0 0 0 0 0 0 0 0 0]
[3090751703875352252113374199283071957615737959640458384818890383392781993310178697646320798238886749692108604345667801754433182647026211746011999406692281758591889773449473712306360487528764851785063240951342064715103110636344632906077284837008758938711762580358550389525739924941780706797465557054021913606649709428 0 0 0 0 0 0 0 0 0 0 0 0 0 0 0 0 0 0 0 0 0 0 0 0 0 0 0 0 0 0 0 0 0 0 0 0 0 0 0 0 1 0 0 0 0 0 0 0 0 0 0 0 0 0 0 0 0 0 0 0 0 0 0 0 0 0 0 0 0 0 0 0 0 0 0 0 0 0 0 0 0 0 0 0 0 0 0 0 0 0 0 0 0 0 0 0 0 0 0 0 0 0 0 0]
[3242224486204690429266886799971935794365048866814014560158550721143024649351083496687621962736242761378843163583602817682346637186482666433251014617294779634239462189094249405854181144667461191310915975180349730226305800633790681118571381697575940009771432680782772844393570343994949820993960034253293918698591339540 0 0 0 0 0 0 0 0 0 0 0 0 0 0 0 0 0 0 0 0 0 0 0 0 0 0 0 0 0 0 0 0 0 0 0 0 0 0 0 0 0 1 0 0 0 0 0 0 0 0 0 0 0 0 0 0 0 0 0 0 0 0 0 0 0 0 0 0 0 0 0 0 0 0 0 0 0 0 0 0 0 0 0 0 0 0 0 0 0 0 0 0 0 0 0 0 0 0 0 0 0 0 0 0]
[1844233145490852712633263610269405987860774650742446108277975473227889085687189766501839884762802421963834571073832818628627075953958450862908579532894020567225831698820158980849124501321877577159723811587905294895792952233571643528630981389481503591988341759569227550837356972570880756043851379385156709757721888957 0 0 0 0 0 0 0 0 0 0 0 0 0 0 0 0 0 0 0 0 0 0 0 0 0 0 0 0 0 0 0 0 0 0 0 0 0 0 0 0 0 0 1 0 0 0 0 0 0 0 0 0 0 0 0 0 0 0 0 0 0 0 0 0 0 0 0 0 0 0 0 0 0 0 0 0 0 0 0 0 0 0 0 0 0 0 0 0 0 0 0 0 0 0 0 0 0 0 0 0 0 0 0 0]
[1013259617059665044670106995517286970081080838748385893994042334532385867486987945961552441017297645084972406856178488053353328370586179634413562321961231037192956775640284560619057260291414323519227774358866628152530527112232849880442433568696858345874264999505628053739794015100018377968946456675079944756211270427 0 0 0 0 0 0 0 0 0 0 0 0 0 0 0 0 0 0 0 0 0 0 0 0 0 0 0 0 0 0 0 0 0 0 0 0 0 0 0 0 0 0 0 1 0 0 0 0 0 0 0 0 0 0 0 0 0 0 0 0 0 0 0 0 0 0 0 0 0 0 0 0 0 0 0 0 0 0 0 0 0 0 0 0 0 0 0 0 0 0 0 0 0 0 0 0 0 0 0 0 0 0 0 0]
[4290163322861156179350823989631050168456877257856131939389473459979300626588529789600040912036952258788967199589625518755685529310151197230135509768317932675490735621107941284220028046977095340919384054941785641958826968210047026871990038884366379365994380864071968582239549047939661900470909418649559173868991490788 0 0 0 0 0 0 0 0 0 0 0 0 0 0 0 0 0 0 0 0 0 0 0 0 0 0 0 0 0 0 0 0 0 0 0 0 0 0 0 0 0 0 0 0 1 0 0 0 0 0 0 0 0 0 0 0 0 0 0 0 0 0 0 0 0 0 0 0 0 0 0 0 0 0 0 0 0 0 0 0 0 0 0 0 0 0 0 0 0 0 0 0 0 0 0 0 0 0 0 0 0 0 0 0]
[3339962008966907993423628781704579834977016432992934648467102957531163664509463546001678509742933201535151820942855247371124073727797999792249505407239814555304787064194103686523129525382813941527222792756831738657042763349819672268057529243471894126607254788258229631818396607236166120586027596573470004219624825006 0 0 0 0 0 0 0 0 0 0 0 0 0 0 0 0 0 0 0 0 0 0 0 0 0 0 0 0 0 0 0 0 0 0 0 0 0 0 0 0 0 0 0 0 0 1 0 0 0 0 0 0 0 0 0 0 0 0 0 0 0 0 0 0 0 0 0 0 0 0 0 0 0 0 0 0 0 0 0 0 0 0 0 0 0 0 0 0 0 0 0 0 0 0 0 0 0 0 0 0 0 0 0 0]
[768906546654792591135343237418014888867052805188468817739027212468519051651053317217139160827039626321399281611958917888389933848604824681120160484465402262482874745180924413118665667883159575197937613690339368033199992304783856248106875755163050923095610184512714907905887149781832541634568872703899753325347852290 0 0 0 0 0 0 0 0 0 0 0 0 0 0 0 0 0 0 0 0 0 0 0 0 0 0 0 0 0 0 0 0 0 0 0 0 0 0 0 0 0 0 0 0 0 0 1 0 0 0 0 0 0 0 0 0 0 0 0 0 0 0 0 0 0 0 0 0 0 0 0 0 0 0 0 0 0 0 0 0 0 0 0 0 0 0 0 0 0 0 0 0 0 0 0 0 0 0 0 0 0 0 0 0]
[6061486987429143117034253377417060755573412715895269096998504170894395392085572326422586819998586756100705155214638008873818432078390339073971363947009658573770336829481711789568876337954726632526869961458182617668963961661601794427539906740035080046323684501088891025945028151123036679024543105700594852229440639499 0 0 0 0 0 0 0 0 0 0 0 0 0 0 0 0 0 0 0 0 0 0 0 0 0 0 0 0 0 0 0 0 0 0 0 0 0 0 0 0 0 0 0 0 0 0 0 1 0 0 0 0 0 0 0 0 0 0 0 0 0 0 0 0 0 0 0 0 0 0 0 0 0 0 0 0 0 0 0 0 0 0 0 0 0 0 0 0 0 0 0 0 0 0 0 0 0 0 0 0 0 0 0 0]
[2623032052429940609775659690614581416901864191351499401730998142671255114855840062662090786861644678357507591736580614101724469791136682215773505181652830405958355062900495332420206882474354450312596034373963844761372858292323768289660487618975243329036624075052876260828929135529480906554383972425274007461076391292 0 0 0 0 0 0 0 0 0 0 0 0 0 0 0 0 0 0 0 0 0 0 0 0 0 0 0 0 0 0 0 0 0 0 0 0 0 0 0 0 0 0 0 0 0 0 0 0 1 0 0 0 0 0 0 0 0 0 0 0 0 0 0 0 0 0 0 0 0 0 0 0 0 0 0 0 0 0 0 0 0 0 0 0 0 0 0 0 0 0 0 0 0 0 0 0 0 0 0 0 0 0 0 0]
[6792410341400568523851163045882401358042670822914794739358198031092199804087974427161175055646467494607776734456594464209756052471632265379442595462870041453362035747698361873494821292365136345203095451679257584097786158864263235539771126034860996895051808947009493470864810390639983258125721546723688425931880730531 0 0 0 0 0 0 0 0 0 0 0 0 0 0 0 0 0 0 0 0 0 0 0 0 0 0 0 0 0 0 0 0 0 0 0 0 0 0 0 0 0 0 0 0 0 0 0 0 0 1 0 0 0 0 0 0 0 0 0 0 0 0 0 0 0 0 0 0 0 0 0 0 0 0 0 0 0 0 0 0 0 0 0 0 0 0 0 0 0 0 0 0 0 0 0 0 0 0 0 0 0 0 0 0]
[7106848392401632836403849578910575640624274385795355828374852880178655888895927710769416414677990910189205197196047981888650952445776112148293163350825823519944216400275033729585239557986031252106592745464141142214912203102809483025135936667703876841877751092633042857322326741513134985997034125617943012793683540918 0 0 0 0 0 0 0 0 0 0 0 0 0 0 0 0 0 0 0 0 0 0 0 0 0 0 0 0 0 0 0 0 0 0 0 0 0 0 0 0 0 0 0 0 0 0 0 0 0 0 1 0 0 0 0 0 0 0 0 0 0 0 0 0 0 0 0 0 0 0 0 0 0 0 0 0 0 0 0 0 0 0 0 0 0 0 0 0 0 0 0 0 0 0 0 0 0 0 0 0 0 0 0 0]
[6374843402527303295777108832981280127053983853726432898957528395494575639608622538512491537235237588553300088378944119050843299720891932240210052243815072181012959136654994697034677332052317759175172152418026784712270269036973912055369004109768164225406528400789789029606088333969731763358307020369108104692152650189 0 0 0 0 0 0 0 0 0 0 0 0 0 0 0 0 0 0 0 0 0 0 0 0 0 0 0 0 0 0 0 0 0 0 0 0 0 0 0 0 0 0 0 0 0 0 0 0 0 0 0 1 0 0 0 0 0 0 0 0 0 0 0 0 0 0 0 0 0 0 0 0 0 0 0 0 0 0 0 0 0 0 0 0 0 0 0 0 0 0 0 0 0 0 0 0 0 0 0 0 0 0 0 0]
[8498774183642064731470892306237537683282304910329078598489625503430454170182491103453095262992381047504531400882530071464377608929778177432798658105915127257228691828650246067538014748790376051261389249662468168611799262354020568099476216642623070050180279337644682700577746379760599780059541073787833912405233388806 0 0 0 0 0 0 0 0 0 0 0 0 0 0 0 0 0 0 0 0 0 0 0 0 0 0 0 0 0 0 0 0 0 0 0 0 0 0 0 0 0 0 0 0 0 0 0 0 0 0 0 0 1 0 0 0 0 0 0 0 0 0 0 0 0 0 0 0 0 0 0 0 0 0 0 0 0 0 0 0 0 0 0 0 0 0 0 0 0 0 0 0 0 0 0 0 0 0 0 0 0 0 0 0]
[7850562118414468173851515031619366124972459610100406315137243226070747474191249068952188469183255617741044889987246490072984875310398502883545568316861665387120274581213019805917859624680159070269512847199830539744282419778940594055078269841873091224370118358396455666115302672056846504968609847415438143126229085671 0 0 0 0 0 0 0 0 0 0 0 0 0 0 0 0 0 0 0 0 0 0 0 0 0 0 0 0 0 0 0 0 0 0 0 0 0 0 0 0 0 0 0 0 0 0 0 0 0 0 0 0 0 1 0 0 0 0 0 0 0 0 0 0 0 0 0 0 0 0 0 0 0 0 0 0 0 0 0 0 0 0 0 0 0 0 0 0 0 0 0 0 0 0 0 0 0 0 0 0 0 0 0 0]
[5545968903830114389059243994353282103050001727401473810843601195233813152808401304541663055798022017330301084769020093776627891422954457788679008307815980279647657212674303062046619820604444530039111039681569294778928436245571794307043409649834273104428202878099525323562694554188201929510470955518776410572158320729 0 0 0 0 0 0 0 0 0 0 0 0 0 0 0 0 0 0 0 0 0 0 0 0 0 0 0 0 0 0 0 0 0 0 0 0 0 0 0 0 0 0 0 0 0 0 0 0 0 0 0 0 0 0 1 0 0 0 0 0 0 0 0 0 0 0 0 0 0 0 0 0 0 0 0 0 0 0 0 0 0 0 0 0 0 0 0 0 0 0 0 0 0 0 0 0 0 0 0 0 0 0 0 0]
[8258010159894948672356498730392135770949427439716501142603693496765289087176330427685391616831491401865666781342692761866025638385715527200696391944742653368182758695152860972126499154145528545820587653297354675414401638296582734261720687038497725338996339940988176826477027267356288096202507941562426109235594148675 0 0 0 0 0 0 0 0 0 0 0 0 0 0 0 0 0 0 0 0 0 0 0 0 0 0 0 0 0 0 0 0 0 0 0 0 0 0 0 0 0 0 0 0 0 0 0 0 0 0 0 0 0 0 0 1 0 0 0 0 0 0 0 0 0 0 0 0 0 0 0 0 0 0 0 0 0 0 0 0 0 0 0 0 0 0 0 0 0 0 0 0 0 0 0 0 0 0 0 0 0 0 0 0]
[6510924935162579104080199230486237718499994567620235263889397976054689912728875880698974881419292962566752909779502975910256356460912437869389674664715015089959469634173097743776817424741518846202603983226767805282144867651194458559918991977046676736327128754169835296708904943656241528837011324462977703702083246163 0 0 0 0 0 0 0 0 0 0 0 0 0 0 0 0 0 0 0 0 0 0 0 0 0 0 0 0 0 0 0 0 0 0 0 0 0 0 0 0 0 0 0 0 0 0 0 0 0 0 0 0 0 0 0 0 1 0 0 0 0 0 0 0 0 0 0 0 0 0 0 0 0 0 0 0 0 0 0 0 0 0 0 0 0 0 0 0 0 0 0 0 0 0 0 0 0 0 0 0 0 0 0 0]
[6917757999890106824007009909773098677929681588523735901454388785956084223552501649558448106781135542484699730049092287038262514977152701443796645897565912004993981339332774441757967172381512263848606293896261134670803813843063259836204400884531397007978059589723171835615005866090341801241574836252527899692834250230 0 0 0 0 0 0 0 0 0 0 0 0 0 0 0 0 0 0 0 0 0 0 0 0 0 0 0 0 0 0 0 0 0 0 0 0 0 0 0 0 0 0 0 0 0 0 0 0 0 0 0 0 0 0 0 0 0 1 0 0 0 0 0 0 0 0 0 0 0 0 0 0 0 0 0 0 0 0 0 0 0 0 0 0 0 0 0 0 0 0 0 0 0 0 0 0 0 0 0 0 0 0 0 0]
[183208386650217693520090772170082840575862554068725034943331779093976025320486900948486262632455726060753056259100135296453807168988330384022203160967856008347174090719711987670045465105233086791287667763050909311015695706662603974201541568795774350075674247926295094981130915160345683005852521901842079731643144583 0 0 0 0 0 0 0 0 0 0 0 0 0 0 0 0 0 0 0 0 0 0 0 0 0 0 0 0 0 0 0 0 0 0 0 0 0 0 0 0 0 0 0 0 0 0 0 0 0 0 0 0 0 0 0 0 0 0 1 0 0 0 0 0 0 0 0 0 0 0 0 0 0 0 0 0 0 0 0 0 0 0 0 0 0 0 0 0 0 0 0 0 0 0 0 0 0 0 0 0 0 0 0 0]
[207863177559322556885082527441636979645063400298810543479823318608130635545935470392845362938176465034090592467970684720217709106608199941214221983190995611312392170494697676498311757986354914766540505874098129000257379615519711417669894132493536890466189859162184254362114930933673862389001548147057821801099728826 0 0 0 0 0 0 0 0 0 0 0 0 0 0 0 0 0 0 0 0 0 0 0 0 0 0 0 0 0 0 0 0 0 0 0 0 0 0 0 0 0 0 0 0 0 0 0 0 0 0 0 0 0 0 0 0 0 0 0 1 0 0 0 0 0 0 0 0 0 0 0 0 0 0 0 0 0 0 0 0 0 0 0 0 0 0 0 0 0 0 0 0 0 0 0 0 0 0 0 0 0 0 0 0]
[844465384067663421922142109314826054735747245875785431893276821771831601214718303031370280468890917726102127857997605732474215410374235770134187902537354296524182861093327042458175735139789559915762728053550929756398064951486371908460185157819272316926703263236243375991253952206538246528063923726338621206989682081 0 0 0 0 0 0 0 0 0 0 0 0 0 0 0 0 0 0 0 0 0 0 0 0 0 0 0 0 0 0 0 0 0 0 0 0 0 0 0 0 0 0 0 0 0 0 0 0 0 0 0 0 0 0 0 0 0 0 0 0 1 0 0 0 0 0 0 0 0 0 0 0 0 0 0 0 0 0 0 0 0 0 0 0 0 0 0 0 0 0 0 0 0 0 0 0 0 0 0 0 0 0 0 0]
[7919135081881834911160363082423016817373260882822155033475434058039492277051336477669697423086519795431838155264031792563758167812985182556985242720355205041921589264680355243627381128829458608345224380001625363778946771840917975185584104267829051511360817236175865479864194570362558179149640654080079119432034088317 0 0 0 0 0 0 0 0 0 0 0 0 0 0 0 0 0 0 0 0 0 0 0 0 0 0 0 0 0 0 0 0 0 0 0 0 0 0 0 0 0 0 0 0 0 0 0 0 0 0 0 0 0 0 0 0 0 0 0 0 0 1 0 0 0 0 0 0 0 0 0 0 0 0 0 0 0 0 0 0 0 0 0 0 0 0 0 0 0 0 0 0 0 0 0 0 0 0 0 0 0 0 0 0]
[5586648681306357000569570215443399602341845944347468162901557577314188144127591730460325296563115427575318972630238011758948643378682334323533593390449908977276172057229162269612236652038066764683457879230732947182272336005596926215012290341103138633208011519862907926449776025987798564465310541972836207042207112609 0 0 0 0 0 0 0 0 0 0 0 0 0 0 0 0 0 0 0 0 0 0 0 0 0 0 0 0 0 0 0 0 0 0 0 0 0 0 0 0 0 0 0 0 0 0 0 0 0 0 0 0 0 0 0 0 0 0 0 0 0 0 1 0 0 0 0 0 0 0 0 0 0 0 0 0 0 0 0 0 0 0 0 0 0 0 0 0 0 0 0 0 0 0 0 0 0 0 0 0 0 0 0 0]
[4014297580965371645609932737376724762125460194823766238500792788545711717325050070025419367551548255223771245766609181006934576994920200389757513857243239418209992025836872798959458658421936920414435298824739776706336065714912999024153357310192517193999982195508057523465072018177104305345401107158766516807196327207 0 0 0 0 0 0 0 0 0 0 0 0 0 0 0 0 0 0 0 0 0 0 0 0 0 0 0 0 0 0 0 0 0 0 0 0 0 0 0 0 0 0 0 0 0 0 0 0 0 0 0 0 0 0 0 0 0 0 0 0 0 0 0 1 0 0 0 0 0 0 0 0 0 0 0 0 0 0 0 0 0 0 0 0 0 0 0 0 0 0 0 0 0 0 0 0 0 0 0 0 0 0 0 0]
[901514613476646763745536867320032911789585758346434584939055866795281975472507107062240348562956456038502830850583408008803313352741218375789105563511332134607139876673664486517689748133269599023270838519069187617092144397665985358946852983108355520130471399782968932743282723995272883664513474110673666586423919966 0 0 0 0 0 0 0 0 0 0 0 0 0 0 0 0 0 0 0 0 0 0 0 0 0 0 0 0 0 0 0 0 0 0 0 0 0 0 0 0 0 0 0 0 0 0 0 0 0 0 0 0 0 0 0 0 0 0 0 0 0 0 0 0 1 0 0 0 0 0 0 0 0 0 0 0 0 0 0 0 0 0 0 0 0 0 0 0 0 0 0 0 0 0 0 0 0 0 0 0 0 0 0 0]
[2568182022553107445790574954455757015680216126331574402746565206236010444199375767651803686545705356519661976060908549356116979369834785097310737420254816173375158369254851567454458316584419512869120876868289069047679724198058354315406735474880710570166235885732081360466402331593168136087597806125851539721255448489 0 0 0 0 0 0 0 0 0 0 0 0 0 0 0 0 0 0 0 0 0 0 0 0 0 0 0 0 0 0 0 0 0 0 0 0 0 0 0 0 0 0 0 0 0 0 0 0 0 0 0 0 0 0 0 0 0 0 0 0 0 0 0 0 0 1 0 0 0 0 0 0 0 0 0 0 0 0 0 0 0 0 0 0 0 0 0 0 0 0 0 0 0 0 0 0 0 0 0 0 0 0 0 0]
[736134113507405588626954862808111417824027868825326907522895108347087984265321531215438600718144462209569794950115800857476701760239231951653540743337413137788720950106313135843569033097910105719975916639194683623488413973623048093172243233793579486370849230097482978692809963873097856699030177675859458870006043480 0 0 0 0 0 0 0 0 0 0 0 0 0 0 0 0 0 0 0 0 0 0 0 0 0 0 0 0 0 0 0 0 0 0 0 0 0 0 0 0 0 0 0 0 0 0 0 0 0 0 0 0 0 0 0 0 0 0 0 0 0 0 0 0 0 0 1 0 0 0 0 0 0 0 0 0 0 0 0 0 0 0 0 0 0 0 0 0 0 0 0 0 0 0 0 0 0 0 0 0 0 0 0 0]
[3226814732313004476159674727421206224039713739232545604751482851043056508445045192350053166533061678697960956445666742179759039727940195378016460958896986693947416407671226399179385931577103297827693622179132280982446703146738117109531278817695981218756508041908923814995795611219497374736767970384942303291282945873 0 0 0 0 0 0 0 0 0 0 0 0 0 0 0 0 0 0 0 0 0 0 0 0 0 0 0 0 0 0 0 0 0 0 0 0 0 0 0 0 0 0 0 0 0 0 0 0 0 0 0 0 0 0 0 0 0 0 0 0 0 0 0 0 0 0 0 1 0 0 0 0 0 0 0 0 0 0 0 0 0 0 0 0 0 0 0 0 0 0 0 0 0 0 0 0 0 0 0 0 0 0 0 0]
[2611392044202713639811807546447603356776238847325603611555512567298592677832099744490215059666114045903509976250307174207521345159919536736063691472827220704522407241886372545473334302124085462878023560006973170216928784415144988472598692769380865720453383671743320780092386625106879707594126718326509560238877669427 0 0 0 0 0 0 0 0 0 0 0 0 0 0 0 0 0 0 0 0 0 0 0 0 0 0 0 0 0 0 0 0 0 0 0 0 0 0 0 0 0 0 0 0 0 0 0 0 0 0 0 0 0 0 0 0 0 0 0 0 0 0 0 0 0 0 0 0 1 0 0 0 0 0 0 0 0 0 0 0 0 0 0 0 0 0 0 0 0 0 0 0 0 0 0 0 0 0 0 0 0 0 0 0]
[280996178328661666800726381033705464403773048959352119965607234247269864454440799676106404608497874292483262518469606213385060940371138204018679355820009482537837279423507339637705676599057616668678199007584742572826375483671678886035949164717353550299216608387019163571264297624400199976409316409215776463926778739 0 0 0 0 0 0 0 0 0 0 0 0 0 0 0 0 0 0 0 0 0 0 0 0 0 0 0 0 0 0 0 0 0 0 0 0 0 0 0 0 0 0 0 0 0 0 0 0 0 0 0 0 0 0 0 0 0 0 0 0 0 0 0 0 0 0 0 0 0 1 0 0 0 0 0 0 0 0 0 0 0 0 0 0 0 0 0 0 0 0 0 0 0 0 0 0 0 0 0 0 0 0 0 0]
[6225297778303016127303432726747881429104181595148631236428144813618882509779033701982630592818893987903605279280030275320270139494591853687456398298682234934993205741216735435615767184248861438820085312788606015366933895332533432443082086324980334207034259654970258564827692974190888231839782973955743635740241494392 0 0 0 0 0 0 0 0 0 0 0 0 0 0 0 0 0 0 0 0 0 0 0 0 0 0 0 0 0 0 0 0 0 0 0 0 0 0 0 0 0 0 0 0 0 0 0 0 0 0 0 0 0 0 0 0 0 0 0 0 0 0 0 0 0 0 0 0 0 0 1 0 0 0 0 0 0 0 0 0 0 0 0 0 0 0 0 0 0 0 0 0 0 0 0 0 0 0 0 0 0 0 0 0]
[167332037523755101618976642534944588188180648287751308166108389484151700038302928564829297256123572700427176337787720081078054863846500468174068592139865280113231210458413066120509555145336218114743901220202982223342575388772510508948728471977335419950990293115183237440022417506591902653887823413821817449263457132 0 0 0 0 0 0 0 0 0 0 0 0 0 0 0 0 0 0 0 0 0 0 0 0 0 0 0 0 0 0 0 0 0 0 0 0 0 0 0 0 0 0 0 0 0 0 0 0 0 0 0 0 0 0 0 0 0 0 0 0 0 0 0 0 0 0 0 0 0 0 0 1 0 0 0 0 0 0 0 0 0 0 0 0 0 0 0 0 0 0 0 0 0 0 0 0 0 0 0 0 0 0 0 0]
[2348537670172733096030017663049526002581422547460100174738569634369716294533857620542332552219643371934201294790949709941750488599396949033375767494652466890604385310304855382088468000301091593312178851096479830052125392246759462859356372255702068857720350945768488399300291903367734832762102880529129608574228412360 0 0 0 0 0 0 0 0 0 0 0 0 0 0 0 0 0 0 0 0 0 0 0 0 0 0 0 0 0 0 0 0 0 0 0 0 0 0 0 0 0 0 0 0 0 0 0 0 0 0 0 0 0 0 0 0 0 0 0 0 0 0 0 0 0 0 0 0 0 0 0 0 1 0 0 0 0 0 0 0 0 0 0 0 0 0 0 0 0 0 0 0 0 0 0 0 0 0 0 0 0 0 0 0]
[5762088924814618550790517714462108368470264302046738774519153918092868574897256141497339112252798766699561666621112656010148477613895234510758144217564171316299244019356304695508875601015287127131139186002891290955074605865486681943654317443215482226617703832095006864297511384705678958137546425353884637916807973418 0 0 0 0 0 0 0 0 0 0 0 0 0 0 0 0 0 0 0 0 0 0 0 0 0 0 0 0 0 0 0 0 0 0 0 0 0 0 0 0 0 0 0 0 0 0 0 0 0 0 0 0 0 0 0 0 0 0 0 0 0 0 0 0 0 0 0 0 0 0 0 0 0 1 0 0 0 0 0 0 0 0 0 0 0 0 0 0 0 0 0 0 0 0 0 0 0 0 0 0 0 0 0 0]
[7623357547762531073140352868960846006656192896344990920635584624849412396157016882963234787089211979011782720054467505663529052020170067658089305218399273356267257238879032665464103082534761626816053691102458497560779846318232854741198098175673774453391071656145307581170035998959977262658188312902716727219953003918 0 0 0 0 0 0 0 0 0 0 0 0 0 0 0 0 0 0 0 0 0 0 0 0 0 0 0 0 0 0 0 0 0 0 0 0 0 0 0 0 0 0 0 0 0 0 0 0 0 0 0 0 0 0 0 0 0 0 0 0 0 0 0 0 0 0 0 0 0 0 0 0 0 0 1 0 0 0 0 0 0 0 0 0 0 0 0 0 0 0 0 0 0 0 0 0 0 0 0 0 0 0 0 0]
[2373832515690813705629979419548538049642066338986119590430673538872590517397575034067735432061082853408899150128004205457715826192852056622931871658420002275518885034665157084450528003005123108098980891710821875480897246674907111935927292208749233475835158731625445630698809663443918566927334938070204667133526328015 0 0 0 0 0 0 0 0 0 0 0 0 0 0 0 0 0 0 0 0 0 0 0 0 0 0 0 0 0 0 0 0 0 0 0 0 0 0 0 0 0 0 0 0 0 0 0 0 0 0 0 0 0 0 0 0 0 0 0 0 0 0 0 0 0 0 0 0 0 0 0 0 0 0 0 1 0 0 0 0 0 0 0 0 0 0 0 0 0 0 0 0 0 0 0 0 0 0 0 0 0 0 0 0]
[7183784195372083832081503960748416182592293408591113610761848337023599427872099635429167769481061217812677487786433887884861189821968201112762306956650703153592447764581310956313148429581283181578062086940840460025471011980052111878937813680117378117104925706181201536511848843746398355790194168896109167342322348905 0 0 0 0 0 0 0 0 0 0 0 0 0 0 0 0 0 0 0 0 0 0 0 0 0 0 0 0 0 0 0 0 0 0 0 0 0 0 0 0 0 0 0 0 0 0 0 0 0 0 0 0 0 0 0 0 0 0 0 0 0 0 0 0 0 0 0 0 0 0 0 0 0 0 0 0 1 0 0 0 0 0 0 0 0 0 0 0 0 0 0 0 0 0 0 0 0 0 0 0 0 0 0 0]
[3487459293921893008235019728758464375449071448666518384914313315810571459377022198661541360321377512044521960261580073768488184568249531158000705072251511257106160086083321861893805463775476128699289908734552692788022304363306849465806400155535205338631202426093800468056756476551994343650692283481477293915099784842 0 0 0 0 0 0 0 0 0 0 0 0 0 0 0 0 0 0 0 0 0 0 0 0 0 0 0 0 0 0 0 0 0 0 0 0 0 0 0 0 0 0 0 0 0 0 0 0 0 0 0 0 0 0 0 0 0 0 0 0 0 0 0 0 0 0 0 0 0 0 0 0 0 0 0 0 0 1 0 0 0 0 0 0 0 0 0 0 0 0 0 0 0 0 0 0 0 0 0 0 0 0 0 0]
[5669876633087578635988184680759882633897267541253546853325654373142956717576426781019445837118882111368306998940694097038028760911320616849389273897545140277840351646566265671925978857503914481618855280109144978314696859026462868954717817092980255503634893089853834262514743908585026397250827812600153619453013034864 0 0 0 0 0 0 0 0 0 0 0 0 0 0 0 0 0 0 0 0 0 0 0 0 0 0 0 0 0 0 0 0 0 0 0 0 0 0 0 0 0 0 0 0 0 0 0 0 0 0 0 0 0 0 0 0 0 0 0 0 0 0 0 0 0 0 0 0 0 0 0 0 0 0 0 0 0 0 1 0 0 0 0 0 0 0 0 0 0 0 0 0 0 0 0 0 0 0 0 0 0 0 0 0]
[2295311463935069071637349383231582515808944778665448922900555711541928269897510104454247680590060793012048817830848552668072380977199052849511489598103012442831401889335331170280662719606228639907144724593581547025604750739207794050516461940685890645414030002796438797706854195502274962499897111490978921758756945084 0 0 0 0 0 0 0 0 0 0 0 0 0 0 0 0 0 0 0 0 0 0 0 0 0 0 0 0 0 0 0 0 0 0 0 0 0 0 0 0 0 0 0 0 0 0 0 0 0 0 0 0 0 0 0 0 0 0 0 0 0 0 0 0 0 0 0 0 0 0 0 0 0 0 0 0 0 0 0 1 0 0 0 0 0 0 0 0 0 0 0 0 0 0 0 0 0 0 0 0 0 0 0 0]
[7712984257078616465233475664148702086500304915913520495178570150701888495267888442733614803977188499684513289270482217512737046665026764772250183436810013922118277332134177057485667041983640052182764093966636422996790701950514462275747868897216388350409510747452932453403797060175880818624764247795879781871977826343 0 0 0 0 0 0 0 0 0 0 0 0 0 0 0 0 0 0 0 0 0 0 0 0 0 0 0 0 0 0 0 0 0 0 0 0 0 0 0 0 0 0 0 0 0 0 0 0 0 0 0 0 0 0 0 0 0 0 0 0 0 0 0 0 0 0 0 0 0 0 0 0 0 0 0 0 0 0 0 0 1 0 0 0 0 0 0 0 0 0 0 0 0 0 0 0 0 0 0 0 0 0 0 0]
[6756919225884644480971350314616259401757981426801326422840801008663595382550829300588899748498247502961903939519752103580310742719577495263373984651258767088560199246525733762955078905067114640845136847179787813315355846479358003823619851631770133888493006860991918536672437464733776212249063316219769873669482545364 0 0 0 0 0 0 0 0 0 0 0 0 0 0 0 0 0 0 0 0 0 0 0 0 0 0 0 0 0 0 0 0 0 0 0 0 0 0 0 0 0 0 0 0 0 0 0 0 0 0 0 0 0 0 0 0 0 0 0 0 0 0 0 0 0 0 0 0 0 0 0 0 0 0 0 0 0 0 0 0 0 1 0 0 0 0 0 0 0 0 0 0 0 0 0 0 0 0 0 0 0 0 0 0]
[320521364831960495336912079885984028722667491518862146992182360597438983074598547396145701171396734759270514437606585016732406717905014590750380170815753801977935562237597040389640633166252772019518453681474551274721196903436136837130942802755653809219069324738674437573922125621974777536216797351177898512213832485 0 0 0 0 0 0 0 0 0 0 0 0 0 0 0 0 0 0 0 0 0 0 0 0 0 0 0 0 0 0 0 0 0 0 0 0 0 0 0 0 0 0 0 0 0 0 0 0 0 0 0 0 0 0 0 0 0 0 0 0 0 0 0 0 0 0 0 0 0 0 0 0 0 0 0 0 0 0 0 0 0 0 1 0 0 0 0 0 0 0 0 0 0 0 0 0 0 0 0 0 0 0 0 0]
[2835179321532826577161201988843142775642701864607522659607276060312115839432701036175161020094853786395241699062722807237176861569766913099083048018913864185822477589284080111536220559604256298403546257763384874890864902730739041047822234055912757591844326802079092662950056871738218824898123350182114245953345863070 0 0 0 0 0 0 0 0 0 0 0 0 0 0 0 0 0 0 0 0 0 0 0 0 0 0 0 0 0 0 0 0 0 0 0 0 0 0 0 0 0 0 0 0 0 0 0 0 0 0 0 0 0 0 0 0 0 0 0 0 0 0 0 0 0 0 0 0 0 0 0 0 0 0 0 0 0 0 0 0 0 0 0 1 0 0 0 0 0 0 0 0 0 0 0 0 0 0 0 0 0 0 0 0]
[7407232593676610238469252519689592166030272163498778109674396141201079291868429237653181868113597477639028941006366267875088253811877703022088052496927114787303601004502322817921886098779928444522836903010968899334675637901025184877482703599757701810108670056678812618015480332089087390367643099095402025973650822587 0 0 0 0 0 0 0 0 0 0 0 0 0 0 0 0 0 0 0 0 0 0 0 0 0 0 0 0 0 0 0 0 0 0 0 0 0 0 0 0 0 0 0 0 0 0 0 0 0 0 0 0 0 0 0 0 0 0 0 0 0 0 0 0 0 0 0 0 0 0 0 0 0 0 0 0 0 0 0 0 0 0 0 0 1 0 0 0 0 0 0 0 0 0 0 0 0 0 0 0 0 0 0 0]
[6442745694426683673758858101019064310060571995232229414784375761114266912073654806936704967582009589097326844454666493539674854475914330304463376188652338176119943738314128792750544608721285975694740674040062502914016453948495576537894715291728602455352261480634478471975119242915871590098969524291519987882394223686 0 0 0 0 0 0 0 0 0 0 0 0 0 0 0 0 0 0 0 0 0 0 0 0 0 0 0 0 0 0 0 0 0 0 0 0 0 0 0 0 0 0 0 0 0 0 0 0 0 0 0 0 0 0 0 0 0 0 0 0 0 0 0 0 0 0 0 0 0 0 0 0 0 0 0 0 0 0 0 0 0 0 0 0 0 1 0 0 0 0 0 0 0 0 0 0 0 0 0 0 0 0 0 0]
[4984250789024738670563635561694326905391198317777632765799402421523017523471162304710861159407806414483336759230519489307646216040289515900148429363338009602403812166001859721611584045761815537424504436619873871753638873290328422996291145236153050787620405414504301083118710032520986224394534439910524826608589783051 0 0 0 0 0 0 0 0 0 0 0 0 0 0 0 0 0 0 0 0 0 0 0 0 0 0 0 0 0 0 0 0 0 0 0 0 0 0 0 0 0 0 0 0 0 0 0 0 0 0 0 0 0 0 0 0 0 0 0 0 0 0 0 0 0 0 0 0 0 0 0 0 0 0 0 0 0 0 0 0 0 0 0 0 0 0 1 0 0 0 0 0 0 0 0 0 0 0 0 0 0 0 0 0]
[6642631580195041664174581845706865910161303587034820162849341727676831398995852547646370099357231569815154841085968222460974389839433523956859852238618584530349266193264479655708176156935559355379444867343846029121651892911325297090874045913525685045112257738746683687897940144634211298587188579582225584563370354884 0 0 0 0 0 0 0 0 0 0 0 0 0 0 0 0 0 0 0 0 0 0 0 0 0 0 0 0 0 0 0 0 0 0 0 0 0 0 0 0 0 0 0 0 0 0 0 0 0 0 0 0 0 0 0 0 0 0 0 0 0 0 0 0 0 0 0 0 0 0 0 0 0 0 0 0 0 0 0 0 0 0 0 0 0 0 0 1 0 0 0 0 0 0 0 0 0 0 0 0 0 0 0 0]
[3940567424918443812038047839675619316274851207518936416461541192231248740027044326798940752445889635993311519922023265885181832079089581999275449846974496314219390763658246686275235700797987852316312734016303993984986421124508760590053852297261427385659946928906981018619771676649421908423225115853891099170165901174 0 0 0 0 0 0 0 0 0 0 0 0 0 0 0 0 0 0 0 0 0 0 0 0 0 0 0 0 0 0 0 0 0 0 0 0 0 0 0 0 0 0 0 0 0 0 0 0 0 0 0 0 0 0 0 0 0 0 0 0 0 0 0 0 0 0 0 0 0 0 0 0 0 0 0 0 0 0 0 0 0 0 0 0 0 0 0 0 1 0 0 0 0 0 0 0 0 0 0 0 0 0 0 0]
[3384890746046888864704405438534248410496825612393639745351041300732917219116416751521628560146888336387112196988056874067207253006256079016007360130312180642889154166046581740447107533344163346140824591209746958557617148436768207317203076604158933213906112838519139279255661607470926664418675912400170022290413491555 0 0 0 0 0 0 0 0 0 0 0 0 0 0 0 0 0 0 0 0 0 0 0 0 0 0 0 0 0 0 0 0 0 0 0 0 0 0 0 0 0 0 0 0 0 0 0 0 0 0 0 0 0 0 0 0 0 0 0 0 0 0 0 0 0 0 0 0 0 0 0 0 0 0 0 0 0 0 0 0 0 0 0 0 0 0 0 0 0 1 0 0 0 0 0 0 0 0 0 0 0 0 0 0]
[2969432669342502225684025730463387867843604393355303600178418470323112192369760139364161978237783877873988104981524341169460179241907285781871932080586461771541018003036640320337954230384048643115468347515862064595487797796560675062251990823625734409835401985452476055355606577937131673645587647454647521581561650307 0 0 0 0 0 0 0 0 0 0 0 0 0 0 0 0 0 0 0 0 0 0 0 0 0 0 0 0 0 0 0 0 0 0 0 0 0 0 0 0 0 0 0 0 0 0 0 0 0 0 0 0 0 0 0 0 0 0 0 0 0 0 0 0 0 0 0 0 0 0 0 0 0 0 0 0 0 0 0 0 0 0 0 0 0 0 0 0 0 0 1 0 0 0 0 0 0 0 0 0 0 0 0 0]
[8217760172603253191112069443281389692132181599876722040732897868225046036485184854849558106804631163160919228535990720922702292934017775008595371916504109348705193229736768214792734595876088082285771676578256437760091589996142753207707924486900403780961518588069646043589330845019191824739523365338641395759119417204 0 0 0 0 0 0 0 0 0 0 0 0 0 0 0 0 0 0 0 0 0 0 0 0 0 0 0 0 0 0 0 0 0 0 0 0 0 0 0 0 0 0 0 0 0 0 0 0 0 0 0 0 0 0 0 0 0 0 0 0 0 0 0 0 0 0 0 0 0 0 0 0 0 0 0 0 0 0 0 0 0 0 0 0 0 0 0 0 0 0 0 1 0 0 0 0 0 0 0 0 0 0 0 0]
[7819295324672194693452870436192006605370558592427425189544018410885996549519572958428810739031621220114066724857979185810892266105186390144368805303115558292883077981982972459789996829065358565369942055080438753279350924762187416057531388223841493357887670923439090151241355615161846604557315385709536989368747602398 0 0 0 0 0 0 0 0 0 0 0 0 0 0 0 0 0 0 0 0 0 0 0 0 0 0 0 0 0 0 0 0 0 0 0 0 0 0 0 0 0 0 0 0 0 0 0 0 0 0 0 0 0 0 0 0 0 0 0 0 0 0 0 0 0 0 0 0 0 0 0 0 0 0 0 0 0 0 0 0 0 0 0 0 0 0 0 0 0 0 0 0 1 0 0 0 0 0 0 0 0 0 0 0]
[6369048502420606931937222928610982306336186642399570455240052742044591944712117676133555317174950313490296584082114983659056594880324868083018315379984459357330378274493049954698953839949752535932335588249262736529742407789499720754499629392059450910862514216698516497956347371592889629929931088376474597204547433134 0 0 0 0 0 0 0 0 0 0 0 0 0 0 0 0 0 0 0 0 0 0 0 0 0 0 0 0 0 0 0 0 0 0 0 0 0 0 0 0 0 0 0 0 0 0 0 0 0 0 0 0 0 0 0 0 0 0 0 0 0 0 0 0 0 0 0 0 0 0 0 0 0 0 0 0 0 0 0 0 0 0 0 0 0 0 0 0 0 0 0 0 0 1 0 0 0 0 0 0 0 0 0 0]
[739100251739089863930179122215786030907921109487433009502084164251576030728462695635029061330262333601434866435406753132914846260533011563827339146689925656184765361307867673819109325456524527476404466360522790035273107857549747570179111295836876649595442469500467833199083211384959510693400038747452425565662695911 0 0 0 0 0 0 0 0 0 0 0 0 0 0 0 0 0 0 0 0 0 0 0 0 0 0 0 0 0 0 0 0 0 0 0 0 0 0 0 0 0 0 0 0 0 0 0 0 0 0 0 0 0 0 0 0 0 0 0 0 0 0 0 0 0 0 0 0 0 0 0 0 0 0 0 0 0 0 0 0 0 0 0 0 0 0 0 0 0 0 0 0 0 0 1 0 0 0 0 0 0 0 0 0]
[1546081315716584021239952103687358316405431362178728126479902610767257455643503498526119774888230546186346295459086708100025899470922441113479347132656372680247717966471564113123453632716638618517825704870651213904888873760128600847306987847437136270578805490112162915366906785588788428463588299269043749498560853311 0 0 0 0 0 0 0 0 0 0 0 0 0 0 0 0 0 0 0 0 0 0 0 0 0 0 0 0 0 0 0 0 0 0 0 0 0 0 0 0 0 0 0 0 0 0 0 0 0 0 0 0 0 0 0 0 0 0 0 0 0 0 0 0 0 0 0 0 0 0 0 0 0 0 0 0 0 0 0 0 0 0 0 0 0 0 0 0 0 0 0 0 0 0 0 1 0 0 0 0 0 0 0 0]
[3287228180519413563266550650565341095693856898064892894121394184131456661469499490656643750178875171836366424101658190502015187340065374043103981509722982970983244140740483021648004696008730108067558648738668109652785598040672586424891254546250508096165269592138397818513017313169490262250052812698210500094855202163 0 0 0 0 0 0 0 0 0 0 0 0 0 0 0 0 0 0 0 0 0 0 0 0 0 0 0 0 0 0 0 0 0 0 0 0 0 0 0 0 0 0 0 0 0 0 0 0 0 0 0 0 0 0 0 0 0 0 0 0 0 0 0 0 0 0 0 0 0 0 0 0 0 0 0 0 0 0 0 0 0 0 0 0 0 0 0 0 0 0 0 0 0 0 0 0 1 0 0 0 0 0 0 0]
[1187137729128599937382686971045645438538791821198254485441521611550234573905818567788839465802064096634288893245393425830905998597145924816977599517294694028643141498339186315154531081294367561216693167678014455138802207325633455154805436910792339989946786075192819145058449211436373111799726766743888816989799371868 0 0 0 0 0 0 0 0 0 0 0 0 0 0 0 0 0 0 0 0 0 0 0 0 0 0 0 0 0 0 0 0 0 0 0 0 0 0 0 0 0 0 0 0 0 0 0 0 0 0 0 0 0 0 0 0 0 0 0 0 0 0 0 0 0 0 0 0 0 0 0 0 0 0 0 0 0 0 0 0 0 0 0 0 0 0 0 0 0 0 0 0 0 0 0 0 0 1 0 0 0 0 0 0]
[5858527463897997651892764921502502049987356846551131916391559645302165814353545611368528113725199925031291469235108513271185431132229633145921334177381178054962403129043781804969101266029555738001153223444420664608204230745031323344154261784949155103261443872275185600779988394124960842935928529668616395111081053438 0 0 0 0 0 0 0 0 0 0 0 0 0 0 0 0 0 0 0 0 0 0 0 0 0 0 0 0 0 0 0 0 0 0 0 0 0 0 0 0 0 0 0 0 0 0 0 0 0 0 0 0 0 0 0 0 0 0 0 0 0 0 0 0 0 0 0 0 0 0 0 0 0 0 0 0 0 0 0 0 0 0 0 0 0 0 0 0 0 0 0 0 0 0 0 0 0 0 1 0 0 0 0 0]
[3888311256814567503828432474144689174814896771103433274077070562120742102521056481517908490158309148359673717562169500684753427470067416040222550459139858301613849844654922970897662407222305012980215807827666455415980695805114986534035155229264835272077091198033279711245341054022872726495985833234264654071492934840 0 0 0 0 0 0 0 0 0 0 0 0 0 0 0 0 0 0 0 0 0 0 0 0 0 0 0 0 0 0 0 0 0 0 0 0 0 0 0 0 0 0 0 0 0 0 0 0 0 0 0 0 0 0 0 0 0 0 0 0 0 0 0 0 0 0 0 0 0 0 0 0 0 0 0 0 0 0 0 0 0 0 0 0 0 0 0 0 0 0 0 0 0 0 0 0 0 0 0 1 0 0 0 0]
[1782026509140569066519634428343399322081766173689920403700758745843095567820414775732975629034005280212203991438258778822618768810146667751642992613987691218220491921754374792915107689236830624627098843222875558131687491823178975455635069917740941682088404988297868516797916963776072392075411555070238224442085460389 0 0 0 0 0 0 0 0 0 0 0 0 0 0 0 0 0 0 0 0 0 0 0 0 0 0 0 0 0 0 0 0 0 0 0 0 0 0 0 0 0 0 0 0 0 0 0 0 0 0 0 0 0 0 0 0 0 0 0 0 0 0 0 0 0 0 0 0 0 0 0 0 0 0 0 0 0 0 0 0 0 0 0 0 0 0 0 0 0 0 0 0 0 0 0 0 0 0 0 0 1 0 0 0]
[6300239213042382384503156392124894573811179308639305418324140020951904308055411117291539780604502045115271838013400087034928819461647713976235669448058401515120747193313900832293375719279927698161525492319111351140541909440271192796752582435455161516305090871532250402018207198079349818849918596371912928886401491607 0 0 0 0 0 0 0 0 0 0 0 0 0 0 0 0 0 0 0 0 0 0 0 0 0 0 0 0 0 0 0 0 0 0 0 0 0 0 0 0 0 0 0 0 0 0 0 0 0 0 0 0 0 0 0 0 0 0 0 0 0 0 0 0 0 0 0 0 0 0 0 0 0 0 0 0 0 0 0 0 0 0 0 0 0 0 0 0 0 0 0 0 0 0 0 0 0 0 0 0 0 1 0 0]
[6425392640389907838878757289519506688751216272373659044380552902553653383961782471540514786495727311702799342828673178028830038081561466869328950399627479500172476290158825927670430901114915465807945788650011316889975298871263517289647679622285867433883707352538985178782466643256608619856566803362272826952968340899 0 0 0 0 0 0 0 0 0 0 0 0 0 0 0 0 0 0 0 0 0 0 0 0 0 0 0 0 0 0 0 0 0 0 0 0 0 0 0 0 0 0 0 0 0 0 0 0 0 0 0 0 0 0 0 0 0 0 0 0 0 0 0 0 0 0 0 0 0 0 0 0 0 0 0 0 0 0 0 0 0 0 0 0 0 0 0 0 0 0 0 0 0 0 0 0 0 0 0 0 0 0 1 0]
[1030687493223344998788521780883247080266029275572509359042823034278539410412297765698118821411398756710413410649919117030240312312967873051391040256104117236911532009939042855475556955924771235718217215389694991676724145525662552850270200453159713749551760787099298110096592918241732802174922288188914280054780338848 0 0 0 0 0 0 0 0 0 0 0 0 0 0 0 0 0 0 0 0 0 0 0 0 0 0 0 0 0 0 0 0 0 0 0 0 0 0 0 0 0 0 0 0 0 0 0 0 0 0 0 0 0 0 0 0 0 0 0 0 0 0 0 0 0 0 0 0 0 0 0 0 0 0 0 0 0 0 0 0 0 0 0 0 0 0 0 0 0 0 0 0 0 0 0 0 0 0 0 0 0 0 0 1]
]
