[[9968454050688227107218706790609510503135436238792753391034960100386389993575621676068607101317030401535876361325148870525315553517901087671889087151210053033693590182531840551396913477746142346606048701429620328027060123045167223085895906685267932772657614628375875268257578373607809308186692260293046946207484872007 0 0 0 0 0 0 0 0 0 0 0 0 0 0 0 0 0 0 0 0 0 0 0 0 0 0 0 0 0 0 0 0 0 0 0 0 0 0 0 0 0 0 0 0 0 0 0 0 0 0 0 0 0 0 0 0 0 0 0 0 0 0 0 0 0 0 0 0 0 0 0 0 0 0 0 0 0 0 0 0 0 0 0 0 0 0 0 0 0 0 0 0 0 0 0 0 0 0 0 0 0 0 0 0]
[2172779320512036030207134447770107395202456582562351092773198394100692369678737266681414895037736528850740266925664454919523111361947265782563447901555966991999946799068380981742215462391156947755020005767927271355638704877202029813171596496936645171723595480633073877002888553976736735502649929785416009289314562920 1 0 0 0 0 0 0 0 0 0 0 0 0 0 0 0 0 0 0 0 0 0 0 0 0 0 0 0 0 0 0 0 0 0 0 0 0 0 0 0 0 0 0 0 0 0 0 0 0 0 0 0 0 0 0 0 0 0 0 0 0 0 0 0 0 0 0 0 0 0 0 0 0 0 0 0 0 0 0 0 0 0 0 0 0 0 0 0 0 0 0 0 0 0 0 0 0 0 0 0 0 0 0 0]
[8122189019268087930961979760002577400492227361089894794849379917311642752833279756574721814959366275363966162546054228410930312894146454324447861564131923042945744331216217966745702618521120543320071378859284232278009169743288369181864643234449828545007513762942733465294290612222630259141762498449905549996968494664 0 1 0 0 0 0 0 0 0 0 0 0 0 0 0 0 0 0 0 0 0 0 0 0 0 0 0 0 0 0 0 0 0 0 0 0 0 0 0 0 0 0 0 0 0 0 0 0 0 0 0 0 0 0 0 0 0 0 0 0 0 0 0 0 0 0 0 0 0 0 0 0 0 0 0 0 0 0 0 0 0 0 0 0 0 0 0 0 0 0 0 0 0 0 0 0 0 0 0 0 0 0 0 0]
[4325691475387675664297458077861568490898037098006362162953238021355194105088905361879741343987315636009851860202687289769897340174011436573557663616093285229550316591512272960849781829995407509947277339359399615284217494052559882421871957483601677214341204242739096302387256157541591551025114727596156823142891412173 0 0 1 0 0 0 0 0 0 0 0 0 0 0 0 0 0 0 0 0 0 0 0 0 0 0 0 0 0 0 0 0 0 0 0 0 0 0 0 0 0 0 0 0 0 0 0 0 0 0 0 0 0 0 0 0 0 0 0 0 0 0 0 0 0 0 0 0 0 0 0 0 0 0 0 0 0 0 0 0 0 0 0 0 0 0 0 0 0 0 0 0 0 0 0 0 0 0 0 0 0 0 0 0]
[8315284601549464174605709007443675086999441501694969655229690676021930935195502446149854577781898001920690160497139878216414862830555479954677453823821808411804528647050467045456554058644597334734014125910364356760441859924806741472345538850194811469794120442370514507756318091578809446347580993831958638619257804163 0 0 0 1 0 0 0 0 0 0 0 0 0 0 0 0 0 0 0 0 0 0 0 0 0 0 0 0 0 0 0 0 0 0 0 0 0 0 0 0 0 0 0 0 0 0 0 0 0 0 0 0 0 0 0 0 0 0 0 0 0 0 0 0 0 0 0 0 0 0 0 0 0 0 0 0 0 0 0 0 0 0 0 0 0 0 0 0 0 0 0 0 0 0 0 0 0 0 0 0 0 0 0 0]
[207954411131965903136032885587872954985647656337976639230421672925825591272851778707601028537001133939569334902181012869779741835782578415420665596514892105362044669744838380423020560262026419764071082846677430590140907794713530163383766825547570673127460048589690953603549691139447977614617145537137394408093061790 0 0 0 0 1 0 0 0 0 0 0 0 0 0 0 0 0 0 0 0 0 0 0 0 0 0 0 0 0 0 0 0 0 0 0 0 0 0 0 0 0 0 0 0 0 0 0 0 0 0 0 0 0 0 0 0 0 0 0 0 0 0 0 0 0 0 0 0 0 0 0 0 0 0 0 0 0 0 0 0 0 0 0 0 0 0 0 0 0 0 0 0 0 0 0 0 0 0 0 0 0 0 0 0]
[1302190923365998610215189394099146467879090082390672804127796247518166042029027475775188320640715171882624439162644895593305787178785659223857850413990530383587934343101719838794632369269443559062651410168678065744901487824256427863882578787331193746303432451709916934920099947203440361765303228410858239098258403427 0 0 0 0 0 1 0 0 0 0 0 0 0 0 0 0 0 0 0 0 0 0 0 0 0 0 0 0 0 0 0 0 0 0 0 0 0 0 0 0 0 0 0 0 0 0 0 0 0 0 0 0 0 0 0 0 0 0 0 0 0 0 0 0 0 0 0 0 0 0 0 0 0 0 0 0 0 0 0 0 0 0 0 0 0 0 0 0 0 0 0 0 0 0 0 0 0 0 0 0 0 0 0 0]
[8322508098378048392473086176623726428144262413738430617901839069218621806937098034518183251747736598020881419587912723920875983093179099508992308186629355218237096501296010490885741591205929364062841081436363835906210452007410687456488190737866581136298612985279054151131804042006028842833727244957595489902636288143 0 0 0 0 0 0 1 0 0 0 0 0 0 0 0 0 0 0 0 0 0 0 0 0 0 0 0 0 0 0 0 0 0 0 0 0 0 0 0 0 0 0 0 0 0 0 0 0 0 0 0 0 0 0 0 0 0 0 0 0 0 0 0 0 0 0 0 0 0 0 0 0 0 0 0 0 0 0 0 0 0 0 0 0 0 0 0 0 0 0 0 0 0 0 0 0 0 0 0 0 0 0 0 0]
[8288899015252678205552366673662177189747560661653391052140384621614801871558924117256929742223547309707326172978219510704013201999112157138655529691618335460408097496882487365436344214571696835000120596843168193819937893864230967011870391793491480308024018829177947397458281480846497968713578914437949302925037975165 0 0 0 0 0 0 0 1 0 0 0 0 0 0 0 0 0 0 0 0 0 0 0 0 0 0 0 0 0 0 0 0 0 0 0 0 0 0 0 0 0 0 0 0 0 0 0 0 0 0 0 0 0 0 0 0 0 0 0 0 0 0 0 0 0 0 0 0 0 0 0 0 0 0 0 0 0 0 0 0 0 0 0 0 0 0 0 0 0 0 0 0 0 0 0 0 0 0 0 0 0 0 0 0]
[7257164190194832723659964508815218926652644928748839191384687671453338042601024549913858061001209809794327666228876357250280947639760131130369700654916859425791225110282750526602456206028107168538590705706041832571366830682044685326040727973813607206802543433649940396440638849877338702597982654071271880269899184695 0 0 0 0 0 0 0 0 1 0 0 0 0 0 0 0 0 0 0 0 0 0 0 0 0 0 0 0 0 0 0 0 0 0 0 0 0 0 0 0 0 0 0 0 0 0 0 0 0 0 0 0 0 0 0 0 0 0 0 0 0 0 0 0 0 0 0 0 0 0 0 0 0 0 0 0 0 0 0 0 0 0 0 0 0 0 0 0 0 0 0 0 0 0 0 0 0 0 0 0 0 0 0 0]
[7727138035710096707561034174186645312741633699559309114783895219825244166637184711197068985112801471768537018423971393070287865707114914484316422720006303781273548883419253357737222366413794073889573095085855836711251679581632321912629577611810746766178890731437407940754547976433165417517517983089325999164639272046 0 0 0 0 0 0 0 0 0 1 0 0 0 0 0 0 0 0 0 0 0 0 0 0 0 0 0 0 0 0 0 0 0 0 0 0 0 0 0 0 0 0 0 0 0 0 0 0 0 0 0 0 0 0 0 0 0 0 0 0 0 0 0 0 0 0 0 0 0 0 0 0 0 0 0 0 0 0 0 0 0 0 0 0 0 0 0 0 0 0 0 0 0 0 0 0 0 0 0 0 0 0 0 0]
[1285563412875955745040507707421688431788192163417852864174550690167139746419548576301216003543377537342221677987555876444439428333739763167013367253699816943395357132116296241654185956496824501731201845282268188184443383638958057294371686656461049434697159693065874228197898620488511522342966020445142808849016932195 0 0 0 0 0 0 0 0 0 0 1 0 0 0 0 0 0 0 0 0 0 0 0 0 0 0 0 0 0 0 0 0 0 0 0 0 0 0 0 0 0 0 0 0 0 0 0 0 0 0 0 0 0 0 0 0 0 0 0 0 0 0 0 0 0 0 0 0 0 0 0 0 0 0 0 0 0 0 0 0 0 0 0 0 0 0 0 0 0 0 0 0 0 0 0 0 0 0 0 0 0 0 0 0]
[9238184129769273743746707879028536876314041167287962255264220999835233078340146272774796690521782530838113740233078625180318663095335580782571444620859957567313037408199869813693677096930894741702458221381051335576741521109298093749812000333439054230966595741941695720114367250986539934301117460478298761947619134887 0 0 0 0 0 0 0 0 0 0 0 1 0 0 0 0 0 0 0 0 0 0 0 0 0 0 0 0 0 0 0 0 0 0 0 0 0 0 0 0 0 0 0 0 0 0 0 0 0 0 0 0 0 0 0 0 0 0 0 0 0 0 0 0 0 0 0 0 0 0 0 0 0 0 0 0 0 0 0 0 0 0 0 0 0 0 0 0 0 0 0 0 0 0 0 0 0 0 0 0 0 0 0 0]
[3837074356379826730943518238189518464700488873422917243288894899259269513287306968247978087904917120185708694803448047747198257427945139859703930044828080554843945557219918704104310189327931046023823699853340950706362066892486083620508235327598851080950763765421453179252987235361261091207281503734714655132830994389 0 0 0 0 0 0 0 0 0 0 0 0 1 0 0 0 0 0 0 0 0 0 0 0 0 0 0 0 0 0 0 0 0 0 0 0 0 0 0 0 0 0 0 0 0 0 0 0 0 0 0 0 0 0 0 0 0 0 0 0 0 0 0 0 0 0 0 0 0 0 0 0 0 0 0 0 0 0 0 0 0 0 0 0 0 0 0 0 0 0 0 0 0 0 0 0 0 0 0 0 0 0 0 0]
[8325695496899730692346189869602589288349937272297825911567594756948795817068968811151656440848415076252545059329509122142603354007477285753396460011662335171427870708372834497799949887186704513833696353837998961311391161235378525196579425071043753335054352995857239129428632283850752524869735459963770995136814624643 0 0 0 0 0 0 0 0 0 0 0 0 0 1 0 0 0 0 0 0 0 0 0 0 0 0 0 0 0 0 0 0 0 0 0 0 0 0 0 0 0 0 0 0 0 0 0 0 0 0 0 0 0 0 0 0 0 0 0 0 0 0 0 0 0 0 0 0 0 0 0 0 0 0 0 0 0 0 0 0 0 0 0 0 0 0 0 0 0 0 0 0 0 0 0 0 0 0 0 0 0 0 0 0]
[4495836771266247043537356021375403985165164057571665392151152183294656448010824539900187974435268723311883541802787877774239864271900197964939056574798698706584962856361248182897932824148486973867000447647763116789765696966519628827232030547566319280204260651048610266955671256710729631316775302051272560640560247900 0 0 0 0 0 0 0 0 0 0 0 0 0 0 1 0 0 0 0 0 0 0 0 0 0 0 0 0 0 0 0 0 0 0 0 0 0 0 0 0 0 0 0 0 0 0 0 0 0 0 0 0 0 0 0 0 0 0 0 0 0 0 0 0 0 0 0 0 0 0 0 0 0 0 0 0 0 0 0 0 0 0 0 0 0 0 0 0 0 0 0 0 0 0 0 0 0 0 0 0 0 0 0 0]
[6380058517488208149488227202148555507610160723817051856277991762668933261505421117446545944820141152581483080044729902779124238846313637019318443660419083123002127067048122185939099756377678398963325869005244581081894063451021080455438504073094881792861000885856095348082831908691500867194645016974385353536101340210 0 0 0 0 0 0 0 0 0 0 0 0 0 0 0 1 0 0 0 0 0 0 0 0 0 0 0 0 0 0 0 0 0 0 0 0 0 0 0 0 0 0 0 0 0 0 0 0 0 0 0 0 0 0 0 0 0 0 0 0 0 0 0 0 0 0 0 0 0 0 0 0 0 0 0 0 0 0 0 0 0 0 0 0 0 0 0 0 0 0 0 0 0 0 0 0 0 0 0 0 0 0 0 0]
[4057084253306658629248380043209925127845317175026252946430425027182828475262496738366619771531627876092881515595297400066338180133351345669196325963394866627216839992117808485049731512417431566700198700200877843714229764085883717087377714117612982974890986098148070641461270301116927982496801460085026451704499810178 0 0 0 0 0 0 0 0 0 0 0 0 0 0 0 0 1 0 0 0 0 0 0 0 0 0 0 0 0 0 0 0 0 0 0 0 0 0 0 0 0 0 0 0 0 0 0 0 0 0 0 0 0 0 0 0 0 0 0 0 0 0 0 0 0 0 0 0 0 0 0 0 0 0 0 0 0 0 0 0 0 0 0 0 0 0 0 0 0 0 0 0 0 0 0 0 0 0 0 0 0 0 0 0]
[6378154549298198948189186888332102411162199961900914458023153969475601313747429233270705361044252230223133101830420832531321361702094934040605400630178091067620051166817590790863417877825520115216308187004400442067042273328252549654593773310186253827358923469414189221248725116126066314796037306199456882813458712143 0 0 0 0 0 0 0 0 0 0 0 0 0 0 0 0 0 1 0 0 0 0 0 0 0 0 0 0 0 0 0 0 0 0 0 0 0 0 0 0 0 0 0 0 0 0 0 0 0 0 0 0 0 0 0 0 0 0 0 0 0 0 0 0 0 0 0 0 0 0 0 0 0 0 0 0 0 0 0 0 0 0 0 0 0 0 0 0 0 0 0 0 0 0 0 0 0 0 0 0 0 0 0 0]
[4048877077702013595558922781919327395091464569891950652208287422467933980121574405766285075846207124956143777262542709520304835720033132084724653547262927885059313300462154020626606401579125667640837411367505025880006399669705133985967140667117793030699837584366823536844453707351120343053295790636910514318155393177 0 0 0 0 0 0 0 0 0 0 0 0 0 0 0 0 0 0 1 0 0 0 0 0 0 0 0 0 0 0 0 0 0 0 0 0 0 0 0 0 0 0 0 0 0 0 0 0 0 0 0 0 0 0 0 0 0 0 0 0 0 0 0 0 0 0 0 0 0 0 0 0 0 0 0 0 0 0 0 0 0 0 0 0 0 0 0 0 0 0 0 0 0 0 0 0 0 0 0 0 0 0 0 0]
[6150307907147294802470344055505026254053894053693412416914418607968583597558949224251701026657683836832015440578817936120030375538496522756469735217063969053423125267412125828431223665875314140700316727422013330940835371279212109223242030775574849661432964841101937982751792486452148677980773441803540116003734249369 0 0 0 0 0 0 0 0 0 0 0 0 0 0 0 0 0 0 0 1 0 0 0 0 0 0 0 0 0 0 0 0 0 0 0 0 0 0 0 0 0 0 0 0 0 0 0 0 0 0 0 0 0 0 0 0 0 0 0 0 0 0 0 0 0 0 0 0 0 0 0 0 0 0 0 0 0 0 0 0 0 0 0 0 0 0 0 0 0 0 0 0 0 0 0 0 0 0 0 0 0 0 0 0]
[4883876694233450202361039597151614691373685028550863013472128482624796914067757587785239955919151148074466916920920597095561911900695507755080004433726472236028654851779180253321968467310953396739982975568938856675954291908187791736450629611685077716938625961756112998181359141527193695156096331959564386983267819316 0 0 0 0 0 0 0 0 0 0 0 0 0 0 0 0 0 0 0 0 1 0 0 0 0 0 0 0 0 0 0 0 0 0 0 0 0 0 0 0 0 0 0 0 0 0 0 0 0 0 0 0 0 0 0 0 0 0 0 0 0 0 0 0 0 0 0 0 0 0 0 0 0 0 0 0 0 0 0 0 0 0 0 0 0 0 0 0 0 0 0 0 0 0 0 0 0 0 0 0 0 0 0 0]
[1625034896454717615826625336737054744895004574632982219505341513467080912860023227302672857223624887675082638768068375131103544876645864781142050371242014007923190933376344669898855527981425290957887567720192847826150730409182999197196789866276096465043195780484051283268947776624052584533769559884826812871931996227 0 0 0 0 0 0 0 0 0 0 0 0 0 0 0 0 0 0 0 0 0 1 0 0 0 0 0 0 0 0 0 0 0 0 0 0 0 0 0 0 0 0 0 0 0 0 0 0 0 0 0 0 0 0 0 0 0 0 0 0 0 0 0 0 0 0 0 0 0 0 0 0 0 0 0 0 0 0 0 0 0 0 0 0 0 0 0 0 0 0 0 0 0 0 0 0 0 0 0 0 0 0 0 0]
[6838779242739171323630724708919682921273737998718121652781763994255894610796950207207680306723159495712643554719607062552524219649863152153058440001179560263707396367170692100458405239122844772574819901877617363504030744469114975473356122840386677572491515177028443742598283734370850684488159148471708000878545115093 0 0 0 0 0 0 0 0 0 0 0 0 0 0 0 0 0 0 0 0 0 0 1 0 0 0 0 0 0 0 0 0 0 0 0 0 0 0 0 0 0 0 0 0 0 0 0 0 0 0 0 0 0 0 0 0 0 0 0 0 0 0 0 0 0 0 0 0 0 0 0 0 0 0 0 0 0 0 0 0 0 0 0 0 0 0 0 0 0 0 0 0 0 0 0 0 0 0 0 0 0 0 0 0]
[9466605171947448555778111775124986596685897365835803215769899520425593052827202319188081296820484889009259383003706372521120817035265078971540949951332516132395062838465826945113464079118602745186730869823053507927673038031841435758748126501820812794751818513928337983334488848472653487322839030912229541226732402499 0 0 0 0 0 0 0 0 0 0 0 0 0 0 0 0 0 0 0 0 0 0 0 1 0 0 0 0 0 0 0 0 0 0 0 0 0 0 0 0 0 0 0 0 0 0 0 0 0 0 0 0 0 0 0 0 0 0 0 0 0 0 0 0 0 0 0 0 0 0 0 0 0 0 0 0 0 0 0 0 0 0 0 0 0 0 0 0 0 0 0 0 0 0 0 0 0 0 0 0 0 0 0 0]
[6592480223951242123499972547188295102734446706957959311330540302098580364203274789797198989709349551974264606081652506085115358909097165896742429124436328653219159236363062604148589174426805053205993956424296692000160215851212859659113985775689868927511810857747697056259858090158145258140085334851395901470641000136 0 0 0 0 0 0 0 0 0 0 0 0 0 0 0 0 0 0 0 0 0 0 0 0 1 0 0 0 0 0 0 0 0 0 0 0 0 0 0 0 0 0 0 0 0 0 0 0 0 0 0 0 0 0 0 0 0 0 0 0 0 0 0 0 0 0 0 0 0 0 0 0 0 0 0 0 0 0 0 0 0 0 0 0 0 0 0 0 0 0 0 0 0 0 0 0 0 0 0 0 0 0 0 0]
[6926427169545934160555468445334995894596094339515229006001247544573789854967658712591149181369928052050069517471854335387746356106300023468552564237091081147784290789369431999852612794633818754723299271765840328600324320866772398029876994384537612759144957395955651735534287358912481185291758750788895075545638186310 0 0 0 0 0 0 0 0 0 0 0 0 0 0 0 0 0 0 0 0 0 0 0 0 0 1 0 0 0 0 0 0 0 0 0 0 0 0 0 0 0 0 0 0 0 0 0 0 0 0 0 0 0 0 0 0 0 0 0 0 0 0 0 0 0 0 0 0 0 0 0 0 0 0 0 0 0 0 0 0 0 0 0 0 0 0 0 0 0 0 0 0 0 0 0 0 0 0 0 0 0 0 0 0]
[9411199061767229285920926097407785101191650012834544882487116987932936113340752140073853486536048218300255182977793970181628750501563391077330980608079375773630828183544944475928719136643798469873459155485544400892521424532327190518556250632672274479111765934553397650956695090521741994685126760878929363035997959536 0 0 0 0 0 0 0 0 0 0 0 0 0 0 0 0 0 0 0 0 0 0 0 0 0 0 1 0 0 0 0 0 0 0 0 0 0 0 0 0 0 0 0 0 0 0 0 0 0 0 0 0 0 0 0 0 0 0 0 0 0 0 0 0 0 0 0 0 0 0 0 0 0 0 0 0 0 0 0 0 0 0 0 0 0 0 0 0 0 0 0 0 0 0 0 0 0 0 0 0 0 0 0 0]
[7015850391788606520647320886948123290806341640576386601076931965556338740001459635108469383251846775998981441454329084567394538269553431342656715331786725822904730204616026519598021583449542301633645321348499480281920348379638058455813391324998964070200093916557432208938975670127899092088361695067354565595508071160 0 0 0 0 0 0 0 0 0 0 0 0 0 0 0 0 0 0 0 0 0 0 0 0 0 0 0 1 0 0 0 0 0 0 0 0 0 0 0 0 0 0 0 0 0 0 0 0 0 0 0 0 0 0 0 0 0 0 0 0 0 0 0 0 0 0 0 0 0 0 0 0 0 0 0 0 0 0 0 0 0 0 0 0 0 0 0 0 0 0 0 0 0 0 0 0 0 0 0 0 0 0 0 0]
[4180461384264573712685488398153661637259190891161884978502940567025586875289544763006803216656429179520941409045608992592117548072141148356241268440316230400623652243701915069686797396978735037163147180891466547702920574770895999574967206909444490498944711415878922867319116339929947885919051114972887779146451269037 0 0 0 0 0 0 0 0 0 0 0 0 0 0 0 0 0 0 0 0 0 0 0 0 0 0 0 0 1 0 0 0 0 0 0 0 0 0 0 0 0 0 0 0 0 0 0 0 0 0 0 0 0 0 0 0 0 0 0 0 0 0 0 0 0 0 0 0 0 0 0 0 0 0 0 0 0 0 0 0 0 0 0 0 0 0 0 0 0 0 0 0 0 0 0 0 0 0 0 0 0 0 0 0]
[9503594239257046976389462606402172001441469646543351906433867942355628610196272030789664243969581623754697473293907328858037498728352676599099593854698769213097141048697988472228931873027418560012983384888793668524952836563393956772095113885790269308522151803948432933201361957066646188509832054066877639465815606492 0 0 0 0 0 0 0 0 0 0 0 0 0 0 0 0 0 0 0 0 0 0 0 0 0 0 0 0 0 1 0 0 0 0 0 0 0 0 0 0 0 0 0 0 0 0 0 0 0 0 0 0 0 0 0 0 0 0 0 0 0 0 0 0 0 0 0 0 0 0 0 0 0 0 0 0 0 0 0 0 0 0 0 0 0 0 0 0 0 0 0 0 0 0 0 0 0 0 0 0 0 0 0 0]
[1568917041332659259401432608688883300406607824260417643732443707503546282217277312589754359970154196726058207927264802230923225087900766308000517551962867277364585443769417044669890875725127470237906105592345321113943009660961629466112352335690452164922193961546921628909912218364319400904579336905855399062531633798 0 0 0 0 0 0 0 0 0 0 0 0 0 0 0 0 0 0 0 0 0 0 0 0 0 0 0 0 0 0 1 0 0 0 0 0 0 0 0 0 0 0 0 0 0 0 0 0 0 0 0 0 0 0 0 0 0 0 0 0 0 0 0 0 0 0 0 0 0 0 0 0 0 0 0 0 0 0 0 0 0 0 0 0 0 0 0 0 0 0 0 0 0 0 0 0 0 0 0 0 0 0 0 0]
[9103466297489786974931714469441053569801546006224368739670241815941056865891334111273716303153758367328805929131718479625707061831081991203928713595399136031967201559247872561129077906371593905832993384392497411067360962858225040353147880392900891699267620219002124016431569299136138515743529521289066475356746574102 0 0 0 0 0 0 0 0 0 0 0 0 0 0 0 0 0 0 0 0 0 0 0 0 0 0 0 0 0 0 0 1 0 0 0 0 0 0 0 0 0 0 0 0 0 0 0 0 0 0 0 0 0 0 0 0 0 0 0 0 0 0 0 0 0 0 0 0 0 0 0 0 0 0 0 0 0 0 0 0 0 0 0 0 0 0 0 0 0 0 0 0 0 0 0 0 0 0 0 0 0 0 0 0]
[9043326860393892751657884709496547437013523845805305822044278384527654899035390956573712932355126229583682341295398899511990960347318183913381468542724937189569053352497178956684425024689355613057144532996727375812149135287668013491754970403653747678188234898719243948250363890970348845603924544433384843863084811635 0 0 0 0 0 0 0 0 0 0 0 0 0 0 0 0 0 0 0 0 0 0 0 0 0 0 0 0 0 0 0 0 1 0 0 0 0 0 0 0 0 0 0 0 0 0 0 0 0 0 0 0 0 0 0 0 0 0 0 0 0 0 0 0 0 0 0 0 0 0 0 0 0 0 0 0 0 0 0 0 0 0 0 0 0 0 0 0 0 0 0 0 0 0 0 0 0 0 0 0 0 0 0 0]
[8718597076362725194346073638003589218672053772263081372157743578383336592201168373125708333353625462214147212238176240731503448206898105318826712173190041766238011724354745066966709928794078776526529286217988675921907641338582396154540853019933819207633329465191230536772578280303112300935684940074098395776870507767 0 0 0 0 0 0 0 0 0 0 0 0 0 0 0 0 0 0 0 0 0 0 0 0 0 0 0 0 0 0 0 0 0 1 0 0 0 0 0 0 0 0 0 0 0 0 0 0 0 0 0 0 0 0 0 0 0 0 0 0 0 0 0 0 0 0 0 0 0 0 0 0 0 0 0 0 0 0 0 0 0 0 0 0 0 0 0 0 0 0 0 0 0 0 0 0 0 0 0 0 0 0 0 0]
[8327976734291342254712395806642732748890654567710998247665932518633465085609461810027737588466019886877522684409306330511668561810094208326829559347835618181563249977130728627305415051615516988156240975856497400742638962623281768788055935401890225472773893186662058534636546332969829577973870345294054131356851935150 0 0 0 0 0 0 0 0 0 0 0 0 0 0 0 0 0 0 0 0 0 0 0 0 0 0 0 0 0 0 0 0 0 0 1 0 0 0 0 0 0 0 0 0 0 0 0 0 0 0 0 0 0 0 0 0 0 0 0 0 0 0 0 0 0 0 0 0 0 0 0 0 0 0 0 0 0 0 0 0 0 0 0 0 0 0 0 0 0 0 0 0 0 0 0 0 0 0 0 0 0 0 0 0]
[3779430433113533500597427380727250203074735752626963910570236663974966584119365014617698942589396490020238044376847826619271108551164482378921428389165948739729063402492824176406040037581045415897375670079849155356087035694137330293685585994763882731333955953317781522339077887952623874765438289563289091909722530704 0 0 0 0 0 0 0 0 0 0 0 0 0 0 0 0 0 0 0 0 0 0 0 0 0 0 0 0 0 0 0 0 0 0 0 1 0 0 0 0 0 0 0 0 0 0 0 0 0 0 0 0 0 0 0 0 0 0 0 0 0 0 0 0 0 0 0 0 0 0 0 0 0 0 0 0 0 0 0 0 0 0 0 0 0 0 0 0 0 0 0 0 0 0 0 0 0 0 0 0 0 0 0 0]
[325230145669692636008788823638120709195623528000805218050989810795721373700686968952675289666769009823084621341783510577637629639440027044569431188242381447401905163229866235279092120754104354554941052347986272978048259251332501573863474066259627289096406169833055741581240782290625494112911365940396562750056840987 0 0 0 0 0 0 0 0 0 0 0 0 0 0 0 0 0 0 0 0 0 0 0 0 0 0 0 0 0 0 0 0 0 0 0 0 1 0 0 0 0 0 0 0 0 0 0 0 0 0 0 0 0 0 0 0 0 0 0 0 0 0 0 0 0 0 0 0 0 0 0 0 0 0 0 0 0 0 0 0 0 0 0 0 0 0 0 0 0 0 0 0 0 0 0 0 0 0 0 0 0 0 0 0]
[9862423271124175630363173917544542071754583450017250085636164690498165334422179516691775951545116238913989498822426009876333264172535619526778811560663391077772737360126579590857380776207911036274626575199009313529267734386347373471798463532939367264079407310539072185115216500437851018995896453396045841954855770992 0 0 0 0 0 0 0 0 0 0 0 0 0 0 0 0 0 0 0 0 0 0 0 0 0 0 0 0 0 0 0 0 0 0 0 0 0 1 0 0 0 0 0 0 0 0 0 0 0 0 0 0 0 0 0 0 0 0 0 0 0 0 0 0 0 0 0 0 0 0 0 0 0 0 0 0 0 0 0 0 0 0 0 0 0 0 0 0 0 0 0 0 0 0 0 0 0 0 0 0 0 0 0 0]
[1890122074852232482294836685158137067731527976706399813516237973117127375677379224004332489289826049411059476389291948470147964531826439735184150984109149341224588382550298291910164124414216682152724116106486827481099037234124628177208582434429712493308374061842572828180558319498771192232595596117132637265043810749 0 0 0 0 0 0 0 0 0 0 0 0 0 0 0 0 0 0 0 0 0 0 0 0 0 0 0 0 0 0 0 0 0 0 0 0 0 0 1 0 0 0 0 0 0 0 0 0 0 0 0 0 0 0 0 0 0 0 0 0 0 0 0 0 0 0 0 0 0 0 0 0 0 0 0 0 0 0 0 0 0 0 0 0 0 0 0 0 0 0 0 0 0 0 0 0 0 0 0 0 0 0 0 0]
[4167032951636023401118149405146711273287771322425411946736095857976219387743598537492000453759958383851691033430969941249044265573417909531258370516085058405530908398460549946596986764171014173700133714183752926110518415689354525675967511810065458597154451818669421040272385409047588437967062358061999245789427227370 0 0 0 0 0 0 0 0 0 0 0 0 0 0 0 0 0 0 0 0 0 0 0 0 0 0 0 0 0 0 0 0 0 0 0 0 0 0 0 1 0 0 0 0 0 0 0 0 0 0 0 0 0 0 0 0 0 0 0 0 0 0 0 0 0 0 0 0 0 0 0 0 0 0 0 0 0 0 0 0 0 0 0 0 0 0 0 0 0 0 0 0 0 0 0 0 0 0 0 0 0 0 0 0]
[301863945874092013300940686956901516322187302009945523517320900595495325509522377966743534223607373044818468964066438019912055251296756147866098580128375342851958759926105337147912320481711773434228900892647125405307785689720300149452138768282533125990593471287366814744150867513703946270300152260926825442181041237 0 0 0 0 0 0 0 0 0 0 0 0 0 0 0 0 0 0 0 0 0 0 0 0 0 0 0 0 0 0 0 0 0 0 0 0 0 0 0 0 1 0 0 0 0 0 0 0 0 0 0 0 0 0 0 0 0 0 0 0 0 0 0 0 0 0 0 0 0 0 0 0 0 0 0 0 0 0 0 0 0 0 0 0 0 0 0 0 0 0 0 0 0 0 0 0 0 0 0 0 0 0 0 0]
[6771809817949059655130054198468450852853968256816526768929072183561394492009288853388452498926524268326966714491187895679659497832046921931723832124664560480448711099268093652162165631566468027447749049766785314896975500776332535523844429064107531902167183314546119996313274301844173290197477883785883429087532909534 0 0 0 0 0 0 0 0 0 0 0 0 0 0 0 0 0 0 0 0 0 0 0 0 0 0 0 0 0 0 0 0 0 0 0 0 0 0 0 0 0 1 0 0 0 0 0 0 0 0 0 0 0 0 0 0 0 0 0 0 0 0 0 0 0 0 0 0 0 0 0 0 0 0 0 0 0 0 0 0 0 0 0 0 0 0 0 0 0 0 0 0 0 0 0 0 0 0 0 0 0 0 0 0]
[4291252786923152316389139972425952679278515216841690163832291256052044778094899309215397330336382342364246336708830310450471023060550809543005051995923437481567975233397244323825559418167468988416839770660381058544078458895354045666676580916505930690202136211440040575563088376410508763144024250552926350454711373594 0 0 0 0 0 0 0 0 0 0 0 0 0 0 0 0 0 0 0 0 0 0 0 0 0 0 0 0 0 0 0 0 0 0 0 0 0 0 0 0 0 0 1 0 0 0 0 0 0 0 0 0 0 0 0 0 0 0 0 0 0 0 0 0 0 0 0 0 0 0 0 0 0 0 0 0 0 0 0 0 0 0 0 0 0 0 0 0 0 0 0 0 0 0 0 0 0 0 0 0 0 0 0 0]
[1513428659895783351482496179262622657296980428021833096709387172032408163602600976371665977301686589265081596600808042453749734656316435536485265822117809908935585054868396885571408670790906038921722869877094909423067538545744549540554325510035449890578775225640326879194206039976865329011874808414507179538875254700 0 0 0 0 0 0 0 0 0 0 0 0 0 0 0 0 0 0 0 0 0 0 0 0 0 0 0 0 0 0 0 0 0 0 0 0 0 0 0 0 0 0 0 1 0 0 0 0 0 0 0 0 0 0 0 0 0 0 0 0 0 0 0 0 0 0 0 0 0 0 0 0 0 0 0 0 0 0 0 0 0 0 0 0 0 0 0 0 0 0 0 0 0 0 0 0 0 0 0 0 0 0 0 0]
[7678139063004626268360522442417914845347930720290011170549168672927812095155162298774231130997292547276791749935702145282167164502907798995209131331544928519370564329836005278463727457910822738825936350091686237817159232380726448827874758698040853391904438440248644180511560556105680445368118108938674908990021072104 0 0 0 0 0 0 0 0 0 0 0 0 0 0 0 0 0 0 0 0 0 0 0 0 0 0 0 0 0 0 0 0 0 0 0 0 0 0 0 0 0 0 0 0 1 0 0 0 0 0 0 0 0 0 0 0 0 0 0 0 0 0 0 0 0 0 0 0 0 0 0 0 0 0 0 0 0 0 0 0 0 0 0 0 0 0 0 0 0 0 0 0 0 0 0 0 0 0 0 0 0 0 0 0]
[8218001594692920778604455066566494252097855224082605179480375472642985947819910583292382739850632585932598642038385079851945670398682077557636337978083273133078935668964790584339165505625148707963217130181820119871086960490157581585942690066487774441997894842416496522498612427728121040099700902542335360424840989 0 0 0 0 0 0 0 0 0 0 0 0 0 0 0 0 0 0 0 0 0 0 0 0 0 0 0 0 0 0 0 0 0 0 0 0 0 0 0 0 0 0 0 0 0 1 0 0 0 0 0 0 0 0 0 0 0 0 0 0 0 0 0 0 0 0 0 0 0 0 0 0 0 0 0 0 0 0 0 0 0 0 0 0 0 0 0 0 0 0 0 0 0 0 0 0 0 0 0 0 0 0 0 0]
[6067517180401820419468326175183243511177503880586570903329785188576279205753672063254989094852902307283297115734933081148685413987843788738118409273999420632294955693891137209104681672712545563037011396012941943816176626760975392888651479730633714282833819618545807705748187845672172589949641409274844892577590971807 0 0 0 0 0 0 0 0 0 0 0 0 0 0 0 0 0 0 0 0 0 0 0 0 0 0 0 0 0 0 0 0 0 0 0 0 0 0 0 0 0 0 0 0 0 0 1 0 0 0 0 0 0 0 0 0 0 0 0 0 0 0 0 0 0 0 0 0 0 0 0 0 0 0 0 0 0 0 0 0 0 0 0 0 0 0 0 0 0 0 0 0 0 0 0 0 0 0 0 0 0 0 0 0]
[3962642551311216763404785404219331477746791064466260933046412746713034809926914216780922525770369361094166605214524527854673042415533008578696398173199568530728408895356465565472305504326183741476979231871627474144573407564644756446615078861990161667756606963232631136390954990903842362046059353132239480622063904390 0 0 0 0 0 0 0 0 0 0 0 0 0 0 0 0 0 0 0 0 0 0 0 0 0 0 0 0 0 0 0 0 0 0 0 0 0 0 0 0 0 0 0 0 0 0 0 1 0 0 0 0 0 0 0 0 0 0 0 0 0 0 0 0 0 0 0 0 0 0 0 0 0 0 0 0 0 0 0 0 0 0 0 0 0 0 0 0 0 0 0 0 0 0 0 0 0 0 0 0 0 0 0 0]
[2323102912114849445078043911393040735081535414227839603487913538881492398219899999724140819366042695178574091968801796928355149157157433602776083501350000376687208445800005577446357972004194630991902533330148285160253896477721606728710280152187433680012791799787795221888957630231168060004605986445998796209729256755 0 0 0 0 0 0 0 0 0 0 0 0 0 0 0 0 0 0 0 0 0 0 0 0 0 0 0 0 0 0 0 0 0 0 0 0 0 0 0 0 0 0 0 0 0 0 0 0 1 0 0 0 0 0 0 0 0 0 0 0 0 0 0 0 0 0 0 0 0 0 0 0 0 0 0 0 0 0 0 0 0 0 0 0 0 0 0 0 0 0 0 0 0 0 0 0 0 0 0 0 0 0 0 0]
[6642787798193570369943646486903270092293843914702046896307792428223209276570376173325325047943395072110966487421360313124369237539788201738937532074708260417296319822084882766059276851741727087989220143336690116786862145379583220260219925666074285012572336452136693855070773710249709033516287159655652958645327291926 0 0 0 0 0 0 0 0 0 0 0 0 0 0 0 0 0 0 0 0 0 0 0 0 0 0 0 0 0 0 0 0 0 0 0 0 0 0 0 0 0 0 0 0 0 0 0 0 0 1 0 0 0 0 0 0 0 0 0 0 0 0 0 0 0 0 0 0 0 0 0 0 0 0 0 0 0 0 0 0 0 0 0 0 0 0 0 0 0 0 0 0 0 0 0 0 0 0 0 0 0 0 0 0]
[9876350773910577231392515962079861800401098254981464746015263922124537061253775962891252147786964538269652327061802884916842625057067653863041169220101934092121193762050487825942787277256535029734789838963997365655237311656285900324331252797263432635794912594815182499208207401666366726292302290607520359375649830449 0 0 0 0 0 0 0 0 0 0 0 0 0 0 0 0 0 0 0 0 0 0 0 0 0 0 0 0 0 0 0 0 0 0 0 0 0 0 0 0 0 0 0 0 0 0 0 0 0 0 1 0 0 0 0 0 0 0 0 0 0 0 0 0 0 0 0 0 0 0 0 0 0 0 0 0 0 0 0 0 0 0 0 0 0 0 0 0 0 0 0 0 0 0 0 0 0 0 0 0 0 0 0 0]
[6001421430780164266679851159351355486723658210193705986740216857225713449108394167974363181988729154399230446771233132451893091359902121494630582651340402011226369586210864745875365615247126523882069397558878581206550474042629237497120256499128588704598364321291134852661701655740533691446098183967640727277821607338 0 0 0 0 0 0 0 0 0 0 0 0 0 0 0 0 0 0 0 0 0 0 0 0 0 0 0 0 0 0 0 0 0 0 0 0 0 0 0 0 0 0 0 0 0 0 0 0 0 0 0 1 0 0 0 0 0 0 0 0 0 0 0 0 0 0 0 0 0 0 0 0 0 0 0 0 0 0 0 0 0 0 0 0 0 0 0 0 0 0 0 0 0 0 0 0 0 0 0 0 0 0 0 0]
[5116607347078793977474206695899705849122805956506033245412096986215939181124116078042557613990779155106832544658296906641070332456764147069954086286774354077733066914840915505949947828347537078675459005322396198552952204970021359498358083100479154318708334454873099381390148301777040489880227107507346038749844179477 0 0 0 0 0 0 0 0 0 0 0 0 0 0 0 0 0 0 0 0 0 0 0 0 0 0 0 0 0 0 0 0 0 0 0 0 0 0 0 0 0 0 0 0 0 0 0 0 0 0 0 0 1 0 0 0 0 0 0 0 0 0 0 0 0 0 0 0 0 0 0 0 0 0 0 0 0 0 0 0 0 0 0 0 0 0 0 0 0 0 0 0 0 0 0 0 0 0 0 0 0 0 0 0]
[3757029778481249996229987732209804346182585672748221011729343886746224804271276249285116502488480507184179510705112433761915977579066900883352220022064870531017353523756292952104313966367168724498919207846275915241699861814402249702031446404783448542807407422132997360099685088501306858450760850592887053045766518568 0 0 0 0 0 0 0 0 0 0 0 0 0 0 0 0 0 0 0 0 0 0 0 0 0 0 0 0 0 0 0 0 0 0 0 0 0 0 0 0 0 0 0 0 0 0 0 0 0 0 0 0 0 1 0 0 0 0 0 0 0 0 0 0 0 0 0 0 0 0 0 0 0 0 0 0 0 0 0 0 0 0 0 0 0 0 0 0 0 0 0 0 0 0 0 0 0 0 0 0 0 0 0 0]
[5935861161483773927113723753141475149849532462282831378406881787571163418062239277741054026359867344475005923255436612757916330451157474986277179940616278485202303418408194878472843346264774426397564739901429182932169752897801327509578674994834933315482487637279369716436461386964913258127433334771941843724162305076 0 0 0 0 0 0 0 0 0 0 0 0 0 0 0 0 0 0 0 0 0 0 0 0 0 0 0 0 0 0 0 0 0 0 0 0 0 0 0 0 0 0 0 0 0 0 0 0 0 0 0 0 0 0 1 0 0 0 0 0 0 0 0 0 0 0 0 0 0 0 0 0 0 0 0 0 0 0 0 0 0 0 0 0 0 0 0 0 0 0 0 0 0 0 0 0 0 0 0 0 0 0 0 0]
[6283031206122406349514254513733621377330481779651820600596640085912925411923396777461367063535453287810648908161489973711973228155955534452245254736461190508549399222909159556327709630638437869632412028121321970237899849360057988478674306782306345517737486064080386566166301655526349334289574382023511020275832202746 0 0 0 0 0 0 0 0 0 0 0 0 0 0 0 0 0 0 0 0 0 0 0 0 0 0 0 0 0 0 0 0 0 0 0 0 0 0 0 0 0 0 0 0 0 0 0 0 0 0 0 0 0 0 0 1 0 0 0 0 0 0 0 0 0 0 0 0 0 0 0 0 0 0 0 0 0 0 0 0 0 0 0 0 0 0 0 0 0 0 0 0 0 0 0 0 0 0 0 0 0 0 0 0]
[6709897605334505156866986435627478552994798712577515657812395049190306487346030047277328007712695459530823180468406600115665770333279038624986233948945565167661195955415028456835695455954930974009628902348708435679133740409692719834793351781359378051461206101907804321984150117407170220426485771500211174668121495215 0 0 0 0 0 0 0 0 0 0 0 0 0 0 0 0 0 0 0 0 0 0 0 0 0 0 0 0 0 0 0 0 0 0 0 0 0 0 0 0 0 0 0 0 0 0 0 0 0 0 0 0 0 0 0 0 1 0 0 0 0 0 0 0 0 0 0 0 0 0 0 0 0 0 0 0 0 0 0 0 0 0 0 0 0 0 0 0 0 0 0 0 0 0 0 0 0 0 0 0 0 0 0 0]
[8076401821762625655387490100456565579314294328316649742051395156867888369794545442922951178583210571161061879411097016018425275078638054726654476452081774703530269689808165280887707277065922132178267632364230374111161680217128548885481868487221628335082341082639975383984559400578389903560376998510837331532317339828 0 0 0 0 0 0 0 0 0 0 0 0 0 0 0 0 0 0 0 0 0 0 0 0 0 0 0 0 0 0 0 0 0 0 0 0 0 0 0 0 0 0 0 0 0 0 0 0 0 0 0 0 0 0 0 0 0 1 0 0 0 0 0 0 0 0 0 0 0 0 0 0 0 0 0 0 0 0 0 0 0 0 0 0 0 0 0 0 0 0 0 0 0 0 0 0 0 0 0 0 0 0 0 0]
[4223873599893430202135163228298595287925576518028224012045625448184311931702425476564473762896535962889425414763914866087485180951358022018177614353402262512306687660906068994434532387429173963740168935231218341823924189850853331648401537570031135797225376792557542075901603212909620197478410771072871290124190960294 0 0 0 0 0 0 0 0 0 0 0 0 0 0 0 0 0 0 0 0 0 0 0 0 0 0 0 0 0 0 0 0 0 0 0 0 0 0 0 0 0 0 0 0 0 0 0 0 0 0 0 0 0 0 0 0 0 0 1 0 0 0 0 0 0 0 0 0 0 0 0 0 0 0 0 0 0 0 0 0 0 0 0 0 0 0 0 0 0 0 0 0 0 0 0 0 0 0 0 0 0 0 0 0]
[3144850005084832722171164147993179056879943071827071156054078659894218292035364930068579321644127256511404799332200037255288674225177375869976181595383867195994581122848145628205078968551489037721766306308557633579183646928617966229393749301159042258507254826219549313655123967147380668257508429046284009785167447025 0 0 0 0 0 0 0 0 0 0 0 0 0 0 0 0 0 0 0 0 0 0 0 0 0 0 0 0 0 0 0 0 0 0 0 0 0 0 0 0 0 0 0 0 0 0 0 0 0 0 0 0 0 0 0 0 0 0 0 1 0 0 0 0 0 0 0 0 0 0 0 0 0 0 0 0 0 0 0 0 0 0 0 0 0 0 0 0 0 0 0 0 0 0 0 0 0 0 0 0 0 0 0 0]
[5327822147201477640235088106490879342306083721293565899623266769923242747591619671917189811021318906711559755518789367607465191081824127859237639784122321343678521810836880052534754564589250809165797789848099509058073813440249647752967622893525707649963146205024152545310410979812960601149296650384137587230816123657 0 0 0 0 0 0 0 0 0 0 0 0 0 0 0 0 0 0 0 0 0 0 0 0 0 0 0 0 0 0 0 0 0 0 0 0 0 0 0 0 0 0 0 0 0 0 0 0 0 0 0 0 0 0 0 0 0 0 0 0 1 0 0 0 0 0 0 0 0 0 0 0 0 0 0 0 0 0 0 0 0 0 0 0 0 0 0 0 0 0 0 0 0 0 0 0 0 0 0 0 0 0 0 0]
[6463421582585177411374319842814748938952594370183090828412837794038644654749628759987095373982983209596544378218498264348885153259986208183599594829210134497904713072233794085144912787650095417388131731754238511516074761382776050935296458951113758867701756885019566712697571583580697968264160672751541735490046120306 0 0 0 0 0 0 0 0 0 0 0 0 0 0 0 0 0 0 0 0 0 0 0 0 0 0 0 0 0 0 0 0 0 0 0 0 0 0 0 0 0 0 0 0 0 0 0 0 0 0 0 0 0 0 0 0 0 0 0 0 0 1 0 0 0 0 0 0 0 0 0 0 0 0 0 0 0 0 0 0 0 0 0 0 0 0 0 0 0 0 0 0 0 0 0 0 0 0 0 0 0 0 0 0]
[2264702075840017732087806891270861252544718803127674348840439843975948422444029020308496266425841753041316722562554720266256766058821961878920867087816877837008542316148460243210750452902044773869884812997651395158700920009639304271181857892744635300363104947100743020494566279159880447513843513998629414602246068384 0 0 0 0 0 0 0 0 0 0 0 0 0 0 0 0 0 0 0 0 0 0 0 0 0 0 0 0 0 0 0 0 0 0 0 0 0 0 0 0 0 0 0 0 0 0 0 0 0 0 0 0 0 0 0 0 0 0 0 0 0 0 1 0 0 0 0 0 0 0 0 0 0 0 0 0 0 0 0 0 0 0 0 0 0 0 0 0 0 0 0 0 0 0 0 0 0 0 0 0 0 0 0 0]
[1366906079443927456789335861234691565140034421483470205506801691122438535765092225930051753035885836987003923442209283346951814685075103470445737503265291592618073401646236243959090814602344057577204199652626261278390504676872975715095662667401672181401536860776164597567577536594081280431836147775662591052892516521 0 0 0 0 0 0 0 0 0 0 0 0 0 0 0 0 0 0 0 0 0 0 0 0 0 0 0 0 0 0 0 0 0 0 0 0 0 0 0 0 0 0 0 0 0 0 0 0 0 0 0 0 0 0 0 0 0 0 0 0 0 0 0 1 0 0 0 0 0 0 0 0 0 0 0 0 0 0 0 0 0 0 0 0 0 0 0 0 0 0 0 0 0 0 0 0 0 0 0 0 0 0 0 0]
[2420100316104150093683688276774636741888230614616213463582096921157728895445639454346630348141922148175109693034798271884838924797510192218207065063026777931973330782219952386976413452691401015260250069850280685173819000709511787614289478989638043635323179693573172558269534635172852506004990711313883570152640957891 0 0 0 0 0 0 0 0 0 0 0 0 0 0 0 0 0 0 0 0 0 0 0 0 0 0 0 0 0 0 0 0 0 0 0 0 0 0 0 0 0 0 0 0 0 0 0 0 0 0 0 0 0 0 0 0 0 0 0 0 0 0 0 0 1 0 0 0 0 0 0 0 0 0 0 0 0 0 0 0 0 0 0 0 0 0 0 0 0 0 0 0 0 0 0 0 0 0 0 0 0 0 0 0]
[6322259602251165929706842167015733037864066857617684404137068431321378148674934606438104992252688610847777286532412513458895504206694327271514582136083306253810833699939902846376559208101690414781977563876818190665823602000551887726198284931855545764035797248471351047029318707274608668430015909033877510053473660262 0 0 0 0 0 0 0 0 0 0 0 0 0 0 0 0 0 0 0 0 0 0 0 0 0 0 0 0 0 0 0 0 0 0 0 0 0 0 0 0 0 0 0 0 0 0 0 0 0 0 0 0 0 0 0 0 0 0 0 0 0 0 0 0 0 1 0 0 0 0 0 0 0 0 0 0 0 0 0 0 0 0 0 0 0 0 0 0 0 0 0 0 0 0 0 0 0 0 0 0 0 0 0 0]
[4470715648700208464032789665529629770556615251267571591169602524981561535853098372224354316695283909103354885989305126595964301137631658330510280937659334973339393606633014017791607312030053478474228174878968081060306231050882539550665133119756412757645892447874265329187548812559296070070346246477766816029109141699 0 0 0 0 0 0 0 0 0 0 0 0 0 0 0 0 0 0 0 0 0 0 0 0 0 0 0 0 0 0 0 0 0 0 0 0 0 0 0 0 0 0 0 0 0 0 0 0 0 0 0 0 0 0 0 0 0 0 0 0 0 0 0 0 0 0 1 0 0 0 0 0 0 0 0 0 0 0 0 0 0 0 0 0 0 0 0 0 0 0 0 0 0 0 0 0 0 0 0 0 0 0 0 0]
[6334433175500778915925921268624641249378042513736973040756009005913720563305131159123843968101425360207079554363925453547931389366020622396041999606877159713253054052011904052451470541699564768570579493672640452011546073428867372282936887012698288094409537202191377927983673067069050296867210355076739864011857761800 0 0 0 0 0 0 0 0 0 0 0 0 0 0 0 0 0 0 0 0 0 0 0 0 0 0 0 0 0 0 0 0 0 0 0 0 0 0 0 0 0 0 0 0 0 0 0 0 0 0 0 0 0 0 0 0 0 0 0 0 0 0 0 0 0 0 0 1 0 0 0 0 0 0 0 0 0 0 0 0 0 0 0 0 0 0 0 0 0 0 0 0 0 0 0 0 0 0 0 0 0 0 0 0]
[7088463508130991169944940693046162063730353918067871557994172155630610741337930063238752213771070766124867177393350156177330959058379967647085983431314896303241542835963027620573337501301161950501969733808790426755938556361001218918043787680667837164415223834743770693370237816409755686013301582504843738218772373620 0 0 0 0 0 0 0 0 0 0 0 0 0 0 0 0 0 0 0 0 0 0 0 0 0 0 0 0 0 0 0 0 0 0 0 0 0 0 0 0 0 0 0 0 0 0 0 0 0 0 0 0 0 0 0 0 0 0 0 0 0 0 0 0 0 0 0 0 1 0 0 0 0 0 0 0 0 0 0 0 0 0 0 0 0 0 0 0 0 0 0 0 0 0 0 0 0 0 0 0 0 0 0 0]
[3121316310683938243931930028271783075710637287858121607745686929075541050266038058043593684380332215528510544297929850594416026158520653117983852044081250407591320527805111418689740169772070700770553414688088615712267944904876562664173358292643222584317125985708672778376037440494064185620681182158462942461491684799 0 0 0 0 0 0 0 0 0 0 0 0 0 0 0 0 0 0 0 0 0 0 0 0 0 0 0 0 0 0 0 0 0 0 0 0 0 0 0 0 0 0 0 0 0 0 0 0 0 0 0 0 0 0 0 0 0 0 0 0 0 0 0 0 0 0 0 0 0 1 0 0 0 0 0 0 0 0 0 0 0 0 0 0 0 0 0 0 0 0 0 0 0 0 0 0 0 0 0 0 0 0 0 0]
[1154965116911855268818713098117305824665630861311074553928558870032445982632813677376976005081694863954537187521073982248319738083332686986888970955604803420940245248611264593921379248199044851699896638955702672306766344006911967099810299169901626939026223357256463053412698734968886093321408931008273516567137476296 0 0 0 0 0 0 0 0 0 0 0 0 0 0 0 0 0 0 0 0 0 0 0 0 0 0 0 0 0 0 0 0 0 0 0 0 0 0 0 0 0 0 0 0 0 0 0 0 0 0 0 0 0 0 0 0 0 0 0 0 0 0 0 0 0 0 0 0 0 0 1 0 0 0 0 0 0 0 0 0 0 0 0 0 0 0 0 0 0 0 0 0 0 0 0 0 0 0 0 0 0 0 0 0]
[3705430677672839027445265866168776931832634722685831916982816143676151013684158834435122586100838218329028963450455554542029613778233078144946793129672476718157171794785010413194870472240096114009527054936956036611333868601197648818785154097640042677055006091616754019289113859239004694894538371351508640398811145883 0 0 0 0 0 0 0 0 0 0 0 0 0 0 0 0 0 0 0 0 0 0 0 0 0 0 0 0 0 0 0 0 0 0 0 0 0 0 0 0 0 0 0 0 0 0 0 0 0 0 0 0 0 0 0 0 0 0 0 0 0 0 0 0 0 0 0 0 0 0 0 1 0 0 0 0 0 0 0 0 0 0 0 0 0 0 0 0 0 0 0 0 0 0 0 0 0 0 0 0 0 0 0 0]
[1779794869053807505511845147352355342114369154644168097411980432690141129538793344568614925167254866213077222276710181357159360432572417840420171162884945652290546641803392763086530002011217065791038922807951647474963675124833011253158570137160271193609647219897671730356130091584235726054168740872246592989856894057 0 0 0 0 0 0 0 0 0 0 0 0 0 0 0 0 0 0 0 0 0 0 0 0 0 0 0 0 0 0 0 0 0 0 0 0 0 0 0 0 0 0 0 0 0 0 0 0 0 0 0 0 0 0 0 0 0 0 0 0 0 0 0 0 0 0 0 0 0 0 0 0 1 0 0 0 0 0 0 0 0 0 0 0 0 0 0 0 0 0 0 0 0 0 0 0 0 0 0 0 0 0 0 0]
[8192704514280906764650261261135794593240455278864496529310575503641726599169371827616917157728404836097423506445909110212775727744291243935952011082144356916631837707797764048546970067686559288075698250321143275180211085262919484059936872117867283631034001266772305445610042913404450005645770496315865808585037002479 0 0 0 0 0 0 0 0 0 0 0 0 0 0 0 0 0 0 0 0 0 0 0 0 0 0 0 0 0 0 0 0 0 0 0 0 0 0 0 0 0 0 0 0 0 0 0 0 0 0 0 0 0 0 0 0 0 0 0 0 0 0 0 0 0 0 0 0 0 0 0 0 0 1 0 0 0 0 0 0 0 0 0 0 0 0 0 0 0 0 0 0 0 0 0 0 0 0 0 0 0 0 0 0]
[7809647300416342032078994180179197000226942347985571585085184718437759474788884244095811903173162883458275823709077279833169456120720925523718242050770004320918845174278513809773537437442406087855596200109307971661012986635402863372270374548613934917832206491329466101095178976969964532188288364435096249998821960087 0 0 0 0 0 0 0 0 0 0 0 0 0 0 0 0 0 0 0 0 0 0 0 0 0 0 0 0 0 0 0 0 0 0 0 0 0 0 0 0 0 0 0 0 0 0 0 0 0 0 0 0 0 0 0 0 0 0 0 0 0 0 0 0 0 0 0 0 0 0 0 0 0 0 1 0 0 0 0 0 0 0 0 0 0 0 0 0 0 0 0 0 0 0 0 0 0 0 0 0 0 0 0 0]
[1050852981789748882541447711570417601412472694227939492548609814842625387034685161441369478333123393893513656951235390302729831220719856147299168701882035362925311326520814843992853869497067400693791533887355504006903779207826205428500405256801571488667516993233122896159666751326411635771112943610284951058069465675 0 0 0 0 0 0 0 0 0 0 0 0 0 0 0 0 0 0 0 0 0 0 0 0 0 0 0 0 0 0 0 0 0 0 0 0 0 0 0 0 0 0 0 0 0 0 0 0 0 0 0 0 0 0 0 0 0 0 0 0 0 0 0 0 0 0 0 0 0 0 0 0 0 0 0 1 0 0 0 0 0 0 0 0 0 0 0 0 0 0 0 0 0 0 0 0 0 0 0 0 0 0 0 0]
[7037621639024913612733020149516801800604591317452596677122963493019122535289219695560980141758703130998200229468697528014896697547073029797597035251544344581852489167603540673855990514166414437807069405045708938847880703086658642697950917313572232826784367692150435859513534670783706660861325099172742085997239332621 0 0 0 0 0 0 0 0 0 0 0 0 0 0 0 0 0 0 0 0 0 0 0 0 0 0 0 0 0 0 0 0 0 0 0 0 0 0 0 0 0 0 0 0 0 0 0 0 0 0 0 0 0 0 0 0 0 0 0 0 0 0 0 0 0 0 0 0 0 0 0 0 0 0 0 0 1 0 0 0 0 0 0 0 0 0 0 0 0 0 0 0 0 0 0 0 0 0 0 0 0 0 0 0]
[2603946286032390002207408014398693509774277522887523665307417889632219470917077159774889444570040865255064811763388742107666820672879503769667916080235893152914175838409258198778609412232987735280052881361829281856927822544722456064323077700289427141148110189953139160876501332850596630634809355546128588207371158241 0 0 0 0 0 0 0 0 0 0 0 0 0 0 0 0 0 0 0 0 0 0 0 0 0 0 0 0 0 0 0 0 0 0 0 0 0 0 0 0 0 0 0 0 0 0 0 0 0 0 0 0 0 0 0 0 0 0 0 0 0 0 0 0 0 0 0 0 0 0 0 0 0 0 0 0 0 1 0 0 0 0 0 0 0 0 0 0 0 0 0 0 0 0 0 0 0 0 0 0 0 0 0 0]
[6292536864307846249775160918652205180653940796998664953194928448845870844787082418737736954238066734629444547704378419754165185162729835794826137173669965531109843217782581121261467710766980072720158352406881514250488678985071100901979182315757878782792312048198611117450399469214398050487158347310996511112067690116 0 0 0 0 0 0 0 0 0 0 0 0 0 0 0 0 0 0 0 0 0 0 0 0 0 0 0 0 0 0 0 0 0 0 0 0 0 0 0 0 0 0 0 0 0 0 0 0 0 0 0 0 0 0 0 0 0 0 0 0 0 0 0 0 0 0 0 0 0 0 0 0 0 0 0 0 0 0 1 0 0 0 0 0 0 0 0 0 0 0 0 0 0 0 0 0 0 0 0 0 0 0 0 0]
[594170415325712872873891693987787936883536290443436470321322939166132423038725818911233456676553238517652378789792931551454625330131570571674930737143538809708228481426404914768218832791902235612228841552888727976361821306494875920142858559393094805206055568055022641122293043222169845585392037058218169942812764266 0 0 0 0 0 0 0 0 0 0 0 0 0 0 0 0 0 0 0 0 0 0 0 0 0 0 0 0 0 0 0 0 0 0 0 0 0 0 0 0 0 0 0 0 0 0 0 0 0 0 0 0 0 0 0 0 0 0 0 0 0 0 0 0 0 0 0 0 0 0 0 0 0 0 0 0 0 0 0 1 0 0 0 0 0 0 0 0 0 0 0 0 0 0 0 0 0 0 0 0 0 0 0 0]
[4502786421552149728157963469953068721254901629078765842264074262254017789420866323950541282471277066389551351546948819641992451806679143421714657809103818626106454621707910733211524918222164995788844563508478507852605420406901219044724530199604892519682489891903235725645395798515179895369154256737314103034953499602 0 0 0 0 0 0 0 0 0 0 0 0 0 0 0 0 0 0 0 0 0 0 0 0 0 0 0 0 0 0 0 0 0 0 0 0 0 0 0 0 0 0 0 0 0 0 0 0 0 0 0 0 0 0 0 0 0 0 0 0 0 0 0 0 0 0 0 0 0 0 0 0 0 0 0 0 0 0 0 0 1 0 0 0 0 0 0 0 0 0 0 0 0 0 0 0 0 0 0 0 0 0 0 0]
[5714019038340406307262981216149545159465084464296056045269108451652788430231765276344512729486674455345035361543068580466249092248676951799049607969821181940727653731446267627624495520969924043870933826405645054685890117989468545811937271917229175900743526996714962882970949818981812016478542664794883347263314185111 0 0 0 0 0 0 0 0 0 0 0 0 0 0 0 0 0 0 0 0 0 0 0 0 0 0 0 0 0 0 0 0 0 0 0 0 0 0 0 0 0 0 0 0 0 0 0 0 0 0 0 0 0 0 0 0 0 0 0 0 0 0 0 0 0 0 0 0 0 0 0 0 0 0 0 0 0 0 0 0 0 1 0 0 0 0 0 0 0 0 0 0 0 0 0 0 0 0 0 0 0 0 0 0]
[1755710781541901017567940515795735277938885150126642616400422944252075230067920328756264497332681695541871420740530580333586468708220079342105205861679108877397665310443188520553104191472319044711132871458348172924387337460378613014789194647859267635227098792921008557638185982607812084773171402408501468205718574040 0 0 0 0 0 0 0 0 0 0 0 0 0 0 0 0 0 0 0 0 0 0 0 0 0 0 0 0 0 0 0 0 0 0 0 0 0 0 0 0 0 0 0 0 0 0 0 0 0 0 0 0 0 0 0 0 0 0 0 0 0 0 0 0 0 0 0 0 0 0 0 0 0 0 0 0 0 0 0 0 0 0 1 0 0 0 0 0 0 0 0 0 0 0 0 0 0 0 0 0 0 0 0 0]
[2036930812480540546832404892645327994586527427638752352810889387305537934390421901594609056785289460650809146023599701172163772953783634724271383367699295508693810656264079035717653327422971211496354682237663071975410941331491781578989126462790349935368661206711013933614745568017393547773483159842716998690065044909 0 0 0 0 0 0 0 0 0 0 0 0 0 0 0 0 0 0 0 0 0 0 0 0 0 0 0 0 0 0 0 0 0 0 0 0 0 0 0 0 0 0 0 0 0 0 0 0 0 0 0 0 0 0 0 0 0 0 0 0 0 0 0 0 0 0 0 0 0 0 0 0 0 0 0 0 0 0 0 0 0 0 0 1 0 0 0 0 0 0 0 0 0 0 0 0 0 0 0 0 0 0 0 0]
[3159664416104963814595872794881233680664514387977568556220195238037425315628540572194396314948555328988942432988109585277798052202609283992619667045904374847458563687448594168646510417413214159007231166841364566559964231743442941233301074123262136050221324674014674527893301349327311467212769713440526465847627872608 0 0 0 0 0 0 0 0 0 0 0 0 0 0 0 0 0 0 0 0 0 0 0 0 0 0 0 0 0 0 0 0 0 0 0 0 0 0 0 0 0 0 0 0 0 0 0 0 0 0 0 0 0 0 0 0 0 0 0 0 0 0 0 0 0 0 0 0 0 0 0 0 0 0 0 0 0 0 0 0 0 0 0 0 1 0 0 0 0 0 0 0 0 0 0 0 0 0 0 0 0 0 0 0]
[8165563532965805944645307760117023815432593133855342426582693424168093221618109602235782009813331094655156365353641032616207699932798399341088090843104485382241954108768586794022292352309433693329708783948493195201123393689954434981731008546288385930797135124958232032643384072571929312276494753225272245740918916987 0 0 0 0 0 0 0 0 0 0 0 0 0 0 0 0 0 0 0 0 0 0 0 0 0 0 0 0 0 0 0 0 0 0 0 0 0 0 0 0 0 0 0 0 0 0 0 0 0 0 0 0 0 0 0 0 0 0 0 0 0 0 0 0 0 0 0 0 0 0 0 0 0 0 0 0 0 0 0 0 0 0 0 0 0 1 0 0 0 0 0 0 0 0 0 0 0 0 0 0 0 0 0 0]
[1770099470211007069350172194510511834297949828292651696123562784515569433984859997178109526822735085193003589859190564911557839496118309497776412383509240428520207407167498960215435745754502248150524393381315948207556575001781653061999064043582111439007001300992365410855104887810389652232352096311426889664264296318 0 0 0 0 0 0 0 0 0 0 0 0 0 0 0 0 0 0 0 0 0 0 0 0 0 0 0 0 0 0 0 0 0 0 0 0 0 0 0 0 0 0 0 0 0 0 0 0 0 0 0 0 0 0 0 0 0 0 0 0 0 0 0 0 0 0 0 0 0 0 0 0 0 0 0 0 0 0 0 0 0 0 0 0 0 0 1 0 0 0 0 0 0 0 0 0 0 0 0 0 0 0 0 0]
[2109558993583739970847113729175225012632862769191497229196906018252964406209672555682545147874177031074762992011824764403571439960084978264248892023138563146059121608353210386480894538357002374688391666373139139308309638779206034066099352450109174148617119612719606399676823996079982557077625218083363585404849860046 0 0 0 0 0 0 0 0 0 0 0 0 0 0 0 0 0 0 0 0 0 0 0 0 0 0 0 0 0 0 0 0 0 0 0 0 0 0 0 0 0 0 0 0 0 0 0 0 0 0 0 0 0 0 0 0 0 0 0 0 0 0 0 0 0 0 0 0 0 0 0 0 0 0 0 0 0 0 0 0 0 0 0 0 0 0 0 1 0 0 0 0 0 0 0 0 0 0 0 0 0 0 0 0]
[5848673290432758927534427322145394415733568382607135984763808844389801707336161141350747621650685946402814527640216555817295605128811480618183088071863985670959204724224214544163096183018316032835093793899268961274164002344919426717472364679655616774482205169409916069205660408973134708604155483176442754674962833983 0 0 0 0 0 0 0 0 0 0 0 0 0 0 0 0 0 0 0 0 0 0 0 0 0 0 0 0 0 0 0 0 0 0 0 0 0 0 0 0 0 0 0 0 0 0 0 0 0 0 0 0 0 0 0 0 0 0 0 0 0 0 0 0 0 0 0 0 0 0 0 0 0 0 0 0 0 0 0 0 0 0 0 0 0 0 0 0 1 0 0 0 0 0 0 0 0 0 0 0 0 0 0 0]
[5568201796193150428350809151791374817935798940472894052100270281725440765255298515793428881753235128959795958287580526351409567076733704691147192430207668714058137381592633182096920765475593571083697130395078777001457991916944365592691265686511131518783481520468751163229381267925831232731586770015539197629440505154 0 0 0 0 0 0 0 0 0 0 0 0 0 0 0 0 0 0 0 0 0 0 0 0 0 0 0 0 0 0 0 0 0 0 0 0 0 0 0 0 0 0 0 0 0 0 0 0 0 0 0 0 0 0 0 0 0 0 0 0 0 0 0 0 0 0 0 0 0 0 0 0 0 0 0 0 0 0 0 0 0 0 0 0 0 0 0 0 0 1 0 0 0 0 0 0 0 0 0 0 0 0 0 0]
[3775265878449100248108005909400287340578902360788248973784148278442384839828693891577199160541510340993963044635311794656558828134331238508432580885452975542486120376326024137749310627906390958385094398294589222134140210255815882323330206379774722234627148413005344134818180662073073274709514339696225438622543202199 0 0 0 0 0 0 0 0 0 0 0 0 0 0 0 0 0 0 0 0 0 0 0 0 0 0 0 0 0 0 0 0 0 0 0 0 0 0 0 0 0 0 0 0 0 0 0 0 0 0 0 0 0 0 0 0 0 0 0 0 0 0 0 0 0 0 0 0 0 0 0 0 0 0 0 0 0 0 0 0 0 0 0 0 0 0 0 0 0 0 1 0 0 0 0 0 0 0 0 0 0 0 0 0]
[2467985302085491465076915638403670964931097669116497071641225344522536705726511872886421502821586252188435713049478179403585851926020986181125317069800087167515983216522224764010024355017711669501981826921565366068663953375795361319198047014758990422170525710896612305772041899330191083836424012254754650564549826259 0 0 0 0 0 0 0 0 0 0 0 0 0 0 0 0 0 0 0 0 0 0 0 0 0 0 0 0 0 0 0 0 0 0 0 0 0 0 0 0 0 0 0 0 0 0 0 0 0 0 0 0 0 0 0 0 0 0 0 0 0 0 0 0 0 0 0 0 0 0 0 0 0 0 0 0 0 0 0 0 0 0 0 0 0 0 0 0 0 0 0 1 0 0 0 0 0 0 0 0 0 0 0 0]
[6687756439250341875016648032176467989535927953110483632937700399027877888696311956869438093523933287535422869311652404740411278212444162079290893222436910182497243713484060310147914375991319533469025297475534935975913789884483810861888563986333350471888313503213812064647524249156861758379487679776743984207328186473 0 0 0 0 0 0 0 0 0 0 0 0 0 0 0 0 0 0 0 0 0 0 0 0 0 0 0 0 0 0 0 0 0 0 0 0 0 0 0 0 0 0 0 0 0 0 0 0 0 0 0 0 0 0 0 0 0 0 0 0 0 0 0 0 0 0 0 0 0 0 0 0 0 0 0 0 0 0 0 0 0 0 0 0 0 0 0 0 0 0 0 0 1 0 0 0 0 0 0 0 0 0 0 0]
[3781955403531385317185927253826535810070118888423833577814362631503788897683286939115268333345298287143166739039507518314680982890998465404241061136027091581651225106297304980665459435596795274580478728463107589801634106989228820291773978082580919788169082138756184055774900557578982607529244623356558441020459006581 0 0 0 0 0 0 0 0 0 0 0 0 0 0 0 0 0 0 0 0 0 0 0 0 0 0 0 0 0 0 0 0 0 0 0 0 0 0 0 0 0 0 0 0 0 0 0 0 0 0 0 0 0 0 0 0 0 0 0 0 0 0 0 0 0 0 0 0 0 0 0 0 0 0 0 0 0 0 0 0 0 0 0 0 0 0 0 0 0 0 0 0 0 1 0 0 0 0 0 0 0 0 0 0]
[7265441941378814861170869636268834107218200741764139071806206526182270447332799431630927983672669676258691278858908059108545542375899007104958859815051460569598944694928011482968181663737733360625435581407777897954370704861231422777023065320936094545005522330999444731219429839403239302373745081933493291191665567842 0 0 0 0 0 0 0 0 0 0 0 0 0 0 0 0 0 0 0 0 0 0 0 0 0 0 0 0 0 0 0 0 0 0 0 0 0 0 0 0 0 0 0 0 0 0 0 0 0 0 0 0 0 0 0 0 0 0 0 0 0 0 0 0 0 0 0 0 0 0 0 0 0 0 0 0 0 0 0 0 0 0 0 0 0 0 0 0 0 0 0 0 0 0 1 0 0 0 0 0 0 0 0 0]
[1434822010972380141779126259270992721163937952992170933839968077087712210169339620979863003760289864830353185359384262544413523244708558169641009646578545340066117452285504868540586219699451683492384350617672665387428805487965586439343124897082868385000766486734341849234280232876385558332998999019540536240533112421 0 0 0 0 0 0 0 0 0 0 0 0 0 0 0 0 0 0 0 0 0 0 0 0 0 0 0 0 0 0 0 0 0 0 0 0 0 0 0 0 0 0 0 0 0 0 0 0 0 0 0 0 0 0 0 0 0 0 0 0 0 0 0 0 0 0 0 0 0 0 0 0 0 0 0 0 0 0 0 0 0 0 0 0 0 0 0 0 0 0 0 0 0 0 0 1 0 0 0 0 0 0 0 0]
[8424218886522813112176802982914066941524637374730442326659610327814687360080462363031437745750432060669745258017906644224957257616307871102483765140989103129305310133085177226330199196057258109191961865897132865736100302797559104199130625405250722213441704474627497997680014331517769406793806505594890381062507666335 0 0 0 0 0 0 0 0 0 0 0 0 0 0 0 0 0 0 0 0 0 0 0 0 0 0 0 0 0 0 0 0 0 0 0 0 0 0 0 0 0 0 0 0 0 0 0 0 0 0 0 0 0 0 0 0 0 0 0 0 0 0 0 0 0 0 0 0 0 0 0 0 0 0 0 0 0 0 0 0 0 0 0 0 0 0 0 0 0 0 0 0 0 0 0 0 1 0 0 0 0 0 0 0]
[6339948037142018419746290277734368002733599462435774285424725931135037145524213195915093372286941195016558633072825779001310834789289988072462961417367674217132394238482287017015567547346426909304947488084910349468870925660501564968642286444690711051972608454912088474144963737287110305237002542474520809288755788800 0 0 0 0 0 0 0 0 0 0 0 0 0 0 0 0 0 0 0 0 0 0 0 0 0 0 0 0 0 0 0 0 0 0 0 0 0 0 0 0 0 0 0 0 0 0 0 0 0 0 0 0 0 0 0 0 0 0 0 0 0 0 0 0 0 0 0 0 0 0 0 0 0 0 0 0 0 0 0 0 0 0 0 0 0 0 0 0 0 0 0 0 0 0 0 0 0 1 0 0 0 0 0 0]
[5288709399925915030636124522863307158768214070435798750077431265947759631735904268413939358804554012535233932796644757781103715326599732687064210784342151508543628956640398706715150653628124113998089786668574763902229928014173886320268436421918285053204807025105137244453484771506194365433196542786250838152085065491 0 0 0 0 0 0 0 0 0 0 0 0 0 0 0 0 0 0 0 0 0 0 0 0 0 0 0 0 0 0 0 0 0 0 0 0 0 0 0 0 0 0 0 0 0 0 0 0 0 0 0 0 0 0 0 0 0 0 0 0 0 0 0 0 0 0 0 0 0 0 0 0 0 0 0 0 0 0 0 0 0 0 0 0 0 0 0 0 0 0 0 0 0 0 0 0 0 0 1 0 0 0 0 0]
[4327531165368305160104480406463143986975115754398939251407691601233284024187011886853343696642638851593365970321494978244171341241839621474619028079577446329255563322751112210216396527615239803512333582296510243108065526172460165071201776343292343637621292701758164617985227527861464717523583404306686790366574523662 0 0 0 0 0 0 0 0 0 0 0 0 0 0 0 0 0 0 0 0 0 0 0 0 0 0 0 0 0 0 0 0 0 0 0 0 0 0 0 0 0 0 0 0 0 0 0 0 0 0 0 0 0 0 0 0 0 0 0 0 0 0 0 0 0 0 0 0 0 0 0 0 0 0 0 0 0 0 0 0 0 0 0 0 0 0 0 0 0 0 0 0 0 0 0 0 0 0 0 1 0 0 0 0]
[5658015860441118811800780360968338508056024619382563094528398658010408027463375665895917462605533921884595684256882995438396112986700049760713585090282401487977110077197389977880707900898111816058864385676598434893616988070501122855624673521214398854336272894997391327691707637723488597234586207682692896163004562336 0 0 0 0 0 0 0 0 0 0 0 0 0 0 0 0 0 0 0 0 0 0 0 0 0 0 0 0 0 0 0 0 0 0 0 0 0 0 0 0 0 0 0 0 0 0 0 0 0 0 0 0 0 0 0 0 0 0 0 0 0 0 0 0 0 0 0 0 0 0 0 0 0 0 0 0 0 0 0 0 0 0 0 0 0 0 0 0 0 0 0 0 0 0 0 0 0 0 0 0 1 0 0 0]
[3381166858218598249947075922630266988359513440265075902760639776551632765944276066736133747414669708349619019775530606921261412207425071790655904306387637055150140014127956388578009631597699929075645413880308115756449921120553873793194492146772427603912526573963041002240146362983537953846050760240558200554953109247 0 0 0 0 0 0 0 0 0 0 0 0 0 0 0 0 0 0 0 0 0 0 0 0 0 0 0 0 0 0 0 0 0 0 0 0 0 0 0 0 0 0 0 0 0 0 0 0 0 0 0 0 0 0 0 0 0 0 0 0 0 0 0 0 0 0 0 0 0 0 0 0 0 0 0 0 0 0 0 0 0 0 0 0 0 0 0 0 0 0 0 0 0 0 0 0 0 0 0 0 0 1 0 0]
[7451820623832239222095829766967229798641585230136155009439435186998397937027020374658373889175445141868877064555891002384208246447753995082614969527525605505323881540619609098171071461807295581570895629093459977737095880622079217689704902564532462175359377990309275854683434744769976248495689318538750309550837471240 0 0 0 0 0 0 0 0 0 0 0 0 0 0 0 0 0 0 0 0 0 0 0 0 0 0 0 0 0 0 0 0 0 0 0 0 0 0 0 0 0 0 0 0 0 0 0 0 0 0 0 0 0 0 0 0 0 0 0 0 0 0 0 0 0 0 0 0 0 0 0 0 0 0 0 0 0 0 0 0 0 0 0 0 0 0 0 0 0 0 0 0 0 0 0 0 0 0 0 0 0 0 1 0]
[7026690833718298518722012027938661754878879482663114961175557833848516408210151633973249055580769305819398227124280651803182350992292537147551083929999605108945393983241371903853524538514438616017303662065088581708321621130467762285002261262474574366722565255041356193361907361393418762691241212347577278547380284025 0 0 0 0 0 0 0 0 0 0 0 0 0 0 0 0 0 0 0 0 0 0 0 0 0 0 0 0 0 0 0 0 0 0 0 0 0 0 0 0 0 0 0 0 0 0 0 0 0 0 0 0 0 0 0 0 0 0 0 0 0 0 0 0 0 0 0 0 0 0 0 0 0 0 0 0 0 0 0 0 0 0 0 0 0 0 0 0 0 0 0 0 0 0 0 0 0 0 0 0 0 0 0 1]
]
