[[10630500378285262629374155733668004904915866725691906000987853564693595338248346668544255667021469173345625138257668720771677722533324238758737603087725332854671832641395745589777548963654248864692013678730911377834157145184967587046834207142720527679938409461659679244386620016005746087661479073106334965434232769637 0 0 0 0 0 0 0 0 0 0 0 0 0 0 0 0 0 0 0 0 0 0 0 0 0 0 0 0 0 0 0 0 0 0 0 0 0 0 0 0 0 0 0 0 0 0 0 0 0 0 0 0 0 0 0 0 0 0 0 0 0 0 0 0 0 0 0 0 0 0 0 0 0 0 0 0 0 0 0 0 0 0 0 0 0 0 0 0 0 0 0 0 0 0 0 0 0 0 0 0 0 0 0 0]
[3634361084316699627934949402005179896356923977279588920343175821406260409242590713300226165633503225104490773875340795773728989801214231676270205596777968327933462003379551025887872651463919711470509175564333125384107761075550106968265053805475903583079713006153038707470461192868909332758326419196761025391669159528 1 0 0 0 0 0 0 0 0 0 0 0 0 0 0 0 0 0 0 0 0 0 0 0 0 0 0 0 0 0 0 0 0 0 0 0 0 0 0 0 0 0 0 0 0 0 0 0 0 0 0 0 0 0 0 0 0 0 0 0 0 0 0 0 0 0 0 0 0 0 0 0 0 0 0 0 0 0 0 0 0 0 0 0 0 0 0 0 0 0 0 0 0 0 0 0 0 0 0 0 0 0 0 0]
[9315362854804713793861606041977817616151004846344713792968526224014051150378904099005568792299581388763317061797955379804302241866499586936692927961886024224437124269713047437564542421741181569692096536092575864680867713310093306812957102242764731966482653828590821595709173080264292112360050399168669350847289077225 0 1 0 0 0 0 0 0 0 0 0 0 0 0 0 0 0 0 0 0 0 0 0 0 0 0 0 0 0 0 0 0 0 0 0 0 0 0 0 0 0 0 0 0 0 0 0 0 0 0 0 0 0 0 0 0 0 0 0 0 0 0 0 0 0 0 0 0 0 0 0 0 0 0 0 0 0 0 0 0 0 0 0 0 0 0 0 0 0 0 0 0 0 0 0 0 0 0 0 0 0 0 0 0]
[2906875035205625513133073351168463304747053327450224228546419817305751251937030029980579754760262029561785074947387438670317190199094184132956163721669194705325810587351179730499691059572686069634771094804772924210652915475398441549421666648051190554183042004615153110055278918593091001931648298666210963269993265745 0 0 1 0 0 0 0 0 0 0 0 0 0 0 0 0 0 0 0 0 0 0 0 0 0 0 0 0 0 0 0 0 0 0 0 0 0 0 0 0 0 0 0 0 0 0 0 0 0 0 0 0 0 0 0 0 0 0 0 0 0 0 0 0 0 0 0 0 0 0 0 0 0 0 0 0 0 0 0 0 0 0 0 0 0 0 0 0 0 0 0 0 0 0 0 0 0 0 0 0 0 0 0 0]
[8054570968557762232764712882624565621212979577473845155342319322894004526935672607862400181961191345593232849383130291602199956382325698893265837571864333089816065827999768206957982035549962843533891304819839541739050868378562422108539090513194280850484278840644224324535501324088417592548188438000041972139101714009 0 0 0 1 0 0 0 0 0 0 0 0 0 0 0 0 0 0 0 0 0 0 0 0 0 0 0 0 0 0 0 0 0 0 0 0 0 0 0 0 0 0 0 0 0 0 0 0 0 0 0 0 0 0 0 0 0 0 0 0 0 0 0 0 0 0 0 0 0 0 0 0 0 0 0 0 0 0 0 0 0 0 0 0 0 0 0 0 0 0 0 0 0 0 0 0 0 0 0 0 0 0 0 0]
[4560620429242879499449630394625218053797591985647741774484713888424462148223998287308798633336981140089746726241321428342063871640790808385857289104727052267941158848792278843637285874843450789693296520929456578658704054778317262863929291744001715566532235949374852261467545244145334098654408009013316280576792094025 0 0 0 0 1 0 0 0 0 0 0 0 0 0 0 0 0 0 0 0 0 0 0 0 0 0 0 0 0 0 0 0 0 0 0 0 0 0 0 0 0 0 0 0 0 0 0 0 0 0 0 0 0 0 0 0 0 0 0 0 0 0 0 0 0 0 0 0 0 0 0 0 0 0 0 0 0 0 0 0 0 0 0 0 0 0 0 0 0 0 0 0 0 0 0 0 0 0 0 0 0 0 0 0]
[2475134740714159088555312446447092941863991080385160886062694913141288410853093821481816083321197779432558348841375567756100976055570334919956813407116309069533939338982665951773418818844576318336879620715117643325883966095899053308215536673540341701653126386358624748370632557491547884910446817448080158886963960438 0 0 0 0 0 1 0 0 0 0 0 0 0 0 0 0 0 0 0 0 0 0 0 0 0 0 0 0 0 0 0 0 0 0 0 0 0 0 0 0 0 0 0 0 0 0 0 0 0 0 0 0 0 0 0 0 0 0 0 0 0 0 0 0 0 0 0 0 0 0 0 0 0 0 0 0 0 0 0 0 0 0 0 0 0 0 0 0 0 0 0 0 0 0 0 0 0 0 0 0 0 0 0 0]
[847491390078952421219600015245851638778066673798036483346647655749276750305909795647565524672740024781113012185000424097894805732593307485177977490942289947359160795309241564400931751412592145062046300376959699042752017856625456000954284658779644292687702179075139040149535615668932604097783683193869385593241625997 0 0 0 0 0 0 1 0 0 0 0 0 0 0 0 0 0 0 0 0 0 0 0 0 0 0 0 0 0 0 0 0 0 0 0 0 0 0 0 0 0 0 0 0 0 0 0 0 0 0 0 0 0 0 0 0 0 0 0 0 0 0 0 0 0 0 0 0 0 0 0 0 0 0 0 0 0 0 0 0 0 0 0 0 0 0 0 0 0 0 0 0 0 0 0 0 0 0 0 0 0 0 0 0]
[5175234496530662778178374815531679956712114436935130142647439689286344462791944074967835724625357532290000031278679976238317730004823208953915690016549436291525857322400225845513237477341310318101861680823211272850991727358355555615396596680482990378298843807731193369208377792142115121034535365657119350803692483596 0 0 0 0 0 0 0 1 0 0 0 0 0 0 0 0 0 0 0 0 0 0 0 0 0 0 0 0 0 0 0 0 0 0 0 0 0 0 0 0 0 0 0 0 0 0 0 0 0 0 0 0 0 0 0 0 0 0 0 0 0 0 0 0 0 0 0 0 0 0 0 0 0 0 0 0 0 0 0 0 0 0 0 0 0 0 0 0 0 0 0 0 0 0 0 0 0 0 0 0 0 0 0 0]
[7858200843893995229203145862768622733848769489287948732171828724923388262861252992397688240226518536341456090658443505547299890415078408569492624682985385908616308809331686231923335710632109262603240160550948172268875985266476846543313185574097266244911400597537172319127354198836672115640709490192180072659646895085 0 0 0 0 0 0 0 0 1 0 0 0 0 0 0 0 0 0 0 0 0 0 0 0 0 0 0 0 0 0 0 0 0 0 0 0 0 0 0 0 0 0 0 0 0 0 0 0 0 0 0 0 0 0 0 0 0 0 0 0 0 0 0 0 0 0 0 0 0 0 0 0 0 0 0 0 0 0 0 0 0 0 0 0 0 0 0 0 0 0 0 0 0 0 0 0 0 0 0 0 0 0 0 0]
[7788761501043242577716155480018362845239527170620700698423362081412287662986687841564474537569216143141859692742804909278994746763546380225479782632741884259491804986054022604027613234552608701550813966213810840620483816714696866437658163089316431202936630500603255208986622592100962671748035015159316196942451950523 0 0 0 0 0 0 0 0 0 1 0 0 0 0 0 0 0 0 0 0 0 0 0 0 0 0 0 0 0 0 0 0 0 0 0 0 0 0 0 0 0 0 0 0 0 0 0 0 0 0 0 0 0 0 0 0 0 0 0 0 0 0 0 0 0 0 0 0 0 0 0 0 0 0 0 0 0 0 0 0 0 0 0 0 0 0 0 0 0 0 0 0 0 0 0 0 0 0 0 0 0 0 0 0]
[615677669330577929946376252039011546217308517251510046076943717283069830521080283036810206860276694783670703785512243187018638604007885748515668247578945242752481107745926818521045030062646624040532346924828105393107629536974346960073186557480521145308749533399750772585447542478020538831777003360178625061243820732 0 0 0 0 0 0 0 0 0 0 1 0 0 0 0 0 0 0 0 0 0 0 0 0 0 0 0 0 0 0 0 0 0 0 0 0 0 0 0 0 0 0 0 0 0 0 0 0 0 0 0 0 0 0 0 0 0 0 0 0 0 0 0 0 0 0 0 0 0 0 0 0 0 0 0 0 0 0 0 0 0 0 0 0 0 0 0 0 0 0 0 0 0 0 0 0 0 0 0 0 0 0 0 0]
[10166483278723578625938026615015671245855766706900155854112268820514549507542116428875836683055403556862767971842942111752230448675142832851886672847560312332258713079600148537021221166900208933875075799872107558114948287899065465930483398236183745204334862606195845852902699824606997478430523238028881028587535238072 0 0 0 0 0 0 0 0 0 0 0 1 0 0 0 0 0 0 0 0 0 0 0 0 0 0 0 0 0 0 0 0 0 0 0 0 0 0 0 0 0 0 0 0 0 0 0 0 0 0 0 0 0 0 0 0 0 0 0 0 0 0 0 0 0 0 0 0 0 0 0 0 0 0 0 0 0 0 0 0 0 0 0 0 0 0 0 0 0 0 0 0 0 0 0 0 0 0 0 0 0 0 0 0]
[4158155873575935467445390463417915319667904550631368190029349624235347437408602799204571581101755560406529633526755750390476017407714379172182591413781069415065823340755521104300116824164107025760102937460992468883562863296388641520453414594040195722013882826930868515752925472918437861303116070424367486153944875937 0 0 0 0 0 0 0 0 0 0 0 0 1 0 0 0 0 0 0 0 0 0 0 0 0 0 0 0 0 0 0 0 0 0 0 0 0 0 0 0 0 0 0 0 0 0 0 0 0 0 0 0 0 0 0 0 0 0 0 0 0 0 0 0 0 0 0 0 0 0 0 0 0 0 0 0 0 0 0 0 0 0 0 0 0 0 0 0 0 0 0 0 0 0 0 0 0 0 0 0 0 0 0 0]
[5999739953297302416017308318714132162557232992021802264566392491097722881609238642580513948592899643667053797079639748574238998315020554697015054583403386212323591530874178070757883584882986091373944276861045321709520769698880519488718541537823339795637507601336927694566125649301410086769419691077446391223693174767 0 0 0 0 0 0 0 0 0 0 0 0 0 1 0 0 0 0 0 0 0 0 0 0 0 0 0 0 0 0 0 0 0 0 0 0 0 0 0 0 0 0 0 0 0 0 0 0 0 0 0 0 0 0 0 0 0 0 0 0 0 0 0 0 0 0 0 0 0 0 0 0 0 0 0 0 0 0 0 0 0 0 0 0 0 0 0 0 0 0 0 0 0 0 0 0 0 0 0 0 0 0 0 0]
[3168980154337098426471133938428676300678051330607899567616949686336142813507356923044501744232309108769224652562250909811792744448353797424456466932280901783473672789966035607584396750934324550927567124982474287817723263207673133817935853571476747640923267036540975398929516514585900562056600022461706462564001327647 0 0 0 0 0 0 0 0 0 0 0 0 0 0 1 0 0 0 0 0 0 0 0 0 0 0 0 0 0 0 0 0 0 0 0 0 0 0 0 0 0 0 0 0 0 0 0 0 0 0 0 0 0 0 0 0 0 0 0 0 0 0 0 0 0 0 0 0 0 0 0 0 0 0 0 0 0 0 0 0 0 0 0 0 0 0 0 0 0 0 0 0 0 0 0 0 0 0 0 0 0 0 0 0]
[121892702410164113775468963641373941710022239062230852479428532022195517728323698462746751534967863031350506323631122996773085317081062913276895511643196951690923892290136708086932128450518956272340959455423379367082160261392390796408993832355348193103044307034522715475043008173760311533875380042733736847908408672 0 0 0 0 0 0 0 0 0 0 0 0 0 0 0 1 0 0 0 0 0 0 0 0 0 0 0 0 0 0 0 0 0 0 0 0 0 0 0 0 0 0 0 0 0 0 0 0 0 0 0 0 0 0 0 0 0 0 0 0 0 0 0 0 0 0 0 0 0 0 0 0 0 0 0 0 0 0 0 0 0 0 0 0 0 0 0 0 0 0 0 0 0 0 0 0 0 0 0 0 0 0 0 0]
[1656968777513317968190755224673818974184432281978204083338189644532536040321585801558561373797466054440580800674074345911310914948120700050185078875883102067049096752580505698149971334695626213762229522113379331237691018388759057180499837102955059651632836871396462410566227162718658442470476007942029141432066077387 0 0 0 0 0 0 0 0 0 0 0 0 0 0 0 0 1 0 0 0 0 0 0 0 0 0 0 0 0 0 0 0 0 0 0 0 0 0 0 0 0 0 0 0 0 0 0 0 0 0 0 0 0 0 0 0 0 0 0 0 0 0 0 0 0 0 0 0 0 0 0 0 0 0 0 0 0 0 0 0 0 0 0 0 0 0 0 0 0 0 0 0 0 0 0 0 0 0 0 0 0 0 0 0]
[6635512725190948716980235681272413045128541858372909262846382823558704183580666065985151570045092866651972648649510141173720736755015607183718301043610434858620889573425216811866845853244936340824282075925384302746352866571120868046408908435938442321326317556872600050326434339245147928483319705061827566987205629719 0 0 0 0 0 0 0 0 0 0 0 0 0 0 0 0 0 1 0 0 0 0 0 0 0 0 0 0 0 0 0 0 0 0 0 0 0 0 0 0 0 0 0 0 0 0 0 0 0 0 0 0 0 0 0 0 0 0 0 0 0 0 0 0 0 0 0 0 0 0 0 0 0 0 0 0 0 0 0 0 0 0 0 0 0 0 0 0 0 0 0 0 0 0 0 0 0 0 0 0 0 0 0 0]
[4526805815672909301908055162220959049220664025923455769331431259210701170688435651245883838551280657329516931257388599064410587997239880069614235209052125812986338104993144300236137668089199128601689235390663107906327671006485177205315762429525689175781440054975040726857348923414429512105454632496213549346073339826 0 0 0 0 0 0 0 0 0 0 0 0 0 0 0 0 0 0 1 0 0 0 0 0 0 0 0 0 0 0 0 0 0 0 0 0 0 0 0 0 0 0 0 0 0 0 0 0 0 0 0 0 0 0 0 0 0 0 0 0 0 0 0 0 0 0 0 0 0 0 0 0 0 0 0 0 0 0 0 0 0 0 0 0 0 0 0 0 0 0 0 0 0 0 0 0 0 0 0 0 0 0 0 0]
[9545282156933716039300198335215196311984266247855954211078260890592227471420748597416385002166281033370692128451979633017319779423898048528728504801088068788987748979805717624259427247473349732330056440226916669465480270310184928117971611574847908914928318145813350732651066015697686597182093448134628619532365449359 0 0 0 0 0 0 0 0 0 0 0 0 0 0 0 0 0 0 0 1 0 0 0 0 0 0 0 0 0 0 0 0 0 0 0 0 0 0 0 0 0 0 0 0 0 0 0 0 0 0 0 0 0 0 0 0 0 0 0 0 0 0 0 0 0 0 0 0 0 0 0 0 0 0 0 0 0 0 0 0 0 0 0 0 0 0 0 0 0 0 0 0 0 0 0 0 0 0 0 0 0 0 0 0]
[2346816304348349875591906952132397967668206186699232549548527980279496405275766823117260928308790414869666404494186783944733983519538665940617902610375179231735420522115634066618783625105557796254287917520300140259712339035132299494962606978807736426518879086586138791521782207944557120476008486775238992938807068853 0 0 0 0 0 0 0 0 0 0 0 0 0 0 0 0 0 0 0 0 1 0 0 0 0 0 0 0 0 0 0 0 0 0 0 0 0 0 0 0 0 0 0 0 0 0 0 0 0 0 0 0 0 0 0 0 0 0 0 0 0 0 0 0 0 0 0 0 0 0 0 0 0 0 0 0 0 0 0 0 0 0 0 0 0 0 0 0 0 0 0 0 0 0 0 0 0 0 0 0 0 0 0 0]
[4082784928315694107554958917262587280770147645981559099638803197068677859305612142995694725883085880294439467278431690555757925823932971371277546011821173851230461628624557823446531797008026361988778748225577240901796928220751884950310081987509217925059559647190980068863837909098937173351637690984639728839369133129 0 0 0 0 0 0 0 0 0 0 0 0 0 0 0 0 0 0 0 0 0 1 0 0 0 0 0 0 0 0 0 0 0 0 0 0 0 0 0 0 0 0 0 0 0 0 0 0 0 0 0 0 0 0 0 0 0 0 0 0 0 0 0 0 0 0 0 0 0 0 0 0 0 0 0 0 0 0 0 0 0 0 0 0 0 0 0 0 0 0 0 0 0 0 0 0 0 0 0 0 0 0 0 0]
[3953312192460547907964738302567088678946472467925769304952781709406828380305242859680243906469139572191043729778610959605795384119546684001974067221766856729044580025627366628343740534257298557148384069789405451630064188241757797854869113483177561921437003793692509261670862758365657712309054168640066852618256680283 0 0 0 0 0 0 0 0 0 0 0 0 0 0 0 0 0 0 0 0 0 0 1 0 0 0 0 0 0 0 0 0 0 0 0 0 0 0 0 0 0 0 0 0 0 0 0 0 0 0 0 0 0 0 0 0 0 0 0 0 0 0 0 0 0 0 0 0 0 0 0 0 0 0 0 0 0 0 0 0 0 0 0 0 0 0 0 0 0 0 0 0 0 0 0 0 0 0 0 0 0 0 0 0]
[6405895100495801974147660435533735076129379915254702471744835379339771741450911784843929576208854169416343506190958082915672852695320364489085765957101927476534618027505702478095048732123949529361324456559085794898577148134169564004239802373596578273921223247220915716694476062871493077556776460975966534060687562485 0 0 0 0 0 0 0 0 0 0 0 0 0 0 0 0 0 0 0 0 0 0 0 1 0 0 0 0 0 0 0 0 0 0 0 0 0 0 0 0 0 0 0 0 0 0 0 0 0 0 0 0 0 0 0 0 0 0 0 0 0 0 0 0 0 0 0 0 0 0 0 0 0 0 0 0 0 0 0 0 0 0 0 0 0 0 0 0 0 0 0 0 0 0 0 0 0 0 0 0 0 0 0 0]
[1226489573813833614273456174777132990770383602519522814821842376357015727007865056289671011824147390777281853434027849683640359305638825229176998884656980421364679602449576273360251342016989401176499513198072995590085436169186417012080102204744590983715825702173852600242365249831805239614487699433967324494527254234 0 0 0 0 0 0 0 0 0 0 0 0 0 0 0 0 0 0 0 0 0 0 0 0 1 0 0 0 0 0 0 0 0 0 0 0 0 0 0 0 0 0 0 0 0 0 0 0 0 0 0 0 0 0 0 0 0 0 0 0 0 0 0 0 0 0 0 0 0 0 0 0 0 0 0 0 0 0 0 0 0 0 0 0 0 0 0 0 0 0 0 0 0 0 0 0 0 0 0 0 0 0 0 0]
[1798907923159412091416870668026207673557703948378360828522022514497034198252423266304920972881288025456542249960750697502017623503112201667295973759663601933798248129772892182156961202308702207215657880499103059762879859604118255154681243680744854332547626689882092673122001472157741735068266339975202609673364588526 0 0 0 0 0 0 0 0 0 0 0 0 0 0 0 0 0 0 0 0 0 0 0 0 0 1 0 0 0 0 0 0 0 0 0 0 0 0 0 0 0 0 0 0 0 0 0 0 0 0 0 0 0 0 0 0 0 0 0 0 0 0 0 0 0 0 0 0 0 0 0 0 0 0 0 0 0 0 0 0 0 0 0 0 0 0 0 0 0 0 0 0 0 0 0 0 0 0 0 0 0 0 0 0]
[7341993676734280522600679132483836852733252740024470993331750007450884407731626850701725867576206829932383486898633807400986488114901194255136062787394110899991755856736391099390874012351198293861631429372826896750856068169114256279641926526817570338812815698098941849641347851237088848472224065741682117813672779956 0 0 0 0 0 0 0 0 0 0 0 0 0 0 0 0 0 0 0 0 0 0 0 0 0 0 1 0 0 0 0 0 0 0 0 0 0 0 0 0 0 0 0 0 0 0 0 0 0 0 0 0 0 0 0 0 0 0 0 0 0 0 0 0 0 0 0 0 0 0 0 0 0 0 0 0 0 0 0 0 0 0 0 0 0 0 0 0 0 0 0 0 0 0 0 0 0 0 0 0 0 0 0 0]
[4751489403296754545937032582734705599865860608295614183318898674165233677591828553491126924750295227755665394596561052411459330965063291714483896702725986229356653088700389785296037096359029147333146733585907253762460315944647334264696224144036997461911420138323075351214604979719801277261693673960348793272451313216 0 0 0 0 0 0 0 0 0 0 0 0 0 0 0 0 0 0 0 0 0 0 0 0 0 0 0 1 0 0 0 0 0 0 0 0 0 0 0 0 0 0 0 0 0 0 0 0 0 0 0 0 0 0 0 0 0 0 0 0 0 0 0 0 0 0 0 0 0 0 0 0 0 0 0 0 0 0 0 0 0 0 0 0 0 0 0 0 0 0 0 0 0 0 0 0 0 0 0 0 0 0 0 0]
[4070231490664149205154497663304261575075675229613258686292135699573786219821251229652991352016555795222696910067324401150318966333503612467185259049189779735823331380283805504482792426658037205508468291484296612464963777865930985995031574310702978186031732889973774601795161194626635000989709443515063564353916338231 0 0 0 0 0 0 0 0 0 0 0 0 0 0 0 0 0 0 0 0 0 0 0 0 0 0 0 0 1 0 0 0 0 0 0 0 0 0 0 0 0 0 0 0 0 0 0 0 0 0 0 0 0 0 0 0 0 0 0 0 0 0 0 0 0 0 0 0 0 0 0 0 0 0 0 0 0 0 0 0 0 0 0 0 0 0 0 0 0 0 0 0 0 0 0 0 0 0 0 0 0 0 0 0]
[1613904556351888179675430399624884589282878031519325351983175302857810628553218739467783110714698183055882653229545496257739403051612827092044155794121468349363497013914158215020144449291561648375778652443753578890671812054223442037830444886931945880646099056895168069266859895686972856953466660495974583529997228935 0 0 0 0 0 0 0 0 0 0 0 0 0 0 0 0 0 0 0 0 0 0 0 0 0 0 0 0 0 1 0 0 0 0 0 0 0 0 0 0 0 0 0 0 0 0 0 0 0 0 0 0 0 0 0 0 0 0 0 0 0 0 0 0 0 0 0 0 0 0 0 0 0 0 0 0 0 0 0 0 0 0 0 0 0 0 0 0 0 0 0 0 0 0 0 0 0 0 0 0 0 0 0 0]
[9317698226502780186288232929944755768418156724167266328071014288831917707878800282473089068238049842830454020125778725373192611727241676496128772045125791847345321540585926843465217587028015250218605290836186878766081856474045456972675745199529548658382451777306962130523218799377513973408700778421052749776412071390 0 0 0 0 0 0 0 0 0 0 0 0 0 0 0 0 0 0 0 0 0 0 0 0 0 0 0 0 0 0 1 0 0 0 0 0 0 0 0 0 0 0 0 0 0 0 0 0 0 0 0 0 0 0 0 0 0 0 0 0 0 0 0 0 0 0 0 0 0 0 0 0 0 0 0 0 0 0 0 0 0 0 0 0 0 0 0 0 0 0 0 0 0 0 0 0 0 0 0 0 0 0 0 0]
[6469676447542057572525481042343179835538390979264169480446488279167904189650878333170785113357433433174579456066906371909464678908793568993645491315277829903063396922097262649548891255091591875957754322731264985990027410023971069289142392910089410479146905160284288355181665854019802393207036555561192827889929426064 0 0 0 0 0 0 0 0 0 0 0 0 0 0 0 0 0 0 0 0 0 0 0 0 0 0 0 0 0 0 0 1 0 0 0 0 0 0 0 0 0 0 0 0 0 0 0 0 0 0 0 0 0 0 0 0 0 0 0 0 0 0 0 0 0 0 0 0 0 0 0 0 0 0 0 0 0 0 0 0 0 0 0 0 0 0 0 0 0 0 0 0 0 0 0 0 0 0 0 0 0 0 0 0]
[7988285512600795699717307510876684928047737926333822706956206419963101693377767682686120620139645452686485045281654467796509492081009513459691514628540976815393308105421860716270942209737959679557030036411291845804529935778322962758995168037860473802118669505392155677685241375576663280761883605098012713684387160292 0 0 0 0 0 0 0 0 0 0 0 0 0 0 0 0 0 0 0 0 0 0 0 0 0 0 0 0 0 0 0 0 1 0 0 0 0 0 0 0 0 0 0 0 0 0 0 0 0 0 0 0 0 0 0 0 0 0 0 0 0 0 0 0 0 0 0 0 0 0 0 0 0 0 0 0 0 0 0 0 0 0 0 0 0 0 0 0 0 0 0 0 0 0 0 0 0 0 0 0 0 0 0 0]
[8577067553782123191046311901489565807158062619364626830236766451002900518642755724005848692640155337281949678381910569153939844749031015553120435498282708727267914515956811800450106885081307263984612261075157897965862705064257796615702378589404949355469047086364434429255873115075015837397238319689563516923337615346 0 0 0 0 0 0 0 0 0 0 0 0 0 0 0 0 0 0 0 0 0 0 0 0 0 0 0 0 0 0 0 0 0 1 0 0 0 0 0 0 0 0 0 0 0 0 0 0 0 0 0 0 0 0 0 0 0 0 0 0 0 0 0 0 0 0 0 0 0 0 0 0 0 0 0 0 0 0 0 0 0 0 0 0 0 0 0 0 0 0 0 0 0 0 0 0 0 0 0 0 0 0 0 0]
[7231209773971490484730910887842742304335147254650161482464035858177451666618594223254698355522002012228135191457056377253024697740598800877078686356723133820983086527723152958836987342553928312391990494406919622959323982981097801308619882986067468576622154763798432859959085130496547198492219059181701034145469692926 0 0 0 0 0 0 0 0 0 0 0 0 0 0 0 0 0 0 0 0 0 0 0 0 0 0 0 0 0 0 0 0 0 0 1 0 0 0 0 0 0 0 0 0 0 0 0 0 0 0 0 0 0 0 0 0 0 0 0 0 0 0 0 0 0 0 0 0 0 0 0 0 0 0 0 0 0 0 0 0 0 0 0 0 0 0 0 0 0 0 0 0 0 0 0 0 0 0 0 0 0 0 0 0]
[10406182184936170917446647759353368142027294781290223950610737870653036660885373579316681054643613540278512209090446669020476200297674336144575686665481526699076257969292397377937079011735959520511868515232372451756917557824387930786031379169260859181428922766409766483192930214534028841273381761469402761953091354759 0 0 0 0 0 0 0 0 0 0 0 0 0 0 0 0 0 0 0 0 0 0 0 0 0 0 0 0 0 0 0 0 0 0 0 1 0 0 0 0 0 0 0 0 0 0 0 0 0 0 0 0 0 0 0 0 0 0 0 0 0 0 0 0 0 0 0 0 0 0 0 0 0 0 0 0 0 0 0 0 0 0 0 0 0 0 0 0 0 0 0 0 0 0 0 0 0 0 0 0 0 0 0 0]
[7477561098164849889523123475880565968055401985079257305569139264923452420230255950915322091988383048554662399529247773818931351880617862036399852385638324450225749102221935535364749198761064632257607504968240315739796041964601860151262200386763938920233567460384008002330551414774953607026559106343630057692720541627 0 0 0 0 0 0 0 0 0 0 0 0 0 0 0 0 0 0 0 0 0 0 0 0 0 0 0 0 0 0 0 0 0 0 0 0 1 0 0 0 0 0 0 0 0 0 0 0 0 0 0 0 0 0 0 0 0 0 0 0 0 0 0 0 0 0 0 0 0 0 0 0 0 0 0 0 0 0 0 0 0 0 0 0 0 0 0 0 0 0 0 0 0 0 0 0 0 0 0 0 0 0 0 0]
[3246086007844812635209166357056699219966801025911408279444077798939344621925430318359885642613803123485632624472079562559121136255451757527664215397754852974668993284027735163614583978159178902041147236597081050101512316263026225301688605296218782208618738327665220475634796461109007042383769748133240240984933898501 0 0 0 0 0 0 0 0 0 0 0 0 0 0 0 0 0 0 0 0 0 0 0 0 0 0 0 0 0 0 0 0 0 0 0 0 0 1 0 0 0 0 0 0 0 0 0 0 0 0 0 0 0 0 0 0 0 0 0 0 0 0 0 0 0 0 0 0 0 0 0 0 0 0 0 0 0 0 0 0 0 0 0 0 0 0 0 0 0 0 0 0 0 0 0 0 0 0 0 0 0 0 0 0]
[4130025310067737545062087315141731418401651150597800274752762317752624148717932553836409903102995995677114133522717464068619266505081388848256170104731335710970293620503957006203326474677264435629201106719846451552676628524515203792595929423981249850951217125831646184195319679359571702382076286525690062497139324611 0 0 0 0 0 0 0 0 0 0 0 0 0 0 0 0 0 0 0 0 0 0 0 0 0 0 0 0 0 0 0 0 0 0 0 0 0 0 1 0 0 0 0 0 0 0 0 0 0 0 0 0 0 0 0 0 0 0 0 0 0 0 0 0 0 0 0 0 0 0 0 0 0 0 0 0 0 0 0 0 0 0 0 0 0 0 0 0 0 0 0 0 0 0 0 0 0 0 0 0 0 0 0 0]
[5053185582684861331050297350172408798026424746539171038418658658466024648089833788862521130223577682462316462226380736816837433208533822286364878645021099457431803745753737763277869359312809945930934781584832224358948737683437984296024364187201667843309139847497029752576140731816990437921026938733758367750422599742 0 0 0 0 0 0 0 0 0 0 0 0 0 0 0 0 0 0 0 0 0 0 0 0 0 0 0 0 0 0 0 0 0 0 0 0 0 0 0 1 0 0 0 0 0 0 0 0 0 0 0 0 0 0 0 0 0 0 0 0 0 0 0 0 0 0 0 0 0 0 0 0 0 0 0 0 0 0 0 0 0 0 0 0 0 0 0 0 0 0 0 0 0 0 0 0 0 0 0 0 0 0 0 0]
[139084010672626982008681918856430016423194024397780608202669134810450390356537164923714116599559977379903207811346887176918183202145618931182636651028703822952333454240323416614421182343262695498925350599272208269568664529436430206409250678786382652057094172971232619653222832037800202916006422664728339875327892721 0 0 0 0 0 0 0 0 0 0 0 0 0 0 0 0 0 0 0 0 0 0 0 0 0 0 0 0 0 0 0 0 0 0 0 0 0 0 0 0 1 0 0 0 0 0 0 0 0 0 0 0 0 0 0 0 0 0 0 0 0 0 0 0 0 0 0 0 0 0 0 0 0 0 0 0 0 0 0 0 0 0 0 0 0 0 0 0 0 0 0 0 0 0 0 0 0 0 0 0 0 0 0 0]
[7006640963334278200466654536407202610391353423918440076417185461546922502182266165750671802040659457551636568882709307855862871428927072277008399283132825748212140531845519166144390692332758066858866868541289930073545096653121153635009045737373318763554271542935278930913550800759650672543815120200676888154932290706 0 0 0 0 0 0 0 0 0 0 0 0 0 0 0 0 0 0 0 0 0 0 0 0 0 0 0 0 0 0 0 0 0 0 0 0 0 0 0 0 0 1 0 0 0 0 0 0 0 0 0 0 0 0 0 0 0 0 0 0 0 0 0 0 0 0 0 0 0 0 0 0 0 0 0 0 0 0 0 0 0 0 0 0 0 0 0 0 0 0 0 0 0 0 0 0 0 0 0 0 0 0 0 0]
[9555695239891251744440479986376613843912213543684255560548226921090641679864310809824598207067707886958075742431555330482337600721680596611456216354452403791068565217104410567275498182198252922989064464882509780498239249693079581125677872581101767354416145883382619771506981293544630161086715568197273795909627195448 0 0 0 0 0 0 0 0 0 0 0 0 0 0 0 0 0 0 0 0 0 0 0 0 0 0 0 0 0 0 0 0 0 0 0 0 0 0 0 0 0 0 1 0 0 0 0 0 0 0 0 0 0 0 0 0 0 0 0 0 0 0 0 0 0 0 0 0 0 0 0 0 0 0 0 0 0 0 0 0 0 0 0 0 0 0 0 0 0 0 0 0 0 0 0 0 0 0 0 0 0 0 0 0]
[8235889804275333731124246147738346254191570262897008810685798336166818912200542801959692655269173738546355942518883775494383498653936394116058041465005855268796244134409801004626573717247952154324496851373132214501927079744580214210256008012869152292335071971278826447033947046906979890032050565855849407046453575587 0 0 0 0 0 0 0 0 0 0 0 0 0 0 0 0 0 0 0 0 0 0 0 0 0 0 0 0 0 0 0 0 0 0 0 0 0 0 0 0 0 0 0 1 0 0 0 0 0 0 0 0 0 0 0 0 0 0 0 0 0 0 0 0 0 0 0 0 0 0 0 0 0 0 0 0 0 0 0 0 0 0 0 0 0 0 0 0 0 0 0 0 0 0 0 0 0 0 0 0 0 0 0 0]
[1364563948483729567325020443289569179160688596115080087090752184432272031624315648533504466684165061310085202678869460713290181542782175727759734286284311690287999868954316826229272694842874912931069794087205911778124529653563786082827153434552621817907979483064560075187694493527143173322909573259807905391252015265 0 0 0 0 0 0 0 0 0 0 0 0 0 0 0 0 0 0 0 0 0 0 0 0 0 0 0 0 0 0 0 0 0 0 0 0 0 0 0 0 0 0 0 0 1 0 0 0 0 0 0 0 0 0 0 0 0 0 0 0 0 0 0 0 0 0 0 0 0 0 0 0 0 0 0 0 0 0 0 0 0 0 0 0 0 0 0 0 0 0 0 0 0 0 0 0 0 0 0 0 0 0 0 0]
[3289247276659619994285016179767358353924014886182006937582510074638111115178348749415629735091484777638046230884998539339371871945742097738866275495246459228170655564780987591703552197602005765666995025342045594835132329920718670877986804707017633665836791602856559189236454362848859731817590453358234939782855032959 0 0 0 0 0 0 0 0 0 0 0 0 0 0 0 0 0 0 0 0 0 0 0 0 0 0 0 0 0 0 0 0 0 0 0 0 0 0 0 0 0 0 0 0 0 1 0 0 0 0 0 0 0 0 0 0 0 0 0 0 0 0 0 0 0 0 0 0 0 0 0 0 0 0 0 0 0 0 0 0 0 0 0 0 0 0 0 0 0 0 0 0 0 0 0 0 0 0 0 0 0 0 0 0]
[4497577775126005855981135250147608989380700148755661133855552231941194744140158778846990456169648197874989832027639775581137612179333722350707035478428777778757535274242880764510572261491108960646289494396945097068189804355041498507153561712874802509169591198424215432982704007192570412158207434480290929244123615641 0 0 0 0 0 0 0 0 0 0 0 0 0 0 0 0 0 0 0 0 0 0 0 0 0 0 0 0 0 0 0 0 0 0 0 0 0 0 0 0 0 0 0 0 0 0 1 0 0 0 0 0 0 0 0 0 0 0 0 0 0 0 0 0 0 0 0 0 0 0 0 0 0 0 0 0 0 0 0 0 0 0 0 0 0 0 0 0 0 0 0 0 0 0 0 0 0 0 0 0 0 0 0 0]
[4812382231401848987957922443726162155827048526485144513531533380957991830350878093799408948501459995067654559517119071107849304695571314463563842169268280129840122789735379087209659754874428713983839880895007287156412032635719783537871947102291685822584280973447582962205020440580986970331850733106133710710945766123 0 0 0 0 0 0 0 0 0 0 0 0 0 0 0 0 0 0 0 0 0 0 0 0 0 0 0 0 0 0 0 0 0 0 0 0 0 0 0 0 0 0 0 0 0 0 0 1 0 0 0 0 0 0 0 0 0 0 0 0 0 0 0 0 0 0 0 0 0 0 0 0 0 0 0 0 0 0 0 0 0 0 0 0 0 0 0 0 0 0 0 0 0 0 0 0 0 0 0 0 0 0 0 0]
[5875498570503961943885672642687403973352536244396691998333871599915407672906021626885695544492449365156711221553987345459949108891542426371900315737864330978060768538481663176211180537558668241795584722221202998498297822380219263507325658462145874261364358130048449240815430392445193904997520808083007093279973806946 0 0 0 0 0 0 0 0 0 0 0 0 0 0 0 0 0 0 0 0 0 0 0 0 0 0 0 0 0 0 0 0 0 0 0 0 0 0 0 0 0 0 0 0 0 0 0 0 1 0 0 0 0 0 0 0 0 0 0 0 0 0 0 0 0 0 0 0 0 0 0 0 0 0 0 0 0 0 0 0 0 0 0 0 0 0 0 0 0 0 0 0 0 0 0 0 0 0 0 0 0 0 0 0]
[922161622463637117173686108944549078437167855562798727556749996734116943646097664979872363576056524127396875929341395360163004519060110435154846561501883466067461580388675587268180102779685932390827431046448803657409773405187724589660056465293713575860326671231988581053591079565630878516955673669324577795096239672 0 0 0 0 0 0 0 0 0 0 0 0 0 0 0 0 0 0 0 0 0 0 0 0 0 0 0 0 0 0 0 0 0 0 0 0 0 0 0 0 0 0 0 0 0 0 0 0 0 1 0 0 0 0 0 0 0 0 0 0 0 0 0 0 0 0 0 0 0 0 0 0 0 0 0 0 0 0 0 0 0 0 0 0 0 0 0 0 0 0 0 0 0 0 0 0 0 0 0 0 0 0 0 0]
[2138082605377438457791500681427231455865732177553023422039259753729952423961462831096639072923280493695847032549550299933525853845721848166389899098088426774061618270799046259109099357463628378107385691827336882065068185536448788897614072534276689766281877705819944617071374182754084686683690495031961287731128499457 0 0 0 0 0 0 0 0 0 0 0 0 0 0 0 0 0 0 0 0 0 0 0 0 0 0 0 0 0 0 0 0 0 0 0 0 0 0 0 0 0 0 0 0 0 0 0 0 0 0 1 0 0 0 0 0 0 0 0 0 0 0 0 0 0 0 0 0 0 0 0 0 0 0 0 0 0 0 0 0 0 0 0 0 0 0 0 0 0 0 0 0 0 0 0 0 0 0 0 0 0 0 0 0]
[6171290792574370165704524646018530118766670949886662146125919459306349141495015851553819178957107562416097963168453011903487899525980564080786417144242141962652220568562600520505996704785743339726217864538642272837159918130512374041969262612919711825487305405158068782900719615054320367063104351966749087399471128029 0 0 0 0 0 0 0 0 0 0 0 0 0 0 0 0 0 0 0 0 0 0 0 0 0 0 0 0 0 0 0 0 0 0 0 0 0 0 0 0 0 0 0 0 0 0 0 0 0 0 0 1 0 0 0 0 0 0 0 0 0 0 0 0 0 0 0 0 0 0 0 0 0 0 0 0 0 0 0 0 0 0 0 0 0 0 0 0 0 0 0 0 0 0 0 0 0 0 0 0 0 0 0 0]
[2375552309911911475202835659409263135062889303446428592178625149470372701906522925253019464998583708675256400463339311180581222686459371137057307675785903979752012368396710071369344835667116184474405697345590022506923483793797696537031575183254983476833946339007071570958341897146248212596561104121062586058638902162 0 0 0 0 0 0 0 0 0 0 0 0 0 0 0 0 0 0 0 0 0 0 0 0 0 0 0 0 0 0 0 0 0 0 0 0 0 0 0 0 0 0 0 0 0 0 0 0 0 0 0 0 1 0 0 0 0 0 0 0 0 0 0 0 0 0 0 0 0 0 0 0 0 0 0 0 0 0 0 0 0 0 0 0 0 0 0 0 0 0 0 0 0 0 0 0 0 0 0 0 0 0 0 0]
[3429759056211073524395799346408915522691021002029777120080823851332216654188411183081861780422115656353845250496881742305651849009693908708538201420215654772239219796722916573654895055888328717019952712102092356715080507256720782329486696176099801547696384214054265085429292776427771987105115915348321476587878193669 0 0 0 0 0 0 0 0 0 0 0 0 0 0 0 0 0 0 0 0 0 0 0 0 0 0 0 0 0 0 0 0 0 0 0 0 0 0 0 0 0 0 0 0 0 0 0 0 0 0 0 0 0 1 0 0 0 0 0 0 0 0 0 0 0 0 0 0 0 0 0 0 0 0 0 0 0 0 0 0 0 0 0 0 0 0 0 0 0 0 0 0 0 0 0 0 0 0 0 0 0 0 0 0]
[8073898027075418267581196338149334701699071116431360974498431060287255731854840245130363626261739148097901204272627478071842689683893773603862674367568806596408776930280539988371905978907505415758283649534443524815593459387222779965445778101652323151945899790955110714205132227954535303575579118445671756750930475817 0 0 0 0 0 0 0 0 0 0 0 0 0 0 0 0 0 0 0 0 0 0 0 0 0 0 0 0 0 0 0 0 0 0 0 0 0 0 0 0 0 0 0 0 0 0 0 0 0 0 0 0 0 0 1 0 0 0 0 0 0 0 0 0 0 0 0 0 0 0 0 0 0 0 0 0 0 0 0 0 0 0 0 0 0 0 0 0 0 0 0 0 0 0 0 0 0 0 0 0 0 0 0 0]
[4791252043659889345517046174152431704125431477326548860251912506819971925041441153744663436226459174584005751330694131473115945403903210815902432179184872801281544117590068557469460460098226980710533809463236694110443518450130376637762034147980963325088220504631141923057145657633525839599671230342751486992675833414 0 0 0 0 0 0 0 0 0 0 0 0 0 0 0 0 0 0 0 0 0 0 0 0 0 0 0 0 0 0 0 0 0 0 0 0 0 0 0 0 0 0 0 0 0 0 0 0 0 0 0 0 0 0 0 1 0 0 0 0 0 0 0 0 0 0 0 0 0 0 0 0 0 0 0 0 0 0 0 0 0 0 0 0 0 0 0 0 0 0 0 0 0 0 0 0 0 0 0 0 0 0 0 0]
[10394187751948210893489637773396145239344273186473788329177914883501661193783259962419094607314245034665563214828329914329881418002576188103540345570316605126048519886286187672345628227316629598230373001041460319498456975092908377366981732437015182302800342018363425884854896520182578469958220314546669385909758972302 0 0 0 0 0 0 0 0 0 0 0 0 0 0 0 0 0 0 0 0 0 0 0 0 0 0 0 0 0 0 0 0 0 0 0 0 0 0 0 0 0 0 0 0 0 0 0 0 0 0 0 0 0 0 0 0 1 0 0 0 0 0 0 0 0 0 0 0 0 0 0 0 0 0 0 0 0 0 0 0 0 0 0 0 0 0 0 0 0 0 0 0 0 0 0 0 0 0 0 0 0 0 0 0]
[3033238790010045180847461832783175191506333767310074249239816333041072163333999694363395074012410525714309165121870747036033525073007299408440292272256994920811152562588517995190510114223778243576218736225941577855649828345897717694369159624015214366140863798890777435761731143707302894530639194105863546648342505047 0 0 0 0 0 0 0 0 0 0 0 0 0 0 0 0 0 0 0 0 0 0 0 0 0 0 0 0 0 0 0 0 0 0 0 0 0 0 0 0 0 0 0 0 0 0 0 0 0 0 0 0 0 0 0 0 0 1 0 0 0 0 0 0 0 0 0 0 0 0 0 0 0 0 0 0 0 0 0 0 0 0 0 0 0 0 0 0 0 0 0 0 0 0 0 0 0 0 0 0 0 0 0 0]
[2384640171119625232274429602409683094603603862351511448064777289250333658449204679168024318151296276967164380347549175583587857634305997754095126611784419370576506730428310831087984822818493755933725172297038162826763019910258599546787613005509021893923146826382499529945358061994994508450704019633024487573227612889 0 0 0 0 0 0 0 0 0 0 0 0 0 0 0 0 0 0 0 0 0 0 0 0 0 0 0 0 0 0 0 0 0 0 0 0 0 0 0 0 0 0 0 0 0 0 0 0 0 0 0 0 0 0 0 0 0 0 1 0 0 0 0 0 0 0 0 0 0 0 0 0 0 0 0 0 0 0 0 0 0 0 0 0 0 0 0 0 0 0 0 0 0 0 0 0 0 0 0 0 0 0 0 0]
[9258644438035472553673373886022923584623745351460039755433416284764225580425724977838732082553510120839260374661082934406447780169685684897479543080068043757649315064500817388321895918177831195519669433775502909810178511692329071689150688043738596886234858022588990341907919770582478895728500107829243495645281824876 0 0 0 0 0 0 0 0 0 0 0 0 0 0 0 0 0 0 0 0 0 0 0 0 0 0 0 0 0 0 0 0 0 0 0 0 0 0 0 0 0 0 0 0 0 0 0 0 0 0 0 0 0 0 0 0 0 0 0 1 0 0 0 0 0 0 0 0 0 0 0 0 0 0 0 0 0 0 0 0 0 0 0 0 0 0 0 0 0 0 0 0 0 0 0 0 0 0 0 0 0 0 0 0]
[6317117104921404805568248267494832258083448345906555777092422277254286302957426625407350323138109895800346773754202560000019181530315976106265607666885478321173743295653774243737056442880545839604872395547704288734973376706370903107245801930220459662032133662368657429860500508711936361018076715033724710419235357222 0 0 0 0 0 0 0 0 0 0 0 0 0 0 0 0 0 0 0 0 0 0 0 0 0 0 0 0 0 0 0 0 0 0 0 0 0 0 0 0 0 0 0 0 0 0 0 0 0 0 0 0 0 0 0 0 0 0 0 0 1 0 0 0 0 0 0 0 0 0 0 0 0 0 0 0 0 0 0 0 0 0 0 0 0 0 0 0 0 0 0 0 0 0 0 0 0 0 0 0 0 0 0 0]
[685881341442999239385078982420305599758125662464002731125376880197157968247036702395455213665737271800406414051227260096585881815026561099697730571190819007350288590156011826294576175533240990818664831606409689971717593053897834349447840784453283402861810302057591667373004543278661708972573411856560271402026061397 0 0 0 0 0 0 0 0 0 0 0 0 0 0 0 0 0 0 0 0 0 0 0 0 0 0 0 0 0 0 0 0 0 0 0 0 0 0 0 0 0 0 0 0 0 0 0 0 0 0 0 0 0 0 0 0 0 0 0 0 0 1 0 0 0 0 0 0 0 0 0 0 0 0 0 0 0 0 0 0 0 0 0 0 0 0 0 0 0 0 0 0 0 0 0 0 0 0 0 0 0 0 0 0]
[244523478015724187442567380834599554908035051041542441510314410482175861088672410741703300782477510237193124493685665733849094430176687754572296341835266948364452320693004750878881087058069008355292918366819756232851719856234928836293367104060252734946119404752256141817211410224508449451428602801422580249611220870 0 0 0 0 0 0 0 0 0 0 0 0 0 0 0 0 0 0 0 0 0 0 0 0 0 0 0 0 0 0 0 0 0 0 0 0 0 0 0 0 0 0 0 0 0 0 0 0 0 0 0 0 0 0 0 0 0 0 0 0 0 0 1 0 0 0 0 0 0 0 0 0 0 0 0 0 0 0 0 0 0 0 0 0 0 0 0 0 0 0 0 0 0 0 0 0 0 0 0 0 0 0 0 0]
[8640328074376164493257125545131441135494965503280651960075595859814709094616983504935707762108529054271697106976220425102012303425131585560116307939820356125906780457919609367293959285133349616893308710192978954033376961958866121076687603404661729981922724592056893702599277017446831455853791970862007426985281390497 0 0 0 0 0 0 0 0 0 0 0 0 0 0 0 0 0 0 0 0 0 0 0 0 0 0 0 0 0 0 0 0 0 0 0 0 0 0 0 0 0 0 0 0 0 0 0 0 0 0 0 0 0 0 0 0 0 0 0 0 0 0 0 1 0 0 0 0 0 0 0 0 0 0 0 0 0 0 0 0 0 0 0 0 0 0 0 0 0 0 0 0 0 0 0 0 0 0 0 0 0 0 0 0]
[2502039387575025673350862525008202312078219877919216680109570652738378237658385976075285663086952261870473351375615241154368319961210269296684021279666832668734527687728769352211736932895480144950472848420221958956104244281456785862087124612578971416485731694714337021307326776271458834944789997780565967618656432003 0 0 0 0 0 0 0 0 0 0 0 0 0 0 0 0 0 0 0 0 0 0 0 0 0 0 0 0 0 0 0 0 0 0 0 0 0 0 0 0 0 0 0 0 0 0 0 0 0 0 0 0 0 0 0 0 0 0 0 0 0 0 0 0 1 0 0 0 0 0 0 0 0 0 0 0 0 0 0 0 0 0 0 0 0 0 0 0 0 0 0 0 0 0 0 0 0 0 0 0 0 0 0 0]
[9169424448960638853076026842563254527536861793633005933009327477382566491059718584576508544239456103622801184108284727097469620634185777239392461972255708773211628461872096084654344088662628108379542557439335005201464913716691919505437951860394969137346218539454235276502966118680289512771612051537916675041447859888 0 0 0 0 0 0 0 0 0 0 0 0 0 0 0 0 0 0 0 0 0 0 0 0 0 0 0 0 0 0 0 0 0 0 0 0 0 0 0 0 0 0 0 0 0 0 0 0 0 0 0 0 0 0 0 0 0 0 0 0 0 0 0 0 0 1 0 0 0 0 0 0 0 0 0 0 0 0 0 0 0 0 0 0 0 0 0 0 0 0 0 0 0 0 0 0 0 0 0 0 0 0 0 0]
[9800321055195360929411843706433269635222540438183275839402087480125293260374784713383031130938779513197627236256487025808429949824508782947874325659172914575691144815909750302591745478605290571004460556107650875704527912752160337033290468322443610974704558301413416609838075583305486353364686994592874684548888008169 0 0 0 0 0 0 0 0 0 0 0 0 0 0 0 0 0 0 0 0 0 0 0 0 0 0 0 0 0 0 0 0 0 0 0 0 0 0 0 0 0 0 0 0 0 0 0 0 0 0 0 0 0 0 0 0 0 0 0 0 0 0 0 0 0 0 1 0 0 0 0 0 0 0 0 0 0 0 0 0 0 0 0 0 0 0 0 0 0 0 0 0 0 0 0 0 0 0 0 0 0 0 0 0]
[1248390097559723223898527883299636460425656539798094172670420923380092807671008034496201415501016260742768859303097699321284204956997711823236064710179245843846754011452310252719168157254880674511156183065332069408376123845746068952411020891361220565758295915383314195348154556467646599825345906021706971116766608008 0 0 0 0 0 0 0 0 0 0 0 0 0 0 0 0 0 0 0 0 0 0 0 0 0 0 0 0 0 0 0 0 0 0 0 0 0 0 0 0 0 0 0 0 0 0 0 0 0 0 0 0 0 0 0 0 0 0 0 0 0 0 0 0 0 0 0 1 0 0 0 0 0 0 0 0 0 0 0 0 0 0 0 0 0 0 0 0 0 0 0 0 0 0 0 0 0 0 0 0 0 0 0 0]
[8297586267794498022174518135019442893296195168879395718616086330635181611390359204966376412093355303281903258427345735717692211004383220161718388360905711384559010461904637217983527230410332449529751190877082735791168255713153173012090901266347955228793194425373296075297685816426374038148646700528568170484997370801 0 0 0 0 0 0 0 0 0 0 0 0 0 0 0 0 0 0 0 0 0 0 0 0 0 0 0 0 0 0 0 0 0 0 0 0 0 0 0 0 0 0 0 0 0 0 0 0 0 0 0 0 0 0 0 0 0 0 0 0 0 0 0 0 0 0 0 0 1 0 0 0 0 0 0 0 0 0 0 0 0 0 0 0 0 0 0 0 0 0 0 0 0 0 0 0 0 0 0 0 0 0 0 0]
[9406498201821993204555870100200619368862643301365877118432420400560868023312747435450341733102499161808310860366680517080797093754061570802049172321905526945376603591947719888882258681343829143361097761250258704070676121684780466986894773245947157894025346825636253378999921444190097568041307288222307995364355216469 0 0 0 0 0 0 0 0 0 0 0 0 0 0 0 0 0 0 0 0 0 0 0 0 0 0 0 0 0 0 0 0 0 0 0 0 0 0 0 0 0 0 0 0 0 0 0 0 0 0 0 0 0 0 0 0 0 0 0 0 0 0 0 0 0 0 0 0 0 1 0 0 0 0 0 0 0 0 0 0 0 0 0 0 0 0 0 0 0 0 0 0 0 0 0 0 0 0 0 0 0 0 0 0]
[7318090708804486893230912765093093291872826646868957942567776320989572409067477104807279601730108490057147898377668212704333114074472195360133946283802877414445686856369389177840929112644000405200090320324323737058605299839254044349408189856289709157789163741496294941801530222870548219715257250693928506221068256094 0 0 0 0 0 0 0 0 0 0 0 0 0 0 0 0 0 0 0 0 0 0 0 0 0 0 0 0 0 0 0 0 0 0 0 0 0 0 0 0 0 0 0 0 0 0 0 0 0 0 0 0 0 0 0 0 0 0 0 0 0 0 0 0 0 0 0 0 0 0 1 0 0 0 0 0 0 0 0 0 0 0 0 0 0 0 0 0 0 0 0 0 0 0 0 0 0 0 0 0 0 0 0 0]
[986974792729226170619404404685241881351098644531724879253624676328708732587253739039486213361762264221941854326612642833131261726217233126888339674809160540474712244077075756498068584256987764709873594051898952635265508711031550339243017382189750149347696443203869374552934960563038697657521311957180116826212791562 0 0 0 0 0 0 0 0 0 0 0 0 0 0 0 0 0 0 0 0 0 0 0 0 0 0 0 0 0 0 0 0 0 0 0 0 0 0 0 0 0 0 0 0 0 0 0 0 0 0 0 0 0 0 0 0 0 0 0 0 0 0 0 0 0 0 0 0 0 0 0 1 0 0 0 0 0 0 0 0 0 0 0 0 0 0 0 0 0 0 0 0 0 0 0 0 0 0 0 0 0 0 0 0]
[1635304634278489108067062471815152901616608432975895489685511886519154093804913120787888059359845455504100231768663218362860352448277752262517127578071296949389443283484824851885846061000821795811538060158527488681296649156158721315395092461595007822557746183279838526934985112103253421745658242461183827083106626464 0 0 0 0 0 0 0 0 0 0 0 0 0 0 0 0 0 0 0 0 0 0 0 0 0 0 0 0 0 0 0 0 0 0 0 0 0 0 0 0 0 0 0 0 0 0 0 0 0 0 0 0 0 0 0 0 0 0 0 0 0 0 0 0 0 0 0 0 0 0 0 0 1 0 0 0 0 0 0 0 0 0 0 0 0 0 0 0 0 0 0 0 0 0 0 0 0 0 0 0 0 0 0 0]
[7479603243436713229158235135901426105287132043263933293878444213094207166233644206046971037737355156570074188131047751848277187498701693645923454591300344816082505679474964466690029916377481422789916456458516972962281892752369989261899797107418610017681737667487001701940226499827984632329570738196023328277984548005 0 0 0 0 0 0 0 0 0 0 0 0 0 0 0 0 0 0 0 0 0 0 0 0 0 0 0 0 0 0 0 0 0 0 0 0 0 0 0 0 0 0 0 0 0 0 0 0 0 0 0 0 0 0 0 0 0 0 0 0 0 0 0 0 0 0 0 0 0 0 0 0 0 1 0 0 0 0 0 0 0 0 0 0 0 0 0 0 0 0 0 0 0 0 0 0 0 0 0 0 0 0 0 0]
[6428448609741598018982219346113780378003072433753095463243930915171900445272360164229929295773579114154577615647976615916831497312646075042216307466415350632547600880883899197231202519848336815292770093774346447599731876586796019344435613521050475950331910226409061966961332954883823855595945182464480248489583570281 0 0 0 0 0 0 0 0 0 0 0 0 0 0 0 0 0 0 0 0 0 0 0 0 0 0 0 0 0 0 0 0 0 0 0 0 0 0 0 0 0 0 0 0 0 0 0 0 0 0 0 0 0 0 0 0 0 0 0 0 0 0 0 0 0 0 0 0 0 0 0 0 0 0 1 0 0 0 0 0 0 0 0 0 0 0 0 0 0 0 0 0 0 0 0 0 0 0 0 0 0 0 0 0]
[2671988384073623740192265371825646228554901235354964728195096348713058438167151291141387426849744391793076180723103058929019619558000771371497555992105467140456969421263685192236263927925484369589970395800883234809622319108403311425086819948631691449251115600036905594020494074813255149709352093282861174392812175511 0 0 0 0 0 0 0 0 0 0 0 0 0 0 0 0 0 0 0 0 0 0 0 0 0 0 0 0 0 0 0 0 0 0 0 0 0 0 0 0 0 0 0 0 0 0 0 0 0 0 0 0 0 0 0 0 0 0 0 0 0 0 0 0 0 0 0 0 0 0 0 0 0 0 0 1 0 0 0 0 0 0 0 0 0 0 0 0 0 0 0 0 0 0 0 0 0 0 0 0 0 0 0 0]
[3477264579124211122903014599542021999447416096652479246174238521744534770358439517482255743284942587437818919001753566435134026996890831746481032878008359374545808532131742272994124723650643573633670930106198018036514251369798240847250472966870226856255759814266048722652988441551504875421285783086961546840152840356 0 0 0 0 0 0 0 0 0 0 0 0 0 0 0 0 0 0 0 0 0 0 0 0 0 0 0 0 0 0 0 0 0 0 0 0 0 0 0 0 0 0 0 0 0 0 0 0 0 0 0 0 0 0 0 0 0 0 0 0 0 0 0 0 0 0 0 0 0 0 0 0 0 0 0 0 1 0 0 0 0 0 0 0 0 0 0 0 0 0 0 0 0 0 0 0 0 0 0 0 0 0 0 0]
[3591084600058075060380914638522000936842813728713195841293966353804777848343472161105289044976822765549211323039461288112148266309718395006111209700640349140666991903571041906131137002030523673293569699266323555519207813183387128087151292217195981940713194605725958947694236771294564224939785862912052019209352380631 0 0 0 0 0 0 0 0 0 0 0 0 0 0 0 0 0 0 0 0 0 0 0 0 0 0 0 0 0 0 0 0 0 0 0 0 0 0 0 0 0 0 0 0 0 0 0 0 0 0 0 0 0 0 0 0 0 0 0 0 0 0 0 0 0 0 0 0 0 0 0 0 0 0 0 0 0 1 0 0 0 0 0 0 0 0 0 0 0 0 0 0 0 0 0 0 0 0 0 0 0 0 0 0]
[1265220548352148288703063812404868345751311349556098149431488525516596958385255335158646020642072639761371029397597918291664773837304849061075312043561548952580527816227501843412167116242541671006393823902130929284888657921628156371916075306809198165720408878731584815685236949779612990624914477987154056393381707164 0 0 0 0 0 0 0 0 0 0 0 0 0 0 0 0 0 0 0 0 0 0 0 0 0 0 0 0 0 0 0 0 0 0 0 0 0 0 0 0 0 0 0 0 0 0 0 0 0 0 0 0 0 0 0 0 0 0 0 0 0 0 0 0 0 0 0 0 0 0 0 0 0 0 0 0 0 0 1 0 0 0 0 0 0 0 0 0 0 0 0 0 0 0 0 0 0 0 0 0 0 0 0 0]
[1158908983077015365427114264537081180662941970538246330166994702541537627527187672542357267322556784553827390803532840563639949631069421159391163857900672909248701018006915012134014603575359426573151979546306694730494527327979574019738151239523610624167615239440023473771866342029228838280611982065453372204405498635 0 0 0 0 0 0 0 0 0 0 0 0 0 0 0 0 0 0 0 0 0 0 0 0 0 0 0 0 0 0 0 0 0 0 0 0 0 0 0 0 0 0 0 0 0 0 0 0 0 0 0 0 0 0 0 0 0 0 0 0 0 0 0 0 0 0 0 0 0 0 0 0 0 0 0 0 0 0 0 1 0 0 0 0 0 0 0 0 0 0 0 0 0 0 0 0 0 0 0 0 0 0 0 0]
[2576139146403072583971145567917008228260554562708422811340254152632491715769662295654777474590807661529630407298774894447484018925683994899271393477181834755309145874409357912437704142638679626990529800035250292033334291744800419517515973843062688237730689216595349066980646264027043283290628341056271333859688341290 0 0 0 0 0 0 0 0 0 0 0 0 0 0 0 0 0 0 0 0 0 0 0 0 0 0 0 0 0 0 0 0 0 0 0 0 0 0 0 0 0 0 0 0 0 0 0 0 0 0 0 0 0 0 0 0 0 0 0 0 0 0 0 0 0 0 0 0 0 0 0 0 0 0 0 0 0 0 0 0 1 0 0 0 0 0 0 0 0 0 0 0 0 0 0 0 0 0 0 0 0 0 0 0]
[5924673269324189972271258092194379822172674115322203902903424192020712943418473660759649036000801333700394216980990137028081277068931472029275394077676465592200205806640500405805717207409233207402902686183489207234209973734988808893403818599162028362223383499269093390107259236079490701818017104036982152103868512125 0 0 0 0 0 0 0 0 0 0 0 0 0 0 0 0 0 0 0 0 0 0 0 0 0 0 0 0 0 0 0 0 0 0 0 0 0 0 0 0 0 0 0 0 0 0 0 0 0 0 0 0 0 0 0 0 0 0 0 0 0 0 0 0 0 0 0 0 0 0 0 0 0 0 0 0 0 0 0 0 0 1 0 0 0 0 0 0 0 0 0 0 0 0 0 0 0 0 0 0 0 0 0 0]
[4760734949748416994511719543441267263354540600442159964771836337229222448498167374046807492984294661645143252854269502616692380554435778027909869070596605225359313197371076847572929912246585243036850907782626542900367689871586300324346566826497025462465924045376404503901663058374868661435517803965254918913508473320 0 0 0 0 0 0 0 0 0 0 0 0 0 0 0 0 0 0 0 0 0 0 0 0 0 0 0 0 0 0 0 0 0 0 0 0 0 0 0 0 0 0 0 0 0 0 0 0 0 0 0 0 0 0 0 0 0 0 0 0 0 0 0 0 0 0 0 0 0 0 0 0 0 0 0 0 0 0 0 0 0 0 1 0 0 0 0 0 0 0 0 0 0 0 0 0 0 0 0 0 0 0 0 0]
[8299099707740848643304227348147676106391047506305823735297201772499012126622711213256299151575977182570890712617224726755903394458389328347621550890369773263828722979569696801752775040785564087385836237947034472860446709617267801552145883378449528474753916424724165487348643913979221250439964342149818706818113725844 0 0 0 0 0 0 0 0 0 0 0 0 0 0 0 0 0 0 0 0 0 0 0 0 0 0 0 0 0 0 0 0 0 0 0 0 0 0 0 0 0 0 0 0 0 0 0 0 0 0 0 0 0 0 0 0 0 0 0 0 0 0 0 0 0 0 0 0 0 0 0 0 0 0 0 0 0 0 0 0 0 0 0 1 0 0 0 0 0 0 0 0 0 0 0 0 0 0 0 0 0 0 0 0]
[4699094878303282480587872784943666506024225392700489422230723402543708811155808105303482269535082074947279685843353973025043236038130009943203359331992010765608427024283216502471082453633764485263051953267342318285542739240745424302879847044278256139644261381085954102937179063740699171601851787344259915955294855325 0 0 0 0 0 0 0 0 0 0 0 0 0 0 0 0 0 0 0 0 0 0 0 0 0 0 0 0 0 0 0 0 0 0 0 0 0 0 0 0 0 0 0 0 0 0 0 0 0 0 0 0 0 0 0 0 0 0 0 0 0 0 0 0 0 0 0 0 0 0 0 0 0 0 0 0 0 0 0 0 0 0 0 0 1 0 0 0 0 0 0 0 0 0 0 0 0 0 0 0 0 0 0 0]
[1534769326138910059515600716393727352259792016408471748497142485883584302129143329226428507794749174972055531932538662636431163232391433475952921175466058035726272178078962694726899110898650587959392363712773626650094954816313354972560575744806941811595859946622851788935974196205983063868019842601014606361615662975 0 0 0 0 0 0 0 0 0 0 0 0 0 0 0 0 0 0 0 0 0 0 0 0 0 0 0 0 0 0 0 0 0 0 0 0 0 0 0 0 0 0 0 0 0 0 0 0 0 0 0 0 0 0 0 0 0 0 0 0 0 0 0 0 0 0 0 0 0 0 0 0 0 0 0 0 0 0 0 0 0 0 0 0 0 1 0 0 0 0 0 0 0 0 0 0 0 0 0 0 0 0 0 0]
[709587876327243320683246243807134697142407516295714040223897817162428308313001795876807028520909009187244046104281772486575762556593642325445356144374032481206556558200737122154266089415196789403367561417151572038067365970005203282876973480434364353143022788454906328584949226449052988459917804394931156116681781902 0 0 0 0 0 0 0 0 0 0 0 0 0 0 0 0 0 0 0 0 0 0 0 0 0 0 0 0 0 0 0 0 0 0 0 0 0 0 0 0 0 0 0 0 0 0 0 0 0 0 0 0 0 0 0 0 0 0 0 0 0 0 0 0 0 0 0 0 0 0 0 0 0 0 0 0 0 0 0 0 0 0 0 0 0 0 1 0 0 0 0 0 0 0 0 0 0 0 0 0 0 0 0 0]
[7712173590343725968382399780359600899153963163460077379442168675358496706366179873022931497989977622226983599595996225579460636286701844277813549448778385389075740353535485011774224952972740997006970116656339803710149283662774772097847102308348011523542488883430970424807007248805685271654013211832893080078031452151 0 0 0 0 0 0 0 0 0 0 0 0 0 0 0 0 0 0 0 0 0 0 0 0 0 0 0 0 0 0 0 0 0 0 0 0 0 0 0 0 0 0 0 0 0 0 0 0 0 0 0 0 0 0 0 0 0 0 0 0 0 0 0 0 0 0 0 0 0 0 0 0 0 0 0 0 0 0 0 0 0 0 0 0 0 0 0 1 0 0 0 0 0 0 0 0 0 0 0 0 0 0 0 0]
[4023787299308917280319976411531861818422443566657448730091316824996643855126124959292512304174851916178953904805476593832294223445744792328799058391981610929842754777714233613051204690443994813326253866118145845859129832063904936773704946477648430761069679821313450587357745439293051577339090576230069755544856799296 0 0 0 0 0 0 0 0 0 0 0 0 0 0 0 0 0 0 0 0 0 0 0 0 0 0 0 0 0 0 0 0 0 0 0 0 0 0 0 0 0 0 0 0 0 0 0 0 0 0 0 0 0 0 0 0 0 0 0 0 0 0 0 0 0 0 0 0 0 0 0 0 0 0 0 0 0 0 0 0 0 0 0 0 0 0 0 0 1 0 0 0 0 0 0 0 0 0 0 0 0 0 0 0]
[7718545089185575136570182637381426770491045189741605518770597903562766488134727765316645555265816101948373439427305780144921635162919946600792300247576356911624779396514671005193186431897738140447194518972345336726205557098925675824059650716529767353107095089128108161048366933497533426652237350358252791794544370833 0 0 0 0 0 0 0 0 0 0 0 0 0 0 0 0 0 0 0 0 0 0 0 0 0 0 0 0 0 0 0 0 0 0 0 0 0 0 0 0 0 0 0 0 0 0 0 0 0 0 0 0 0 0 0 0 0 0 0 0 0 0 0 0 0 0 0 0 0 0 0 0 0 0 0 0 0 0 0 0 0 0 0 0 0 0 0 0 0 1 0 0 0 0 0 0 0 0 0 0 0 0 0 0]
[3526266656975369849458653901703357291336515271827757332437528175772444330463225364645579119637185178259820937288262620830546868395038550742393044098790286044248193065737589694968861739871905281246278308523683139705053868266734924704451140007488730795588891821268647288843811408027727893386708420424816139954227148279 0 0 0 0 0 0 0 0 0 0 0 0 0 0 0 0 0 0 0 0 0 0 0 0 0 0 0 0 0 0 0 0 0 0 0 0 0 0 0 0 0 0 0 0 0 0 0 0 0 0 0 0 0 0 0 0 0 0 0 0 0 0 0 0 0 0 0 0 0 0 0 0 0 0 0 0 0 0 0 0 0 0 0 0 0 0 0 0 0 0 1 0 0 0 0 0 0 0 0 0 0 0 0 0]
[3463535954103198077781790521055810144600352611914096964957305712016613906225761021804063138827177672336393525581018460498453155129017064131329897227962992200943356754782686418587763904153412273734095720528483287978762884080907701952774595166182457415461219615673226661459092214321607579782502374461524950030611529396 0 0 0 0 0 0 0 0 0 0 0 0 0 0 0 0 0 0 0 0 0 0 0 0 0 0 0 0 0 0 0 0 0 0 0 0 0 0 0 0 0 0 0 0 0 0 0 0 0 0 0 0 0 0 0 0 0 0 0 0 0 0 0 0 0 0 0 0 0 0 0 0 0 0 0 0 0 0 0 0 0 0 0 0 0 0 0 0 0 0 0 1 0 0 0 0 0 0 0 0 0 0 0 0]
[1243912488976685553163843814080976518513106840834475815966573262584341168636956334171434384050073659237579282575337931997164548358139479210813354504354543777078970474958987173024803381740132318178133358831312142608589612612592861791075221568183097908297198778498585675270533750427037866184327646372049112862963203674 0 0 0 0 0 0 0 0 0 0 0 0 0 0 0 0 0 0 0 0 0 0 0 0 0 0 0 0 0 0 0 0 0 0 0 0 0 0 0 0 0 0 0 0 0 0 0 0 0 0 0 0 0 0 0 0 0 0 0 0 0 0 0 0 0 0 0 0 0 0 0 0 0 0 0 0 0 0 0 0 0 0 0 0 0 0 0 0 0 0 0 0 1 0 0 0 0 0 0 0 0 0 0 0]
[2854420044555664828361272440541467867042685888939026585791107002528834568049262786370034553777497001018624953517493071092574186514376998738674659935448292946167285502327765738079359682497235569502966800529008480845728682284548334233637245936479765277861496127341000783262292120031703116295992870343916400467738071432 0 0 0 0 0 0 0 0 0 0 0 0 0 0 0 0 0 0 0 0 0 0 0 0 0 0 0 0 0 0 0 0 0 0 0 0 0 0 0 0 0 0 0 0 0 0 0 0 0 0 0 0 0 0 0 0 0 0 0 0 0 0 0 0 0 0 0 0 0 0 0 0 0 0 0 0 0 0 0 0 0 0 0 0 0 0 0 0 0 0 0 0 0 1 0 0 0 0 0 0 0 0 0 0]
[2050132221966535098849486813135986492569008962992179741779244906553921776975141155984774679645719799016934896978212196678444468595150187803010579640614906356079699082914608223368309968685082021205071199615702848161097405854384613361415250194809793172809902642637290035997306183525976580815522799189577441441222543106 0 0 0 0 0 0 0 0 0 0 0 0 0 0 0 0 0 0 0 0 0 0 0 0 0 0 0 0 0 0 0 0 0 0 0 0 0 0 0 0 0 0 0 0 0 0 0 0 0 0 0 0 0 0 0 0 0 0 0 0 0 0 0 0 0 0 0 0 0 0 0 0 0 0 0 0 0 0 0 0 0 0 0 0 0 0 0 0 0 0 0 0 0 0 1 0 0 0 0 0 0 0 0 0]
[4859475848828798977162292915053411462712168362759119366837408432630644695624670748437158912906746218866184401841486942913092701909903476077896749413059056778702004880468052347746993029870920701026061609881553819445830413735932225794606599774562729521722316267556516484046310484866700742911377477862605160646283834769 0 0 0 0 0 0 0 0 0 0 0 0 0 0 0 0 0 0 0 0 0 0 0 0 0 0 0 0 0 0 0 0 0 0 0 0 0 0 0 0 0 0 0 0 0 0 0 0 0 0 0 0 0 0 0 0 0 0 0 0 0 0 0 0 0 0 0 0 0 0 0 0 0 0 0 0 0 0 0 0 0 0 0 0 0 0 0 0 0 0 0 0 0 0 0 1 0 0 0 0 0 0 0 0]
[6724216717577586742284681371311680367071542651835659579297605537106189112682505260206991099404183030627074731371697285498835895870797713966945088338246610497222397134302125988165756770390863639756708604272373760520283701800059789386271918981342661748211029789844072770560532357915609126570444193266504721796297479851 0 0 0 0 0 0 0 0 0 0 0 0 0 0 0 0 0 0 0 0 0 0 0 0 0 0 0 0 0 0 0 0 0 0 0 0 0 0 0 0 0 0 0 0 0 0 0 0 0 0 0 0 0 0 0 0 0 0 0 0 0 0 0 0 0 0 0 0 0 0 0 0 0 0 0 0 0 0 0 0 0 0 0 0 0 0 0 0 0 0 0 0 0 0 0 0 1 0 0 0 0 0 0 0]
[1021730997785009165837004696490521207855772893802472887298613242693630910811596464069230791479861943526493537114090935654388906168841303121307902186024823784420243868897782903573206594092981484713782108087947652441659766292106953390002822928988264564273661410925463126580801018365149359200093707923599929255412013479 0 0 0 0 0 0 0 0 0 0 0 0 0 0 0 0 0 0 0 0 0 0 0 0 0 0 0 0 0 0 0 0 0 0 0 0 0 0 0 0 0 0 0 0 0 0 0 0 0 0 0 0 0 0 0 0 0 0 0 0 0 0 0 0 0 0 0 0 0 0 0 0 0 0 0 0 0 0 0 0 0 0 0 0 0 0 0 0 0 0 0 0 0 0 0 0 0 1 0 0 0 0 0 0]
[5727266815285927817371429506492588276523553025448405680048851992514665497547149326730356661360620924575436331669203656824625137159151190518127496854526320788178947080910376378077833021012504595352990962668114252767279858568919778475154069044156105604611797537737273609969869162631175980018334210781771197203860719806 0 0 0 0 0 0 0 0 0 0 0 0 0 0 0 0 0 0 0 0 0 0 0 0 0 0 0 0 0 0 0 0 0 0 0 0 0 0 0 0 0 0 0 0 0 0 0 0 0 0 0 0 0 0 0 0 0 0 0 0 0 0 0 0 0 0 0 0 0 0 0 0 0 0 0 0 0 0 0 0 0 0 0 0 0 0 0 0 0 0 0 0 0 0 0 0 0 0 1 0 0 0 0 0]
[3154206791372290924418509173610761423070856565827588944167300205452903187047318639120425405747087097946351431848832976811638793179817012113035237625601754866526812112919818920758574756611123126769035962737946662274783722695570475158833822344386854302303620991182626314591630280919400406213934147913023680069461621794 0 0 0 0 0 0 0 0 0 0 0 0 0 0 0 0 0 0 0 0 0 0 0 0 0 0 0 0 0 0 0 0 0 0 0 0 0 0 0 0 0 0 0 0 0 0 0 0 0 0 0 0 0 0 0 0 0 0 0 0 0 0 0 0 0 0 0 0 0 0 0 0 0 0 0 0 0 0 0 0 0 0 0 0 0 0 0 0 0 0 0 0 0 0 0 0 0 0 0 1 0 0 0 0]
[8384479637046492699008017453036247537752235613385573234517903368073471550845518513562464975843074288105408541027032147681806533398555449153646018326740483818915606044208457701196315820336204950793946876929701634065354945705113989332847855513928544510057622231525310302882821696110560647107412418403181650190146387751 0 0 0 0 0 0 0 0 0 0 0 0 0 0 0 0 0 0 0 0 0 0 0 0 0 0 0 0 0 0 0 0 0 0 0 0 0 0 0 0 0 0 0 0 0 0 0 0 0 0 0 0 0 0 0 0 0 0 0 0 0 0 0 0 0 0 0 0 0 0 0 0 0 0 0 0 0 0 0 0 0 0 0 0 0 0 0 0 0 0 0 0 0 0 0 0 0 0 0 0 1 0 0 0]
[6976394919270875910939647438619363506031671424685737128298006064283641433917307936866993478011964973777210336362576382114892520325878850069538712706328634882885837881848632596570371293320979740421285769738487820411479575252576096746949795155898615650643015333700179310281556634870695934363025490345811458426416672885 0 0 0 0 0 0 0 0 0 0 0 0 0 0 0 0 0 0 0 0 0 0 0 0 0 0 0 0 0 0 0 0 0 0 0 0 0 0 0 0 0 0 0 0 0 0 0 0 0 0 0 0 0 0 0 0 0 0 0 0 0 0 0 0 0 0 0 0 0 0 0 0 0 0 0 0 0 0 0 0 0 0 0 0 0 0 0 0 0 0 0 0 0 0 0 0 0 0 0 0 0 1 0 0]
[9162753804765707510712115237738748418682333589570503343259923089262992601677913256789156954716477799205304382926009480212506514151826473394420403050184995316749307380731356691183533040332468562310284959578453930249499102173780228351443097130857706355570716454152913650686259002400111824383158789876669781964896579608 0 0 0 0 0 0 0 0 0 0 0 0 0 0 0 0 0 0 0 0 0 0 0 0 0 0 0 0 0 0 0 0 0 0 0 0 0 0 0 0 0 0 0 0 0 0 0 0 0 0 0 0 0 0 0 0 0 0 0 0 0 0 0 0 0 0 0 0 0 0 0 0 0 0 0 0 0 0 0 0 0 0 0 0 0 0 0 0 0 0 0 0 0 0 0 0 0 0 0 0 0 0 1 0]
[3391512873149750578026091559595495558275286279141835601404462021468325300332855354923762929256468967399535622870473441509001324708781426088171194831835610435506105706763104686864933843035110174365806253391950568084229517601893827897657666125607890633902188021730784833106873357127772670103804401189413636077074899753 0 0 0 0 0 0 0 0 0 0 0 0 0 0 0 0 0 0 0 0 0 0 0 0 0 0 0 0 0 0 0 0 0 0 0 0 0 0 0 0 0 0 0 0 0 0 0 0 0 0 0 0 0 0 0 0 0 0 0 0 0 0 0 0 0 0 0 0 0 0 0 0 0 0 0 0 0 0 0 0 0 0 0 0 0 0 0 0 0 0 0 0 0 0 0 0 0 0 0 0 0 0 0 1]
]
