[[11204292295479840246343268523223101246472854810539660524188093089127917123033961864090388207421894695892100490128337370826817484576251680780994311272264049286787352006657415137944373949709206044160079472721135404576765555958880641227864598863065889608590144324281647918910419465425550591301675657721524692033857992823 0 0 0 0 0 0 0 0 0 0 0 0 0 0 0 0 0 0 0 0 0 0 0 0 0 0 0 0 0 0 0 0 0 0 0 0 0 0 0 0 0 0 0 0 0 0 0 0 0 0 0 0 0 0 0 0 0 0 0 0 0 0 0 0 0 0 0 0 0 0 0 0 0 0 0 0 0 0 0 0 0 0 0 0 0 0 0 0 0 0 0 0 0 0 0 0 0 0 0 0 0 0 0 0]
[7928393261697081557332882015771769423207913496889034987227797522275091773942193115067709057316901136912304359017742862034936947995658820438527167225105943177877010907841980624716042103699969494817110148979533457434641145641749036844722529197558127135848608066250000038697558121188712379348791663301327196478477045873 1 0 0 0 0 0 0 0 0 0 0 0 0 0 0 0 0 0 0 0 0 0 0 0 0 0 0 0 0 0 0 0 0 0 0 0 0 0 0 0 0 0 0 0 0 0 0 0 0 0 0 0 0 0 0 0 0 0 0 0 0 0 0 0 0 0 0 0 0 0 0 0 0 0 0 0 0 0 0 0 0 0 0 0 0 0 0 0 0 0 0 0 0 0 0 0 0 0 0 0 0 0 0 0]
[4423540710863911531016533471783261395580284924751102396619658356798488919545100002573531465731282184824962188386870242047880999886429910214051961999565235953719521119877701873057378956800467756593194798434495520181981816146123319781578789817256611490089098328105961149528181178805969051022519165742656907441263453617 0 1 0 0 0 0 0 0 0 0 0 0 0 0 0 0 0 0 0 0 0 0 0 0 0 0 0 0 0 0 0 0 0 0 0 0 0 0 0 0 0 0 0 0 0 0 0 0 0 0 0 0 0 0 0 0 0 0 0 0 0 0 0 0 0 0 0 0 0 0 0 0 0 0 0 0 0 0 0 0 0 0 0 0 0 0 0 0 0 0 0 0 0 0 0 0 0 0 0 0 0 0 0 0]
[3437985774900010149520348622614467179743987636947428894575202915249840962104316124942424314452789167041564827364400003534020754723783449662019083891325652234865194242452653649179197184539604974715857950794831933173714270237614053075938815884467790195674316559188778983648822292868773702730868690147897828312946577557 0 0 1 0 0 0 0 0 0 0 0 0 0 0 0 0 0 0 0 0 0 0 0 0 0 0 0 0 0 0 0 0 0 0 0 0 0 0 0 0 0 0 0 0 0 0 0 0 0 0 0 0 0 0 0 0 0 0 0 0 0 0 0 0 0 0 0 0 0 0 0 0 0 0 0 0 0 0 0 0 0 0 0 0 0 0 0 0 0 0 0 0 0 0 0 0 0 0 0 0 0 0 0 0]
[4412429619665519926506382317397353034971748706606687386384041739303929081258653762143639183743866057117760390739406036945307327169328699835761987751436544465139581050900656513058813893450301847224388863704799975758886262945216028712562305111026682183461759998969154782766157427549362442305593576284414158675266241237 0 0 0 1 0 0 0 0 0 0 0 0 0 0 0 0 0 0 0 0 0 0 0 0 0 0 0 0 0 0 0 0 0 0 0 0 0 0 0 0 0 0 0 0 0 0 0 0 0 0 0 0 0 0 0 0 0 0 0 0 0 0 0 0 0 0 0 0 0 0 0 0 0 0 0 0 0 0 0 0 0 0 0 0 0 0 0 0 0 0 0 0 0 0 0 0 0 0 0 0 0 0 0 0]
[356367495179848417539425676814919051341886940874208643994438830115573168246796343510816979037378549859110976873063977193947545552726734492045010725175251465039244616025505819468224428957991506981149947170227222557142301703443134257649770592726304544062394821169643760748387606887436117604642194999636154222154065910 0 0 0 0 1 0 0 0 0 0 0 0 0 0 0 0 0 0 0 0 0 0 0 0 0 0 0 0 0 0 0 0 0 0 0 0 0 0 0 0 0 0 0 0 0 0 0 0 0 0 0 0 0 0 0 0 0 0 0 0 0 0 0 0 0 0 0 0 0 0 0 0 0 0 0 0 0 0 0 0 0 0 0 0 0 0 0 0 0 0 0 0 0 0 0 0 0 0 0 0 0 0 0 0]
[8419185014170001066885065170967324679070780983619743982617479195043733909760032800540148366223606888273225283450553817076894846628093779077280629777445709153929636816542744249062730799771688962958275034670501644468368261899188406677838604725961849753577438328491438296824659352023416244278133076283577362776842109105 0 0 0 0 0 1 0 0 0 0 0 0 0 0 0 0 0 0 0 0 0 0 0 0 0 0 0 0 0 0 0 0 0 0 0 0 0 0 0 0 0 0 0 0 0 0 0 0 0 0 0 0 0 0 0 0 0 0 0 0 0 0 0 0 0 0 0 0 0 0 0 0 0 0 0 0 0 0 0 0 0 0 0 0 0 0 0 0 0 0 0 0 0 0 0 0 0 0 0 0 0 0 0 0]
[10808035610988752793731147432226805817311994379263417684508322567547023353215512273855357695551230024122540733997670370811371747344159992404122522931830999181623242701518452797491240679236104376167065071649451322179171215352669747920309012651097338488189607095408902639586447825743768874357008583392045922714419477302 0 0 0 0 0 0 1 0 0 0 0 0 0 0 0 0 0 0 0 0 0 0 0 0 0 0 0 0 0 0 0 0 0 0 0 0 0 0 0 0 0 0 0 0 0 0 0 0 0 0 0 0 0 0 0 0 0 0 0 0 0 0 0 0 0 0 0 0 0 0 0 0 0 0 0 0 0 0 0 0 0 0 0 0 0 0 0 0 0 0 0 0 0 0 0 0 0 0 0 0 0 0 0 0]
[5153668936898844208356483745189419073547301586922732896269153534222382668096586700740744532367957302553484251374821952891514619277733350638414567325306461389816687697723022654182086150997667789007909029436628976741213417623051698795810119754854755255992881893745369185359199892144666716254366956461961428166366193988 0 0 0 0 0 0 0 1 0 0 0 0 0 0 0 0 0 0 0 0 0 0 0 0 0 0 0 0 0 0 0 0 0 0 0 0 0 0 0 0 0 0 0 0 0 0 0 0 0 0 0 0 0 0 0 0 0 0 0 0 0 0 0 0 0 0 0 0 0 0 0 0 0 0 0 0 0 0 0 0 0 0 0 0 0 0 0 0 0 0 0 0 0 0 0 0 0 0 0 0 0 0 0 0]
[3556735211048006117945722189984734544365441592357437234691252679376002835866873040670594167747642587305387656560984754373406622649778605476022995189804079118021765560209491536133495281607383487500634736282404044008195526472752268614845223452118573954486595589954741813534178073181428229254535884770056200684480086755 0 0 0 0 0 0 0 0 1 0 0 0 0 0 0 0 0 0 0 0 0 0 0 0 0 0 0 0 0 0 0 0 0 0 0 0 0 0 0 0 0 0 0 0 0 0 0 0 0 0 0 0 0 0 0 0 0 0 0 0 0 0 0 0 0 0 0 0 0 0 0 0 0 0 0 0 0 0 0 0 0 0 0 0 0 0 0 0 0 0 0 0 0 0 0 0 0 0 0 0 0 0 0 0]
[3069092044013010756092700685158058827296897535105890750348706434017276534818888180202614351418786901829254704016685159151391291937580106365154588990127820695836670285094057938523779250144738498321818895706595783000012939031948544298528957089671930520373307657405528430103137508368470816891334776472093733149210084315 0 0 0 0 0 0 0 0 0 1 0 0 0 0 0 0 0 0 0 0 0 0 0 0 0 0 0 0 0 0 0 0 0 0 0 0 0 0 0 0 0 0 0 0 0 0 0 0 0 0 0 0 0 0 0 0 0 0 0 0 0 0 0 0 0 0 0 0 0 0 0 0 0 0 0 0 0 0 0 0 0 0 0 0 0 0 0 0 0 0 0 0 0 0 0 0 0 0 0 0 0 0 0 0]
[5631218067483639883671430000958526525672342931691352928731820941838944349664955617533276338808315310633012012312947936498103711826341240003396417039370183696680944208570167336721176501334736091109291281373318422872968431445651455249677235797797711742959506784283844215982758832836717658807678456364385949180497739370 0 0 0 0 0 0 0 0 0 0 1 0 0 0 0 0 0 0 0 0 0 0 0 0 0 0 0 0 0 0 0 0 0 0 0 0 0 0 0 0 0 0 0 0 0 0 0 0 0 0 0 0 0 0 0 0 0 0 0 0 0 0 0 0 0 0 0 0 0 0 0 0 0 0 0 0 0 0 0 0 0 0 0 0 0 0 0 0 0 0 0 0 0 0 0 0 0 0 0 0 0 0 0 0]
[5952571064718787617003209922664405670405488566287246095407307267109925479989562155129748156912175836940488732579479480493348180452366814306717610373938666064143242296646727078205288314493018876309160072520294511934460329591336790039456970322886788250199459520244956831874453454446017927357418125129257148070318457891 0 0 0 0 0 0 0 0 0 0 0 1 0 0 0 0 0 0 0 0 0 0 0 0 0 0 0 0 0 0 0 0 0 0 0 0 0 0 0 0 0 0 0 0 0 0 0 0 0 0 0 0 0 0 0 0 0 0 0 0 0 0 0 0 0 0 0 0 0 0 0 0 0 0 0 0 0 0 0 0 0 0 0 0 0 0 0 0 0 0 0 0 0 0 0 0 0 0 0 0 0 0 0 0]
[8313591066565556660061830763197917590451840286405658731767329785470595378192246416621733478633481471073817067820824101728457522757036347713085751970096316835215869658529832751355516340516431167091083114111300767538779499055397900836775552128270233827711823484188714654480349127558880561931600644262408759414836096377 0 0 0 0 0 0 0 0 0 0 0 0 1 0 0 0 0 0 0 0 0 0 0 0 0 0 0 0 0 0 0 0 0 0 0 0 0 0 0 0 0 0 0 0 0 0 0 0 0 0 0 0 0 0 0 0 0 0 0 0 0 0 0 0 0 0 0 0 0 0 0 0 0 0 0 0 0 0 0 0 0 0 0 0 0 0 0 0 0 0 0 0 0 0 0 0 0 0 0 0 0 0 0 0]
[9750035087420132272633549571504734205226946137250414354695617670198274856851645594096794103161835257248921646050056340759854548818885551234146954038276787711188663455421320770970189660736144714728725326284650648003516935874819946569733647563711304665696627971595134167770958500135659689252411083929533081300118520909 0 0 0 0 0 0 0 0 0 0 0 0 0 1 0 0 0 0 0 0 0 0 0 0 0 0 0 0 0 0 0 0 0 0 0 0 0 0 0 0 0 0 0 0 0 0 0 0 0 0 0 0 0 0 0 0 0 0 0 0 0 0 0 0 0 0 0 0 0 0 0 0 0 0 0 0 0 0 0 0 0 0 0 0 0 0 0 0 0 0 0 0 0 0 0 0 0 0 0 0 0 0 0 0]
[5033080900553452856464896600590118830626217273053659747842935746093912500744335249290854110678327603292554768355608279141084608022905220291945402518376824550447400782009340766374886548141273961884168158064932012925983773705716294093636471036781123853850750851379936434916539392176368090001063244434132988351006510395 0 0 0 0 0 0 0 0 0 0 0 0 0 0 1 0 0 0 0 0 0 0 0 0 0 0 0 0 0 0 0 0 0 0 0 0 0 0 0 0 0 0 0 0 0 0 0 0 0 0 0 0 0 0 0 0 0 0 0 0 0 0 0 0 0 0 0 0 0 0 0 0 0 0 0 0 0 0 0 0 0 0 0 0 0 0 0 0 0 0 0 0 0 0 0 0 0 0 0 0 0 0 0 0]
[5012645971748132195766090775959514347562987941563008365158401944398113947951030321513914295697379793463262121024366999224097192413960509432365457054209928867554144058875984689230367693996025233489932147010002160260971164468241585598017507435885034097492897475962571896570034403188087030102017183855022284826293401192 0 0 0 0 0 0 0 0 0 0 0 0 0 0 0 1 0 0 0 0 0 0 0 0 0 0 0 0 0 0 0 0 0 0 0 0 0 0 0 0 0 0 0 0 0 0 0 0 0 0 0 0 0 0 0 0 0 0 0 0 0 0 0 0 0 0 0 0 0 0 0 0 0 0 0 0 0 0 0 0 0 0 0 0 0 0 0 0 0 0 0 0 0 0 0 0 0 0 0 0 0 0 0 0]
[10958519754792523559188525640781564195880768224175644439282903140860204406629126429856654189006021527115488993680585466776644135257468588480809122536467164760782922109120576596414034897393637317992861645047378827692779221820455890413122703588471286070869920113133341320262410173154619883398898065787004003208101187447 0 0 0 0 0 0 0 0 0 0 0 0 0 0 0 0 1 0 0 0 0 0 0 0 0 0 0 0 0 0 0 0 0 0 0 0 0 0 0 0 0 0 0 0 0 0 0 0 0 0 0 0 0 0 0 0 0 0 0 0 0 0 0 0 0 0 0 0 0 0 0 0 0 0 0 0 0 0 0 0 0 0 0 0 0 0 0 0 0 0 0 0 0 0 0 0 0 0 0 0 0 0 0 0]
[9479455952810348343351124211177699336121049427543556674569331150916796610133430100192653528501825470430348260879138105318979623707614468637994941766697564618551862477338470667026938320176633037144893748120890887032983119415608745050328704985840835520911319930391404821294503140724258251767936144023634677055128834647 0 0 0 0 0 0 0 0 0 0 0 0 0 0 0 0 0 1 0 0 0 0 0 0 0 0 0 0 0 0 0 0 0 0 0 0 0 0 0 0 0 0 0 0 0 0 0 0 0 0 0 0 0 0 0 0 0 0 0 0 0 0 0 0 0 0 0 0 0 0 0 0 0 0 0 0 0 0 0 0 0 0 0 0 0 0 0 0 0 0 0 0 0 0 0 0 0 0 0 0 0 0 0 0]
[5839720032899216974462920036697977840766711191266914556534932563770955249705013566126390007280510819141709683518899341365845539473544569414461971096795521109112974201000685443297188976831862667201644454179645909304492641228347548528240080337195745198792101768670740588553199818053770547985234860703927733736231905876 0 0 0 0 0 0 0 0 0 0 0 0 0 0 0 0 0 0 1 0 0 0 0 0 0 0 0 0 0 0 0 0 0 0 0 0 0 0 0 0 0 0 0 0 0 0 0 0 0 0 0 0 0 0 0 0 0 0 0 0 0 0 0 0 0 0 0 0 0 0 0 0 0 0 0 0 0 0 0 0 0 0 0 0 0 0 0 0 0 0 0 0 0 0 0 0 0 0 0 0 0 0 0 0]
[8508559379267920188732530986695891201737784315735011658945004242659603402155426212215114472434804731075290449892100131416046320914208615036778873207045617112371181879798842485436918534623933901070274084882477040857758356158541083055930511660177154619070126356808615993460350904958365441571028662982731517127152189931 0 0 0 0 0 0 0 0 0 0 0 0 0 0 0 0 0 0 0 1 0 0 0 0 0 0 0 0 0 0 0 0 0 0 0 0 0 0 0 0 0 0 0 0 0 0 0 0 0 0 0 0 0 0 0 0 0 0 0 0 0 0 0 0 0 0 0 0 0 0 0 0 0 0 0 0 0 0 0 0 0 0 0 0 0 0 0 0 0 0 0 0 0 0 0 0 0 0 0 0 0 0 0 0]
[2263909935597323025950877764926051908420336999699816664620391974686374782698107016114696408933983430681012035028367926924107965401015399115220929547273999356475323183891840732382814833870291205312346419249731377751903808329771695615722986848268579804334601941611497300048960975042603577335765964245147326587096189347 0 0 0 0 0 0 0 0 0 0 0 0 0 0 0 0 0 0 0 0 1 0 0 0 0 0 0 0 0 0 0 0 0 0 0 0 0 0 0 0 0 0 0 0 0 0 0 0 0 0 0 0 0 0 0 0 0 0 0 0 0 0 0 0 0 0 0 0 0 0 0 0 0 0 0 0 0 0 0 0 0 0 0 0 0 0 0 0 0 0 0 0 0 0 0 0 0 0 0 0 0 0 0 0]
[4588493884366955428524450380333031185783924009971125777946924782824957456579724026133045568545911408595450302640379496998411799917546863280603337350041153205715556790429303066318340417160618027419542489801528722785463637199384954682434503435690283755885689955792487994294459343907418658808879224348166440110189358292 0 0 0 0 0 0 0 0 0 0 0 0 0 0 0 0 0 0 0 0 0 1 0 0 0 0 0 0 0 0 0 0 0 0 0 0 0 0 0 0 0 0 0 0 0 0 0 0 0 0 0 0 0 0 0 0 0 0 0 0 0 0 0 0 0 0 0 0 0 0 0 0 0 0 0 0 0 0 0 0 0 0 0 0 0 0 0 0 0 0 0 0 0 0 0 0 0 0 0 0 0 0 0 0]
[5762736433812455725834027191636902908558641830855894065907502315494290306006118028007085422028877395593750483280364138278015413950166867521632885468123579448561897707292020877426620311412923381529809207899236860990302991560117885735512016435832679055605007127487709033733094604805670450524801448958770865735571563252 0 0 0 0 0 0 0 0 0 0 0 0 0 0 0 0 0 0 0 0 0 0 1 0 0 0 0 0 0 0 0 0 0 0 0 0 0 0 0 0 0 0 0 0 0 0 0 0 0 0 0 0 0 0 0 0 0 0 0 0 0 0 0 0 0 0 0 0 0 0 0 0 0 0 0 0 0 0 0 0 0 0 0 0 0 0 0 0 0 0 0 0 0 0 0 0 0 0 0 0 0 0 0 0]
[7021025692623228338930471837370086098194387959050473568773415944628431951080187691393638154447658120800230724552267358737481429998573697880634161103144901103430232941926965594302432987675823009650125476902590301116039610720024498110868474644641612589720681323120950803671599366639777074805727442663106749243853641318 0 0 0 0 0 0 0 0 0 0 0 0 0 0 0 0 0 0 0 0 0 0 0 1 0 0 0 0 0 0 0 0 0 0 0 0 0 0 0 0 0 0 0 0 0 0 0 0 0 0 0 0 0 0 0 0 0 0 0 0 0 0 0 0 0 0 0 0 0 0 0 0 0 0 0 0 0 0 0 0 0 0 0 0 0 0 0 0 0 0 0 0 0 0 0 0 0 0 0 0 0 0 0 0]
[8582112612546939609907386069951317176367176535735749210716711461767678447723800844406973762834662227801650597636919181088533184723894078716357045973492189615279033880972018411310095903682124396951287255599442686647226202844726997407018647908913011915033776781475428333798725713766887996478882645245549136631216279609 0 0 0 0 0 0 0 0 0 0 0 0 0 0 0 0 0 0 0 0 0 0 0 0 1 0 0 0 0 0 0 0 0 0 0 0 0 0 0 0 0 0 0 0 0 0 0 0 0 0 0 0 0 0 0 0 0 0 0 0 0 0 0 0 0 0 0 0 0 0 0 0 0 0 0 0 0 0 0 0 0 0 0 0 0 0 0 0 0 0 0 0 0 0 0 0 0 0 0 0 0 0 0 0]
[6053883466259844948945086100817198457365794247366884087637650533091940911059601515192612671226565097445529030623330882502797578171833027765808773213179105418720397799057633985724011862917353779064245654663737446517227470961136454900060546848332013595025602472182344788687756439108656229734545109425631422089518641769 0 0 0 0 0 0 0 0 0 0 0 0 0 0 0 0 0 0 0 0 0 0 0 0 0 1 0 0 0 0 0 0 0 0 0 0 0 0 0 0 0 0 0 0 0 0 0 0 0 0 0 0 0 0 0 0 0 0 0 0 0 0 0 0 0 0 0 0 0 0 0 0 0 0 0 0 0 0 0 0 0 0 0 0 0 0 0 0 0 0 0 0 0 0 0 0 0 0 0 0 0 0 0 0]
[218012744027557982549706473675196451744457455118411377771852807368179926941417287566389191829938433068358871904750300926421982068970714972182017036383574661865407551777029618435895881097146733489606417659824445361399895880415271999552903319328414276149946748119122949606488666349936838840289320557880227845063276324 0 0 0 0 0 0 0 0 0 0 0 0 0 0 0 0 0 0 0 0 0 0 0 0 0 0 1 0 0 0 0 0 0 0 0 0 0 0 0 0 0 0 0 0 0 0 0 0 0 0 0 0 0 0 0 0 0 0 0 0 0 0 0 0 0 0 0 0 0 0 0 0 0 0 0 0 0 0 0 0 0 0 0 0 0 0 0 0 0 0 0 0 0 0 0 0 0 0 0 0 0 0 0 0]
[3027503776957251309035663307985765456618151887291056777510274580845595812874094243767403903304459356107183798275449448071449525164881100055092382941025286915297448011694240783408196879283637684193262079721951500370639915470106232426277546846729277818386064045819389955069848067508279868162557117626253745077200224438 0 0 0 0 0 0 0 0 0 0 0 0 0 0 0 0 0 0 0 0 0 0 0 0 0 0 0 1 0 0 0 0 0 0 0 0 0 0 0 0 0 0 0 0 0 0 0 0 0 0 0 0 0 0 0 0 0 0 0 0 0 0 0 0 0 0 0 0 0 0 0 0 0 0 0 0 0 0 0 0 0 0 0 0 0 0 0 0 0 0 0 0 0 0 0 0 0 0 0 0 0 0 0 0]
[4335578840549701769868600609428225352469563192952412592420902017378542599291262543870641386865251689530744856733174444128178407656979830753731753515233260998122603095296790571389207811276246133082812875542552942094623183126271611568399555147044491693756526836206125902772111672913498101702029285528450303577308305601 0 0 0 0 0 0 0 0 0 0 0 0 0 0 0 0 0 0 0 0 0 0 0 0 0 0 0 0 1 0 0 0 0 0 0 0 0 0 0 0 0 0 0 0 0 0 0 0 0 0 0 0 0 0 0 0 0 0 0 0 0 0 0 0 0 0 0 0 0 0 0 0 0 0 0 0 0 0 0 0 0 0 0 0 0 0 0 0 0 0 0 0 0 0 0 0 0 0 0 0 0 0 0 0]
[2961289325004015352040971697772057924984353760545399430186370876271625288548084482362226548427162274037530946286198089470569013955052207656368061941240848605785456575512192834207145292311461728165845251845223645439002773505590641378655088585795143686908623132248184581148278439698519581269880135585408230705549501744 0 0 0 0 0 0 0 0 0 0 0 0 0 0 0 0 0 0 0 0 0 0 0 0 0 0 0 0 0 1 0 0 0 0 0 0 0 0 0 0 0 0 0 0 0 0 0 0 0 0 0 0 0 0 0 0 0 0 0 0 0 0 0 0 0 0 0 0 0 0 0 0 0 0 0 0 0 0 0 0 0 0 0 0 0 0 0 0 0 0 0 0 0 0 0 0 0 0 0 0 0 0 0 0]
[3755591487049992266902197546497719707660631362815329842079734666840362464729688571414210453839745612848109277912585391764512740876100846027235144081785335444633842144303331479524901988869446037261337463593269669178341947049614878503556394058764090683515767952644422944927690532896002266906426364425249236150930255686 0 0 0 0 0 0 0 0 0 0 0 0 0 0 0 0 0 0 0 0 0 0 0 0 0 0 0 0 0 0 1 0 0 0 0 0 0 0 0 0 0 0 0 0 0 0 0 0 0 0 0 0 0 0 0 0 0 0 0 0 0 0 0 0 0 0 0 0 0 0 0 0 0 0 0 0 0 0 0 0 0 0 0 0 0 0 0 0 0 0 0 0 0 0 0 0 0 0 0 0 0 0 0 0]
[4089608884500003851826169569890306774751117324112666311382260910837277888788237224336594767690245686756119599349619451916859828282359476296219246787779230955701344122815369579859269520974767864865516907061339082479606130803060264381904458849555804238604612113878034259861037649414924414690103424184805202447320923009 0 0 0 0 0 0 0 0 0 0 0 0 0 0 0 0 0 0 0 0 0 0 0 0 0 0 0 0 0 0 0 1 0 0 0 0 0 0 0 0 0 0 0 0 0 0 0 0 0 0 0 0 0 0 0 0 0 0 0 0 0 0 0 0 0 0 0 0 0 0 0 0 0 0 0 0 0 0 0 0 0 0 0 0 0 0 0 0 0 0 0 0 0 0 0 0 0 0 0 0 0 0 0 0]
[77792409670699297365819213315804414249578027755053221306418299454452983694403507491576771602276231558131854734117888118239579745015527778337380961705103464467447236202105092633855343104070524150929333829005236063322353666356727722719439717529755662142114559376090858373628132889011771808432271589071059026635496595 0 0 0 0 0 0 0 0 0 0 0 0 0 0 0 0 0 0 0 0 0 0 0 0 0 0 0 0 0 0 0 0 1 0 0 0 0 0 0 0 0 0 0 0 0 0 0 0 0 0 0 0 0 0 0 0 0 0 0 0 0 0 0 0 0 0 0 0 0 0 0 0 0 0 0 0 0 0 0 0 0 0 0 0 0 0 0 0 0 0 0 0 0 0 0 0 0 0 0 0 0 0 0 0]
[7149505657375457827980495695508012104586269531214585964368822596349525393263907445869967633274592625773926950233853022007272194753213826222259799975088730653711921106716278780851899955013201623507487468038776247043263302678740493412272143728642552607130240033507836924506090530590481210211195710108478300173321058511 0 0 0 0 0 0 0 0 0 0 0 0 0 0 0 0 0 0 0 0 0 0 0 0 0 0 0 0 0 0 0 0 0 1 0 0 0 0 0 0 0 0 0 0 0 0 0 0 0 0 0 0 0 0 0 0 0 0 0 0 0 0 0 0 0 0 0 0 0 0 0 0 0 0 0 0 0 0 0 0 0 0 0 0 0 0 0 0 0 0 0 0 0 0 0 0 0 0 0 0 0 0 0 0]
[9755390411001598492602859374995103617165621751696988307478661005356782606046333952279163348082201806612524200437186211503021715173247354062235359234271229239092660543535790896769774463803667303744427091230340500577272370367189755820341949506995468696459461906367303250665251103785689577668832203763569315055770915234 0 0 0 0 0 0 0 0 0 0 0 0 0 0 0 0 0 0 0 0 0 0 0 0 0 0 0 0 0 0 0 0 0 0 1 0 0 0 0 0 0 0 0 0 0 0 0 0 0 0 0 0 0 0 0 0 0 0 0 0 0 0 0 0 0 0 0 0 0 0 0 0 0 0 0 0 0 0 0 0 0 0 0 0 0 0 0 0 0 0 0 0 0 0 0 0 0 0 0 0 0 0 0 0]
[3723787050190892185954623968539598250645034232416975536303898820852187245015892095675734950461888812222588763437423866573872231286352657457760773373538850694223568143030813071512987443799053544841812752463717612155599704487411672900815700038053271105061691137427639897899647191329126523195296729392315068034343820982 0 0 0 0 0 0 0 0 0 0 0 0 0 0 0 0 0 0 0 0 0 0 0 0 0 0 0 0 0 0 0 0 0 0 0 1 0 0 0 0 0 0 0 0 0 0 0 0 0 0 0 0 0 0 0 0 0 0 0 0 0 0 0 0 0 0 0 0 0 0 0 0 0 0 0 0 0 0 0 0 0 0 0 0 0 0 0 0 0 0 0 0 0 0 0 0 0 0 0 0 0 0 0 0]
[4648921041083863379419919338090162655420547182479192870613127855593490211448743589539992869773841136850866765408745597138984034189909900135021677581171846019621129119832074553495076031738531866027589423927911839356297527988964763856862362180715342890633708791873471205008442711317772097102499054748841298142242352989 0 0 0 0 0 0 0 0 0 0 0 0 0 0 0 0 0 0 0 0 0 0 0 0 0 0 0 0 0 0 0 0 0 0 0 0 1 0 0 0 0 0 0 0 0 0 0 0 0 0 0 0 0 0 0 0 0 0 0 0 0 0 0 0 0 0 0 0 0 0 0 0 0 0 0 0 0 0 0 0 0 0 0 0 0 0 0 0 0 0 0 0 0 0 0 0 0 0 0 0 0 0 0 0]
[6121047111141840767239451662795777815029909454833171818130833751139654152951045417797648488043375388072549791074982279407995003685648021296364853945107538734192153169066586878168184917524569068642400022842872901462725965973737289875808897860200637562334497737979741039088892330864218382384792659279138443798354231746 0 0 0 0 0 0 0 0 0 0 0 0 0 0 0 0 0 0 0 0 0 0 0 0 0 0 0 0 0 0 0 0 0 0 0 0 0 1 0 0 0 0 0 0 0 0 0 0 0 0 0 0 0 0 0 0 0 0 0 0 0 0 0 0 0 0 0 0 0 0 0 0 0 0 0 0 0 0 0 0 0 0 0 0 0 0 0 0 0 0 0 0 0 0 0 0 0 0 0 0 0 0 0 0]
[2745393341035986167951156406564166834122902376143303806051405851913270601371362134562926211091028148475662656952597240169623409543794947556501346358232652191442556394240883546753465402808886758700477627895378075930218148271164713580006445960488656820326141701641078363131763827098603318276989661241993183772036145297 0 0 0 0 0 0 0 0 0 0 0 0 0 0 0 0 0 0 0 0 0 0 0 0 0 0 0 0 0 0 0 0 0 0 0 0 0 0 1 0 0 0 0 0 0 0 0 0 0 0 0 0 0 0 0 0 0 0 0 0 0 0 0 0 0 0 0 0 0 0 0 0 0 0 0 0 0 0 0 0 0 0 0 0 0 0 0 0 0 0 0 0 0 0 0 0 0 0 0 0 0 0 0 0]
[7134020348316716905791632437697640238007156079877545737423923342821738080592032424899644425724331155636915370815681898950119318473977858575546600103404860314219761044022940342330507402496558429206266873738773736752179835064982436908251473877900763625636034238832546158233172514300173583119994478308361707577026002546 0 0 0 0 0 0 0 0 0 0 0 0 0 0 0 0 0 0 0 0 0 0 0 0 0 0 0 0 0 0 0 0 0 0 0 0 0 0 0 1 0 0 0 0 0 0 0 0 0 0 0 0 0 0 0 0 0 0 0 0 0 0 0 0 0 0 0 0 0 0 0 0 0 0 0 0 0 0 0 0 0 0 0 0 0 0 0 0 0 0 0 0 0 0 0 0 0 0 0 0 0 0 0 0]
[1915365411138763931864672691884419493897829467445902853440095505694879643491781356441591418497855163612621458098101282138707064165157820675778763727815258545322903198378478339533285274958728870697250226152281430329806658615537707666011356735369306453893764335608748160240362887572467803624864645736500405911634612021 0 0 0 0 0 0 0 0 0 0 0 0 0 0 0 0 0 0 0 0 0 0 0 0 0 0 0 0 0 0 0 0 0 0 0 0 0 0 0 0 1 0 0 0 0 0 0 0 0 0 0 0 0 0 0 0 0 0 0 0 0 0 0 0 0 0 0 0 0 0 0 0 0 0 0 0 0 0 0 0 0 0 0 0 0 0 0 0 0 0 0 0 0 0 0 0 0 0 0 0 0 0 0 0]
[1785631108983782920755516654389065575817961415674131027728793414553119963466041254436137974994834616382211374695047447294338214736411321196434739349193081971466969572024612494647959095042321610830948512293331903154962089454106779141094416509070325580963202181296451472027039364929666756181889126437148653495263890169 0 0 0 0 0 0 0 0 0 0 0 0 0 0 0 0 0 0 0 0 0 0 0 0 0 0 0 0 0 0 0 0 0 0 0 0 0 0 0 0 0 1 0 0 0 0 0 0 0 0 0 0 0 0 0 0 0 0 0 0 0 0 0 0 0 0 0 0 0 0 0 0 0 0 0 0 0 0 0 0 0 0 0 0 0 0 0 0 0 0 0 0 0 0 0 0 0 0 0 0 0 0 0 0]
[5418143317115414073227103170785441546657670297258091869067859927940270316823796685807871688236079367402222517648808740559148826062463906021577797741086653550265656779120611390665225491621165789918815662238186384197810099378864081354957012159745532752027002830752508208200283163163512706213792547727130851722122260893 0 0 0 0 0 0 0 0 0 0 0 0 0 0 0 0 0 0 0 0 0 0 0 0 0 0 0 0 0 0 0 0 0 0 0 0 0 0 0 0 0 0 1 0 0 0 0 0 0 0 0 0 0 0 0 0 0 0 0 0 0 0 0 0 0 0 0 0 0 0 0 0 0 0 0 0 0 0 0 0 0 0 0 0 0 0 0 0 0 0 0 0 0 0 0 0 0 0 0 0 0 0 0 0]
[7410702699564562927744290596569414016774668641324741073474330890892747849385180127804145618090662467470564634814157341960330329706643888786726647367901331069749831085984320367759200604499302668348375753552593769564983116145456715671480619105412492934541318672948610162550122528502584004065656133586155892432976962854 0 0 0 0 0 0 0 0 0 0 0 0 0 0 0 0 0 0 0 0 0 0 0 0 0 0 0 0 0 0 0 0 0 0 0 0 0 0 0 0 0 0 0 1 0 0 0 0 0 0 0 0 0 0 0 0 0 0 0 0 0 0 0 0 0 0 0 0 0 0 0 0 0 0 0 0 0 0 0 0 0 0 0 0 0 0 0 0 0 0 0 0 0 0 0 0 0 0 0 0 0 0 0 0]
[7166616981073214135049292545186381579685238865021118272176736217560905016864673981287133582393928525290321845993393632461670632983430168385866018582791695577927555817759076435239481571803159500479313901641974134669589857545447018714980390977707018479009934943985438525270987436233153697598332438642920171972706354979 0 0 0 0 0 0 0 0 0 0 0 0 0 0 0 0 0 0 0 0 0 0 0 0 0 0 0 0 0 0 0 0 0 0 0 0 0 0 0 0 0 0 0 0 1 0 0 0 0 0 0 0 0 0 0 0 0 0 0 0 0 0 0 0 0 0 0 0 0 0 0 0 0 0 0 0 0 0 0 0 0 0 0 0 0 0 0 0 0 0 0 0 0 0 0 0 0 0 0 0 0 0 0 0]
[8931388612330234318606689790529152410461227368291639747556992520549849665748987894051658700836110781984364971716536696547441729554894627212732820434028206229880098428767809556935518755504914598374530800613378652655052844849231241266621928141761890282837249817218238025425758908320618097763236703228740899896085286993 0 0 0 0 0 0 0 0 0 0 0 0 0 0 0 0 0 0 0 0 0 0 0 0 0 0 0 0 0 0 0 0 0 0 0 0 0 0 0 0 0 0 0 0 0 1 0 0 0 0 0 0 0 0 0 0 0 0 0 0 0 0 0 0 0 0 0 0 0 0 0 0 0 0 0 0 0 0 0 0 0 0 0 0 0 0 0 0 0 0 0 0 0 0 0 0 0 0 0 0 0 0 0 0]
[10555548349713909306959553758424017077740406291514738305390893215526808856385600735276577430659492819107089691468110943600549751598794709613951586280234108947756291192278595123531221880376217384968347616879432209581891187004887865580924523472357226985877226014947367427660201405737456213445283537828061933078423583271 0 0 0 0 0 0 0 0 0 0 0 0 0 0 0 0 0 0 0 0 0 0 0 0 0 0 0 0 0 0 0 0 0 0 0 0 0 0 0 0 0 0 0 0 0 0 1 0 0 0 0 0 0 0 0 0 0 0 0 0 0 0 0 0 0 0 0 0 0 0 0 0 0 0 0 0 0 0 0 0 0 0 0 0 0 0 0 0 0 0 0 0 0 0 0 0 0 0 0 0 0 0 0 0]
[7660002637272028845740755891402311276798246286773456685548071863485418319085262715370747972517800653353047641029923380333547567301701246876574350642457957695064093885486859707533990052568806753975691751261929074156331204985415235204461943829377219156947751693769832044364682300347146761600289018672382493411542814245 0 0 0 0 0 0 0 0 0 0 0 0 0 0 0 0 0 0 0 0 0 0 0 0 0 0 0 0 0 0 0 0 0 0 0 0 0 0 0 0 0 0 0 0 0 0 0 1 0 0 0 0 0 0 0 0 0 0 0 0 0 0 0 0 0 0 0 0 0 0 0 0 0 0 0 0 0 0 0 0 0 0 0 0 0 0 0 0 0 0 0 0 0 0 0 0 0 0 0 0 0 0 0 0]
[9413009603527912876748229016920084330298709671774822807060609757938809356811943399132356587703949636047223504506298681318462841142074115275250753593814148799357839962265139440857186443987658904381822887505632613541464513610742965262612955958891770984629431220047082548949379283139569450524939090579922814196787905661 0 0 0 0 0 0 0 0 0 0 0 0 0 0 0 0 0 0 0 0 0 0 0 0 0 0 0 0 0 0 0 0 0 0 0 0 0 0 0 0 0 0 0 0 0 0 0 0 1 0 0 0 0 0 0 0 0 0 0 0 0 0 0 0 0 0 0 0 0 0 0 0 0 0 0 0 0 0 0 0 0 0 0 0 0 0 0 0 0 0 0 0 0 0 0 0 0 0 0 0 0 0 0 0]
[7623655935798376030981345244913302253870799389625240752587319812309551918765496532560495983914018985941616533329100180979907527916471993554282741712807626891572680055561119501185010649557694290424077836203416296869734331894035823066684344398671109770130307691487218417029375701095450147438024249360619101097625776461 0 0 0 0 0 0 0 0 0 0 0 0 0 0 0 0 0 0 0 0 0 0 0 0 0 0 0 0 0 0 0 0 0 0 0 0 0 0 0 0 0 0 0 0 0 0 0 0 0 1 0 0 0 0 0 0 0 0 0 0 0 0 0 0 0 0 0 0 0 0 0 0 0 0 0 0 0 0 0 0 0 0 0 0 0 0 0 0 0 0 0 0 0 0 0 0 0 0 0 0 0 0 0 0]
[222959036720493828882725048268161971751933687269929985793691284564061129068386447390356822506046947531704063406291618701983568817493927874546100797875941881778832080598022926121494474273971991591704912157033147111492244859998822134854645213693091095910713975027780883557628743212634532998162599375031246073101935632 0 0 0 0 0 0 0 0 0 0 0 0 0 0 0 0 0 0 0 0 0 0 0 0 0 0 0 0 0 0 0 0 0 0 0 0 0 0 0 0 0 0 0 0 0 0 0 0 0 0 1 0 0 0 0 0 0 0 0 0 0 0 0 0 0 0 0 0 0 0 0 0 0 0 0 0 0 0 0 0 0 0 0 0 0 0 0 0 0 0 0 0 0 0 0 0 0 0 0 0 0 0 0 0]
[8377364018435200172971757668951921823810833736457428330146377312829004269775225055057820252716879631736366006860378549065229629278387496061630357257191855547736666062674189692264103209860637726881432227989369485389795779561127694074910176915091526692597743791895613182364504414079610869557831914042004453134245145433 0 0 0 0 0 0 0 0 0 0 0 0 0 0 0 0 0 0 0 0 0 0 0 0 0 0 0 0 0 0 0 0 0 0 0 0 0 0 0 0 0 0 0 0 0 0 0 0 0 0 0 1 0 0 0 0 0 0 0 0 0 0 0 0 0 0 0 0 0 0 0 0 0 0 0 0 0 0 0 0 0 0 0 0 0 0 0 0 0 0 0 0 0 0 0 0 0 0 0 0 0 0 0 0]
[550917125065447351696346030779581109995337665186363180347993765665025139184623414432664264976046344394779595941168607847066242722632833388413379812375430007748917239164161130697685650643525480314794517774027664063878510040260007980297968302717982176362132996577445563409667958909842141758864370286456012379995995425 0 0 0 0 0 0 0 0 0 0 0 0 0 0 0 0 0 0 0 0 0 0 0 0 0 0 0 0 0 0 0 0 0 0 0 0 0 0 0 0 0 0 0 0 0 0 0 0 0 0 0 0 1 0 0 0 0 0 0 0 0 0 0 0 0 0 0 0 0 0 0 0 0 0 0 0 0 0 0 0 0 0 0 0 0 0 0 0 0 0 0 0 0 0 0 0 0 0 0 0 0 0 0 0]
[4837833587764825697920008393648441260014874726315940240377431753516280422736226854223249006904577477228835429779603758592346127662980864465841165613956567188406511579338855587252215914497544037137670466256446783001831642625905520942228332603440333432242041915045886159366291045880950572001010643802933369544237134645 0 0 0 0 0 0 0 0 0 0 0 0 0 0 0 0 0 0 0 0 0 0 0 0 0 0 0 0 0 0 0 0 0 0 0 0 0 0 0 0 0 0 0 0 0 0 0 0 0 0 0 0 0 1 0 0 0 0 0 0 0 0 0 0 0 0 0 0 0 0 0 0 0 0 0 0 0 0 0 0 0 0 0 0 0 0 0 0 0 0 0 0 0 0 0 0 0 0 0 0 0 0 0 0]
[9230771499963546667737014758720481956954993291116741284160829468028629739621596251995956394152448548062712733590562712280687403525922475031789435579985022905262909048437977281302494642564642333604927964931702727739474143862535700839961630687092696388169606188141449452746196237081770938667861635411778055674811531555 0 0 0 0 0 0 0 0 0 0 0 0 0 0 0 0 0 0 0 0 0 0 0 0 0 0 0 0 0 0 0 0 0 0 0 0 0 0 0 0 0 0 0 0 0 0 0 0 0 0 0 0 0 0 1 0 0 0 0 0 0 0 0 0 0 0 0 0 0 0 0 0 0 0 0 0 0 0 0 0 0 0 0 0 0 0 0 0 0 0 0 0 0 0 0 0 0 0 0 0 0 0 0 0]
[9987023525838151691432452189894245762083420689284282440241752001339123304453567077849962793671386742609306689208944328380186531255150647305706428933337557433917061874627193347725097704206204250619055737672806580616635971644161875431389044322414718644092994185433868581711599195244973167316325981585771934009937791906 0 0 0 0 0 0 0 0 0 0 0 0 0 0 0 0 0 0 0 0 0 0 0 0 0 0 0 0 0 0 0 0 0 0 0 0 0 0 0 0 0 0 0 0 0 0 0 0 0 0 0 0 0 0 0 1 0 0 0 0 0 0 0 0 0 0 0 0 0 0 0 0 0 0 0 0 0 0 0 0 0 0 0 0 0 0 0 0 0 0 0 0 0 0 0 0 0 0 0 0 0 0 0 0]
[414025577563830450365331384031818295193454051808107951892689235280728942198117091958566456379834948564879099245383945773061215089057199678637894540181351019477539206306412875669343186813519904582589336713083629065648450993956839782100944521246757874280773463237095233810858414307495643851114552724284518918475550012 0 0 0 0 0 0 0 0 0 0 0 0 0 0 0 0 0 0 0 0 0 0 0 0 0 0 0 0 0 0 0 0 0 0 0 0 0 0 0 0 0 0 0 0 0 0 0 0 0 0 0 0 0 0 0 0 1 0 0 0 0 0 0 0 0 0 0 0 0 0 0 0 0 0 0 0 0 0 0 0 0 0 0 0 0 0 0 0 0 0 0 0 0 0 0 0 0 0 0 0 0 0 0 0]
[3996450008407287005841077669630093300262297666162731144197537849290305150137371795784949394306150449865049643504535300877841533754431799767935172977634231928622018791982375204571708055590857392373553260766854722524444685431048924620884748719809294747980295795056011004898934596913630731857781382776045367137085414398 0 0 0 0 0 0 0 0 0 0 0 0 0 0 0 0 0 0 0 0 0 0 0 0 0 0 0 0 0 0 0 0 0 0 0 0 0 0 0 0 0 0 0 0 0 0 0 0 0 0 0 0 0 0 0 0 0 1 0 0 0 0 0 0 0 0 0 0 0 0 0 0 0 0 0 0 0 0 0 0 0 0 0 0 0 0 0 0 0 0 0 0 0 0 0 0 0 0 0 0 0 0 0 0]
[10774781009122448181984916584331081374134111760526771719004016068550236065987519826697319452392185021039104886143975249978922816484925248451161140632988929527700708773657494298063887289246186843243571985745133338751504373574023920354838426979191914428352783430455206942688029312275501384127896176787567641146244359322 0 0 0 0 0 0 0 0 0 0 0 0 0 0 0 0 0 0 0 0 0 0 0 0 0 0 0 0 0 0 0 0 0 0 0 0 0 0 0 0 0 0 0 0 0 0 0 0 0 0 0 0 0 0 0 0 0 0 1 0 0 0 0 0 0 0 0 0 0 0 0 0 0 0 0 0 0 0 0 0 0 0 0 0 0 0 0 0 0 0 0 0 0 0 0 0 0 0 0 0 0 0 0 0]
[4318470163048032809942967125101607279673889294854363622617194237099156555574131718689301304746802379594767089678179974555869712336001398174922970069946503028169734549816749682726045288156822886587832051849825648048275540576210961172233134357473414200486048830471002280404754657217363703413629362688671544876430278148 0 0 0 0 0 0 0 0 0 0 0 0 0 0 0 0 0 0 0 0 0 0 0 0 0 0 0 0 0 0 0 0 0 0 0 0 0 0 0 0 0 0 0 0 0 0 0 0 0 0 0 0 0 0 0 0 0 0 0 1 0 0 0 0 0 0 0 0 0 0 0 0 0 0 0 0 0 0 0 0 0 0 0 0 0 0 0 0 0 0 0 0 0 0 0 0 0 0 0 0 0 0 0 0]
[11077032673668507374209559482672542098313579099043545994263826876471677135032663185858159520340821677756002536672757098224270668495194869308076706713238950888466642598832176728595647620309754961732513616308884301749927851278322650779631302697964914191242164867194492390741722395859747078831958624603154261522722207676 0 0 0 0 0 0 0 0 0 0 0 0 0 0 0 0 0 0 0 0 0 0 0 0 0 0 0 0 0 0 0 0 0 0 0 0 0 0 0 0 0 0 0 0 0 0 0 0 0 0 0 0 0 0 0 0 0 0 0 0 1 0 0 0 0 0 0 0 0 0 0 0 0 0 0 0 0 0 0 0 0 0 0 0 0 0 0 0 0 0 0 0 0 0 0 0 0 0 0 0 0 0 0 0]
[8160438833153695225912984908097564877032288144797896101474336469502531781254890309395213362506074039934349223264516336012568139727131128732066992508760085719939780369317064730809853609710385246379794358288849420700358513836246595180027382680089904317886589581063867086805140036432993215062611536135143018548902328972 0 0 0 0 0 0 0 0 0 0 0 0 0 0 0 0 0 0 0 0 0 0 0 0 0 0 0 0 0 0 0 0 0 0 0 0 0 0 0 0 0 0 0 0 0 0 0 0 0 0 0 0 0 0 0 0 0 0 0 0 0 1 0 0 0 0 0 0 0 0 0 0 0 0 0 0 0 0 0 0 0 0 0 0 0 0 0 0 0 0 0 0 0 0 0 0 0 0 0 0 0 0 0 0]
[7721544488559899622651442896403754570472513705339514562199212800117668713256223795366937515711679886242627535598653558748835702662976816402989772301844618266472706431537889500076346106363160699538182528407149897825738773872732254325662258892330221272419989127401711512149926497151204596884986572693577886274471332779 0 0 0 0 0 0 0 0 0 0 0 0 0 0 0 0 0 0 0 0 0 0 0 0 0 0 0 0 0 0 0 0 0 0 0 0 0 0 0 0 0 0 0 0 0 0 0 0 0 0 0 0 0 0 0 0 0 0 0 0 0 0 1 0 0 0 0 0 0 0 0 0 0 0 0 0 0 0 0 0 0 0 0 0 0 0 0 0 0 0 0 0 0 0 0 0 0 0 0 0 0 0 0 0]
[4265315894825668121760655460402186061213735519559633516382664644978729713140967449179724097356664212379654852700188487686396837364519843384660287188810658307851499986093091761772678345580282283191978206636279089980251509257295919606837881457406959735849557720053445327242192797640223791488485310275425393744742983694 0 0 0 0 0 0 0 0 0 0 0 0 0 0 0 0 0 0 0 0 0 0 0 0 0 0 0 0 0 0 0 0 0 0 0 0 0 0 0 0 0 0 0 0 0 0 0 0 0 0 0 0 0 0 0 0 0 0 0 0 0 0 0 1 0 0 0 0 0 0 0 0 0 0 0 0 0 0 0 0 0 0 0 0 0 0 0 0 0 0 0 0 0 0 0 0 0 0 0 0 0 0 0 0]
[8889523557213873570231550524891706953749440544922057632738599492413550734391358118290375030448535357772278857622717371247106664592559898032023684743934778312598451528394254700430042814658625120967846036163912602857798320411179300339286103024311542671840838623538859953287075040914067038511721290158243631556056403206 0 0 0 0 0 0 0 0 0 0 0 0 0 0 0 0 0 0 0 0 0 0 0 0 0 0 0 0 0 0 0 0 0 0 0 0 0 0 0 0 0 0 0 0 0 0 0 0 0 0 0 0 0 0 0 0 0 0 0 0 0 0 0 0 1 0 0 0 0 0 0 0 0 0 0 0 0 0 0 0 0 0 0 0 0 0 0 0 0 0 0 0 0 0 0 0 0 0 0 0 0 0 0 0]
[2775768613779353586713276714032448513360741275299031252541118512376565131773153985309308693072913267911613734889145107658180632021725971094145617984461591558798516865178463667511218904871494268813772464306432872743711306891952750269262177464779195826123440186216187442545263987911226511698029764906258080450426023966 0 0 0 0 0 0 0 0 0 0 0 0 0 0 0 0 0 0 0 0 0 0 0 0 0 0 0 0 0 0 0 0 0 0 0 0 0 0 0 0 0 0 0 0 0 0 0 0 0 0 0 0 0 0 0 0 0 0 0 0 0 0 0 0 0 1 0 0 0 0 0 0 0 0 0 0 0 0 0 0 0 0 0 0 0 0 0 0 0 0 0 0 0 0 0 0 0 0 0 0 0 0 0 0]
[6058548642724967786996352633816823380406030789733068455405847276727844924889313338653654367807193339524139059291808547318110714450509522739143283855080025596574360757763109955816515833124472970330958371116330421696737545325042478324058976737863704957471099675232059548689301962847377523676231560868782371949486835554 0 0 0 0 0 0 0 0 0 0 0 0 0 0 0 0 0 0 0 0 0 0 0 0 0 0 0 0 0 0 0 0 0 0 0 0 0 0 0 0 0 0 0 0 0 0 0 0 0 0 0 0 0 0 0 0 0 0 0 0 0 0 0 0 0 0 1 0 0 0 0 0 0 0 0 0 0 0 0 0 0 0 0 0 0 0 0 0 0 0 0 0 0 0 0 0 0 0 0 0 0 0 0 0]
[2518953978341968759091858591649191787196196255855834969743777027636271959055727519871748747745160323827691084407532322124414069716075890516135251139765468503618135396278626162701497012758458347787862007169357776145185722998042787850487593403860963614363109813527911590591785865272244398127972982412520786843779197323 0 0 0 0 0 0 0 0 0 0 0 0 0 0 0 0 0 0 0 0 0 0 0 0 0 0 0 0 0 0 0 0 0 0 0 0 0 0 0 0 0 0 0 0 0 0 0 0 0 0 0 0 0 0 0 0 0 0 0 0 0 0 0 0 0 0 0 1 0 0 0 0 0 0 0 0 0 0 0 0 0 0 0 0 0 0 0 0 0 0 0 0 0 0 0 0 0 0 0 0 0 0 0 0]
[4442921399921209849843943972311505644215993367853332571452542989539958017406819777074219319987090812019064767466691973207696949617755071273907648980102160696834719250991872858256713390995021488229144443279016895938437266772989692170726258454141287605303406076825643538283922641592206230795325618232975950787761992217 0 0 0 0 0 0 0 0 0 0 0 0 0 0 0 0 0 0 0 0 0 0 0 0 0 0 0 0 0 0 0 0 0 0 0 0 0 0 0 0 0 0 0 0 0 0 0 0 0 0 0 0 0 0 0 0 0 0 0 0 0 0 0 0 0 0 0 0 1 0 0 0 0 0 0 0 0 0 0 0 0 0 0 0 0 0 0 0 0 0 0 0 0 0 0 0 0 0 0 0 0 0 0 0]
[9867196297547416312056442323532283527181359232094885884704536580957928303038123551925010488262759458706047230474658020318271150667788238202883371715777174408356358865653933491848094842057096173586211139219736962465667662930675817802162529471192862533372510932257779976260676558405249053290961458331169609930942950692 0 0 0 0 0 0 0 0 0 0 0 0 0 0 0 0 0 0 0 0 0 0 0 0 0 0 0 0 0 0 0 0 0 0 0 0 0 0 0 0 0 0 0 0 0 0 0 0 0 0 0 0 0 0 0 0 0 0 0 0 0 0 0 0 0 0 0 0 0 1 0 0 0 0 0 0 0 0 0 0 0 0 0 0 0 0 0 0 0 0 0 0 0 0 0 0 0 0 0 0 0 0 0 0]
[2868543400517242026460364228693878891282310871000324880959824913342624280831374985291161408231300027571599518918882824345969114434003972404880213548636443779899054582037738928878221911418657157625971636983139942491866213166342046468479202786529116008935813215123031803938142764830038818339960277012137590845614992229 0 0 0 0 0 0 0 0 0 0 0 0 0 0 0 0 0 0 0 0 0 0 0 0 0 0 0 0 0 0 0 0 0 0 0 0 0 0 0 0 0 0 0 0 0 0 0 0 0 0 0 0 0 0 0 0 0 0 0 0 0 0 0 0 0 0 0 0 0 0 1 0 0 0 0 0 0 0 0 0 0 0 0 0 0 0 0 0 0 0 0 0 0 0 0 0 0 0 0 0 0 0 0 0]
[8987345097551494340135420592491031882334503385164565083631941340435875989555050534060822273013851448577761063696269266817556394719487502241818946755862536826054252431514398394962962751148546912942939660924755296015417422761100984623570899603418768789684503512192910517269042118782219172137431044210998269565962015545 0 0 0 0 0 0 0 0 0 0 0 0 0 0 0 0 0 0 0 0 0 0 0 0 0 0 0 0 0 0 0 0 0 0 0 0 0 0 0 0 0 0 0 0 0 0 0 0 0 0 0 0 0 0 0 0 0 0 0 0 0 0 0 0 0 0 0 0 0 0 0 1 0 0 0 0 0 0 0 0 0 0 0 0 0 0 0 0 0 0 0 0 0 0 0 0 0 0 0 0 0 0 0 0]
[4950331823647439609037584209831339223788262756384990857753138313754024532764350802184131558159045846627980779611510969342193025620143997775514734307689420946179954262155165338226318609910497059057046693246157272730523782244219503928823158651983930773869478736969036137473973891598731769007837160758049664242404188213 0 0 0 0 0 0 0 0 0 0 0 0 0 0 0 0 0 0 0 0 0 0 0 0 0 0 0 0 0 0 0 0 0 0 0 0 0 0 0 0 0 0 0 0 0 0 0 0 0 0 0 0 0 0 0 0 0 0 0 0 0 0 0 0 0 0 0 0 0 0 0 0 1 0 0 0 0 0 0 0 0 0 0 0 0 0 0 0 0 0 0 0 0 0 0 0 0 0 0 0 0 0 0 0]
[9960768358165801137172632981482347541304774440694638279659285739533904552255128742090696413211580022528306109477241330231189685648781788969285860898988398794947726238782247314327356841479317023107406762855628875955638802369942745452885372333061469147440917210187807703292752604632934079430750396937719856342860119272 0 0 0 0 0 0 0 0 0 0 0 0 0 0 0 0 0 0 0 0 0 0 0 0 0 0 0 0 0 0 0 0 0 0 0 0 0 0 0 0 0 0 0 0 0 0 0 0 0 0 0 0 0 0 0 0 0 0 0 0 0 0 0 0 0 0 0 0 0 0 0 0 0 1 0 0 0 0 0 0 0 0 0 0 0 0 0 0 0 0 0 0 0 0 0 0 0 0 0 0 0 0 0 0]
[6161818187673137909878405177763425976861314070194421239081454474886327852978635806175077735820618930385282431862210232756335093708606267794820695798657231572105493509831490533670361548897690361166869573321987810000813560792999889034764687831818699494783500141825910737059784380487804422540990859956379073864090822857 0 0 0 0 0 0 0 0 0 0 0 0 0 0 0 0 0 0 0 0 0 0 0 0 0 0 0 0 0 0 0 0 0 0 0 0 0 0 0 0 0 0 0 0 0 0 0 0 0 0 0 0 0 0 0 0 0 0 0 0 0 0 0 0 0 0 0 0 0 0 0 0 0 0 1 0 0 0 0 0 0 0 0 0 0 0 0 0 0 0 0 0 0 0 0 0 0 0 0 0 0 0 0 0]
[3864049471373045308343106153266381313535151483606517476292810351572089264946460277406268538307597569491452551870897279029919978085341995864211477692901099914689858046646834440042721634043810400173518908850463283382224743745623061468703499510554280424113260706980877008660283101057263016319162598906873992656120546907 0 0 0 0 0 0 0 0 0 0 0 0 0 0 0 0 0 0 0 0 0 0 0 0 0 0 0 0 0 0 0 0 0 0 0 0 0 0 0 0 0 0 0 0 0 0 0 0 0 0 0 0 0 0 0 0 0 0 0 0 0 0 0 0 0 0 0 0 0 0 0 0 0 0 0 1 0 0 0 0 0 0 0 0 0 0 0 0 0 0 0 0 0 0 0 0 0 0 0 0 0 0 0 0]
[1870037527903789675428014717649161689650257516695546545095457908498914466989146962850187947756939028473004861332464095487665090044652723188109875775997461409068506531983801746063993784751554687290792348011201551836381937620531655546668287024098149479456946056315814667604039744465231956894701714742583051685249199613 0 0 0 0 0 0 0 0 0 0 0 0 0 0 0 0 0 0 0 0 0 0 0 0 0 0 0 0 0 0 0 0 0 0 0 0 0 0 0 0 0 0 0 0 0 0 0 0 0 0 0 0 0 0 0 0 0 0 0 0 0 0 0 0 0 0 0 0 0 0 0 0 0 0 0 0 1 0 0 0 0 0 0 0 0 0 0 0 0 0 0 0 0 0 0 0 0 0 0 0 0 0 0 0]
[9778374816299468937764167654768465566631488339114158402630874488747588983004589042396373010699936268012491906798406178055773925408402527785170854601472552222859720506205027240177665156610218212536081347338937907771544517484767573353523428042928445859321374449959857935278779964372911548317547526957930954499315926563 0 0 0 0 0 0 0 0 0 0 0 0 0 0 0 0 0 0 0 0 0 0 0 0 0 0 0 0 0 0 0 0 0 0 0 0 0 0 0 0 0 0 0 0 0 0 0 0 0 0 0 0 0 0 0 0 0 0 0 0 0 0 0 0 0 0 0 0 0 0 0 0 0 0 0 0 0 1 0 0 0 0 0 0 0 0 0 0 0 0 0 0 0 0 0 0 0 0 0 0 0 0 0 0]
[9156128056787755146796826409290179302658249430945802151096562635734217529583455963418007730447450832797178808114713478577472097091346002509108775826599564595328128808515621296055629974978039119349155310253657334047203803681500726411595807273441862281498939744152095832634904762310396550372627743542799786265841283745 0 0 0 0 0 0 0 0 0 0 0 0 0 0 0 0 0 0 0 0 0 0 0 0 0 0 0 0 0 0 0 0 0 0 0 0 0 0 0 0 0 0 0 0 0 0 0 0 0 0 0 0 0 0 0 0 0 0 0 0 0 0 0 0 0 0 0 0 0 0 0 0 0 0 0 0 0 0 1 0 0 0 0 0 0 0 0 0 0 0 0 0 0 0 0 0 0 0 0 0 0 0 0 0]
[609342397739832414504216141949705511775710511465045327541054637113103119044702890861724479784906284503958126030970865178340209810527436730289295618302626058859002253355460878486664946444503062182856171258244770097353290835789485043805537964586410184672835896181993666883449839161154744363485927743075106058829482632 0 0 0 0 0 0 0 0 0 0 0 0 0 0 0 0 0 0 0 0 0 0 0 0 0 0 0 0 0 0 0 0 0 0 0 0 0 0 0 0 0 0 0 0 0 0 0 0 0 0 0 0 0 0 0 0 0 0 0 0 0 0 0 0 0 0 0 0 0 0 0 0 0 0 0 0 0 0 0 1 0 0 0 0 0 0 0 0 0 0 0 0 0 0 0 0 0 0 0 0 0 0 0 0]
[4995021243374633509373479582365413348187367181389043728159020316506179850380642028289757954056881615149647410082119822669918987977415506184677241568198381679910706062570802226562422179852437342264383477672118642351212411609465597987670918497929627257433675653976035367662481589537062381923927998796897204940522070165 0 0 0 0 0 0 0 0 0 0 0 0 0 0 0 0 0 0 0 0 0 0 0 0 0 0 0 0 0 0 0 0 0 0 0 0 0 0 0 0 0 0 0 0 0 0 0 0 0 0 0 0 0 0 0 0 0 0 0 0 0 0 0 0 0 0 0 0 0 0 0 0 0 0 0 0 0 0 0 0 1 0 0 0 0 0 0 0 0 0 0 0 0 0 0 0 0 0 0 0 0 0 0 0]
[5059065801227927533788713340008322813946929745618002444105944145158692692684083745690326726927704983736964828632179523558227719529969614253673332055737108288256327349836345593280757083769665108741543256180607467661574146802908398791730708830319999210905611914989986468892398118756803992549027933962488830566117382094 0 0 0 0 0 0 0 0 0 0 0 0 0 0 0 0 0 0 0 0 0 0 0 0 0 0 0 0 0 0 0 0 0 0 0 0 0 0 0 0 0 0 0 0 0 0 0 0 0 0 0 0 0 0 0 0 0 0 0 0 0 0 0 0 0 0 0 0 0 0 0 0 0 0 0 0 0 0 0 0 0 1 0 0 0 0 0 0 0 0 0 0 0 0 0 0 0 0 0 0 0 0 0 0]
[2425861939014181960114633871745684233096926070403460258734573980671666073698329747224427853878750144590710949429240304531036800397051595953702667764620630566713638383265842188698871574020480488060295426021348152819961365385291189565912848307048133977748702619028403585602669509022706915945812290785831198391514994232 0 0 0 0 0 0 0 0 0 0 0 0 0 0 0 0 0 0 0 0 0 0 0 0 0 0 0 0 0 0 0 0 0 0 0 0 0 0 0 0 0 0 0 0 0 0 0 0 0 0 0 0 0 0 0 0 0 0 0 0 0 0 0 0 0 0 0 0 0 0 0 0 0 0 0 0 0 0 0 0 0 0 1 0 0 0 0 0 0 0 0 0 0 0 0 0 0 0 0 0 0 0 0 0]
[3288635816562642803703797972117112587108672431145646578699426536434752261120566991220449584805656297379897427182220495808444572990348551847284382651019823787888716778964519017626274921100928885387834946807938098744663180279619620798233163858139666187713557583928068149080625933905822471085319274808951718162783177065 0 0 0 0 0 0 0 0 0 0 0 0 0 0 0 0 0 0 0 0 0 0 0 0 0 0 0 0 0 0 0 0 0 0 0 0 0 0 0 0 0 0 0 0 0 0 0 0 0 0 0 0 0 0 0 0 0 0 0 0 0 0 0 0 0 0 0 0 0 0 0 0 0 0 0 0 0 0 0 0 0 0 0 1 0 0 0 0 0 0 0 0 0 0 0 0 0 0 0 0 0 0 0 0]
[9126555911036848047456207956045736056868247620847162361047231396403960210093197370968147380687131488585131263033299768972956581814779655958682791016075948747964109983891088616769007320409987782099136263715987782062861656952261446893693231123785568469132242151153961762691292643957879593336940236456140083469953371710 0 0 0 0 0 0 0 0 0 0 0 0 0 0 0 0 0 0 0 0 0 0 0 0 0 0 0 0 0 0 0 0 0 0 0 0 0 0 0 0 0 0 0 0 0 0 0 0 0 0 0 0 0 0 0 0 0 0 0 0 0 0 0 0 0 0 0 0 0 0 0 0 0 0 0 0 0 0 0 0 0 0 0 0 1 0 0 0 0 0 0 0 0 0 0 0 0 0 0 0 0 0 0 0]
[3251143064925628356211923846614565542926715168359823161560755531624386288794843598031487019284969247084430648917000522469802925804045173224411333804419664922881689665675152143353693402340186161919774333251037407315203322375676164879579920383232580076716337077700953622140342674251430842417018645035842207617894748590 0 0 0 0 0 0 0 0 0 0 0 0 0 0 0 0 0 0 0 0 0 0 0 0 0 0 0 0 0 0 0 0 0 0 0 0 0 0 0 0 0 0 0 0 0 0 0 0 0 0 0 0 0 0 0 0 0 0 0 0 0 0 0 0 0 0 0 0 0 0 0 0 0 0 0 0 0 0 0 0 0 0 0 0 0 1 0 0 0 0 0 0 0 0 0 0 0 0 0 0 0 0 0 0]
[3176812263981288258585380548702279156137499344272173188707261706292264455870562454608079119996560458577748710071705082200420828512639278203876145001626208329680130779208173377305284365514413772053097265713547781965423759893986915718889307560759165154333313593854308820516114721706964246929331939166932597722892269063 0 0 0 0 0 0 0 0 0 0 0 0 0 0 0 0 0 0 0 0 0 0 0 0 0 0 0 0 0 0 0 0 0 0 0 0 0 0 0 0 0 0 0 0 0 0 0 0 0 0 0 0 0 0 0 0 0 0 0 0 0 0 0 0 0 0 0 0 0 0 0 0 0 0 0 0 0 0 0 0 0 0 0 0 0 0 1 0 0 0 0 0 0 0 0 0 0 0 0 0 0 0 0 0]
[9541968011952273984443810271325894106382257946691635577676551571127497912833207058036084430030600085308103555069502154269672381377627908495265719742629394358018193714324450957867724401768535841837708389013163118013908271633511941954937693682321709686340739831823524927181082237811319178362916113535120832316687819466 0 0 0 0 0 0 0 0 0 0 0 0 0 0 0 0 0 0 0 0 0 0 0 0 0 0 0 0 0 0 0 0 0 0 0 0 0 0 0 0 0 0 0 0 0 0 0 0 0 0 0 0 0 0 0 0 0 0 0 0 0 0 0 0 0 0 0 0 0 0 0 0 0 0 0 0 0 0 0 0 0 0 0 0 0 0 0 1 0 0 0 0 0 0 0 0 0 0 0 0 0 0 0 0]
[10672248091345897352164084456202528786323909832440227056572313179438658117215620084985020584563345081924723403052849084314624111668264370564933591075388085253531773107656782149724238993649659914979929898551247269375254527664437347314691180463706886814034397626127726246989415627666463998123919418289600002588943147162 0 0 0 0 0 0 0 0 0 0 0 0 0 0 0 0 0 0 0 0 0 0 0 0 0 0 0 0 0 0 0 0 0 0 0 0 0 0 0 0 0 0 0 0 0 0 0 0 0 0 0 0 0 0 0 0 0 0 0 0 0 0 0 0 0 0 0 0 0 0 0 0 0 0 0 0 0 0 0 0 0 0 0 0 0 0 0 0 1 0 0 0 0 0 0 0 0 0 0 0 0 0 0 0]
[7765354056790677184522916116609128755420077669975808097606479459820245351519875090228397492337773045131757298640375016232856876460920900321328982116818589553555127861737665710533723104420343906933362447196883558639017445754581470979905633437318257829860283408127621774270112393285512615489495308139329696501334800974 0 0 0 0 0 0 0 0 0 0 0 0 0 0 0 0 0 0 0 0 0 0 0 0 0 0 0 0 0 0 0 0 0 0 0 0 0 0 0 0 0 0 0 0 0 0 0 0 0 0 0 0 0 0 0 0 0 0 0 0 0 0 0 0 0 0 0 0 0 0 0 0 0 0 0 0 0 0 0 0 0 0 0 0 0 0 0 0 0 1 0 0 0 0 0 0 0 0 0 0 0 0 0 0]
[3569130522167654955263809141426275455551183566460892839404633959414210109741568038804810169275043288201299403901370013316400913742120639101476894897619485438149430530067073343655058301162114800197495845344807527408287419840403214925733879320999790716024756227815705893915146195889611750184921009894593714640664655568 0 0 0 0 0 0 0 0 0 0 0 0 0 0 0 0 0 0 0 0 0 0 0 0 0 0 0 0 0 0 0 0 0 0 0 0 0 0 0 0 0 0 0 0 0 0 0 0 0 0 0 0 0 0 0 0 0 0 0 0 0 0 0 0 0 0 0 0 0 0 0 0 0 0 0 0 0 0 0 0 0 0 0 0 0 0 0 0 0 0 1 0 0 0 0 0 0 0 0 0 0 0 0 0]
[4244710295412693561109698973382724485692375311265617993057506046856519567383834290448662688719088218232251367186252378379320915346908887622792198118534339782707367166037280477700301703460391744130265838758723527719119844632703682633621320851391389350364798411007538710097207738649615318682753149022870469524878170220 0 0 0 0 0 0 0 0 0 0 0 0 0 0 0 0 0 0 0 0 0 0 0 0 0 0 0 0 0 0 0 0 0 0 0 0 0 0 0 0 0 0 0 0 0 0 0 0 0 0 0 0 0 0 0 0 0 0 0 0 0 0 0 0 0 0 0 0 0 0 0 0 0 0 0 0 0 0 0 0 0 0 0 0 0 0 0 0 0 0 0 1 0 0 0 0 0 0 0 0 0 0 0 0]
[8192323808289118095134297279835328168294777849995052912654161517390882969756124709590867261309020160882945274998347589409636286765143149529532274682237174796320337689998286994767597112949702407455860443754083487533699635563090532407480105784881912635887684768907587068394294944879099644878863910453426350484286337222 0 0 0 0 0 0 0 0 0 0 0 0 0 0 0 0 0 0 0 0 0 0 0 0 0 0 0 0 0 0 0 0 0 0 0 0 0 0 0 0 0 0 0 0 0 0 0 0 0 0 0 0 0 0 0 0 0 0 0 0 0 0 0 0 0 0 0 0 0 0 0 0 0 0 0 0 0 0 0 0 0 0 0 0 0 0 0 0 0 0 0 0 1 0 0 0 0 0 0 0 0 0 0 0]
[5504588870750928125056902483468198025152444858310112264648450498554176335870791417826232124980330244751755166885110487163237581843251308800327837383775652943883681641555978762091277077065461621682807426571623394111351552779012572077723244181329799492227594821040128954977705965433650020800412800248128443804606305415 0 0 0 0 0 0 0 0 0 0 0 0 0 0 0 0 0 0 0 0 0 0 0 0 0 0 0 0 0 0 0 0 0 0 0 0 0 0 0 0 0 0 0 0 0 0 0 0 0 0 0 0 0 0 0 0 0 0 0 0 0 0 0 0 0 0 0 0 0 0 0 0 0 0 0 0 0 0 0 0 0 0 0 0 0 0 0 0 0 0 0 0 0 1 0 0 0 0 0 0 0 0 0 0]
[8332698190958062561700891064985543181018626623614475025881586204793012751386339332063428672377212282252895973840191378586943147307716996477415001038197528548822686618680705069263560639072096115139908525847715477283627148421823952432983499570723034919464342454830210792099767015597592100088018625836455185915192009750 0 0 0 0 0 0 0 0 0 0 0 0 0 0 0 0 0 0 0 0 0 0 0 0 0 0 0 0 0 0 0 0 0 0 0 0 0 0 0 0 0 0 0 0 0 0 0 0 0 0 0 0 0 0 0 0 0 0 0 0 0 0 0 0 0 0 0 0 0 0 0 0 0 0 0 0 0 0 0 0 0 0 0 0 0 0 0 0 0 0 0 0 0 0 1 0 0 0 0 0 0 0 0 0]
[1772542824591480965987409222148828094749743903330226494261173991886174534974974113932832718825384814708479045098478753259554382452493522734168031573026552310990972778218111121022993157371972127748914016356889525360871576467797175360717749743557135895180783373334345368597662738302841764238346658587871043595809377991 0 0 0 0 0 0 0 0 0 0 0 0 0 0 0 0 0 0 0 0 0 0 0 0 0 0 0 0 0 0 0 0 0 0 0 0 0 0 0 0 0 0 0 0 0 0 0 0 0 0 0 0 0 0 0 0 0 0 0 0 0 0 0 0 0 0 0 0 0 0 0 0 0 0 0 0 0 0 0 0 0 0 0 0 0 0 0 0 0 0 0 0 0 0 0 1 0 0 0 0 0 0 0 0]
[9483396451535839163008543574802290912146008403428620135058426848349620277097481259153198628256096004386481399334435610309664051924693882433145262583653852486560913210253820863321403994190531112634760767496318406483500218751607428441694932345845721862147645642259889478049509418294856456643162725614136414005563468302 0 0 0 0 0 0 0 0 0 0 0 0 0 0 0 0 0 0 0 0 0 0 0 0 0 0 0 0 0 0 0 0 0 0 0 0 0 0 0 0 0 0 0 0 0 0 0 0 0 0 0 0 0 0 0 0 0 0 0 0 0 0 0 0 0 0 0 0 0 0 0 0 0 0 0 0 0 0 0 0 0 0 0 0 0 0 0 0 0 0 0 0 0 0 0 0 1 0 0 0 0 0 0 0]
[3261343654955439533257835719254955374528192320063681792604404447307911861593431220064262706269879846291168766438621262668608936822453202198580785734282158689128314301236395366587420795710371846918827460812561551804113508419758791559135406147239768699950731499117760837884271937344826768045892458997239751835330606218 0 0 0 0 0 0 0 0 0 0 0 0 0 0 0 0 0 0 0 0 0 0 0 0 0 0 0 0 0 0 0 0 0 0 0 0 0 0 0 0 0 0 0 0 0 0 0 0 0 0 0 0 0 0 0 0 0 0 0 0 0 0 0 0 0 0 0 0 0 0 0 0 0 0 0 0 0 0 0 0 0 0 0 0 0 0 0 0 0 0 0 0 0 0 0 0 0 1 0 0 0 0 0 0]
[863801412533149414418826131421588873973013644914135155940671270996008252960269700466160563716056852119090868841489094716687234846227042909028927783856815941794526089893234460682343572589899327418833896418132887887835023052088520783286105798958732216230077722256863068633975086097776402907423335725886688300511385473 0 0 0 0 0 0 0 0 0 0 0 0 0 0 0 0 0 0 0 0 0 0 0 0 0 0 0 0 0 0 0 0 0 0 0 0 0 0 0 0 0 0 0 0 0 0 0 0 0 0 0 0 0 0 0 0 0 0 0 0 0 0 0 0 0 0 0 0 0 0 0 0 0 0 0 0 0 0 0 0 0 0 0 0 0 0 0 0 0 0 0 0 0 0 0 0 0 0 1 0 0 0 0 0]
[10557488097471942484588739376002482875876976168500222753262060051259051684425781980670119176734701873038016027321147560045647686323060876217119728051105910636830822532924252747361711614127171476504468766618676791714059520490611885876033392938611802625805094326718690078652565739964107112757318629270707058723098111890 0 0 0 0 0 0 0 0 0 0 0 0 0 0 0 0 0 0 0 0 0 0 0 0 0 0 0 0 0 0 0 0 0 0 0 0 0 0 0 0 0 0 0 0 0 0 0 0 0 0 0 0 0 0 0 0 0 0 0 0 0 0 0 0 0 0 0 0 0 0 0 0 0 0 0 0 0 0 0 0 0 0 0 0 0 0 0 0 0 0 0 0 0 0 0 0 0 0 0 1 0 0 0 0]
[7113429615478891371012650808230009431719600025097765746144058847136409694930627370316545307165374102824326313950073732040929024641214253043784130645932491844461830974178439309126652570318422099551568301156223958424706326547437550841222503924264403028189143647541278821498510462631273308673438815042380502959689047975 0 0 0 0 0 0 0 0 0 0 0 0 0 0 0 0 0 0 0 0 0 0 0 0 0 0 0 0 0 0 0 0 0 0 0 0 0 0 0 0 0 0 0 0 0 0 0 0 0 0 0 0 0 0 0 0 0 0 0 0 0 0 0 0 0 0 0 0 0 0 0 0 0 0 0 0 0 0 0 0 0 0 0 0 0 0 0 0 0 0 0 0 0 0 0 0 0 0 0 0 1 0 0 0]
[6989843977416169665181679710114641849633150651180061116999419154968869695417562748648562279644321942987227951090419795784243718398530579657084816716012813300693078989460348768036218146365480630780356159511416723597242459671165791396710368555014220173709304598813372861149624851881721797462641260724456051713390759239 0 0 0 0 0 0 0 0 0 0 0 0 0 0 0 0 0 0 0 0 0 0 0 0 0 0 0 0 0 0 0 0 0 0 0 0 0 0 0 0 0 0 0 0 0 0 0 0 0 0 0 0 0 0 0 0 0 0 0 0 0 0 0 0 0 0 0 0 0 0 0 0 0 0 0 0 0 0 0 0 0 0 0 0 0 0 0 0 0 0 0 0 0 0 0 0 0 0 0 0 0 1 0 0]
[1735608143618190675780156823132276407294960272494667264750074918544546128608815602121171009759373933451610884520675483326753911205728992498487815009366504782979903568115379575853504071645515004888768826676804757746768247492408792216468010535810141005960848402951831793606127147183999252775003004409409727792944916341 0 0 0 0 0 0 0 0 0 0 0 0 0 0 0 0 0 0 0 0 0 0 0 0 0 0 0 0 0 0 0 0 0 0 0 0 0 0 0 0 0 0 0 0 0 0 0 0 0 0 0 0 0 0 0 0 0 0 0 0 0 0 0 0 0 0 0 0 0 0 0 0 0 0 0 0 0 0 0 0 0 0 0 0 0 0 0 0 0 0 0 0 0 0 0 0 0 0 0 0 0 0 1 0]
[6225586123283959057134723102775433461545660479656703484557165413091030793655951501353482144268980651732631353469245580511024995502421535202218250478538697246703883904756555963024507415525328843141418694866166436419830881877051610071114580794451737375277996265764270566614566418593319714969939161419733779278284984199 0 0 0 0 0 0 0 0 0 0 0 0 0 0 0 0 0 0 0 0 0 0 0 0 0 0 0 0 0 0 0 0 0 0 0 0 0 0 0 0 0 0 0 0 0 0 0 0 0 0 0 0 0 0 0 0 0 0 0 0 0 0 0 0 0 0 0 0 0 0 0 0 0 0 0 0 0 0 0 0 0 0 0 0 0 0 0 0 0 0 0 0 0 0 0 0 0 0 0 0 0 0 0 1]
]
