[[9933723294445586931985023338418089586978339283707084119939009532596598075791988464268370701093897718636532283371853505777107008128151460649083050018076215385222760705304495941846789795122274615876467890110749496865060026599988249909678263932556830342883890577145884353073883822636696449432940184084287318440285916619 0 0 0 0 0 0 0 0 0 0 0 0 0 0 0 0 0 0 0 0 0 0 0 0 0 0 0 0 0 0 0 0 0 0 0 0 0 0 0 0 0 0 0 0 0 0 0 0 0 0 0 0 0 0 0 0 0 0 0 0 0 0 0 0 0 0 0 0 0 0 0 0 0 0 0 0 0 0 0 0 0 0 0 0 0 0 0 0 0 0 0 0 0 0 0 0 0 0 0 0 0 0 0 0]
[9262712533101844411647614128174576434947212875283655277658684424220914073504595961090626978995735975279885729694986009616457789882460533923192987423467618816322051741278614612148766278024325921243070582391001665336124726648609877925506901023278234523920348534622838798577598351522139706405877078285871484987466163798 1 0 0 0 0 0 0 0 0 0 0 0 0 0 0 0 0 0 0 0 0 0 0 0 0 0 0 0 0 0 0 0 0 0 0 0 0 0 0 0 0 0 0 0 0 0 0 0 0 0 0 0 0 0 0 0 0 0 0 0 0 0 0 0 0 0 0 0 0 0 0 0 0 0 0 0 0 0 0 0 0 0 0 0 0 0 0 0 0 0 0 0 0 0 0 0 0 0 0 0 0 0 0 0]
[7344467794206114418845683370901322403337678716705842990471031513483694789231658800712880932242843489972707354779372372614025675566645026441302668014686083814305246609880369663816803624041141780555265994776126413307053616777992470374832930631364059242407146372002848166197913239314821258909804436101393938561860006471 0 1 0 0 0 0 0 0 0 0 0 0 0 0 0 0 0 0 0 0 0 0 0 0 0 0 0 0 0 0 0 0 0 0 0 0 0 0 0 0 0 0 0 0 0 0 0 0 0 0 0 0 0 0 0 0 0 0 0 0 0 0 0 0 0 0 0 0 0 0 0 0 0 0 0 0 0 0 0 0 0 0 0 0 0 0 0 0 0 0 0 0 0 0 0 0 0 0 0 0 0 0 0 0]
[8422144708913697663091265627601027654226574773725341796016460159208368951776974998286643966640602287343395034555772465094495743261513918548219527256354506644669826573110115733298888355634821026410216428310162343346814376903274069434878440183559879174092131515454686051686474853032286555921252181084234172836539203654 0 0 1 0 0 0 0 0 0 0 0 0 0 0 0 0 0 0 0 0 0 0 0 0 0 0 0 0 0 0 0 0 0 0 0 0 0 0 0 0 0 0 0 0 0 0 0 0 0 0 0 0 0 0 0 0 0 0 0 0 0 0 0 0 0 0 0 0 0 0 0 0 0 0 0 0 0 0 0 0 0 0 0 0 0 0 0 0 0 0 0 0 0 0 0 0 0 0 0 0 0 0 0 0]
[3710028000787310587866277099777682561757129054613207566667470585271983547754722638410886154590950520164948569844805466177884630383040062247904111166748330064276121585033370985863767770876912139004741036455159676938170488475531297027856030802520545962282719981171474514457258690284028711922533782811250738393585339286 0 0 0 1 0 0 0 0 0 0 0 0 0 0 0 0 0 0 0 0 0 0 0 0 0 0 0 0 0 0 0 0 0 0 0 0 0 0 0 0 0 0 0 0 0 0 0 0 0 0 0 0 0 0 0 0 0 0 0 0 0 0 0 0 0 0 0 0 0 0 0 0 0 0 0 0 0 0 0 0 0 0 0 0 0 0 0 0 0 0 0 0 0 0 0 0 0 0 0 0 0 0 0 0]
[3028726165750208148639752530822285460122330368911170156562710656370479243522544021451579378442690711996327707563057089613723254791053662109918648078332021559698835679879655240518455145999510043493176645956808695629136133026248353781308312042975306921187789877528513090286834057005485185972314956602220442885211201794 0 0 0 0 1 0 0 0 0 0 0 0 0 0 0 0 0 0 0 0 0 0 0 0 0 0 0 0 0 0 0 0 0 0 0 0 0 0 0 0 0 0 0 0 0 0 0 0 0 0 0 0 0 0 0 0 0 0 0 0 0 0 0 0 0 0 0 0 0 0 0 0 0 0 0 0 0 0 0 0 0 0 0 0 0 0 0 0 0 0 0 0 0 0 0 0 0 0 0 0 0 0 0 0]
[6873956927708044583243231217354783042251586542675151355855752041539227342687909213393075970052310170102545726291223746719779965543059457393684450211048765468718873030759471417426210631005185312948590428462254156691270621900258419192713451943036080330508498313168447985333145456409571813085427604455076187171388110458 0 0 0 0 0 1 0 0 0 0 0 0 0 0 0 0 0 0 0 0 0 0 0 0 0 0 0 0 0 0 0 0 0 0 0 0 0 0 0 0 0 0 0 0 0 0 0 0 0 0 0 0 0 0 0 0 0 0 0 0 0 0 0 0 0 0 0 0 0 0 0 0 0 0 0 0 0 0 0 0 0 0 0 0 0 0 0 0 0 0 0 0 0 0 0 0 0 0 0 0 0 0 0 0]
[2094458350648111366920599705853252190733006300349085802887548090160936830077558125163699770900206080552246889888232193694113550801104175217842379427016664183194283797767778655631523071642301530128711112066603687491785899893235588361163225179364658348742634554485619299884964407121462430414957543184988512859149052035 0 0 0 0 0 0 1 0 0 0 0 0 0 0 0 0 0 0 0 0 0 0 0 0 0 0 0 0 0 0 0 0 0 0 0 0 0 0 0 0 0 0 0 0 0 0 0 0 0 0 0 0 0 0 0 0 0 0 0 0 0 0 0 0 0 0 0 0 0 0 0 0 0 0 0 0 0 0 0 0 0 0 0 0 0 0 0 0 0 0 0 0 0 0 0 0 0 0 0 0 0 0 0 0]
[5919303852899616800692481733914280987676873533626352953402647596597298937191561375161711580279002726675672380071458571538524514234554255265867211178607657494314373596562596721074327756362133100112354647165628602077091023209767277624232771664670023924149935618067077501983635469021228396143845631950554867937689282265 0 0 0 0 0 0 0 1 0 0 0 0 0 0 0 0 0 0 0 0 0 0 0 0 0 0 0 0 0 0 0 0 0 0 0 0 0 0 0 0 0 0 0 0 0 0 0 0 0 0 0 0 0 0 0 0 0 0 0 0 0 0 0 0 0 0 0 0 0 0 0 0 0 0 0 0 0 0 0 0 0 0 0 0 0 0 0 0 0 0 0 0 0 0 0 0 0 0 0 0 0 0 0 0]
[5065404834100990403631843959360337946356793365939541310509874734551274792464972084417614205834008238394407401119661958423043588633253704726324464555096545373658023159934490973816942108149013972568149107405170045459321680029656968283044703974030679578199887778494220302270913500906965105645358111931012376299699896141 0 0 0 0 0 0 0 0 1 0 0 0 0 0 0 0 0 0 0 0 0 0 0 0 0 0 0 0 0 0 0 0 0 0 0 0 0 0 0 0 0 0 0 0 0 0 0 0 0 0 0 0 0 0 0 0 0 0 0 0 0 0 0 0 0 0 0 0 0 0 0 0 0 0 0 0 0 0 0 0 0 0 0 0 0 0 0 0 0 0 0 0 0 0 0 0 0 0 0 0 0 0 0 0]
[7592845894795044180902884780253230752877156668423688560064150573585604539864218111130428064468420428599703734041228482192157998740543089781042975194831501378480067340578922624847158687818258131800538608930525019240083941528560723596566345667799641996321317804844376113073689956968502853578456831205495265387163864228 0 0 0 0 0 0 0 0 0 1 0 0 0 0 0 0 0 0 0 0 0 0 0 0 0 0 0 0 0 0 0 0 0 0 0 0 0 0 0 0 0 0 0 0 0 0 0 0 0 0 0 0 0 0 0 0 0 0 0 0 0 0 0 0 0 0 0 0 0 0 0 0 0 0 0 0 0 0 0 0 0 0 0 0 0 0 0 0 0 0 0 0 0 0 0 0 0 0 0 0 0 0 0 0]
[1466564317259632602437351579038486875674620915610245117318685105310054327194547833070950321655535265606841206919978644320464429770563735966616588213191158501184240379577350714702952788122669571863264333350462095518753178752362236434129245452593690444186812115362721265252953295333374340258712435731035304652639107245 0 0 0 0 0 0 0 0 0 0 1 0 0 0 0 0 0 0 0 0 0 0 0 0 0 0 0 0 0 0 0 0 0 0 0 0 0 0 0 0 0 0 0 0 0 0 0 0 0 0 0 0 0 0 0 0 0 0 0 0 0 0 0 0 0 0 0 0 0 0 0 0 0 0 0 0 0 0 0 0 0 0 0 0 0 0 0 0 0 0 0 0 0 0 0 0 0 0 0 0 0 0 0 0]
[9445007543498289858088917594840138872769493305332356767692437851047959051679928287691463740302431375380704560516016564284080868438890445272425151958296195213074867285081896092956386546247829499129192468284644156227062932478520139768014395554967968080846694206820495570085921593380218200344933805050113635505873442939 0 0 0 0 0 0 0 0 0 0 0 1 0 0 0 0 0 0 0 0 0 0 0 0 0 0 0 0 0 0 0 0 0 0 0 0 0 0 0 0 0 0 0 0 0 0 0 0 0 0 0 0 0 0 0 0 0 0 0 0 0 0 0 0 0 0 0 0 0 0 0 0 0 0 0 0 0 0 0 0 0 0 0 0 0 0 0 0 0 0 0 0 0 0 0 0 0 0 0 0 0 0 0 0]
[4924099075493460176548625934337839788924041042450392845417302531941120841262551013853698624021195304395442132241624069893589681645672257121262710254043203740540105329816458852948104266472346444945321216418118567337049875648093268546840601824013125787298842683524806794388001720053725273820850970555214214498799783740 0 0 0 0 0 0 0 0 0 0 0 0 1 0 0 0 0 0 0 0 0 0 0 0 0 0 0 0 0 0 0 0 0 0 0 0 0 0 0 0 0 0 0 0 0 0 0 0 0 0 0 0 0 0 0 0 0 0 0 0 0 0 0 0 0 0 0 0 0 0 0 0 0 0 0 0 0 0 0 0 0 0 0 0 0 0 0 0 0 0 0 0 0 0 0 0 0 0 0 0 0 0 0 0]
[9183930756001145041380004544485072524484859178090918798884007232289693811730129034608286282653574056231440581186383805819500235089505445917842899724213980574675034277656875181627396580829686485608837897457284053433261058084117014570726875162867521372836628683084671102983426936888826725399759754623375394890677447262 0 0 0 0 0 0 0 0 0 0 0 0 0 1 0 0 0 0 0 0 0 0 0 0 0 0 0 0 0 0 0 0 0 0 0 0 0 0 0 0 0 0 0 0 0 0 0 0 0 0 0 0 0 0 0 0 0 0 0 0 0 0 0 0 0 0 0 0 0 0 0 0 0 0 0 0 0 0 0 0 0 0 0 0 0 0 0 0 0 0 0 0 0 0 0 0 0 0 0 0 0 0 0 0]
[8814216518592990461097181355055274607245401583845655929867418530268754690825316360282555827251782157106684196338905470188424040175979726099393086222069183231399476410926206186734155315210476318939951601926125123212688099375272676228669590442946640549231456345424873099675121790900454066049040085346182935230870277703 0 0 0 0 0 0 0 0 0 0 0 0 0 0 1 0 0 0 0 0 0 0 0 0 0 0 0 0 0 0 0 0 0 0 0 0 0 0 0 0 0 0 0 0 0 0 0 0 0 0 0 0 0 0 0 0 0 0 0 0 0 0 0 0 0 0 0 0 0 0 0 0 0 0 0 0 0 0 0 0 0 0 0 0 0 0 0 0 0 0 0 0 0 0 0 0 0 0 0 0 0 0 0 0]
[4532102271857327802795049617485738875558089117701583897672677502610237376386985556831750283314862467393645449905097980951031102023192169070557180665486252900150601279752569270117248333803934409831252653172804954618965038525758021077597575791034219957243834113378812397874874141948450901915970841828054860423636573484 0 0 0 0 0 0 0 0 0 0 0 0 0 0 0 1 0 0 0 0 0 0 0 0 0 0 0 0 0 0 0 0 0 0 0 0 0 0 0 0 0 0 0 0 0 0 0 0 0 0 0 0 0 0 0 0 0 0 0 0 0 0 0 0 0 0 0 0 0 0 0 0 0 0 0 0 0 0 0 0 0 0 0 0 0 0 0 0 0 0 0 0 0 0 0 0 0 0 0 0 0 0 0 0]
[2408294222140645729974917299006926139648262371388044357142582041472516744383000738611552959398488270560167000840500674308466986826743712747193152620730767229416690042823830407175383361909237669217764304079220091190643417683089630462786175961810506889338105424343000295317317976646680980150247681302233743986446126011 0 0 0 0 0 0 0 0 0 0 0 0 0 0 0 0 1 0 0 0 0 0 0 0 0 0 0 0 0 0 0 0 0 0 0 0 0 0 0 0 0 0 0 0 0 0 0 0 0 0 0 0 0 0 0 0 0 0 0 0 0 0 0 0 0 0 0 0 0 0 0 0 0 0 0 0 0 0 0 0 0 0 0 0 0 0 0 0 0 0 0 0 0 0 0 0 0 0 0 0 0 0 0 0]
[2832087765153933800431815219271116701692195347946075309080526038091993247177785508131048967356956366772644663603677972104998427389654282254277512815543170962803598646026010885638685296709589246827109470985016460892551734359543500873619012102428023134975236670770151018997003722429377693219378929810380055365565645365 0 0 0 0 0 0 0 0 0 0 0 0 0 0 0 0 0 1 0 0 0 0 0 0 0 0 0 0 0 0 0 0 0 0 0 0 0 0 0 0 0 0 0 0 0 0 0 0 0 0 0 0 0 0 0 0 0 0 0 0 0 0 0 0 0 0 0 0 0 0 0 0 0 0 0 0 0 0 0 0 0 0 0 0 0 0 0 0 0 0 0 0 0 0 0 0 0 0 0 0 0 0 0 0]
[3068748781622435457509697320880760430939709934500188391703561966387641070936997405128433777325182725006049284229469593170349922695659896244252891189254860268594936462029065969499910958374813092472491498245807572998579051911846110735283457082042221920746778347995981775810902564264304926231636783298029026205044867153 0 0 0 0 0 0 0 0 0 0 0 0 0 0 0 0 0 0 1 0 0 0 0 0 0 0 0 0 0 0 0 0 0 0 0 0 0 0 0 0 0 0 0 0 0 0 0 0 0 0 0 0 0 0 0 0 0 0 0 0 0 0 0 0 0 0 0 0 0 0 0 0 0 0 0 0 0 0 0 0 0 0 0 0 0 0 0 0 0 0 0 0 0 0 0 0 0 0 0 0 0 0 0 0]
[2459324257276426259923939025815198271548518695369789425253128683691092558452139520676851557308103022205620319032904674321232266985299413979896123960072269302954847057910627389771058204406220804160040927584546565797802045063600854494801709976456216787973105130149390180450020796219165638683590151812054481484319187967 0 0 0 0 0 0 0 0 0 0 0 0 0 0 0 0 0 0 0 1 0 0 0 0 0 0 0 0 0 0 0 0 0 0 0 0 0 0 0 0 0 0 0 0 0 0 0 0 0 0 0 0 0 0 0 0 0 0 0 0 0 0 0 0 0 0 0 0 0 0 0 0 0 0 0 0 0 0 0 0 0 0 0 0 0 0 0 0 0 0 0 0 0 0 0 0 0 0 0 0 0 0 0 0]
[2244704492880471878063353112321031362082970771813764160670935874139101487405255902280901892000823599386629285079343336490996959763006737288407140676309757680866095239554890579378189602631458956743931362537049642953926959796191750149828526465730747886879194213019510501441604532688192457156120771169300770360893766527 0 0 0 0 0 0 0 0 0 0 0 0 0 0 0 0 0 0 0 0 1 0 0 0 0 0 0 0 0 0 0 0 0 0 0 0 0 0 0 0 0 0 0 0 0 0 0 0 0 0 0 0 0 0 0 0 0 0 0 0 0 0 0 0 0 0 0 0 0 0 0 0 0 0 0 0 0 0 0 0 0 0 0 0 0 0 0 0 0 0 0 0 0 0 0 0 0 0 0 0 0 0 0 0]
[9700239922340361340490467949298338195446815081590783220518985873558251553753899322612930856125861472903367346065702460841459695059054750676443335687688811741590374123378515187578029694751281156739131926779691427208188191978050861195187103481481728362048970363514098743765807960646737868486722546450130452163740739367 0 0 0 0 0 0 0 0 0 0 0 0 0 0 0 0 0 0 0 0 0 1 0 0 0 0 0 0 0 0 0 0 0 0 0 0 0 0 0 0 0 0 0 0 0 0 0 0 0 0 0 0 0 0 0 0 0 0 0 0 0 0 0 0 0 0 0 0 0 0 0 0 0 0 0 0 0 0 0 0 0 0 0 0 0 0 0 0 0 0 0 0 0 0 0 0 0 0 0 0 0 0 0 0]
[7241944002260931628597353349784258990922026380307411079844357263548746103559892485873724488566060090278173930124266245954943405852621533649232895214726700970024622703561547433206701886030225704338976056139378609095084158213773606197043815352110568431131117140850260766207548597784369371725494108211663702783009852313 0 0 0 0 0 0 0 0 0 0 0 0 0 0 0 0 0 0 0 0 0 0 1 0 0 0 0 0 0 0 0 0 0 0 0 0 0 0 0 0 0 0 0 0 0 0 0 0 0 0 0 0 0 0 0 0 0 0 0 0 0 0 0 0 0 0 0 0 0 0 0 0 0 0 0 0 0 0 0 0 0 0 0 0 0 0 0 0 0 0 0 0 0 0 0 0 0 0 0 0 0 0 0 0]
[1833885282513573987620884887229662146868748265232089149935899755562188451728464803030841440289392680316558536701729683431118146696296616761475614471933873908968347067429869070220636670437934775620744230096425124471920635397540027402481926165289478276878031082608294514463583803430027988744239356973618645550956316914 0 0 0 0 0 0 0 0 0 0 0 0 0 0 0 0 0 0 0 0 0 0 0 1 0 0 0 0 0 0 0 0 0 0 0 0 0 0 0 0 0 0 0 0 0 0 0 0 0 0 0 0 0 0 0 0 0 0 0 0 0 0 0 0 0 0 0 0 0 0 0 0 0 0 0 0 0 0 0 0 0 0 0 0 0 0 0 0 0 0 0 0 0 0 0 0 0 0 0 0 0 0 0 0]
[3396730024160582403590094577004558561466202932649146049662569222291347531458886478413780843825653270912315911040413198784234218221290701290944114990851150748912632569170197693034286006995812002831602622471854313196465444596005922213853791435735957540659353353022786785678361741903967777706865708551786785694340928855 0 0 0 0 0 0 0 0 0 0 0 0 0 0 0 0 0 0 0 0 0 0 0 0 1 0 0 0 0 0 0 0 0 0 0 0 0 0 0 0 0 0 0 0 0 0 0 0 0 0 0 0 0 0 0 0 0 0 0 0 0 0 0 0 0 0 0 0 0 0 0 0 0 0 0 0 0 0 0 0 0 0 0 0 0 0 0 0 0 0 0 0 0 0 0 0 0 0 0 0 0 0 0 0]
[349085339167223195004723867335151008056799711572928443383209583526275965870703845101012896179175709259979381385985008854072188097672298443462962328277495117126608603996177765443440217618578256575592712888440196050912865838245756982679300848503656415433682423594816595216824229949520342122916390469501581441837096072 0 0 0 0 0 0 0 0 0 0 0 0 0 0 0 0 0 0 0 0 0 0 0 0 0 1 0 0 0 0 0 0 0 0 0 0 0 0 0 0 0 0 0 0 0 0 0 0 0 0 0 0 0 0 0 0 0 0 0 0 0 0 0 0 0 0 0 0 0 0 0 0 0 0 0 0 0 0 0 0 0 0 0 0 0 0 0 0 0 0 0 0 0 0 0 0 0 0 0 0 0 0 0 0]
[1147178524754848261835431787398884322134249326056973633780750233498751571379364771648017004012855185828482687197836765318627013532907913994785082735866934596390911257580344488939904899886605063875987311636240472602240781239838174684576208760564053455130229030883560069325132738783281710790863329658344256170918228949 0 0 0 0 0 0 0 0 0 0 0 0 0 0 0 0 0 0 0 0 0 0 0 0 0 0 1 0 0 0 0 0 0 0 0 0 0 0 0 0 0 0 0 0 0 0 0 0 0 0 0 0 0 0 0 0 0 0 0 0 0 0 0 0 0 0 0 0 0 0 0 0 0 0 0 0 0 0 0 0 0 0 0 0 0 0 0 0 0 0 0 0 0 0 0 0 0 0 0 0 0 0 0 0]
[4977394937035448447351316952498155717455660388745482589978963329620845512633709946068633632450238130414535664874264110325847489735231383761599973811232907259676035426310460186930876478561107416347091144847412511833389160710020055505643831820225205685867025125919793965308051014445986180334404134855732442855669557195 0 0 0 0 0 0 0 0 0 0 0 0 0 0 0 0 0 0 0 0 0 0 0 0 0 0 0 1 0 0 0 0 0 0 0 0 0 0 0 0 0 0 0 0 0 0 0 0 0 0 0 0 0 0 0 0 0 0 0 0 0 0 0 0 0 0 0 0 0 0 0 0 0 0 0 0 0 0 0 0 0 0 0 0 0 0 0 0 0 0 0 0 0 0 0 0 0 0 0 0 0 0 0 0]
[7840005187134978714595240549648518062670646795431017355691636336949324330797623538295969307043750902141724507167397094976632080707148313659572030827970752569749323227124420042259441970195156502059471825483883253360565594598134138275019849133960913507522574867135211827400513681491185569129185760048126076491580491791 0 0 0 0 0 0 0 0 0 0 0 0 0 0 0 0 0 0 0 0 0 0 0 0 0 0 0 0 1 0 0 0 0 0 0 0 0 0 0 0 0 0 0 0 0 0 0 0 0 0 0 0 0 0 0 0 0 0 0 0 0 0 0 0 0 0 0 0 0 0 0 0 0 0 0 0 0 0 0 0 0 0 0 0 0 0 0 0 0 0 0 0 0 0 0 0 0 0 0 0 0 0 0 0]
[3134954676336774930536004366574358851950589551912932408767329272742488329099572043941955405455016416195213059700688070753609485688032108522597887265082720725818179199086263739172776125530447208271268197323342855076516589197722402215286522353355515344109004234316619754387741664371977902901252907802105089239260966216 0 0 0 0 0 0 0 0 0 0 0 0 0 0 0 0 0 0 0 0 0 0 0 0 0 0 0 0 0 1 0 0 0 0 0 0 0 0 0 0 0 0 0 0 0 0 0 0 0 0 0 0 0 0 0 0 0 0 0 0 0 0 0 0 0 0 0 0 0 0 0 0 0 0 0 0 0 0 0 0 0 0 0 0 0 0 0 0 0 0 0 0 0 0 0 0 0 0 0 0 0 0 0 0]
[5872861772938141603345736321927543035089745898035728709644793005078127061284073192584042048834093869133902856909864883730313563203620651201303531904328504042737184737505671835568745229033766821067890336874326518526037881498571095021807654042442638832117980761496574189977918886460432189527657500671077416085754579407 0 0 0 0 0 0 0 0 0 0 0 0 0 0 0 0 0 0 0 0 0 0 0 0 0 0 0 0 0 0 1 0 0 0 0 0 0 0 0 0 0 0 0 0 0 0 0 0 0 0 0 0 0 0 0 0 0 0 0 0 0 0 0 0 0 0 0 0 0 0 0 0 0 0 0 0 0 0 0 0 0 0 0 0 0 0 0 0 0 0 0 0 0 0 0 0 0 0 0 0 0 0 0 0]
[5598091024603384832940342574391461119576100660585355157646462806605517459445290713259869657221721124535485423345826708830336815434286440500292864879508338607144505194218913720642340425588177869028826663708845782256030921300276248629657090216142280475357546374446464797757574149956098201940502562905125149817471836681 0 0 0 0 0 0 0 0 0 0 0 0 0 0 0 0 0 0 0 0 0 0 0 0 0 0 0 0 0 0 0 1 0 0 0 0 0 0 0 0 0 0 0 0 0 0 0 0 0 0 0 0 0 0 0 0 0 0 0 0 0 0 0 0 0 0 0 0 0 0 0 0 0 0 0 0 0 0 0 0 0 0 0 0 0 0 0 0 0 0 0 0 0 0 0 0 0 0 0 0 0 0 0 0]
[8878241733763017513897502577389955553613167880731238899022168157329405860952486649664615680722000339142383276798467562326376006864786708438913393538394782082455799632803572684048152475928987313592703903195695662426350584236557215234454349985564745031058651681132884667049007682825877943604693056943094576377062973152 0 0 0 0 0 0 0 0 0 0 0 0 0 0 0 0 0 0 0 0 0 0 0 0 0 0 0 0 0 0 0 0 1 0 0 0 0 0 0 0 0 0 0 0 0 0 0 0 0 0 0 0 0 0 0 0 0 0 0 0 0 0 0 0 0 0 0 0 0 0 0 0 0 0 0 0 0 0 0 0 0 0 0 0 0 0 0 0 0 0 0 0 0 0 0 0 0 0 0 0 0 0 0 0]
[8634580541753516976933317379417816703486051912215611734430145375530218461052784298713676639989645882115215665859076284051816888437106748262611272895234503665990910324657152449571053094500856671992169151438660937893456492655227084264924704052830219007996020464372693617799531054174214126461932539288675013853484511359 0 0 0 0 0 0 0 0 0 0 0 0 0 0 0 0 0 0 0 0 0 0 0 0 0 0 0 0 0 0 0 0 0 1 0 0 0 0 0 0 0 0 0 0 0 0 0 0 0 0 0 0 0 0 0 0 0 0 0 0 0 0 0 0 0 0 0 0 0 0 0 0 0 0 0 0 0 0 0 0 0 0 0 0 0 0 0 0 0 0 0 0 0 0 0 0 0 0 0 0 0 0 0 0]
[5406957957904054084895302833900504350523147502851414128900230634880154010478239374899527712021170256503075490392147897534817716156238886368023310902200255791099049165281050009768943536401876029519344575213274440562867201150770523383638685924195260396443465554662108848771132342768939335149172273422793051649681649532 0 0 0 0 0 0 0 0 0 0 0 0 0 0 0 0 0 0 0 0 0 0 0 0 0 0 0 0 0 0 0 0 0 0 1 0 0 0 0 0 0 0 0 0 0 0 0 0 0 0 0 0 0 0 0 0 0 0 0 0 0 0 0 0 0 0 0 0 0 0 0 0 0 0 0 0 0 0 0 0 0 0 0 0 0 0 0 0 0 0 0 0 0 0 0 0 0 0 0 0 0 0 0 0]
[1001823521357220035751250174686398932273745335423439108466893978865475628296547082965790910630854721652074426284380963612059334056667975436079072715489190209603819928540351273519583946635784673211633606869837794645119164584538033623711459673352123967470741388996284963159575910437759749117832009003654260722563000545 0 0 0 0 0 0 0 0 0 0 0 0 0 0 0 0 0 0 0 0 0 0 0 0 0 0 0 0 0 0 0 0 0 0 0 1 0 0 0 0 0 0 0 0 0 0 0 0 0 0 0 0 0 0 0 0 0 0 0 0 0 0 0 0 0 0 0 0 0 0 0 0 0 0 0 0 0 0 0 0 0 0 0 0 0 0 0 0 0 0 0 0 0 0 0 0 0 0 0 0 0 0 0 0]
[4184407731720266784998710303472515916023984056062425716883055748020262576944996928702851531982428148565708150096283763715956368349554872090190176581621971549123108084164614199735995295317171534668764133035242688743941037812088204249140847638941504686114503070438356525173889884940847574834144496985720786865119569451 0 0 0 0 0 0 0 0 0 0 0 0 0 0 0 0 0 0 0 0 0 0 0 0 0 0 0 0 0 0 0 0 0 0 0 0 1 0 0 0 0 0 0 0 0 0 0 0 0 0 0 0 0 0 0 0 0 0 0 0 0 0 0 0 0 0 0 0 0 0 0 0 0 0 0 0 0 0 0 0 0 0 0 0 0 0 0 0 0 0 0 0 0 0 0 0 0 0 0 0 0 0 0 0]
[3171807988837936939140196980577411623213761274145173225933319899370351663973043745665084944443544472440436467534408328534857579310505979880750829586915534192235871952209790390869481743920736352012691475460291545684115033801615227148343469743170995213197093684213886597040835401470621794289844532528872900855860630053 0 0 0 0 0 0 0 0 0 0 0 0 0 0 0 0 0 0 0 0 0 0 0 0 0 0 0 0 0 0 0 0 0 0 0 0 0 1 0 0 0 0 0 0 0 0 0 0 0 0 0 0 0 0 0 0 0 0 0 0 0 0 0 0 0 0 0 0 0 0 0 0 0 0 0 0 0 0 0 0 0 0 0 0 0 0 0 0 0 0 0 0 0 0 0 0 0 0 0 0 0 0 0 0]
[6181603973350460046853880652645711801661257145500035396147972759518703940518859850466849181519290525667738770764278818521620167420440061063648956189421836084835506320113965436639085109919215484331783421459749016308003433439414454235656056787016150460694712607567007275994199345381798595351291032477690963344613447038 0 0 0 0 0 0 0 0 0 0 0 0 0 0 0 0 0 0 0 0 0 0 0 0 0 0 0 0 0 0 0 0 0 0 0 0 0 0 1 0 0 0 0 0 0 0 0 0 0 0 0 0 0 0 0 0 0 0 0 0 0 0 0 0 0 0 0 0 0 0 0 0 0 0 0 0 0 0 0 0 0 0 0 0 0 0 0 0 0 0 0 0 0 0 0 0 0 0 0 0 0 0 0 0]
[6315646645894793239296510633953720462855778178710730201837194578879749406647859557887603725000742504893422887660702762543814703062752605018480822624916835340143157588154589680954493594378920373783965685833167543675291705562053308724286438126469981969648735310681089997439871707272221434288657099415756691188709268854 0 0 0 0 0 0 0 0 0 0 0 0 0 0 0 0 0 0 0 0 0 0 0 0 0 0 0 0 0 0 0 0 0 0 0 0 0 0 0 1 0 0 0 0 0 0 0 0 0 0 0 0 0 0 0 0 0 0 0 0 0 0 0 0 0 0 0 0 0 0 0 0 0 0 0 0 0 0 0 0 0 0 0 0 0 0 0 0 0 0 0 0 0 0 0 0 0 0 0 0 0 0 0 0]
[7430129220545156541550049981137468124164387092393783427574837642817472181246610951070147059684450638430330343137176182168752614121887147135138396837049397771606791611419982278730500134151605549656185953258700793323198775552896595641964664317824221419349990340078699600223502404068282383476621935674748240691283256809 0 0 0 0 0 0 0 0 0 0 0 0 0 0 0 0 0 0 0 0 0 0 0 0 0 0 0 0 0 0 0 0 0 0 0 0 0 0 0 0 1 0 0 0 0 0 0 0 0 0 0 0 0 0 0 0 0 0 0 0 0 0 0 0 0 0 0 0 0 0 0 0 0 0 0 0 0 0 0 0 0 0 0 0 0 0 0 0 0 0 0 0 0 0 0 0 0 0 0 0 0 0 0 0]
[8692693048236291597897770061963879846233606337746504972937603442815030780527827256061510938743785509609015851001569715307002818249152592470642708763146101058982887748364761965427993346934086752937320274992966030487086460478637311774193341298879085861564448927529700023262187996054493698728159056811245727909579066397 0 0 0 0 0 0 0 0 0 0 0 0 0 0 0 0 0 0 0 0 0 0 0 0 0 0 0 0 0 0 0 0 0 0 0 0 0 0 0 0 0 1 0 0 0 0 0 0 0 0 0 0 0 0 0 0 0 0 0 0 0 0 0 0 0 0 0 0 0 0 0 0 0 0 0 0 0 0 0 0 0 0 0 0 0 0 0 0 0 0 0 0 0 0 0 0 0 0 0 0 0 0 0 0]
[4935805301768853458836489026773737938783140196696278309034048864237062300914140125780642284144839318823152727369996314720434746629850738740885806803016289251783216915847646199555000528462629182287508623137271217637046828079029490417952716059789201897799130211107411107213194051054852382271059881434922661470087774537 0 0 0 0 0 0 0 0 0 0 0 0 0 0 0 0 0 0 0 0 0 0 0 0 0 0 0 0 0 0 0 0 0 0 0 0 0 0 0 0 0 0 1 0 0 0 0 0 0 0 0 0 0 0 0 0 0 0 0 0 0 0 0 0 0 0 0 0 0 0 0 0 0 0 0 0 0 0 0 0 0 0 0 0 0 0 0 0 0 0 0 0 0 0 0 0 0 0 0 0 0 0 0 0]
[4930458449755466301236954043923486648863102667298748475050738679563529514912195232643323812418720370194514640829166883293726116059381066673883847556365585281571040695577029069815932377128995038371825794206420517621185450425252971129761593470722346945425247096136426570634642334637613978565024531752386824085192289385 0 0 0 0 0 0 0 0 0 0 0 0 0 0 0 0 0 0 0 0 0 0 0 0 0 0 0 0 0 0 0 0 0 0 0 0 0 0 0 0 0 0 0 1 0 0 0 0 0 0 0 0 0 0 0 0 0 0 0 0 0 0 0 0 0 0 0 0 0 0 0 0 0 0 0 0 0 0 0 0 0 0 0 0 0 0 0 0 0 0 0 0 0 0 0 0 0 0 0 0 0 0 0 0]
[2831821731424941697046054317586341638951000618561913391336405326917043622875642743480780186179847710358248619104439551877237933400914159113281528953082636142829515891561488641240372058256697254549299917055820758584048286750644808802521923729831752745508726557781757776858166644771400875820298925112440465065728377648 0 0 0 0 0 0 0 0 0 0 0 0 0 0 0 0 0 0 0 0 0 0 0 0 0 0 0 0 0 0 0 0 0 0 0 0 0 0 0 0 0 0 0 0 1 0 0 0 0 0 0 0 0 0 0 0 0 0 0 0 0 0 0 0 0 0 0 0 0 0 0 0 0 0 0 0 0 0 0 0 0 0 0 0 0 0 0 0 0 0 0 0 0 0 0 0 0 0 0 0 0 0 0 0]
[4580783000216029012197374162545790567141482397640114028256228121638512846037849219980809462302924237630276012992746396890948423356004101217622779903116569989635236921847341390214185100272394464362485183428420318233052499355842248287244250540329940557646973644899599433251913881156387451182770886146589484261287914010 0 0 0 0 0 0 0 0 0 0 0 0 0 0 0 0 0 0 0 0 0 0 0 0 0 0 0 0 0 0 0 0 0 0 0 0 0 0 0 0 0 0 0 0 0 1 0 0 0 0 0 0 0 0 0 0 0 0 0 0 0 0 0 0 0 0 0 0 0 0 0 0 0 0 0 0 0 0 0 0 0 0 0 0 0 0 0 0 0 0 0 0 0 0 0 0 0 0 0 0 0 0 0 0]
[8611435096944900371215125479455722428415823747921877218697496935177520050649361749184424407002323819951886248786251178220750121335262393257993567061790190689675066224513464415892831693192400236897744765486120291399510533602085862095307050262122004277491370987460468876948384807663529720439044812496449372406130951138 0 0 0 0 0 0 0 0 0 0 0 0 0 0 0 0 0 0 0 0 0 0 0 0 0 0 0 0 0 0 0 0 0 0 0 0 0 0 0 0 0 0 0 0 0 0 1 0 0 0 0 0 0 0 0 0 0 0 0 0 0 0 0 0 0 0 0 0 0 0 0 0 0 0 0 0 0 0 0 0 0 0 0 0 0 0 0 0 0 0 0 0 0 0 0 0 0 0 0 0 0 0 0 0]
[2918075711188116859506996340633046876251805939289956707374947684676714701274225881890843586764555393118977119631611948133662249904105661760912052036432406972477794068055944988054279285068225000519197755079409850207173832985896051089943728013672521728956055765590131052841278685300931924357918353901011081157105130300 0 0 0 0 0 0 0 0 0 0 0 0 0 0 0 0 0 0 0 0 0 0 0 0 0 0 0 0 0 0 0 0 0 0 0 0 0 0 0 0 0 0 0 0 0 0 0 1 0 0 0 0 0 0 0 0 0 0 0 0 0 0 0 0 0 0 0 0 0 0 0 0 0 0 0 0 0 0 0 0 0 0 0 0 0 0 0 0 0 0 0 0 0 0 0 0 0 0 0 0 0 0 0 0]
[6657978077757441759786766802128681552034926296348401188104968896068061268684252587598181403275396855656101599877633690987786247569800796126215109707294028807878195614835676530175215588463078810018546881133406479162705336132120729841168288164454639729920219258347038962608537424913537013740069117042010506615506367968 0 0 0 0 0 0 0 0 0 0 0 0 0 0 0 0 0 0 0 0 0 0 0 0 0 0 0 0 0 0 0 0 0 0 0 0 0 0 0 0 0 0 0 0 0 0 0 0 1 0 0 0 0 0 0 0 0 0 0 0 0 0 0 0 0 0 0 0 0 0 0 0 0 0 0 0 0 0 0 0 0 0 0 0 0 0 0 0 0 0 0 0 0 0 0 0 0 0 0 0 0 0 0 0]
[3184049342218958811226913338690807614582386998780428870335952117020632552216533505984708111043440862275128363337106000570420098443032033379555083068210527176721848920984839153906069069191911623373916210687535982270407167168446240626837102046495285939530553809127652477426238868534990804361775692124705444914167371808 0 0 0 0 0 0 0 0 0 0 0 0 0 0 0 0 0 0 0 0 0 0 0 0 0 0 0 0 0 0 0 0 0 0 0 0 0 0 0 0 0 0 0 0 0 0 0 0 0 1 0 0 0 0 0 0 0 0 0 0 0 0 0 0 0 0 0 0 0 0 0 0 0 0 0 0 0 0 0 0 0 0 0 0 0 0 0 0 0 0 0 0 0 0 0 0 0 0 0 0 0 0 0 0]
[707742855305771356321041247979871543206614304004383028988057082118047433397397716357259523541154124000443330058594860678372214647282141239103520711511286260070124748130212244371294485461803625266942259435584404864293844988693362175187027295854196092166586991375807440973050976314481129376609080403183032445879404617 0 0 0 0 0 0 0 0 0 0 0 0 0 0 0 0 0 0 0 0 0 0 0 0 0 0 0 0 0 0 0 0 0 0 0 0 0 0 0 0 0 0 0 0 0 0 0 0 0 0 1 0 0 0 0 0 0 0 0 0 0 0 0 0 0 0 0 0 0 0 0 0 0 0 0 0 0 0 0 0 0 0 0 0 0 0 0 0 0 0 0 0 0 0 0 0 0 0 0 0 0 0 0 0]
[475939096593108002040962657013806270418961051595792917727407076622530081278704947898371402525170333051453806198559539496479435826506328947820356729558269627518612699747530923536753575714172368583023592925763207073428377172534412116009348327131779134761060236063899145887785185419874832267874819536578236246183997671 0 0 0 0 0 0 0 0 0 0 0 0 0 0 0 0 0 0 0 0 0 0 0 0 0 0 0 0 0 0 0 0 0 0 0 0 0 0 0 0 0 0 0 0 0 0 0 0 0 0 0 1 0 0 0 0 0 0 0 0 0 0 0 0 0 0 0 0 0 0 0 0 0 0 0 0 0 0 0 0 0 0 0 0 0 0 0 0 0 0 0 0 0 0 0 0 0 0 0 0 0 0 0 0]
[9867219195897093259489058114738539527283321066498941899061974659629195490759497411872011966835181699046993770992859454630654629810309507886538487078609214425901944326056858175324132005407564770842411144804713236212522969255743166042315174662460955126278880527298443475359201635167771605077218824544308469510667990949 0 0 0 0 0 0 0 0 0 0 0 0 0 0 0 0 0 0 0 0 0 0 0 0 0 0 0 0 0 0 0 0 0 0 0 0 0 0 0 0 0 0 0 0 0 0 0 0 0 0 0 0 1 0 0 0 0 0 0 0 0 0 0 0 0 0 0 0 0 0 0 0 0 0 0 0 0 0 0 0 0 0 0 0 0 0 0 0 0 0 0 0 0 0 0 0 0 0 0 0 0 0 0 0]
[663066908665382684893240662590074167961508808224153094886864159885277627434967905376397407481841519055867477285209964352200470768104446285352055984021717895497812769299778284068318305373672244207497634440041828893791882847479416783184582287613314213851677180838361904010670009175882532336116330791892980660921192967 0 0 0 0 0 0 0 0 0 0 0 0 0 0 0 0 0 0 0 0 0 0 0 0 0 0 0 0 0 0 0 0 0 0 0 0 0 0 0 0 0 0 0 0 0 0 0 0 0 0 0 0 0 1 0 0 0 0 0 0 0 0 0 0 0 0 0 0 0 0 0 0 0 0 0 0 0 0 0 0 0 0 0 0 0 0 0 0 0 0 0 0 0 0 0 0 0 0 0 0 0 0 0 0]
[5379515000271543050767976508958927075801422644324492946638586546021007393987301977976035584267083439498719179418843270084001666174613911970835876937807552149071435621808985325109105735412132913872357766336502632171866643415867313264986580894036368716382290900978606807176477225625587253529042150011567930613533495391 0 0 0 0 0 0 0 0 0 0 0 0 0 0 0 0 0 0 0 0 0 0 0 0 0 0 0 0 0 0 0 0 0 0 0 0 0 0 0 0 0 0 0 0 0 0 0 0 0 0 0 0 0 0 1 0 0 0 0 0 0 0 0 0 0 0 0 0 0 0 0 0 0 0 0 0 0 0 0 0 0 0 0 0 0 0 0 0 0 0 0 0 0 0 0 0 0 0 0 0 0 0 0 0]
[5386705085556613499459899565476646984280473026977351881906510234166007816978397123389591679130707726437276304152606522410851406657428124440215620462632064354258488990688457444760499864232569302396638396384644433133238474397029944965434522769130823808685540868845739807573002384887596939323517550572649348169578983257 0 0 0 0 0 0 0 0 0 0 0 0 0 0 0 0 0 0 0 0 0 0 0 0 0 0 0 0 0 0 0 0 0 0 0 0 0 0 0 0 0 0 0 0 0 0 0 0 0 0 0 0 0 0 0 1 0 0 0 0 0 0 0 0 0 0 0 0 0 0 0 0 0 0 0 0 0 0 0 0 0 0 0 0 0 0 0 0 0 0 0 0 0 0 0 0 0 0 0 0 0 0 0 0]
[3988173907196022804834789251662439111574267726920525192023558480948453702891787707305119469722626662599018912568187252012166147363272025018673558983875914240307817380728939843423935032891290048221066131126263770219137600925745805780711432012122584903198074808593601346142284791770620107173655169428538137017022651428 0 0 0 0 0 0 0 0 0 0 0 0 0 0 0 0 0 0 0 0 0 0 0 0 0 0 0 0 0 0 0 0 0 0 0 0 0 0 0 0 0 0 0 0 0 0 0 0 0 0 0 0 0 0 0 0 1 0 0 0 0 0 0 0 0 0 0 0 0 0 0 0 0 0 0 0 0 0 0 0 0 0 0 0 0 0 0 0 0 0 0 0 0 0 0 0 0 0 0 0 0 0 0 0]
[5042596997611842167185934990243486414589922091777451541322733044309976568071571343365697270254991274741083369015422489583866926437650365472252377531024632459663037598302228815336593336875200506318174682148615554729174417432272669212047801686787337670209409470708457311682179521091022299768145655210717696098349124176 0 0 0 0 0 0 0 0 0 0 0 0 0 0 0 0 0 0 0 0 0 0 0 0 0 0 0 0 0 0 0 0 0 0 0 0 0 0 0 0 0 0 0 0 0 0 0 0 0 0 0 0 0 0 0 0 0 1 0 0 0 0 0 0 0 0 0 0 0 0 0 0 0 0 0 0 0 0 0 0 0 0 0 0 0 0 0 0 0 0 0 0 0 0 0 0 0 0 0 0 0 0 0 0]
[1791541284996031191571679860541466823096778629161462467983934481547147712526045916591623499827781946973438643416671065631511945254937121873143997755784626244541923573419208670388952007329235091925506978477413228455345181757635372081861066052796163436984975527386546213035238606014305764877585753587423150270174731647 0 0 0 0 0 0 0 0 0 0 0 0 0 0 0 0 0 0 0 0 0 0 0 0 0 0 0 0 0 0 0 0 0 0 0 0 0 0 0 0 0 0 0 0 0 0 0 0 0 0 0 0 0 0 0 0 0 0 1 0 0 0 0 0 0 0 0 0 0 0 0 0 0 0 0 0 0 0 0 0 0 0 0 0 0 0 0 0 0 0 0 0 0 0 0 0 0 0 0 0 0 0 0 0]
[3739059105918025590383647297669133253551656474957502542684925417195884515634655943663650264748849826811392298606246676273970143700879357319227772018419178035948830742984785956192074932835210264252941375373668741959016719446953653193579522224947550695015347400997988474584130485667911114825704844527912813816078073232 0 0 0 0 0 0 0 0 0 0 0 0 0 0 0 0 0 0 0 0 0 0 0 0 0 0 0 0 0 0 0 0 0 0 0 0 0 0 0 0 0 0 0 0 0 0 0 0 0 0 0 0 0 0 0 0 0 0 0 1 0 0 0 0 0 0 0 0 0 0 0 0 0 0 0 0 0 0 0 0 0 0 0 0 0 0 0 0 0 0 0 0 0 0 0 0 0 0 0 0 0 0 0 0]
[1715357042493276862102486865789870986608560917780385434346871307041857398285479378967867432243818046437459062723065426525407349483387083705455961850132987553703434387864579389334408753090665292949286746554988202164399565800426171456362975186161811596890175122338897058124466742323758484987393890328162643335248047410 0 0 0 0 0 0 0 0 0 0 0 0 0 0 0 0 0 0 0 0 0 0 0 0 0 0 0 0 0 0 0 0 0 0 0 0 0 0 0 0 0 0 0 0 0 0 0 0 0 0 0 0 0 0 0 0 0 0 0 0 1 0 0 0 0 0 0 0 0 0 0 0 0 0 0 0 0 0 0 0 0 0 0 0 0 0 0 0 0 0 0 0 0 0 0 0 0 0 0 0 0 0 0 0]
[52069617148484547932807040325919512284522382712738894023924118387394834499893158744335373781506969750523920431888362556635246213624865555778787187488288654510002001254482830125166073882618811536224256611651772013697590419030681198108331657412307815878597564038396859543911365705018911157550614462572159773302422145 0 0 0 0 0 0 0 0 0 0 0 0 0 0 0 0 0 0 0 0 0 0 0 0 0 0 0 0 0 0 0 0 0 0 0 0 0 0 0 0 0 0 0 0 0 0 0 0 0 0 0 0 0 0 0 0 0 0 0 0 0 1 0 0 0 0 0 0 0 0 0 0 0 0 0 0 0 0 0 0 0 0 0 0 0 0 0 0 0 0 0 0 0 0 0 0 0 0 0 0 0 0 0 0]
[7510288464964755427186034949965358886181801574833343394876745039987953996641069545562100118604758865618294488771429110535663416757537961575897851987060537954666800850535275862177857373253656820074826940940630273751547700877742911715913984198899659325537927849587773019296131495368776561439931367207045097747245505370 0 0 0 0 0 0 0 0 0 0 0 0 0 0 0 0 0 0 0 0 0 0 0 0 0 0 0 0 0 0 0 0 0 0 0 0 0 0 0 0 0 0 0 0 0 0 0 0 0 0 0 0 0 0 0 0 0 0 0 0 0 0 1 0 0 0 0 0 0 0 0 0 0 0 0 0 0 0 0 0 0 0 0 0 0 0 0 0 0 0 0 0 0 0 0 0 0 0 0 0 0 0 0 0]
[3750910666099368871137666144756902602085412169938680600347313758154749356229690280020551692873587732120851189602153878187163035626488323866015062534456716635029541303494073639747905003434456513259972565338622498463122330119470182186598569518720170367278372302428784685161721219265032932424782021026537368183439210489 0 0 0 0 0 0 0 0 0 0 0 0 0 0 0 0 0 0 0 0 0 0 0 0 0 0 0 0 0 0 0 0 0 0 0 0 0 0 0 0 0 0 0 0 0 0 0 0 0 0 0 0 0 0 0 0 0 0 0 0 0 0 0 1 0 0 0 0 0 0 0 0 0 0 0 0 0 0 0 0 0 0 0 0 0 0 0 0 0 0 0 0 0 0 0 0 0 0 0 0 0 0 0 0]
[1380279007978424645514223969237102546087059116644279228142043804016966973570803123166106281361602982938840274431411419651767441888869156155782619832193800281832407306206958961939837373567108617974607384374792873385562796009717768516982558659538766218844430916762042588101908230096215739578309081240722731624384287530 0 0 0 0 0 0 0 0 0 0 0 0 0 0 0 0 0 0 0 0 0 0 0 0 0 0 0 0 0 0 0 0 0 0 0 0 0 0 0 0 0 0 0 0 0 0 0 0 0 0 0 0 0 0 0 0 0 0 0 0 0 0 0 0 1 0 0 0 0 0 0 0 0 0 0 0 0 0 0 0 0 0 0 0 0 0 0 0 0 0 0 0 0 0 0 0 0 0 0 0 0 0 0 0]
[7064462037104170590099772242297569686685647291580719080440937205643644215321918284043740939887656100891838686442004435395531872876904108948599147279186395569848046130520218575217513456938730509341795038112746183866277789947610787258252481622810789181732733349944424914526156807254888662929293056792026213024626554240 0 0 0 0 0 0 0 0 0 0 0 0 0 0 0 0 0 0 0 0 0 0 0 0 0 0 0 0 0 0 0 0 0 0 0 0 0 0 0 0 0 0 0 0 0 0 0 0 0 0 0 0 0 0 0 0 0 0 0 0 0 0 0 0 0 1 0 0 0 0 0 0 0 0 0 0 0 0 0 0 0 0 0 0 0 0 0 0 0 0 0 0 0 0 0 0 0 0 0 0 0 0 0 0]
[651564211698815952905872400931827163690912403120932531832733096739243441236992057660213816115621627896697830177499712173425136187732936495352263085132883389803210331635375256540066787380979305313587648527464180052438523340356623465350053934433396557012739059271999651725098822490574679731880618824861771972627998102 0 0 0 0 0 0 0 0 0 0 0 0 0 0 0 0 0 0 0 0 0 0 0 0 0 0 0 0 0 0 0 0 0 0 0 0 0 0 0 0 0 0 0 0 0 0 0 0 0 0 0 0 0 0 0 0 0 0 0 0 0 0 0 0 0 0 1 0 0 0 0 0 0 0 0 0 0 0 0 0 0 0 0 0 0 0 0 0 0 0 0 0 0 0 0 0 0 0 0 0 0 0 0 0]
[8469743675448725574913722306063904952862585935444372828582567050161824865597642654230548461149338474462450868442606302537273273915116209628556011038242854081723766005820525536684548927264237373711248257702105802765043053989232536305235673813008842479959658917362098690056855882211504641674872764287035816778161236245 0 0 0 0 0 0 0 0 0 0 0 0 0 0 0 0 0 0 0 0 0 0 0 0 0 0 0 0 0 0 0 0 0 0 0 0 0 0 0 0 0 0 0 0 0 0 0 0 0 0 0 0 0 0 0 0 0 0 0 0 0 0 0 0 0 0 0 1 0 0 0 0 0 0 0 0 0 0 0 0 0 0 0 0 0 0 0 0 0 0 0 0 0 0 0 0 0 0 0 0 0 0 0 0]
[4469780780580069330447871752076554424529535360874057164663873295457133834191558576358066418418339843471902110897641823528375224452581918219848977056275579897675322588242597086365756274601244822314792089138775136375574509988441516527546694920680931496555638862166406883171766242973788001417652671975736224320948797567 0 0 0 0 0 0 0 0 0 0 0 0 0 0 0 0 0 0 0 0 0 0 0 0 0 0 0 0 0 0 0 0 0 0 0 0 0 0 0 0 0 0 0 0 0 0 0 0 0 0 0 0 0 0 0 0 0 0 0 0 0 0 0 0 0 0 0 0 1 0 0 0 0 0 0 0 0 0 0 0 0 0 0 0 0 0 0 0 0 0 0 0 0 0 0 0 0 0 0 0 0 0 0 0]
[7685283614517093548224926836186802307955392418858917523022729586077339470963287108715220711933366229979981640417908340995525347466033663637669047391275371164547303978368982423783512906615247878149384021150622592494521875128791813620739628505279876696491503294339754975466449884289094534515106389181959256675728899571 0 0 0 0 0 0 0 0 0 0 0 0 0 0 0 0 0 0 0 0 0 0 0 0 0 0 0 0 0 0 0 0 0 0 0 0 0 0 0 0 0 0 0 0 0 0 0 0 0 0 0 0 0 0 0 0 0 0 0 0 0 0 0 0 0 0 0 0 0 1 0 0 0 0 0 0 0 0 0 0 0 0 0 0 0 0 0 0 0 0 0 0 0 0 0 0 0 0 0 0 0 0 0 0]
[1491208555423352870812255552276032646574736469835530820171394976975750343997393771223941052511375435960631947306724844536954742753045961393407454641195500311778409203230632428855957123786026059955722288656558704711346105651748245335156235486089818360355730796763885924899802380825201559108073502220546113104145425098 0 0 0 0 0 0 0 0 0 0 0 0 0 0 0 0 0 0 0 0 0 0 0 0 0 0 0 0 0 0 0 0 0 0 0 0 0 0 0 0 0 0 0 0 0 0 0 0 0 0 0 0 0 0 0 0 0 0 0 0 0 0 0 0 0 0 0 0 0 0 1 0 0 0 0 0 0 0 0 0 0 0 0 0 0 0 0 0 0 0 0 0 0 0 0 0 0 0 0 0 0 0 0 0]
[6467203294863106088731324185897372014092125801662071957286321387807971282078277175607124351306019577673752433891125845739627012680246118419861728452749949953194723405964942395793396068294679693314639066903907702692532506344365054504857917629797245953461635500011922998415872412690953423414155565102939409431976268149 0 0 0 0 0 0 0 0 0 0 0 0 0 0 0 0 0 0 0 0 0 0 0 0 0 0 0 0 0 0 0 0 0 0 0 0 0 0 0 0 0 0 0 0 0 0 0 0 0 0 0 0 0 0 0 0 0 0 0 0 0 0 0 0 0 0 0 0 0 0 0 1 0 0 0 0 0 0 0 0 0 0 0 0 0 0 0 0 0 0 0 0 0 0 0 0 0 0 0 0 0 0 0 0]
[1818627487542007339742022110013625745610186523577659603048800972793245439998947668296804989557435142112795694405608601275734959670193851934357407023411997508443133528911368357606136699387883656489215134840677598134250721682662348470587616719813081394221253756201939231951138055138626572561544623196578846232062766350 0 0 0 0 0 0 0 0 0 0 0 0 0 0 0 0 0 0 0 0 0 0 0 0 0 0 0 0 0 0 0 0 0 0 0 0 0 0 0 0 0 0 0 0 0 0 0 0 0 0 0 0 0 0 0 0 0 0 0 0 0 0 0 0 0 0 0 0 0 0 0 0 1 0 0 0 0 0 0 0 0 0 0 0 0 0 0 0 0 0 0 0 0 0 0 0 0 0 0 0 0 0 0 0]
[3094285571946197374480504435355635528455387500780532303691149217853090565352739205977570975952434827722778343941804725812908677246536786061123649849630013796581851137503317341674811941006400494859867455574571359215298301974541959192464106865806087014406935883787413396876670392971939357347646408157454286222061573528 0 0 0 0 0 0 0 0 0 0 0 0 0 0 0 0 0 0 0 0 0 0 0 0 0 0 0 0 0 0 0 0 0 0 0 0 0 0 0 0 0 0 0 0 0 0 0 0 0 0 0 0 0 0 0 0 0 0 0 0 0 0 0 0 0 0 0 0 0 0 0 0 0 1 0 0 0 0 0 0 0 0 0 0 0 0 0 0 0 0 0 0 0 0 0 0 0 0 0 0 0 0 0 0]
[3992788518680178369880786580634936790461048518201983298990666180046114059948115343950931024921549865154566709227269422076884566160441871099723376736534551622142374292408572578695685855359813101447996176671155558961984172302554637086391532086249309182363440978886867177765860827216306483560745647431385779181493533044 0 0 0 0 0 0 0 0 0 0 0 0 0 0 0 0 0 0 0 0 0 0 0 0 0 0 0 0 0 0 0 0 0 0 0 0 0 0 0 0 0 0 0 0 0 0 0 0 0 0 0 0 0 0 0 0 0 0 0 0 0 0 0 0 0 0 0 0 0 0 0 0 0 0 1 0 0 0 0 0 0 0 0 0 0 0 0 0 0 0 0 0 0 0 0 0 0 0 0 0 0 0 0 0]
[3792777728189715266772423853814943360132004891587258815094585404588320049661484330251757997154606593690979968339623733268985456810197660742931419480396837408182477256292665014756220054256031914519261581813203643231887836194811116554762818898533494559651161345619921828142360584580336696448569964248323154380596352488 0 0 0 0 0 0 0 0 0 0 0 0 0 0 0 0 0 0 0 0 0 0 0 0 0 0 0 0 0 0 0 0 0 0 0 0 0 0 0 0 0 0 0 0 0 0 0 0 0 0 0 0 0 0 0 0 0 0 0 0 0 0 0 0 0 0 0 0 0 0 0 0 0 0 0 1 0 0 0 0 0 0 0 0 0 0 0 0 0 0 0 0 0 0 0 0 0 0 0 0 0 0 0 0]
[4428492031386680899511785843291951851382984525395448586907259770350019228497496596871410494594170512883477842706285790899709263549694122272909520782017394313387033709651769021954088451699896940214743410208048187908647187237706843495815954247558561001987016899878939531113534641487147057917270246449903521980903660266 0 0 0 0 0 0 0 0 0 0 0 0 0 0 0 0 0 0 0 0 0 0 0 0 0 0 0 0 0 0 0 0 0 0 0 0 0 0 0 0 0 0 0 0 0 0 0 0 0 0 0 0 0 0 0 0 0 0 0 0 0 0 0 0 0 0 0 0 0 0 0 0 0 0 0 0 1 0 0 0 0 0 0 0 0 0 0 0 0 0 0 0 0 0 0 0 0 0 0 0 0 0 0 0]
[2083055766333256051889446973908000026703099751245684865954008470409852341717946683212171798988000218992705150458768250293968406393582714411076686663032431296767517859187188146353115081729957189475237219598290925752894176761054714549403513769912587629559048755892503103943331036502263024401065717957047625673696258504 0 0 0 0 0 0 0 0 0 0 0 0 0 0 0 0 0 0 0 0 0 0 0 0 0 0 0 0 0 0 0 0 0 0 0 0 0 0 0 0 0 0 0 0 0 0 0 0 0 0 0 0 0 0 0 0 0 0 0 0 0 0 0 0 0 0 0 0 0 0 0 0 0 0 0 0 0 1 0 0 0 0 0 0 0 0 0 0 0 0 0 0 0 0 0 0 0 0 0 0 0 0 0 0]
[9409828737990097209471301076613556442462815675681396400276642315984909604075483835871092330854785667984686088017072518325851234169716082445866986226619207122555640467780515523458424342216271958948275031886266981341330876152861170255056194638367646371783796159069350346474828576305409826871806310126435038292551483727 0 0 0 0 0 0 0 0 0 0 0 0 0 0 0 0 0 0 0 0 0 0 0 0 0 0 0 0 0 0 0 0 0 0 0 0 0 0 0 0 0 0 0 0 0 0 0 0 0 0 0 0 0 0 0 0 0 0 0 0 0 0 0 0 0 0 0 0 0 0 0 0 0 0 0 0 0 0 1 0 0 0 0 0 0 0 0 0 0 0 0 0 0 0 0 0 0 0 0 0 0 0 0 0]
[1919563265861667740463021419799026793374216284376259344687732972991353462366169130391570367522943116337975718312779603899696653639449725547775104551366316379548252799371731534188310606489409161685762426425163756499935428338637045404533830612989755331197308500807457952629394863591030875764305294020871723623757169930 0 0 0 0 0 0 0 0 0 0 0 0 0 0 0 0 0 0 0 0 0 0 0 0 0 0 0 0 0 0 0 0 0 0 0 0 0 0 0 0 0 0 0 0 0 0 0 0 0 0 0 0 0 0 0 0 0 0 0 0 0 0 0 0 0 0 0 0 0 0 0 0 0 0 0 0 0 0 0 1 0 0 0 0 0 0 0 0 0 0 0 0 0 0 0 0 0 0 0 0 0 0 0 0]
[8122460410840948184961425090301997503521163386533718210156626415017602590386804041581215636489868458774992905254806618766543491524103230229577451579507774073971708534514588925959985544132704985653196530543744907072373017094000197602638367603260353704771992907502356846282728366829672433218964633111385920825492367842 0 0 0 0 0 0 0 0 0 0 0 0 0 0 0 0 0 0 0 0 0 0 0 0 0 0 0 0 0 0 0 0 0 0 0 0 0 0 0 0 0 0 0 0 0 0 0 0 0 0 0 0 0 0 0 0 0 0 0 0 0 0 0 0 0 0 0 0 0 0 0 0 0 0 0 0 0 0 0 0 1 0 0 0 0 0 0 0 0 0 0 0 0 0 0 0 0 0 0 0 0 0 0 0]
[6695347040199469734659449701817006136436284029219331698032766781316918617404746198855178747431055227071569184914861405412490536997385782835763487570461923909446472530654156244251255418722878014700614094126674751600809727868338297280478151850065621332661745668955681907748903765055477351174365415758450644788974146131 0 0 0 0 0 0 0 0 0 0 0 0 0 0 0 0 0 0 0 0 0 0 0 0 0 0 0 0 0 0 0 0 0 0 0 0 0 0 0 0 0 0 0 0 0 0 0 0 0 0 0 0 0 0 0 0 0 0 0 0 0 0 0 0 0 0 0 0 0 0 0 0 0 0 0 0 0 0 0 0 0 1 0 0 0 0 0 0 0 0 0 0 0 0 0 0 0 0 0 0 0 0 0 0]
[3195839149714322010619034893914947181382420780481650533566750302595555211771967895406359552542023973768203825586725360522005210534511666922404252406810194778459114856239927743593766798314404196102935100454357613692820413293367161355971608936411909452920587168360515438584509035922332819671411390380190511197047294630 0 0 0 0 0 0 0 0 0 0 0 0 0 0 0 0 0 0 0 0 0 0 0 0 0 0 0 0 0 0 0 0 0 0 0 0 0 0 0 0 0 0 0 0 0 0 0 0 0 0 0 0 0 0 0 0 0 0 0 0 0 0 0 0 0 0 0 0 0 0 0 0 0 0 0 0 0 0 0 0 0 0 1 0 0 0 0 0 0 0 0 0 0 0 0 0 0 0 0 0 0 0 0 0]
[2098361720128392767286282980080101019190378843092498509154305782530110300488076560218826435144796195726731247269652590332700270497566306162702448748600009546365152876976991343293593076921437459139711507909852391667550797663748160418594821159596450373016507878086721252167737612669688443613031552557736997278921919478 0 0 0 0 0 0 0 0 0 0 0 0 0 0 0 0 0 0 0 0 0 0 0 0 0 0 0 0 0 0 0 0 0 0 0 0 0 0 0 0 0 0 0 0 0 0 0 0 0 0 0 0 0 0 0 0 0 0 0 0 0 0 0 0 0 0 0 0 0 0 0 0 0 0 0 0 0 0 0 0 0 0 0 1 0 0 0 0 0 0 0 0 0 0 0 0 0 0 0 0 0 0 0 0]
[9034178645774269650167796906930232548827376504388715439440875841247773083486900417689314209367639637709481057815698373705619048693290926774134895396180593445354512292446118681863987761817983040685730440465396026510476456401882234455607689761597001248360659542554256598798494930553045187954275976660003012306645941314 0 0 0 0 0 0 0 0 0 0 0 0 0 0 0 0 0 0 0 0 0 0 0 0 0 0 0 0 0 0 0 0 0 0 0 0 0 0 0 0 0 0 0 0 0 0 0 0 0 0 0 0 0 0 0 0 0 0 0 0 0 0 0 0 0 0 0 0 0 0 0 0 0 0 0 0 0 0 0 0 0 0 0 0 1 0 0 0 0 0 0 0 0 0 0 0 0 0 0 0 0 0 0 0]
[6687741768007415256834073775237970669230846800348450713962581673940506271350894718831406498333203412651067985257935286789657620586764650916102639838432060832771619867988048326748164331802144322432715589683864280834404902544967484766489013983999171793333609037370987130586869372846389115524028046021916713319885011053 0 0 0 0 0 0 0 0 0 0 0 0 0 0 0 0 0 0 0 0 0 0 0 0 0 0 0 0 0 0 0 0 0 0 0 0 0 0 0 0 0 0 0 0 0 0 0 0 0 0 0 0 0 0 0 0 0 0 0 0 0 0 0 0 0 0 0 0 0 0 0 0 0 0 0 0 0 0 0 0 0 0 0 0 0 1 0 0 0 0 0 0 0 0 0 0 0 0 0 0 0 0 0 0]
[8268113530060940533266993742740704243151024324087167547834443575869399747717373704003248571200634424633964280598137675950391911786628000398717085715712848835192220834787462382851248862421315029368408573627400902697249673148433740167622268641834308472986310705827208923624260860012498578361847808195863695903063948728 0 0 0 0 0 0 0 0 0 0 0 0 0 0 0 0 0 0 0 0 0 0 0 0 0 0 0 0 0 0 0 0 0 0 0 0 0 0 0 0 0 0 0 0 0 0 0 0 0 0 0 0 0 0 0 0 0 0 0 0 0 0 0 0 0 0 0 0 0 0 0 0 0 0 0 0 0 0 0 0 0 0 0 0 0 0 1 0 0 0 0 0 0 0 0 0 0 0 0 0 0 0 0 0]
[8323038432132008596426457924490882135171187216452913018664820151505304298197598874519370337607801670647224979576508570726763565414767363418074361537453503737868278378268064794246593431472420344649880537561048498010347200133856386751328764187488441608381263309108240741539502427701243062099405782551157447346222491837 0 0 0 0 0 0 0 0 0 0 0 0 0 0 0 0 0 0 0 0 0 0 0 0 0 0 0 0 0 0 0 0 0 0 0 0 0 0 0 0 0 0 0 0 0 0 0 0 0 0 0 0 0 0 0 0 0 0 0 0 0 0 0 0 0 0 0 0 0 0 0 0 0 0 0 0 0 0 0 0 0 0 0 0 0 0 0 1 0 0 0 0 0 0 0 0 0 0 0 0 0 0 0 0]
[9237406192493088190913069842865980366091808948554238336984113250212329417400252540966746748382207548543355011141506725551341690440914454083821470223688061077221810217945599243147238287404879566597297213712327815281064518226701712941444688962546211453780289545805751709672145849839399581669036665109911101414372187689 0 0 0 0 0 0 0 0 0 0 0 0 0 0 0 0 0 0 0 0 0 0 0 0 0 0 0 0 0 0 0 0 0 0 0 0 0 0 0 0 0 0 0 0 0 0 0 0 0 0 0 0 0 0 0 0 0 0 0 0 0 0 0 0 0 0 0 0 0 0 0 0 0 0 0 0 0 0 0 0 0 0 0 0 0 0 0 0 1 0 0 0 0 0 0 0 0 0 0 0 0 0 0 0]
[9739629665553713001433060372147439181539108103464710610986276082596409269129611728065782130229264582074178937664865467691273178369217225550086017555077383398616861361317163033939947163868294128277014073595563055922546667842848941601039820486174642181459802769112736495383901303830916732423267607789143209776119126813 0 0 0 0 0 0 0 0 0 0 0 0 0 0 0 0 0 0 0 0 0 0 0 0 0 0 0 0 0 0 0 0 0 0 0 0 0 0 0 0 0 0 0 0 0 0 0 0 0 0 0 0 0 0 0 0 0 0 0 0 0 0 0 0 0 0 0 0 0 0 0 0 0 0 0 0 0 0 0 0 0 0 0 0 0 0 0 0 0 1 0 0 0 0 0 0 0 0 0 0 0 0 0 0]
[9791422276369458703392219213832119155561242451212139982774463884117440738542327748025126548914372483039889145402612584771432656679319040920832209400335540739591127767729126593549477368658981857331882024218972281572000240476969536021694250239480230827772797208253650312132991156597566199230150824963314818391464186699 0 0 0 0 0 0 0 0 0 0 0 0 0 0 0 0 0 0 0 0 0 0 0 0 0 0 0 0 0 0 0 0 0 0 0 0 0 0 0 0 0 0 0 0 0 0 0 0 0 0 0 0 0 0 0 0 0 0 0 0 0 0 0 0 0 0 0 0 0 0 0 0 0 0 0 0 0 0 0 0 0 0 0 0 0 0 0 0 0 0 1 0 0 0 0 0 0 0 0 0 0 0 0 0]
[7551611731384625023204623591985555253315616258932118610353026197142868116986060543382796321056482279911452324137640894094923576215190093443723561373369844105662912672428022369894326397731827621335570580663128531108613291280558678149625246055595902449494577638460271009726674047677515651415604750142213874802803250666 0 0 0 0 0 0 0 0 0 0 0 0 0 0 0 0 0 0 0 0 0 0 0 0 0 0 0 0 0 0 0 0 0 0 0 0 0 0 0 0 0 0 0 0 0 0 0 0 0 0 0 0 0 0 0 0 0 0 0 0 0 0 0 0 0 0 0 0 0 0 0 0 0 0 0 0 0 0 0 0 0 0 0 0 0 0 0 0 0 0 0 1 0 0 0 0 0 0 0 0 0 0 0 0]
[6768629368064356533302338342927980764021891570219809366272658089159773457432862234699462121448029042984000893334524324273542557164609461600570782698137726184319614449634889866016043777287518298529607233237302353337939428275296791860236184802369999675726437377770299432178331457523741667827392291793474671398775852502 0 0 0 0 0 0 0 0 0 0 0 0 0 0 0 0 0 0 0 0 0 0 0 0 0 0 0 0 0 0 0 0 0 0 0 0 0 0 0 0 0 0 0 0 0 0 0 0 0 0 0 0 0 0 0 0 0 0 0 0 0 0 0 0 0 0 0 0 0 0 0 0 0 0 0 0 0 0 0 0 0 0 0 0 0 0 0 0 0 0 0 0 1 0 0 0 0 0 0 0 0 0 0 0]
[3578196282170404045498661359653109573580924271906151765703738601531050730792862620291367968602981758115273589145133295827216786656503783220373847576638973507156787745740227697812421297604582912644377575000760108031160645099490762594716469421623782002687371676427808304635238875617198327818059333029214811307650359929 0 0 0 0 0 0 0 0 0 0 0 0 0 0 0 0 0 0 0 0 0 0 0 0 0 0 0 0 0 0 0 0 0 0 0 0 0 0 0 0 0 0 0 0 0 0 0 0 0 0 0 0 0 0 0 0 0 0 0 0 0 0 0 0 0 0 0 0 0 0 0 0 0 0 0 0 0 0 0 0 0 0 0 0 0 0 0 0 0 0 0 0 0 1 0 0 0 0 0 0 0 0 0 0]
[5142630132709356826463795400076300678203825585191379745396039510383623289380670745064504054923526916300823473258713785507018476918523727689678864838223299252383183298834968437197889402767568835278129253267834639706073077535623984504283667144295224364370787185119766330417769097411920579421262618798057066826388947081 0 0 0 0 0 0 0 0 0 0 0 0 0 0 0 0 0 0 0 0 0 0 0 0 0 0 0 0 0 0 0 0 0 0 0 0 0 0 0 0 0 0 0 0 0 0 0 0 0 0 0 0 0 0 0 0 0 0 0 0 0 0 0 0 0 0 0 0 0 0 0 0 0 0 0 0 0 0 0 0 0 0 0 0 0 0 0 0 0 0 0 0 0 0 1 0 0 0 0 0 0 0 0 0]
[3656550235519335765683148871173629822523167838341126375273112038823576620743971393056965108894797837248205025850315237478587983999710230431160959579678868112575632633158635561486233394779101488197566367218628250627339073813555090963239187856319318311426782085523433441933470654956380757069441036411170193758424381470 0 0 0 0 0 0 0 0 0 0 0 0 0 0 0 0 0 0 0 0 0 0 0 0 0 0 0 0 0 0 0 0 0 0 0 0 0 0 0 0 0 0 0 0 0 0 0 0 0 0 0 0 0 0 0 0 0 0 0 0 0 0 0 0 0 0 0 0 0 0 0 0 0 0 0 0 0 0 0 0 0 0 0 0 0 0 0 0 0 0 0 0 0 0 0 1 0 0 0 0 0 0 0 0]
[9227117585206416024344412245192711224012856089167948009139913666171381118236793622791043175556119026658759985707984579406542006692038833214321287443103278438476085134476455392237366604350166614930287438748484273148017208836642285518751366909418050733526929965753441928058545201034849266316673836195704930769844573067 0 0 0 0 0 0 0 0 0 0 0 0 0 0 0 0 0 0 0 0 0 0 0 0 0 0 0 0 0 0 0 0 0 0 0 0 0 0 0 0 0 0 0 0 0 0 0 0 0 0 0 0 0 0 0 0 0 0 0 0 0 0 0 0 0 0 0 0 0 0 0 0 0 0 0 0 0 0 0 0 0 0 0 0 0 0 0 0 0 0 0 0 0 0 0 0 1 0 0 0 0 0 0 0]
[7292856743614158928625226222653929326476644795007846888000483671633428990863757326015215099367341523212357661351944883794211922463193419084495715975928564463862827471016425929514653948770384922983886084222137587652426341649396437833273983504372665034269788771468285220208638038045985818170907216820072559286808675145 0 0 0 0 0 0 0 0 0 0 0 0 0 0 0 0 0 0 0 0 0 0 0 0 0 0 0 0 0 0 0 0 0 0 0 0 0 0 0 0 0 0 0 0 0 0 0 0 0 0 0 0 0 0 0 0 0 0 0 0 0 0 0 0 0 0 0 0 0 0 0 0 0 0 0 0 0 0 0 0 0 0 0 0 0 0 0 0 0 0 0 0 0 0 0 0 0 1 0 0 0 0 0 0]
[2883636073820624063543840816155099549510677136907346625885554826472808798874846595963491167107265039637033263992392272838686286921941794728735374946946685442339921199293173791394633071606159869787794837670483006611543884535856813425541873892681714542500500023641059157355102566524911426293745785285268310366841714901 0 0 0 0 0 0 0 0 0 0 0 0 0 0 0 0 0 0 0 0 0 0 0 0 0 0 0 0 0 0 0 0 0 0 0 0 0 0 0 0 0 0 0 0 0 0 0 0 0 0 0 0 0 0 0 0 0 0 0 0 0 0 0 0 0 0 0 0 0 0 0 0 0 0 0 0 0 0 0 0 0 0 0 0 0 0 0 0 0 0 0 0 0 0 0 0 0 0 1 0 0 0 0 0]
[7776240754312598933651953717939959121897721177977204302502818185162513972798876194005292185195981424805098127121348083251294174376882551049948516708782845758558648586374091005976992782719397632240129617892375103809548246015812520096839684326052720075460700964363088738089468267775704965805403099954369457540968714574 0 0 0 0 0 0 0 0 0 0 0 0 0 0 0 0 0 0 0 0 0 0 0 0 0 0 0 0 0 0 0 0 0 0 0 0 0 0 0 0 0 0 0 0 0 0 0 0 0 0 0 0 0 0 0 0 0 0 0 0 0 0 0 0 0 0 0 0 0 0 0 0 0 0 0 0 0 0 0 0 0 0 0 0 0 0 0 0 0 0 0 0 0 0 0 0 0 0 0 1 0 0 0 0]
[229593360435997295887819381205466485376462677157528193137790635024426114753485589550604021830748872341212461306093474711262632069577599081093515440074929315716794647601952745651636496759591190459177905527232276122283193480578423980859856766396017287026068721835719419341060741629294797362053841175559738981130723475 0 0 0 0 0 0 0 0 0 0 0 0 0 0 0 0 0 0 0 0 0 0 0 0 0 0 0 0 0 0 0 0 0 0 0 0 0 0 0 0 0 0 0 0 0 0 0 0 0 0 0 0 0 0 0 0 0 0 0 0 0 0 0 0 0 0 0 0 0 0 0 0 0 0 0 0 0 0 0 0 0 0 0 0 0 0 0 0 0 0 0 0 0 0 0 0 0 0 0 0 1 0 0 0]
[7782748733635940858799905295869829363362506099106709811811429910879444031470486179796648418243713556749702244086686362597847680734043149520599297012237569690043196774648060060452169347712056797603350197695224115308799710129860891698260886967051135435262968245871910164219616757000326084623216998815796965662698067977 0 0 0 0 0 0 0 0 0 0 0 0 0 0 0 0 0 0 0 0 0 0 0 0 0 0 0 0 0 0 0 0 0 0 0 0 0 0 0 0 0 0 0 0 0 0 0 0 0 0 0 0 0 0 0 0 0 0 0 0 0 0 0 0 0 0 0 0 0 0 0 0 0 0 0 0 0 0 0 0 0 0 0 0 0 0 0 0 0 0 0 0 0 0 0 0 0 0 0 0 0 1 0 0]
[6013031173634219611251349740173998314748899513132123398035453364225144028712447824256483530835477822286176166523364082799460765078750817810793343570763043640977503889449798687145562771777535664038524801896653545194939491823713143753759060548359179468473324917690050510463317053221107936684673162953825391184268255432 0 0 0 0 0 0 0 0 0 0 0 0 0 0 0 0 0 0 0 0 0 0 0 0 0 0 0 0 0 0 0 0 0 0 0 0 0 0 0 0 0 0 0 0 0 0 0 0 0 0 0 0 0 0 0 0 0 0 0 0 0 0 0 0 0 0 0 0 0 0 0 0 0 0 0 0 0 0 0 0 0 0 0 0 0 0 0 0 0 0 0 0 0 0 0 0 0 0 0 0 0 0 1 0]
[8935491827043013306644689628295349624585551042718673042003665794052133212473550762127299902722030182985935729557701689619239173303963064160754080699572612681186600392647576069357241231797144749540174090422244288264892037419338915127794097079556428183410392285816878832832783485848149977642831443694495612591976618665 0 0 0 0 0 0 0 0 0 0 0 0 0 0 0 0 0 0 0 0 0 0 0 0 0 0 0 0 0 0 0 0 0 0 0 0 0 0 0 0 0 0 0 0 0 0 0 0 0 0 0 0 0 0 0 0 0 0 0 0 0 0 0 0 0 0 0 0 0 0 0 0 0 0 0 0 0 0 0 0 0 0 0 0 0 0 0 0 0 0 0 0 0 0 0 0 0 0 0 0 0 0 0 1]
]
