[[10756872709572741672629158013240245496762823196208681034072925517989948231742433699170932332248418639499257630557723952623648558862869822131136972337215274482639315203927025525217381503627280787014648761599185166185158428812957685092154013628488679741982891869380745247237790797926040558297641132679496157896048191839504323615671662493121716895993 0 0 0 0 0 0 0 0 0 0 0 0 0 0 0 0 0 0 0 0 0 0 0 0 0 0 0 0 0 0 0 0 0 0 0 0 0 0 0 0 0 0 0 0 0 0 0 0 0 0 0 0 0 0 0 0 0 0 0 0 0 0 0 0 0 0 0 0 0 0 0 0 0 0 0 0 0 0 0 0 0 0 0 0 0 0 0 0 0 0 0 0 0 0 0 0 0 0 0 0 0 0 0 0 0 0 0 0 0 0 0 0 0 0]
[9428887063052398635980740505939284623546689815305423563702961114731364917833726276035267159882973019118802378666782532907482154122682593440470322563921164672458583364228021567642715061340455500428700837723188302514468502868241774269914017652691745504875304283561306151644992328841040009474855521553553733342613413230832867168981428777256521732158 1 0 0 0 0 0 0 0 0 0 0 0 0 0 0 0 0 0 0 0 0 0 0 0 0 0 0 0 0 0 0 0 0 0 0 0 0 0 0 0 0 0 0 0 0 0 0 0 0 0 0 0 0 0 0 0 0 0 0 0 0 0 0 0 0 0 0 0 0 0 0 0 0 0 0 0 0 0 0 0 0 0 0 0 0 0 0 0 0 0 0 0 0 0 0 0 0 0 0 0 0 0 0 0 0 0 0 0 0 0 0 0 0 0]
[1486105156949658707717636949659071909371654096804893532088435721005406891517071747422194443060941307223592920611317241630446315918887313596113409056824030372643302208461471169062990727703213444469474107958596197727178341333482175019245727518098289081795467278475625297331852106308735450445228785977244970680534195814754259053400460354139469347137 0 1 0 0 0 0 0 0 0 0 0 0 0 0 0 0 0 0 0 0 0 0 0 0 0 0 0 0 0 0 0 0 0 0 0 0 0 0 0 0 0 0 0 0 0 0 0 0 0 0 0 0 0 0 0 0 0 0 0 0 0 0 0 0 0 0 0 0 0 0 0 0 0 0 0 0 0 0 0 0 0 0 0 0 0 0 0 0 0 0 0 0 0 0 0 0 0 0 0 0 0 0 0 0 0 0 0 0 0 0 0 0 0 0]
[1070928278389403846749980352737007826394699620121474581641901330959923251385023797434451849809234732743293038123156631862791660046838453040495574041034028484076342700493401036051752483441730724556617972602060123037787226232682064026997982770565972478364096248327760028241624472130043119388469537871259887664573349047361371615799875993467506339290 0 0 1 0 0 0 0 0 0 0 0 0 0 0 0 0 0 0 0 0 0 0 0 0 0 0 0 0 0 0 0 0 0 0 0 0 0 0 0 0 0 0 0 0 0 0 0 0 0 0 0 0 0 0 0 0 0 0 0 0 0 0 0 0 0 0 0 0 0 0 0 0 0 0 0 0 0 0 0 0 0 0 0 0 0 0 0 0 0 0 0 0 0 0 0 0 0 0 0 0 0 0 0 0 0 0 0 0 0 0 0 0 0 0]
[6410304868364142800532170934477285034512032737288733049179156358585359034339546870924191339880405674998553455187275151390107256186772224225478258230455078669895459749564899888633696141314850519352729154747479936274985231963956550161438101325559610681817357362767280325927631466908303068841565970305157071172956109708428011895919625780311961498869 0 0 0 1 0 0 0 0 0 0 0 0 0 0 0 0 0 0 0 0 0 0 0 0 0 0 0 0 0 0 0 0 0 0 0 0 0 0 0 0 0 0 0 0 0 0 0 0 0 0 0 0 0 0 0 0 0 0 0 0 0 0 0 0 0 0 0 0 0 0 0 0 0 0 0 0 0 0 0 0 0 0 0 0 0 0 0 0 0 0 0 0 0 0 0 0 0 0 0 0 0 0 0 0 0 0 0 0 0 0 0 0 0 0]
[3765479293670598013240825776680837161088619484506459218187656679480585948406413428006833566645151969175867350807033255742729635117861251256937904652907672291574729073613023879419004242868976898724186098285606854813556329875013533244829887465750718161607171521988013023600264044326553530318679639720602541944220995609004058166291845210932672245180 0 0 0 0 1 0 0 0 0 0 0 0 0 0 0 0 0 0 0 0 0 0 0 0 0 0 0 0 0 0 0 0 0 0 0 0 0 0 0 0 0 0 0 0 0 0 0 0 0 0 0 0 0 0 0 0 0 0 0 0 0 0 0 0 0 0 0 0 0 0 0 0 0 0 0 0 0 0 0 0 0 0 0 0 0 0 0 0 0 0 0 0 0 0 0 0 0 0 0 0 0 0 0 0 0 0 0 0 0 0 0 0 0 0]
[7620178045719001086702122817347175358117684132778631058063791608321259636039881625609520245255402199844816383178685140503079188414119152745967249598706081811353811486914362154484333340231321474972267189099359614733043220750922029483186400209753791036393839046056663260899052597156447512838798940023823299328460325332606797645170809376287421693252 0 0 0 0 0 1 0 0 0 0 0 0 0 0 0 0 0 0 0 0 0 0 0 0 0 0 0 0 0 0 0 0 0 0 0 0 0 0 0 0 0 0 0 0 0 0 0 0 0 0 0 0 0 0 0 0 0 0 0 0 0 0 0 0 0 0 0 0 0 0 0 0 0 0 0 0 0 0 0 0 0 0 0 0 0 0 0 0 0 0 0 0 0 0 0 0 0 0 0 0 0 0 0 0 0 0 0 0 0 0 0 0 0 0]
[2177109588987961117150792331443871772754190552485601179092895735214996015564969528887456210776609674426832420243369508846533134569044997878143004959645711792949725695669567984530293855766892588583738410133615011828330740590390514457034607415161989030058202855297942415973971743520689379134959906064260781225363186479282728886758259510839006057397 0 0 0 0 0 0 1 0 0 0 0 0 0 0 0 0 0 0 0 0 0 0 0 0 0 0 0 0 0 0 0 0 0 0 0 0 0 0 0 0 0 0 0 0 0 0 0 0 0 0 0 0 0 0 0 0 0 0 0 0 0 0 0 0 0 0 0 0 0 0 0 0 0 0 0 0 0 0 0 0 0 0 0 0 0 0 0 0 0 0 0 0 0 0 0 0 0 0 0 0 0 0 0 0 0 0 0 0 0 0 0 0 0 0]
[6446355867787136414347648582828605395140410649522600419150392330954101788200659969811471879730399593269271985815082301764020608997362849474653817645843601061878746464271060074645898745146879738612310290973986798160604327518512098669247320654447009025136781171775930886870611474610613368071775249757917845401387173000935064657388484965936933995999 0 0 0 0 0 0 0 1 0 0 0 0 0 0 0 0 0 0 0 0 0 0 0 0 0 0 0 0 0 0 0 0 0 0 0 0 0 0 0 0 0 0 0 0 0 0 0 0 0 0 0 0 0 0 0 0 0 0 0 0 0 0 0 0 0 0 0 0 0 0 0 0 0 0 0 0 0 0 0 0 0 0 0 0 0 0 0 0 0 0 0 0 0 0 0 0 0 0 0 0 0 0 0 0 0 0 0 0 0 0 0 0 0 0]
[3374659210701097862698548600448873809716014124185310637281308559704137197717212495099361642231633028808530133763276151152453168128507218152968982675772273142726702502772580220344619569938426132195868181034485244226763156460326514706735354692396570002871714438773159724554499066587946597026089199796729986175085886828740203110724638139320882645051 0 0 0 0 0 0 0 0 1 0 0 0 0 0 0 0 0 0 0 0 0 0 0 0 0 0 0 0 0 0 0 0 0 0 0 0 0 0 0 0 0 0 0 0 0 0 0 0 0 0 0 0 0 0 0 0 0 0 0 0 0 0 0 0 0 0 0 0 0 0 0 0 0 0 0 0 0 0 0 0 0 0 0 0 0 0 0 0 0 0 0 0 0 0 0 0 0 0 0 0 0 0 0 0 0 0 0 0 0 0 0 0 0 0]
[4523685399007317222057811084295244785974429493737756490155807778508270870685468438095935362030741120606906753795616778986863960689698527736475875029730903449725486055233854953053347879736776910722432219522324737351203627532500778975327846368290218863450772718508155035531695917019305485782331562326379390471386580533084848550474626494181550993366 0 0 0 0 0 0 0 0 0 1 0 0 0 0 0 0 0 0 0 0 0 0 0 0 0 0 0 0 0 0 0 0 0 0 0 0 0 0 0 0 0 0 0 0 0 0 0 0 0 0 0 0 0 0 0 0 0 0 0 0 0 0 0 0 0 0 0 0 0 0 0 0 0 0 0 0 0 0 0 0 0 0 0 0 0 0 0 0 0 0 0 0 0 0 0 0 0 0 0 0 0 0 0 0 0 0 0 0 0 0 0 0 0 0]
[3827294137664605245567788050658463809105206636954742701255335823262077554602497756293690976221820329946730993283732369440864692418152308067010838044723466898592985043643366189563623455101464533444433945175144287998320076540872863325102691960003888189869443281247624121987778165885712690319188126965710702824980522080310613066192219056843138184060 0 0 0 0 0 0 0 0 0 0 1 0 0 0 0 0 0 0 0 0 0 0 0 0 0 0 0 0 0 0 0 0 0 0 0 0 0 0 0 0 0 0 0 0 0 0 0 0 0 0 0 0 0 0 0 0 0 0 0 0 0 0 0 0 0 0 0 0 0 0 0 0 0 0 0 0 0 0 0 0 0 0 0 0 0 0 0 0 0 0 0 0 0 0 0 0 0 0 0 0 0 0 0 0 0 0 0 0 0 0 0 0 0 0]
[4934354203668996322043451489478889928391259735887846530414305662015133224632913049171701174811381834596109917027008334083942028077211713935009017090479549697519353093120608530455786522986964462993093722063689229986614349166241070627455407169298212786309816752109404119398887915681347359344868482448422374607934729121438421233827816831027858004810 0 0 0 0 0 0 0 0 0 0 0 1 0 0 0 0 0 0 0 0 0 0 0 0 0 0 0 0 0 0 0 0 0 0 0 0 0 0 0 0 0 0 0 0 0 0 0 0 0 0 0 0 0 0 0 0 0 0 0 0 0 0 0 0 0 0 0 0 0 0 0 0 0 0 0 0 0 0 0 0 0 0 0 0 0 0 0 0 0 0 0 0 0 0 0 0 0 0 0 0 0 0 0 0 0 0 0 0 0 0 0 0 0 0]
[6419363539849677390081722706434212091947159240894731150374714521041033786900218876739669181672246316411177355377903929615947730017457021190908929262832115057206812197708160062883716217215795615989401697912692487486677271466320980362225423436011650539756876000285100755888177882923274496332488217027983232903086632585095642271357172597959995559788 0 0 0 0 0 0 0 0 0 0 0 0 1 0 0 0 0 0 0 0 0 0 0 0 0 0 0 0 0 0 0 0 0 0 0 0 0 0 0 0 0 0 0 0 0 0 0 0 0 0 0 0 0 0 0 0 0 0 0 0 0 0 0 0 0 0 0 0 0 0 0 0 0 0 0 0 0 0 0 0 0 0 0 0 0 0 0 0 0 0 0 0 0 0 0 0 0 0 0 0 0 0 0 0 0 0 0 0 0 0 0 0 0 0]
[5523191448016029266757532781846315170506820559921723050450322294948314842952551085377937153704204152693872769551759659977865207990018972173687971229220306450469663196944199366546810668406433191230687502417723685045902861890900970469032557552304550323031580370910577496128626937077754576638506652750350984070915560421054444688398494348020843752762 0 0 0 0 0 0 0 0 0 0 0 0 0 1 0 0 0 0 0 0 0 0 0 0 0 0 0 0 0 0 0 0 0 0 0 0 0 0 0 0 0 0 0 0 0 0 0 0 0 0 0 0 0 0 0 0 0 0 0 0 0 0 0 0 0 0 0 0 0 0 0 0 0 0 0 0 0 0 0 0 0 0 0 0 0 0 0 0 0 0 0 0 0 0 0 0 0 0 0 0 0 0 0 0 0 0 0 0 0 0 0 0 0 0]
[7739720737552608064323058631926707425453010322799453743340168236937259439443684078818244781559805065947749802399145924148748483699234552626998044926674053768249210366787142423113447100614104191979438866989788867999315997688691053340307091558898301551668742048943802921626140734532695236657755863215564064416284469700967664599537118844653164665730 0 0 0 0 0 0 0 0 0 0 0 0 0 0 1 0 0 0 0 0 0 0 0 0 0 0 0 0 0 0 0 0 0 0 0 0 0 0 0 0 0 0 0 0 0 0 0 0 0 0 0 0 0 0 0 0 0 0 0 0 0 0 0 0 0 0 0 0 0 0 0 0 0 0 0 0 0 0 0 0 0 0 0 0 0 0 0 0 0 0 0 0 0 0 0 0 0 0 0 0 0 0 0 0 0 0 0 0 0 0 0 0 0 0]
[4022044738634188057571686631318870880096176958523842214441678689088439612285707235452458692463395411055129708749143303003647782863244289227268873303607523133131157028694210713673479467077182311297486589933569924318206600555028163404068227940560022330816094596660773174778657800242117878664792699200138404627165099017321610572374988094888370248862 0 0 0 0 0 0 0 0 0 0 0 0 0 0 0 1 0 0 0 0 0 0 0 0 0 0 0 0 0 0 0 0 0 0 0 0 0 0 0 0 0 0 0 0 0 0 0 0 0 0 0 0 0 0 0 0 0 0 0 0 0 0 0 0 0 0 0 0 0 0 0 0 0 0 0 0 0 0 0 0 0 0 0 0 0 0 0 0 0 0 0 0 0 0 0 0 0 0 0 0 0 0 0 0 0 0 0 0 0 0 0 0 0 0]
[8333643669263094485079480669739567461819692072925895643776573878308121825284036330761409150053982859122670208563661248461100205334929497842728422123514229906925339841494030529150038221320258752840589602009296167977710442057410275121437768131154093219974182511765797583129952654766869436093986752162335633073653981367630366806500124302923579307288 0 0 0 0 0 0 0 0 0 0 0 0 0 0 0 0 1 0 0 0 0 0 0 0 0 0 0 0 0 0 0 0 0 0 0 0 0 0 0 0 0 0 0 0 0 0 0 0 0 0 0 0 0 0 0 0 0 0 0 0 0 0 0 0 0 0 0 0 0 0 0 0 0 0 0 0 0 0 0 0 0 0 0 0 0 0 0 0 0 0 0 0 0 0 0 0 0 0 0 0 0 0 0 0 0 0 0 0 0 0 0 0 0 0]
[1341146726165931423200490047999265494107331945616685646423389768283094256286112398859981059070919696591839933500740547611171081298199541615616662780862474490220439292027672595619644820480137316431661309486745751576466109264743337600740447509775130026662693547323973154148591664186719852776213857661579420957527000211341408439290057247559703075745 0 0 0 0 0 0 0 0 0 0 0 0 0 0 0 0 0 1 0 0 0 0 0 0 0 0 0 0 0 0 0 0 0 0 0 0 0 0 0 0 0 0 0 0 0 0 0 0 0 0 0 0 0 0 0 0 0 0 0 0 0 0 0 0 0 0 0 0 0 0 0 0 0 0 0 0 0 0 0 0 0 0 0 0 0 0 0 0 0 0 0 0 0 0 0 0 0 0 0 0 0 0 0 0 0 0 0 0 0 0 0 0 0 0]
[5438927989054637529619595413489569417054952133779383641878117280276412145171874237947668858285455778484581354700236560640381309772799551598707782364083011226246168848018229260857314706987582975712927675616901980958429650192130448882538657706568879152699286935666846076794354021719003059931825191337356308726558093377592214979124355059832940514611 0 0 0 0 0 0 0 0 0 0 0 0 0 0 0 0 0 0 1 0 0 0 0 0 0 0 0 0 0 0 0 0 0 0 0 0 0 0 0 0 0 0 0 0 0 0 0 0 0 0 0 0 0 0 0 0 0 0 0 0 0 0 0 0 0 0 0 0 0 0 0 0 0 0 0 0 0 0 0 0 0 0 0 0 0 0 0 0 0 0 0 0 0 0 0 0 0 0 0 0 0 0 0 0 0 0 0 0 0 0 0 0 0 0]
[8827188617318409492604136304924816681359837919400193775560108864873783400946693554449494971588276006672161501036584419107038535506290509894222659157020552994119484270071045931944686391717181921618867878723280842496850512222465136504153199346812417430447510279623851608813803214785380539648739172358182771867341843003569729296586367853892717629690 0 0 0 0 0 0 0 0 0 0 0 0 0 0 0 0 0 0 0 1 0 0 0 0 0 0 0 0 0 0 0 0 0 0 0 0 0 0 0 0 0 0 0 0 0 0 0 0 0 0 0 0 0 0 0 0 0 0 0 0 0 0 0 0 0 0 0 0 0 0 0 0 0 0 0 0 0 0 0 0 0 0 0 0 0 0 0 0 0 0 0 0 0 0 0 0 0 0 0 0 0 0 0 0 0 0 0 0 0 0 0 0 0 0]
[9865755559689224693939849150318484071140653763452104350619232920114555514573429257386174712696636525686108584642552663858856779183486402326050410039971957806947778848152384969051403427399224848655205702624297199491414197031820065184776491187825616733005422526646225677408509582535342564363561099208050631790015028729053365554525364786356252226710 0 0 0 0 0 0 0 0 0 0 0 0 0 0 0 0 0 0 0 0 1 0 0 0 0 0 0 0 0 0 0 0 0 0 0 0 0 0 0 0 0 0 0 0 0 0 0 0 0 0 0 0 0 0 0 0 0 0 0 0 0 0 0 0 0 0 0 0 0 0 0 0 0 0 0 0 0 0 0 0 0 0 0 0 0 0 0 0 0 0 0 0 0 0 0 0 0 0 0 0 0 0 0 0 0 0 0 0 0 0 0 0 0 0]
[4695761213063144395085895924823515875234721014489415195196852369026835701590050994835064182538656057474032877739804495319975835493857652307493203538544327271335194285252780040700696073154865794343047841980210282462746925213938826786336220774489065275624047648042468900532497684825699554175407259130336701037657146799242558061632863605624792118535 0 0 0 0 0 0 0 0 0 0 0 0 0 0 0 0 0 0 0 0 0 1 0 0 0 0 0 0 0 0 0 0 0 0 0 0 0 0 0 0 0 0 0 0 0 0 0 0 0 0 0 0 0 0 0 0 0 0 0 0 0 0 0 0 0 0 0 0 0 0 0 0 0 0 0 0 0 0 0 0 0 0 0 0 0 0 0 0 0 0 0 0 0 0 0 0 0 0 0 0 0 0 0 0 0 0 0 0 0 0 0 0 0 0]
[2707789410581331724342045099940827729778461972772744859418487755667602593156643553006129225326686802627364464718803063600127119767015780548366644269781766627149230586945329686805675504847357535706448908154266362237598711995216659380040863688059211182030214536750945625697231061902257004146281440973727517807040182806844085891308673910482053751535 0 0 0 0 0 0 0 0 0 0 0 0 0 0 0 0 0 0 0 0 0 0 1 0 0 0 0 0 0 0 0 0 0 0 0 0 0 0 0 0 0 0 0 0 0 0 0 0 0 0 0 0 0 0 0 0 0 0 0 0 0 0 0 0 0 0 0 0 0 0 0 0 0 0 0 0 0 0 0 0 0 0 0 0 0 0 0 0 0 0 0 0 0 0 0 0 0 0 0 0 0 0 0 0 0 0 0 0 0 0 0 0 0 0]
[6246486969592546821607029280022650797030103270305686307977039941371746994311935497927913025577389595915481500084592938708592755270513085889271128721313103590604894058752932110408114139431345828101089337091665188191975132846392841577375144030620269450505152953825751052873614700826817203339789574179411953884387261244770562724128740667064422503136 0 0 0 0 0 0 0 0 0 0 0 0 0 0 0 0 0 0 0 0 0 0 0 1 0 0 0 0 0 0 0 0 0 0 0 0 0 0 0 0 0 0 0 0 0 0 0 0 0 0 0 0 0 0 0 0 0 0 0 0 0 0 0 0 0 0 0 0 0 0 0 0 0 0 0 0 0 0 0 0 0 0 0 0 0 0 0 0 0 0 0 0 0 0 0 0 0 0 0 0 0 0 0 0 0 0 0 0 0 0 0 0 0 0]
[674891628076938293931427024812937004759904912308818785655373541493860082350349440784385733356519798682165750784834142806513856713063116461252126195675368200145795003098871683558648553640029871584625875854894437443555807078195448243951580912145614094213372055552878957810590561777371007908088561018485647573988038896790606661255611421598868717722 0 0 0 0 0 0 0 0 0 0 0 0 0 0 0 0 0 0 0 0 0 0 0 0 1 0 0 0 0 0 0 0 0 0 0 0 0 0 0 0 0 0 0 0 0 0 0 0 0 0 0 0 0 0 0 0 0 0 0 0 0 0 0 0 0 0 0 0 0 0 0 0 0 0 0 0 0 0 0 0 0 0 0 0 0 0 0 0 0 0 0 0 0 0 0 0 0 0 0 0 0 0 0 0 0 0 0 0 0 0 0 0 0 0]
[10642078897796262975483028860142366071417749462767553767040243223737536990171014499664831609432659077648086340078516836824962282288512793194947520917612187581843616513316921197638993606915936449062119339447471511672300246763358268760536501944066389319906330818495970792522110341568721327907584739700444064920243329962874059743566485410104034064529 0 0 0 0 0 0 0 0 0 0 0 0 0 0 0 0 0 0 0 0 0 0 0 0 0 1 0 0 0 0 0 0 0 0 0 0 0 0 0 0 0 0 0 0 0 0 0 0 0 0 0 0 0 0 0 0 0 0 0 0 0 0 0 0 0 0 0 0 0 0 0 0 0 0 0 0 0 0 0 0 0 0 0 0 0 0 0 0 0 0 0 0 0 0 0 0 0 0 0 0 0 0 0 0 0 0 0 0 0 0 0 0 0 0]
[8346353260376793589918259436903819619784130135985298111983806761010233243471324295143139990307132929083891312119914943596795553201983539764881810630098052711311085963774461720242964549884685878628219725094696002586615040500076105023589606589262132828055054318334362913441438547862663003743355759351353976454404837684161117832763306390102136109420 0 0 0 0 0 0 0 0 0 0 0 0 0 0 0 0 0 0 0 0 0 0 0 0 0 0 1 0 0 0 0 0 0 0 0 0 0 0 0 0 0 0 0 0 0 0 0 0 0 0 0 0 0 0 0 0 0 0 0 0 0 0 0 0 0 0 0 0 0 0 0 0 0 0 0 0 0 0 0 0 0 0 0 0 0 0 0 0 0 0 0 0 0 0 0 0 0 0 0 0 0 0 0 0 0 0 0 0 0 0 0 0 0 0]
[3724884982424686209125731590287183389102325125198592618906887020514336976493857775751635855760810036165969224411313420487577700167165953444453336662507828854038690977382540096040581853672556045138643867660121797756354060085293149518478825113436105165933811717539190813201106623259520235205207469338731602094438381109422647150427756450665391026972 0 0 0 0 0 0 0 0 0 0 0 0 0 0 0 0 0 0 0 0 0 0 0 0 0 0 0 1 0 0 0 0 0 0 0 0 0 0 0 0 0 0 0 0 0 0 0 0 0 0 0 0 0 0 0 0 0 0 0 0 0 0 0 0 0 0 0 0 0 0 0 0 0 0 0 0 0 0 0 0 0 0 0 0 0 0 0 0 0 0 0 0 0 0 0 0 0 0 0 0 0 0 0 0 0 0 0 0 0 0 0 0 0 0]
[9302000747028453257962437042114379970965283204355112098244644820184139025042625173749591954421532425400224771358174882328855037316769614517863987942447525455899286052484670889707242386003863760256198742395332439512069839075921732756661544661636383785443460265706271033291425743627476403849771493822017893307465133256410967487816078213571976834714 0 0 0 0 0 0 0 0 0 0 0 0 0 0 0 0 0 0 0 0 0 0 0 0 0 0 0 0 1 0 0 0 0 0 0 0 0 0 0 0 0 0 0 0 0 0 0 0 0 0 0 0 0 0 0 0 0 0 0 0 0 0 0 0 0 0 0 0 0 0 0 0 0 0 0 0 0 0 0 0 0 0 0 0 0 0 0 0 0 0 0 0 0 0 0 0 0 0 0 0 0 0 0 0 0 0 0 0 0 0 0 0 0 0]
[7696322417766923020229922339884027732744206633130912937647750614582161343820143079578987935443712560942910756702207967846302484819130250762922314279758394337977739960670669611503351330061594558317645055296057564442244047916591266708937710047242930630311158291211953966071574507744545089318016338136809205140716703347774566853128055924672109683934 0 0 0 0 0 0 0 0 0 0 0 0 0 0 0 0 0 0 0 0 0 0 0 0 0 0 0 0 0 1 0 0 0 0 0 0 0 0 0 0 0 0 0 0 0 0 0 0 0 0 0 0 0 0 0 0 0 0 0 0 0 0 0 0 0 0 0 0 0 0 0 0 0 0 0 0 0 0 0 0 0 0 0 0 0 0 0 0 0 0 0 0 0 0 0 0 0 0 0 0 0 0 0 0 0 0 0 0 0 0 0 0 0 0]
[7239821837678160213126428957455938679095654429275523350795825103256157568336403109076841388925598227871094263825484994041130475383960821524157232601622964205903180753913409492657415130023941140928534188325876830640408340287620702186998144174286590929031989917231235400385073106387947554756217761790647111197289994325220584944607929020269604271124 0 0 0 0 0 0 0 0 0 0 0 0 0 0 0 0 0 0 0 0 0 0 0 0 0 0 0 0 0 0 1 0 0 0 0 0 0 0 0 0 0 0 0 0 0 0 0 0 0 0 0 0 0 0 0 0 0 0 0 0 0 0 0 0 0 0 0 0 0 0 0 0 0 0 0 0 0 0 0 0 0 0 0 0 0 0 0 0 0 0 0 0 0 0 0 0 0 0 0 0 0 0 0 0 0 0 0 0 0 0 0 0 0 0]
[15064085421048127451860432501047514775825250288495719210513703631022165414494515525241898521449420841359043193437593183263302311553257283768220209785376968075334575274263097101677663430575085191571321720139423865719877315220805554063122002110122494522417348130327386517233892946957132477458904899443693681975920545529517454259830280872030361672 0 0 0 0 0 0 0 0 0 0 0 0 0 0 0 0 0 0 0 0 0 0 0 0 0 0 0 0 0 0 0 1 0 0 0 0 0 0 0 0 0 0 0 0 0 0 0 0 0 0 0 0 0 0 0 0 0 0 0 0 0 0 0 0 0 0 0 0 0 0 0 0 0 0 0 0 0 0 0 0 0 0 0 0 0 0 0 0 0 0 0 0 0 0 0 0 0 0 0 0 0 0 0 0 0 0 0 0 0 0 0 0 0 0]
[10715038339649617985719353107391684620565570060885698602672740521162161569197952299591451982256063191598929706303474561666122877143580845624196387102407249169542876591031794325020119475954591842789730826472360858150658528590742490019928316283824308937587391861290571871167433747087909540446231884201890688268774610980009718593762090815493646719028 0 0 0 0 0 0 0 0 0 0 0 0 0 0 0 0 0 0 0 0 0 0 0 0 0 0 0 0 0 0 0 0 1 0 0 0 0 0 0 0 0 0 0 0 0 0 0 0 0 0 0 0 0 0 0 0 0 0 0 0 0 0 0 0 0 0 0 0 0 0 0 0 0 0 0 0 0 0 0 0 0 0 0 0 0 0 0 0 0 0 0 0 0 0 0 0 0 0 0 0 0 0 0 0 0 0 0 0 0 0 0 0 0 0]
[6402536284148091976442750899750934338166079823231663822746241448048328714482813372590046532986755570956839739951411897305979152962509405667102225194048206584187186657068897056167614310974339140632132519438150123351898430051392247588373183291588914708546973458031647445293520809757147388856373079354068931041956551898069182362807160472080182711989 0 0 0 0 0 0 0 0 0 0 0 0 0 0 0 0 0 0 0 0 0 0 0 0 0 0 0 0 0 0 0 0 0 1 0 0 0 0 0 0 0 0 0 0 0 0 0 0 0 0 0 0 0 0 0 0 0 0 0 0 0 0 0 0 0 0 0 0 0 0 0 0 0 0 0 0 0 0 0 0 0 0 0 0 0 0 0 0 0 0 0 0 0 0 0 0 0 0 0 0 0 0 0 0 0 0 0 0 0 0 0 0 0 0]
[1550719547638162792319538602862529889814940826600022751513546434294013814904505420115247009184108907298401150524886998582758042597387412301123187727072837692917690953677293585045015192426337976441850657462616743995497793641262025169480078073036565367955794816286535039009991381941428907126994584207091298452656175756114133928737869416566661445987 0 0 0 0 0 0 0 0 0 0 0 0 0 0 0 0 0 0 0 0 0 0 0 0 0 0 0 0 0 0 0 0 0 0 1 0 0 0 0 0 0 0 0 0 0 0 0 0 0 0 0 0 0 0 0 0 0 0 0 0 0 0 0 0 0 0 0 0 0 0 0 0 0 0 0 0 0 0 0 0 0 0 0 0 0 0 0 0 0 0 0 0 0 0 0 0 0 0 0 0 0 0 0 0 0 0 0 0 0 0 0 0 0 0]
[6415371361937079905128147322527677099392674369736779578011127705667429150520545880316511231921679821642049392411762927284350371392547526348778541999358858477091381193724311428930004724786211176675946031947323241492973957544870596821878197407599954568906014124051554715573167892045499323541040517714015632032595689725782682587754262821437985835259 0 0 0 0 0 0 0 0 0 0 0 0 0 0 0 0 0 0 0 0 0 0 0 0 0 0 0 0 0 0 0 0 0 0 0 1 0 0 0 0 0 0 0 0 0 0 0 0 0 0 0 0 0 0 0 0 0 0 0 0 0 0 0 0 0 0 0 0 0 0 0 0 0 0 0 0 0 0 0 0 0 0 0 0 0 0 0 0 0 0 0 0 0 0 0 0 0 0 0 0 0 0 0 0 0 0 0 0 0 0 0 0 0 0]
[10114728787774723498190978287315462633949588157054965507642736194000043527077942311899004115920216699999799872045281720486969837069244473410350731676552881367675157890755581875095707156159162177924038303256019831674130522641772421476119058218433992372457366356698545249188942850380968762662058235085926711796276645289549678189438459442296969306597 0 0 0 0 0 0 0 0 0 0 0 0 0 0 0 0 0 0 0 0 0 0 0 0 0 0 0 0 0 0 0 0 0 0 0 0 1 0 0 0 0 0 0 0 0 0 0 0 0 0 0 0 0 0 0 0 0 0 0 0 0 0 0 0 0 0 0 0 0 0 0 0 0 0 0 0 0 0 0 0 0 0 0 0 0 0 0 0 0 0 0 0 0 0 0 0 0 0 0 0 0 0 0 0 0 0 0 0 0 0 0 0 0 0]
[8008155286234612569894833202813294452906750310701048991216598677509109257912467150435817080531496194033792327208206139856558939599300198741054071190986965228615412803200349107844388476242777754623542110768861157538455093765849695065681710166737287337926612794058660097166959317539191038795623949648603010517076547281506274722908312403766821493925 0 0 0 0 0 0 0 0 0 0 0 0 0 0 0 0 0 0 0 0 0 0 0 0 0 0 0 0 0 0 0 0 0 0 0 0 0 1 0 0 0 0 0 0 0 0 0 0 0 0 0 0 0 0 0 0 0 0 0 0 0 0 0 0 0 0 0 0 0 0 0 0 0 0 0 0 0 0 0 0 0 0 0 0 0 0 0 0 0 0 0 0 0 0 0 0 0 0 0 0 0 0 0 0 0 0 0 0 0 0 0 0 0 0]
[5360604165139265420339589035646642426369237835686817622245119519492396370513281215792530899303265162287491971778690695449394649513178144111455921275712925970015928924900977227782876938948634409447470167417491414704203282449158723435399345827615187168889851673463952226123536088555153231166484024206143089788418539435122023927357745291706920767067 0 0 0 0 0 0 0 0 0 0 0 0 0 0 0 0 0 0 0 0 0 0 0 0 0 0 0 0 0 0 0 0 0 0 0 0 0 0 1 0 0 0 0 0 0 0 0 0 0 0 0 0 0 0 0 0 0 0 0 0 0 0 0 0 0 0 0 0 0 0 0 0 0 0 0 0 0 0 0 0 0 0 0 0 0 0 0 0 0 0 0 0 0 0 0 0 0 0 0 0 0 0 0 0 0 0 0 0 0 0 0 0 0 0]
[5995167576913382970650762914098469662738349740363773151163940136859444735718855114706638626331931661440741835820893362028979757703356586621395812797820667119788675713972861236637202002422919073294837462566434680801250718468000728946044861383525295052807477402368980795874389683051922231581583260576225819466958149166648315982250057162543107467820 0 0 0 0 0 0 0 0 0 0 0 0 0 0 0 0 0 0 0 0 0 0 0 0 0 0 0 0 0 0 0 0 0 0 0 0 0 0 0 1 0 0 0 0 0 0 0 0 0 0 0 0 0 0 0 0 0 0 0 0 0 0 0 0 0 0 0 0 0 0 0 0 0 0 0 0 0 0 0 0 0 0 0 0 0 0 0 0 0 0 0 0 0 0 0 0 0 0 0 0 0 0 0 0 0 0 0 0 0 0 0 0 0 0]
[5056545323472432847481648203173901825157857093897636157882103044122194727748335356032922281638632704823897289434101388707467402395882751501226838145438065264990628727352245091988412715902436772565628580430555166195128204914864294314241604187215189688662747912290534843392095428751492069064689144434815839369803931600988675626950972290756172642417 0 0 0 0 0 0 0 0 0 0 0 0 0 0 0 0 0 0 0 0 0 0 0 0 0 0 0 0 0 0 0 0 0 0 0 0 0 0 0 0 1 0 0 0 0 0 0 0 0 0 0 0 0 0 0 0 0 0 0 0 0 0 0 0 0 0 0 0 0 0 0 0 0 0 0 0 0 0 0 0 0 0 0 0 0 0 0 0 0 0 0 0 0 0 0 0 0 0 0 0 0 0 0 0 0 0 0 0 0 0 0 0 0 0]
[291929565852638794476644715653286443135361428220029918913410294682779321791452166375585852488094528642457963143702867857702607309382673727978450172598364869730042850734481890192780627389913060452819622814216706197897399755218111919618007319742967864944387293545425289183210594574108950509105826415106697139692619790394157248842196936192737837188 0 0 0 0 0 0 0 0 0 0 0 0 0 0 0 0 0 0 0 0 0 0 0 0 0 0 0 0 0 0 0 0 0 0 0 0 0 0 0 0 0 1 0 0 0 0 0 0 0 0 0 0 0 0 0 0 0 0 0 0 0 0 0 0 0 0 0 0 0 0 0 0 0 0 0 0 0 0 0 0 0 0 0 0 0 0 0 0 0 0 0 0 0 0 0 0 0 0 0 0 0 0 0 0 0 0 0 0 0 0 0 0 0 0]
[944844716819175407189838442390678248424611262426166403943809639890650000967945821523362811860899844506024775679788043368729799387491102335295722290345484604180728787843837492533099821961919365268404609309403338332645253246371788800702431316463238861255344626907337787024802440581066393351760259062110110110047425236777323894632103440855492000708 0 0 0 0 0 0 0 0 0 0 0 0 0 0 0 0 0 0 0 0 0 0 0 0 0 0 0 0 0 0 0 0 0 0 0 0 0 0 0 0 0 0 1 0 0 0 0 0 0 0 0 0 0 0 0 0 0 0 0 0 0 0 0 0 0 0 0 0 0 0 0 0 0 0 0 0 0 0 0 0 0 0 0 0 0 0 0 0 0 0 0 0 0 0 0 0 0 0 0 0 0 0 0 0 0 0 0 0 0 0 0 0 0 0]
[6012407568923168885224819638244180177559613657849611005718366007982111193254465303695624622122380309143880571005220035879703679408465088743883807675738446846801436762948571801751165742884865323654295693145600487325206865699032655272848428398617377090801776188693982978158989493874202972388336870921999613997594179203234081400513987543347797317560 0 0 0 0 0 0 0 0 0 0 0 0 0 0 0 0 0 0 0 0 0 0 0 0 0 0 0 0 0 0 0 0 0 0 0 0 0 0 0 0 0 0 0 1 0 0 0 0 0 0 0 0 0 0 0 0 0 0 0 0 0 0 0 0 0 0 0 0 0 0 0 0 0 0 0 0 0 0 0 0 0 0 0 0 0 0 0 0 0 0 0 0 0 0 0 0 0 0 0 0 0 0 0 0 0 0 0 0 0 0 0 0 0 0]
[2322439139689383491818423107206168989138334631483296196424416272854771703499808117069024900151228396395760034305594185316093485896163740976158279854381413565037158359307514188291973486317258029867184332613245296560627875515932910297166524096794235069775699705904840210885374916862474044888101641514360182113614865577122338382415405160328686261299 0 0 0 0 0 0 0 0 0 0 0 0 0 0 0 0 0 0 0 0 0 0 0 0 0 0 0 0 0 0 0 0 0 0 0 0 0 0 0 0 0 0 0 0 1 0 0 0 0 0 0 0 0 0 0 0 0 0 0 0 0 0 0 0 0 0 0 0 0 0 0 0 0 0 0 0 0 0 0 0 0 0 0 0 0 0 0 0 0 0 0 0 0 0 0 0 0 0 0 0 0 0 0 0 0 0 0 0 0 0 0 0 0 0]
[4260703935017917592496826163142455336120459039166182215566910140739548372426423159661934481384845547245778136468177684028171626690644178987483394434558932878612227454307829542629081624745312589096575544823040294667673374850198000000093647129071456073100590434454960286751075434896262285827331550152427348357446472150811715078299880659504656189953 0 0 0 0 0 0 0 0 0 0 0 0 0 0 0 0 0 0 0 0 0 0 0 0 0 0 0 0 0 0 0 0 0 0 0 0 0 0 0 0 0 0 0 0 0 1 0 0 0 0 0 0 0 0 0 0 0 0 0 0 0 0 0 0 0 0 0 0 0 0 0 0 0 0 0 0 0 0 0 0 0 0 0 0 0 0 0 0 0 0 0 0 0 0 0 0 0 0 0 0 0 0 0 0 0 0 0 0 0 0 0 0 0 0]
[1094148819488342106528439656027191457625758795547467105875296550630485711671356333557879700416343592991835113389610872513680343556186198814174723432737789322475681797060000615289158821070208386332868794499519911840001189085841901190050836171759390480890434369407355692625607280332759199666850878813496958831784629324624116784809906353638215592009 0 0 0 0 0 0 0 0 0 0 0 0 0 0 0 0 0 0 0 0 0 0 0 0 0 0 0 0 0 0 0 0 0 0 0 0 0 0 0 0 0 0 0 0 0 0 1 0 0 0 0 0 0 0 0 0 0 0 0 0 0 0 0 0 0 0 0 0 0 0 0 0 0 0 0 0 0 0 0 0 0 0 0 0 0 0 0 0 0 0 0 0 0 0 0 0 0 0 0 0 0 0 0 0 0 0 0 0 0 0 0 0 0 0]
[1686409970600337455504467442780070488182675356779538370800830963174762994117597055051127415097277846763275517905274574304624278146405818808953893112139338860160101757428503213552100965568097711345746648315849651453407845369128608311073866344857103071153199218978015864326152714684872914697713107850205510481511055564327026212523424615633995400503 0 0 0 0 0 0 0 0 0 0 0 0 0 0 0 0 0 0 0 0 0 0 0 0 0 0 0 0 0 0 0 0 0 0 0 0 0 0 0 0 0 0 0 0 0 0 0 1 0 0 0 0 0 0 0 0 0 0 0 0 0 0 0 0 0 0 0 0 0 0 0 0 0 0 0 0 0 0 0 0 0 0 0 0 0 0 0 0 0 0 0 0 0 0 0 0 0 0 0 0 0 0 0 0 0 0 0 0 0 0 0 0 0 0]
[3505940004800407392384824558498238993335832605413266014363158479756649517617053020013737604611802307182231017612398659413436015801455998788325381598164376223107129996893347721950551258442399557540730283371892808689230726399703930986630188342745035116533994321326849915869117119425186935188257303116081431829325705793665792713607875099243136295744 0 0 0 0 0 0 0 0 0 0 0 0 0 0 0 0 0 0 0 0 0 0 0 0 0 0 0 0 0 0 0 0 0 0 0 0 0 0 0 0 0 0 0 0 0 0 0 0 1 0 0 0 0 0 0 0 0 0 0 0 0 0 0 0 0 0 0 0 0 0 0 0 0 0 0 0 0 0 0 0 0 0 0 0 0 0 0 0 0 0 0 0 0 0 0 0 0 0 0 0 0 0 0 0 0 0 0 0 0 0 0 0 0 0]
[2766687206179734566536337609517519989065155684255649076471814441990585836842281254009020364134647955541100371390485024067705370288040082469334088798906035458769624685794902704226242928499848720862121867692530954342385748357628162169658734247598398105593009410349403546314211438867063437892864757159674789640233783270118051029679221933397902710476 0 0 0 0 0 0 0 0 0 0 0 0 0 0 0 0 0 0 0 0 0 0 0 0 0 0 0 0 0 0 0 0 0 0 0 0 0 0 0 0 0 0 0 0 0 0 0 0 0 1 0 0 0 0 0 0 0 0 0 0 0 0 0 0 0 0 0 0 0 0 0 0 0 0 0 0 0 0 0 0 0 0 0 0 0 0 0 0 0 0 0 0 0 0 0 0 0 0 0 0 0 0 0 0 0 0 0 0 0 0 0 0 0 0]
[1990171376788622580615372399295593358094426213904550347922359962080131195382645036473763254197926359941941115757094423571894822339273203040630339775500010194874478650838687763043296906076700744846790206000886553851479861967753617718948932433477098502404610620646846750113032909787218221454757987592684742537703683784174180295956012757954833661865 0 0 0 0 0 0 0 0 0 0 0 0 0 0 0 0 0 0 0 0 0 0 0 0 0 0 0 0 0 0 0 0 0 0 0 0 0 0 0 0 0 0 0 0 0 0 0 0 0 0 1 0 0 0 0 0 0 0 0 0 0 0 0 0 0 0 0 0 0 0 0 0 0 0 0 0 0 0 0 0 0 0 0 0 0 0 0 0 0 0 0 0 0 0 0 0 0 0 0 0 0 0 0 0 0 0 0 0 0 0 0 0 0 0]
[10390159474935495488541647516266102072672545980987901071545000862517604796782110098262393602896032999137904197310346656682723264234941235332350020146649062416542295711959222155312658465713969108135051569424110045360462204998441447164708312650641503943817360183976147529596493216355423112514814312785999916998478525889871533775354465486466275655606 0 0 0 0 0 0 0 0 0 0 0 0 0 0 0 0 0 0 0 0 0 0 0 0 0 0 0 0 0 0 0 0 0 0 0 0 0 0 0 0 0 0 0 0 0 0 0 0 0 0 0 1 0 0 0 0 0 0 0 0 0 0 0 0 0 0 0 0 0 0 0 0 0 0 0 0 0 0 0 0 0 0 0 0 0 0 0 0 0 0 0 0 0 0 0 0 0 0 0 0 0 0 0 0 0 0 0 0 0 0 0 0 0 0]
[6545516432495513103025062335038813237711623222028853421552721388160132068896818389512937874037683457686402748442806079720276318242557799461906817273439938492569255589301568019173532104157690340480988562886716969387016186352417509185716399170450812567664483685871271740326337619560801577325380545556749343197085638853876098194657103465021891080861 0 0 0 0 0 0 0 0 0 0 0 0 0 0 0 0 0 0 0 0 0 0 0 0 0 0 0 0 0 0 0 0 0 0 0 0 0 0 0 0 0 0 0 0 0 0 0 0 0 0 0 0 1 0 0 0 0 0 0 0 0 0 0 0 0 0 0 0 0 0 0 0 0 0 0 0 0 0 0 0 0 0 0 0 0 0 0 0 0 0 0 0 0 0 0 0 0 0 0 0 0 0 0 0 0 0 0 0 0 0 0 0 0 0]
[6965760625135763984021743305840402330367971931069583709122228421254765322691437739650802901422914694979382601496972764922403035369825193940262837972835620497004089631507821510212545031395344597421824659025271102895682948783202270332548936100786579363647072202915839298403754312215987191433409751735493962464725117952391103731944917171339218200300 0 0 0 0 0 0 0 0 0 0 0 0 0 0 0 0 0 0 0 0 0 0 0 0 0 0 0 0 0 0 0 0 0 0 0 0 0 0 0 0 0 0 0 0 0 0 0 0 0 0 0 0 0 1 0 0 0 0 0 0 0 0 0 0 0 0 0 0 0 0 0 0 0 0 0 0 0 0 0 0 0 0 0 0 0 0 0 0 0 0 0 0 0 0 0 0 0 0 0 0 0 0 0 0 0 0 0 0 0 0 0 0 0 0]
[3313906125283225588776638026699129249898077728794976268563128633742810210095886648102002006310593452149467220484399179014187164250702750008767688647520616590423477710552696057011579295109651658452630083668526394477401013286951800955823079955768564620128909297862669636770509721233534485298699622627444097252096455430457425319374566693595002248935 0 0 0 0 0 0 0 0 0 0 0 0 0 0 0 0 0 0 0 0 0 0 0 0 0 0 0 0 0 0 0 0 0 0 0 0 0 0 0 0 0 0 0 0 0 0 0 0 0 0 0 0 0 0 1 0 0 0 0 0 0 0 0 0 0 0 0 0 0 0 0 0 0 0 0 0 0 0 0 0 0 0 0 0 0 0 0 0 0 0 0 0 0 0 0 0 0 0 0 0 0 0 0 0 0 0 0 0 0 0 0 0 0 0]
[8526073947557342919690189371923430600408875666219360137952629521608220592089373788212879614878194902438394367263460726311628596836086293440944026446578745964130263635016196727349305099826635485274061615270359251778623747252552943364605973632870021600955818820623465016954272352075106022649390878479961968981774257285418627484202049125623282142830 0 0 0 0 0 0 0 0 0 0 0 0 0 0 0 0 0 0 0 0 0 0 0 0 0 0 0 0 0 0 0 0 0 0 0 0 0 0 0 0 0 0 0 0 0 0 0 0 0 0 0 0 0 0 0 1 0 0 0 0 0 0 0 0 0 0 0 0 0 0 0 0 0 0 0 0 0 0 0 0 0 0 0 0 0 0 0 0 0 0 0 0 0 0 0 0 0 0 0 0 0 0 0 0 0 0 0 0 0 0 0 0 0 0]
[5094482639293604611075680995143780463284843059740041628473934034160635114663334747072927233988269668174810562697201891672205906215910060378278117042517923575872042574943475737482500562590233101056792390171599795004471666770105848030539831703615841402242862362635549411717575310373623590909163697295262821530033762282399453152213071190422855022950 0 0 0 0 0 0 0 0 0 0 0 0 0 0 0 0 0 0 0 0 0 0 0 0 0 0 0 0 0 0 0 0 0 0 0 0 0 0 0 0 0 0 0 0 0 0 0 0 0 0 0 0 0 0 0 0 1 0 0 0 0 0 0 0 0 0 0 0 0 0 0 0 0 0 0 0 0 0 0 0 0 0 0 0 0 0 0 0 0 0 0 0 0 0 0 0 0 0 0 0 0 0 0 0 0 0 0 0 0 0 0 0 0 0]
[6622974889111046407326920640897147442633022897599313383955834278294458604961821703437030205599049157937706897340998429254462826848947553734651230918131189674151713591317495282897340807216823745463185193114143239261800067403713551539543508808244218412861559582302220834605742788037704781357282612579520796552185768153402577616870850333221777882852 0 0 0 0 0 0 0 0 0 0 0 0 0 0 0 0 0 0 0 0 0 0 0 0 0 0 0 0 0 0 0 0 0 0 0 0 0 0 0 0 0 0 0 0 0 0 0 0 0 0 0 0 0 0 0 0 0 1 0 0 0 0 0 0 0 0 0 0 0 0 0 0 0 0 0 0 0 0 0 0 0 0 0 0 0 0 0 0 0 0 0 0 0 0 0 0 0 0 0 0 0 0 0 0 0 0 0 0 0 0 0 0 0 0]
[1053348527669287879530368739373434282228482849190783689168976009297704191623227193213439257006584187512609812402267629111153855100506001445661356106903462923616386154605675360645290326176555133882905633630921236264763815071277554740436134354646843598813000812099206711753491423451562689525185538714879916425049260859380164973198400963980642700907 0 0 0 0 0 0 0 0 0 0 0 0 0 0 0 0 0 0 0 0 0 0 0 0 0 0 0 0 0 0 0 0 0 0 0 0 0 0 0 0 0 0 0 0 0 0 0 0 0 0 0 0 0 0 0 0 0 0 1 0 0 0 0 0 0 0 0 0 0 0 0 0 0 0 0 0 0 0 0 0 0 0 0 0 0 0 0 0 0 0 0 0 0 0 0 0 0 0 0 0 0 0 0 0 0 0 0 0 0 0 0 0 0 0]
[3470800012353314423523027743219592787147083291765205424705306829852075925137213293269498409576944429327984018441932066199708534174090150150997533075400320700149251077702496068992559115071725086596038974464815201100232795059527406944198221007532310632267046882145021863843164470733548362455260057959142815767497072102264593172848639990106977041820 0 0 0 0 0 0 0 0 0 0 0 0 0 0 0 0 0 0 0 0 0 0 0 0 0 0 0 0 0 0 0 0 0 0 0 0 0 0 0 0 0 0 0 0 0 0 0 0 0 0 0 0 0 0 0 0 0 0 0 1 0 0 0 0 0 0 0 0 0 0 0 0 0 0 0 0 0 0 0 0 0 0 0 0 0 0 0 0 0 0 0 0 0 0 0 0 0 0 0 0 0 0 0 0 0 0 0 0 0 0 0 0 0 0]
[1702334009110364412489251723604582304060183031781322636917181419257234248727950082149575408394854735604793400508677591860074001305604867943037948517056375397798653928923771042455794681434398966783521437280617621052105323922943763598836838156698265305184891392342859548710059012774932454873251005231025160415240700045934220929994874981512969862332 0 0 0 0 0 0 0 0 0 0 0 0 0 0 0 0 0 0 0 0 0 0 0 0 0 0 0 0 0 0 0 0 0 0 0 0 0 0 0 0 0 0 0 0 0 0 0 0 0 0 0 0 0 0 0 0 0 0 0 0 1 0 0 0 0 0 0 0 0 0 0 0 0 0 0 0 0 0 0 0 0 0 0 0 0 0 0 0 0 0 0 0 0 0 0 0 0 0 0 0 0 0 0 0 0 0 0 0 0 0 0 0 0 0]
[4489423827087361127257518871681499811405801865047361834478857502613006230295400412486707384639214868205801003340908911429438468823366764033326755500507739101680833642182868183882118896264270162798358457436342654143540442719192815774434351601139429087059577474870914966442801741065613366945360274298931738149913576569479297592806156126329074897396 0 0 0 0 0 0 0 0 0 0 0 0 0 0 0 0 0 0 0 0 0 0 0 0 0 0 0 0 0 0 0 0 0 0 0 0 0 0 0 0 0 0 0 0 0 0 0 0 0 0 0 0 0 0 0 0 0 0 0 0 0 1 0 0 0 0 0 0 0 0 0 0 0 0 0 0 0 0 0 0 0 0 0 0 0 0 0 0 0 0 0 0 0 0 0 0 0 0 0 0 0 0 0 0 0 0 0 0 0 0 0 0 0 0]
[2563146554466486454731714443684733059496377764085406209503951382349388205960641696888569472538245872844997811503628092659982479029228491276032867530623134766734843247136752915543845143114327083097653188888181929052612447551338477905528962592326445412035545169407670207869162479564061977693469353246923255138527086941634876616150114667174137489263 0 0 0 0 0 0 0 0 0 0 0 0 0 0 0 0 0 0 0 0 0 0 0 0 0 0 0 0 0 0 0 0 0 0 0 0 0 0 0 0 0 0 0 0 0 0 0 0 0 0 0 0 0 0 0 0 0 0 0 0 0 0 1 0 0 0 0 0 0 0 0 0 0 0 0 0 0 0 0 0 0 0 0 0 0 0 0 0 0 0 0 0 0 0 0 0 0 0 0 0 0 0 0 0 0 0 0 0 0 0 0 0 0 0]
[10376553558009414340957822588209678926166899166521906602811975319822632904909646161427175595870766232580378678613092515250200381316042272145207325644660149599018997282036278360689739918426838166929141551541070128387055884855125574363968460641396349446714056592982301178926218236394540919867157140412366697323625287997064865083826009679230211096063 0 0 0 0 0 0 0 0 0 0 0 0 0 0 0 0 0 0 0 0 0 0 0 0 0 0 0 0 0 0 0 0 0 0 0 0 0 0 0 0 0 0 0 0 0 0 0 0 0 0 0 0 0 0 0 0 0 0 0 0 0 0 0 1 0 0 0 0 0 0 0 0 0 0 0 0 0 0 0 0 0 0 0 0 0 0 0 0 0 0 0 0 0 0 0 0 0 0 0 0 0 0 0 0 0 0 0 0 0 0 0 0 0 0]
[1454550198942049207411921732698974172830345224967134589235312822458619102366377755640805896636591375296764190854141414709961712893158536427957621015622417302334117141658635870189990895156990597251690402159606033693403038890547631808364019615121557216590758590427144637158547909531091275087680526802857709227309989514880125766552664715228533300792 0 0 0 0 0 0 0 0 0 0 0 0 0 0 0 0 0 0 0 0 0 0 0 0 0 0 0 0 0 0 0 0 0 0 0 0 0 0 0 0 0 0 0 0 0 0 0 0 0 0 0 0 0 0 0 0 0 0 0 0 0 0 0 0 1 0 0 0 0 0 0 0 0 0 0 0 0 0 0 0 0 0 0 0 0 0 0 0 0 0 0 0 0 0 0 0 0 0 0 0 0 0 0 0 0 0 0 0 0 0 0 0 0 0]
[581187074640263583732708723133254096253404527689405895801330219310843780471675177144518944853188371406673680904972906649737799706631757659202864714098632332021882255215090249863273928803716522896121056437589067563840963384370872231203695334940412341460914480296658091547247093118176353353423739673895835224091287420113419336539356006631331739722 0 0 0 0 0 0 0 0 0 0 0 0 0 0 0 0 0 0 0 0 0 0 0 0 0 0 0 0 0 0 0 0 0 0 0 0 0 0 0 0 0 0 0 0 0 0 0 0 0 0 0 0 0 0 0 0 0 0 0 0 0 0 0 0 0 1 0 0 0 0 0 0 0 0 0 0 0 0 0 0 0 0 0 0 0 0 0 0 0 0 0 0 0 0 0 0 0 0 0 0 0 0 0 0 0 0 0 0 0 0 0 0 0 0]
[93859668041266902437355446630123576478192912293372928248645045459184639367899014105804013418817465953435344914954353754814659491469902976508838085649876228110168981678162685006291548104351103692805869667522857794177386065143514180455441901025609574168761007580906447418885190994477843959508330969279599074093867342742268190784500899843770519412 0 0 0 0 0 0 0 0 0 0 0 0 0 0 0 0 0 0 0 0 0 0 0 0 0 0 0 0 0 0 0 0 0 0 0 0 0 0 0 0 0 0 0 0 0 0 0 0 0 0 0 0 0 0 0 0 0 0 0 0 0 0 0 0 0 0 1 0 0 0 0 0 0 0 0 0 0 0 0 0 0 0 0 0 0 0 0 0 0 0 0 0 0 0 0 0 0 0 0 0 0 0 0 0 0 0 0 0 0 0 0 0 0 0]
[6170577005050439917116771519112096409591653206713778150534166086616795701305667831691555110511277502963416092885356967009136760120246292343345139237068609076489026584729956434730027209869148244297388790865498088144782515858710060758435209113141660864333524088242014531104247070437380727877153933372630917901676700421708228036348283445225114590246 0 0 0 0 0 0 0 0 0 0 0 0 0 0 0 0 0 0 0 0 0 0 0 0 0 0 0 0 0 0 0 0 0 0 0 0 0 0 0 0 0 0 0 0 0 0 0 0 0 0 0 0 0 0 0 0 0 0 0 0 0 0 0 0 0 0 0 1 0 0 0 0 0 0 0 0 0 0 0 0 0 0 0 0 0 0 0 0 0 0 0 0 0 0 0 0 0 0 0 0 0 0 0 0 0 0 0 0 0 0 0 0 0 0]
[6447919305054088826008707282026999416717489800223365087492784455334323530796892068054080180945710254644301921568802062776853302073470552653149735332982320153206321887480013790470347795707052964927050455533033576992345281817234875532626889957096779051926114182190682918400662967503741390994315062566093213310491941632932043632750570059391635593599 0 0 0 0 0 0 0 0 0 0 0 0 0 0 0 0 0 0 0 0 0 0 0 0 0 0 0 0 0 0 0 0 0 0 0 0 0 0 0 0 0 0 0 0 0 0 0 0 0 0 0 0 0 0 0 0 0 0 0 0 0 0 0 0 0 0 0 0 1 0 0 0 0 0 0 0 0 0 0 0 0 0 0 0 0 0 0 0 0 0 0 0 0 0 0 0 0 0 0 0 0 0 0 0 0 0 0 0 0 0 0 0 0 0]
[3136160985634259074857008927757779768350655762841091131437437043565856040873404874280889109416933077165752858448622487887492759026415716655638419328336949561627972899583820058108510074835986409556060471386568644383912673936637068165371995568577868290306627441489503619893760289949757804841294364158959256334210816865573635108349240771831605084332 0 0 0 0 0 0 0 0 0 0 0 0 0 0 0 0 0 0 0 0 0 0 0 0 0 0 0 0 0 0 0 0 0 0 0 0 0 0 0 0 0 0 0 0 0 0 0 0 0 0 0 0 0 0 0 0 0 0 0 0 0 0 0 0 0 0 0 0 0 1 0 0 0 0 0 0 0 0 0 0 0 0 0 0 0 0 0 0 0 0 0 0 0 0 0 0 0 0 0 0 0 0 0 0 0 0 0 0 0 0 0 0 0 0]
[8535985584883895418588240836654814749181434925814304873111856363455632009483643094412875137116599153853653375464547972376059730406561229376368157326447304452345200125665780643743509351497338078825121124562912287332485955567520574894643590294206541794842620199354739942830276752697175114309198128966931268372943397871319837285254759510546812536153 0 0 0 0 0 0 0 0 0 0 0 0 0 0 0 0 0 0 0 0 0 0 0 0 0 0 0 0 0 0 0 0 0 0 0 0 0 0 0 0 0 0 0 0 0 0 0 0 0 0 0 0 0 0 0 0 0 0 0 0 0 0 0 0 0 0 0 0 0 0 1 0 0 0 0 0 0 0 0 0 0 0 0 0 0 0 0 0 0 0 0 0 0 0 0 0 0 0 0 0 0 0 0 0 0 0 0 0 0 0 0 0 0 0]
[4466741993630357231881995217243371319750345676676799631156905345917445014669193419846397054219785229696384181705929803080060736397352090180375301719437765984231313061131196469273826358230390320720421883714155950263900770536849430850221776151455212928921401856383286279172733745613218398448683458867030839253246960910929313381076098153575160269829 0 0 0 0 0 0 0 0 0 0 0 0 0 0 0 0 0 0 0 0 0 0 0 0 0 0 0 0 0 0 0 0 0 0 0 0 0 0 0 0 0 0 0 0 0 0 0 0 0 0 0 0 0 0 0 0 0 0 0 0 0 0 0 0 0 0 0 0 0 0 0 1 0 0 0 0 0 0 0 0 0 0 0 0 0 0 0 0 0 0 0 0 0 0 0 0 0 0 0 0 0 0 0 0 0 0 0 0 0 0 0 0 0 0]
[760314139916218543578014238688453424055167422720481816291519350715266525835328777371327075987648203101821111784118339716155294890883539607208157934943469994342099885521464895545824820257335684652225697357661784906065798898781202270302017539592090185483023348903261645221944998119628089969645060532649869959806908587786176866933413935316208801267 0 0 0 0 0 0 0 0 0 0 0 0 0 0 0 0 0 0 0 0 0 0 0 0 0 0 0 0 0 0 0 0 0 0 0 0 0 0 0 0 0 0 0 0 0 0 0 0 0 0 0 0 0 0 0 0 0 0 0 0 0 0 0 0 0 0 0 0 0 0 0 0 1 0 0 0 0 0 0 0 0 0 0 0 0 0 0 0 0 0 0 0 0 0 0 0 0 0 0 0 0 0 0 0 0 0 0 0 0 0 0 0 0 0]
[8198631416135818156457227079515488690533568313122038089130373055206609566075858846635617551862291048790177082895305015754257060019828369620059750597498433665757610810689148170452204443016920593262336051695007009248569771603070229704725942301801768863160047068830680217643994987016664604248744719354407116142407282774620876348654645909395895160681 0 0 0 0 0 0 0 0 0 0 0 0 0 0 0 0 0 0 0 0 0 0 0 0 0 0 0 0 0 0 0 0 0 0 0 0 0 0 0 0 0 0 0 0 0 0 0 0 0 0 0 0 0 0 0 0 0 0 0 0 0 0 0 0 0 0 0 0 0 0 0 0 0 1 0 0 0 0 0 0 0 0 0 0 0 0 0 0 0 0 0 0 0 0 0 0 0 0 0 0 0 0 0 0 0 0 0 0 0 0 0 0 0 0]
[8236304276592633424592237494957272159211977680511691089047197089309685518990304080962800992884527360448646788529655356581284729433477970288394619484630093781157513540631213001536664226499846185273497158589912490122355919431543741837854164640158300364618175827275898261942561171884592157734593098145618505242851495884090035995457295345577892751943 0 0 0 0 0 0 0 0 0 0 0 0 0 0 0 0 0 0 0 0 0 0 0 0 0 0 0 0 0 0 0 0 0 0 0 0 0 0 0 0 0 0 0 0 0 0 0 0 0 0 0 0 0 0 0 0 0 0 0 0 0 0 0 0 0 0 0 0 0 0 0 0 0 0 1 0 0 0 0 0 0 0 0 0 0 0 0 0 0 0 0 0 0 0 0 0 0 0 0 0 0 0 0 0 0 0 0 0 0 0 0 0 0 0]
[9105286440301694279495167654276017017911417670346834959168214011189278225549768105772036077567081128935295847573632440230862641670887142039341952334115284819506075698881862828960414657846690096324744369317659742106737064596519364185206475899930657173914305896893796117597288522019292471442156839936747852606151487029265476017391236191866722113450 0 0 0 0 0 0 0 0 0 0 0 0 0 0 0 0 0 0 0 0 0 0 0 0 0 0 0 0 0 0 0 0 0 0 0 0 0 0 0 0 0 0 0 0 0 0 0 0 0 0 0 0 0 0 0 0 0 0 0 0 0 0 0 0 0 0 0 0 0 0 0 0 0 0 0 1 0 0 0 0 0 0 0 0 0 0 0 0 0 0 0 0 0 0 0 0 0 0 0 0 0 0 0 0 0 0 0 0 0 0 0 0 0 0]
[583944920762094866883791336586518928996161420123867083897788594947726638876714019105031509062042103431348588370576821406355382432052445273809675917409747008244885632878051758437042806565618597852669126020580177572842982189187474615389116397941454147484919442650318067810114849623248158084881731087999856813581750630788818355148872706121427591394 0 0 0 0 0 0 0 0 0 0 0 0 0 0 0 0 0 0 0 0 0 0 0 0 0 0 0 0 0 0 0 0 0 0 0 0 0 0 0 0 0 0 0 0 0 0 0 0 0 0 0 0 0 0 0 0 0 0 0 0 0 0 0 0 0 0 0 0 0 0 0 0 0 0 0 0 1 0 0 0 0 0 0 0 0 0 0 0 0 0 0 0 0 0 0 0 0 0 0 0 0 0 0 0 0 0 0 0 0 0 0 0 0 0]
[9669452563354972373558294451145526503423250227803812396068519526872711040356900731034715055401715880626575610823615432944941467354300956451351091557429816814042974847886168187655006652118285014776641717184622145106532829952584169144114468353080843262407212576500085096724953288815758087151899127744433384217960272531089982739075471875032880705388 0 0 0 0 0 0 0 0 0 0 0 0 0 0 0 0 0 0 0 0 0 0 0 0 0 0 0 0 0 0 0 0 0 0 0 0 0 0 0 0 0 0 0 0 0 0 0 0 0 0 0 0 0 0 0 0 0 0 0 0 0 0 0 0 0 0 0 0 0 0 0 0 0 0 0 0 0 1 0 0 0 0 0 0 0 0 0 0 0 0 0 0 0 0 0 0 0 0 0 0 0 0 0 0 0 0 0 0 0 0 0 0 0 0]
[5488694091642559302135410840161821906566906447480282237087400017095636092812878518849816549413859907853548124332683817231466605468117478986031668750632484735905151193475297328376571233978269883363493611411848492488950683693638836801254083216381362305277532080555709270518087200440704960393886017778049117636187855624419574404245346299149597906768 0 0 0 0 0 0 0 0 0 0 0 0 0 0 0 0 0 0 0 0 0 0 0 0 0 0 0 0 0 0 0 0 0 0 0 0 0 0 0 0 0 0 0 0 0 0 0 0 0 0 0 0 0 0 0 0 0 0 0 0 0 0 0 0 0 0 0 0 0 0 0 0 0 0 0 0 0 0 1 0 0 0 0 0 0 0 0 0 0 0 0 0 0 0 0 0 0 0 0 0 0 0 0 0 0 0 0 0 0 0 0 0 0 0]
[2611293603247899716143219833832060918323576002165098870102753523619936505713801158074315150954762109221795124132474690587906351910805004181144241120255623635509276522410755036475484297850559724883881182383231077863306156067085814047182002855124459210338538971866175349159996619701621406040341787330909046518241834197650897697992483397357495437792 0 0 0 0 0 0 0 0 0 0 0 0 0 0 0 0 0 0 0 0 0 0 0 0 0 0 0 0 0 0 0 0 0 0 0 0 0 0 0 0 0 0 0 0 0 0 0 0 0 0 0 0 0 0 0 0 0 0 0 0 0 0 0 0 0 0 0 0 0 0 0 0 0 0 0 0 0 0 0 1 0 0 0 0 0 0 0 0 0 0 0 0 0 0 0 0 0 0 0 0 0 0 0 0 0 0 0 0 0 0 0 0 0 0]
[2036926680176929030172795001766236501592633463176741171980088536434845835613772781870619442227826984926159328520717000497308223984265203556665354945931288122427911472318909784384482023994334473004432107269203647539346702191663119547397052698884625835749159811243290706393895094426527271342043254557767800210102500913929866556770281439789173118313 0 0 0 0 0 0 0 0 0 0 0 0 0 0 0 0 0 0 0 0 0 0 0 0 0 0 0 0 0 0 0 0 0 0 0 0 0 0 0 0 0 0 0 0 0 0 0 0 0 0 0 0 0 0 0 0 0 0 0 0 0 0 0 0 0 0 0 0 0 0 0 0 0 0 0 0 0 0 0 0 1 0 0 0 0 0 0 0 0 0 0 0 0 0 0 0 0 0 0 0 0 0 0 0 0 0 0 0 0 0 0 0 0 0]
[6076473432091362353986468870934735182240692143712630018594459539046424598608105478965329215478677214850619915805987523498293215924302357944169227864792037084598830160354383225534075949788458420706963662642056924200956181001687010986309260836130811249849536339231003078624235851617947283054507505114218143714359117307961317484445921683218409778309 0 0 0 0 0 0 0 0 0 0 0 0 0 0 0 0 0 0 0 0 0 0 0 0 0 0 0 0 0 0 0 0 0 0 0 0 0 0 0 0 0 0 0 0 0 0 0 0 0 0 0 0 0 0 0 0 0 0 0 0 0 0 0 0 0 0 0 0 0 0 0 0 0 0 0 0 0 0 0 0 0 1 0 0 0 0 0 0 0 0 0 0 0 0 0 0 0 0 0 0 0 0 0 0 0 0 0 0 0 0 0 0 0 0]
[491918783717044264665579830639656682170380650733750849074715856234965724148298372505736317846828412544498608463006458456848491543124580171154601022464854987731580727308040308611913898228557015032616425446860620965276368248058561197103866208837527471656671463700004278546698852796481364563997095341901616027281193870594121129204450766915829901928 0 0 0 0 0 0 0 0 0 0 0 0 0 0 0 0 0 0 0 0 0 0 0 0 0 0 0 0 0 0 0 0 0 0 0 0 0 0 0 0 0 0 0 0 0 0 0 0 0 0 0 0 0 0 0 0 0 0 0 0 0 0 0 0 0 0 0 0 0 0 0 0 0 0 0 0 0 0 0 0 0 0 1 0 0 0 0 0 0 0 0 0 0 0 0 0 0 0 0 0 0 0 0 0 0 0 0 0 0 0 0 0 0 0]
[7358869975953608231793106813025489352160764853791600610173532167395604023444208458460696377972288347865490148297399364920078996810100060110420547121699898203565283756735448548417271704943109417490854407438311308643409993041908051929737837065579352250525355342733789426085422615500840568439211082462174692480127945366302644461004554246059511808423 0 0 0 0 0 0 0 0 0 0 0 0 0 0 0 0 0 0 0 0 0 0 0 0 0 0 0 0 0 0 0 0 0 0 0 0 0 0 0 0 0 0 0 0 0 0 0 0 0 0 0 0 0 0 0 0 0 0 0 0 0 0 0 0 0 0 0 0 0 0 0 0 0 0 0 0 0 0 0 0 0 0 0 1 0 0 0 0 0 0 0 0 0 0 0 0 0 0 0 0 0 0 0 0 0 0 0 0 0 0 0 0 0 0]
[5700430834948157603356013128272843255089359185035618821998483713687489769386371850729137997304517688987721419217156059849043316716807345227691714146279289462584632559806743661042572656933050757072910050889879870324864404948599984440737976915557166044727518541976119171736145961836816530714131051787938363295537738571245519738472824522364709247063 0 0 0 0 0 0 0 0 0 0 0 0 0 0 0 0 0 0 0 0 0 0 0 0 0 0 0 0 0 0 0 0 0 0 0 0 0 0 0 0 0 0 0 0 0 0 0 0 0 0 0 0 0 0 0 0 0 0 0 0 0 0 0 0 0 0 0 0 0 0 0 0 0 0 0 0 0 0 0 0 0 0 0 0 1 0 0 0 0 0 0 0 0 0 0 0 0 0 0 0 0 0 0 0 0 0 0 0 0 0 0 0 0 0]
[9150260048176055284325336293759129752808220516785681051021119034362320359548358700904688247452457136914440802682880934286153990164481122822137410068485271742316378877860086155656234553624286722516842064958156233513431701983468771527851445470857536741634688035776068424160628416527009005438899089546933994769258385623375528830254363567373790797066 0 0 0 0 0 0 0 0 0 0 0 0 0 0 0 0 0 0 0 0 0 0 0 0 0 0 0 0 0 0 0 0 0 0 0 0 0 0 0 0 0 0 0 0 0 0 0 0 0 0 0 0 0 0 0 0 0 0 0 0 0 0 0 0 0 0 0 0 0 0 0 0 0 0 0 0 0 0 0 0 0 0 0 0 0 1 0 0 0 0 0 0 0 0 0 0 0 0 0 0 0 0 0 0 0 0 0 0 0 0 0 0 0 0]
[8906017944403328513217973898704486575000548434483511708993483059206706068165997711643377591453514651721463878428875223906322811277759400092517811396041603650911524308373838968581980224740670348563284572255469441606156977637553826450841303882946362735571710915155965439916598691617352983186981015168534481907340432446231381273355226504923988519410 0 0 0 0 0 0 0 0 0 0 0 0 0 0 0 0 0 0 0 0 0 0 0 0 0 0 0 0 0 0 0 0 0 0 0 0 0 0 0 0 0 0 0 0 0 0 0 0 0 0 0 0 0 0 0 0 0 0 0 0 0 0 0 0 0 0 0 0 0 0 0 0 0 0 0 0 0 0 0 0 0 0 0 0 0 0 1 0 0 0 0 0 0 0 0 0 0 0 0 0 0 0 0 0 0 0 0 0 0 0 0 0 0 0]
[7731410575705765653157741040947098290998246751574910940767681102139153783512040361305945220303918136350634864031254966568306553506278552603649390208129969508607814928014294364034550980635320303453444875425625333605462414941139934338604016682549212905129566985331560397684217074686343063561542340137645240211010936796478196351393727029914321359226 0 0 0 0 0 0 0 0 0 0 0 0 0 0 0 0 0 0 0 0 0 0 0 0 0 0 0 0 0 0 0 0 0 0 0 0 0 0 0 0 0 0 0 0 0 0 0 0 0 0 0 0 0 0 0 0 0 0 0 0 0 0 0 0 0 0 0 0 0 0 0 0 0 0 0 0 0 0 0 0 0 0 0 0 0 0 0 1 0 0 0 0 0 0 0 0 0 0 0 0 0 0 0 0 0 0 0 0 0 0 0 0 0 0]
[9019418797815923285179798517187546386481739290526571191446380175272508593531209266447501995347826633394032638308364424400181090006525497668680035770535638693455780109501112634688717860612501528485248493969420838604148373508993553005117921007119090900361162100872178540381934609956584864315389329725726513916175976387299158506266081897773798462555 0 0 0 0 0 0 0 0 0 0 0 0 0 0 0 0 0 0 0 0 0 0 0 0 0 0 0 0 0 0 0 0 0 0 0 0 0 0 0 0 0 0 0 0 0 0 0 0 0 0 0 0 0 0 0 0 0 0 0 0 0 0 0 0 0 0 0 0 0 0 0 0 0 0 0 0 0 0 0 0 0 0 0 0 0 0 0 0 1 0 0 0 0 0 0 0 0 0 0 0 0 0 0 0 0 0 0 0 0 0 0 0 0 0]
[1204520136852089366817905272818266616122249555685902009784334609335010006176328966360079751556308548979069752134311870459928491936090324443441389521637549385658172991109102455289749945924447360375692840519068665726275326022667215076299153701296879030357339892874914130279089953439673493477117824592992385845781268508118692889581467593423003166966 0 0 0 0 0 0 0 0 0 0 0 0 0 0 0 0 0 0 0 0 0 0 0 0 0 0 0 0 0 0 0 0 0 0 0 0 0 0 0 0 0 0 0 0 0 0 0 0 0 0 0 0 0 0 0 0 0 0 0 0 0 0 0 0 0 0 0 0 0 0 0 0 0 0 0 0 0 0 0 0 0 0 0 0 0 0 0 0 0 1 0 0 0 0 0 0 0 0 0 0 0 0 0 0 0 0 0 0 0 0 0 0 0 0]
[10602771334304574141219581273666770753892354398968576813378911391669491783830346260332905656210065720872392329343716591310867123718304978827277573619192674017301066311613867476474138293788657581419920340400153705629987152371860627914169416290811108021071090462296300117555193249376980282414910668691055801246501362978630284401073120541682036553331 0 0 0 0 0 0 0 0 0 0 0 0 0 0 0 0 0 0 0 0 0 0 0 0 0 0 0 0 0 0 0 0 0 0 0 0 0 0 0 0 0 0 0 0 0 0 0 0 0 0 0 0 0 0 0 0 0 0 0 0 0 0 0 0 0 0 0 0 0 0 0 0 0 0 0 0 0 0 0 0 0 0 0 0 0 0 0 0 0 0 1 0 0 0 0 0 0 0 0 0 0 0 0 0 0 0 0 0 0 0 0 0 0 0]
[2904099944218792149465677704996898363666837615329976659827822459694177706930043396459687463446126292478463207516901871382519006859485190763869024144033704501657813129886514713161964845711575160520937974259614281657414355318423499624404256298179801119291189498552539501665837730742008969281547939147987805791905916024309685386954011560793187611441 0 0 0 0 0 0 0 0 0 0 0 0 0 0 0 0 0 0 0 0 0 0 0 0 0 0 0 0 0 0 0 0 0 0 0 0 0 0 0 0 0 0 0 0 0 0 0 0 0 0 0 0 0 0 0 0 0 0 0 0 0 0 0 0 0 0 0 0 0 0 0 0 0 0 0 0 0 0 0 0 0 0 0 0 0 0 0 0 0 0 0 1 0 0 0 0 0 0 0 0 0 0 0 0 0 0 0 0 0 0 0 0 0 0]
[4790413995817878546522213364167709886040330091258365427233637075163883817518638440894174150901254335833938269220703963902896009473007826525944533961292633170892159459086887894471931376915986424376445422770281455293204913475492792526436862311305896538392997390235892631480534217662116525046104363140474491451633426196810566651624671265888353290062 0 0 0 0 0 0 0 0 0 0 0 0 0 0 0 0 0 0 0 0 0 0 0 0 0 0 0 0 0 0 0 0 0 0 0 0 0 0 0 0 0 0 0 0 0 0 0 0 0 0 0 0 0 0 0 0 0 0 0 0 0 0 0 0 0 0 0 0 0 0 0 0 0 0 0 0 0 0 0 0 0 0 0 0 0 0 0 0 0 0 0 0 1 0 0 0 0 0 0 0 0 0 0 0 0 0 0 0 0 0 0 0 0 0]
[3718799139312944004987238579442136453602945260378296559454146811691253138981465898659961193655774095400807658169203483140392398809933960816597320366521083479271450331904684416570178861425095113011017014684708194130744408753419613975051783445453778459301902956440667016809322704543429077556175608312229332477421310547500150986845629538733903012502 0 0 0 0 0 0 0 0 0 0 0 0 0 0 0 0 0 0 0 0 0 0 0 0 0 0 0 0 0 0 0 0 0 0 0 0 0 0 0 0 0 0 0 0 0 0 0 0 0 0 0 0 0 0 0 0 0 0 0 0 0 0 0 0 0 0 0 0 0 0 0 0 0 0 0 0 0 0 0 0 0 0 0 0 0 0 0 0 0 0 0 0 0 1 0 0 0 0 0 0 0 0 0 0 0 0 0 0 0 0 0 0 0 0]
[10030704788553513965631802587114477479573689185352426415580136583919575156971051382952649154245861229153682505526353253813649704639515243164137671671186031488672058463552426128218405323016811978218858771528194168906368746586387795049810425784070880494231604193212202300655370726004741021937619566775076176206470799189486822550247495208027471137651 0 0 0 0 0 0 0 0 0 0 0 0 0 0 0 0 0 0 0 0 0 0 0 0 0 0 0 0 0 0 0 0 0 0 0 0 0 0 0 0 0 0 0 0 0 0 0 0 0 0 0 0 0 0 0 0 0 0 0 0 0 0 0 0 0 0 0 0 0 0 0 0 0 0 0 0 0 0 0 0 0 0 0 0 0 0 0 0 0 0 0 0 0 0 1 0 0 0 0 0 0 0 0 0 0 0 0 0 0 0 0 0 0 0]
[5185543156283006492071024112973507859217934879950854923045203229463310125603942377141989187703497000458786569278474218302516853645667543730874725519642261581316676244536604024258940650783553376022002095203885761964572455390126865791649336526145675235212811991408305648207524666359949101431308095045584332369922481726757695103220987244156912067444 0 0 0 0 0 0 0 0 0 0 0 0 0 0 0 0 0 0 0 0 0 0 0 0 0 0 0 0 0 0 0 0 0 0 0 0 0 0 0 0 0 0 0 0 0 0 0 0 0 0 0 0 0 0 0 0 0 0 0 0 0 0 0 0 0 0 0 0 0 0 0 0 0 0 0 0 0 0 0 0 0 0 0 0 0 0 0 0 0 0 0 0 0 0 0 1 0 0 0 0 0 0 0 0 0 0 0 0 0 0 0 0 0 0]
[4724935581857390229968004644931379691530832631609124140940989047327410903653158991453354410221225631851096626196627984114604576222599104052119070684130228661961315743140901910559843463742918736422456054546224952010749432473033814751328860444256695385478080867676840533833748076869770145481578592483906927256354423785176710412333440711353613724430 0 0 0 0 0 0 0 0 0 0 0 0 0 0 0 0 0 0 0 0 0 0 0 0 0 0 0 0 0 0 0 0 0 0 0 0 0 0 0 0 0 0 0 0 0 0 0 0 0 0 0 0 0 0 0 0 0 0 0 0 0 0 0 0 0 0 0 0 0 0 0 0 0 0 0 0 0 0 0 0 0 0 0 0 0 0 0 0 0 0 0 0 0 0 0 0 1 0 0 0 0 0 0 0 0 0 0 0 0 0 0 0 0 0]
[1980647229316130148879673680319125301509530662093661013872757258485171730354921674683214730484629014708154119304216092045877474784223230172700624206191371633481857155313659417356248437387027551909943562603981854220957243459170640005197781567690831530529697321981018323038796625875801070445462880788636815291714847442332821815508238974634026511176 0 0 0 0 0 0 0 0 0 0 0 0 0 0 0 0 0 0 0 0 0 0 0 0 0 0 0 0 0 0 0 0 0 0 0 0 0 0 0 0 0 0 0 0 0 0 0 0 0 0 0 0 0 0 0 0 0 0 0 0 0 0 0 0 0 0 0 0 0 0 0 0 0 0 0 0 0 0 0 0 0 0 0 0 0 0 0 0 0 0 0 0 0 0 0 0 0 1 0 0 0 0 0 0 0 0 0 0 0 0 0 0 0 0]
[8430473970502302930352269815251777694866480537390281025552471697780257039499470622872084451607804726870408324430502231802795414277727737167098060765125402675750719941834946033511490558628530773892578496350163713835856944602938571834853374490297064744494993076468485700274834292128091556888108802494239539537431540141767572153417958945033090656024 0 0 0 0 0 0 0 0 0 0 0 0 0 0 0 0 0 0 0 0 0 0 0 0 0 0 0 0 0 0 0 0 0 0 0 0 0 0 0 0 0 0 0 0 0 0 0 0 0 0 0 0 0 0 0 0 0 0 0 0 0 0 0 0 0 0 0 0 0 0 0 0 0 0 0 0 0 0 0 0 0 0 0 0 0 0 0 0 0 0 0 0 0 0 0 0 0 0 1 0 0 0 0 0 0 0 0 0 0 0 0 0 0 0]
[352495192178666674422482355963892845257805471531076774768216711785619379365609582281122099484663259600350226149499191249320449247271899706198002951372411914931049637815573325873545184122519453803821044411384010688443873863762099660931598941195285500306250953019683313726294678788313236936296122086360067359254965848029420046231654775163997121112 0 0 0 0 0 0 0 0 0 0 0 0 0 0 0 0 0 0 0 0 0 0 0 0 0 0 0 0 0 0 0 0 0 0 0 0 0 0 0 0 0 0 0 0 0 0 0 0 0 0 0 0 0 0 0 0 0 0 0 0 0 0 0 0 0 0 0 0 0 0 0 0 0 0 0 0 0 0 0 0 0 0 0 0 0 0 0 0 0 0 0 0 0 0 0 0 0 0 0 1 0 0 0 0 0 0 0 0 0 0 0 0 0 0]
[8698386812942788280028658107078068858880697144701369321702974124876604985681693016784443410042578488063253751749964237087089172635037786950649320147022010710827016579306903301512251584487054111724658637497350675790369644899577880301917130303865788819673034590178073822697706395299309540314476711361625677787159749636322628162976078395859630179176 0 0 0 0 0 0 0 0 0 0 0 0 0 0 0 0 0 0 0 0 0 0 0 0 0 0 0 0 0 0 0 0 0 0 0 0 0 0 0 0 0 0 0 0 0 0 0 0 0 0 0 0 0 0 0 0 0 0 0 0 0 0 0 0 0 0 0 0 0 0 0 0 0 0 0 0 0 0 0 0 0 0 0 0 0 0 0 0 0 0 0 0 0 0 0 0 0 0 0 0 1 0 0 0 0 0 0 0 0 0 0 0 0 0]
[9759386462414305341439383946057612365455305651026353409100719224938365654803717175271741860843720179056602671407005006142838299554412984519391115623791326247224631739625556871282914960362852638638104738413595958133202620331592160217760828649925730623715205988746211970621394123821045834041278485362771256128106064111778267064763361501507000813350 0 0 0 0 0 0 0 0 0 0 0 0 0 0 0 0 0 0 0 0 0 0 0 0 0 0 0 0 0 0 0 0 0 0 0 0 0 0 0 0 0 0 0 0 0 0 0 0 0 0 0 0 0 0 0 0 0 0 0 0 0 0 0 0 0 0 0 0 0 0 0 0 0 0 0 0 0 0 0 0 0 0 0 0 0 0 0 0 0 0 0 0 0 0 0 0 0 0 0 0 0 1 0 0 0 0 0 0 0 0 0 0 0 0]
[2656629718595647522393630392875934767703346000780048812919554006468503869427024630022011245504265390868612502804433894843789950220016981378471782031976647860391775983315356262800774743374372268377274948163460437074234750968081053366060900632818009619346395864735171011085122373818386537775604010521617343230794101318847031032570264466371738165768 0 0 0 0 0 0 0 0 0 0 0 0 0 0 0 0 0 0 0 0 0 0 0 0 0 0 0 0 0 0 0 0 0 0 0 0 0 0 0 0 0 0 0 0 0 0 0 0 0 0 0 0 0 0 0 0 0 0 0 0 0 0 0 0 0 0 0 0 0 0 0 0 0 0 0 0 0 0 0 0 0 0 0 0 0 0 0 0 0 0 0 0 0 0 0 0 0 0 0 0 0 0 1 0 0 0 0 0 0 0 0 0 0 0]
[6191015526359521285278760286394432261490093715146325078455251993427004014212855612809923209004115443304327938040193809103049763242967375575535402950532544502161718789807636146475529225201330973098980775711376448052740553153007655561815277882882213202299668115580635355860623212001400601444276872377813124715398600902602422735727027587457512133725 0 0 0 0 0 0 0 0 0 0 0 0 0 0 0 0 0 0 0 0 0 0 0 0 0 0 0 0 0 0 0 0 0 0 0 0 0 0 0 0 0 0 0 0 0 0 0 0 0 0 0 0 0 0 0 0 0 0 0 0 0 0 0 0 0 0 0 0 0 0 0 0 0 0 0 0 0 0 0 0 0 0 0 0 0 0 0 0 0 0 0 0 0 0 0 0 0 0 0 0 0 0 0 1 0 0 0 0 0 0 0 0 0 0]
[2021386845388037378567455010813174385266980426507278976301001479536450212489561341823778160452386158325571916223634804760983577360138287124965450975835462416082138962701917339697228547604737803847088958417504436202459214144299210421590615532772858765933392983783163151635780768405720200927544938939553350676529596110889412991176213555229942985739 0 0 0 0 0 0 0 0 0 0 0 0 0 0 0 0 0 0 0 0 0 0 0 0 0 0 0 0 0 0 0 0 0 0 0 0 0 0 0 0 0 0 0 0 0 0 0 0 0 0 0 0 0 0 0 0 0 0 0 0 0 0 0 0 0 0 0 0 0 0 0 0 0 0 0 0 0 0 0 0 0 0 0 0 0 0 0 0 0 0 0 0 0 0 0 0 0 0 0 0 0 0 0 0 1 0 0 0 0 0 0 0 0 0]
[2483649226234727731437145622531110972381076763663159841139526708785801329561461694370678332094643953884905108792395629511383084771946947615450903052611393879493360340241783542895219325552196465140365823487314270904610534617789519107719298927168874517118753608815612217554205372612078194445000251742037313076409557456093124496330908082099370064359 0 0 0 0 0 0 0 0 0 0 0 0 0 0 0 0 0 0 0 0 0 0 0 0 0 0 0 0 0 0 0 0 0 0 0 0 0 0 0 0 0 0 0 0 0 0 0 0 0 0 0 0 0 0 0 0 0 0 0 0 0 0 0 0 0 0 0 0 0 0 0 0 0 0 0 0 0 0 0 0 0 0 0 0 0 0 0 0 0 0 0 0 0 0 0 0 0 0 0 0 0 0 0 0 0 1 0 0 0 0 0 0 0 0]
[9347757632102953191042673508128837684670752944757687428517557493612322856069465920629892127531802869059051374154242508179661014536312790938614380037647369543938484458494547433987849800827391785708490523139314459097230191013849032981741898767051602611999262932752039905562845371646216539289586509002934272702346812100645292137444529058094640359797 0 0 0 0 0 0 0 0 0 0 0 0 0 0 0 0 0 0 0 0 0 0 0 0 0 0 0 0 0 0 0 0 0 0 0 0 0 0 0 0 0 0 0 0 0 0 0 0 0 0 0 0 0 0 0 0 0 0 0 0 0 0 0 0 0 0 0 0 0 0 0 0 0 0 0 0 0 0 0 0 0 0 0 0 0 0 0 0 0 0 0 0 0 0 0 0 0 0 0 0 0 0 0 0 0 0 1 0 0 0 0 0 0 0]
[8378386861558996286943777757892256637165555460336968269578829617832879740606740815670591993726257070925873453056341612248048399234291005542758715702646373742010034686192796961027088865393872285494323315364439222810940003443383755804859675848782648784944015845977302895851008054512252616742577276857368292403070620544336205652476520046445338267850 0 0 0 0 0 0 0 0 0 0 0 0 0 0 0 0 0 0 0 0 0 0 0 0 0 0 0 0 0 0 0 0 0 0 0 0 0 0 0 0 0 0 0 0 0 0 0 0 0 0 0 0 0 0 0 0 0 0 0 0 0 0 0 0 0 0 0 0 0 0 0 0 0 0 0 0 0 0 0 0 0 0 0 0 0 0 0 0 0 0 0 0 0 0 0 0 0 0 0 0 0 0 0 0 0 0 0 1 0 0 0 0 0 0]
[10387033426133074879763088647694051300797396576050407793773660750318731565205295501517353774958874335062390975821997572633604542114224894815613245179852770373231999264410322269376618200753085478029314288359081529727405607749436609929863860165221516854690439857321654751501759719824916265898502036956825996586538022847330557515787735979310260013860 0 0 0 0 0 0 0 0 0 0 0 0 0 0 0 0 0 0 0 0 0 0 0 0 0 0 0 0 0 0 0 0 0 0 0 0 0 0 0 0 0 0 0 0 0 0 0 0 0 0 0 0 0 0 0 0 0 0 0 0 0 0 0 0 0 0 0 0 0 0 0 0 0 0 0 0 0 0 0 0 0 0 0 0 0 0 0 0 0 0 0 0 0 0 0 0 0 0 0 0 0 0 0 0 0 0 0 0 1 0 0 0 0 0]
[7452295744265301202586982305457110771581054892918973341120927059233002643882535243093592306214050623748857799928829792688022917565976254728198312044632691400784736474859754529357002530436450314107229760622335142017510078574188107587286849757297945843110386926042577160780157923140021333835692376336738274109693906768392773426217932008172569434196 0 0 0 0 0 0 0 0 0 0 0 0 0 0 0 0 0 0 0 0 0 0 0 0 0 0 0 0 0 0 0 0 0 0 0 0 0 0 0 0 0 0 0 0 0 0 0 0 0 0 0 0 0 0 0 0 0 0 0 0 0 0 0 0 0 0 0 0 0 0 0 0 0 0 0 0 0 0 0 0 0 0 0 0 0 0 0 0 0 0 0 0 0 0 0 0 0 0 0 0 0 0 0 0 0 0 0 0 0 1 0 0 0 0]
[4394857984274236943934171186350777268622831842274959574998287066867570763729270727687292843537163969234558370373423897057611576318993568387665137184431784749127212894194590231637583367745677443998177500099554672023824645781492987658007535800907373057926341254278190746971393620262612283858834381897115027947876310791355024642544339591424806259789 0 0 0 0 0 0 0 0 0 0 0 0 0 0 0 0 0 0 0 0 0 0 0 0 0 0 0 0 0 0 0 0 0 0 0 0 0 0 0 0 0 0 0 0 0 0 0 0 0 0 0 0 0 0 0 0 0 0 0 0 0 0 0 0 0 0 0 0 0 0 0 0 0 0 0 0 0 0 0 0 0 0 0 0 0 0 0 0 0 0 0 0 0 0 0 0 0 0 0 0 0 0 0 0 0 0 0 0 0 0 1 0 0 0]
[5908995633359123774092593994661333252532799371867222090562031031346013155057714233510541707823969818740917719881040525305565030530275224858437785632612353424352355307503915724608263195643222386255249217763234162538741228827555739295182606090353592782279123678968047360077591437766247801899552222596367559827212898683532041434846534487009717322948 0 0 0 0 0 0 0 0 0 0 0 0 0 0 0 0 0 0 0 0 0 0 0 0 0 0 0 0 0 0 0 0 0 0 0 0 0 0 0 0 0 0 0 0 0 0 0 0 0 0 0 0 0 0 0 0 0 0 0 0 0 0 0 0 0 0 0 0 0 0 0 0 0 0 0 0 0 0 0 0 0 0 0 0 0 0 0 0 0 0 0 0 0 0 0 0 0 0 0 0 0 0 0 0 0 0 0 0 0 0 0 1 0 0]
[10215674115624497004579612894212122061110326577490772095141801914528811549275365971666638909342278381876324301297935711882274352875346630043334234236990246317755164342584012793533440487829711902633031576895036885228378832611989080550005288292727692058863017847181059177897953822344533365159772487152932643602290605247162109249702249399933886435220 0 0 0 0 0 0 0 0 0 0 0 0 0 0 0 0 0 0 0 0 0 0 0 0 0 0 0 0 0 0 0 0 0 0 0 0 0 0 0 0 0 0 0 0 0 0 0 0 0 0 0 0 0 0 0 0 0 0 0 0 0 0 0 0 0 0 0 0 0 0 0 0 0 0 0 0 0 0 0 0 0 0 0 0 0 0 0 0 0 0 0 0 0 0 0 0 0 0 0 0 0 0 0 0 0 0 0 0 0 0 0 0 1 0]
[6904781136346703329153410538223488355626374713740152259636188160826795239834459958527301235754199445993828328220746861439118794334489510139001199735060638345830183237716800768024272310733280052685190947277533708832906272894075153007715578904943379783192832970069034378335073785445276155011623456626044876545270974638097455195695602401224252962797 0 0 0 0 0 0 0 0 0 0 0 0 0 0 0 0 0 0 0 0 0 0 0 0 0 0 0 0 0 0 0 0 0 0 0 0 0 0 0 0 0 0 0 0 0 0 0 0 0 0 0 0 0 0 0 0 0 0 0 0 0 0 0 0 0 0 0 0 0 0 0 0 0 0 0 0 0 0 0 0 0 0 0 0 0 0 0 0 0 0 0 0 0 0 0 0 0 0 0 0 0 0 0 0 0 0 0 0 0 0 0 0 0 1]
]
