[[11994443564381208035738393419359442942137914322231238934123965845736191468348055059550961858856522051194951623487325520842998349459214902818293036681573861573113527647847314889298362530458924457503979916348691399809534613421969343738196261960321001085432914808339123222093528946462846835398702290978823124637519859247713688224627283403075631732917 0 0 0 0 0 0 0 0 0 0 0 0 0 0 0 0 0 0 0 0 0 0 0 0 0 0 0 0 0 0 0 0 0 0 0 0 0 0 0 0 0 0 0 0 0 0 0 0 0 0 0 0 0 0 0 0 0 0 0 0 0 0 0 0 0 0 0 0 0 0 0 0 0 0 0 0 0 0 0 0 0 0 0 0 0 0 0 0 0 0 0 0 0 0 0 0 0 0 0 0 0 0 0 0 0 0 0 0 0 0 0 0 0 0]
[4137237731070065147428210254569672905216710155755959962377290872732134586413990821913411824823466006828984704110792265744719637264981770001191012442271066349772437018206497118636989632761537108160482362134816939706970390566389357072442173709406863875946965144423958617384299490221129810829086396488929229302903267273715206031713118759286997043958 1 0 0 0 0 0 0 0 0 0 0 0 0 0 0 0 0 0 0 0 0 0 0 0 0 0 0 0 0 0 0 0 0 0 0 0 0 0 0 0 0 0 0 0 0 0 0 0 0 0 0 0 0 0 0 0 0 0 0 0 0 0 0 0 0 0 0 0 0 0 0 0 0 0 0 0 0 0 0 0 0 0 0 0 0 0 0 0 0 0 0 0 0 0 0 0 0 0 0 0 0 0 0 0 0 0 0 0 0 0 0 0 0 0]
[2733859253972149204013848907605699164494531979532145905512535225054224842394037438441357326704420839311789711789509501221775023682106410377448274625737256465268328978398459121808676116502798958169271217458292299939649987520847592875177094338760042610468242450984047278122341637698249507823694802543988134333885789684671831870068274968718753907265 0 1 0 0 0 0 0 0 0 0 0 0 0 0 0 0 0 0 0 0 0 0 0 0 0 0 0 0 0 0 0 0 0 0 0 0 0 0 0 0 0 0 0 0 0 0 0 0 0 0 0 0 0 0 0 0 0 0 0 0 0 0 0 0 0 0 0 0 0 0 0 0 0 0 0 0 0 0 0 0 0 0 0 0 0 0 0 0 0 0 0 0 0 0 0 0 0 0 0 0 0 0 0 0 0 0 0 0 0 0 0 0 0 0]
[9281213916439293978631970122087613287552242615552840468432815363748058554785036187436710992081917700990352619447617086047942777428214159066426947347861520855748919481023200028633985153474290352135023957350042874733297825135959174259124563552187324279308259756124529055382599289787864468819294447938434727752221333579449743012268809398496931185614 0 0 1 0 0 0 0 0 0 0 0 0 0 0 0 0 0 0 0 0 0 0 0 0 0 0 0 0 0 0 0 0 0 0 0 0 0 0 0 0 0 0 0 0 0 0 0 0 0 0 0 0 0 0 0 0 0 0 0 0 0 0 0 0 0 0 0 0 0 0 0 0 0 0 0 0 0 0 0 0 0 0 0 0 0 0 0 0 0 0 0 0 0 0 0 0 0 0 0 0 0 0 0 0 0 0 0 0 0 0 0 0 0 0]
[8485715501722578630809617798438873616945235439299061905436312623053373169424598741876729686954703980208116942100109765279252356238444757580792622973828148827466220391943046354615241415569231873099520795367900328804224501483560525612197682372636990605178523613699822891205393083507380018034138911009633038832621783613627190372362369127091626213111 0 0 0 1 0 0 0 0 0 0 0 0 0 0 0 0 0 0 0 0 0 0 0 0 0 0 0 0 0 0 0 0 0 0 0 0 0 0 0 0 0 0 0 0 0 0 0 0 0 0 0 0 0 0 0 0 0 0 0 0 0 0 0 0 0 0 0 0 0 0 0 0 0 0 0 0 0 0 0 0 0 0 0 0 0 0 0 0 0 0 0 0 0 0 0 0 0 0 0 0 0 0 0 0 0 0 0 0 0 0 0 0 0 0]
[6698486073716714804868879802612498715915318736717302195173566517328380078869322979846469143783319100981211947867710489021704390592446157072672325463507786244492905999229297005062956902284523183439234677828170360676103032043047637073853260448580264365538656398146070955052294899850162613996883927242423845156679863319244691448241190934258072139099 0 0 0 0 1 0 0 0 0 0 0 0 0 0 0 0 0 0 0 0 0 0 0 0 0 0 0 0 0 0 0 0 0 0 0 0 0 0 0 0 0 0 0 0 0 0 0 0 0 0 0 0 0 0 0 0 0 0 0 0 0 0 0 0 0 0 0 0 0 0 0 0 0 0 0 0 0 0 0 0 0 0 0 0 0 0 0 0 0 0 0 0 0 0 0 0 0 0 0 0 0 0 0 0 0 0 0 0 0 0 0 0 0 0]
[8882187844848083461817779970454418389371152875767050742732545026741739665023692484640649725688487887433296903262227947207241635072164588399419277129576824849719843996763601644186600988647979010869869137999100665173212517671548362555839566267026019646296363294653679712344979177349902675109121994026044523547838489526019832298537237248857091540588 0 0 0 0 0 1 0 0 0 0 0 0 0 0 0 0 0 0 0 0 0 0 0 0 0 0 0 0 0 0 0 0 0 0 0 0 0 0 0 0 0 0 0 0 0 0 0 0 0 0 0 0 0 0 0 0 0 0 0 0 0 0 0 0 0 0 0 0 0 0 0 0 0 0 0 0 0 0 0 0 0 0 0 0 0 0 0 0 0 0 0 0 0 0 0 0 0 0 0 0 0 0 0 0 0 0 0 0 0 0 0 0 0 0]
[4159496979570117004112119640825174578116041695936679466238712586270686395377479477697671380296155975527716399602887330270926911644523483000443814820932696540932323176148558427902719610342783951261468897636003744166752353296874148508249842031095529338975826413146680883785530402487986648719784128404321326486851482537254083795190841675935640318688 0 0 0 0 0 0 1 0 0 0 0 0 0 0 0 0 0 0 0 0 0 0 0 0 0 0 0 0 0 0 0 0 0 0 0 0 0 0 0 0 0 0 0 0 0 0 0 0 0 0 0 0 0 0 0 0 0 0 0 0 0 0 0 0 0 0 0 0 0 0 0 0 0 0 0 0 0 0 0 0 0 0 0 0 0 0 0 0 0 0 0 0 0 0 0 0 0 0 0 0 0 0 0 0 0 0 0 0 0 0 0 0 0 0]
[5152967313810741966318230095440264794136729593411060513417669736119798051018322175075706388657654893013664288527056784099762087589904612119515504342416933016963691728455226350103059453637835410231486311700942567710938360636998687560503244263526954675974549574048390563668398288869982119258053198960254794881546141407376435221048215672199862583995 0 0 0 0 0 0 0 1 0 0 0 0 0 0 0 0 0 0 0 0 0 0 0 0 0 0 0 0 0 0 0 0 0 0 0 0 0 0 0 0 0 0 0 0 0 0 0 0 0 0 0 0 0 0 0 0 0 0 0 0 0 0 0 0 0 0 0 0 0 0 0 0 0 0 0 0 0 0 0 0 0 0 0 0 0 0 0 0 0 0 0 0 0 0 0 0 0 0 0 0 0 0 0 0 0 0 0 0 0 0 0 0 0 0]
[2378562733145971705476860566550903232130115019812020609208322986080571187836759647148916921962648682932721846914683641769141051541624309559174759934143683456492646702295990218970932982236276816350321527158403131689534763026256109921149121499080662545777625426125519444213761970517308158610435284167127500662839715370509699579796693786050105948775 0 0 0 0 0 0 0 0 1 0 0 0 0 0 0 0 0 0 0 0 0 0 0 0 0 0 0 0 0 0 0 0 0 0 0 0 0 0 0 0 0 0 0 0 0 0 0 0 0 0 0 0 0 0 0 0 0 0 0 0 0 0 0 0 0 0 0 0 0 0 0 0 0 0 0 0 0 0 0 0 0 0 0 0 0 0 0 0 0 0 0 0 0 0 0 0 0 0 0 0 0 0 0 0 0 0 0 0 0 0 0 0 0 0]
[9597363334914696800499101947748421282974252951093029887748941744977862531898657122586368778116762978326806207495080547174053023369252468186685948524305000105850037332839635469913027539517616077993921845838962487299384959366630839002585931277390627022973940421678870674286213186537469513423796282411332771387777223406647881225372122386022045885744 0 0 0 0 0 0 0 0 0 1 0 0 0 0 0 0 0 0 0 0 0 0 0 0 0 0 0 0 0 0 0 0 0 0 0 0 0 0 0 0 0 0 0 0 0 0 0 0 0 0 0 0 0 0 0 0 0 0 0 0 0 0 0 0 0 0 0 0 0 0 0 0 0 0 0 0 0 0 0 0 0 0 0 0 0 0 0 0 0 0 0 0 0 0 0 0 0 0 0 0 0 0 0 0 0 0 0 0 0 0 0 0 0 0]
[6613213029324580552749632605546891606474915420091427209845667231351816949162989200671374005318947255618371786748761046954618147150950293727670634672708869487487578917105117340736981818756305825358009102595782527625936283126407632497775194052805076511077078897996180242689524715217535182795696418244089662744310017408897680286917246431485163885672 0 0 0 0 0 0 0 0 0 0 1 0 0 0 0 0 0 0 0 0 0 0 0 0 0 0 0 0 0 0 0 0 0 0 0 0 0 0 0 0 0 0 0 0 0 0 0 0 0 0 0 0 0 0 0 0 0 0 0 0 0 0 0 0 0 0 0 0 0 0 0 0 0 0 0 0 0 0 0 0 0 0 0 0 0 0 0 0 0 0 0 0 0 0 0 0 0 0 0 0 0 0 0 0 0 0 0 0 0 0 0 0 0 0]
[8946255420472909738425049767512391255923778520147902367380993855643039395892817373612631126337787635057976315958983572692844574046637518115414588212609754328568964555241855259595376694952280988719291329803895273514366983484686512334451672899097837557212957219301514899546423572642805195303848685119476925963900339677668173108167703679823203208169 0 0 0 0 0 0 0 0 0 0 0 1 0 0 0 0 0 0 0 0 0 0 0 0 0 0 0 0 0 0 0 0 0 0 0 0 0 0 0 0 0 0 0 0 0 0 0 0 0 0 0 0 0 0 0 0 0 0 0 0 0 0 0 0 0 0 0 0 0 0 0 0 0 0 0 0 0 0 0 0 0 0 0 0 0 0 0 0 0 0 0 0 0 0 0 0 0 0 0 0 0 0 0 0 0 0 0 0 0 0 0 0 0 0]
[5177583125759354278295167799779849574460421343099725478904738396820437579750465681623669995821891943014389400090357163939945991473527779951143138387277990071315207553286464573252075024372918627644325680210071767357561095307141355627078863625544467563628261834940156145816683141147258616308939843531525495240374802176526430956997683214311678665984 0 0 0 0 0 0 0 0 0 0 0 0 1 0 0 0 0 0 0 0 0 0 0 0 0 0 0 0 0 0 0 0 0 0 0 0 0 0 0 0 0 0 0 0 0 0 0 0 0 0 0 0 0 0 0 0 0 0 0 0 0 0 0 0 0 0 0 0 0 0 0 0 0 0 0 0 0 0 0 0 0 0 0 0 0 0 0 0 0 0 0 0 0 0 0 0 0 0 0 0 0 0 0 0 0 0 0 0 0 0 0 0 0 0]
[2358661204677988062423352910479734114711590768764128935620622593216288286475942295441775930397607569347599706029872463847356836110093773584640955500574056426309800119024049330707925092391539612643928250592966840144452089117186389125159592935355226917501325483268690299926613261884279674376498541384974970828010717380555191323603157737275183138414 0 0 0 0 0 0 0 0 0 0 0 0 0 1 0 0 0 0 0 0 0 0 0 0 0 0 0 0 0 0 0 0 0 0 0 0 0 0 0 0 0 0 0 0 0 0 0 0 0 0 0 0 0 0 0 0 0 0 0 0 0 0 0 0 0 0 0 0 0 0 0 0 0 0 0 0 0 0 0 0 0 0 0 0 0 0 0 0 0 0 0 0 0 0 0 0 0 0 0 0 0 0 0 0 0 0 0 0 0 0 0 0 0 0]
[5069570086089908069112131986545286430472057100015718338118349791810156726255301701378435449289361600582383212240930772821462530761631736156039192429685147331725312885400546041260952423393662417476701160392465132281827053460250911247179338904134312693262779097892365514248085602693430432106853818737686694741136570223062726612851133836298208502667 0 0 0 0 0 0 0 0 0 0 0 0 0 0 1 0 0 0 0 0 0 0 0 0 0 0 0 0 0 0 0 0 0 0 0 0 0 0 0 0 0 0 0 0 0 0 0 0 0 0 0 0 0 0 0 0 0 0 0 0 0 0 0 0 0 0 0 0 0 0 0 0 0 0 0 0 0 0 0 0 0 0 0 0 0 0 0 0 0 0 0 0 0 0 0 0 0 0 0 0 0 0 0 0 0 0 0 0 0 0 0 0 0 0]
[7557662634652375688723447588185230861475847084089598318256042240823845776993015039634990428223878997914202744072837939899261323584815732527513561771428354562734445724905468650155993954700789325586378761223831723106508564742756698540080879746087236943480450663482463557447655485681531073947964081875127635825761969183804646433458209505571999814601 0 0 0 0 0 0 0 0 0 0 0 0 0 0 0 1 0 0 0 0 0 0 0 0 0 0 0 0 0 0 0 0 0 0 0 0 0 0 0 0 0 0 0 0 0 0 0 0 0 0 0 0 0 0 0 0 0 0 0 0 0 0 0 0 0 0 0 0 0 0 0 0 0 0 0 0 0 0 0 0 0 0 0 0 0 0 0 0 0 0 0 0 0 0 0 0 0 0 0 0 0 0 0 0 0 0 0 0 0 0 0 0 0 0]
[7683493390571490659494228559889147048588348463729498963128560288966803458760287844447168619824714542121157719280131849795743399438441610010142249344170034968686907171081509189042113175072774911273008682728053034109242737095522647464449388127676519811109474322213959695258537927076671841738041746521262423255747264802275292221591677021509685623275 0 0 0 0 0 0 0 0 0 0 0 0 0 0 0 0 1 0 0 0 0 0 0 0 0 0 0 0 0 0 0 0 0 0 0 0 0 0 0 0 0 0 0 0 0 0 0 0 0 0 0 0 0 0 0 0 0 0 0 0 0 0 0 0 0 0 0 0 0 0 0 0 0 0 0 0 0 0 0 0 0 0 0 0 0 0 0 0 0 0 0 0 0 0 0 0 0 0 0 0 0 0 0 0 0 0 0 0 0 0 0 0 0 0]
[4539079255620970257043443939400592126887670110210053791294643741108547608064960133092722922977983377212735441591345365474813724379967133578420864643133934907309198674674656530108088736337670737091425016013852475849766458309895708108489338634185828877727567241111941265743756781392137526465374585741554324051712936404742489345396449985445558203075 0 0 0 0 0 0 0 0 0 0 0 0 0 0 0 0 0 1 0 0 0 0 0 0 0 0 0 0 0 0 0 0 0 0 0 0 0 0 0 0 0 0 0 0 0 0 0 0 0 0 0 0 0 0 0 0 0 0 0 0 0 0 0 0 0 0 0 0 0 0 0 0 0 0 0 0 0 0 0 0 0 0 0 0 0 0 0 0 0 0 0 0 0 0 0 0 0 0 0 0 0 0 0 0 0 0 0 0 0 0 0 0 0 0]
[10470543356679228840685907190849805018007674733047931353433274021909694924705738361156886667979865632479600274192036270996691171848743738892084085128064110634034572580774647752874707308403587849457030368661405552735684161361036712222123881335925537191703153841913466251354506242231071031841035659854757289623839301373255845006975277423728720863023 0 0 0 0 0 0 0 0 0 0 0 0 0 0 0 0 0 0 1 0 0 0 0 0 0 0 0 0 0 0 0 0 0 0 0 0 0 0 0 0 0 0 0 0 0 0 0 0 0 0 0 0 0 0 0 0 0 0 0 0 0 0 0 0 0 0 0 0 0 0 0 0 0 0 0 0 0 0 0 0 0 0 0 0 0 0 0 0 0 0 0 0 0 0 0 0 0 0 0 0 0 0 0 0 0 0 0 0 0 0 0 0 0 0]
[9901343412439196012460967219877409707695339221115160766210968895221552495026259914883014547599669156855794895434419834897552133041294159710163058816096108028779851883970698831569625549902715142310184576793861186666177979664804243130631117999433778422670618781427839183495478032136623708140962648693710506053523117764696172389613989145945515161580 0 0 0 0 0 0 0 0 0 0 0 0 0 0 0 0 0 0 0 1 0 0 0 0 0 0 0 0 0 0 0 0 0 0 0 0 0 0 0 0 0 0 0 0 0 0 0 0 0 0 0 0 0 0 0 0 0 0 0 0 0 0 0 0 0 0 0 0 0 0 0 0 0 0 0 0 0 0 0 0 0 0 0 0 0 0 0 0 0 0 0 0 0 0 0 0 0 0 0 0 0 0 0 0 0 0 0 0 0 0 0 0 0 0]
[10390583433838039263004375524848955330939445436708258101398651516398293127253112268432212148538225732592822273453605051169402095397824208656474351659453717633757675416000568921564847817356783524140367084108802360312116281038605727119859799887771593024967518501558323535776155752329548856296299791334646998737703447738637128983546666062809866695303 0 0 0 0 0 0 0 0 0 0 0 0 0 0 0 0 0 0 0 0 1 0 0 0 0 0 0 0 0 0 0 0 0 0 0 0 0 0 0 0 0 0 0 0 0 0 0 0 0 0 0 0 0 0 0 0 0 0 0 0 0 0 0 0 0 0 0 0 0 0 0 0 0 0 0 0 0 0 0 0 0 0 0 0 0 0 0 0 0 0 0 0 0 0 0 0 0 0 0 0 0 0 0 0 0 0 0 0 0 0 0 0 0 0]
[5264088605450905752537977644678264493089174391907121250713559202280007250895159308244707326005405923760448204794105946860493568430660435318938402405334309007041298795550797618688540961699399657102643603486253830307776146233549363582662263921806729063505760565183184695191404367581277169263232514791697125213292007960710018193991222513198608937215 0 0 0 0 0 0 0 0 0 0 0 0 0 0 0 0 0 0 0 0 0 1 0 0 0 0 0 0 0 0 0 0 0 0 0 0 0 0 0 0 0 0 0 0 0 0 0 0 0 0 0 0 0 0 0 0 0 0 0 0 0 0 0 0 0 0 0 0 0 0 0 0 0 0 0 0 0 0 0 0 0 0 0 0 0 0 0 0 0 0 0 0 0 0 0 0 0 0 0 0 0 0 0 0 0 0 0 0 0 0 0 0 0 0]
[5782385136694265214029937408925748229234116195707381435770988442581893843264014795078540205218818979689309998303128387562324769373850123230188741371506846733925968385688767460280971191843611234865632716973962391222226269968350967141458566425361405861436111779601149875783818118225728151407566289933730560121446281198108846934324038253589027856494 0 0 0 0 0 0 0 0 0 0 0 0 0 0 0 0 0 0 0 0 0 0 1 0 0 0 0 0 0 0 0 0 0 0 0 0 0 0 0 0 0 0 0 0 0 0 0 0 0 0 0 0 0 0 0 0 0 0 0 0 0 0 0 0 0 0 0 0 0 0 0 0 0 0 0 0 0 0 0 0 0 0 0 0 0 0 0 0 0 0 0 0 0 0 0 0 0 0 0 0 0 0 0 0 0 0 0 0 0 0 0 0 0 0]
[8189243080206985217825951313036926618837900065488802744603283481209338734227640361407934395948376380055490070389608284661479724802438838031237372872981502938574485234848056548929055414839483366458985810143022284665529098215280875380837668430047074530737389594571594612127769973141956406950206460793220148373614347195773536131637367719196457804510 0 0 0 0 0 0 0 0 0 0 0 0 0 0 0 0 0 0 0 0 0 0 0 1 0 0 0 0 0 0 0 0 0 0 0 0 0 0 0 0 0 0 0 0 0 0 0 0 0 0 0 0 0 0 0 0 0 0 0 0 0 0 0 0 0 0 0 0 0 0 0 0 0 0 0 0 0 0 0 0 0 0 0 0 0 0 0 0 0 0 0 0 0 0 0 0 0 0 0 0 0 0 0 0 0 0 0 0 0 0 0 0 0 0]
[11538750903255170627875799312645556239018755378443001682139071182289462157993945128540595034557151595029021250916395389765729585803522784912021234496151559347862794977550402362106053007527098385316387142142937248850339257925275822892320991983202981230066157359785142353393724273652728607914799732467505775285888434590550483235052835936117457113169 0 0 0 0 0 0 0 0 0 0 0 0 0 0 0 0 0 0 0 0 0 0 0 0 1 0 0 0 0 0 0 0 0 0 0 0 0 0 0 0 0 0 0 0 0 0 0 0 0 0 0 0 0 0 0 0 0 0 0 0 0 0 0 0 0 0 0 0 0 0 0 0 0 0 0 0 0 0 0 0 0 0 0 0 0 0 0 0 0 0 0 0 0 0 0 0 0 0 0 0 0 0 0 0 0 0 0 0 0 0 0 0 0 0]
[11368907017991951842590613970400494719452461882098753058963578685317488070860321343890535221848375800394354394261021783127853798843448224585454019008932947902064024121378387310738577532315595627114919233073606081168460005355639530514010660858460082939157713423568408531599960424446986643225427304798059358246766744750879233056515598385893526762584 0 0 0 0 0 0 0 0 0 0 0 0 0 0 0 0 0 0 0 0 0 0 0 0 0 1 0 0 0 0 0 0 0 0 0 0 0 0 0 0 0 0 0 0 0 0 0 0 0 0 0 0 0 0 0 0 0 0 0 0 0 0 0 0 0 0 0 0 0 0 0 0 0 0 0 0 0 0 0 0 0 0 0 0 0 0 0 0 0 0 0 0 0 0 0 0 0 0 0 0 0 0 0 0 0 0 0 0 0 0 0 0 0 0]
[6974753995865776571767291261041670066989875115129218272970067693908763335249157924842575630182646166989229008973431429564909143552331491596961500567311802212251610877582940966056495930275606228963019753043999612416998110476306679532152757602096267464291079116788692752526180878842530075955164399504542615475113548106540407664774019425386549083503 0 0 0 0 0 0 0 0 0 0 0 0 0 0 0 0 0 0 0 0 0 0 0 0 0 0 1 0 0 0 0 0 0 0 0 0 0 0 0 0 0 0 0 0 0 0 0 0 0 0 0 0 0 0 0 0 0 0 0 0 0 0 0 0 0 0 0 0 0 0 0 0 0 0 0 0 0 0 0 0 0 0 0 0 0 0 0 0 0 0 0 0 0 0 0 0 0 0 0 0 0 0 0 0 0 0 0 0 0 0 0 0 0 0]
[6348213055018495257480771222740139101386028121426449163109372298715537894323923109416390293156257116539146819412410953919204447934285849195266746240247877867832638260858582198388329155056675009031467040143847677104023349183652888532250637036788708513708129090376645609459097757830384400349526367851404605303055964176435661858250989673994591317347 0 0 0 0 0 0 0 0 0 0 0 0 0 0 0 0 0 0 0 0 0 0 0 0 0 0 0 1 0 0 0 0 0 0 0 0 0 0 0 0 0 0 0 0 0 0 0 0 0 0 0 0 0 0 0 0 0 0 0 0 0 0 0 0 0 0 0 0 0 0 0 0 0 0 0 0 0 0 0 0 0 0 0 0 0 0 0 0 0 0 0 0 0 0 0 0 0 0 0 0 0 0 0 0 0 0 0 0 0 0 0 0 0 0]
[3777950711260449696876519387848274915462812074377138744927314287641494206337374821562835980865965740569958471155099385838383008613029097345762342111226960961759849556859131125367285334746961802506412677272059428709370284940861782294674810953504693450556405950889223207367438359793720091723300929666267829182267684542539663305596113778686777641198 0 0 0 0 0 0 0 0 0 0 0 0 0 0 0 0 0 0 0 0 0 0 0 0 0 0 0 0 1 0 0 0 0 0 0 0 0 0 0 0 0 0 0 0 0 0 0 0 0 0 0 0 0 0 0 0 0 0 0 0 0 0 0 0 0 0 0 0 0 0 0 0 0 0 0 0 0 0 0 0 0 0 0 0 0 0 0 0 0 0 0 0 0 0 0 0 0 0 0 0 0 0 0 0 0 0 0 0 0 0 0 0 0 0]
[5185479361158326723421427782006868551973428124194621383723405787407860027310856000021133727377415316497584609292848852090581468237237957102885656584238346091908401967549319325544723830578612251382076786754687465225221694462199373627008339481988535011199980641923704747238088258856433566894929410063387689899204617939111881485552198782273177525470 0 0 0 0 0 0 0 0 0 0 0 0 0 0 0 0 0 0 0 0 0 0 0 0 0 0 0 0 0 1 0 0 0 0 0 0 0 0 0 0 0 0 0 0 0 0 0 0 0 0 0 0 0 0 0 0 0 0 0 0 0 0 0 0 0 0 0 0 0 0 0 0 0 0 0 0 0 0 0 0 0 0 0 0 0 0 0 0 0 0 0 0 0 0 0 0 0 0 0 0 0 0 0 0 0 0 0 0 0 0 0 0 0 0]
[8775745869914070340473982271395930223352567980190337787379904365141725355323772395207529437352854391238241636062752910133615306503761759430272281531121662172886258315642592261348811455326792915276949187269517102689006179996919343652655731063386228730867444967538372123248623210241462611375953888713541010816844103384140050572383639661109319144468 0 0 0 0 0 0 0 0 0 0 0 0 0 0 0 0 0 0 0 0 0 0 0 0 0 0 0 0 0 0 1 0 0 0 0 0 0 0 0 0 0 0 0 0 0 0 0 0 0 0 0 0 0 0 0 0 0 0 0 0 0 0 0 0 0 0 0 0 0 0 0 0 0 0 0 0 0 0 0 0 0 0 0 0 0 0 0 0 0 0 0 0 0 0 0 0 0 0 0 0 0 0 0 0 0 0 0 0 0 0 0 0 0 0]
[10735548165497255059657233743516088940733965581393785590786794327468423165839282296970369284905069638486300679323333202223709717788679392031789845472911332128433115782581610080011607632760706514192989603098894411837058855437659948201001452687627000401109477047192257500013435473222904175844891071703753717815064069242719526427387317529621046619509 0 0 0 0 0 0 0 0 0 0 0 0 0 0 0 0 0 0 0 0 0 0 0 0 0 0 0 0 0 0 0 1 0 0 0 0 0 0 0 0 0 0 0 0 0 0 0 0 0 0 0 0 0 0 0 0 0 0 0 0 0 0 0 0 0 0 0 0 0 0 0 0 0 0 0 0 0 0 0 0 0 0 0 0 0 0 0 0 0 0 0 0 0 0 0 0 0 0 0 0 0 0 0 0 0 0 0 0 0 0 0 0 0 0]
[2839735562305191433047646641817698139374674351636111669153079457034049186441767911228773866465739942702862861951188427437895243731332478059929204901388029359119089343106207122396948456138103815489807015904832066847478722900607335002442674305148161027201531736388317457263932382719129547083792640389284328157332430746343055491705408906669371315013 0 0 0 0 0 0 0 0 0 0 0 0 0 0 0 0 0 0 0 0 0 0 0 0 0 0 0 0 0 0 0 0 1 0 0 0 0 0 0 0 0 0 0 0 0 0 0 0 0 0 0 0 0 0 0 0 0 0 0 0 0 0 0 0 0 0 0 0 0 0 0 0 0 0 0 0 0 0 0 0 0 0 0 0 0 0 0 0 0 0 0 0 0 0 0 0 0 0 0 0 0 0 0 0 0 0 0 0 0 0 0 0 0 0]
[8342505770766570274192767957820860812453449303231419457863850027630792335889723483409175300713127316555828235221620322175481024326861864136704669144158047314689731618302800378325361128168096155932865742426010609766054826391936344759850702272995321608771515221219392407790367788487824905757300688240502588954479878857182514034479479991284634109290 0 0 0 0 0 0 0 0 0 0 0 0 0 0 0 0 0 0 0 0 0 0 0 0 0 0 0 0 0 0 0 0 0 1 0 0 0 0 0 0 0 0 0 0 0 0 0 0 0 0 0 0 0 0 0 0 0 0 0 0 0 0 0 0 0 0 0 0 0 0 0 0 0 0 0 0 0 0 0 0 0 0 0 0 0 0 0 0 0 0 0 0 0 0 0 0 0 0 0 0 0 0 0 0 0 0 0 0 0 0 0 0 0 0]
[8332148663346569757475700415614018822674027389305158691109406992090794092882202880596743744690635189124839262485728395524610430089985505075658905881230239357742098639926759776689952175079695951323958372723524805093193643282736054140661868537887096940366385090165222198392141823920919327278770899053589838312025166260431713289626494664199172179541 0 0 0 0 0 0 0 0 0 0 0 0 0 0 0 0 0 0 0 0 0 0 0 0 0 0 0 0 0 0 0 0 0 0 1 0 0 0 0 0 0 0 0 0 0 0 0 0 0 0 0 0 0 0 0 0 0 0 0 0 0 0 0 0 0 0 0 0 0 0 0 0 0 0 0 0 0 0 0 0 0 0 0 0 0 0 0 0 0 0 0 0 0 0 0 0 0 0 0 0 0 0 0 0 0 0 0 0 0 0 0 0 0 0]
[5275902091960579506875781658053314875266360082020295785165840889530141947466657331623028261548097039643090144419604893713566694945104842099318367194699544818594156367814765828930849953829802666211388729686398416756730819482870044340935824830378324981860036967586448119305153430164492606715331335069506037196602078433698285666175874548207821291767 0 0 0 0 0 0 0 0 0 0 0 0 0 0 0 0 0 0 0 0 0 0 0 0 0 0 0 0 0 0 0 0 0 0 0 1 0 0 0 0 0 0 0 0 0 0 0 0 0 0 0 0 0 0 0 0 0 0 0 0 0 0 0 0 0 0 0 0 0 0 0 0 0 0 0 0 0 0 0 0 0 0 0 0 0 0 0 0 0 0 0 0 0 0 0 0 0 0 0 0 0 0 0 0 0 0 0 0 0 0 0 0 0 0]
[3702238979199852318971549643630437114772817897141974128590452420068874059168924474057008624045400883652582963614879774642021662326720350027688392462293644588464087225322933847374735626045644781523144872980285913773291835564068078582018617082316264346586104204941162689077083653111165892684569816364486447755351934973572243031903357864618461623623 0 0 0 0 0 0 0 0 0 0 0 0 0 0 0 0 0 0 0 0 0 0 0 0 0 0 0 0 0 0 0 0 0 0 0 0 1 0 0 0 0 0 0 0 0 0 0 0 0 0 0 0 0 0 0 0 0 0 0 0 0 0 0 0 0 0 0 0 0 0 0 0 0 0 0 0 0 0 0 0 0 0 0 0 0 0 0 0 0 0 0 0 0 0 0 0 0 0 0 0 0 0 0 0 0 0 0 0 0 0 0 0 0 0]
[7304686512962170354474040730459912783548155172546522512331168268442505229318360722432569764449665770345842867338562825479698435367155018420951001402484032560790092037777013132086546029702880089900488894716557040586365676930126351511524871506971224575874523363412477236672063721277585095997863585217880006863982381521569215473222900322705110154194 0 0 0 0 0 0 0 0 0 0 0 0 0 0 0 0 0 0 0 0 0 0 0 0 0 0 0 0 0 0 0 0 0 0 0 0 0 1 0 0 0 0 0 0 0 0 0 0 0 0 0 0 0 0 0 0 0 0 0 0 0 0 0 0 0 0 0 0 0 0 0 0 0 0 0 0 0 0 0 0 0 0 0 0 0 0 0 0 0 0 0 0 0 0 0 0 0 0 0 0 0 0 0 0 0 0 0 0 0 0 0 0 0 0]
[3520333931264515129002617313986753548960639401509007376618625335739012119750389930265260058346967292463096286926188379603924026744257106820983392556543624838213670017626578392251372252942479277420553089160921865614467284382602580580998771104167857279018113919594778848779431797152390365921099544875142101837210960039822389147675105773178290111374 0 0 0 0 0 0 0 0 0 0 0 0 0 0 0 0 0 0 0 0 0 0 0 0 0 0 0 0 0 0 0 0 0 0 0 0 0 0 1 0 0 0 0 0 0 0 0 0 0 0 0 0 0 0 0 0 0 0 0 0 0 0 0 0 0 0 0 0 0 0 0 0 0 0 0 0 0 0 0 0 0 0 0 0 0 0 0 0 0 0 0 0 0 0 0 0 0 0 0 0 0 0 0 0 0 0 0 0 0 0 0 0 0 0]
[2256410404440653675287981114304734505462510930890806425835105634990531596165630678376169429558872959760188937560300529089652007783746180798388081352019265114596074471341640239406504004686661349865138198359331012290466819900444148136275112010623637581446143947204961875346260629221294465102445293349478455924633260272575588681886891260975054362752 0 0 0 0 0 0 0 0 0 0 0 0 0 0 0 0 0 0 0 0 0 0 0 0 0 0 0 0 0 0 0 0 0 0 0 0 0 0 0 1 0 0 0 0 0 0 0 0 0 0 0 0 0 0 0 0 0 0 0 0 0 0 0 0 0 0 0 0 0 0 0 0 0 0 0 0 0 0 0 0 0 0 0 0 0 0 0 0 0 0 0 0 0 0 0 0 0 0 0 0 0 0 0 0 0 0 0 0 0 0 0 0 0 0]
[9484982224620399811791517445975696076034370422083470775688947925788468805848830489494221755849047503332819326288570766045746783340939988665842239160272917234118730465140699992316504940327586514643982032661749803310530182904898830981997732073860497183698187180256683249867571475139855086720829857117181030791721820472890783114375555957392191160074 0 0 0 0 0 0 0 0 0 0 0 0 0 0 0 0 0 0 0 0 0 0 0 0 0 0 0 0 0 0 0 0 0 0 0 0 0 0 0 0 1 0 0 0 0 0 0 0 0 0 0 0 0 0 0 0 0 0 0 0 0 0 0 0 0 0 0 0 0 0 0 0 0 0 0 0 0 0 0 0 0 0 0 0 0 0 0 0 0 0 0 0 0 0 0 0 0 0 0 0 0 0 0 0 0 0 0 0 0 0 0 0 0 0]
[11334440510708488800406755857760855631441672804253038877968794009654498262444191329065326475721739869855797044739933320392164407057952210918690977800961273059771751875032475028928985653095648669627428750556434443444490829321444550022848547825588878050373713940754048481532691932684068007376416917014810221329960591584871211060088876418771550271826 0 0 0 0 0 0 0 0 0 0 0 0 0 0 0 0 0 0 0 0 0 0 0 0 0 0 0 0 0 0 0 0 0 0 0 0 0 0 0 0 0 1 0 0 0 0 0 0 0 0 0 0 0 0 0 0 0 0 0 0 0 0 0 0 0 0 0 0 0 0 0 0 0 0 0 0 0 0 0 0 0 0 0 0 0 0 0 0 0 0 0 0 0 0 0 0 0 0 0 0 0 0 0 0 0 0 0 0 0 0 0 0 0 0]
[1558299866514864549128659962670961806225797257603965368739027925100258620457049865301944695685087874808617898600058731558760343476750942233847381133919630304604578703369321666092121712754872805116242034256153539109325892900467675381777204363639983274595019391315977881850077940470790813073642758667750102793368783756108434063391383417896655699337 0 0 0 0 0 0 0 0 0 0 0 0 0 0 0 0 0 0 0 0 0 0 0 0 0 0 0 0 0 0 0 0 0 0 0 0 0 0 0 0 0 0 1 0 0 0 0 0 0 0 0 0 0 0 0 0 0 0 0 0 0 0 0 0 0 0 0 0 0 0 0 0 0 0 0 0 0 0 0 0 0 0 0 0 0 0 0 0 0 0 0 0 0 0 0 0 0 0 0 0 0 0 0 0 0 0 0 0 0 0 0 0 0 0]
[2915162567879875058759894689286824504710447825171700403866343775929607631323585697195032358424111244483903084675774809067620822342010673144079449489885424439145950758813403788332134943386616618728669514214518232839884367001733046139406933701279768770723647381002750452533289494531784718669366739939593218037200227564169248174008564056278646978732 0 0 0 0 0 0 0 0 0 0 0 0 0 0 0 0 0 0 0 0 0 0 0 0 0 0 0 0 0 0 0 0 0 0 0 0 0 0 0 0 0 0 0 1 0 0 0 0 0 0 0 0 0 0 0 0 0 0 0 0 0 0 0 0 0 0 0 0 0 0 0 0 0 0 0 0 0 0 0 0 0 0 0 0 0 0 0 0 0 0 0 0 0 0 0 0 0 0 0 0 0 0 0 0 0 0 0 0 0 0 0 0 0 0]
[4991656024998077483470116008068038862652877800142447357930407490393598965120313799362287461212006004589640866752517396615903712874329528671663058923705475278610030045552863544839034678707966586916239388495523176475516977885561268665000441429874790342247917669279316620482894662502072723873061827439557615599390804060525348391180575314986724264763 0 0 0 0 0 0 0 0 0 0 0 0 0 0 0 0 0 0 0 0 0 0 0 0 0 0 0 0 0 0 0 0 0 0 0 0 0 0 0 0 0 0 0 0 1 0 0 0 0 0 0 0 0 0 0 0 0 0 0 0 0 0 0 0 0 0 0 0 0 0 0 0 0 0 0 0 0 0 0 0 0 0 0 0 0 0 0 0 0 0 0 0 0 0 0 0 0 0 0 0 0 0 0 0 0 0 0 0 0 0 0 0 0 0]
[5904316052499686873345144687902250434908617189819825157251914461811504309203019235700412156000451017158901415001873185169618571435496887581481661498346548603960708628189645516550429823423691809500426365579262687998053503239190349879541030298104841943454003897501858749188339783509610913920924526246305235045056891772628721958953670755906345392086 0 0 0 0 0 0 0 0 0 0 0 0 0 0 0 0 0 0 0 0 0 0 0 0 0 0 0 0 0 0 0 0 0 0 0 0 0 0 0 0 0 0 0 0 0 1 0 0 0 0 0 0 0 0 0 0 0 0 0 0 0 0 0 0 0 0 0 0 0 0 0 0 0 0 0 0 0 0 0 0 0 0 0 0 0 0 0 0 0 0 0 0 0 0 0 0 0 0 0 0 0 0 0 0 0 0 0 0 0 0 0 0 0 0]
[8107684570503001075077843939152754676139454343726707393089739133572311787243014880823681025824002229201227202470074660680586992361487561150372358079064394815558729907258713454890630530999414989223701506132925160391799410416507597633730461136712586213251281460033085515375042521619426533466836544720464053081643104309484753383744082036684699151144 0 0 0 0 0 0 0 0 0 0 0 0 0 0 0 0 0 0 0 0 0 0 0 0 0 0 0 0 0 0 0 0 0 0 0 0 0 0 0 0 0 0 0 0 0 0 1 0 0 0 0 0 0 0 0 0 0 0 0 0 0 0 0 0 0 0 0 0 0 0 0 0 0 0 0 0 0 0 0 0 0 0 0 0 0 0 0 0 0 0 0 0 0 0 0 0 0 0 0 0 0 0 0 0 0 0 0 0 0 0 0 0 0 0]
[3775205363466818374886115163698127715988976428434609102684633166371142312957496718816006769746185549122241647142729039001121855003515410583782739153357108524251437820332481915845240619198883606962089273611956124711242060466236189502420490533332693120820590095781912635981429317928231009791661246964733724555232238049953290374952642428924050159431 0 0 0 0 0 0 0 0 0 0 0 0 0 0 0 0 0 0 0 0 0 0 0 0 0 0 0 0 0 0 0 0 0 0 0 0 0 0 0 0 0 0 0 0 0 0 0 1 0 0 0 0 0 0 0 0 0 0 0 0 0 0 0 0 0 0 0 0 0 0 0 0 0 0 0 0 0 0 0 0 0 0 0 0 0 0 0 0 0 0 0 0 0 0 0 0 0 0 0 0 0 0 0 0 0 0 0 0 0 0 0 0 0 0]
[2905372199835061319065361398508898896526073861572886615770982193294695599618681096191318248371132563970582442896664689295311569121150467682632283448969509138126082409686149579610301185232314504603262382982239430464469706421093471224895487177348668718806938090654754169411732166940140408048166632817427877056966881588445883668874396793162869796560 0 0 0 0 0 0 0 0 0 0 0 0 0 0 0 0 0 0 0 0 0 0 0 0 0 0 0 0 0 0 0 0 0 0 0 0 0 0 0 0 0 0 0 0 0 0 0 0 1 0 0 0 0 0 0 0 0 0 0 0 0 0 0 0 0 0 0 0 0 0 0 0 0 0 0 0 0 0 0 0 0 0 0 0 0 0 0 0 0 0 0 0 0 0 0 0 0 0 0 0 0 0 0 0 0 0 0 0 0 0 0 0 0 0]
[10835919642892256747595587945092483381286363344421430127791083498810547397985194788088258532447253731416649526181425219041428737590582568057498813418030019222678575840664367488226468262302081375357635072782790264131997278807363319908188743944918483206217002814163787092555696975994005015399363128159523472301199692950954806495623253542774910881977 0 0 0 0 0 0 0 0 0 0 0 0 0 0 0 0 0 0 0 0 0 0 0 0 0 0 0 0 0 0 0 0 0 0 0 0 0 0 0 0 0 0 0 0 0 0 0 0 0 1 0 0 0 0 0 0 0 0 0 0 0 0 0 0 0 0 0 0 0 0 0 0 0 0 0 0 0 0 0 0 0 0 0 0 0 0 0 0 0 0 0 0 0 0 0 0 0 0 0 0 0 0 0 0 0 0 0 0 0 0 0 0 0 0]
[10901600585370690261032610326504953580273379303639944523355741627531652459037733460984821328252416777218848822939323829821021191909649939066957490909891721698667803435180576400999272013202927050339744960542388564289932059348683691314124721259030369294407401258596667606522856302628827237906610212413406591033175972709685998817830765137436085669636 0 0 0 0 0 0 0 0 0 0 0 0 0 0 0 0 0 0 0 0 0 0 0 0 0 0 0 0 0 0 0 0 0 0 0 0 0 0 0 0 0 0 0 0 0 0 0 0 0 0 1 0 0 0 0 0 0 0 0 0 0 0 0 0 0 0 0 0 0 0 0 0 0 0 0 0 0 0 0 0 0 0 0 0 0 0 0 0 0 0 0 0 0 0 0 0 0 0 0 0 0 0 0 0 0 0 0 0 0 0 0 0 0 0]
[935085578152900588772319349379714604148022309835836761931583262491704961586517189304259516170047891936738474030328787097204285932679900353394418073711240124907790249817041404438509857658166689574257269811249906707203659478148908500335041524958757919110380235419343858461668700410991046948034995297514343303009728086557006618261247483508938359247 0 0 0 0 0 0 0 0 0 0 0 0 0 0 0 0 0 0 0 0 0 0 0 0 0 0 0 0 0 0 0 0 0 0 0 0 0 0 0 0 0 0 0 0 0 0 0 0 0 0 0 1 0 0 0 0 0 0 0 0 0 0 0 0 0 0 0 0 0 0 0 0 0 0 0 0 0 0 0 0 0 0 0 0 0 0 0 0 0 0 0 0 0 0 0 0 0 0 0 0 0 0 0 0 0 0 0 0 0 0 0 0 0 0]
[8808145383478532666991889449920926987387743681251364155289157796068953685317507244441200956549749723841886242011787398209148923755214293274053505261603471371150320323653742231586383107572419476721285813554460753950966606754634781191260627895534853214393262176011817966374105214144271941313302314739177483225025625917955715176202651324202954566551 0 0 0 0 0 0 0 0 0 0 0 0 0 0 0 0 0 0 0 0 0 0 0 0 0 0 0 0 0 0 0 0 0 0 0 0 0 0 0 0 0 0 0 0 0 0 0 0 0 0 0 0 1 0 0 0 0 0 0 0 0 0 0 0 0 0 0 0 0 0 0 0 0 0 0 0 0 0 0 0 0 0 0 0 0 0 0 0 0 0 0 0 0 0 0 0 0 0 0 0 0 0 0 0 0 0 0 0 0 0 0 0 0 0]
[880535318123913001807479822405576050053276386180578173233757720184320550497896112586740394547263652921755051801071611343049167209878739049957335751026705117236010425377445398575338040594119251986724940350907590469595641770738593631293608936227168509654351562437034382431540276578298759813974786890681645146980701018675835306569013592921725870588 0 0 0 0 0 0 0 0 0 0 0 0 0 0 0 0 0 0 0 0 0 0 0 0 0 0 0 0 0 0 0 0 0 0 0 0 0 0 0 0 0 0 0 0 0 0 0 0 0 0 0 0 0 1 0 0 0 0 0 0 0 0 0 0 0 0 0 0 0 0 0 0 0 0 0 0 0 0 0 0 0 0 0 0 0 0 0 0 0 0 0 0 0 0 0 0 0 0 0 0 0 0 0 0 0 0 0 0 0 0 0 0 0 0]
[7145764323441917213748384686340127272124358648587854432408668440645927182582391172178835078046307649943124585332516981904581847919133052777743511633925135953330155483915970560406729729842711609763903959493284096706946439287905558763183801510625021761275403198809237690039258556534880911067609767316559216437300832140114758123265690078704825836145 0 0 0 0 0 0 0 0 0 0 0 0 0 0 0 0 0 0 0 0 0 0 0 0 0 0 0 0 0 0 0 0 0 0 0 0 0 0 0 0 0 0 0 0 0 0 0 0 0 0 0 0 0 0 1 0 0 0 0 0 0 0 0 0 0 0 0 0 0 0 0 0 0 0 0 0 0 0 0 0 0 0 0 0 0 0 0 0 0 0 0 0 0 0 0 0 0 0 0 0 0 0 0 0 0 0 0 0 0 0 0 0 0 0]
[8978138269578354602242084254885840069044822858494927993284457579162633156047083715206249465588978515381256060710744121571747756180531838333181110678236394690323301062640682447167122046938004629349587170461150007770250661501452316645866977723485258454871052626211096233851995305258189360753522713803509885468484254705646804548872290104401329933354 0 0 0 0 0 0 0 0 0 0 0 0 0 0 0 0 0 0 0 0 0 0 0 0 0 0 0 0 0 0 0 0 0 0 0 0 0 0 0 0 0 0 0 0 0 0 0 0 0 0 0 0 0 0 0 1 0 0 0 0 0 0 0 0 0 0 0 0 0 0 0 0 0 0 0 0 0 0 0 0 0 0 0 0 0 0 0 0 0 0 0 0 0 0 0 0 0 0 0 0 0 0 0 0 0 0 0 0 0 0 0 0 0 0]
[7970904582708279808150429334737989330600377878195452508613596410536374047493366281998338579029928123940692204525774264991905735217538001284314170421864211540841630596999309182327789531532738903865910911343647873836861640653453860133144090041317818864830578129260011152092794624582905475938976436234120084985355499275628257044323895954730272341675 0 0 0 0 0 0 0 0 0 0 0 0 0 0 0 0 0 0 0 0 0 0 0 0 0 0 0 0 0 0 0 0 0 0 0 0 0 0 0 0 0 0 0 0 0 0 0 0 0 0 0 0 0 0 0 0 1 0 0 0 0 0 0 0 0 0 0 0 0 0 0 0 0 0 0 0 0 0 0 0 0 0 0 0 0 0 0 0 0 0 0 0 0 0 0 0 0 0 0 0 0 0 0 0 0 0 0 0 0 0 0 0 0 0]
[5971207654504097108777640258697567013947022184369637313411957191878051040678647137207790027747922743187134094741945823760018758699469390642634653043098220490801194975345259747918090724717112294125117561380557163448503443996084015879289872431446001887311403235282573250662426007306922433208109891736824441047490106784606901982309656817569006767185 0 0 0 0 0 0 0 0 0 0 0 0 0 0 0 0 0 0 0 0 0 0 0 0 0 0 0 0 0 0 0 0 0 0 0 0 0 0 0 0 0 0 0 0 0 0 0 0 0 0 0 0 0 0 0 0 0 1 0 0 0 0 0 0 0 0 0 0 0 0 0 0 0 0 0 0 0 0 0 0 0 0 0 0 0 0 0 0 0 0 0 0 0 0 0 0 0 0 0 0 0 0 0 0 0 0 0 0 0 0 0 0 0 0]
[6992813465691804312597662771176601164795384211379847075505884678300783725296212292752680969723117060997059514023090653033381635363680855785569870820303974398488665957029012540228664750131950973370330090115569913213339286204963227385799469120743590817370734628041243092884261665929217010677189961154624104063899206546847508245796081624160063855064 0 0 0 0 0 0 0 0 0 0 0 0 0 0 0 0 0 0 0 0 0 0 0 0 0 0 0 0 0 0 0 0 0 0 0 0 0 0 0 0 0 0 0 0 0 0 0 0 0 0 0 0 0 0 0 0 0 0 1 0 0 0 0 0 0 0 0 0 0 0 0 0 0 0 0 0 0 0 0 0 0 0 0 0 0 0 0 0 0 0 0 0 0 0 0 0 0 0 0 0 0 0 0 0 0 0 0 0 0 0 0 0 0 0]
[1861587017060887635613632946207215502202470456530633734345828486456794317212017373514878036536231355994911778593213864338074902688447601931364258857111439428008700728017827063607312350043453549001647625070840199395668765396009327943258704693963988788669479674073282302774821519656249949446014690755530937486313594339829943304982571792328214773704 0 0 0 0 0 0 0 0 0 0 0 0 0 0 0 0 0 0 0 0 0 0 0 0 0 0 0 0 0 0 0 0 0 0 0 0 0 0 0 0 0 0 0 0 0 0 0 0 0 0 0 0 0 0 0 0 0 0 0 1 0 0 0 0 0 0 0 0 0 0 0 0 0 0 0 0 0 0 0 0 0 0 0 0 0 0 0 0 0 0 0 0 0 0 0 0 0 0 0 0 0 0 0 0 0 0 0 0 0 0 0 0 0 0]
[7652532382539808697503303887798923158219658097920894004465008646328854302033443965192349050294498895307440289959961427100998572608087978394615276340120444993854329972516334460460194132476832490779918778122949312130812452881013995909853009738737849639773204546577231711179831321826969866964558992309710888904882691735531126272225086558410572664066 0 0 0 0 0 0 0 0 0 0 0 0 0 0 0 0 0 0 0 0 0 0 0 0 0 0 0 0 0 0 0 0 0 0 0 0 0 0 0 0 0 0 0 0 0 0 0 0 0 0 0 0 0 0 0 0 0 0 0 0 1 0 0 0 0 0 0 0 0 0 0 0 0 0 0 0 0 0 0 0 0 0 0 0 0 0 0 0 0 0 0 0 0 0 0 0 0 0 0 0 0 0 0 0 0 0 0 0 0 0 0 0 0 0]
[6515106448443941667440116631051885342150472067523133776303870197786493114677024488080349638870769974764200794082606683261293685759030083444890702272326570896998998582183201830304665224821552302024179003880651263434631672517014334473487585549985420028830691062957852558574564943822864251579778930291097903412633055642200792972079162247910450650434 0 0 0 0 0 0 0 0 0 0 0 0 0 0 0 0 0 0 0 0 0 0 0 0 0 0 0 0 0 0 0 0 0 0 0 0 0 0 0 0 0 0 0 0 0 0 0 0 0 0 0 0 0 0 0 0 0 0 0 0 0 1 0 0 0 0 0 0 0 0 0 0 0 0 0 0 0 0 0 0 0 0 0 0 0 0 0 0 0 0 0 0 0 0 0 0 0 0 0 0 0 0 0 0 0 0 0 0 0 0 0 0 0 0]
[3077584055924904156784471988217943678408257268946260399695637957795071177309700474260313398776766953111348076866183219092766048745045101282513260910267734859545439369995516729323208722823187922041346502258349639476933896423576222113819373807371632798707942998234764054986971875931954009478406461938875714770349790498251165737043892881860687221588 0 0 0 0 0 0 0 0 0 0 0 0 0 0 0 0 0 0 0 0 0 0 0 0 0 0 0 0 0 0 0 0 0 0 0 0 0 0 0 0 0 0 0 0 0 0 0 0 0 0 0 0 0 0 0 0 0 0 0 0 0 0 1 0 0 0 0 0 0 0 0 0 0 0 0 0 0 0 0 0 0 0 0 0 0 0 0 0 0 0 0 0 0 0 0 0 0 0 0 0 0 0 0 0 0 0 0 0 0 0 0 0 0 0]
[1070352385278012161525180363398749367107683742627412647087371365867833290186440586460910237999627951295325679255496839638084920715840541949248468073241376043357976285000353031457508446244251155552747771110974102347519586279007442462373039247046420984468124436693644759207330272240240483758147171756596399485191199630755346578642822743095635232255 0 0 0 0 0 0 0 0 0 0 0 0 0 0 0 0 0 0 0 0 0 0 0 0 0 0 0 0 0 0 0 0 0 0 0 0 0 0 0 0 0 0 0 0 0 0 0 0 0 0 0 0 0 0 0 0 0 0 0 0 0 0 0 1 0 0 0 0 0 0 0 0 0 0 0 0 0 0 0 0 0 0 0 0 0 0 0 0 0 0 0 0 0 0 0 0 0 0 0 0 0 0 0 0 0 0 0 0 0 0 0 0 0 0]
[2411939132578480392370242646905009839717773220464127759761118017764057964469050234901159652541357843025330836768201126566592276596671559313013184962555453815929189935339711259780249893960734360118189560452908555218343194692352625792002960888270948032272602192575132818673617343759902955398564050036318835079263855133432931513800107596342260046916 0 0 0 0 0 0 0 0 0 0 0 0 0 0 0 0 0 0 0 0 0 0 0 0 0 0 0 0 0 0 0 0 0 0 0 0 0 0 0 0 0 0 0 0 0 0 0 0 0 0 0 0 0 0 0 0 0 0 0 0 0 0 0 0 1 0 0 0 0 0 0 0 0 0 0 0 0 0 0 0 0 0 0 0 0 0 0 0 0 0 0 0 0 0 0 0 0 0 0 0 0 0 0 0 0 0 0 0 0 0 0 0 0 0]
[5786862360992839376595392123863545455046264899698892512589549921028162517560333366754367042391819404470535364874169147190808143188073439284662353167231618021748838951189859680232237026973317059031871978096553363935035582395875421190907925352501763093718088409933818927316892802826011001770033882836311829966483940259829686756935031572570120286804 0 0 0 0 0 0 0 0 0 0 0 0 0 0 0 0 0 0 0 0 0 0 0 0 0 0 0 0 0 0 0 0 0 0 0 0 0 0 0 0 0 0 0 0 0 0 0 0 0 0 0 0 0 0 0 0 0 0 0 0 0 0 0 0 0 1 0 0 0 0 0 0 0 0 0 0 0 0 0 0 0 0 0 0 0 0 0 0 0 0 0 0 0 0 0 0 0 0 0 0 0 0 0 0 0 0 0 0 0 0 0 0 0 0]
[11955902557781835018849259755696489000460119134364934259434427926667846014359838156680069520270143438604624459416976345329094685418731859267719975316352345911343301941895275646965137186127998538221252432589041711347914539114665883661445651140659112331150705669738218504662818175998486135336917754105387526893557693970139400472415628512550896063328 0 0 0 0 0 0 0 0 0 0 0 0 0 0 0 0 0 0 0 0 0 0 0 0 0 0 0 0 0 0 0 0 0 0 0 0 0 0 0 0 0 0 0 0 0 0 0 0 0 0 0 0 0 0 0 0 0 0 0 0 0 0 0 0 0 0 1 0 0 0 0 0 0 0 0 0 0 0 0 0 0 0 0 0 0 0 0 0 0 0 0 0 0 0 0 0 0 0 0 0 0 0 0 0 0 0 0 0 0 0 0 0 0 0]
[488747686343629285336309126280289335584977370742165057210885412201493380060530374446753053075418239947975463668146180780333599004694941481581819229402612321491509901803224867801813932372918370383495672665505311824081605826400969950844435068329181417222482794830980952981133956211728437730127104315939807422096241222428511166176240669780726662482 0 0 0 0 0 0 0 0 0 0 0 0 0 0 0 0 0 0 0 0 0 0 0 0 0 0 0 0 0 0 0 0 0 0 0 0 0 0 0 0 0 0 0 0 0 0 0 0 0 0 0 0 0 0 0 0 0 0 0 0 0 0 0 0 0 0 0 1 0 0 0 0 0 0 0 0 0 0 0 0 0 0 0 0 0 0 0 0 0 0 0 0 0 0 0 0 0 0 0 0 0 0 0 0 0 0 0 0 0 0 0 0 0 0]
[2553924878299210373435082445787606442655916091486444817441461370922456749542199304242810414980477346697609866238854196106502076652683560047667742256455512422662033650485351675452779568309582190785704891680409356599829185787929486052567768631369040139503270307545865484406301423894915121244979708359077999883945719137655319343824665263237738176712 0 0 0 0 0 0 0 0 0 0 0 0 0 0 0 0 0 0 0 0 0 0 0 0 0 0 0 0 0 0 0 0 0 0 0 0 0 0 0 0 0 0 0 0 0 0 0 0 0 0 0 0 0 0 0 0 0 0 0 0 0 0 0 0 0 0 0 0 1 0 0 0 0 0 0 0 0 0 0 0 0 0 0 0 0 0 0 0 0 0 0 0 0 0 0 0 0 0 0 0 0 0 0 0 0 0 0 0 0 0 0 0 0 0]
[5493098615561533235731878550518402822885375305125445861083250051096140700150781722428896524603194645670615196359639623656292887999017793148900538685382314371104809243462398851868012542340118061990062563853120820523082717854463318223351179567204391366213673208276884489497209563074238687908355550429868626231415140841702681644386241820921530645489 0 0 0 0 0 0 0 0 0 0 0 0 0 0 0 0 0 0 0 0 0 0 0 0 0 0 0 0 0 0 0 0 0 0 0 0 0 0 0 0 0 0 0 0 0 0 0 0 0 0 0 0 0 0 0 0 0 0 0 0 0 0 0 0 0 0 0 0 0 1 0 0 0 0 0 0 0 0 0 0 0 0 0 0 0 0 0 0 0 0 0 0 0 0 0 0 0 0 0 0 0 0 0 0 0 0 0 0 0 0 0 0 0 0]
[6455265925489025825784456331773828515619286419099812340928220197015331135577432991208345898741552443567778810732696826692311926567056304048103759767011812238541306340972719151642292653977824216257664771708991755661930235270676943602391738200522386059190357177035985984896756594839525491652436560352737387551024295899330231029695323140331817175756 0 0 0 0 0 0 0 0 0 0 0 0 0 0 0 0 0 0 0 0 0 0 0 0 0 0 0 0 0 0 0 0 0 0 0 0 0 0 0 0 0 0 0 0 0 0 0 0 0 0 0 0 0 0 0 0 0 0 0 0 0 0 0 0 0 0 0 0 0 0 1 0 0 0 0 0 0 0 0 0 0 0 0 0 0 0 0 0 0 0 0 0 0 0 0 0 0 0 0 0 0 0 0 0 0 0 0 0 0 0 0 0 0 0]
[11628163886111522845358904629660211681928926083035483288741684601283482129221733782900043941564780892582954545570158753961536997311696199665247946411755103900423023645258762229878711181693559393572372422265037651591598233342090411976034265227733504670007638612021475637660015789343791665601099152282697098174548607379188393085849573434186234951019 0 0 0 0 0 0 0 0 0 0 0 0 0 0 0 0 0 0 0 0 0 0 0 0 0 0 0 0 0 0 0 0 0 0 0 0 0 0 0 0 0 0 0 0 0 0 0 0 0 0 0 0 0 0 0 0 0 0 0 0 0 0 0 0 0 0 0 0 0 0 0 1 0 0 0 0 0 0 0 0 0 0 0 0 0 0 0 0 0 0 0 0 0 0 0 0 0 0 0 0 0 0 0 0 0 0 0 0 0 0 0 0 0 0]
[11481812558975726723311739736835241873610546688337753972882274776209255457637726482420589287848837659957604144956371227865995660861059334240018345298520611367485148913102090962907406018894027731678921977253918414559861696345836871970728702822153753989717585712463187139099775419657959725938459786852847534777237557845355526298024136047026060993019 0 0 0 0 0 0 0 0 0 0 0 0 0 0 0 0 0 0 0 0 0 0 0 0 0 0 0 0 0 0 0 0 0 0 0 0 0 0 0 0 0 0 0 0 0 0 0 0 0 0 0 0 0 0 0 0 0 0 0 0 0 0 0 0 0 0 0 0 0 0 0 0 1 0 0 0 0 0 0 0 0 0 0 0 0 0 0 0 0 0 0 0 0 0 0 0 0 0 0 0 0 0 0 0 0 0 0 0 0 0 0 0 0 0]
[1284784935660195323272546222997722796017542686087002547484333142478537415742701232339296382852150644512815973316760897576930685359227596228437680509771369649021877993526297604950866519875607415671287882009482182359553272187200586658542627796349380655990840236626588181530759102756335681802815781594135099699637413137798536317465813499482294523403 0 0 0 0 0 0 0 0 0 0 0 0 0 0 0 0 0 0 0 0 0 0 0 0 0 0 0 0 0 0 0 0 0 0 0 0 0 0 0 0 0 0 0 0 0 0 0 0 0 0 0 0 0 0 0 0 0 0 0 0 0 0 0 0 0 0 0 0 0 0 0 0 0 1 0 0 0 0 0 0 0 0 0 0 0 0 0 0 0 0 0 0 0 0 0 0 0 0 0 0 0 0 0 0 0 0 0 0 0 0 0 0 0 0]
[11738035344554620646430757781630015999814254919667146550402523113830365674110923804345141945377031794447759428192454390242328895419653468545525416650310768480802391675924461063045260627770743009270084747843874848312284578316873392250842415894173318335762943495399035828166997110082464447470894500509794638903872511111267694110287454537630964847354 0 0 0 0 0 0 0 0 0 0 0 0 0 0 0 0 0 0 0 0 0 0 0 0 0 0 0 0 0 0 0 0 0 0 0 0 0 0 0 0 0 0 0 0 0 0 0 0 0 0 0 0 0 0 0 0 0 0 0 0 0 0 0 0 0 0 0 0 0 0 0 0 0 0 1 0 0 0 0 0 0 0 0 0 0 0 0 0 0 0 0 0 0 0 0 0 0 0 0 0 0 0 0 0 0 0 0 0 0 0 0 0 0 0]
[5758423323186309340998522118002454181945607440997332062109927864376691819696000249137367019723298755885310339415312781339673213646664905986498735598444404636208984382746346792608820652871174877297956198843034359701329325929984209141788514820861466008588354316695999146720468871396887922895707283006537606056102727060389591172143453847303127902928 0 0 0 0 0 0 0 0 0 0 0 0 0 0 0 0 0 0 0 0 0 0 0 0 0 0 0 0 0 0 0 0 0 0 0 0 0 0 0 0 0 0 0 0 0 0 0 0 0 0 0 0 0 0 0 0 0 0 0 0 0 0 0 0 0 0 0 0 0 0 0 0 0 0 0 1 0 0 0 0 0 0 0 0 0 0 0 0 0 0 0 0 0 0 0 0 0 0 0 0 0 0 0 0 0 0 0 0 0 0 0 0 0 0]
[6121342210364981506408770349766951659996898841973668975242855859612670576332751968053275619053834625850280582209329082235860142647705336507517308944452358689862356070808003739161854912876294574792534672835278089136729761928139584660993411285465344999228678540053379878780066677652251347197037576160317918289269902583305754622082773180756858253981 0 0 0 0 0 0 0 0 0 0 0 0 0 0 0 0 0 0 0 0 0 0 0 0 0 0 0 0 0 0 0 0 0 0 0 0 0 0 0 0 0 0 0 0 0 0 0 0 0 0 0 0 0 0 0 0 0 0 0 0 0 0 0 0 0 0 0 0 0 0 0 0 0 0 0 0 1 0 0 0 0 0 0 0 0 0 0 0 0 0 0 0 0 0 0 0 0 0 0 0 0 0 0 0 0 0 0 0 0 0 0 0 0 0]
[2151206643836649419859307501213234993579950005020660533416251155697460936389241953395309831344614779585833031000745329432447784798755003779005621193221495191779960283690440399850667053873843962477042752875202526923105445629627386424619671552280611389037064247764159405670022852441335503288303613272311250425024084892712387555168431256396718492645 0 0 0 0 0 0 0 0 0 0 0 0 0 0 0 0 0 0 0 0 0 0 0 0 0 0 0 0 0 0 0 0 0 0 0 0 0 0 0 0 0 0 0 0 0 0 0 0 0 0 0 0 0 0 0 0 0 0 0 0 0 0 0 0 0 0 0 0 0 0 0 0 0 0 0 0 0 1 0 0 0 0 0 0 0 0 0 0 0 0 0 0 0 0 0 0 0 0 0 0 0 0 0 0 0 0 0 0 0 0 0 0 0 0]
[3154720815386894612700999800540120461651416277538338693162080446342207652486844257713095789981746733532377877267843227013974989932423748003049931314478751496617902025124147926464075146459381080874604421754576921754476920188886025145877365911725071866760102813583974654155995211441457530152811510256573535875088194673617588463035642248234491996828 0 0 0 0 0 0 0 0 0 0 0 0 0 0 0 0 0 0 0 0 0 0 0 0 0 0 0 0 0 0 0 0 0 0 0 0 0 0 0 0 0 0 0 0 0 0 0 0 0 0 0 0 0 0 0 0 0 0 0 0 0 0 0 0 0 0 0 0 0 0 0 0 0 0 0 0 0 0 1 0 0 0 0 0 0 0 0 0 0 0 0 0 0 0 0 0 0 0 0 0 0 0 0 0 0 0 0 0 0 0 0 0 0 0]
[11903192141478927132078618990214866739653509512873876886551803558662631873108615382554785933794437536824217846031657839434668090568400535570882043785619800286133396958833109445832585423587725722303330748203290426533241308161156557982037213379789528516312729346946662081495727042310789860390012472567684537157131862687902286773592985717543904993484 0 0 0 0 0 0 0 0 0 0 0 0 0 0 0 0 0 0 0 0 0 0 0 0 0 0 0 0 0 0 0 0 0 0 0 0 0 0 0 0 0 0 0 0 0 0 0 0 0 0 0 0 0 0 0 0 0 0 0 0 0 0 0 0 0 0 0 0 0 0 0 0 0 0 0 0 0 0 0 1 0 0 0 0 0 0 0 0 0 0 0 0 0 0 0 0 0 0 0 0 0 0 0 0 0 0 0 0 0 0 0 0 0 0]
[2987191323559221199400571946350331446792310813432542554619832339165101097169812465981437052169088295631376375053473087823602854927556471777013198399011440698993517204417730076539689896472776562978398766036990427721475336559476647582969228926588969151575660369056966369057717345033495829112943740119088253566994589948756927067507708877016268536772 0 0 0 0 0 0 0 0 0 0 0 0 0 0 0 0 0 0 0 0 0 0 0 0 0 0 0 0 0 0 0 0 0 0 0 0 0 0 0 0 0 0 0 0 0 0 0 0 0 0 0 0 0 0 0 0 0 0 0 0 0 0 0 0 0 0 0 0 0 0 0 0 0 0 0 0 0 0 0 0 1 0 0 0 0 0 0 0 0 0 0 0 0 0 0 0 0 0 0 0 0 0 0 0 0 0 0 0 0 0 0 0 0 0]
[7910765114466659115038773223493226848007049859000282231386256105833694186404265082680690735486514636978106462955664018301993875060831524616543489022538588236609553298775445116275412518241432565882924882110372228438124667714456618204348366710793680198087760303935254624944464796020201597386919219763084366284147710578112503965356881466918707761260 0 0 0 0 0 0 0 0 0 0 0 0 0 0 0 0 0 0 0 0 0 0 0 0 0 0 0 0 0 0 0 0 0 0 0 0 0 0 0 0 0 0 0 0 0 0 0 0 0 0 0 0 0 0 0 0 0 0 0 0 0 0 0 0 0 0 0 0 0 0 0 0 0 0 0 0 0 0 0 0 0 1 0 0 0 0 0 0 0 0 0 0 0 0 0 0 0 0 0 0 0 0 0 0 0 0 0 0 0 0 0 0 0 0]
[10330429620952205051515119266994512696790044504317752228188586277825770352174709454194635380266353498575892973747136411103008464268540705223665132342826187735942244427815999375792414735575420316536368077396262110950975122871587911317554820789446373373677264101100297988148656035574229886711079785614229358804767467659386615987927618065165266507415 0 0 0 0 0 0 0 0 0 0 0 0 0 0 0 0 0 0 0 0 0 0 0 0 0 0 0 0 0 0 0 0 0 0 0 0 0 0 0 0 0 0 0 0 0 0 0 0 0 0 0 0 0 0 0 0 0 0 0 0 0 0 0 0 0 0 0 0 0 0 0 0 0 0 0 0 0 0 0 0 0 0 1 0 0 0 0 0 0 0 0 0 0 0 0 0 0 0 0 0 0 0 0 0 0 0 0 0 0 0 0 0 0 0]
[4280339359075558341200555353518683946498110400995960232168027219106322068652741920515654119476754064476807450540333185242980555422752166276390832118315879033290733233449855111566967449108544873129501357334745588162441508983568579798038707506574976542546188095573187802343486591116989915810141745450017247760981551907959943141896955552128883928033 0 0 0 0 0 0 0 0 0 0 0 0 0 0 0 0 0 0 0 0 0 0 0 0 0 0 0 0 0 0 0 0 0 0 0 0 0 0 0 0 0 0 0 0 0 0 0 0 0 0 0 0 0 0 0 0 0 0 0 0 0 0 0 0 0 0 0 0 0 0 0 0 0 0 0 0 0 0 0 0 0 0 0 1 0 0 0 0 0 0 0 0 0 0 0 0 0 0 0 0 0 0 0 0 0 0 0 0 0 0 0 0 0 0]
[9111262284834164557736887515356221531528071768982918019686158447532702818563403594806945865611151616080688615977487828088949154163381966501534239171748336418838758965085956832366362275065791052712490012024731600762828153900889956632719455923283327071414489719895288366174892928910491708738504542841075976775980704067502163543792157815311204203055 0 0 0 0 0 0 0 0 0 0 0 0 0 0 0 0 0 0 0 0 0 0 0 0 0 0 0 0 0 0 0 0 0 0 0 0 0 0 0 0 0 0 0 0 0 0 0 0 0 0 0 0 0 0 0 0 0 0 0 0 0 0 0 0 0 0 0 0 0 0 0 0 0 0 0 0 0 0 0 0 0 0 0 0 1 0 0 0 0 0 0 0 0 0 0 0 0 0 0 0 0 0 0 0 0 0 0 0 0 0 0 0 0 0]
[9957563282819469792095251514934729094619326822446289846199481432232753285194468851452898023618668566459536020666626684228292080860540699016854996947289436348594393649690654452577884954121033448675552070906053670267765054303943285146673657850883325857935567799890316793091873590042589955356730806543537002686552742314163171083429822996020874622895 0 0 0 0 0 0 0 0 0 0 0 0 0 0 0 0 0 0 0 0 0 0 0 0 0 0 0 0 0 0 0 0 0 0 0 0 0 0 0 0 0 0 0 0 0 0 0 0 0 0 0 0 0 0 0 0 0 0 0 0 0 0 0 0 0 0 0 0 0 0 0 0 0 0 0 0 0 0 0 0 0 0 0 0 0 1 0 0 0 0 0 0 0 0 0 0 0 0 0 0 0 0 0 0 0 0 0 0 0 0 0 0 0 0]
[4134100317290250218549912997784019650352743389362077617377616993851762450482534995412811632309013292515583516175513576072311316693485480586948080468178812431129545306817139571422954660438258067911264882523319967439726772119309444354849885811209632310047626367567714086701698531462060364805473549133532016215587276229181277080751383880806550416594 0 0 0 0 0 0 0 0 0 0 0 0 0 0 0 0 0 0 0 0 0 0 0 0 0 0 0 0 0 0 0 0 0 0 0 0 0 0 0 0 0 0 0 0 0 0 0 0 0 0 0 0 0 0 0 0 0 0 0 0 0 0 0 0 0 0 0 0 0 0 0 0 0 0 0 0 0 0 0 0 0 0 0 0 0 0 1 0 0 0 0 0 0 0 0 0 0 0 0 0 0 0 0 0 0 0 0 0 0 0 0 0 0 0]
[2989655903755092518419777972394136479357329308288899292829710049913397772403500745457277148497106680721677398555843729300999151760499770443469437010601204522431586368372915464648670363838842593843184744755952385655560746382190665906292352969710634505049394672620615900687562002509049119548121175547496191756565024324020567796093453796413378509873 0 0 0 0 0 0 0 0 0 0 0 0 0 0 0 0 0 0 0 0 0 0 0 0 0 0 0 0 0 0 0 0 0 0 0 0 0 0 0 0 0 0 0 0 0 0 0 0 0 0 0 0 0 0 0 0 0 0 0 0 0 0 0 0 0 0 0 0 0 0 0 0 0 0 0 0 0 0 0 0 0 0 0 0 0 0 0 1 0 0 0 0 0 0 0 0 0 0 0 0 0 0 0 0 0 0 0 0 0 0 0 0 0 0]
[5801498902844611370024190919105684662648128303693420925202573089808840652657167086503137848201470950544744057550536220147628316196164398721005678570728596753956053948757443332033573492121872975895640809191162433372733489535412697482922790648253739704998071800313582530713246564553842752043036055059540146961747553916058189956592544685387445486561 0 0 0 0 0 0 0 0 0 0 0 0 0 0 0 0 0 0 0 0 0 0 0 0 0 0 0 0 0 0 0 0 0 0 0 0 0 0 0 0 0 0 0 0 0 0 0 0 0 0 0 0 0 0 0 0 0 0 0 0 0 0 0 0 0 0 0 0 0 0 0 0 0 0 0 0 0 0 0 0 0 0 0 0 0 0 0 0 1 0 0 0 0 0 0 0 0 0 0 0 0 0 0 0 0 0 0 0 0 0 0 0 0 0]
[4968927893003008907091260115072967494320720144152832514061410747703198225885390147328347319724299050642264928570829439592079604548192189964675128787801041489963417397940971745330007611184698834873615781110912277367479446558682972871272308119157612819754632758673252726001468330820040637914316557504741213441926793453751347655766165135741205488351 0 0 0 0 0 0 0 0 0 0 0 0 0 0 0 0 0 0 0 0 0 0 0 0 0 0 0 0 0 0 0 0 0 0 0 0 0 0 0 0 0 0 0 0 0 0 0 0 0 0 0 0 0 0 0 0 0 0 0 0 0 0 0 0 0 0 0 0 0 0 0 0 0 0 0 0 0 0 0 0 0 0 0 0 0 0 0 0 0 1 0 0 0 0 0 0 0 0 0 0 0 0 0 0 0 0 0 0 0 0 0 0 0 0]
[11799436439489266210727029565783440289430926013523285694783764915938221176093304042586367941348398027545168117490753334994976479386578444331269035261925319763905526622127809297216136047172748910869956488415461208024087434565254416574388462858753585557598258348806252434439921751352695540269422119418815767229070496042365954818974112262496461689300 0 0 0 0 0 0 0 0 0 0 0 0 0 0 0 0 0 0 0 0 0 0 0 0 0 0 0 0 0 0 0 0 0 0 0 0 0 0 0 0 0 0 0 0 0 0 0 0 0 0 0 0 0 0 0 0 0 0 0 0 0 0 0 0 0 0 0 0 0 0 0 0 0 0 0 0 0 0 0 0 0 0 0 0 0 0 0 0 0 0 1 0 0 0 0 0 0 0 0 0 0 0 0 0 0 0 0 0 0 0 0 0 0 0]
[10701333873668631050301647312580950552737880878896679636636860204511230243267778198898235101078879544273878764223704132737251893570142852099913321355767766752719569111132209204540353998741373380272517585761137687441310937010426560056004620916520514943616440399638885572805522978376067597356977070709489440081113502877255856022085072829941272321760 0 0 0 0 0 0 0 0 0 0 0 0 0 0 0 0 0 0 0 0 0 0 0 0 0 0 0 0 0 0 0 0 0 0 0 0 0 0 0 0 0 0 0 0 0 0 0 0 0 0 0 0 0 0 0 0 0 0 0 0 0 0 0 0 0 0 0 0 0 0 0 0 0 0 0 0 0 0 0 0 0 0 0 0 0 0 0 0 0 0 0 1 0 0 0 0 0 0 0 0 0 0 0 0 0 0 0 0 0 0 0 0 0 0]
[6199532757736533918767278890697476204054991938336755046852636212656121094199595799294194656664830234145103236940101838485549846540357266181672321763749574451001493250935971453515355686992882946132978431886432055950864677601951437828128747534939000718919832315064492131085634571540352535806707628392051231352272971853397855504195559658633172414501 0 0 0 0 0 0 0 0 0 0 0 0 0 0 0 0 0 0 0 0 0 0 0 0 0 0 0 0 0 0 0 0 0 0 0 0 0 0 0 0 0 0 0 0 0 0 0 0 0 0 0 0 0 0 0 0 0 0 0 0 0 0 0 0 0 0 0 0 0 0 0 0 0 0 0 0 0 0 0 0 0 0 0 0 0 0 0 0 0 0 0 0 1 0 0 0 0 0 0 0 0 0 0 0 0 0 0 0 0 0 0 0 0 0]
[9874358095721958785005774130351112492986688865753839441773840886140843860518353816653620950040914462433853392324892106577360087420897402459938465334947352970387971259272834920080045766878714512247742024829376870117325780378726975207372517043271369442029624185411720394117247088447412316371260992335586207213733751808135891697005781486680447538982 0 0 0 0 0 0 0 0 0 0 0 0 0 0 0 0 0 0 0 0 0 0 0 0 0 0 0 0 0 0 0 0 0 0 0 0 0 0 0 0 0 0 0 0 0 0 0 0 0 0 0 0 0 0 0 0 0 0 0 0 0 0 0 0 0 0 0 0 0 0 0 0 0 0 0 0 0 0 0 0 0 0 0 0 0 0 0 0 0 0 0 0 0 1 0 0 0 0 0 0 0 0 0 0 0 0 0 0 0 0 0 0 0 0]
[2291524492517489378017944047036132579121834761476452100605563958026326882369447111789223385873383889407248668947405718054932891476525339129861911833656869013716779084832645403169764226426521666347904539260585344875987629568490579421526929231496578119156540780551368702530349162992307945453348583970819871115869489765764215787391141663440351373255 0 0 0 0 0 0 0 0 0 0 0 0 0 0 0 0 0 0 0 0 0 0 0 0 0 0 0 0 0 0 0 0 0 0 0 0 0 0 0 0 0 0 0 0 0 0 0 0 0 0 0 0 0 0 0 0 0 0 0 0 0 0 0 0 0 0 0 0 0 0 0 0 0 0 0 0 0 0 0 0 0 0 0 0 0 0 0 0 0 0 0 0 0 0 1 0 0 0 0 0 0 0 0 0 0 0 0 0 0 0 0 0 0 0]
[2311768606084028689173871165737757053436869852122452800692444179105790067451850372255275085157161199818981105563641974218397689588358864363331998022077845532478239369449275150567881410788187650355691027269285679899542635063955772079754117387859894769904285587525611369269743363346616126982621278320240625188472224476077754611679734294613924024411 0 0 0 0 0 0 0 0 0 0 0 0 0 0 0 0 0 0 0 0 0 0 0 0 0 0 0 0 0 0 0 0 0 0 0 0 0 0 0 0 0 0 0 0 0 0 0 0 0 0 0 0 0 0 0 0 0 0 0 0 0 0 0 0 0 0 0 0 0 0 0 0 0 0 0 0 0 0 0 0 0 0 0 0 0 0 0 0 0 0 0 0 0 0 0 1 0 0 0 0 0 0 0 0 0 0 0 0 0 0 0 0 0 0]
[6518732686576481043833375598192886350379673966619608741353729542426530454273692168788509432552299136076268479779729850392560283961215302942580235969431417048913594597802646240460640274183362361306168263529761279711199095506341929751586776532245079310374931571529617562387901418788798005179162450501210798418048983849264969295542450903350093155959 0 0 0 0 0 0 0 0 0 0 0 0 0 0 0 0 0 0 0 0 0 0 0 0 0 0 0 0 0 0 0 0 0 0 0 0 0 0 0 0 0 0 0 0 0 0 0 0 0 0 0 0 0 0 0 0 0 0 0 0 0 0 0 0 0 0 0 0 0 0 0 0 0 0 0 0 0 0 0 0 0 0 0 0 0 0 0 0 0 0 0 0 0 0 0 0 1 0 0 0 0 0 0 0 0 0 0 0 0 0 0 0 0 0]
[9148311952324539763891746564460237270490018682673507723620673172137662196199006990683526319462569619595118179900864842609294550410889374131865613034865563688066593233967458356459874689474098899802836606873244285205476190111749080562357690061647141821705865791565702819315168894627869677293543429830349608245133988367315725927839192607222091201581 0 0 0 0 0 0 0 0 0 0 0 0 0 0 0 0 0 0 0 0 0 0 0 0 0 0 0 0 0 0 0 0 0 0 0 0 0 0 0 0 0 0 0 0 0 0 0 0 0 0 0 0 0 0 0 0 0 0 0 0 0 0 0 0 0 0 0 0 0 0 0 0 0 0 0 0 0 0 0 0 0 0 0 0 0 0 0 0 0 0 0 0 0 0 0 0 0 1 0 0 0 0 0 0 0 0 0 0 0 0 0 0 0 0]
[5749018536287557500854890154077342180125160471009378434025366605439688387376682301955084405128011359831135240885851636540254668022404751462927862409744395708852121891063724675791641502189015889478569450331482779973711595161872094346703504278683562071630752930475605211464591073578593645130442078043175196225894225021788029178061352063610038756237 0 0 0 0 0 0 0 0 0 0 0 0 0 0 0 0 0 0 0 0 0 0 0 0 0 0 0 0 0 0 0 0 0 0 0 0 0 0 0 0 0 0 0 0 0 0 0 0 0 0 0 0 0 0 0 0 0 0 0 0 0 0 0 0 0 0 0 0 0 0 0 0 0 0 0 0 0 0 0 0 0 0 0 0 0 0 0 0 0 0 0 0 0 0 0 0 0 0 1 0 0 0 0 0 0 0 0 0 0 0 0 0 0 0]
[6254309588475723996406904718266272567560573764657801602639808623770146756407187181859931590006050634373037851577611557608856621471801479468119557017345176615283753465042796676515312773741421471243389891144508736685521527535921042258393825101443037978007408376181365915083128846923241416735763812350997943659104616615709201385786560130931352692343 0 0 0 0 0 0 0 0 0 0 0 0 0 0 0 0 0 0 0 0 0 0 0 0 0 0 0 0 0 0 0 0 0 0 0 0 0 0 0 0 0 0 0 0 0 0 0 0 0 0 0 0 0 0 0 0 0 0 0 0 0 0 0 0 0 0 0 0 0 0 0 0 0 0 0 0 0 0 0 0 0 0 0 0 0 0 0 0 0 0 0 0 0 0 0 0 0 0 0 1 0 0 0 0 0 0 0 0 0 0 0 0 0 0]
[8695116276293109213986968856396499148625004221631191981811057492540950213694752286656600887792143244749610066633546997942981039357074484428216936669246784176723025594082914883107404441483214506683308211985455312017865742965211316455238749568678046031353188312243985294752809222901177925570632710209703673801433022768527231457274669027497323589431 0 0 0 0 0 0 0 0 0 0 0 0 0 0 0 0 0 0 0 0 0 0 0 0 0 0 0 0 0 0 0 0 0 0 0 0 0 0 0 0 0 0 0 0 0 0 0 0 0 0 0 0 0 0 0 0 0 0 0 0 0 0 0 0 0 0 0 0 0 0 0 0 0 0 0 0 0 0 0 0 0 0 0 0 0 0 0 0 0 0 0 0 0 0 0 0 0 0 0 0 1 0 0 0 0 0 0 0 0 0 0 0 0 0]
[644811750060599569254574802540365767413435183162685070305869856549449474921212583663739715335808267478494079693172106690992606056637767945880239706312310958702527285286464846041391624012375868512755382720808328456906852223114000783315616090625042117542636428818182624152283474061854140514364660933491714281484217499371778189819754428152217735434 0 0 0 0 0 0 0 0 0 0 0 0 0 0 0 0 0 0 0 0 0 0 0 0 0 0 0 0 0 0 0 0 0 0 0 0 0 0 0 0 0 0 0 0 0 0 0 0 0 0 0 0 0 0 0 0 0 0 0 0 0 0 0 0 0 0 0 0 0 0 0 0 0 0 0 0 0 0 0 0 0 0 0 0 0 0 0 0 0 0 0 0 0 0 0 0 0 0 0 0 0 1 0 0 0 0 0 0 0 0 0 0 0 0]
[9495657140441499346663729165634435032092484948831790501973895301355462534236978693074545331801724987342579770622928017108065189450819509505991257685613079175340379330350193986975989888948463060052022463476696254833166279352237565971356556654290953473762001073661306264197236129602553603250647724081269998875312738920193234458962284855930504005570 0 0 0 0 0 0 0 0 0 0 0 0 0 0 0 0 0 0 0 0 0 0 0 0 0 0 0 0 0 0 0 0 0 0 0 0 0 0 0 0 0 0 0 0 0 0 0 0 0 0 0 0 0 0 0 0 0 0 0 0 0 0 0 0 0 0 0 0 0 0 0 0 0 0 0 0 0 0 0 0 0 0 0 0 0 0 0 0 0 0 0 0 0 0 0 0 0 0 0 0 0 0 1 0 0 0 0 0 0 0 0 0 0 0]
[9090979926982765558142751319285683346824118382084090862596587266094233065254365081626184297747175577263446538439010069966065562487631949147501760865064932102696589787659329273337554936609648808617415481891902481366179506140827438766117887798396583320327905545510066448684619593481137606067555427857289794401571434996936570209548709493178432840152 0 0 0 0 0 0 0 0 0 0 0 0 0 0 0 0 0 0 0 0 0 0 0 0 0 0 0 0 0 0 0 0 0 0 0 0 0 0 0 0 0 0 0 0 0 0 0 0 0 0 0 0 0 0 0 0 0 0 0 0 0 0 0 0 0 0 0 0 0 0 0 0 0 0 0 0 0 0 0 0 0 0 0 0 0 0 0 0 0 0 0 0 0 0 0 0 0 0 0 0 0 0 0 1 0 0 0 0 0 0 0 0 0 0]
[8053878101203049163399070950081940553810388147170184230953617022354759564913374248694852949681533604331498385850499197742865352355566076950294405648666897548905007690246558376383598969300031984543360178944760091847920951034428053672033284690127750702766389844849621087174455846579248599628736400271391250262667255677209496634733706890402913705051 0 0 0 0 0 0 0 0 0 0 0 0 0 0 0 0 0 0 0 0 0 0 0 0 0 0 0 0 0 0 0 0 0 0 0 0 0 0 0 0 0 0 0 0 0 0 0 0 0 0 0 0 0 0 0 0 0 0 0 0 0 0 0 0 0 0 0 0 0 0 0 0 0 0 0 0 0 0 0 0 0 0 0 0 0 0 0 0 0 0 0 0 0 0 0 0 0 0 0 0 0 0 0 0 1 0 0 0 0 0 0 0 0 0]
[5986004261844327708625497595793128415529360263772393381926656407024675661786160695200755261192753928995985053763157089688100098354973020191563849965054211783112517394682311090240435193178933816361332828504070583699421531290356017038197102056928259690946292635577114687318160424391170992351567063573027200975569107167954449514238657387167350588808 0 0 0 0 0 0 0 0 0 0 0 0 0 0 0 0 0 0 0 0 0 0 0 0 0 0 0 0 0 0 0 0 0 0 0 0 0 0 0 0 0 0 0 0 0 0 0 0 0 0 0 0 0 0 0 0 0 0 0 0 0 0 0 0 0 0 0 0 0 0 0 0 0 0 0 0 0 0 0 0 0 0 0 0 0 0 0 0 0 0 0 0 0 0 0 0 0 0 0 0 0 0 0 0 0 1 0 0 0 0 0 0 0 0]
[1200379301918742039578823352158502928978407703268034560626739624231063598638637487542184881440475343449020482025809474146039435402378010564848117472527238758263195709570925130219272935468450090566753407662299180514427193321390731838696121354760824603955107729502129531502570323305704436708900250329998935937518066145456302656375174338688603517794 0 0 0 0 0 0 0 0 0 0 0 0 0 0 0 0 0 0 0 0 0 0 0 0 0 0 0 0 0 0 0 0 0 0 0 0 0 0 0 0 0 0 0 0 0 0 0 0 0 0 0 0 0 0 0 0 0 0 0 0 0 0 0 0 0 0 0 0 0 0 0 0 0 0 0 0 0 0 0 0 0 0 0 0 0 0 0 0 0 0 0 0 0 0 0 0 0 0 0 0 0 0 0 0 0 0 1 0 0 0 0 0 0 0]
[11836942216149998076779187786755701387188596276911016487512399291027875207005281283571323549868293781514781320320865709426536335133455090487313404824314799181145246195244267506033421238338889414074272493801324460747347105237189314407362994146502462111526246778192178755068257343544365056242177824905484506466445223904369854879938219338992876646452 0 0 0 0 0 0 0 0 0 0 0 0 0 0 0 0 0 0 0 0 0 0 0 0 0 0 0 0 0 0 0 0 0 0 0 0 0 0 0 0 0 0 0 0 0 0 0 0 0 0 0 0 0 0 0 0 0 0 0 0 0 0 0 0 0 0 0 0 0 0 0 0 0 0 0 0 0 0 0 0 0 0 0 0 0 0 0 0 0 0 0 0 0 0 0 0 0 0 0 0 0 0 0 0 0 0 0 1 0 0 0 0 0 0]
[11933529549860756502958895853352728243943052958361418731464055468469436652164820148631052250748608770081019264056738679468270773753351764732544506512850135435508012165952029405121670384694800384494711773775679894968844801767612720513841964318002324509675659471796698122390672344843332788396291581224091290022238201475966166729379711253635355733175 0 0 0 0 0 0 0 0 0 0 0 0 0 0 0 0 0 0 0 0 0 0 0 0 0 0 0 0 0 0 0 0 0 0 0 0 0 0 0 0 0 0 0 0 0 0 0 0 0 0 0 0 0 0 0 0 0 0 0 0 0 0 0 0 0 0 0 0 0 0 0 0 0 0 0 0 0 0 0 0 0 0 0 0 0 0 0 0 0 0 0 0 0 0 0 0 0 0 0 0 0 0 0 0 0 0 0 0 1 0 0 0 0 0]
[2880993249221292682655907352275667315348829650518828805565890203512678174997910731101984368220831742717999833501781541240497994033783879051963437953183887377943526837275075538161041950013831283583835538833463483954841035692043270911021190674602387605657395934182685163355753383150062919735931115722201702533608752962048423185606139469100587065887 0 0 0 0 0 0 0 0 0 0 0 0 0 0 0 0 0 0 0 0 0 0 0 0 0 0 0 0 0 0 0 0 0 0 0 0 0 0 0 0 0 0 0 0 0 0 0 0 0 0 0 0 0 0 0 0 0 0 0 0 0 0 0 0 0 0 0 0 0 0 0 0 0 0 0 0 0 0 0 0 0 0 0 0 0 0 0 0 0 0 0 0 0 0 0 0 0 0 0 0 0 0 0 0 0 0 0 0 0 1 0 0 0 0]
[10911024936482592164207676296188084034859723207558448956920656090482764528294523914499244793376886333342852513960946258790304498803640550723384066495574458465943712470677408314123444608960076506288635527175146484684257245762746539764645110579594080153506877154657632416102200241943617294886911244244590852703737772327303386233573603390309800839992 0 0 0 0 0 0 0 0 0 0 0 0 0 0 0 0 0 0 0 0 0 0 0 0 0 0 0 0 0 0 0 0 0 0 0 0 0 0 0 0 0 0 0 0 0 0 0 0 0 0 0 0 0 0 0 0 0 0 0 0 0 0 0 0 0 0 0 0 0 0 0 0 0 0 0 0 0 0 0 0 0 0 0 0 0 0 0 0 0 0 0 0 0 0 0 0 0 0 0 0 0 0 0 0 0 0 0 0 0 0 1 0 0 0]
[2010439537595544479280718985636127445183898223678249209802504503658097521001960716611105435663465487486079015025730546068073121199813800369582742628040020040505300101215944403356549655013214482436547730268596519481371170369928252782681453985863032340444935227980772777663273676359221898318378372212298634551508467643642328859526086277674903525956 0 0 0 0 0 0 0 0 0 0 0 0 0 0 0 0 0 0 0 0 0 0 0 0 0 0 0 0 0 0 0 0 0 0 0 0 0 0 0 0 0 0 0 0 0 0 0 0 0 0 0 0 0 0 0 0 0 0 0 0 0 0 0 0 0 0 0 0 0 0 0 0 0 0 0 0 0 0 0 0 0 0 0 0 0 0 0 0 0 0 0 0 0 0 0 0 0 0 0 0 0 0 0 0 0 0 0 0 0 0 0 1 0 0]
[1746531628014119702644387618655811127452068619792406209087560082845194413397369983987961911806026306950310560588956932143916628654583953329640494480221376778718346824696198337347532610726934118804002348571088941713811591865208152900953492581996956455780657385522301879515739874345205829988039507289327742037497374661022495613362953868369365127169 0 0 0 0 0 0 0 0 0 0 0 0 0 0 0 0 0 0 0 0 0 0 0 0 0 0 0 0 0 0 0 0 0 0 0 0 0 0 0 0 0 0 0 0 0 0 0 0 0 0 0 0 0 0 0 0 0 0 0 0 0 0 0 0 0 0 0 0 0 0 0 0 0 0 0 0 0 0 0 0 0 0 0 0 0 0 0 0 0 0 0 0 0 0 0 0 0 0 0 0 0 0 0 0 0 0 0 0 0 0 0 0 1 0]
[741231131212700685374462317413849194444808103864900909197000170241453819562370723959378168370732308821886201987340198789419361504897341262438157581481293171178656383673367710170662535247498588941071894708885849887411100484946282998901081880960788302720516098250281736687659302497215388422194817578668623116406785239719676459395025368349836432309 0 0 0 0 0 0 0 0 0 0 0 0 0 0 0 0 0 0 0 0 0 0 0 0 0 0 0 0 0 0 0 0 0 0 0 0 0 0 0 0 0 0 0 0 0 0 0 0 0 0 0 0 0 0 0 0 0 0 0 0 0 0 0 0 0 0 0 0 0 0 0 0 0 0 0 0 0 0 0 0 0 0 0 0 0 0 0 0 0 0 0 0 0 0 0 0 0 0 0 0 0 0 0 0 0 0 0 0 0 0 0 0 0 1]
]
