[[10206147454060371773979174647640986022048203750009796528427656989414632065775913218595046394368150153395532080655297112662627427984775740144677144751830016044776821121263088605288881742519272501647120375180135426747338019725440569466746530847477938462612200999819502830906202677001339933084149201173031624659553763503752912544756968390270801963377 0 0 0 0 0 0 0 0 0 0 0 0 0 0 0 0 0 0 0 0 0 0 0 0 0 0 0 0 0 0 0 0 0 0 0 0 0 0 0 0 0 0 0 0 0 0 0 0 0 0 0 0 0 0 0 0 0 0 0 0 0 0 0 0 0 0 0 0 0 0 0 0 0 0 0 0 0 0 0 0 0 0 0 0 0 0 0 0 0 0 0 0 0 0 0 0 0 0 0 0 0 0 0 0 0 0 0 0 0 0 0 0 0 0]
[452816220572337885472691468959857302128529564203973090612070615023754185488622034119885544141973369273249508042259031810782181453320591687875074799574437976870746318487636400199079708533750443724938719160385387572638741684510582233328673313598749822927179403325919602657041407348116256813243322743934045767801195376087791664088122761666014747215 1 0 0 0 0 0 0 0 0 0 0 0 0 0 0 0 0 0 0 0 0 0 0 0 0 0 0 0 0 0 0 0 0 0 0 0 0 0 0 0 0 0 0 0 0 0 0 0 0 0 0 0 0 0 0 0 0 0 0 0 0 0 0 0 0 0 0 0 0 0 0 0 0 0 0 0 0 0 0 0 0 0 0 0 0 0 0 0 0 0 0 0 0 0 0 0 0 0 0 0 0 0 0 0 0 0 0 0 0 0 0 0 0 0]
[5724040388404623658113789398038121794563093874935397165377233313582659692790036199023467844230107156566936924575905277471647865911005356876484798762167963841142588256939081953401703437594693068394661038924379262175270960971520264419239044288610654081741054781774223037372271104753843239269642362507783179704648116341366136630177460554678080979378 0 1 0 0 0 0 0 0 0 0 0 0 0 0 0 0 0 0 0 0 0 0 0 0 0 0 0 0 0 0 0 0 0 0 0 0 0 0 0 0 0 0 0 0 0 0 0 0 0 0 0 0 0 0 0 0 0 0 0 0 0 0 0 0 0 0 0 0 0 0 0 0 0 0 0 0 0 0 0 0 0 0 0 0 0 0 0 0 0 0 0 0 0 0 0 0 0 0 0 0 0 0 0 0 0 0 0 0 0 0 0 0 0 0]
[8502017567452675861121571682575513653277743890109576872484997406212694722154591858911997817599801730842496231057836892121843345575323623791435792082604723218799903718374425737778800093097580073040734428109705417750989617345823299489530736064028558528741675629524160221650351074907253090162639997532962105383215507365761884708815817061312778711225 0 0 1 0 0 0 0 0 0 0 0 0 0 0 0 0 0 0 0 0 0 0 0 0 0 0 0 0 0 0 0 0 0 0 0 0 0 0 0 0 0 0 0 0 0 0 0 0 0 0 0 0 0 0 0 0 0 0 0 0 0 0 0 0 0 0 0 0 0 0 0 0 0 0 0 0 0 0 0 0 0 0 0 0 0 0 0 0 0 0 0 0 0 0 0 0 0 0 0 0 0 0 0 0 0 0 0 0 0 0 0 0 0 0]
[9215355161740405669876429507703247483447854897880810206491552359234241871436905217854816593445360652298385798495353393665020932195517793217761146062723463933920833247329074515652362799945544977130649892570837202733345574567578702653544166962712653040907297331647311571162534862456059895492122083460871933087796912790773036021233144964588871905715 0 0 0 1 0 0 0 0 0 0 0 0 0 0 0 0 0 0 0 0 0 0 0 0 0 0 0 0 0 0 0 0 0 0 0 0 0 0 0 0 0 0 0 0 0 0 0 0 0 0 0 0 0 0 0 0 0 0 0 0 0 0 0 0 0 0 0 0 0 0 0 0 0 0 0 0 0 0 0 0 0 0 0 0 0 0 0 0 0 0 0 0 0 0 0 0 0 0 0 0 0 0 0 0 0 0 0 0 0 0 0 0 0 0]
[6571975334530442650265553418415257304483561193634344663766223175709060622631826795284472339637610171896348442721341397768032681021269071583731861239581728625654578111452355681984384586284526103215429019372972850299020885970061505532372939803653455109701221323330460620519416980775464888092444569473413746784095086849054855844945505288703312009293 0 0 0 0 1 0 0 0 0 0 0 0 0 0 0 0 0 0 0 0 0 0 0 0 0 0 0 0 0 0 0 0 0 0 0 0 0 0 0 0 0 0 0 0 0 0 0 0 0 0 0 0 0 0 0 0 0 0 0 0 0 0 0 0 0 0 0 0 0 0 0 0 0 0 0 0 0 0 0 0 0 0 0 0 0 0 0 0 0 0 0 0 0 0 0 0 0 0 0 0 0 0 0 0 0 0 0 0 0 0 0 0 0 0]
[6175779548426639559761363201088118380369334386592330870689749749069815180420169857756021898689523624517641981168634586196503591388716437448059237226049080262504826079164651103371517291607160024475645172124625681783776849852542104470275079314145238195611364758557097684673706174582426011340944552495458484996967702858038674863194628508916725517102 0 0 0 0 0 1 0 0 0 0 0 0 0 0 0 0 0 0 0 0 0 0 0 0 0 0 0 0 0 0 0 0 0 0 0 0 0 0 0 0 0 0 0 0 0 0 0 0 0 0 0 0 0 0 0 0 0 0 0 0 0 0 0 0 0 0 0 0 0 0 0 0 0 0 0 0 0 0 0 0 0 0 0 0 0 0 0 0 0 0 0 0 0 0 0 0 0 0 0 0 0 0 0 0 0 0 0 0 0 0 0 0 0 0]
[1426620780835920915340569243479343708434859837917909860425512076521553988341240874432569868280092694734323752086645273837338021700392577741712284854796184883529549919095885994574693553619600336058395449008755431462050866870552404945459879820834693652281893622973990059180012069501770058273439569690918038126742157974695278026946380797428499264535 0 0 0 0 0 0 1 0 0 0 0 0 0 0 0 0 0 0 0 0 0 0 0 0 0 0 0 0 0 0 0 0 0 0 0 0 0 0 0 0 0 0 0 0 0 0 0 0 0 0 0 0 0 0 0 0 0 0 0 0 0 0 0 0 0 0 0 0 0 0 0 0 0 0 0 0 0 0 0 0 0 0 0 0 0 0 0 0 0 0 0 0 0 0 0 0 0 0 0 0 0 0 0 0 0 0 0 0 0 0 0 0 0 0]
[6430531395949507566397454425599629908782610555204006502191969547139592171896415524501846610187360827532552935095036655919687243954655831868779266376255530013096459678101312729434764098021269471287304627070811112214501554329952878777601142181727264935771708232960094176350941376601630493727180045836019125506961236197436714072632456957499979423888 0 0 0 0 0 0 0 1 0 0 0 0 0 0 0 0 0 0 0 0 0 0 0 0 0 0 0 0 0 0 0 0 0 0 0 0 0 0 0 0 0 0 0 0 0 0 0 0 0 0 0 0 0 0 0 0 0 0 0 0 0 0 0 0 0 0 0 0 0 0 0 0 0 0 0 0 0 0 0 0 0 0 0 0 0 0 0 0 0 0 0 0 0 0 0 0 0 0 0 0 0 0 0 0 0 0 0 0 0 0 0 0 0 0]
[4307190600635739034424963103808046156210876872419926988333192381131038980093426473378688036017690835783305338446697368072314397387867147429930208872145186983768166129184269636524165756143167300544036463208361639971170236700304430638964316938761261502107704487311221449085337008908286004289195439933638773334822309570094782310323631870671988044352 0 0 0 0 0 0 0 0 1 0 0 0 0 0 0 0 0 0 0 0 0 0 0 0 0 0 0 0 0 0 0 0 0 0 0 0 0 0 0 0 0 0 0 0 0 0 0 0 0 0 0 0 0 0 0 0 0 0 0 0 0 0 0 0 0 0 0 0 0 0 0 0 0 0 0 0 0 0 0 0 0 0 0 0 0 0 0 0 0 0 0 0 0 0 0 0 0 0 0 0 0 0 0 0 0 0 0 0 0 0 0 0 0 0]
[4135631314547871783932492014752628941372527696120374108342834741952555966144153897123956537022783999717059321185865770740489438906656542928145063597162695852995545990612148222090805412511290247660965268608889962643344145356173034540201688937869919051545057620929150352480775930110462520785068562915008815604049420550303861226880718792293744779242 0 0 0 0 0 0 0 0 0 1 0 0 0 0 0 0 0 0 0 0 0 0 0 0 0 0 0 0 0 0 0 0 0 0 0 0 0 0 0 0 0 0 0 0 0 0 0 0 0 0 0 0 0 0 0 0 0 0 0 0 0 0 0 0 0 0 0 0 0 0 0 0 0 0 0 0 0 0 0 0 0 0 0 0 0 0 0 0 0 0 0 0 0 0 0 0 0 0 0 0 0 0 0 0 0 0 0 0 0 0 0 0 0 0]
[4807650239229912353372919631112292999472640062020577748045448088175121253687033487980684169151352203895377889738929477797019681034624253569061541564471946394433460531502880854915491302051925855163644074405758333035143777586292883726208306631672019977242593590571794907424144321216321990476255644303816266587487564059060796984991227599554865323059 0 0 0 0 0 0 0 0 0 0 1 0 0 0 0 0 0 0 0 0 0 0 0 0 0 0 0 0 0 0 0 0 0 0 0 0 0 0 0 0 0 0 0 0 0 0 0 0 0 0 0 0 0 0 0 0 0 0 0 0 0 0 0 0 0 0 0 0 0 0 0 0 0 0 0 0 0 0 0 0 0 0 0 0 0 0 0 0 0 0 0 0 0 0 0 0 0 0 0 0 0 0 0 0 0 0 0 0 0 0 0 0 0 0]
[2586452088598389719958104486104818875668895776197997960873695287769440128675115932625134982650022179084264821712397320882125034482116709987693565817028515843501517156748895169998923749218367301588605731637443926235908849573953783243771210427095625024497481187909832375775734408029302819666940615636824895474367947648389794313481596977332724812109 0 0 0 0 0 0 0 0 0 0 0 1 0 0 0 0 0 0 0 0 0 0 0 0 0 0 0 0 0 0 0 0 0 0 0 0 0 0 0 0 0 0 0 0 0 0 0 0 0 0 0 0 0 0 0 0 0 0 0 0 0 0 0 0 0 0 0 0 0 0 0 0 0 0 0 0 0 0 0 0 0 0 0 0 0 0 0 0 0 0 0 0 0 0 0 0 0 0 0 0 0 0 0 0 0 0 0 0 0 0 0 0 0 0]
[2293584583311335956127631536295809565135846893829883422858958924282867126506130616803371080762519292870993361984076467626720432839583163893679776791391284418791406029141054002720420268918399087351303976046931202526638462208947945569995085526685773138819996298829218492733987577083017223685343057565768789774219656231237276312465988559886494705807 0 0 0 0 0 0 0 0 0 0 0 0 1 0 0 0 0 0 0 0 0 0 0 0 0 0 0 0 0 0 0 0 0 0 0 0 0 0 0 0 0 0 0 0 0 0 0 0 0 0 0 0 0 0 0 0 0 0 0 0 0 0 0 0 0 0 0 0 0 0 0 0 0 0 0 0 0 0 0 0 0 0 0 0 0 0 0 0 0 0 0 0 0 0 0 0 0 0 0 0 0 0 0 0 0 0 0 0 0 0 0 0 0 0]
[4959421110618762309500594573129587494812752111664177550685991393426471955638623661099084666056776688263684938246239095709243675363087308062315074550068816623636222969113747192763061494493693833532117056430905773133780331815869729794724930663737053274153930756840191750680401614628842313092420875100360874202412025138686026806605354517551281784218 0 0 0 0 0 0 0 0 0 0 0 0 0 1 0 0 0 0 0 0 0 0 0 0 0 0 0 0 0 0 0 0 0 0 0 0 0 0 0 0 0 0 0 0 0 0 0 0 0 0 0 0 0 0 0 0 0 0 0 0 0 0 0 0 0 0 0 0 0 0 0 0 0 0 0 0 0 0 0 0 0 0 0 0 0 0 0 0 0 0 0 0 0 0 0 0 0 0 0 0 0 0 0 0 0 0 0 0 0 0 0 0 0 0]
[6564312827117589393834487720580009076982689364989219360845456064761397846029151069028832951731399741218039984727368339828968691337045903002121729377230238127157114029940357834713685295817082882159199243203241568045854778859593549985273634131125590639812294711701927242736123873745752787659070939164376373536126026093854691067263813832522078008342 0 0 0 0 0 0 0 0 0 0 0 0 0 0 1 0 0 0 0 0 0 0 0 0 0 0 0 0 0 0 0 0 0 0 0 0 0 0 0 0 0 0 0 0 0 0 0 0 0 0 0 0 0 0 0 0 0 0 0 0 0 0 0 0 0 0 0 0 0 0 0 0 0 0 0 0 0 0 0 0 0 0 0 0 0 0 0 0 0 0 0 0 0 0 0 0 0 0 0 0 0 0 0 0 0 0 0 0 0 0 0 0 0 0]
[2977772890788824331381796915981457956519863251735199646121468423364568755398905101105667334007298054454457591864972289121582674069551190308367826422061696415384944089241017039702823137989337024729873768925492185378284060555403056087012658117706040817145039298144085900483612452662396680372817895734046394245409305762474208340738247036071218599164 0 0 0 0 0 0 0 0 0 0 0 0 0 0 0 1 0 0 0 0 0 0 0 0 0 0 0 0 0 0 0 0 0 0 0 0 0 0 0 0 0 0 0 0 0 0 0 0 0 0 0 0 0 0 0 0 0 0 0 0 0 0 0 0 0 0 0 0 0 0 0 0 0 0 0 0 0 0 0 0 0 0 0 0 0 0 0 0 0 0 0 0 0 0 0 0 0 0 0 0 0 0 0 0 0 0 0 0 0 0 0 0 0 0]
[2434430064596048754562435427427574762741996608552620335623867101122431064770058768019986810840282080366821015507660102980265626545034860533755336408894400367107962029200911968227343628085536404253473549573616174928204832549204755548308165881468377250059330866870323691694390703233848724735638528683268130059858681914044676358547558384468607522968 0 0 0 0 0 0 0 0 0 0 0 0 0 0 0 0 1 0 0 0 0 0 0 0 0 0 0 0 0 0 0 0 0 0 0 0 0 0 0 0 0 0 0 0 0 0 0 0 0 0 0 0 0 0 0 0 0 0 0 0 0 0 0 0 0 0 0 0 0 0 0 0 0 0 0 0 0 0 0 0 0 0 0 0 0 0 0 0 0 0 0 0 0 0 0 0 0 0 0 0 0 0 0 0 0 0 0 0 0 0 0 0 0 0]
[59527457874261205361136011902764507283256421967630038819304491806438505666819330956024384489058275083550287232448653606146606783257948933988027687523428690234107018399382618452853849187311645145772305209405315450934918408205663979456661126176795665741652425077066322795057597895313125577530101494788193564242813216595004190622085968704526512744 0 0 0 0 0 0 0 0 0 0 0 0 0 0 0 0 0 1 0 0 0 0 0 0 0 0 0 0 0 0 0 0 0 0 0 0 0 0 0 0 0 0 0 0 0 0 0 0 0 0 0 0 0 0 0 0 0 0 0 0 0 0 0 0 0 0 0 0 0 0 0 0 0 0 0 0 0 0 0 0 0 0 0 0 0 0 0 0 0 0 0 0 0 0 0 0 0 0 0 0 0 0 0 0 0 0 0 0 0 0 0 0 0 0]
[918046249205483237650568059046164795016383077566600333020411932886856157851014694339911295631954287245525213111797431086837466771616111518726916338240315291602702403484438149627503493495815603681413121768213010975007455038452734054704819905471245652308676511306643910728912269569708690137052405477470599367454326746907908706546928984238088392844 0 0 0 0 0 0 0 0 0 0 0 0 0 0 0 0 0 0 1 0 0 0 0 0 0 0 0 0 0 0 0 0 0 0 0 0 0 0 0 0 0 0 0 0 0 0 0 0 0 0 0 0 0 0 0 0 0 0 0 0 0 0 0 0 0 0 0 0 0 0 0 0 0 0 0 0 0 0 0 0 0 0 0 0 0 0 0 0 0 0 0 0 0 0 0 0 0 0 0 0 0 0 0 0 0 0 0 0 0 0 0 0 0 0]
[8674266622952121052704964899597457794876134124888355810807057650392219784177120256471444895783850370749158837233523670814427156681374186789879820185781779394755037929734546963107105668853422347601420757941064387500683782571231677180399460896075864923733839093769266681433330032355957730698423947071994975142147842342007807591005858228495964364425 0 0 0 0 0 0 0 0 0 0 0 0 0 0 0 0 0 0 0 1 0 0 0 0 0 0 0 0 0 0 0 0 0 0 0 0 0 0 0 0 0 0 0 0 0 0 0 0 0 0 0 0 0 0 0 0 0 0 0 0 0 0 0 0 0 0 0 0 0 0 0 0 0 0 0 0 0 0 0 0 0 0 0 0 0 0 0 0 0 0 0 0 0 0 0 0 0 0 0 0 0 0 0 0 0 0 0 0 0 0 0 0 0 0]
[1146638518593211665131724079643969440268276883178186977313345679891851478902253460778433930362383840534563545970405821618801393759846285685750122160272608828715635286100571841047541318743786463405587982577141256027540895772057283639304923238145576424623984318308089241951522957967539373802182282937005862606109138299610145841081185223933375604152 0 0 0 0 0 0 0 0 0 0 0 0 0 0 0 0 0 0 0 0 1 0 0 0 0 0 0 0 0 0 0 0 0 0 0 0 0 0 0 0 0 0 0 0 0 0 0 0 0 0 0 0 0 0 0 0 0 0 0 0 0 0 0 0 0 0 0 0 0 0 0 0 0 0 0 0 0 0 0 0 0 0 0 0 0 0 0 0 0 0 0 0 0 0 0 0 0 0 0 0 0 0 0 0 0 0 0 0 0 0 0 0 0 0]
[5135936195630578542911529517771890584301070024156312011055812365820891262038523172554864676554880969982920061198508323923056920428078169428995877832129614820873514258480661396758681672559256733918487523491384994866389644725822726649133218518313846928750404464912901373759736755844846377754907890080658082162566762422916114125727379625757661732350 0 0 0 0 0 0 0 0 0 0 0 0 0 0 0 0 0 0 0 0 0 1 0 0 0 0 0 0 0 0 0 0 0 0 0 0 0 0 0 0 0 0 0 0 0 0 0 0 0 0 0 0 0 0 0 0 0 0 0 0 0 0 0 0 0 0 0 0 0 0 0 0 0 0 0 0 0 0 0 0 0 0 0 0 0 0 0 0 0 0 0 0 0 0 0 0 0 0 0 0 0 0 0 0 0 0 0 0 0 0 0 0 0 0]
[6707242370285469413756215248460324332419353146755787725789467842503673238467910610981540911250036726112506312988267729821587838595213750182657911566278224456663860808470608400023197847163531630984752166122292032838671203564696232122643601594668898569592982683201601933845077308392482710378402587771126829895748287569495850430388264301245852030635 0 0 0 0 0 0 0 0 0 0 0 0 0 0 0 0 0 0 0 0 0 0 1 0 0 0 0 0 0 0 0 0 0 0 0 0 0 0 0 0 0 0 0 0 0 0 0 0 0 0 0 0 0 0 0 0 0 0 0 0 0 0 0 0 0 0 0 0 0 0 0 0 0 0 0 0 0 0 0 0 0 0 0 0 0 0 0 0 0 0 0 0 0 0 0 0 0 0 0 0 0 0 0 0 0 0 0 0 0 0 0 0 0 0]
[7570487854667939582327644655207160674573217360359145222769641042886476892234122317783005509284329384298477876164842273796614182748692035012770552440889482452535225910893216272917436356611633154734798063670770123152406158297532164412318170548730570401290398793967680557795695498154571942278504810757403433645056497518495084506871668806716253534382 0 0 0 0 0 0 0 0 0 0 0 0 0 0 0 0 0 0 0 0 0 0 0 1 0 0 0 0 0 0 0 0 0 0 0 0 0 0 0 0 0 0 0 0 0 0 0 0 0 0 0 0 0 0 0 0 0 0 0 0 0 0 0 0 0 0 0 0 0 0 0 0 0 0 0 0 0 0 0 0 0 0 0 0 0 0 0 0 0 0 0 0 0 0 0 0 0 0 0 0 0 0 0 0 0 0 0 0 0 0 0 0 0 0]
[9653585783817836279628190779924173780654724245366018920101700381907635268079390632779315017433974245249094922145050082533647258536017813221931451343478374967511713245242934543939335580994171709196068480719661239397637105934830393362366433824472747532639063624781163841197925451871740158934150324878841115736393223068381112691852810615926374647156 0 0 0 0 0 0 0 0 0 0 0 0 0 0 0 0 0 0 0 0 0 0 0 0 1 0 0 0 0 0 0 0 0 0 0 0 0 0 0 0 0 0 0 0 0 0 0 0 0 0 0 0 0 0 0 0 0 0 0 0 0 0 0 0 0 0 0 0 0 0 0 0 0 0 0 0 0 0 0 0 0 0 0 0 0 0 0 0 0 0 0 0 0 0 0 0 0 0 0 0 0 0 0 0 0 0 0 0 0 0 0 0 0 0]
[6659643991876491191347529597065361643156724998072288213799245467815699177553951121256297144872284574199316554951500582230304587295175825073813750764804096380491349813852871070045049982991655532894391573415115645027106268967178605582700555681174009658569126324791367657950834465085681722120181460740465654740964796650826117229200240671103251098643 0 0 0 0 0 0 0 0 0 0 0 0 0 0 0 0 0 0 0 0 0 0 0 0 0 1 0 0 0 0 0 0 0 0 0 0 0 0 0 0 0 0 0 0 0 0 0 0 0 0 0 0 0 0 0 0 0 0 0 0 0 0 0 0 0 0 0 0 0 0 0 0 0 0 0 0 0 0 0 0 0 0 0 0 0 0 0 0 0 0 0 0 0 0 0 0 0 0 0 0 0 0 0 0 0 0 0 0 0 0 0 0 0 0]
[200255526898143149727198419678016864437696894566013820299001042546248233223054505674467762968199418470995059496499734105929741889323877047341396402460924725509276721534517860305524348651192516996642975341847920425993411109160273374965176026841770547113879477248517158477570506984639542352428446423350770282138633284816663499459105856524303780840 0 0 0 0 0 0 0 0 0 0 0 0 0 0 0 0 0 0 0 0 0 0 0 0 0 0 1 0 0 0 0 0 0 0 0 0 0 0 0 0 0 0 0 0 0 0 0 0 0 0 0 0 0 0 0 0 0 0 0 0 0 0 0 0 0 0 0 0 0 0 0 0 0 0 0 0 0 0 0 0 0 0 0 0 0 0 0 0 0 0 0 0 0 0 0 0 0 0 0 0 0 0 0 0 0 0 0 0 0 0 0 0 0 0]
[2059371605178359448247105839767300301185453275854837974916402316639309921862320438557103104306708134724316887433210406186749640735840543611521552946556689105468472281539863786557293615828214502259105667532919534646841379769445555458723261369061315088883887118927319006587698979262071908868707650819675058871554791867294537653420486034777250591872 0 0 0 0 0 0 0 0 0 0 0 0 0 0 0 0 0 0 0 0 0 0 0 0 0 0 0 1 0 0 0 0 0 0 0 0 0 0 0 0 0 0 0 0 0 0 0 0 0 0 0 0 0 0 0 0 0 0 0 0 0 0 0 0 0 0 0 0 0 0 0 0 0 0 0 0 0 0 0 0 0 0 0 0 0 0 0 0 0 0 0 0 0 0 0 0 0 0 0 0 0 0 0 0 0 0 0 0 0 0 0 0 0 0]
[1522951439049212125091824649329473964846144282400359671363984092617408532421329719018995437506357918426994200808547728070941788224551497282961386758767855760370662492731264779598126974992275183843579268180405959948372789586999640986914443151578511910663045350437875210371796289083185027533993784986008516152299549986604109641916550232639195560090 0 0 0 0 0 0 0 0 0 0 0 0 0 0 0 0 0 0 0 0 0 0 0 0 0 0 0 0 1 0 0 0 0 0 0 0 0 0 0 0 0 0 0 0 0 0 0 0 0 0 0 0 0 0 0 0 0 0 0 0 0 0 0 0 0 0 0 0 0 0 0 0 0 0 0 0 0 0 0 0 0 0 0 0 0 0 0 0 0 0 0 0 0 0 0 0 0 0 0 0 0 0 0 0 0 0 0 0 0 0 0 0 0 0]
[6766740406234504503900199675762664926056995245285091928377473185822536256228806732023051686683295781762692273345245697807620744260895279350175031792949250604247496881023177953692476396695893344854870648140971616517995122963704051496943520769608878747046222043483635171285355851887494682580505380031682321863427879572655560055130633303217023925959 0 0 0 0 0 0 0 0 0 0 0 0 0 0 0 0 0 0 0 0 0 0 0 0 0 0 0 0 0 1 0 0 0 0 0 0 0 0 0 0 0 0 0 0 0 0 0 0 0 0 0 0 0 0 0 0 0 0 0 0 0 0 0 0 0 0 0 0 0 0 0 0 0 0 0 0 0 0 0 0 0 0 0 0 0 0 0 0 0 0 0 0 0 0 0 0 0 0 0 0 0 0 0 0 0 0 0 0 0 0 0 0 0 0]
[7287407977605399395889197616401648942194237480598420696352396117020077959790280923833772619516143133858869724912773409580720688229096557613925907314054499218638324121670911105167891794436959159066786286677864201530974427886466890266276798267798174136338409262974015365925549422744346635861359714083994537929143280765704381981966346171559964575325 0 0 0 0 0 0 0 0 0 0 0 0 0 0 0 0 0 0 0 0 0 0 0 0 0 0 0 0 0 0 1 0 0 0 0 0 0 0 0 0 0 0 0 0 0 0 0 0 0 0 0 0 0 0 0 0 0 0 0 0 0 0 0 0 0 0 0 0 0 0 0 0 0 0 0 0 0 0 0 0 0 0 0 0 0 0 0 0 0 0 0 0 0 0 0 0 0 0 0 0 0 0 0 0 0 0 0 0 0 0 0 0 0 0]
[3477258470590892272186689685967506957647055982944662251628709061864330257848853224545245455922658259759461501920354905392308916343669982569497307476887683765866155198566661330500332452890431820029250936238104933019671357208621810893365735960003635531403344901196268528360591305675521022496484376074116354751476527400803575662942205562870958203588 0 0 0 0 0 0 0 0 0 0 0 0 0 0 0 0 0 0 0 0 0 0 0 0 0 0 0 0 0 0 0 1 0 0 0 0 0 0 0 0 0 0 0 0 0 0 0 0 0 0 0 0 0 0 0 0 0 0 0 0 0 0 0 0 0 0 0 0 0 0 0 0 0 0 0 0 0 0 0 0 0 0 0 0 0 0 0 0 0 0 0 0 0 0 0 0 0 0 0 0 0 0 0 0 0 0 0 0 0 0 0 0 0 0]
[4615992495188663044139350849576498557267842865239426248307436295950968026953307632243019866270305800487124010460524943125112305795049950010464752284125259532104945249168359002502322822866144771008307306638054993808081256176180986065846666484648706820929865660198609073705622421194899504822898809869312215157123917978129791339323274542030286319616 0 0 0 0 0 0 0 0 0 0 0 0 0 0 0 0 0 0 0 0 0 0 0 0 0 0 0 0 0 0 0 0 1 0 0 0 0 0 0 0 0 0 0 0 0 0 0 0 0 0 0 0 0 0 0 0 0 0 0 0 0 0 0 0 0 0 0 0 0 0 0 0 0 0 0 0 0 0 0 0 0 0 0 0 0 0 0 0 0 0 0 0 0 0 0 0 0 0 0 0 0 0 0 0 0 0 0 0 0 0 0 0 0 0]
[8786452984792496122738154417787660518642621249532038447239365429190529088839182610213248428179935772137969608463792447912069642774597250749341938333507265344378160920468375193797890407771845872758693977840502985017199889010136594713458564517647193952991488637923296010091114545334731982903734037260658523403312705012577803933232226766014285212693 0 0 0 0 0 0 0 0 0 0 0 0 0 0 0 0 0 0 0 0 0 0 0 0 0 0 0 0 0 0 0 0 0 1 0 0 0 0 0 0 0 0 0 0 0 0 0 0 0 0 0 0 0 0 0 0 0 0 0 0 0 0 0 0 0 0 0 0 0 0 0 0 0 0 0 0 0 0 0 0 0 0 0 0 0 0 0 0 0 0 0 0 0 0 0 0 0 0 0 0 0 0 0 0 0 0 0 0 0 0 0 0 0 0]
[4263720713639188706929718230589824107071683775427426180300663546936113575746862944517091809410437685470977994504086959154649628176454296351465049426763421815023191982908660158851474940225710961794980103256666839833486485442747473398659258188120097185725727477795485101932501896303177200310975643012839660630993854820046125879535682586041467422976 0 0 0 0 0 0 0 0 0 0 0 0 0 0 0 0 0 0 0 0 0 0 0 0 0 0 0 0 0 0 0 0 0 0 1 0 0 0 0 0 0 0 0 0 0 0 0 0 0 0 0 0 0 0 0 0 0 0 0 0 0 0 0 0 0 0 0 0 0 0 0 0 0 0 0 0 0 0 0 0 0 0 0 0 0 0 0 0 0 0 0 0 0 0 0 0 0 0 0 0 0 0 0 0 0 0 0 0 0 0 0 0 0 0]
[2939669725169141251340152103612182005908010265605728790667356340160909961764217729361128872019838495306743718670037517781666176106990941522625244715842033840954633581484879778601719461043416983630862151798229267687059562447674386557048594415836498547234996492034768707474475156893342321614176458254054457708109534539913221034561219628011251984762 0 0 0 0 0 0 0 0 0 0 0 0 0 0 0 0 0 0 0 0 0 0 0 0 0 0 0 0 0 0 0 0 0 0 0 1 0 0 0 0 0 0 0 0 0 0 0 0 0 0 0 0 0 0 0 0 0 0 0 0 0 0 0 0 0 0 0 0 0 0 0 0 0 0 0 0 0 0 0 0 0 0 0 0 0 0 0 0 0 0 0 0 0 0 0 0 0 0 0 0 0 0 0 0 0 0 0 0 0 0 0 0 0 0]
[5037375124916147061689159711212773195940480691047513139821576783126522022348170327758912982309795558588115604875544085008720142764213558657980137183935861653191582156147988875006350044206070588844058203446864565439673087238169147785162739287825244046681046842142533091431861583709683707300963438063641748210584137753065983668761645621455345362160 0 0 0 0 0 0 0 0 0 0 0 0 0 0 0 0 0 0 0 0 0 0 0 0 0 0 0 0 0 0 0 0 0 0 0 0 1 0 0 0 0 0 0 0 0 0 0 0 0 0 0 0 0 0 0 0 0 0 0 0 0 0 0 0 0 0 0 0 0 0 0 0 0 0 0 0 0 0 0 0 0 0 0 0 0 0 0 0 0 0 0 0 0 0 0 0 0 0 0 0 0 0 0 0 0 0 0 0 0 0 0 0 0 0]
[9075507944736509754661439222929596379491681599616824923522345627709407010508031980306046169423484653619040963217323186954614074800230070895281374886887986201252879722886480323122913047757674896481959737069824804608807047821140758886563748408231063265598775849374770737465203630005048281484870657127323822358085656521157950559804411094919188235192 0 0 0 0 0 0 0 0 0 0 0 0 0 0 0 0 0 0 0 0 0 0 0 0 0 0 0 0 0 0 0 0 0 0 0 0 0 1 0 0 0 0 0 0 0 0 0 0 0 0 0 0 0 0 0 0 0 0 0 0 0 0 0 0 0 0 0 0 0 0 0 0 0 0 0 0 0 0 0 0 0 0 0 0 0 0 0 0 0 0 0 0 0 0 0 0 0 0 0 0 0 0 0 0 0 0 0 0 0 0 0 0 0 0]
[9031333897911326419427445646439083606454014762715285851098378247336444831147495432620328764129613178314658976720679029885842225234680979686259252970661625480757779571476192135740241229078635968333763445195700194797135279981563778934996197004725572474889867603871892666080573799262667483379978190625730761699456270776319371273018403658172042449928 0 0 0 0 0 0 0 0 0 0 0 0 0 0 0 0 0 0 0 0 0 0 0 0 0 0 0 0 0 0 0 0 0 0 0 0 0 0 1 0 0 0 0 0 0 0 0 0 0 0 0 0 0 0 0 0 0 0 0 0 0 0 0 0 0 0 0 0 0 0 0 0 0 0 0 0 0 0 0 0 0 0 0 0 0 0 0 0 0 0 0 0 0 0 0 0 0 0 0 0 0 0 0 0 0 0 0 0 0 0 0 0 0 0]
[7853622037088599669161192425277094551824468330489213219017066903120998546033267492569393739830303255380450873811668155201512699777038092325204386141513822110559202102449907957132428045038071135578661264190495008343537720909178768829252380547327895108250106046865194023904525149984308290853229069936499837853000764545194829265751647099241708930682 0 0 0 0 0 0 0 0 0 0 0 0 0 0 0 0 0 0 0 0 0 0 0 0 0 0 0 0 0 0 0 0 0 0 0 0 0 0 0 1 0 0 0 0 0 0 0 0 0 0 0 0 0 0 0 0 0 0 0 0 0 0 0 0 0 0 0 0 0 0 0 0 0 0 0 0 0 0 0 0 0 0 0 0 0 0 0 0 0 0 0 0 0 0 0 0 0 0 0 0 0 0 0 0 0 0 0 0 0 0 0 0 0 0]
[7633155932859387606753003818152056326609137740915416920566825485273533195999095886623009569065266440983283588456040117236939400008522155607712013067515013511350234133399145141454879015009295821501670213050559054512065480914034181206471368135209563096934066103935603393900137730911097168078287303714975818757165403377651916270676953169704987844978 0 0 0 0 0 0 0 0 0 0 0 0 0 0 0 0 0 0 0 0 0 0 0 0 0 0 0 0 0 0 0 0 0 0 0 0 0 0 0 0 1 0 0 0 0 0 0 0 0 0 0 0 0 0 0 0 0 0 0 0 0 0 0 0 0 0 0 0 0 0 0 0 0 0 0 0 0 0 0 0 0 0 0 0 0 0 0 0 0 0 0 0 0 0 0 0 0 0 0 0 0 0 0 0 0 0 0 0 0 0 0 0 0 0]
[2996003215427144258506391946344692787637387939243445663679746249809920462501398618453828398686310794333495108561680218266772836722188317704260596644157645761398632694976393159162349915094460886244924451552107048623670147775842712155516679878492903445723489400118198996980619766419873203058786838761335755214413316679902182620878446345324675862234 0 0 0 0 0 0 0 0 0 0 0 0 0 0 0 0 0 0 0 0 0 0 0 0 0 0 0 0 0 0 0 0 0 0 0 0 0 0 0 0 0 1 0 0 0 0 0 0 0 0 0 0 0 0 0 0 0 0 0 0 0 0 0 0 0 0 0 0 0 0 0 0 0 0 0 0 0 0 0 0 0 0 0 0 0 0 0 0 0 0 0 0 0 0 0 0 0 0 0 0 0 0 0 0 0 0 0 0 0 0 0 0 0 0]
[1128563072068364681767839006577346606111565917242676208902045208557871404694841997954703098026019442149126795815796046061977795762583861603244047161783371441029628986353447244629186070114449648005321917667547738529979690352107980395518750354121234301675539365928568397031399470448595545093086043286466448843386293356057443135746028254102181341090 0 0 0 0 0 0 0 0 0 0 0 0 0 0 0 0 0 0 0 0 0 0 0 0 0 0 0 0 0 0 0 0 0 0 0 0 0 0 0 0 0 0 1 0 0 0 0 0 0 0 0 0 0 0 0 0 0 0 0 0 0 0 0 0 0 0 0 0 0 0 0 0 0 0 0 0 0 0 0 0 0 0 0 0 0 0 0 0 0 0 0 0 0 0 0 0 0 0 0 0 0 0 0 0 0 0 0 0 0 0 0 0 0 0]
[4697428452595120192533468402572769058131152140324798995171492244993120021394362684674196656616712702021724185864456250503183088668293527530010615498024502156680136260944241451343870650700556851317716287186417344305762984919207753821149498018551473563703909404924388622377841451633867411985365375591636098617654751516626158799782968421980925411830 0 0 0 0 0 0 0 0 0 0 0 0 0 0 0 0 0 0 0 0 0 0 0 0 0 0 0 0 0 0 0 0 0 0 0 0 0 0 0 0 0 0 0 1 0 0 0 0 0 0 0 0 0 0 0 0 0 0 0 0 0 0 0 0 0 0 0 0 0 0 0 0 0 0 0 0 0 0 0 0 0 0 0 0 0 0 0 0 0 0 0 0 0 0 0 0 0 0 0 0 0 0 0 0 0 0 0 0 0 0 0 0 0 0]
[931313249927935587702105946537659381661884718927477335491282301701132164928348495603432456241970394184517903894839898244451913987088456178110471954613220961427320845314937891257734799313313734875037301751371058945908713588529678915293941624041888462231573336048644819449369401295158829781268211054920014060721656046039174472035353704225580875139 0 0 0 0 0 0 0 0 0 0 0 0 0 0 0 0 0 0 0 0 0 0 0 0 0 0 0 0 0 0 0 0 0 0 0 0 0 0 0 0 0 0 0 0 1 0 0 0 0 0 0 0 0 0 0 0 0 0 0 0 0 0 0 0 0 0 0 0 0 0 0 0 0 0 0 0 0 0 0 0 0 0 0 0 0 0 0 0 0 0 0 0 0 0 0 0 0 0 0 0 0 0 0 0 0 0 0 0 0 0 0 0 0 0]
[206237042416983576890001661894589340819923946419648728716068594506648396986237039064257191283500954772308171425055613192310978480585589630689137593235032851302932333735609435413717623609092857563774465169244159110405886433305720478134126060187030962550038342226126633810083299003812157291844254442605604601876246052431410055184665585588553321201 0 0 0 0 0 0 0 0 0 0 0 0 0 0 0 0 0 0 0 0 0 0 0 0 0 0 0 0 0 0 0 0 0 0 0 0 0 0 0 0 0 0 0 0 0 1 0 0 0 0 0 0 0 0 0 0 0 0 0 0 0 0 0 0 0 0 0 0 0 0 0 0 0 0 0 0 0 0 0 0 0 0 0 0 0 0 0 0 0 0 0 0 0 0 0 0 0 0 0 0 0 0 0 0 0 0 0 0 0 0 0 0 0 0]
[5823844442085196741033458558516253074914719352503059043767391916206521932344166290581054337730639105700188162509389490269211084853856407707850568951445734032165335764394445339588052964676663838509955664482564378470834673116840903904586842271115322229891220217220301019082862685918002580842039299663653586326893926304423681050313185011797825201687 0 0 0 0 0 0 0 0 0 0 0 0 0 0 0 0 0 0 0 0 0 0 0 0 0 0 0 0 0 0 0 0 0 0 0 0 0 0 0 0 0 0 0 0 0 0 1 0 0 0 0 0 0 0 0 0 0 0 0 0 0 0 0 0 0 0 0 0 0 0 0 0 0 0 0 0 0 0 0 0 0 0 0 0 0 0 0 0 0 0 0 0 0 0 0 0 0 0 0 0 0 0 0 0 0 0 0 0 0 0 0 0 0 0]
[5511038125446712709666493328286492239810819011210153405300186126001362935730612853480943942819603412045833989957319542371713299395897620505038046258242277426839039819828236067828605141160739883668737632728149440760043734786461966385045944339757726154636645953204820898980197562518677942643243388151165706788391639341783416462858835814573562884967 0 0 0 0 0 0 0 0 0 0 0 0 0 0 0 0 0 0 0 0 0 0 0 0 0 0 0 0 0 0 0 0 0 0 0 0 0 0 0 0 0 0 0 0 0 0 0 1 0 0 0 0 0 0 0 0 0 0 0 0 0 0 0 0 0 0 0 0 0 0 0 0 0 0 0 0 0 0 0 0 0 0 0 0 0 0 0 0 0 0 0 0 0 0 0 0 0 0 0 0 0 0 0 0 0 0 0 0 0 0 0 0 0 0]
[6861700263316153944646040347567081669198045373289888769079036017085765528126283498469212237601672736154468482353092918419490677931692263780709799807086228764163776178855324408312034554706715480260411417655508271206588534575386398070712697065316825306014406094677251855256692182030682723545850358555771612798839492196992430572129450422640938036351 0 0 0 0 0 0 0 0 0 0 0 0 0 0 0 0 0 0 0 0 0 0 0 0 0 0 0 0 0 0 0 0 0 0 0 0 0 0 0 0 0 0 0 0 0 0 0 0 1 0 0 0 0 0 0 0 0 0 0 0 0 0 0 0 0 0 0 0 0 0 0 0 0 0 0 0 0 0 0 0 0 0 0 0 0 0 0 0 0 0 0 0 0 0 0 0 0 0 0 0 0 0 0 0 0 0 0 0 0 0 0 0 0 0]
[2445630492188134337290137510382415370522388470206928228546582899100545256595321129600429755095863462035132381125557013227401896193786104452069464557274876066571633778049555688710678971363454221766045037013265259792276367497523522180782234159180084058944803153007721219672250012876517759827437275888913361355933153637740481520975110817346372692175 0 0 0 0 0 0 0 0 0 0 0 0 0 0 0 0 0 0 0 0 0 0 0 0 0 0 0 0 0 0 0 0 0 0 0 0 0 0 0 0 0 0 0 0 0 0 0 0 0 1 0 0 0 0 0 0 0 0 0 0 0 0 0 0 0 0 0 0 0 0 0 0 0 0 0 0 0 0 0 0 0 0 0 0 0 0 0 0 0 0 0 0 0 0 0 0 0 0 0 0 0 0 0 0 0 0 0 0 0 0 0 0 0 0]
[3537309208185379760145565438003150434787552244160482449203028795993854400862195366674761081729279225593408586513376889932261457564289713753823919242793412406415309114520738340221977222693799624882713818313071254985323516011545600504681396494746378737983270033327477540971929377214671329695377819525339256234583369513591358303755372997078249822781 0 0 0 0 0 0 0 0 0 0 0 0 0 0 0 0 0 0 0 0 0 0 0 0 0 0 0 0 0 0 0 0 0 0 0 0 0 0 0 0 0 0 0 0 0 0 0 0 0 0 1 0 0 0 0 0 0 0 0 0 0 0 0 0 0 0 0 0 0 0 0 0 0 0 0 0 0 0 0 0 0 0 0 0 0 0 0 0 0 0 0 0 0 0 0 0 0 0 0 0 0 0 0 0 0 0 0 0 0 0 0 0 0 0]
[5535964258011670819378915568003036389969648552941320989476078855485067936005189488572113211732051399342774459687928714834051062621689430802093990923846836738910322784554758610945693387215129348364720476113426857710134270004019591102095839940074736925164081715531986460634868448345275142644864845845883607293982162584020618605358299286513640019177 0 0 0 0 0 0 0 0 0 0 0 0 0 0 0 0 0 0 0 0 0 0 0 0 0 0 0 0 0 0 0 0 0 0 0 0 0 0 0 0 0 0 0 0 0 0 0 0 0 0 0 1 0 0 0 0 0 0 0 0 0 0 0 0 0 0 0 0 0 0 0 0 0 0 0 0 0 0 0 0 0 0 0 0 0 0 0 0 0 0 0 0 0 0 0 0 0 0 0 0 0 0 0 0 0 0 0 0 0 0 0 0 0 0]
[3978431812914075586179993225285439472264917843188457030098805420905783646027183830003108780654446865202512004237833416279659270260061954371107152721325066477636152292830069908870093542482237616247241986487682979544638841245748551181939570714108949011674696390145237265991965623477199573802562638319981611576875138443010761858649323675268756755863 0 0 0 0 0 0 0 0 0 0 0 0 0 0 0 0 0 0 0 0 0 0 0 0 0 0 0 0 0 0 0 0 0 0 0 0 0 0 0 0 0 0 0 0 0 0 0 0 0 0 0 0 1 0 0 0 0 0 0 0 0 0 0 0 0 0 0 0 0 0 0 0 0 0 0 0 0 0 0 0 0 0 0 0 0 0 0 0 0 0 0 0 0 0 0 0 0 0 0 0 0 0 0 0 0 0 0 0 0 0 0 0 0 0]
[8755086002395429288558474765764295258667086944649128789293287261808136244953453783538105086633006961345239931947364271319495742048645031477963809684091927761226323354175753789581936609669953801430803800136883967538501854412546828612983994149387775573395994270081183154725341300511932658701966453297664276091284252713575419138859795810648700720063 0 0 0 0 0 0 0 0 0 0 0 0 0 0 0 0 0 0 0 0 0 0 0 0 0 0 0 0 0 0 0 0 0 0 0 0 0 0 0 0 0 0 0 0 0 0 0 0 0 0 0 0 0 1 0 0 0 0 0 0 0 0 0 0 0 0 0 0 0 0 0 0 0 0 0 0 0 0 0 0 0 0 0 0 0 0 0 0 0 0 0 0 0 0 0 0 0 0 0 0 0 0 0 0 0 0 0 0 0 0 0 0 0 0]
[110760582342987529921576119341133488805473845190313448458657522323196276464629225905114157754253211408495094067237679615117091802839090819238624915781765964776231604025300159146678379706014222390428765739817789344845896043928527615995513976072815742536532402002525083136578077056114687711755419451627628573105894485671377515878587236115284903590 0 0 0 0 0 0 0 0 0 0 0 0 0 0 0 0 0 0 0 0 0 0 0 0 0 0 0 0 0 0 0 0 0 0 0 0 0 0 0 0 0 0 0 0 0 0 0 0 0 0 0 0 0 0 1 0 0 0 0 0 0 0 0 0 0 0 0 0 0 0 0 0 0 0 0 0 0 0 0 0 0 0 0 0 0 0 0 0 0 0 0 0 0 0 0 0 0 0 0 0 0 0 0 0 0 0 0 0 0 0 0 0 0 0]
[1537029004680874081131841367047080759967222838735751778241546710521543659234314770184637066426394105948764498780313908964659242690429613606627412029165400521204816797522991958308472692787989740978971608752844715713494857490104215982658199354239085885087123589716867574666788978169234909862537338079310748968016200196156062099790284937258138511207 0 0 0 0 0 0 0 0 0 0 0 0 0 0 0 0 0 0 0 0 0 0 0 0 0 0 0 0 0 0 0 0 0 0 0 0 0 0 0 0 0 0 0 0 0 0 0 0 0 0 0 0 0 0 0 1 0 0 0 0 0 0 0 0 0 0 0 0 0 0 0 0 0 0 0 0 0 0 0 0 0 0 0 0 0 0 0 0 0 0 0 0 0 0 0 0 0 0 0 0 0 0 0 0 0 0 0 0 0 0 0 0 0 0]
[5195427873970863659555212036357112891806240023332273155854279448962581279142044399078674310241836685789217121213696680706866160241802927969200198873558926196409212318180326325951917648392837135440055280827795079231167608542698303918920616923941089184866782638263617504740226364280446215803605370007950899491114318068838100274654574473508926096638 0 0 0 0 0 0 0 0 0 0 0 0 0 0 0 0 0 0 0 0 0 0 0 0 0 0 0 0 0 0 0 0 0 0 0 0 0 0 0 0 0 0 0 0 0 0 0 0 0 0 0 0 0 0 0 0 1 0 0 0 0 0 0 0 0 0 0 0 0 0 0 0 0 0 0 0 0 0 0 0 0 0 0 0 0 0 0 0 0 0 0 0 0 0 0 0 0 0 0 0 0 0 0 0 0 0 0 0 0 0 0 0 0 0]
[2300472263405109702553158914407072615486161902665783380415561599209264759765280657689775416846819302126193373481003458286381112228325181012176038761568697936354150033930353410641208416877830264362941204301718061378285654099032795104460430986426269461737849578475114191530610335920008042193987830195057502622557847665503580525784289039330294218934 0 0 0 0 0 0 0 0 0 0 0 0 0 0 0 0 0 0 0 0 0 0 0 0 0 0 0 0 0 0 0 0 0 0 0 0 0 0 0 0 0 0 0 0 0 0 0 0 0 0 0 0 0 0 0 0 0 1 0 0 0 0 0 0 0 0 0 0 0 0 0 0 0 0 0 0 0 0 0 0 0 0 0 0 0 0 0 0 0 0 0 0 0 0 0 0 0 0 0 0 0 0 0 0 0 0 0 0 0 0 0 0 0 0]
[2619992597237451623029504806550156458268861304722849467240914716330360272283543911158806163285917481388621666238819507616149935189872970794030949278030159788737688779302894081794701641753111460452736768507319836186836843523710989169620013550017672246824718650686699961029146449999174085002400871003675100870801722325244421890689054879303336731743 0 0 0 0 0 0 0 0 0 0 0 0 0 0 0 0 0 0 0 0 0 0 0 0 0 0 0 0 0 0 0 0 0 0 0 0 0 0 0 0 0 0 0 0 0 0 0 0 0 0 0 0 0 0 0 0 0 0 1 0 0 0 0 0 0 0 0 0 0 0 0 0 0 0 0 0 0 0 0 0 0 0 0 0 0 0 0 0 0 0 0 0 0 0 0 0 0 0 0 0 0 0 0 0 0 0 0 0 0 0 0 0 0 0]
[3107726628317489955946586901518512461054419878621467066003625068845269077157594715992981654589636575693193311401711393105000587825052937991243200654546774118856892978444948467588199685322160436578758271434773017105102347754170408017631943947803513951524319329772988667386085238245185140106794854448334864837332808430716981078054999127986392387935 0 0 0 0 0 0 0 0 0 0 0 0 0 0 0 0 0 0 0 0 0 0 0 0 0 0 0 0 0 0 0 0 0 0 0 0 0 0 0 0 0 0 0 0 0 0 0 0 0 0 0 0 0 0 0 0 0 0 0 1 0 0 0 0 0 0 0 0 0 0 0 0 0 0 0 0 0 0 0 0 0 0 0 0 0 0 0 0 0 0 0 0 0 0 0 0 0 0 0 0 0 0 0 0 0 0 0 0 0 0 0 0 0 0]
[8734011244734917878366431143130018638776459728884482148321341527320827072099769544868005847139498367361825155612023947209759183624581030552617049536014237333075577387540653248168550397800552930316533423275368898486368048227131426445515783004842344133873475330619735093957254941963633630556368581340521882716757365597693552930566007223410770985793 0 0 0 0 0 0 0 0 0 0 0 0 0 0 0 0 0 0 0 0 0 0 0 0 0 0 0 0 0 0 0 0 0 0 0 0 0 0 0 0 0 0 0 0 0 0 0 0 0 0 0 0 0 0 0 0 0 0 0 0 1 0 0 0 0 0 0 0 0 0 0 0 0 0 0 0 0 0 0 0 0 0 0 0 0 0 0 0 0 0 0 0 0 0 0 0 0 0 0 0 0 0 0 0 0 0 0 0 0 0 0 0 0 0]
[4607079385572698718309977690663047537288212355999322278058673995395727039032915258204556746648253422826189155304949067720552059365649086439101059859424016839885678839722049249742962004427636153292365835394225476562723886401817005442093246461043840952841968114555798368779599118498710402698239489057604626341599901424260425160312724607986912479336 0 0 0 0 0 0 0 0 0 0 0 0 0 0 0 0 0 0 0 0 0 0 0 0 0 0 0 0 0 0 0 0 0 0 0 0 0 0 0 0 0 0 0 0 0 0 0 0 0 0 0 0 0 0 0 0 0 0 0 0 0 1 0 0 0 0 0 0 0 0 0 0 0 0 0 0 0 0 0 0 0 0 0 0 0 0 0 0 0 0 0 0 0 0 0 0 0 0 0 0 0 0 0 0 0 0 0 0 0 0 0 0 0 0]
[5223865336100840413156378832304817066849195997164351966177978052809944994293375284116669380336659840926566493895919202862881028846191310229494884885691116489032946575099785518347862142866484081582519288173113534474261788689352651396370296963547094296420311372753435278163456980674720842098958248414620982330506965065282041471388347730427906896244 0 0 0 0 0 0 0 0 0 0 0 0 0 0 0 0 0 0 0 0 0 0 0 0 0 0 0 0 0 0 0 0 0 0 0 0 0 0 0 0 0 0 0 0 0 0 0 0 0 0 0 0 0 0 0 0 0 0 0 0 0 0 1 0 0 0 0 0 0 0 0 0 0 0 0 0 0 0 0 0 0 0 0 0 0 0 0 0 0 0 0 0 0 0 0 0 0 0 0 0 0 0 0 0 0 0 0 0 0 0 0 0 0 0]
[9733182844919441600409030954629558218241616677895161522217423116338862213720996710385321490525373174383551889381446426549836797037291194209100712161843878865661761910682017241484067343989855048992568269885147709733399079929942180690634023674615562586456318353960906251491888756260693840902660550195966948340673516283030309067350265740086387819794 0 0 0 0 0 0 0 0 0 0 0 0 0 0 0 0 0 0 0 0 0 0 0 0 0 0 0 0 0 0 0 0 0 0 0 0 0 0 0 0 0 0 0 0 0 0 0 0 0 0 0 0 0 0 0 0 0 0 0 0 0 0 0 1 0 0 0 0 0 0 0 0 0 0 0 0 0 0 0 0 0 0 0 0 0 0 0 0 0 0 0 0 0 0 0 0 0 0 0 0 0 0 0 0 0 0 0 0 0 0 0 0 0 0]
[9232386162111927181371024977648229269199600738983897854571857823367291260245885067073959864866706679098094699798950383680002639920580770731902686905894847034166223465294957984094446910628463400392066322922228363966770212325637827048662650187818274743005359455650725559528322593853920776296651426233147631954664131953645089844932648083601987875967 0 0 0 0 0 0 0 0 0 0 0 0 0 0 0 0 0 0 0 0 0 0 0 0 0 0 0 0 0 0 0 0 0 0 0 0 0 0 0 0 0 0 0 0 0 0 0 0 0 0 0 0 0 0 0 0 0 0 0 0 0 0 0 0 1 0 0 0 0 0 0 0 0 0 0 0 0 0 0 0 0 0 0 0 0 0 0 0 0 0 0 0 0 0 0 0 0 0 0 0 0 0 0 0 0 0 0 0 0 0 0 0 0 0]
[153447606361011381432672944850665068278559810182329222345175606495045437708117608139176099618336824926277673393843626041528825589516726441308244690495514161390038883401418076410966611909930653035173840624897998028810299660850134739738549064845755811839992859373911131274456671313866776989913007445172672296554391699485286028152263651261669912825 0 0 0 0 0 0 0 0 0 0 0 0 0 0 0 0 0 0 0 0 0 0 0 0 0 0 0 0 0 0 0 0 0 0 0 0 0 0 0 0 0 0 0 0 0 0 0 0 0 0 0 0 0 0 0 0 0 0 0 0 0 0 0 0 0 1 0 0 0 0 0 0 0 0 0 0 0 0 0 0 0 0 0 0 0 0 0 0 0 0 0 0 0 0 0 0 0 0 0 0 0 0 0 0 0 0 0 0 0 0 0 0 0 0]
[10177588964911683468660089384728311149185883701177532957477393670197899102763463705913153766127719061091965945639265210113225175541614667107098289032365222384566021082638967633032903401298289672732655576070101582450249580317940734897886790152481504182582878345272516897592276090584018501512034397450338114963436655101017931966167935000141470556929 0 0 0 0 0 0 0 0 0 0 0 0 0 0 0 0 0 0 0 0 0 0 0 0 0 0 0 0 0 0 0 0 0 0 0 0 0 0 0 0 0 0 0 0 0 0 0 0 0 0 0 0 0 0 0 0 0 0 0 0 0 0 0 0 0 0 1 0 0 0 0 0 0 0 0 0 0 0 0 0 0 0 0 0 0 0 0 0 0 0 0 0 0 0 0 0 0 0 0 0 0 0 0 0 0 0 0 0 0 0 0 0 0 0]
[5788264138878556772721511080058697272869263553760399836256993106471932404693842984012654279309571560799477316125487599605800352551896375939790914688095687415112116842220753474238070855230562803256975590211778682808141514343190067987505544105593499446045362781367773674141743492876144506141586673187907758621640061406641325012307304655436338747491 0 0 0 0 0 0 0 0 0 0 0 0 0 0 0 0 0 0 0 0 0 0 0 0 0 0 0 0 0 0 0 0 0 0 0 0 0 0 0 0 0 0 0 0 0 0 0 0 0 0 0 0 0 0 0 0 0 0 0 0 0 0 0 0 0 0 0 1 0 0 0 0 0 0 0 0 0 0 0 0 0 0 0 0 0 0 0 0 0 0 0 0 0 0 0 0 0 0 0 0 0 0 0 0 0 0 0 0 0 0 0 0 0 0]
[1209036993752709443691069647773002419595672442021304372449373241538640317429687340822607968522326231818712969977056687039085219810699178485801020333929248052743559146549626867058327883805840675439099148811427263944111426684362062088762131776352541760395847661577034915336566553401352477396957410900264175170718147998321024399781420006063901604634 0 0 0 0 0 0 0 0 0 0 0 0 0 0 0 0 0 0 0 0 0 0 0 0 0 0 0 0 0 0 0 0 0 0 0 0 0 0 0 0 0 0 0 0 0 0 0 0 0 0 0 0 0 0 0 0 0 0 0 0 0 0 0 0 0 0 0 0 1 0 0 0 0 0 0 0 0 0 0 0 0 0 0 0 0 0 0 0 0 0 0 0 0 0 0 0 0 0 0 0 0 0 0 0 0 0 0 0 0 0 0 0 0 0]
[9298320298687236297743280182107629050125328743943213796594806435669464899892232397777425805263188425513982344652347920825808034530927649856369138070984472272434962039850516547845997639338329029095089477965045262987693333023261482192798018964813220651824051050553935072060865531845498720164920946459581788523238670449789691372659548619307910334160 0 0 0 0 0 0 0 0 0 0 0 0 0 0 0 0 0 0 0 0 0 0 0 0 0 0 0 0 0 0 0 0 0 0 0 0 0 0 0 0 0 0 0 0 0 0 0 0 0 0 0 0 0 0 0 0 0 0 0 0 0 0 0 0 0 0 0 0 0 1 0 0 0 0 0 0 0 0 0 0 0 0 0 0 0 0 0 0 0 0 0 0 0 0 0 0 0 0 0 0 0 0 0 0 0 0 0 0 0 0 0 0 0 0]
[9304854922809289915094898789572492665320778667371282939828249435686706418565535840159273499799078457334183940087121492915684220882637705487931878108148145682878220133292424653197860732305891830551542070199231819181532605359467323455376850751974813204788484512667198267445765772283885189801261715796573604847691170355677351329294470152470248621450 0 0 0 0 0 0 0 0 0 0 0 0 0 0 0 0 0 0 0 0 0 0 0 0 0 0 0 0 0 0 0 0 0 0 0 0 0 0 0 0 0 0 0 0 0 0 0 0 0 0 0 0 0 0 0 0 0 0 0 0 0 0 0 0 0 0 0 0 0 0 1 0 0 0 0 0 0 0 0 0 0 0 0 0 0 0 0 0 0 0 0 0 0 0 0 0 0 0 0 0 0 0 0 0 0 0 0 0 0 0 0 0 0 0]
[806925182440399861413834115994985251761376663044347938392814929713755073391965853859838672178708396424499512748509438858481219480240774664932819410848113625125526446539823512036939049750721574589887383140098829358797992579846965274151490111991122342675120020052262506812222927486779979211571563702450095718836384363909215363290333850937103950921 0 0 0 0 0 0 0 0 0 0 0 0 0 0 0 0 0 0 0 0 0 0 0 0 0 0 0 0 0 0 0 0 0 0 0 0 0 0 0 0 0 0 0 0 0 0 0 0 0 0 0 0 0 0 0 0 0 0 0 0 0 0 0 0 0 0 0 0 0 0 0 1 0 0 0 0 0 0 0 0 0 0 0 0 0 0 0 0 0 0 0 0 0 0 0 0 0 0 0 0 0 0 0 0 0 0 0 0 0 0 0 0 0 0]
[291117490670518140649178696785402289593506575099634306720168781709200835285597697331687346950895376189934681501706929400753533570374679836545268186152760238789780736683248159285536065185088984396781594078850085251769729590806905874717617878813074800630232663470437819663260378426861752784113194260256016318377634412289192250276802080676634711459 0 0 0 0 0 0 0 0 0 0 0 0 0 0 0 0 0 0 0 0 0 0 0 0 0 0 0 0 0 0 0 0 0 0 0 0 0 0 0 0 0 0 0 0 0 0 0 0 0 0 0 0 0 0 0 0 0 0 0 0 0 0 0 0 0 0 0 0 0 0 0 0 1 0 0 0 0 0 0 0 0 0 0 0 0 0 0 0 0 0 0 0 0 0 0 0 0 0 0 0 0 0 0 0 0 0 0 0 0 0 0 0 0 0]
[7784094568749698099721463666282425965516085182111806414141493477944046112249578341267583667653726644734558438152347014620471946092694426874517008706293842749479526883275011073166324853373477001648502628888495856384823749722574021130947453938408199229234320540710294430219472031693141871425122451167181436090913900790577480046483357327025643229183 0 0 0 0 0 0 0 0 0 0 0 0 0 0 0 0 0 0 0 0 0 0 0 0 0 0 0 0 0 0 0 0 0 0 0 0 0 0 0 0 0 0 0 0 0 0 0 0 0 0 0 0 0 0 0 0 0 0 0 0 0 0 0 0 0 0 0 0 0 0 0 0 0 1 0 0 0 0 0 0 0 0 0 0 0 0 0 0 0 0 0 0 0 0 0 0 0 0 0 0 0 0 0 0 0 0 0 0 0 0 0 0 0 0]
[2768824261639077912384263690518987579766448621763336269913811883960711268384762531969214473153019944538443190812826675044627091304612505285689287867723648069706095630223957188488044920390451817301576379355154919246453138262303474126777413070926286022876673507789526615061422704195469293108231515242069158278886630238653699932243378712397506237347 0 0 0 0 0 0 0 0 0 0 0 0 0 0 0 0 0 0 0 0 0 0 0 0 0 0 0 0 0 0 0 0 0 0 0 0 0 0 0 0 0 0 0 0 0 0 0 0 0 0 0 0 0 0 0 0 0 0 0 0 0 0 0 0 0 0 0 0 0 0 0 0 0 0 1 0 0 0 0 0 0 0 0 0 0 0 0 0 0 0 0 0 0 0 0 0 0 0 0 0 0 0 0 0 0 0 0 0 0 0 0 0 0 0]
[5236805934779431262507621051611157769979850263985395966755204042853251788075227007075101072600856829744963657369832123387834030944204390543228647112517947947170149858321039819654645612015991297838580006604125071246871237559525769834144499580318746194518681751507239631066685770903414139749315864722068649648623828124191525685882924325379369939610 0 0 0 0 0 0 0 0 0 0 0 0 0 0 0 0 0 0 0 0 0 0 0 0 0 0 0 0 0 0 0 0 0 0 0 0 0 0 0 0 0 0 0 0 0 0 0 0 0 0 0 0 0 0 0 0 0 0 0 0 0 0 0 0 0 0 0 0 0 0 0 0 0 0 0 1 0 0 0 0 0 0 0 0 0 0 0 0 0 0 0 0 0 0 0 0 0 0 0 0 0 0 0 0 0 0 0 0 0 0 0 0 0 0]
[1981778500626908937003502537928820529525253170430771526120794760256623847313334334041392426485407720301939280218393137314483958375510038756451464151500992786533666410028736124954451234799106629231809361055265262959990729665558166757451888605185507922347071007047049784210745082932803924097821061934962526398100300458264594363289536556267535332280 0 0 0 0 0 0 0 0 0 0 0 0 0 0 0 0 0 0 0 0 0 0 0 0 0 0 0 0 0 0 0 0 0 0 0 0 0 0 0 0 0 0 0 0 0 0 0 0 0 0 0 0 0 0 0 0 0 0 0 0 0 0 0 0 0 0 0 0 0 0 0 0 0 0 0 0 1 0 0 0 0 0 0 0 0 0 0 0 0 0 0 0 0 0 0 0 0 0 0 0 0 0 0 0 0 0 0 0 0 0 0 0 0 0]
[797762188011875582866123844585821222548703388926344218002172853742221996544730700025461318937968198549920675549880634609759274331261810882539217958294405713366127382127046567667431086679875795787778245813183617450696584361542686045697288161863914289764604985336377178315087491245414202985827317677532029820033781068734424842345245136765620336842 0 0 0 0 0 0 0 0 0 0 0 0 0 0 0 0 0 0 0 0 0 0 0 0 0 0 0 0 0 0 0 0 0 0 0 0 0 0 0 0 0 0 0 0 0 0 0 0 0 0 0 0 0 0 0 0 0 0 0 0 0 0 0 0 0 0 0 0 0 0 0 0 0 0 0 0 0 1 0 0 0 0 0 0 0 0 0 0 0 0 0 0 0 0 0 0 0 0 0 0 0 0 0 0 0 0 0 0 0 0 0 0 0 0]
[8767384884892110015689763948985801410137588875752426741845222660596886829690595653045456827325274768579293658454831578014945934411580080095033435129535632077078384405407970154424914773081871274452093952804244966704074973550942202315091756079254847381547035324793446222087599590214701726835765624741112099551503983524303661822841151857021406549813 0 0 0 0 0 0 0 0 0 0 0 0 0 0 0 0 0 0 0 0 0 0 0 0 0 0 0 0 0 0 0 0 0 0 0 0 0 0 0 0 0 0 0 0 0 0 0 0 0 0 0 0 0 0 0 0 0 0 0 0 0 0 0 0 0 0 0 0 0 0 0 0 0 0 0 0 0 0 1 0 0 0 0 0 0 0 0 0 0 0 0 0 0 0 0 0 0 0 0 0 0 0 0 0 0 0 0 0 0 0 0 0 0 0]
[606032215645452905500438615952086038075265534079412338971887035346017599467445979563324498458565212985164215945663016818439592087635067860784436231225523311548043043683284240837391435816338693908461168743193891540292092145084882131929213949206460772245580009383824725044995616946574427162814660074106241271717363864354803489382102458666835614096 0 0 0 0 0 0 0 0 0 0 0 0 0 0 0 0 0 0 0 0 0 0 0 0 0 0 0 0 0 0 0 0 0 0 0 0 0 0 0 0 0 0 0 0 0 0 0 0 0 0 0 0 0 0 0 0 0 0 0 0 0 0 0 0 0 0 0 0 0 0 0 0 0 0 0 0 0 0 0 1 0 0 0 0 0 0 0 0 0 0 0 0 0 0 0 0 0 0 0 0 0 0 0 0 0 0 0 0 0 0 0 0 0 0]
[4016491838417425380274494564346237542888102410711659597145823430462836051159526082799350571111676857423795255108600318748959170511415232552257861965000502966492136830922360125091529475052957511014482685392971117320734685561354651390970089548413918148708309528060932857434290240804292460546713284820044833568958082764758960419156065113350731650697 0 0 0 0 0 0 0 0 0 0 0 0 0 0 0 0 0 0 0 0 0 0 0 0 0 0 0 0 0 0 0 0 0 0 0 0 0 0 0 0 0 0 0 0 0 0 0 0 0 0 0 0 0 0 0 0 0 0 0 0 0 0 0 0 0 0 0 0 0 0 0 0 0 0 0 0 0 0 0 0 1 0 0 0 0 0 0 0 0 0 0 0 0 0 0 0 0 0 0 0 0 0 0 0 0 0 0 0 0 0 0 0 0 0]
[1955290537521080067539379000443552193186675478910455881702930580792002687426281767703317707220082064619879477413252132536624997958133599430634370719283916082220645264268612951120150423098192233205838699113649128445742830443029377199732692118265036555534036836636339456922393972941844505849229317420188999454081825288984706006537871575983359239758 0 0 0 0 0 0 0 0 0 0 0 0 0 0 0 0 0 0 0 0 0 0 0 0 0 0 0 0 0 0 0 0 0 0 0 0 0 0 0 0 0 0 0 0 0 0 0 0 0 0 0 0 0 0 0 0 0 0 0 0 0 0 0 0 0 0 0 0 0 0 0 0 0 0 0 0 0 0 0 0 0 1 0 0 0 0 0 0 0 0 0 0 0 0 0 0 0 0 0 0 0 0 0 0 0 0 0 0 0 0 0 0 0 0]
[1140574330707291655785875945973462322520040196279909975827037481964592870202987406943187893847366587094579952712421428171624754017188957544870422578372656076372454062040058987959190847989149257966280912716607476902812196663834034999035314577621334979491939476626754723714649617676673208518666625182102212014300185657777116541897907101676113117844 0 0 0 0 0 0 0 0 0 0 0 0 0 0 0 0 0 0 0 0 0 0 0 0 0 0 0 0 0 0 0 0 0 0 0 0 0 0 0 0 0 0 0 0 0 0 0 0 0 0 0 0 0 0 0 0 0 0 0 0 0 0 0 0 0 0 0 0 0 0 0 0 0 0 0 0 0 0 0 0 0 0 1 0 0 0 0 0 0 0 0 0 0 0 0 0 0 0 0 0 0 0 0 0 0 0 0 0 0 0 0 0 0 0]
[6876195053989939885371688945674019292964664080904392448205045384385443003383610779931526640166311139983942156092368737391021134322612223774530228334336146773201265884404230074892583092566931717723946458912133912712332102426802074267290349308815105299186800146300984716205480567367093941345255146866569562503041717578370648833410221529018158755874 0 0 0 0 0 0 0 0 0 0 0 0 0 0 0 0 0 0 0 0 0 0 0 0 0 0 0 0 0 0 0 0 0 0 0 0 0 0 0 0 0 0 0 0 0 0 0 0 0 0 0 0 0 0 0 0 0 0 0 0 0 0 0 0 0 0 0 0 0 0 0 0 0 0 0 0 0 0 0 0 0 0 0 1 0 0 0 0 0 0 0 0 0 0 0 0 0 0 0 0 0 0 0 0 0 0 0 0 0 0 0 0 0 0]
[8430575973201425078581199734786523831041402406145176822480923007687778096817853651150369877108738823030933050534432739214866095305096627766150612194614890786195876609915263904212143467624225334795533937431065798890186143064031933205673696120740412645898370094655401767286310223220800448057538529432187457764289730171911187005219550073391984393888 0 0 0 0 0 0 0 0 0 0 0 0 0 0 0 0 0 0 0 0 0 0 0 0 0 0 0 0 0 0 0 0 0 0 0 0 0 0 0 0 0 0 0 0 0 0 0 0 0 0 0 0 0 0 0 0 0 0 0 0 0 0 0 0 0 0 0 0 0 0 0 0 0 0 0 0 0 0 0 0 0 0 0 0 1 0 0 0 0 0 0 0 0 0 0 0 0 0 0 0 0 0 0 0 0 0 0 0 0 0 0 0 0 0]
[8251260374058513890223836444553583016579397396073526536365500182300623212571842939704602323948213501054658622245703365795290531806471472500914894144137515870715607635918139549246295773065825710793429194028369839117664313249558579731577113623913535218022808293444945272157130527835730741472269738153971144083216928517509055413219045036939171151572 0 0 0 0 0 0 0 0 0 0 0 0 0 0 0 0 0 0 0 0 0 0 0 0 0 0 0 0 0 0 0 0 0 0 0 0 0 0 0 0 0 0 0 0 0 0 0 0 0 0 0 0 0 0 0 0 0 0 0 0 0 0 0 0 0 0 0 0 0 0 0 0 0 0 0 0 0 0 0 0 0 0 0 0 0 1 0 0 0 0 0 0 0 0 0 0 0 0 0 0 0 0 0 0 0 0 0 0 0 0 0 0 0 0]
[2085807058640108533972262411711663371220515118883396916276223564852321869571684947644124915164703695990077584420362860928168937659742289177613947480761808297169079865831847781141797612357837815473197796750883821833883054464232735466115013225115351387237772745321101246560912067274110407499638484905274164484084847820144025739136427464760238905645 0 0 0 0 0 0 0 0 0 0 0 0 0 0 0 0 0 0 0 0 0 0 0 0 0 0 0 0 0 0 0 0 0 0 0 0 0 0 0 0 0 0 0 0 0 0 0 0 0 0 0 0 0 0 0 0 0 0 0 0 0 0 0 0 0 0 0 0 0 0 0 0 0 0 0 0 0 0 0 0 0 0 0 0 0 0 1 0 0 0 0 0 0 0 0 0 0 0 0 0 0 0 0 0 0 0 0 0 0 0 0 0 0 0]
[1224376386678105178808521558760442499189590492771817404070281689810433051699782763413950279874838528303593758014966460141034048734415667774786971697932111752682926209846873414663887235980848927975290527562662022307778520442636871517517582655080492340906503136208079531446068389762866063544904491841209203612080629823320618335140440948317196861389 0 0 0 0 0 0 0 0 0 0 0 0 0 0 0 0 0 0 0 0 0 0 0 0 0 0 0 0 0 0 0 0 0 0 0 0 0 0 0 0 0 0 0 0 0 0 0 0 0 0 0 0 0 0 0 0 0 0 0 0 0 0 0 0 0 0 0 0 0 0 0 0 0 0 0 0 0 0 0 0 0 0 0 0 0 0 0 1 0 0 0 0 0 0 0 0 0 0 0 0 0 0 0 0 0 0 0 0 0 0 0 0 0 0]
[952955533744931939696715241734276067613928273355007891008917069584689084404493844734123560091196342413128385531933387451687343984073980228381508560371197674948174009555477594948898593758020573405666242518927471837490625009050594369598012624501297139598299377413150477761948513002636486977948986153472363634312243749703961518324799013370195871224 0 0 0 0 0 0 0 0 0 0 0 0 0 0 0 0 0 0 0 0 0 0 0 0 0 0 0 0 0 0 0 0 0 0 0 0 0 0 0 0 0 0 0 0 0 0 0 0 0 0 0 0 0 0 0 0 0 0 0 0 0 0 0 0 0 0 0 0 0 0 0 0 0 0 0 0 0 0 0 0 0 0 0 0 0 0 0 0 1 0 0 0 0 0 0 0 0 0 0 0 0 0 0 0 0 0 0 0 0 0 0 0 0 0]
[4373902075281598826535122748779537459205504991848142221726987928946994621224355003299279457575125057300660577994319979543116350405798439505926613800070597022199536269320824747817969347692617267229902640822834236372167705411793370700179940527247673852579447452909589596229957536191633435336319462928515832781001737316570658742226086938160410394390 0 0 0 0 0 0 0 0 0 0 0 0 0 0 0 0 0 0 0 0 0 0 0 0 0 0 0 0 0 0 0 0 0 0 0 0 0 0 0 0 0 0 0 0 0 0 0 0 0 0 0 0 0 0 0 0 0 0 0 0 0 0 0 0 0 0 0 0 0 0 0 0 0 0 0 0 0 0 0 0 0 0 0 0 0 0 0 0 0 1 0 0 0 0 0 0 0 0 0 0 0 0 0 0 0 0 0 0 0 0 0 0 0 0]
[1280462016341390339131554459003745974237080030859696432150323848912379867596728017242044884641532285789831799350035282226346194033674574543026636117283400664703009294598715744360919183090465042013381556985168402127994370516980872272070739678145017065776097007561678508942137865859352609717246714297182369354614441155936064543251896415094127758205 0 0 0 0 0 0 0 0 0 0 0 0 0 0 0 0 0 0 0 0 0 0 0 0 0 0 0 0 0 0 0 0 0 0 0 0 0 0 0 0 0 0 0 0 0 0 0 0 0 0 0 0 0 0 0 0 0 0 0 0 0 0 0 0 0 0 0 0 0 0 0 0 0 0 0 0 0 0 0 0 0 0 0 0 0 0 0 0 0 0 1 0 0 0 0 0 0 0 0 0 0 0 0 0 0 0 0 0 0 0 0 0 0 0]
[5545185486587440243751918022998283978118309671260402692126915102706601236014252888340314354968236814578362242818879125734106468806723963107924464448837521200799816465251813176500239974440818358386925650766243432604180927671567547873809846598183337578357642298035842039713757714609412253206882502501621193013161888387130758488000979498461024566161 0 0 0 0 0 0 0 0 0 0 0 0 0 0 0 0 0 0 0 0 0 0 0 0 0 0 0 0 0 0 0 0 0 0 0 0 0 0 0 0 0 0 0 0 0 0 0 0 0 0 0 0 0 0 0 0 0 0 0 0 0 0 0 0 0 0 0 0 0 0 0 0 0 0 0 0 0 0 0 0 0 0 0 0 0 0 0 0 0 0 0 1 0 0 0 0 0 0 0 0 0 0 0 0 0 0 0 0 0 0 0 0 0 0]
[8414937615351204296989931809838124597259177466741222691377401227330395237302822988074336053201589559093987724261027324404453564272062787552095171406112975998306754675305668997777171592240519594508178972331227086951300549017865705436218961866201448920059459534067636537637834823685668979194505466352244651291178958429163266752535414583500232732296 0 0 0 0 0 0 0 0 0 0 0 0 0 0 0 0 0 0 0 0 0 0 0 0 0 0 0 0 0 0 0 0 0 0 0 0 0 0 0 0 0 0 0 0 0 0 0 0 0 0 0 0 0 0 0 0 0 0 0 0 0 0 0 0 0 0 0 0 0 0 0 0 0 0 0 0 0 0 0 0 0 0 0 0 0 0 0 0 0 0 0 0 1 0 0 0 0 0 0 0 0 0 0 0 0 0 0 0 0 0 0 0 0 0]
[7955929069864786879889559795980842028199806369307652024217134777930718170702059442415443148092650934930697271048306826259975058881258690518237037721766211944651555484223878199095287714245355001783025202426364633902744954308526937979604926815184811766911775533548106472454709159347325498718748822638041339128126177256841469477684985314622276051559 0 0 0 0 0 0 0 0 0 0 0 0 0 0 0 0 0 0 0 0 0 0 0 0 0 0 0 0 0 0 0 0 0 0 0 0 0 0 0 0 0 0 0 0 0 0 0 0 0 0 0 0 0 0 0 0 0 0 0 0 0 0 0 0 0 0 0 0 0 0 0 0 0 0 0 0 0 0 0 0 0 0 0 0 0 0 0 0 0 0 0 0 0 1 0 0 0 0 0 0 0 0 0 0 0 0 0 0 0 0 0 0 0 0]
[5337352617500667196040276538739245707995883756538877457951055849572705923987686828389388357005976084879866191294722085860153767908297977932518598003511311684619314014016059045323816557288425306580453536336049599480746373509063509476975152982247378578449357953790255470877390654199079276402172884067518664628133981274883005583084188793600208987007 0 0 0 0 0 0 0 0 0 0 0 0 0 0 0 0 0 0 0 0 0 0 0 0 0 0 0 0 0 0 0 0 0 0 0 0 0 0 0 0 0 0 0 0 0 0 0 0 0 0 0 0 0 0 0 0 0 0 0 0 0 0 0 0 0 0 0 0 0 0 0 0 0 0 0 0 0 0 0 0 0 0 0 0 0 0 0 0 0 0 0 0 0 0 1 0 0 0 0 0 0 0 0 0 0 0 0 0 0 0 0 0 0 0]
[284852064699204562330817954538648745399568889450749360512789066550351374956849512998803262214991461266927143209219479428266838238702137616903568434895232733687377876100285128129342632005264840651645258104046710818190681333860835571494043805074905133882238995379964726377279885526907799360634336898253358257722225620814014915906682481288998111891 0 0 0 0 0 0 0 0 0 0 0 0 0 0 0 0 0 0 0 0 0 0 0 0 0 0 0 0 0 0 0 0 0 0 0 0 0 0 0 0 0 0 0 0 0 0 0 0 0 0 0 0 0 0 0 0 0 0 0 0 0 0 0 0 0 0 0 0 0 0 0 0 0 0 0 0 0 0 0 0 0 0 0 0 0 0 0 0 0 0 0 0 0 0 0 1 0 0 0 0 0 0 0 0 0 0 0 0 0 0 0 0 0 0]
[5618828590934389281391420698184637007639290472306181967955734447809166213641778604378272052760607849299655933389552048829810732642085414034029037728524374288849337996293261151157901312220640832463856869615516044118375367925614228826370330586464448241114980097622994831422637835978528376531546244883423550702384966457119473514701969480120658319440 0 0 0 0 0 0 0 0 0 0 0 0 0 0 0 0 0 0 0 0 0 0 0 0 0 0 0 0 0 0 0 0 0 0 0 0 0 0 0 0 0 0 0 0 0 0 0 0 0 0 0 0 0 0 0 0 0 0 0 0 0 0 0 0 0 0 0 0 0 0 0 0 0 0 0 0 0 0 0 0 0 0 0 0 0 0 0 0 0 0 0 0 0 0 0 0 1 0 0 0 0 0 0 0 0 0 0 0 0 0 0 0 0 0]
[9335793088528412426792568107974795200823636275359974632801228613228441201558018815459080865253641615709724656911482562329138548915892279818110282321894653963075824447176312364571680059225883667720036993118083147706210123598088233056525731463213362252371914196985666444331032597013815985269463541539651742170369148536604577998157336563467554519941 0 0 0 0 0 0 0 0 0 0 0 0 0 0 0 0 0 0 0 0 0 0 0 0 0 0 0 0 0 0 0 0 0 0 0 0 0 0 0 0 0 0 0 0 0 0 0 0 0 0 0 0 0 0 0 0 0 0 0 0 0 0 0 0 0 0 0 0 0 0 0 0 0 0 0 0 0 0 0 0 0 0 0 0 0 0 0 0 0 0 0 0 0 0 0 0 0 1 0 0 0 0 0 0 0 0 0 0 0 0 0 0 0 0]
[348348457511047188697954571011667129914961698279908179294021159197899586347665197580672427625159341997520816898891247562939985660706524807945706474409205749277370379004416965406225202874190189892995954479894879316866160064251877141892424843105201890407695393615379012310448636269527323138176544127084856450194044518710675036814268094157891752447 0 0 0 0 0 0 0 0 0 0 0 0 0 0 0 0 0 0 0 0 0 0 0 0 0 0 0 0 0 0 0 0 0 0 0 0 0 0 0 0 0 0 0 0 0 0 0 0 0 0 0 0 0 0 0 0 0 0 0 0 0 0 0 0 0 0 0 0 0 0 0 0 0 0 0 0 0 0 0 0 0 0 0 0 0 0 0 0 0 0 0 0 0 0 0 0 0 0 1 0 0 0 0 0 0 0 0 0 0 0 0 0 0 0]
[7200188983400175819145813922760034694958749906224373028557607613118076388337349802990353053689345965213529240083451072426416300953972092582842116500739261799883254401160004086799311980380623517594487133553149029477633172999796502371299485239492801615202998884801375818263984604278366225861623901695035256813056900600728753369118296222282313224638 0 0 0 0 0 0 0 0 0 0 0 0 0 0 0 0 0 0 0 0 0 0 0 0 0 0 0 0 0 0 0 0 0 0 0 0 0 0 0 0 0 0 0 0 0 0 0 0 0 0 0 0 0 0 0 0 0 0 0 0 0 0 0 0 0 0 0 0 0 0 0 0 0 0 0 0 0 0 0 0 0 0 0 0 0 0 0 0 0 0 0 0 0 0 0 0 0 0 0 1 0 0 0 0 0 0 0 0 0 0 0 0 0 0]
[326102771672914560390008840372382432815980689820164861590331452362139748381111266552194288224234739299065941546292822585282975048955575511390538659849075623476555360726182409560718815900721673782553776847920174274005884431723798396773509546794172005312436537817466906827731363520192735845451529265877883706206783283163845156723928181834570487390 0 0 0 0 0 0 0 0 0 0 0 0 0 0 0 0 0 0 0 0 0 0 0 0 0 0 0 0 0 0 0 0 0 0 0 0 0 0 0 0 0 0 0 0 0 0 0 0 0 0 0 0 0 0 0 0 0 0 0 0 0 0 0 0 0 0 0 0 0 0 0 0 0 0 0 0 0 0 0 0 0 0 0 0 0 0 0 0 0 0 0 0 0 0 0 0 0 0 0 0 1 0 0 0 0 0 0 0 0 0 0 0 0 0]
[8177162877194647033947886797458755150752384256918981669732820759648551331709767804908710609551840967476133336881232754570321302836803912484622527899647496483783130989259936838466314945568088795902868980492440116340096608639042613318595552374041781412734814099516904372862944153815224996905882622078570076466462627793215555764408495443590672923267 0 0 0 0 0 0 0 0 0 0 0 0 0 0 0 0 0 0 0 0 0 0 0 0 0 0 0 0 0 0 0 0 0 0 0 0 0 0 0 0 0 0 0 0 0 0 0 0 0 0 0 0 0 0 0 0 0 0 0 0 0 0 0 0 0 0 0 0 0 0 0 0 0 0 0 0 0 0 0 0 0 0 0 0 0 0 0 0 0 0 0 0 0 0 0 0 0 0 0 0 0 1 0 0 0 0 0 0 0 0 0 0 0 0]
[430856126834627521901656900374269696547928355805669078710889277005995598188062736879111882836544195973621871687152007015930105520194782723330029758483554746229382387411508342074593932013513230434013029449339829375761687889618779756650063020021809808666122473799424655733218210426191502838491923338355068201541870122966292980813204094095764830601 0 0 0 0 0 0 0 0 0 0 0 0 0 0 0 0 0 0 0 0 0 0 0 0 0 0 0 0 0 0 0 0 0 0 0 0 0 0 0 0 0 0 0 0 0 0 0 0 0 0 0 0 0 0 0 0 0 0 0 0 0 0 0 0 0 0 0 0 0 0 0 0 0 0 0 0 0 0 0 0 0 0 0 0 0 0 0 0 0 0 0 0 0 0 0 0 0 0 0 0 0 0 1 0 0 0 0 0 0 0 0 0 0 0]
[4197801958352317246318894726909654212293777237502987174722499833040317050328569629920196904534344221993599507374468997500834965384930337660094529834838556176177183636106507663396354195230536583693799956300047276661276564878668242894038556801134867107001537835768453096066971705654696236958868551944583788603456436159386352066696345105270647413960 0 0 0 0 0 0 0 0 0 0 0 0 0 0 0 0 0 0 0 0 0 0 0 0 0 0 0 0 0 0 0 0 0 0 0 0 0 0 0 0 0 0 0 0 0 0 0 0 0 0 0 0 0 0 0 0 0 0 0 0 0 0 0 0 0 0 0 0 0 0 0 0 0 0 0 0 0 0 0 0 0 0 0 0 0 0 0 0 0 0 0 0 0 0 0 0 0 0 0 0 0 0 0 1 0 0 0 0 0 0 0 0 0 0]
[6459604621260418809615414110647973860839401740651875151714914832902638762103757812007187052123752283765232056581568689338155224826720118743295378145962906167058119631439713095968802572966224602255171475498271475258685042901289282986704663088731647420712190900876004082077419502606556209177104935681986142391931740186809659468618867350289709297570 0 0 0 0 0 0 0 0 0 0 0 0 0 0 0 0 0 0 0 0 0 0 0 0 0 0 0 0 0 0 0 0 0 0 0 0 0 0 0 0 0 0 0 0 0 0 0 0 0 0 0 0 0 0 0 0 0 0 0 0 0 0 0 0 0 0 0 0 0 0 0 0 0 0 0 0 0 0 0 0 0 0 0 0 0 0 0 0 0 0 0 0 0 0 0 0 0 0 0 0 0 0 0 0 1 0 0 0 0 0 0 0 0 0]
[1973327303583468900812677301610106107317323726970107997633285754095766207557504430667413535312888590114346472623533711624347173104624438907510930990839480208596657698784691090508059294169497850504488310135294683890376774836398534142300084572174108763490423366799272107484457070974452597702880436995756993073701272295641729569356882854127084762147 0 0 0 0 0 0 0 0 0 0 0 0 0 0 0 0 0 0 0 0 0 0 0 0 0 0 0 0 0 0 0 0 0 0 0 0 0 0 0 0 0 0 0 0 0 0 0 0 0 0 0 0 0 0 0 0 0 0 0 0 0 0 0 0 0 0 0 0 0 0 0 0 0 0 0 0 0 0 0 0 0 0 0 0 0 0 0 0 0 0 0 0 0 0 0 0 0 0 0 0 0 0 0 0 0 1 0 0 0 0 0 0 0 0]
[2997709446145761038691217886571753375302726249871312503675200307412086746502562878265573738694297008886554449304911829343675537160380316266614841081007389215662845755870763761130220276761697189312310520412741212124721128604177528113278418726000752524162511771262481727520147558397671618741838491276036503676321109322266437863332412349276777914496 0 0 0 0 0 0 0 0 0 0 0 0 0 0 0 0 0 0 0 0 0 0 0 0 0 0 0 0 0 0 0 0 0 0 0 0 0 0 0 0 0 0 0 0 0 0 0 0 0 0 0 0 0 0 0 0 0 0 0 0 0 0 0 0 0 0 0 0 0 0 0 0 0 0 0 0 0 0 0 0 0 0 0 0 0 0 0 0 0 0 0 0 0 0 0 0 0 0 0 0 0 0 0 0 0 0 1 0 0 0 0 0 0 0]
[7240009685851321268534649405029100282183725443478941381570492852775166367559730681642438996757084985932591895513501515675188311971978639187206365685393919156547550753652681538400263193804542103457678686787651958455780581670566609475880594717717449706520628578893989998869853641204484337586133100698735668165569531190349067819310294665952302463892 0 0 0 0 0 0 0 0 0 0 0 0 0 0 0 0 0 0 0 0 0 0 0 0 0 0 0 0 0 0 0 0 0 0 0 0 0 0 0 0 0 0 0 0 0 0 0 0 0 0 0 0 0 0 0 0 0 0 0 0 0 0 0 0 0 0 0 0 0 0 0 0 0 0 0 0 0 0 0 0 0 0 0 0 0 0 0 0 0 0 0 0 0 0 0 0 0 0 0 0 0 0 0 0 0 0 0 1 0 0 0 0 0 0]
[1075639438315203193504439140050689190366035827188006026873034165130571208065230839100132000872289303851255554794877731979600252519601427888038607374242168953753118415656132761497729857064741576908344311354561866572859027316963730141761413987032773505503487896908377132950625474567748249810582919012606340508334387020434806363262800610133018467543 0 0 0 0 0 0 0 0 0 0 0 0 0 0 0 0 0 0 0 0 0 0 0 0 0 0 0 0 0 0 0 0 0 0 0 0 0 0 0 0 0 0 0 0 0 0 0 0 0 0 0 0 0 0 0 0 0 0 0 0 0 0 0 0 0 0 0 0 0 0 0 0 0 0 0 0 0 0 0 0 0 0 0 0 0 0 0 0 0 0 0 0 0 0 0 0 0 0 0 0 0 0 0 0 0 0 0 0 1 0 0 0 0 0]
[6867818030705381329148384996341148164616725718051484512221854199962717966940507699762165085285449740603753381416845129735305983092094318264009563765237122498314380378758892801338351833824450250979884808272111127791139126761059804851719733171576305827979768149354934395926772557042386549288232349376055534717521598727872131035741387234486781550880 0 0 0 0 0 0 0 0 0 0 0 0 0 0 0 0 0 0 0 0 0 0 0 0 0 0 0 0 0 0 0 0 0 0 0 0 0 0 0 0 0 0 0 0 0 0 0 0 0 0 0 0 0 0 0 0 0 0 0 0 0 0 0 0 0 0 0 0 0 0 0 0 0 0 0 0 0 0 0 0 0 0 0 0 0 0 0 0 0 0 0 0 0 0 0 0 0 0 0 0 0 0 0 0 0 0 0 0 0 1 0 0 0 0]
[8016572466359353694384371874960922671128384191416109617421824726701299881049748942638067558460506766334861579954162148833343138829687516206667910383410699826641485465115227789083964281669288671085809221399001224107065980770108598192832102053441585292781988581369524905549912639963004637764994632095215288933157242706199986602203123472623494584103 0 0 0 0 0 0 0 0 0 0 0 0 0 0 0 0 0 0 0 0 0 0 0 0 0 0 0 0 0 0 0 0 0 0 0 0 0 0 0 0 0 0 0 0 0 0 0 0 0 0 0 0 0 0 0 0 0 0 0 0 0 0 0 0 0 0 0 0 0 0 0 0 0 0 0 0 0 0 0 0 0 0 0 0 0 0 0 0 0 0 0 0 0 0 0 0 0 0 0 0 0 0 0 0 0 0 0 0 0 0 1 0 0 0]
[35139160531047232999072270104625817919666783892908380897789656878700936938435084044575877399565985740723468984670545100823187674695907687095496709449344646250187452521331664392856709849638334299523100662208166231285521642695596495049404133045831923316395727423984107191503200286439866090415175382581339124138943043085170592790193082479220951608 0 0 0 0 0 0 0 0 0 0 0 0 0 0 0 0 0 0 0 0 0 0 0 0 0 0 0 0 0 0 0 0 0 0 0 0 0 0 0 0 0 0 0 0 0 0 0 0 0 0 0 0 0 0 0 0 0 0 0 0 0 0 0 0 0 0 0 0 0 0 0 0 0 0 0 0 0 0 0 0 0 0 0 0 0 0 0 0 0 0 0 0 0 0 0 0 0 0 0 0 0 0 0 0 0 0 0 0 0 0 0 1 0 0]
[3921068950430865617320143519765322875909772614525607604295642362422280330129388193374969158987688153932501991067790355103665141223901165725054863210153674944619672823770203028670931983889674490376376794492836493438089165965492434231208802840565829957453949828620696325797397546670728154332725280255153815650517622524599481991038816231124136692419 0 0 0 0 0 0 0 0 0 0 0 0 0 0 0 0 0 0 0 0 0 0 0 0 0 0 0 0 0 0 0 0 0 0 0 0 0 0 0 0 0 0 0 0 0 0 0 0 0 0 0 0 0 0 0 0 0 0 0 0 0 0 0 0 0 0 0 0 0 0 0 0 0 0 0 0 0 0 0 0 0 0 0 0 0 0 0 0 0 0 0 0 0 0 0 0 0 0 0 0 0 0 0 0 0 0 0 0 0 0 0 0 1 0]
[981265661192061872012928697806629164520859987016700664451025876045897747108719695933212448265790182651084065879730116557081129259793491581502879674100346393380106410060808069757931560447230889233079347413224015035964439617787128474356898357931486538983657740771753974538029077224813363360020719377906466740091856635702977444367052902092801775767 0 0 0 0 0 0 0 0 0 0 0 0 0 0 0 0 0 0 0 0 0 0 0 0 0 0 0 0 0 0 0 0 0 0 0 0 0 0 0 0 0 0 0 0 0 0 0 0 0 0 0 0 0 0 0 0 0 0 0 0 0 0 0 0 0 0 0 0 0 0 0 0 0 0 0 0 0 0 0 0 0 0 0 0 0 0 0 0 0 0 0 0 0 0 0 0 0 0 0 0 0 0 0 0 0 0 0 0 0 0 0 0 0 1]
]
