[[9742380582618382084247467719026415108865822153233263970621557815757487258601038834840731307060829176214838858002162045390295620612069084839322857726754888906861630735655872864843158271692909255584316947194781687450955453857566177538446455960698251133654401429847502983178736681864414197164566404395125203248338001988644364692792046358808487323183 0 0 0 0 0 0 0 0 0 0 0 0 0 0 0 0 0 0 0 0 0 0 0 0 0 0 0 0 0 0 0 0 0 0 0 0 0 0 0 0 0 0 0 0 0 0 0 0 0 0 0 0 0 0 0 0 0 0 0 0 0 0 0 0 0 0 0 0 0 0 0 0 0 0 0 0 0 0 0 0 0 0 0 0 0 0 0 0 0 0 0 0 0 0 0 0 0 0 0 0 0 0 0 0 0 0 0 0 0 0 0 0 0 0]
[4226232946262010238888161523214863442845953830816191106454437712958416348631103088362792195942839681780740334076502799932968687456627514441102093708972726657212924799084625351378164087861923809169417514109388325294966912531773227981895263077793447661658976235111083598691932634452345832953158028400410368837844464206437281828704857267837770132873 1 0 0 0 0 0 0 0 0 0 0 0 0 0 0 0 0 0 0 0 0 0 0 0 0 0 0 0 0 0 0 0 0 0 0 0 0 0 0 0 0 0 0 0 0 0 0 0 0 0 0 0 0 0 0 0 0 0 0 0 0 0 0 0 0 0 0 0 0 0 0 0 0 0 0 0 0 0 0 0 0 0 0 0 0 0 0 0 0 0 0 0 0 0 0 0 0 0 0 0 0 0 0 0 0 0 0 0 0 0 0 0 0 0]
[1222936049866084940828001305914306096285721688087206685134782821047813868158796045305417799128540316078819900840566182806057950670694788179094098617104742415449011205890933321846933250652562779821274861060102826751182135593471837298940463774452977319608561237909377262943093916951305199574266222250766592391623006503950472249432941576158306361106 0 1 0 0 0 0 0 0 0 0 0 0 0 0 0 0 0 0 0 0 0 0 0 0 0 0 0 0 0 0 0 0 0 0 0 0 0 0 0 0 0 0 0 0 0 0 0 0 0 0 0 0 0 0 0 0 0 0 0 0 0 0 0 0 0 0 0 0 0 0 0 0 0 0 0 0 0 0 0 0 0 0 0 0 0 0 0 0 0 0 0 0 0 0 0 0 0 0 0 0 0 0 0 0 0 0 0 0 0 0 0 0 0 0]
[3786302319392211674974604651205640734168610665041163456785083538636291268415636498007765319839669537756080598325537971959070969266322751187231275198570106752476105561125319075941457860339804756297539439867186238837641645697310137678587792457057697115715923273436049596465554474804484796892288882433979940189218532451748246007339148174859600085276 0 0 1 0 0 0 0 0 0 0 0 0 0 0 0 0 0 0 0 0 0 0 0 0 0 0 0 0 0 0 0 0 0 0 0 0 0 0 0 0 0 0 0 0 0 0 0 0 0 0 0 0 0 0 0 0 0 0 0 0 0 0 0 0 0 0 0 0 0 0 0 0 0 0 0 0 0 0 0 0 0 0 0 0 0 0 0 0 0 0 0 0 0 0 0 0 0 0 0 0 0 0 0 0 0 0 0 0 0 0 0 0 0 0]
[9519037790595318255006323761505859966367833969976958437395848106006114842518686821326313538021160281009636457417703022113216601661915402842965397098711709105890570873398876155786970586310643002797315693118103117389559076066106713193430178204728248681376439484790222519669750201584409262932627706497624083539261344168164607777262015254991475802354 0 0 0 1 0 0 0 0 0 0 0 0 0 0 0 0 0 0 0 0 0 0 0 0 0 0 0 0 0 0 0 0 0 0 0 0 0 0 0 0 0 0 0 0 0 0 0 0 0 0 0 0 0 0 0 0 0 0 0 0 0 0 0 0 0 0 0 0 0 0 0 0 0 0 0 0 0 0 0 0 0 0 0 0 0 0 0 0 0 0 0 0 0 0 0 0 0 0 0 0 0 0 0 0 0 0 0 0 0 0 0 0 0 0]
[9140566007942926149404431139625761749147189288254789575134027396140534050882702410235224720772440265455806322301642705740045117504857514679813924701361734544372927442598139618694032876614341695122830324575131295023574304247840934715975561059333882706183101590729484256280463966832714605206849108122965564080357027305033224747416701602013319874342 0 0 0 0 1 0 0 0 0 0 0 0 0 0 0 0 0 0 0 0 0 0 0 0 0 0 0 0 0 0 0 0 0 0 0 0 0 0 0 0 0 0 0 0 0 0 0 0 0 0 0 0 0 0 0 0 0 0 0 0 0 0 0 0 0 0 0 0 0 0 0 0 0 0 0 0 0 0 0 0 0 0 0 0 0 0 0 0 0 0 0 0 0 0 0 0 0 0 0 0 0 0 0 0 0 0 0 0 0 0 0 0 0 0]
[3758927725663487917577945832830280359347684646167207187306281139360212969357859636993203638125139065555116003560331568168693518383334185398713334733444101299208499454109547078890531638852261909828714435753885816180754744287375742685659701945058335838931784108469938138274762186243971759810644802887887162688896440335267868668612744393107655607958 0 0 0 0 0 1 0 0 0 0 0 0 0 0 0 0 0 0 0 0 0 0 0 0 0 0 0 0 0 0 0 0 0 0 0 0 0 0 0 0 0 0 0 0 0 0 0 0 0 0 0 0 0 0 0 0 0 0 0 0 0 0 0 0 0 0 0 0 0 0 0 0 0 0 0 0 0 0 0 0 0 0 0 0 0 0 0 0 0 0 0 0 0 0 0 0 0 0 0 0 0 0 0 0 0 0 0 0 0 0 0 0 0 0]
[4000683156690415716512631274644403967193393571765038376626393522581163038858824567784201963841535670394398254581791927480718479920156921367561413024263224813241177496438682292397654562549625962503692412576743741929601879762654413727078027063485339525077086180639360055565489979374400783729334947675453704804911527648959409205880945429940993374687 0 0 0 0 0 0 1 0 0 0 0 0 0 0 0 0 0 0 0 0 0 0 0 0 0 0 0 0 0 0 0 0 0 0 0 0 0 0 0 0 0 0 0 0 0 0 0 0 0 0 0 0 0 0 0 0 0 0 0 0 0 0 0 0 0 0 0 0 0 0 0 0 0 0 0 0 0 0 0 0 0 0 0 0 0 0 0 0 0 0 0 0 0 0 0 0 0 0 0 0 0 0 0 0 0 0 0 0 0 0 0 0 0 0]
[8342182891292778233523445950694955701652797148215905274478450120298622835277466976175961987138303680970026662959350152914892702226979371459419039512370369152577300614148172166482869875232304213593366589520304514136652372719413970353764703910766644041987282794327771975507825863086008863581135042497920716689072276445395537651665121724440117309489 0 0 0 0 0 0 0 1 0 0 0 0 0 0 0 0 0 0 0 0 0 0 0 0 0 0 0 0 0 0 0 0 0 0 0 0 0 0 0 0 0 0 0 0 0 0 0 0 0 0 0 0 0 0 0 0 0 0 0 0 0 0 0 0 0 0 0 0 0 0 0 0 0 0 0 0 0 0 0 0 0 0 0 0 0 0 0 0 0 0 0 0 0 0 0 0 0 0 0 0 0 0 0 0 0 0 0 0 0 0 0 0 0 0]
[1365224567908962190281015835534036839691608797960842049641328104040368529815353282698557361928617191457920565895118693798396817257703865097361870607478006416699850782320748934794290525045067101605799608958735358373447587974012111963038433023436526313525806378251925121751264603204427579628503117848363021606200990749745780008145210117041180129255 0 0 0 0 0 0 0 0 1 0 0 0 0 0 0 0 0 0 0 0 0 0 0 0 0 0 0 0 0 0 0 0 0 0 0 0 0 0 0 0 0 0 0 0 0 0 0 0 0 0 0 0 0 0 0 0 0 0 0 0 0 0 0 0 0 0 0 0 0 0 0 0 0 0 0 0 0 0 0 0 0 0 0 0 0 0 0 0 0 0 0 0 0 0 0 0 0 0 0 0 0 0 0 0 0 0 0 0 0 0 0 0 0 0]
[4787173033525439157042432069090781700783917614189007559876747155925591785681113953592710118672295567261507085668890130678504964368144846328041322588387607148386324647810609559645389958752454078795599749551192202246496543912514097701184605486584828744596076174052799552541212063874590937774047089222898536181321832606237527883962770946962070006166 0 0 0 0 0 0 0 0 0 1 0 0 0 0 0 0 0 0 0 0 0 0 0 0 0 0 0 0 0 0 0 0 0 0 0 0 0 0 0 0 0 0 0 0 0 0 0 0 0 0 0 0 0 0 0 0 0 0 0 0 0 0 0 0 0 0 0 0 0 0 0 0 0 0 0 0 0 0 0 0 0 0 0 0 0 0 0 0 0 0 0 0 0 0 0 0 0 0 0 0 0 0 0 0 0 0 0 0 0 0 0 0 0 0]
[923452572827035939305905584274881786969569348916610685638536882590164931494419189135967845992376261038420420958762669152666502519877078071830013487749330203480285354720418098783657904491786168720400149103273199549309087358875395584988607981764906108509303543776481872280291164612364899514581414397349144408269049396730750531498172668556227266263 0 0 0 0 0 0 0 0 0 0 1 0 0 0 0 0 0 0 0 0 0 0 0 0 0 0 0 0 0 0 0 0 0 0 0 0 0 0 0 0 0 0 0 0 0 0 0 0 0 0 0 0 0 0 0 0 0 0 0 0 0 0 0 0 0 0 0 0 0 0 0 0 0 0 0 0 0 0 0 0 0 0 0 0 0 0 0 0 0 0 0 0 0 0 0 0 0 0 0 0 0 0 0 0 0 0 0 0 0 0 0 0 0 0]
[5908180901774642816870640339482677602242001571873293218582466989748585843955633301145460303336533004326212032579814407465199690284596575678469833772065655439917151361711703755423334658406817374888784127298311827285660073302751698245550695269079420538197481576301493056602650632816008371292965123939741242573711187075168315540953965925940181936389 0 0 0 0 0 0 0 0 0 0 0 1 0 0 0 0 0 0 0 0 0 0 0 0 0 0 0 0 0 0 0 0 0 0 0 0 0 0 0 0 0 0 0 0 0 0 0 0 0 0 0 0 0 0 0 0 0 0 0 0 0 0 0 0 0 0 0 0 0 0 0 0 0 0 0 0 0 0 0 0 0 0 0 0 0 0 0 0 0 0 0 0 0 0 0 0 0 0 0 0 0 0 0 0 0 0 0 0 0 0 0 0 0 0]
[1810434324383249117483695631282743674935558531768220311729665596588104319486596377513981662531201230824577704548580503023811326604152523414712799615170525864873290790585116377813916221822357140781488611415408541823907935482776311126162737134424259174426941517565186041177458625452463311350599797935921476243088268256933044489350979426164123997362 0 0 0 0 0 0 0 0 0 0 0 0 1 0 0 0 0 0 0 0 0 0 0 0 0 0 0 0 0 0 0 0 0 0 0 0 0 0 0 0 0 0 0 0 0 0 0 0 0 0 0 0 0 0 0 0 0 0 0 0 0 0 0 0 0 0 0 0 0 0 0 0 0 0 0 0 0 0 0 0 0 0 0 0 0 0 0 0 0 0 0 0 0 0 0 0 0 0 0 0 0 0 0 0 0 0 0 0 0 0 0 0 0 0]
[1057762959544369088786863557149588484920846325381873826537679766262214845810951889721887777049863528947474393950510105892156312950469072404169545488158994121264944535217102594764944113166624393707013572269824059854413613306936561005304212818743607212303957256419277613591463479086292303171037494693550742892722343289215419173258234195761330556173 0 0 0 0 0 0 0 0 0 0 0 0 0 1 0 0 0 0 0 0 0 0 0 0 0 0 0 0 0 0 0 0 0 0 0 0 0 0 0 0 0 0 0 0 0 0 0 0 0 0 0 0 0 0 0 0 0 0 0 0 0 0 0 0 0 0 0 0 0 0 0 0 0 0 0 0 0 0 0 0 0 0 0 0 0 0 0 0 0 0 0 0 0 0 0 0 0 0 0 0 0 0 0 0 0 0 0 0 0 0 0 0 0 0]
[5386480739110926070889454038734870373495964236847930543982166540114568892207174436558574439785327292314032088266779537137553516118781201977514578473460434260685183701574377002310323561112827778824091355617734261521780116257680728028573923546757344633009755894339087002571599015067446237950197324331483029663923656805302244509374580073868374578730 0 0 0 0 0 0 0 0 0 0 0 0 0 0 1 0 0 0 0 0 0 0 0 0 0 0 0 0 0 0 0 0 0 0 0 0 0 0 0 0 0 0 0 0 0 0 0 0 0 0 0 0 0 0 0 0 0 0 0 0 0 0 0 0 0 0 0 0 0 0 0 0 0 0 0 0 0 0 0 0 0 0 0 0 0 0 0 0 0 0 0 0 0 0 0 0 0 0 0 0 0 0 0 0 0 0 0 0 0 0 0 0 0 0]
[8933588407201598737663365520855300986734757266033245884871564498732988941083156550648116481394514370310693665595854679824338927629583608222800116986413993406704512682579776627890443404028213675974263586105905562349262150020216102895733676492898802590336862749761983716852612307927252261307051792983500682316200243506067191073919443321476616077122 0 0 0 0 0 0 0 0 0 0 0 0 0 0 0 1 0 0 0 0 0 0 0 0 0 0 0 0 0 0 0 0 0 0 0 0 0 0 0 0 0 0 0 0 0 0 0 0 0 0 0 0 0 0 0 0 0 0 0 0 0 0 0 0 0 0 0 0 0 0 0 0 0 0 0 0 0 0 0 0 0 0 0 0 0 0 0 0 0 0 0 0 0 0 0 0 0 0 0 0 0 0 0 0 0 0 0 0 0 0 0 0 0 0]
[3384278516284385523727928594993609703435672466525917322910426355293841588401100747075207933937177757681332580648918988970215745687117707493342984366803506099161598119700372107692372814547685677121315839727322237934636290585436784648687538513606886504839998846469366854647111887510607883770764669472144728621761733701492444421500101417260117350587 0 0 0 0 0 0 0 0 0 0 0 0 0 0 0 0 1 0 0 0 0 0 0 0 0 0 0 0 0 0 0 0 0 0 0 0 0 0 0 0 0 0 0 0 0 0 0 0 0 0 0 0 0 0 0 0 0 0 0 0 0 0 0 0 0 0 0 0 0 0 0 0 0 0 0 0 0 0 0 0 0 0 0 0 0 0 0 0 0 0 0 0 0 0 0 0 0 0 0 0 0 0 0 0 0 0 0 0 0 0 0 0 0 0]
[8549267238758603574924680409362173010101650720461839100799709604492798155228464892736030618539513029760727606765504334006606544500329677165527019601217054333980300124070104895326383259754089778936323397445163876717499583694800640990851357109194097399265522714990852624186667271704118160328831107911082886991060447939429419548678068471352319965649 0 0 0 0 0 0 0 0 0 0 0 0 0 0 0 0 0 1 0 0 0 0 0 0 0 0 0 0 0 0 0 0 0 0 0 0 0 0 0 0 0 0 0 0 0 0 0 0 0 0 0 0 0 0 0 0 0 0 0 0 0 0 0 0 0 0 0 0 0 0 0 0 0 0 0 0 0 0 0 0 0 0 0 0 0 0 0 0 0 0 0 0 0 0 0 0 0 0 0 0 0 0 0 0 0 0 0 0 0 0 0 0 0 0]
[9664026930137684551190346972445875397192405439794634295140042102271302396870908662941920845440985427982234083192240452502858634839173300479090692130149033438505396990463497063024229527617762375653611451493475269410220729962508116354593277198455535204127915560917916027270496358172211986783810977292746974682168344899622527886818744398052040471449 0 0 0 0 0 0 0 0 0 0 0 0 0 0 0 0 0 0 1 0 0 0 0 0 0 0 0 0 0 0 0 0 0 0 0 0 0 0 0 0 0 0 0 0 0 0 0 0 0 0 0 0 0 0 0 0 0 0 0 0 0 0 0 0 0 0 0 0 0 0 0 0 0 0 0 0 0 0 0 0 0 0 0 0 0 0 0 0 0 0 0 0 0 0 0 0 0 0 0 0 0 0 0 0 0 0 0 0 0 0 0 0 0 0]
[5452215070444802490144505884265023489795399983257452706275062922906773410727377457117903470313515335813055384994658180019039738111814807801403766696587249573666640959235649890469571014321740451929269917884598991168763597273034801683052198005950418945841690529901412005620061848507590010713977966499980842374827443288408409500737068932328495422732 0 0 0 0 0 0 0 0 0 0 0 0 0 0 0 0 0 0 0 1 0 0 0 0 0 0 0 0 0 0 0 0 0 0 0 0 0 0 0 0 0 0 0 0 0 0 0 0 0 0 0 0 0 0 0 0 0 0 0 0 0 0 0 0 0 0 0 0 0 0 0 0 0 0 0 0 0 0 0 0 0 0 0 0 0 0 0 0 0 0 0 0 0 0 0 0 0 0 0 0 0 0 0 0 0 0 0 0 0 0 0 0 0 0]
[9431256613601047601873802034583088370722739987301249930022101717883721513420667838727792387368341790442832864818957473475031176255216937382686219114894817928362242886684578272023525873614393668892228127243439579136597537030883845291886187531386706058460779087839870223912409892543879130281824422037904486886375526051227699297172511864761209136147 0 0 0 0 0 0 0 0 0 0 0 0 0 0 0 0 0 0 0 0 1 0 0 0 0 0 0 0 0 0 0 0 0 0 0 0 0 0 0 0 0 0 0 0 0 0 0 0 0 0 0 0 0 0 0 0 0 0 0 0 0 0 0 0 0 0 0 0 0 0 0 0 0 0 0 0 0 0 0 0 0 0 0 0 0 0 0 0 0 0 0 0 0 0 0 0 0 0 0 0 0 0 0 0 0 0 0 0 0 0 0 0 0 0]
[2168169887547817574601609555595227528360372590314948651103759912374866394250377483503035515378472170496063055293884266421538478309825845846001057581201319035040967474051623682518441802489263144104013664833599014834077252735808775130169143812033355998654436710782547992083002811923947626502229642066978342497659067097579451431204729109430463635630 0 0 0 0 0 0 0 0 0 0 0 0 0 0 0 0 0 0 0 0 0 1 0 0 0 0 0 0 0 0 0 0 0 0 0 0 0 0 0 0 0 0 0 0 0 0 0 0 0 0 0 0 0 0 0 0 0 0 0 0 0 0 0 0 0 0 0 0 0 0 0 0 0 0 0 0 0 0 0 0 0 0 0 0 0 0 0 0 0 0 0 0 0 0 0 0 0 0 0 0 0 0 0 0 0 0 0 0 0 0 0 0 0 0]
[9081009919358914641660623591542344577996556019642684478635082431674688163805766492239168399965653843457643397183173964956110938035887832681538347812874346576804907412571431459272883100902405488517817221218579648594742067788297691162996501057542864670731365254143019807226013525808192347217281596335969966007547776569778977232386495818408520278942 0 0 0 0 0 0 0 0 0 0 0 0 0 0 0 0 0 0 0 0 0 0 1 0 0 0 0 0 0 0 0 0 0 0 0 0 0 0 0 0 0 0 0 0 0 0 0 0 0 0 0 0 0 0 0 0 0 0 0 0 0 0 0 0 0 0 0 0 0 0 0 0 0 0 0 0 0 0 0 0 0 0 0 0 0 0 0 0 0 0 0 0 0 0 0 0 0 0 0 0 0 0 0 0 0 0 0 0 0 0 0 0 0 0]
[7712314011377031506204624038711751076708308066200226335805160899117713952373783762880179266653754550734055893873698845120792285231966985691888429443714974570697624349224171082670086590177951690382333184273393329246000496989709714997106917793916665283714468808798040114009229556454157619118412089298665738089204711782527227668523901254875748069788 0 0 0 0 0 0 0 0 0 0 0 0 0 0 0 0 0 0 0 0 0 0 0 1 0 0 0 0 0 0 0 0 0 0 0 0 0 0 0 0 0 0 0 0 0 0 0 0 0 0 0 0 0 0 0 0 0 0 0 0 0 0 0 0 0 0 0 0 0 0 0 0 0 0 0 0 0 0 0 0 0 0 0 0 0 0 0 0 0 0 0 0 0 0 0 0 0 0 0 0 0 0 0 0 0 0 0 0 0 0 0 0 0 0]
[4049803170442073792728482279273588148879592030885118947575465197557111396031514526789466799987672089197597081014760454492331224089591016354717029236760534403206978167446338694795700940582923809979723529508745897446602202354497808833013409611314634833699093201834003556277645106782191416915048606080444193598006481075187844417386999464125586562253 0 0 0 0 0 0 0 0 0 0 0 0 0 0 0 0 0 0 0 0 0 0 0 0 1 0 0 0 0 0 0 0 0 0 0 0 0 0 0 0 0 0 0 0 0 0 0 0 0 0 0 0 0 0 0 0 0 0 0 0 0 0 0 0 0 0 0 0 0 0 0 0 0 0 0 0 0 0 0 0 0 0 0 0 0 0 0 0 0 0 0 0 0 0 0 0 0 0 0 0 0 0 0 0 0 0 0 0 0 0 0 0 0 0]
[3117945658015700192125127619251940889744149867944586003037617950031864003706062059675923351747374687549916825966170567582150191896025690634605018490549513375855296131839453681255568849076542860622447749445329938564074225899590183116917318075491724776201052236376292890622970874769553543511777373491265915915568932155195251557859913319277669496530 0 0 0 0 0 0 0 0 0 0 0 0 0 0 0 0 0 0 0 0 0 0 0 0 0 1 0 0 0 0 0 0 0 0 0 0 0 0 0 0 0 0 0 0 0 0 0 0 0 0 0 0 0 0 0 0 0 0 0 0 0 0 0 0 0 0 0 0 0 0 0 0 0 0 0 0 0 0 0 0 0 0 0 0 0 0 0 0 0 0 0 0 0 0 0 0 0 0 0 0 0 0 0 0 0 0 0 0 0 0 0 0 0 0]
[9296141038095670646742165590988277229973301691509656542576787314852712286176662741860673135606371498651545053189739795639082136830130031502480133573929424443410793664340667051721058268146095086442598531732282049330789995966816830987246790337581309979233758437660828481091031240299712642262903190201618526436234458138067484231294423986448654944615 0 0 0 0 0 0 0 0 0 0 0 0 0 0 0 0 0 0 0 0 0 0 0 0 0 0 1 0 0 0 0 0 0 0 0 0 0 0 0 0 0 0 0 0 0 0 0 0 0 0 0 0 0 0 0 0 0 0 0 0 0 0 0 0 0 0 0 0 0 0 0 0 0 0 0 0 0 0 0 0 0 0 0 0 0 0 0 0 0 0 0 0 0 0 0 0 0 0 0 0 0 0 0 0 0 0 0 0 0 0 0 0 0 0]
[9344556464301416870876634767157426307600520590218629795294877577633693363493080928077528898771531107366986870408176984552273305448117065049727782051327866652533723944801025644942833603983610257560158869678927765870732887716560762292088945786781751938193619367713803663277392045640101218725784357809438688087651800312421233176589292218805667768472 0 0 0 0 0 0 0 0 0 0 0 0 0 0 0 0 0 0 0 0 0 0 0 0 0 0 0 1 0 0 0 0 0 0 0 0 0 0 0 0 0 0 0 0 0 0 0 0 0 0 0 0 0 0 0 0 0 0 0 0 0 0 0 0 0 0 0 0 0 0 0 0 0 0 0 0 0 0 0 0 0 0 0 0 0 0 0 0 0 0 0 0 0 0 0 0 0 0 0 0 0 0 0 0 0 0 0 0 0 0 0 0 0 0]
[1332904532773742762893327498265782682849603064408178700611052312180037829379044717754118976079379327479362440305972490479895351898652184563071310797238633364513663932989631698740949179625509187048218866030911527426738699292047646934569052163024658850182133822685254968941333549230689467158769627244623637712140490184070108734946818213940377734162 0 0 0 0 0 0 0 0 0 0 0 0 0 0 0 0 0 0 0 0 0 0 0 0 0 0 0 0 1 0 0 0 0 0 0 0 0 0 0 0 0 0 0 0 0 0 0 0 0 0 0 0 0 0 0 0 0 0 0 0 0 0 0 0 0 0 0 0 0 0 0 0 0 0 0 0 0 0 0 0 0 0 0 0 0 0 0 0 0 0 0 0 0 0 0 0 0 0 0 0 0 0 0 0 0 0 0 0 0 0 0 0 0 0]
[6913086193001995888881771330632378221925910711714821242166438948510198653520751105673734552782673551749001059948509390419655427602177059101119486689544035551274079300187593443203672913415067601552462192945112503277794995830807281381771942492029766644328635460619781825190559552324148425793483176134410820699683937837538590563809357503599894666976 0 0 0 0 0 0 0 0 0 0 0 0 0 0 0 0 0 0 0 0 0 0 0 0 0 0 0 0 0 1 0 0 0 0 0 0 0 0 0 0 0 0 0 0 0 0 0 0 0 0 0 0 0 0 0 0 0 0 0 0 0 0 0 0 0 0 0 0 0 0 0 0 0 0 0 0 0 0 0 0 0 0 0 0 0 0 0 0 0 0 0 0 0 0 0 0 0 0 0 0 0 0 0 0 0 0 0 0 0 0 0 0 0 0]
[6924761712100696823505618047085319535990038448917979107654826702082359576369410498157444486872833031672071768511405400611142964006214757841090076568520139996146153695493754818745889561209194460329781236294080061668686087912311952791520503130878109032536866923108263477226080734003994786973859986285127560984490826918336692021445532680942968069278 0 0 0 0 0 0 0 0 0 0 0 0 0 0 0 0 0 0 0 0 0 0 0 0 0 0 0 0 0 0 1 0 0 0 0 0 0 0 0 0 0 0 0 0 0 0 0 0 0 0 0 0 0 0 0 0 0 0 0 0 0 0 0 0 0 0 0 0 0 0 0 0 0 0 0 0 0 0 0 0 0 0 0 0 0 0 0 0 0 0 0 0 0 0 0 0 0 0 0 0 0 0 0 0 0 0 0 0 0 0 0 0 0 0]
[6230098681626240286652864861349905770663293031817210112347264957199367026065415248924730096578617817648683411262395034897839173233922720217520322709104567817343452772297801783911182281160752418335306243238971777583214079816065213802529157345395749012562577236344805119322140972873153320213258511792640699676821542721006803907745772044634320244898 0 0 0 0 0 0 0 0 0 0 0 0 0 0 0 0 0 0 0 0 0 0 0 0 0 0 0 0 0 0 0 1 0 0 0 0 0 0 0 0 0 0 0 0 0 0 0 0 0 0 0 0 0 0 0 0 0 0 0 0 0 0 0 0 0 0 0 0 0 0 0 0 0 0 0 0 0 0 0 0 0 0 0 0 0 0 0 0 0 0 0 0 0 0 0 0 0 0 0 0 0 0 0 0 0 0 0 0 0 0 0 0 0 0]
[6771395278351515194588410634194783047449465502090696905698827410689944961930824203471256848129570401311582994279361948769549816887540798393193517849318271465440327137593047839744297096314870595842466443554788732472207592895965157102262369954870016214116096666805012879394329777338902407733016764702110025721074140841562321829081432810237136244069 0 0 0 0 0 0 0 0 0 0 0 0 0 0 0 0 0 0 0 0 0 0 0 0 0 0 0 0 0 0 0 0 1 0 0 0 0 0 0 0 0 0 0 0 0 0 0 0 0 0 0 0 0 0 0 0 0 0 0 0 0 0 0 0 0 0 0 0 0 0 0 0 0 0 0 0 0 0 0 0 0 0 0 0 0 0 0 0 0 0 0 0 0 0 0 0 0 0 0 0 0 0 0 0 0 0 0 0 0 0 0 0 0 0]
[5526241178732956021411113988389883173246520875844388204745024458247477470710258987489426749166549715687168834432489332682345253572096922601933304295035051467544739572109056994679109616653756284766120313366357552819072617331997240531531520765671221721081326456157217418440013317276736093819495036597325474947613063415385374768215440360243299412670 0 0 0 0 0 0 0 0 0 0 0 0 0 0 0 0 0 0 0 0 0 0 0 0 0 0 0 0 0 0 0 0 0 1 0 0 0 0 0 0 0 0 0 0 0 0 0 0 0 0 0 0 0 0 0 0 0 0 0 0 0 0 0 0 0 0 0 0 0 0 0 0 0 0 0 0 0 0 0 0 0 0 0 0 0 0 0 0 0 0 0 0 0 0 0 0 0 0 0 0 0 0 0 0 0 0 0 0 0 0 0 0 0 0]
[772250816521756131410729084254064766498238700939482235219175719151918375070834455924609735043308395696256413053517885759990423290213404749261183482584637890037083790886417799412645433436510060503544834348795043090108154797438614478911078179485931737017410242634304776221424926182715446342799302293958882584916986100031078772883133689845249890722 0 0 0 0 0 0 0 0 0 0 0 0 0 0 0 0 0 0 0 0 0 0 0 0 0 0 0 0 0 0 0 0 0 0 1 0 0 0 0 0 0 0 0 0 0 0 0 0 0 0 0 0 0 0 0 0 0 0 0 0 0 0 0 0 0 0 0 0 0 0 0 0 0 0 0 0 0 0 0 0 0 0 0 0 0 0 0 0 0 0 0 0 0 0 0 0 0 0 0 0 0 0 0 0 0 0 0 0 0 0 0 0 0 0]
[5329935516939344495281698198486765525588865153228282878115767159727892227952853142213271810983807845303065037353888007614599371926303762507282691501835022076256824682034620696040720895027541170216491443237528433961295815868245699827531798952066351527379495452393635935579961123283517236837932508519067739929780694110805014560451788818680029083002 0 0 0 0 0 0 0 0 0 0 0 0 0 0 0 0 0 0 0 0 0 0 0 0 0 0 0 0 0 0 0 0 0 0 0 1 0 0 0 0 0 0 0 0 0 0 0 0 0 0 0 0 0 0 0 0 0 0 0 0 0 0 0 0 0 0 0 0 0 0 0 0 0 0 0 0 0 0 0 0 0 0 0 0 0 0 0 0 0 0 0 0 0 0 0 0 0 0 0 0 0 0 0 0 0 0 0 0 0 0 0 0 0 0]
[9063949116529165674654713446421172279382010472246343939850153409718473260717640276739074512161023924589631239374141426106492660801905393394113690244462795881088276290737699576015860711390716866362918997439986830014504267544083268367420506706241266389157381294584186806789414097410483263697516926759382342006629122391376725483901869530626657787803 0 0 0 0 0 0 0 0 0 0 0 0 0 0 0 0 0 0 0 0 0 0 0 0 0 0 0 0 0 0 0 0 0 0 0 0 1 0 0 0 0 0 0 0 0 0 0 0 0 0 0 0 0 0 0 0 0 0 0 0 0 0 0 0 0 0 0 0 0 0 0 0 0 0 0 0 0 0 0 0 0 0 0 0 0 0 0 0 0 0 0 0 0 0 0 0 0 0 0 0 0 0 0 0 0 0 0 0 0 0 0 0 0 0]
[1222846243332037684978963213054169887451141286869927045418566389901296588481184229947060494567855019621173893677905901931991870562270348536501519943784221807904901839492993618237447146653542168135702900353395724702828526839537875561899193145042280062281218366700061112477111317931098196753229819853180186661319711151190873729303362053595299201687 0 0 0 0 0 0 0 0 0 0 0 0 0 0 0 0 0 0 0 0 0 0 0 0 0 0 0 0 0 0 0 0 0 0 0 0 0 1 0 0 0 0 0 0 0 0 0 0 0 0 0 0 0 0 0 0 0 0 0 0 0 0 0 0 0 0 0 0 0 0 0 0 0 0 0 0 0 0 0 0 0 0 0 0 0 0 0 0 0 0 0 0 0 0 0 0 0 0 0 0 0 0 0 0 0 0 0 0 0 0 0 0 0 0]
[5689573710335158193794904972241441190252460792099166990310705580393722634776306882469036819693392572213523269826092596101186028058846742294499001007898514661335806234644800537602639210778036804796062746584562944588908903097852305867867482412703474550266115647565322158660518496463155091939310353431454512552650332630657534681644936624747936332515 0 0 0 0 0 0 0 0 0 0 0 0 0 0 0 0 0 0 0 0 0 0 0 0 0 0 0 0 0 0 0 0 0 0 0 0 0 0 1 0 0 0 0 0 0 0 0 0 0 0 0 0 0 0 0 0 0 0 0 0 0 0 0 0 0 0 0 0 0 0 0 0 0 0 0 0 0 0 0 0 0 0 0 0 0 0 0 0 0 0 0 0 0 0 0 0 0 0 0 0 0 0 0 0 0 0 0 0 0 0 0 0 0 0]
[6031262438399566361594112202696348835648086511842919502659064941002013512331229417829337559980393803674220750071506050808912029463015857606927775248292810119309552377675205462277060717586449118600200392613744803500735158049635344073208592874956847132169094156631357951527967557560976782138127736168703991350085762836409985258916564124652282313606 0 0 0 0 0 0 0 0 0 0 0 0 0 0 0 0 0 0 0 0 0 0 0 0 0 0 0 0 0 0 0 0 0 0 0 0 0 0 0 1 0 0 0 0 0 0 0 0 0 0 0 0 0 0 0 0 0 0 0 0 0 0 0 0 0 0 0 0 0 0 0 0 0 0 0 0 0 0 0 0 0 0 0 0 0 0 0 0 0 0 0 0 0 0 0 0 0 0 0 0 0 0 0 0 0 0 0 0 0 0 0 0 0 0]
[3892504643838015500583804026090112710165841932081589430312701602943225506980523142938560178144469910646984608048183317423466568334234155601739816714658211688057332490033033659017718178820221888973580601247546311798187316454470975160424447487606420613470698807016562920828417549076127134964551138745342240401109825728392176713335763605485390384722 0 0 0 0 0 0 0 0 0 0 0 0 0 0 0 0 0 0 0 0 0 0 0 0 0 0 0 0 0 0 0 0 0 0 0 0 0 0 0 0 1 0 0 0 0 0 0 0 0 0 0 0 0 0 0 0 0 0 0 0 0 0 0 0 0 0 0 0 0 0 0 0 0 0 0 0 0 0 0 0 0 0 0 0 0 0 0 0 0 0 0 0 0 0 0 0 0 0 0 0 0 0 0 0 0 0 0 0 0 0 0 0 0 0]
[8738623843944717200405452111329127896904324103710158030531207992761575823869798086368223667935367971390380592557619520518568334032309729780922967457750433202612717273615518327503516333246585267057391332510822774930905624144931921291407092404991059104925050038010596944211913091876078228829329620615796465991786568056189649108901457635208541630312 0 0 0 0 0 0 0 0 0 0 0 0 0 0 0 0 0 0 0 0 0 0 0 0 0 0 0 0 0 0 0 0 0 0 0 0 0 0 0 0 0 1 0 0 0 0 0 0 0 0 0 0 0 0 0 0 0 0 0 0 0 0 0 0 0 0 0 0 0 0 0 0 0 0 0 0 0 0 0 0 0 0 0 0 0 0 0 0 0 0 0 0 0 0 0 0 0 0 0 0 0 0 0 0 0 0 0 0 0 0 0 0 0 0]
[1786769511241195529707919562674575376056106883630619227808717497936011919311335236007162432133077711607032054006110777722508866197541187476907838502249661270352739594821664058566037725950453633603964395418958849957232436434513484730491392804019342366475858832640077280603915848583993507793440754580367036119350592839920384230945516639977877723329 0 0 0 0 0 0 0 0 0 0 0 0 0 0 0 0 0 0 0 0 0 0 0 0 0 0 0 0 0 0 0 0 0 0 0 0 0 0 0 0 0 0 1 0 0 0 0 0 0 0 0 0 0 0 0 0 0 0 0 0 0 0 0 0 0 0 0 0 0 0 0 0 0 0 0 0 0 0 0 0 0 0 0 0 0 0 0 0 0 0 0 0 0 0 0 0 0 0 0 0 0 0 0 0 0 0 0 0 0 0 0 0 0 0]
[9446698806752467860029787901452293187901388304268536869026746902111484802160280744325805574059910517277631844331409063198475689856247803338340365126385819563778614454867669094581923363091580472414906292629504310272484855241130876506964496836350905556854525214744440851541188649889567589732843474141578218213105652760742822934890336771800637505044 0 0 0 0 0 0 0 0 0 0 0 0 0 0 0 0 0 0 0 0 0 0 0 0 0 0 0 0 0 0 0 0 0 0 0 0 0 0 0 0 0 0 0 1 0 0 0 0 0 0 0 0 0 0 0 0 0 0 0 0 0 0 0 0 0 0 0 0 0 0 0 0 0 0 0 0 0 0 0 0 0 0 0 0 0 0 0 0 0 0 0 0 0 0 0 0 0 0 0 0 0 0 0 0 0 0 0 0 0 0 0 0 0 0]
[3165274833625054497699269140437985913555621335361788868814124744687610434586014053170539614020860532984674803804767985532494796629309473836729365760028387359954484881135893676384010478145480626585697938634989644335272661290746310801249064026622032148722477934987043293932374401168471962746319541483386653219372233406742449305866042312228170186207 0 0 0 0 0 0 0 0 0 0 0 0 0 0 0 0 0 0 0 0 0 0 0 0 0 0 0 0 0 0 0 0 0 0 0 0 0 0 0 0 0 0 0 0 1 0 0 0 0 0 0 0 0 0 0 0 0 0 0 0 0 0 0 0 0 0 0 0 0 0 0 0 0 0 0 0 0 0 0 0 0 0 0 0 0 0 0 0 0 0 0 0 0 0 0 0 0 0 0 0 0 0 0 0 0 0 0 0 0 0 0 0 0 0]
[8050641695520944340804420022039534417735643228808550660092741342560873541862637719829740694527145499600060109424709567231104939544404994459510375231211666052767023816363999724420511949694134031491496453205966521332078739955928968753502443299562566324287088129030594306953448256590333270157442058804128670952510008891330881141395746992852706520568 0 0 0 0 0 0 0 0 0 0 0 0 0 0 0 0 0 0 0 0 0 0 0 0 0 0 0 0 0 0 0 0 0 0 0 0 0 0 0 0 0 0 0 0 0 1 0 0 0 0 0 0 0 0 0 0 0 0 0 0 0 0 0 0 0 0 0 0 0 0 0 0 0 0 0 0 0 0 0 0 0 0 0 0 0 0 0 0 0 0 0 0 0 0 0 0 0 0 0 0 0 0 0 0 0 0 0 0 0 0 0 0 0 0]
[2794513442346109597449933222146650762721936179433794035981472568578495362357861317955278310678677712270073852371391324405008232692060624280030565291739595614217714694142549864224147605452630213991246256921059491758430639805617590096723223329639384219338677780772990604764515209400982578915986656644612862012354251006053353745823129015958167718173 0 0 0 0 0 0 0 0 0 0 0 0 0 0 0 0 0 0 0 0 0 0 0 0 0 0 0 0 0 0 0 0 0 0 0 0 0 0 0 0 0 0 0 0 0 0 1 0 0 0 0 0 0 0 0 0 0 0 0 0 0 0 0 0 0 0 0 0 0 0 0 0 0 0 0 0 0 0 0 0 0 0 0 0 0 0 0 0 0 0 0 0 0 0 0 0 0 0 0 0 0 0 0 0 0 0 0 0 0 0 0 0 0 0]
[9729355148600206190015019178974046900126249966345506989891258419936895757191731095288436077417223537123605127683290347444301593715448066948101749186987219509675594763585561832915377566167683466808817198777681744961420880077181475000002428366013266313139565537474606689071461154084655718701138513884888109630970621685046377700973540373039558639317 0 0 0 0 0 0 0 0 0 0 0 0 0 0 0 0 0 0 0 0 0 0 0 0 0 0 0 0 0 0 0 0 0 0 0 0 0 0 0 0 0 0 0 0 0 0 0 1 0 0 0 0 0 0 0 0 0 0 0 0 0 0 0 0 0 0 0 0 0 0 0 0 0 0 0 0 0 0 0 0 0 0 0 0 0 0 0 0 0 0 0 0 0 0 0 0 0 0 0 0 0 0 0 0 0 0 0 0 0 0 0 0 0 0]
[4533645499440103487925800011150914381366417946438850122459527213973233637595131685491192131101673536712849603394509990066239254969515649301652653680276320006923860220302426947788544468452746196720841643421560299383159703435645304490837345219739199470951508893816718659406231238526153651232903115617142191928542941822449006567249962608217343823017 0 0 0 0 0 0 0 0 0 0 0 0 0 0 0 0 0 0 0 0 0 0 0 0 0 0 0 0 0 0 0 0 0 0 0 0 0 0 0 0 0 0 0 0 0 0 0 0 1 0 0 0 0 0 0 0 0 0 0 0 0 0 0 0 0 0 0 0 0 0 0 0 0 0 0 0 0 0 0 0 0 0 0 0 0 0 0 0 0 0 0 0 0 0 0 0 0 0 0 0 0 0 0 0 0 0 0 0 0 0 0 0 0 0]
[3342857183705025851279265163448024130455965405266229235968530191771259478716984054472926175395139434834312750072735148748680006182569767765353699301415224778845272282618794082722823937516863752223948457845041875883042667251082737188571774938295123022246700673427191212125235817980444895758069983226444771086710722737160380683848749213377664420856 0 0 0 0 0 0 0 0 0 0 0 0 0 0 0 0 0 0 0 0 0 0 0 0 0 0 0 0 0 0 0 0 0 0 0 0 0 0 0 0 0 0 0 0 0 0 0 0 0 1 0 0 0 0 0 0 0 0 0 0 0 0 0 0 0 0 0 0 0 0 0 0 0 0 0 0 0 0 0 0 0 0 0 0 0 0 0 0 0 0 0 0 0 0 0 0 0 0 0 0 0 0 0 0 0 0 0 0 0 0 0 0 0 0]
[2422268834223715572333810697208167679110836167938072647621725901488925293330246052197999857580576598116203535324992726712044145853452479881977932669466929499546037096827723328278288603924640144653630703335938964900125681794574850906504647493381063526264126008540797773835101844604830749284559616083087074132127190509395782163462149164774484150574 0 0 0 0 0 0 0 0 0 0 0 0 0 0 0 0 0 0 0 0 0 0 0 0 0 0 0 0 0 0 0 0 0 0 0 0 0 0 0 0 0 0 0 0 0 0 0 0 0 0 1 0 0 0 0 0 0 0 0 0 0 0 0 0 0 0 0 0 0 0 0 0 0 0 0 0 0 0 0 0 0 0 0 0 0 0 0 0 0 0 0 0 0 0 0 0 0 0 0 0 0 0 0 0 0 0 0 0 0 0 0 0 0 0]
[4576556555934093330969413138166112294949584530820651480980279339108963693664845822719319692787460887010955663529282523143345817564256652129027924220293983426933450279362875195772862246097658797083462006086768044113762604344205773387323601658350061388263632974526239239999583494094507527729895246618631269537255053228014524956644844652329200412448 0 0 0 0 0 0 0 0 0 0 0 0 0 0 0 0 0 0 0 0 0 0 0 0 0 0 0 0 0 0 0 0 0 0 0 0 0 0 0 0 0 0 0 0 0 0 0 0 0 0 0 1 0 0 0 0 0 0 0 0 0 0 0 0 0 0 0 0 0 0 0 0 0 0 0 0 0 0 0 0 0 0 0 0 0 0 0 0 0 0 0 0 0 0 0 0 0 0 0 0 0 0 0 0 0 0 0 0 0 0 0 0 0 0]
[9126082341652901547667323814899733757911782583617163166443291216901220948778503656225098493482875709435588587626637260522366081399129470528878936696160818184657435027215373174821948651498427438193872994637708624567950846155118479892786582242386009074843681427996402132345181095627140177234512411164585104960890762122144740428315685759346067978355 0 0 0 0 0 0 0 0 0 0 0 0 0 0 0 0 0 0 0 0 0 0 0 0 0 0 0 0 0 0 0 0 0 0 0 0 0 0 0 0 0 0 0 0 0 0 0 0 0 0 0 0 1 0 0 0 0 0 0 0 0 0 0 0 0 0 0 0 0 0 0 0 0 0 0 0 0 0 0 0 0 0 0 0 0 0 0 0 0 0 0 0 0 0 0 0 0 0 0 0 0 0 0 0 0 0 0 0 0 0 0 0 0 0]
[4601695979188913895705067760663966490344388345273652299440738092256361856342700918404207092123785195730529703083799210756166513934301372649424643791760963791796289051348468028159391303238410601156557527399647268309565131279998097211871476988927025900371442111327491525242039823779698358623414991429390485453369847174837048354225632048262417071493 0 0 0 0 0 0 0 0 0 0 0 0 0 0 0 0 0 0 0 0 0 0 0 0 0 0 0 0 0 0 0 0 0 0 0 0 0 0 0 0 0 0 0 0 0 0 0 0 0 0 0 0 0 1 0 0 0 0 0 0 0 0 0 0 0 0 0 0 0 0 0 0 0 0 0 0 0 0 0 0 0 0 0 0 0 0 0 0 0 0 0 0 0 0 0 0 0 0 0 0 0 0 0 0 0 0 0 0 0 0 0 0 0 0]
[5332397222395999953906837860608526114520990759436909047128704578471238922611846912013101050558946859886407307247063996257476858247266791674096664269291185688785406983807697748735166934226011142062612476615625808547361530909916167984063401083876860084367870903707180320034466754160739188343940809102109914769480985480070620477138518922483747729913 0 0 0 0 0 0 0 0 0 0 0 0 0 0 0 0 0 0 0 0 0 0 0 0 0 0 0 0 0 0 0 0 0 0 0 0 0 0 0 0 0 0 0 0 0 0 0 0 0 0 0 0 0 0 1 0 0 0 0 0 0 0 0 0 0 0 0 0 0 0 0 0 0 0 0 0 0 0 0 0 0 0 0 0 0 0 0 0 0 0 0 0 0 0 0 0 0 0 0 0 0 0 0 0 0 0 0 0 0 0 0 0 0 0]
[5812429322583704445244002697175608777149711415691207000785148849288497003645924620999842128476344680084723987559193726752715909197139332487398919091590752476119100287424845209917717016330113336327439766919375892096444401146091962734881878524537054847564135103346046548674942290872101751695546448345925483459926442726098745883396010371331877527769 0 0 0 0 0 0 0 0 0 0 0 0 0 0 0 0 0 0 0 0 0 0 0 0 0 0 0 0 0 0 0 0 0 0 0 0 0 0 0 0 0 0 0 0 0 0 0 0 0 0 0 0 0 0 0 1 0 0 0 0 0 0 0 0 0 0 0 0 0 0 0 0 0 0 0 0 0 0 0 0 0 0 0 0 0 0 0 0 0 0 0 0 0 0 0 0 0 0 0 0 0 0 0 0 0 0 0 0 0 0 0 0 0 0]
[5998348055941873152196007720873546048782229111041280861508407407857266638266131248312084914643218138782794947047444168903108111865631552361073138445453904995740952824604730910755240177460907660222834732264000312628098316180818099482266696909367263629894564249463687411319639318983463450768778240727306693458885811421773168609524241291285866308361 0 0 0 0 0 0 0 0 0 0 0 0 0 0 0 0 0 0 0 0 0 0 0 0 0 0 0 0 0 0 0 0 0 0 0 0 0 0 0 0 0 0 0 0 0 0 0 0 0 0 0 0 0 0 0 0 1 0 0 0 0 0 0 0 0 0 0 0 0 0 0 0 0 0 0 0 0 0 0 0 0 0 0 0 0 0 0 0 0 0 0 0 0 0 0 0 0 0 0 0 0 0 0 0 0 0 0 0 0 0 0 0 0 0]
[1156748646830787285111661097391730002122160812981823575687187325471124867987626271392079209527822965480515278942071751359054748547916075117723244389643246705298906311518181888067996282215069974925067561954010752415712687924471153206501608221759349269325931105530376663315647720989968685494181965312836604693568241740313878747687836358755453123041 0 0 0 0 0 0 0 0 0 0 0 0 0 0 0 0 0 0 0 0 0 0 0 0 0 0 0 0 0 0 0 0 0 0 0 0 0 0 0 0 0 0 0 0 0 0 0 0 0 0 0 0 0 0 0 0 0 1 0 0 0 0 0 0 0 0 0 0 0 0 0 0 0 0 0 0 0 0 0 0 0 0 0 0 0 0 0 0 0 0 0 0 0 0 0 0 0 0 0 0 0 0 0 0 0 0 0 0 0 0 0 0 0 0]
[1867182927195242080471624561328580664247175955505138290727391064597382004572231547588866949981931663042642612690446798551517004811035473328938992006480467713808574674322395813104196495946275646877014124804185365947237252633943618118162964997456929622448986425564428405096277735002692181385639303577636828631661835962701399571598355296595239576908 0 0 0 0 0 0 0 0 0 0 0 0 0 0 0 0 0 0 0 0 0 0 0 0 0 0 0 0 0 0 0 0 0 0 0 0 0 0 0 0 0 0 0 0 0 0 0 0 0 0 0 0 0 0 0 0 0 0 1 0 0 0 0 0 0 0 0 0 0 0 0 0 0 0 0 0 0 0 0 0 0 0 0 0 0 0 0 0 0 0 0 0 0 0 0 0 0 0 0 0 0 0 0 0 0 0 0 0 0 0 0 0 0 0]
[4061823927297881923305760317330014937154373791068855253090393936838325060188097780810704181572092173828112930492211508482915199081442477278527925155134480125137835938231138537474253589619699951545741657065924054912724522727616787438925652810272625366798685035170562625877788154228757874076923346382352246347581200666657963867199751815657688703999 0 0 0 0 0 0 0 0 0 0 0 0 0 0 0 0 0 0 0 0 0 0 0 0 0 0 0 0 0 0 0 0 0 0 0 0 0 0 0 0 0 0 0 0 0 0 0 0 0 0 0 0 0 0 0 0 0 0 0 1 0 0 0 0 0 0 0 0 0 0 0 0 0 0 0 0 0 0 0 0 0 0 0 0 0 0 0 0 0 0 0 0 0 0 0 0 0 0 0 0 0 0 0 0 0 0 0 0 0 0 0 0 0 0]
[6523200828396767547060509051116668370438956690893422279991619741335544449785749199045302123592523230236546705880831116362914883100016261863114129933774342027052564093883878343332815462666572214284460445694758432363415032633713498184123340739433999549003363751456171802043457129119151477135177934415229146687968552623192106336508374766480876371477 0 0 0 0 0 0 0 0 0 0 0 0 0 0 0 0 0 0 0 0 0 0 0 0 0 0 0 0 0 0 0 0 0 0 0 0 0 0 0 0 0 0 0 0 0 0 0 0 0 0 0 0 0 0 0 0 0 0 0 0 1 0 0 0 0 0 0 0 0 0 0 0 0 0 0 0 0 0 0 0 0 0 0 0 0 0 0 0 0 0 0 0 0 0 0 0 0 0 0 0 0 0 0 0 0 0 0 0 0 0 0 0 0 0]
[7991363413540037637829662787281555001993631574110433527013130745286208552977898513823870071440309162170075827740217476350774392259159048618792094320610466495437824512488794118538133896699356098207260169177992060140251087161699953961016668529766029557165244069257657680708411919104133942390779728135251598593701089377001809385192141910971697383079 0 0 0 0 0 0 0 0 0 0 0 0 0 0 0 0 0 0 0 0 0 0 0 0 0 0 0 0 0 0 0 0 0 0 0 0 0 0 0 0 0 0 0 0 0 0 0 0 0 0 0 0 0 0 0 0 0 0 0 0 0 1 0 0 0 0 0 0 0 0 0 0 0 0 0 0 0 0 0 0 0 0 0 0 0 0 0 0 0 0 0 0 0 0 0 0 0 0 0 0 0 0 0 0 0 0 0 0 0 0 0 0 0 0]
[5419887131069058167831375784085892461324278810457669111513167569009467957615032035736940861887725767608243169592826153173057658817533605109330559231223804515753255012472362119711810703262745985620814132531324648738420000922074313565938753088522134309963598449156197163402104822004615137752587946332899055640523258395452587471859740324940769397070 0 0 0 0 0 0 0 0 0 0 0 0 0 0 0 0 0 0 0 0 0 0 0 0 0 0 0 0 0 0 0 0 0 0 0 0 0 0 0 0 0 0 0 0 0 0 0 0 0 0 0 0 0 0 0 0 0 0 0 0 0 0 1 0 0 0 0 0 0 0 0 0 0 0 0 0 0 0 0 0 0 0 0 0 0 0 0 0 0 0 0 0 0 0 0 0 0 0 0 0 0 0 0 0 0 0 0 0 0 0 0 0 0 0]
[859845958190046779105416235689524345658023771996995706361136309123612017179130456463040871778535094666323891790414291511334408322454131783402966263803035871212016284288033054238035335239326881422589989262548824369285919435499417694787970469299922019375703103270417641345233327127544152655127356324308421984468725219478706162187195625962553916199 0 0 0 0 0 0 0 0 0 0 0 0 0 0 0 0 0 0 0 0 0 0 0 0 0 0 0 0 0 0 0 0 0 0 0 0 0 0 0 0 0 0 0 0 0 0 0 0 0 0 0 0 0 0 0 0 0 0 0 0 0 0 0 1 0 0 0 0 0 0 0 0 0 0 0 0 0 0 0 0 0 0 0 0 0 0 0 0 0 0 0 0 0 0 0 0 0 0 0 0 0 0 0 0 0 0 0 0 0 0 0 0 0 0]
[8191480282519340639753859608195207586971835017781174550940674894236140409766901483896437858856552161799195876589718001229533410944198072661519324045476439188177472839598039924796035474129479540718166189479386986626922360458180160178350214024427186815373750751949484109798148776414913465661684966805584143423292496107794413263064855943876035415522 0 0 0 0 0 0 0 0 0 0 0 0 0 0 0 0 0 0 0 0 0 0 0 0 0 0 0 0 0 0 0 0 0 0 0 0 0 0 0 0 0 0 0 0 0 0 0 0 0 0 0 0 0 0 0 0 0 0 0 0 0 0 0 0 1 0 0 0 0 0 0 0 0 0 0 0 0 0 0 0 0 0 0 0 0 0 0 0 0 0 0 0 0 0 0 0 0 0 0 0 0 0 0 0 0 0 0 0 0 0 0 0 0 0]
[4932658023951116034170397211047552413034181367603745360273338830902226084843433209364072280528462976776950844628976329604131830018502724397164387883935053802606645273388478062595675315666382274889749561351400800075967520093377848569384972472473634772208081319298124928347959355951105216085401294239012529122595061074454565733755005793291506235381 0 0 0 0 0 0 0 0 0 0 0 0 0 0 0 0 0 0 0 0 0 0 0 0 0 0 0 0 0 0 0 0 0 0 0 0 0 0 0 0 0 0 0 0 0 0 0 0 0 0 0 0 0 0 0 0 0 0 0 0 0 0 0 0 0 1 0 0 0 0 0 0 0 0 0 0 0 0 0 0 0 0 0 0 0 0 0 0 0 0 0 0 0 0 0 0 0 0 0 0 0 0 0 0 0 0 0 0 0 0 0 0 0 0]
[9275456773955783622183125792193968599101368226184575791956048568916122916404455696027434811019056039760628880727086888554720406695745062849721740769229273368911371276086893599199498278180014580420817877457678222279087800037420635097810703139930680655975701947885266331274096378488448997260481221067379224422554267429260481065049005129089378288361 0 0 0 0 0 0 0 0 0 0 0 0 0 0 0 0 0 0 0 0 0 0 0 0 0 0 0 0 0 0 0 0 0 0 0 0 0 0 0 0 0 0 0 0 0 0 0 0 0 0 0 0 0 0 0 0 0 0 0 0 0 0 0 0 0 0 1 0 0 0 0 0 0 0 0 0 0 0 0 0 0 0 0 0 0 0 0 0 0 0 0 0 0 0 0 0 0 0 0 0 0 0 0 0 0 0 0 0 0 0 0 0 0 0]
[5189600867970004461772997016420562182374840643603385789813319171441795305596360216852618919002376926191174185467853224188927383479021801204022081190550559452103884354451069202008807486029666197242542758835844260750388070667840591089978378099991633213194028923631638567087132898760927658215379908043980388899480894023277244703625236525742136669757 0 0 0 0 0 0 0 0 0 0 0 0 0 0 0 0 0 0 0 0 0 0 0 0 0 0 0 0 0 0 0 0 0 0 0 0 0 0 0 0 0 0 0 0 0 0 0 0 0 0 0 0 0 0 0 0 0 0 0 0 0 0 0 0 0 0 0 1 0 0 0 0 0 0 0 0 0 0 0 0 0 0 0 0 0 0 0 0 0 0 0 0 0 0 0 0 0 0 0 0 0 0 0 0 0 0 0 0 0 0 0 0 0 0]
[3588305752664834742383053006292282104398898936921501705973064485317151738278750294430773973171222724001650885848565454881114584534149853923817971664510057348938212082139679809959221976748053198152607413586946079986109273159578441611875145346217945069147219549629005418697948332791040521606149542899237272461207645575980156764325223263675052533140 0 0 0 0 0 0 0 0 0 0 0 0 0 0 0 0 0 0 0 0 0 0 0 0 0 0 0 0 0 0 0 0 0 0 0 0 0 0 0 0 0 0 0 0 0 0 0 0 0 0 0 0 0 0 0 0 0 0 0 0 0 0 0 0 0 0 0 0 1 0 0 0 0 0 0 0 0 0 0 0 0 0 0 0 0 0 0 0 0 0 0 0 0 0 0 0 0 0 0 0 0 0 0 0 0 0 0 0 0 0 0 0 0 0]
[1551649702192586023339135757855828213816786089773345998472771061506310869606190292669588528510765574127589108543213536083117729388671806132223877558877494351130690932432223093071818008697343686579936868753251953771698739449652649948126246005990380562520610921173613267574626072216052036294094969443162054201394293363601330855854295608256752806095 0 0 0 0 0 0 0 0 0 0 0 0 0 0 0 0 0 0 0 0 0 0 0 0 0 0 0 0 0 0 0 0 0 0 0 0 0 0 0 0 0 0 0 0 0 0 0 0 0 0 0 0 0 0 0 0 0 0 0 0 0 0 0 0 0 0 0 0 0 1 0 0 0 0 0 0 0 0 0 0 0 0 0 0 0 0 0 0 0 0 0 0 0 0 0 0 0 0 0 0 0 0 0 0 0 0 0 0 0 0 0 0 0 0]
[9286845056536227301672719482706781043498714821676365253316146921099919913390071113861869792972547819598452816805322715880517923027618321607012260316295249815653915834167497153834137521360490921460436157927979309803851721972774686431729968188727111481240962397935347678180655039698269044952569230302317645753024293999855968871569508443857260837234 0 0 0 0 0 0 0 0 0 0 0 0 0 0 0 0 0 0 0 0 0 0 0 0 0 0 0 0 0 0 0 0 0 0 0 0 0 0 0 0 0 0 0 0 0 0 0 0 0 0 0 0 0 0 0 0 0 0 0 0 0 0 0 0 0 0 0 0 0 0 1 0 0 0 0 0 0 0 0 0 0 0 0 0 0 0 0 0 0 0 0 0 0 0 0 0 0 0 0 0 0 0 0 0 0 0 0 0 0 0 0 0 0 0]
[1197582254272269984711964114492971783479319002373160137894197984039569778073665750100341587410388165711761770589493575444034314000826357048609922463979679966925165854688715401763608941431601718927338266441022962950118462474672609733293078937646882473882142044680106239557492563305506652977068963668640048330391611184952328489510311958688670683533 0 0 0 0 0 0 0 0 0 0 0 0 0 0 0 0 0 0 0 0 0 0 0 0 0 0 0 0 0 0 0 0 0 0 0 0 0 0 0 0 0 0 0 0 0 0 0 0 0 0 0 0 0 0 0 0 0 0 0 0 0 0 0 0 0 0 0 0 0 0 0 1 0 0 0 0 0 0 0 0 0 0 0 0 0 0 0 0 0 0 0 0 0 0 0 0 0 0 0 0 0 0 0 0 0 0 0 0 0 0 0 0 0 0]
[5306123745566846609761680282528411072333166648054660526366597424435948051974189934857133283260079943867213394628185567689802046802798167069419448499447400880827174745027499563161015289600075058540230212539573980857730023531128794436671822089174636264071042063540979901710540428603470778732582746715999954191832647265257321509672869792557932438290 0 0 0 0 0 0 0 0 0 0 0 0 0 0 0 0 0 0 0 0 0 0 0 0 0 0 0 0 0 0 0 0 0 0 0 0 0 0 0 0 0 0 0 0 0 0 0 0 0 0 0 0 0 0 0 0 0 0 0 0 0 0 0 0 0 0 0 0 0 0 0 0 1 0 0 0 0 0 0 0 0 0 0 0 0 0 0 0 0 0 0 0 0 0 0 0 0 0 0 0 0 0 0 0 0 0 0 0 0 0 0 0 0 0]
[8603961173655484795879803561299876032940446856585762201936193453304515579923522225732624186811701088859040918128292263829325566940105980397616973340191030356410787020699836451170166196487135493339033062047731646474972963909282494640120593520795501008028676094326600480214269098801193948333183319982728527912986979741547275460366115034538687864671 0 0 0 0 0 0 0 0 0 0 0 0 0 0 0 0 0 0 0 0 0 0 0 0 0 0 0 0 0 0 0 0 0 0 0 0 0 0 0 0 0 0 0 0 0 0 0 0 0 0 0 0 0 0 0 0 0 0 0 0 0 0 0 0 0 0 0 0 0 0 0 0 0 1 0 0 0 0 0 0 0 0 0 0 0 0 0 0 0 0 0 0 0 0 0 0 0 0 0 0 0 0 0 0 0 0 0 0 0 0 0 0 0 0]
[5013133241980907007208583345316402526745085863115211962043406030899212268701256865096035246261135190567625514380269034976307367308570051680065720631199942244237209554175485857027498023215058621182190142042432880328829846659052964065128921162134092581050787050628762463432249071809422290630633809107555478364859358300970527139048236472664572268588 0 0 0 0 0 0 0 0 0 0 0 0 0 0 0 0 0 0 0 0 0 0 0 0 0 0 0 0 0 0 0 0 0 0 0 0 0 0 0 0 0 0 0 0 0 0 0 0 0 0 0 0 0 0 0 0 0 0 0 0 0 0 0 0 0 0 0 0 0 0 0 0 0 0 1 0 0 0 0 0 0 0 0 0 0 0 0 0 0 0 0 0 0 0 0 0 0 0 0 0 0 0 0 0 0 0 0 0 0 0 0 0 0 0]
[8041222240401641581564204902411385904101960783416948098759631947291182099301977692327076462766630568558375908585146351853640576588293709479767767094117387187436456757427782111923094767596366694841153658957911634750262145536817306596880266242838211022675673573897967058395008814490480499622515405586722283857313354095263025986258296846761069374424 0 0 0 0 0 0 0 0 0 0 0 0 0 0 0 0 0 0 0 0 0 0 0 0 0 0 0 0 0 0 0 0 0 0 0 0 0 0 0 0 0 0 0 0 0 0 0 0 0 0 0 0 0 0 0 0 0 0 0 0 0 0 0 0 0 0 0 0 0 0 0 0 0 0 0 1 0 0 0 0 0 0 0 0 0 0 0 0 0 0 0 0 0 0 0 0 0 0 0 0 0 0 0 0 0 0 0 0 0 0 0 0 0 0]
[7019255235564176789626601302777303491879240501423332478834162367887833480386200919070700206345083443962069675761753137661734025520729079471194747895288380192832906420438541306612073868222331945984598877151877753382515661535890758597259817014183182512490404071715033718237686291449774709275209031353413441647940649066414569630243141351134503860900 0 0 0 0 0 0 0 0 0 0 0 0 0 0 0 0 0 0 0 0 0 0 0 0 0 0 0 0 0 0 0 0 0 0 0 0 0 0 0 0 0 0 0 0 0 0 0 0 0 0 0 0 0 0 0 0 0 0 0 0 0 0 0 0 0 0 0 0 0 0 0 0 0 0 0 0 1 0 0 0 0 0 0 0 0 0 0 0 0 0 0 0 0 0 0 0 0 0 0 0 0 0 0 0 0 0 0 0 0 0 0 0 0 0]
[5989525962665465909828873744707888246168983803492654499868111535464149310024163303874673912154687276915552149595079248832910113116214929154841843655639663668491776907216441802398360168119513114303172009124750342437929254775671025496868159506770258324505688132504406625508935182565424958603889649497205014018021241585406344529326962828804551179874 0 0 0 0 0 0 0 0 0 0 0 0 0 0 0 0 0 0 0 0 0 0 0 0 0 0 0 0 0 0 0 0 0 0 0 0 0 0 0 0 0 0 0 0 0 0 0 0 0 0 0 0 0 0 0 0 0 0 0 0 0 0 0 0 0 0 0 0 0 0 0 0 0 0 0 0 0 1 0 0 0 0 0 0 0 0 0 0 0 0 0 0 0 0 0 0 0 0 0 0 0 0 0 0 0 0 0 0 0 0 0 0 0 0]
[7415095421654294015626378538411778537157013760637455341875581105199223291836835817935767727666653227440710653271055406141258792959174109310719839896631651489180711977552076287135450116724382491221880955915496985534835109534734924127007617733652609932249571850927549736028588649967228743104396860241936864982418127401546619384890973989875839892265 0 0 0 0 0 0 0 0 0 0 0 0 0 0 0 0 0 0 0 0 0 0 0 0 0 0 0 0 0 0 0 0 0 0 0 0 0 0 0 0 0 0 0 0 0 0 0 0 0 0 0 0 0 0 0 0 0 0 0 0 0 0 0 0 0 0 0 0 0 0 0 0 0 0 0 0 0 0 1 0 0 0 0 0 0 0 0 0 0 0 0 0 0 0 0 0 0 0 0 0 0 0 0 0 0 0 0 0 0 0 0 0 0 0]
[1355621047623798061102233426080897260799469755812346067527362897196482515365768250253237622600853272691413473720771599886551923075943916544829756683363446841118312647067386814015141760152359220672464015647591391195481672287512215768495946287772477026511817596977601067986135101268584092517095230800494899978591971180100580355369874171633863874894 0 0 0 0 0 0 0 0 0 0 0 0 0 0 0 0 0 0 0 0 0 0 0 0 0 0 0 0 0 0 0 0 0 0 0 0 0 0 0 0 0 0 0 0 0 0 0 0 0 0 0 0 0 0 0 0 0 0 0 0 0 0 0 0 0 0 0 0 0 0 0 0 0 0 0 0 0 0 0 1 0 0 0 0 0 0 0 0 0 0 0 0 0 0 0 0 0 0 0 0 0 0 0 0 0 0 0 0 0 0 0 0 0 0]
[709603427307449503316529235599207178779131614819074018913089892754846586701307387828473555930492760505065849176603043886136023131439422088165275471078109791777531144007343869619546506086746408776233877116855079515646003717146829072142982019137585148547713730136837724595968542991956469799807410106777265209408147065038261723651125232863029406905 0 0 0 0 0 0 0 0 0 0 0 0 0 0 0 0 0 0 0 0 0 0 0 0 0 0 0 0 0 0 0 0 0 0 0 0 0 0 0 0 0 0 0 0 0 0 0 0 0 0 0 0 0 0 0 0 0 0 0 0 0 0 0 0 0 0 0 0 0 0 0 0 0 0 0 0 0 0 0 0 1 0 0 0 0 0 0 0 0 0 0 0 0 0 0 0 0 0 0 0 0 0 0 0 0 0 0 0 0 0 0 0 0 0]
[811207399557855949728877180521453221575114662169087349865161299192795315136928689721483416930202069746639384625267756413907452290875339602721092638364825533812455345948878871347731867081913735473251086584795305769143059731244117709337004500187639705036691557848637634960428796042346850984265947373157633461054354330769941771494881012991553823745 0 0 0 0 0 0 0 0 0 0 0 0 0 0 0 0 0 0 0 0 0 0 0 0 0 0 0 0 0 0 0 0 0 0 0 0 0 0 0 0 0 0 0 0 0 0 0 0 0 0 0 0 0 0 0 0 0 0 0 0 0 0 0 0 0 0 0 0 0 0 0 0 0 0 0 0 0 0 0 0 0 1 0 0 0 0 0 0 0 0 0 0 0 0 0 0 0 0 0 0 0 0 0 0 0 0 0 0 0 0 0 0 0 0]
[6159644214260341637041591879635736798694814020151720073708555074727101894211931795699408770461362208010561842441315136897823997836924794069747466220608435185417931487134317961815472981110917119807788341588732236035068685054649423633490204278314300409307915282459844229597261994467402525750898423543917782980736854756403572642085774255602085473798 0 0 0 0 0 0 0 0 0 0 0 0 0 0 0 0 0 0 0 0 0 0 0 0 0 0 0 0 0 0 0 0 0 0 0 0 0 0 0 0 0 0 0 0 0 0 0 0 0 0 0 0 0 0 0 0 0 0 0 0 0 0 0 0 0 0 0 0 0 0 0 0 0 0 0 0 0 0 0 0 0 0 1 0 0 0 0 0 0 0 0 0 0 0 0 0 0 0 0 0 0 0 0 0 0 0 0 0 0 0 0 0 0 0]
[1126580822651329070089178986320270442441154702906082184747991301041236442020020527251329582780358747552108962744864655473964198746726955316442481755800060445933828917590430555770010556628726802765203849941686664700453830117901103396519976097062870216117631054329253157891697963633851019386012064299939567034816099309921929419189635597961308963311 0 0 0 0 0 0 0 0 0 0 0 0 0 0 0 0 0 0 0 0 0 0 0 0 0 0 0 0 0 0 0 0 0 0 0 0 0 0 0 0 0 0 0 0 0 0 0 0 0 0 0 0 0 0 0 0 0 0 0 0 0 0 0 0 0 0 0 0 0 0 0 0 0 0 0 0 0 0 0 0 0 0 0 1 0 0 0 0 0 0 0 0 0 0 0 0 0 0 0 0 0 0 0 0 0 0 0 0 0 0 0 0 0 0]
[6245183775777056942102957781759854257447671802959510573714303068889138333956763432482834146854252076449724009187484497019739404581103778579428205447005165070290013009832128238962203143554509681163281486410198801398484043388526897834025418524569450177240341601231145130735426198588070778628839776977241439174238820719597342358235907794737831203405 0 0 0 0 0 0 0 0 0 0 0 0 0 0 0 0 0 0 0 0 0 0 0 0 0 0 0 0 0 0 0 0 0 0 0 0 0 0 0 0 0 0 0 0 0 0 0 0 0 0 0 0 0 0 0 0 0 0 0 0 0 0 0 0 0 0 0 0 0 0 0 0 0 0 0 0 0 0 0 0 0 0 0 0 1 0 0 0 0 0 0 0 0 0 0 0 0 0 0 0 0 0 0 0 0 0 0 0 0 0 0 0 0 0]
[1316287971428472148538282879554595296636997442785305740538682021574387715794290952439373897294494319441480546540122417380269881955441327072321896114935575529579484304738358386283290632116542858901104294405560439029826700757390757935478912448575354126150205060191068170782776588113644757645576636326259269850415995808516831849773246016874205178582 0 0 0 0 0 0 0 0 0 0 0 0 0 0 0 0 0 0 0 0 0 0 0 0 0 0 0 0 0 0 0 0 0 0 0 0 0 0 0 0 0 0 0 0 0 0 0 0 0 0 0 0 0 0 0 0 0 0 0 0 0 0 0 0 0 0 0 0 0 0 0 0 0 0 0 0 0 0 0 0 0 0 0 0 0 1 0 0 0 0 0 0 0 0 0 0 0 0 0 0 0 0 0 0 0 0 0 0 0 0 0 0 0 0]
[14063763058505951625319793037377389869423218520626502389367842095266162256810526027560249773111809543955125934796411920519164719577219835331546377392641752184304981092333405097516247039027058537947044237183525087715035931646691172424690399760842373352586270628488661384498660466081839320361565331297518230507203184835103967097903245651192344895 0 0 0 0 0 0 0 0 0 0 0 0 0 0 0 0 0 0 0 0 0 0 0 0 0 0 0 0 0 0 0 0 0 0 0 0 0 0 0 0 0 0 0 0 0 0 0 0 0 0 0 0 0 0 0 0 0 0 0 0 0 0 0 0 0 0 0 0 0 0 0 0 0 0 0 0 0 0 0 0 0 0 0 0 0 0 1 0 0 0 0 0 0 0 0 0 0 0 0 0 0 0 0 0 0 0 0 0 0 0 0 0 0 0]
[1481233179467902946087588340526661590207642734295238351481515520402686034894351279713415780958996024923067555705599600745867763091867474376211336276887750406118093719132187833839775001633518123670052099751109885616759561783042618173958196121887100911384846007970355929138090016462665838428185673572237025738098629760689404242296123305306223087061 0 0 0 0 0 0 0 0 0 0 0 0 0 0 0 0 0 0 0 0 0 0 0 0 0 0 0 0 0 0 0 0 0 0 0 0 0 0 0 0 0 0 0 0 0 0 0 0 0 0 0 0 0 0 0 0 0 0 0 0 0 0 0 0 0 0 0 0 0 0 0 0 0 0 0 0 0 0 0 0 0 0 0 0 0 0 0 1 0 0 0 0 0 0 0 0 0 0 0 0 0 0 0 0 0 0 0 0 0 0 0 0 0 0]
[5880234046941480780670163804334802315036940716017665898573187993217862937285778315468497169516003429366074809795662090239134384435950964708696084893267408440547431240283368564447258240793296099340948790056923802281508778318708674393340767323093536662698333909420170008888325555164595176055957482523253051874236220213888867242746602883369211454258 0 0 0 0 0 0 0 0 0 0 0 0 0 0 0 0 0 0 0 0 0 0 0 0 0 0 0 0 0 0 0 0 0 0 0 0 0 0 0 0 0 0 0 0 0 0 0 0 0 0 0 0 0 0 0 0 0 0 0 0 0 0 0 0 0 0 0 0 0 0 0 0 0 0 0 0 0 0 0 0 0 0 0 0 0 0 0 0 1 0 0 0 0 0 0 0 0 0 0 0 0 0 0 0 0 0 0 0 0 0 0 0 0 0]
[1076736662329343616672748672109999027702636936550406884995774515110492211889610123208074798730122290260162856820596373113574635240642355267673438416245744628684487522730696468488427664751646069130450328104042163686621852482891188328403268372426058691944950658799762258914410719169909587441894430455021768792077828180351559885574040664678188287203 0 0 0 0 0 0 0 0 0 0 0 0 0 0 0 0 0 0 0 0 0 0 0 0 0 0 0 0 0 0 0 0 0 0 0 0 0 0 0 0 0 0 0 0 0 0 0 0 0 0 0 0 0 0 0 0 0 0 0 0 0 0 0 0 0 0 0 0 0 0 0 0 0 0 0 0 0 0 0 0 0 0 0 0 0 0 0 0 0 1 0 0 0 0 0 0 0 0 0 0 0 0 0 0 0 0 0 0 0 0 0 0 0 0]
[5394595443381376656398639171427848624751064915536028224653665435469989328926095837299234262508852062410678654333766590755262528156376553170234153060030055622521530987954640249511653296872951227164285438737221313922560062592470094908210850218995591121986380100427363418163033259921111323318841781568218564064231011966892696118294143941252366474510 0 0 0 0 0 0 0 0 0 0 0 0 0 0 0 0 0 0 0 0 0 0 0 0 0 0 0 0 0 0 0 0 0 0 0 0 0 0 0 0 0 0 0 0 0 0 0 0 0 0 0 0 0 0 0 0 0 0 0 0 0 0 0 0 0 0 0 0 0 0 0 0 0 0 0 0 0 0 0 0 0 0 0 0 0 0 0 0 0 0 1 0 0 0 0 0 0 0 0 0 0 0 0 0 0 0 0 0 0 0 0 0 0 0]
[1360495594403569743885311751823951120241010265779354305229583679395065398608651832033116369947959685519748672910222314518431399005007947466247585749484568269666317105551458188650054657102553240212524983949048536977055913337379487446323697129767108653395118101977708089745281958831824620807524814903764052359083192075092738354203962619686432482033 0 0 0 0 0 0 0 0 0 0 0 0 0 0 0 0 0 0 0 0 0 0 0 0 0 0 0 0 0 0 0 0 0 0 0 0 0 0 0 0 0 0 0 0 0 0 0 0 0 0 0 0 0 0 0 0 0 0 0 0 0 0 0 0 0 0 0 0 0 0 0 0 0 0 0 0 0 0 0 0 0 0 0 0 0 0 0 0 0 0 0 1 0 0 0 0 0 0 0 0 0 0 0 0 0 0 0 0 0 0 0 0 0 0]
[2787792726463566007034104489048619213922692960443364005981329374532668770070785724639967132383205488537472934594691128763266712325440266723572768232203439426042414528517545594443278945249883252640142937474738384468512563884000120797987450579287320762615395150128858335751587980297112300952900521368111084127576983681205688393140239425413385817183 0 0 0 0 0 0 0 0 0 0 0 0 0 0 0 0 0 0 0 0 0 0 0 0 0 0 0 0 0 0 0 0 0 0 0 0 0 0 0 0 0 0 0 0 0 0 0 0 0 0 0 0 0 0 0 0 0 0 0 0 0 0 0 0 0 0 0 0 0 0 0 0 0 0 0 0 0 0 0 0 0 0 0 0 0 0 0 0 0 0 0 0 1 0 0 0 0 0 0 0 0 0 0 0 0 0 0 0 0 0 0 0 0 0]
[4526770865786122092441332120628946284968816724683247064841128920672654395834286908213473210976409441224887330172203794859443303025615988572176913229566592409206725885194424233368292312467179347376207511261111477099353497337787088305092894755181565018287585839938732446860024042766233461956852210361464710351915776811803774975647167723836177277957 0 0 0 0 0 0 0 0 0 0 0 0 0 0 0 0 0 0 0 0 0 0 0 0 0 0 0 0 0 0 0 0 0 0 0 0 0 0 0 0 0 0 0 0 0 0 0 0 0 0 0 0 0 0 0 0 0 0 0 0 0 0 0 0 0 0 0 0 0 0 0 0 0 0 0 0 0 0 0 0 0 0 0 0 0 0 0 0 0 0 0 0 0 1 0 0 0 0 0 0 0 0 0 0 0 0 0 0 0 0 0 0 0 0]
[4934060251860593195696232614083915683536943627359273956479504639710241404462097513781925853461261467387930540055801233353000129252457801024738993692126034935955365512355822450740262376566183904040112845766999923355800575345228335195415393343217354266356242325307013212946324168351614195174617102557891314665492458881437361093741586281158631935310 0 0 0 0 0 0 0 0 0 0 0 0 0 0 0 0 0 0 0 0 0 0 0 0 0 0 0 0 0 0 0 0 0 0 0 0 0 0 0 0 0 0 0 0 0 0 0 0 0 0 0 0 0 0 0 0 0 0 0 0 0 0 0 0 0 0 0 0 0 0 0 0 0 0 0 0 0 0 0 0 0 0 0 0 0 0 0 0 0 0 0 0 0 0 1 0 0 0 0 0 0 0 0 0 0 0 0 0 0 0 0 0 0 0]
[5679746907447161172603812602326660788603128284067664863609998746095444730804939054761946887642783544128175002680173662287785973128611338814059884403327138641283037319640798626447023480108329289263645482505263930247901715972758257909471894985311100862898657696998198099229575221646337794646923907853368043392630301498111919820224130425427113084139 0 0 0 0 0 0 0 0 0 0 0 0 0 0 0 0 0 0 0 0 0 0 0 0 0 0 0 0 0 0 0 0 0 0 0 0 0 0 0 0 0 0 0 0 0 0 0 0 0 0 0 0 0 0 0 0 0 0 0 0 0 0 0 0 0 0 0 0 0 0 0 0 0 0 0 0 0 0 0 0 0 0 0 0 0 0 0 0 0 0 0 0 0 0 0 1 0 0 0 0 0 0 0 0 0 0 0 0 0 0 0 0 0 0]
[7847055188702876398766415235992452825839995341958566128995204841346534553341044616287010907904053182136465259784519286531029842827681762314564369601190454875405609200375047207318362311657950113412562378728795032720400941966399982475023449685053840179540373346343621892223653500455024518199989747179005385997177158155245374448190247385111578744920 0 0 0 0 0 0 0 0 0 0 0 0 0 0 0 0 0 0 0 0 0 0 0 0 0 0 0 0 0 0 0 0 0 0 0 0 0 0 0 0 0 0 0 0 0 0 0 0 0 0 0 0 0 0 0 0 0 0 0 0 0 0 0 0 0 0 0 0 0 0 0 0 0 0 0 0 0 0 0 0 0 0 0 0 0 0 0 0 0 0 0 0 0 0 0 0 1 0 0 0 0 0 0 0 0 0 0 0 0 0 0 0 0 0]
[7184040169403291103677137392877373568687233397472242708479312365042902674969523944024794055865171589488967930023115620296780565218356047477903935737274677753389140048768516724233016268765654862188038617756851151080147793027659000848230053882355007833625358237892205307499880159367678704699383054669358345606957442455377002364044499063206500741487 0 0 0 0 0 0 0 0 0 0 0 0 0 0 0 0 0 0 0 0 0 0 0 0 0 0 0 0 0 0 0 0 0 0 0 0 0 0 0 0 0 0 0 0 0 0 0 0 0 0 0 0 0 0 0 0 0 0 0 0 0 0 0 0 0 0 0 0 0 0 0 0 0 0 0 0 0 0 0 0 0 0 0 0 0 0 0 0 0 0 0 0 0 0 0 0 0 1 0 0 0 0 0 0 0 0 0 0 0 0 0 0 0 0]
[4243621976928106494182774656413845717716566529431186541231785716256511814485213979057356219357075904726297525293357830717199768129052848619927700021805116125118801615254182296277455351234873530243764410578060356163129010969351416143590958137592187196990877632780719502352526827771945895374878291808566551591994693655637069692654394732206410794546 0 0 0 0 0 0 0 0 0 0 0 0 0 0 0 0 0 0 0 0 0 0 0 0 0 0 0 0 0 0 0 0 0 0 0 0 0 0 0 0 0 0 0 0 0 0 0 0 0 0 0 0 0 0 0 0 0 0 0 0 0 0 0 0 0 0 0 0 0 0 0 0 0 0 0 0 0 0 0 0 0 0 0 0 0 0 0 0 0 0 0 0 0 0 0 0 0 0 1 0 0 0 0 0 0 0 0 0 0 0 0 0 0 0]
[9350373357747661286483065453343105996626579282520413049767092944689089907346195854665144291037329012209802322899654063257041488197696873307753105951795903823305343991613010891901557689094841588458446732787976434589330988364828049122931424167937530661967215257876523502158743428801087830141279848719496210789004317356240609863051263954544692341133 0 0 0 0 0 0 0 0 0 0 0 0 0 0 0 0 0 0 0 0 0 0 0 0 0 0 0 0 0 0 0 0 0 0 0 0 0 0 0 0 0 0 0 0 0 0 0 0 0 0 0 0 0 0 0 0 0 0 0 0 0 0 0 0 0 0 0 0 0 0 0 0 0 0 0 0 0 0 0 0 0 0 0 0 0 0 0 0 0 0 0 0 0 0 0 0 0 0 0 1 0 0 0 0 0 0 0 0 0 0 0 0 0 0]
[9063313429946571431434012765490241308828215990834087822870510962073709325655283474853919347273288884004697833026920357859407441334911804729354877850086351803970742945081471978251309950134459568619903580027810800305652564209372961559501078535931005649888427762451777875355263022604460055105084687570659931229817136887256894058927222410438735541972 0 0 0 0 0 0 0 0 0 0 0 0 0 0 0 0 0 0 0 0 0 0 0 0 0 0 0 0 0 0 0 0 0 0 0 0 0 0 0 0 0 0 0 0 0 0 0 0 0 0 0 0 0 0 0 0 0 0 0 0 0 0 0 0 0 0 0 0 0 0 0 0 0 0 0 0 0 0 0 0 0 0 0 0 0 0 0 0 0 0 0 0 0 0 0 0 0 0 0 0 1 0 0 0 0 0 0 0 0 0 0 0 0 0]
[2248746898214956389501129630218191272473644305718072569216063815110574328712444215048511662696788058656951452507097591712416198866284904516741003407063005935998415253678125961293039681893279154117724768765866899010852129379305065037812326216231208131133989329952516957426642570433425910207955808494881059536486477836061471081412442582385404444744 0 0 0 0 0 0 0 0 0 0 0 0 0 0 0 0 0 0 0 0 0 0 0 0 0 0 0 0 0 0 0 0 0 0 0 0 0 0 0 0 0 0 0 0 0 0 0 0 0 0 0 0 0 0 0 0 0 0 0 0 0 0 0 0 0 0 0 0 0 0 0 0 0 0 0 0 0 0 0 0 0 0 0 0 0 0 0 0 0 0 0 0 0 0 0 0 0 0 0 0 0 1 0 0 0 0 0 0 0 0 0 0 0 0]
[7951149904682540793831822005826434679908231515708123243831916251907602479763973298260787632785851851424491796935765290778607158816126375372897920653314604855397819862250743907844918615635075786196797978591773680694099042942711727775929207941909646295046125461029719796319441468320170091535403642385124083384174771385208772185333642509369793278712 0 0 0 0 0 0 0 0 0 0 0 0 0 0 0 0 0 0 0 0 0 0 0 0 0 0 0 0 0 0 0 0 0 0 0 0 0 0 0 0 0 0 0 0 0 0 0 0 0 0 0 0 0 0 0 0 0 0 0 0 0 0 0 0 0 0 0 0 0 0 0 0 0 0 0 0 0 0 0 0 0 0 0 0 0 0 0 0 0 0 0 0 0 0 0 0 0 0 0 0 0 0 1 0 0 0 0 0 0 0 0 0 0 0]
[6572298322723215624218924711512767546011560597765609793161258503909974459765526297559906149620992588721442557963569280691818064840481029734945094783440155263769340688223890662795158961064637149504050863982410034786390241433278245351526182914770910628240392547399346395830651497584492808586476326562107611290135641281598859232863528229763843204333 0 0 0 0 0 0 0 0 0 0 0 0 0 0 0 0 0 0 0 0 0 0 0 0 0 0 0 0 0 0 0 0 0 0 0 0 0 0 0 0 0 0 0 0 0 0 0 0 0 0 0 0 0 0 0 0 0 0 0 0 0 0 0 0 0 0 0 0 0 0 0 0 0 0 0 0 0 0 0 0 0 0 0 0 0 0 0 0 0 0 0 0 0 0 0 0 0 0 0 0 0 0 0 1 0 0 0 0 0 0 0 0 0 0]
[7190609356342026859782919698314201794608343844258057314310302799285865555812590379461810685589756551504265369315846044906619526528486416406521460204479104742416316438636575308971049398311951274703606547997387856570463309100429732746234005628141400657769546483251955190267566049095836524323197345680717853828188507673558836708432579231915160741985 0 0 0 0 0 0 0 0 0 0 0 0 0 0 0 0 0 0 0 0 0 0 0 0 0 0 0 0 0 0 0 0 0 0 0 0 0 0 0 0 0 0 0 0 0 0 0 0 0 0 0 0 0 0 0 0 0 0 0 0 0 0 0 0 0 0 0 0 0 0 0 0 0 0 0 0 0 0 0 0 0 0 0 0 0 0 0 0 0 0 0 0 0 0 0 0 0 0 0 0 0 0 0 0 1 0 0 0 0 0 0 0 0 0]
[5992728873046095202642192988131244393555926029399649928519430429100129658778866389088776777207544058498652783464443012144067366007201233378428922922142266380485417858579998734864948874249809535784261292507027038567968331641473739355659424133992404322562414659927101936548753105618980305153902204830526496092209096908269857897630345928967742547529 0 0 0 0 0 0 0 0 0 0 0 0 0 0 0 0 0 0 0 0 0 0 0 0 0 0 0 0 0 0 0 0 0 0 0 0 0 0 0 0 0 0 0 0 0 0 0 0 0 0 0 0 0 0 0 0 0 0 0 0 0 0 0 0 0 0 0 0 0 0 0 0 0 0 0 0 0 0 0 0 0 0 0 0 0 0 0 0 0 0 0 0 0 0 0 0 0 0 0 0 0 0 0 0 0 1 0 0 0 0 0 0 0 0]
[8752263531925298630552046506752688139985587376923647509983899390082918342314339078508341887481364202280698328752716272413527776692273204955211946896006418624882509488760155802472792427770750223395868897745493033322702502910143718160215988143495594965209464381492045894028338429527271433045764431841950222488233890843144127791194805354134281797399 0 0 0 0 0 0 0 0 0 0 0 0 0 0 0 0 0 0 0 0 0 0 0 0 0 0 0 0 0 0 0 0 0 0 0 0 0 0 0 0 0 0 0 0 0 0 0 0 0 0 0 0 0 0 0 0 0 0 0 0 0 0 0 0 0 0 0 0 0 0 0 0 0 0 0 0 0 0 0 0 0 0 0 0 0 0 0 0 0 0 0 0 0 0 0 0 0 0 0 0 0 0 0 0 0 0 1 0 0 0 0 0 0 0]
[6663054068256559456717892148329573388192982096940127605068426231841912097053402122695539523412932603022529895783233067643012870457037453702711235761819983013659106126214733325673272442533767194700059861846505163064003158811626872150563834494010241588468276692209055927212473548237005025348711076095678984973130030905394674431277120399609281128213 0 0 0 0 0 0 0 0 0 0 0 0 0 0 0 0 0 0 0 0 0 0 0 0 0 0 0 0 0 0 0 0 0 0 0 0 0 0 0 0 0 0 0 0 0 0 0 0 0 0 0 0 0 0 0 0 0 0 0 0 0 0 0 0 0 0 0 0 0 0 0 0 0 0 0 0 0 0 0 0 0 0 0 0 0 0 0 0 0 0 0 0 0 0 0 0 0 0 0 0 0 0 0 0 0 0 0 1 0 0 0 0 0 0]
[6469180410640143116062946181459927440373366263845895360466843337488501479802721353997646126390092469878691351513153335989148219728106344391666993648754815271038885992526777864348908884362430316762382937859292224427969905785289603387163476794127950720364125749516288068435380786190514740442423587948490115730719241587469670350404905475079866572307 0 0 0 0 0 0 0 0 0 0 0 0 0 0 0 0 0 0 0 0 0 0 0 0 0 0 0 0 0 0 0 0 0 0 0 0 0 0 0 0 0 0 0 0 0 0 0 0 0 0 0 0 0 0 0 0 0 0 0 0 0 0 0 0 0 0 0 0 0 0 0 0 0 0 0 0 0 0 0 0 0 0 0 0 0 0 0 0 0 0 0 0 0 0 0 0 0 0 0 0 0 0 0 0 0 0 0 0 1 0 0 0 0 0]
[4638995781337787937866901095425295871444659532119880027622112763721533947002762432003546100102862696289388172380161897274832312050216331106609286387579831202362273549636042742489460598423697835414626099643191474708482409680675123398522478289129534932700584869197258753645879961813590373287377708331030786869315317458301857383813112816275943918841 0 0 0 0 0 0 0 0 0 0 0 0 0 0 0 0 0 0 0 0 0 0 0 0 0 0 0 0 0 0 0 0 0 0 0 0 0 0 0 0 0 0 0 0 0 0 0 0 0 0 0 0 0 0 0 0 0 0 0 0 0 0 0 0 0 0 0 0 0 0 0 0 0 0 0 0 0 0 0 0 0 0 0 0 0 0 0 0 0 0 0 0 0 0 0 0 0 0 0 0 0 0 0 0 0 0 0 0 0 1 0 0 0 0]
[5172687797935353430463359449735168266535049449092884939546807453177769170406359760421715629192340233855871277161060074466582174870336846215526018707642973530451871820531284187829935180965581089570631942446935375658436434736992677131786501383417640550216694687101537148495994501983920978253946988039431097377705923791945626146382637799449330529025 0 0 0 0 0 0 0 0 0 0 0 0 0 0 0 0 0 0 0 0 0 0 0 0 0 0 0 0 0 0 0 0 0 0 0 0 0 0 0 0 0 0 0 0 0 0 0 0 0 0 0 0 0 0 0 0 0 0 0 0 0 0 0 0 0 0 0 0 0 0 0 0 0 0 0 0 0 0 0 0 0 0 0 0 0 0 0 0 0 0 0 0 0 0 0 0 0 0 0 0 0 0 0 0 0 0 0 0 0 0 1 0 0 0]
[1266900772698014964703585480969524472329794865910288155127054832163122728981563313001557729521388188351647755142950214478911764542694634598618442271365704857160206318860940244075676089475734741128250992946935605496616093892772359603998131442555728069603586122904761550926453457679723228335000939127310893828056435269786374091817424857106674501819 0 0 0 0 0 0 0 0 0 0 0 0 0 0 0 0 0 0 0 0 0 0 0 0 0 0 0 0 0 0 0 0 0 0 0 0 0 0 0 0 0 0 0 0 0 0 0 0 0 0 0 0 0 0 0 0 0 0 0 0 0 0 0 0 0 0 0 0 0 0 0 0 0 0 0 0 0 0 0 0 0 0 0 0 0 0 0 0 0 0 0 0 0 0 0 0 0 0 0 0 0 0 0 0 0 0 0 0 0 0 0 1 0 0]
[4994279486864745846686477580084806155432277184871494182472337287318876341647247675655924319166998674913161983564126551260703392530628207415650086806726561445725045873250281700077796377066269433199615879708714701149295135651224624652080353899505817480890907707687766453416845893583341780779183968925903975629819660554708530990697719969468749059615 0 0 0 0 0 0 0 0 0 0 0 0 0 0 0 0 0 0 0 0 0 0 0 0 0 0 0 0 0 0 0 0 0 0 0 0 0 0 0 0 0 0 0 0 0 0 0 0 0 0 0 0 0 0 0 0 0 0 0 0 0 0 0 0 0 0 0 0 0 0 0 0 0 0 0 0 0 0 0 0 0 0 0 0 0 0 0 0 0 0 0 0 0 0 0 0 0 0 0 0 0 0 0 0 0 0 0 0 0 0 0 0 1 0]
[1675823767533393409047988176881066123634997369932281903363768100462565750934879756181496947105780131149577532876536488854266389907155952157080795561878714966426669815590140165497770924775381919068035223659525599633486059379078388129289897222198420266612517706645439863514280890203543688190620415802776824896560899915301666310882379507706159469132 0 0 0 0 0 0 0 0 0 0 0 0 0 0 0 0 0 0 0 0 0 0 0 0 0 0 0 0 0 0 0 0 0 0 0 0 0 0 0 0 0 0 0 0 0 0 0 0 0 0 0 0 0 0 0 0 0 0 0 0 0 0 0 0 0 0 0 0 0 0 0 0 0 0 0 0 0 0 0 0 0 0 0 0 0 0 0 0 0 0 0 0 0 0 0 0 0 0 0 0 0 0 0 0 0 0 0 0 0 0 0 0 0 1]
]
