[[7904974010427182508339596265417276717439065914092002791191267505013087637315403306275198612776418475909101053939825356982484680423687506265433721575659526254676842837205398689289133977278132572555768860951102210126760607600203204693851092276010969092502700665083312756335601183190752064391769575266052244408034206798053056597387220717332982290457 0 0 0 0 0 0 0 0 0 0 0 0 0 0 0 0 0 0 0 0 0 0 0 0 0 0 0 0 0 0 0 0 0 0 0 0 0 0 0 0 0 0 0 0 0 0 0 0 0 0 0 0 0 0 0 0 0 0 0 0 0 0 0 0 0 0 0 0 0 0 0 0 0 0 0 0 0 0 0 0 0 0 0 0 0 0 0 0 0 0 0 0 0 0 0 0 0 0 0 0 0 0 0 0 0 0 0 0 0 0 0 0 0 0]
[6731520691940657482653835929336771942961660476380053131155037284853434582178009925729437396720990804412869980779378787998343236813889651935067149066074655055981335200090529900202577959272917671457472401325168712886613204070733421135446782179523988820246364437160173438668265241634394878800297848814948703791292363826901736127557486746901177821262 1 0 0 0 0 0 0 0 0 0 0 0 0 0 0 0 0 0 0 0 0 0 0 0 0 0 0 0 0 0 0 0 0 0 0 0 0 0 0 0 0 0 0 0 0 0 0 0 0 0 0 0 0 0 0 0 0 0 0 0 0 0 0 0 0 0 0 0 0 0 0 0 0 0 0 0 0 0 0 0 0 0 0 0 0 0 0 0 0 0 0 0 0 0 0 0 0 0 0 0 0 0 0 0 0 0 0 0 0 0 0 0 0 0]
[1474214986810125686391724224239712461854728987869579325866863879697592727683232902206469971858340151592052989963169096212356329624480881827105862765049818052204760532299306117982047928054152668262583475531123709592905286989302281041929775659864882469874456265321925864418702131814978949589108253788843941325503662314955644794585753191766568130407 0 1 0 0 0 0 0 0 0 0 0 0 0 0 0 0 0 0 0 0 0 0 0 0 0 0 0 0 0 0 0 0 0 0 0 0 0 0 0 0 0 0 0 0 0 0 0 0 0 0 0 0 0 0 0 0 0 0 0 0 0 0 0 0 0 0 0 0 0 0 0 0 0 0 0 0 0 0 0 0 0 0 0 0 0 0 0 0 0 0 0 0 0 0 0 0 0 0 0 0 0 0 0 0 0 0 0 0 0 0 0 0 0 0]
[448348542227880286819432420669227724717235958373986002882991238255539605996610997765549993911570556632833957913894289421929079570246387751841588313713574976903523347535801657935024045848973542420504788311610558983953278070324171733300431690926184100236862065433651710812837196259947646762027824624309700493516344340928761717749569968031565016023 0 0 1 0 0 0 0 0 0 0 0 0 0 0 0 0 0 0 0 0 0 0 0 0 0 0 0 0 0 0 0 0 0 0 0 0 0 0 0 0 0 0 0 0 0 0 0 0 0 0 0 0 0 0 0 0 0 0 0 0 0 0 0 0 0 0 0 0 0 0 0 0 0 0 0 0 0 0 0 0 0 0 0 0 0 0 0 0 0 0 0 0 0 0 0 0 0 0 0 0 0 0 0 0 0 0 0 0 0 0 0 0 0 0]
[3322220166180280088226857926625942498616810815101934965628662607225664180031020461165183178298020262076260169657971561703996936483146777503241410409821865693398550503757459131745451519460300337918096094246907636816073658310977920677337041984608609918285128658049097487543838214945595407000102364291021963688857516822628838043737446260085844340642 0 0 0 1 0 0 0 0 0 0 0 0 0 0 0 0 0 0 0 0 0 0 0 0 0 0 0 0 0 0 0 0 0 0 0 0 0 0 0 0 0 0 0 0 0 0 0 0 0 0 0 0 0 0 0 0 0 0 0 0 0 0 0 0 0 0 0 0 0 0 0 0 0 0 0 0 0 0 0 0 0 0 0 0 0 0 0 0 0 0 0 0 0 0 0 0 0 0 0 0 0 0 0 0 0 0 0 0 0 0 0 0 0 0]
[3632187121284547819312270568958220215332635915604227616976108726094781663580881398508259617154938660275095695471380346923320343550648161754647010104520614773923768644701906571328275298990063766008006271559173938577465164247529585677515671908203849507374896075177685964506844673719559387240271905145568221282178116575959162933103771902974581534952 0 0 0 0 1 0 0 0 0 0 0 0 0 0 0 0 0 0 0 0 0 0 0 0 0 0 0 0 0 0 0 0 0 0 0 0 0 0 0 0 0 0 0 0 0 0 0 0 0 0 0 0 0 0 0 0 0 0 0 0 0 0 0 0 0 0 0 0 0 0 0 0 0 0 0 0 0 0 0 0 0 0 0 0 0 0 0 0 0 0 0 0 0 0 0 0 0 0 0 0 0 0 0 0 0 0 0 0 0 0 0 0 0 0]
[3693230609235374916041964727448309007277460060188273018431536649394404087763953252962445035882856541607257840350328719960912501561198880931901315492392232009817766368403109779306411543872924223550584586506913862497888477236724658097598708314491068354683481074846443315132990404551548846326192353242041899637787025218721755484913712536584182275682 0 0 0 0 0 1 0 0 0 0 0 0 0 0 0 0 0 0 0 0 0 0 0 0 0 0 0 0 0 0 0 0 0 0 0 0 0 0 0 0 0 0 0 0 0 0 0 0 0 0 0 0 0 0 0 0 0 0 0 0 0 0 0 0 0 0 0 0 0 0 0 0 0 0 0 0 0 0 0 0 0 0 0 0 0 0 0 0 0 0 0 0 0 0 0 0 0 0 0 0 0 0 0 0 0 0 0 0 0 0 0 0 0 0]
[871610801412220373974565900734935668845237610148595506884616989449957126234985019888973428383212007330290546474856501976442602187761762917021010493581734775807193346575444228500661374887970685091083184150587933159677103559230554660078128604856977795133645801479668257199622413489705388516524839928967305129739619300528797686002014661502753144515 0 0 0 0 0 0 1 0 0 0 0 0 0 0 0 0 0 0 0 0 0 0 0 0 0 0 0 0 0 0 0 0 0 0 0 0 0 0 0 0 0 0 0 0 0 0 0 0 0 0 0 0 0 0 0 0 0 0 0 0 0 0 0 0 0 0 0 0 0 0 0 0 0 0 0 0 0 0 0 0 0 0 0 0 0 0 0 0 0 0 0 0 0 0 0 0 0 0 0 0 0 0 0 0 0 0 0 0 0 0 0 0 0 0]
[3513123478122506276347822642144120031244695671620303841793891496349856772762207863720256447484556314732738218223525935948347514226611196894682565052066589424536962332754767386716320052952118365476739719138972171370094350351515813629574473853574253600864581403723200889807227587192267906451159728706570986577779766611185151462076447605581098503333 0 0 0 0 0 0 0 1 0 0 0 0 0 0 0 0 0 0 0 0 0 0 0 0 0 0 0 0 0 0 0 0 0 0 0 0 0 0 0 0 0 0 0 0 0 0 0 0 0 0 0 0 0 0 0 0 0 0 0 0 0 0 0 0 0 0 0 0 0 0 0 0 0 0 0 0 0 0 0 0 0 0 0 0 0 0 0 0 0 0 0 0 0 0 0 0 0 0 0 0 0 0 0 0 0 0 0 0 0 0 0 0 0 0]
[4797936746176309693248607165517492536875723707107743955822672104757521563783794878028635580041222022388399248339481774080990222213851199837160533768141301487200561014082809130225700464691540900568982993942085056754891549828993688534191287645189858130214000796520101514451724756022748508469982922273205887718566410221647856800811192180386263520553 0 0 0 0 0 0 0 0 1 0 0 0 0 0 0 0 0 0 0 0 0 0 0 0 0 0 0 0 0 0 0 0 0 0 0 0 0 0 0 0 0 0 0 0 0 0 0 0 0 0 0 0 0 0 0 0 0 0 0 0 0 0 0 0 0 0 0 0 0 0 0 0 0 0 0 0 0 0 0 0 0 0 0 0 0 0 0 0 0 0 0 0 0 0 0 0 0 0 0 0 0 0 0 0 0 0 0 0 0 0 0 0 0 0]
[2988271794255423876897554141491172493059274672401893962109839459933174284673888363168723147513767749859090895662245501906916246466560661806072539911158394168837589374902617679144648274048184096192192400169961969511743588165414414182662467030011500803541865691398368769649665406041875449624884696739030019490369823772473444735042113596040367130634 0 0 0 0 0 0 0 0 0 1 0 0 0 0 0 0 0 0 0 0 0 0 0 0 0 0 0 0 0 0 0 0 0 0 0 0 0 0 0 0 0 0 0 0 0 0 0 0 0 0 0 0 0 0 0 0 0 0 0 0 0 0 0 0 0 0 0 0 0 0 0 0 0 0 0 0 0 0 0 0 0 0 0 0 0 0 0 0 0 0 0 0 0 0 0 0 0 0 0 0 0 0 0 0 0 0 0 0 0 0 0 0 0 0]
[5588525663183244371169847349361072279783563551466487098026106218013176923931180311689790846789496272211103956323641614927695921606680081575366883996175063747509532110727346662297435689777476548066501137939994863852155907520495855174712644382736680165136463213010835578978719240886347862861919159700786833952346288368834142754995313739306431238854 0 0 0 0 0 0 0 0 0 0 1 0 0 0 0 0 0 0 0 0 0 0 0 0 0 0 0 0 0 0 0 0 0 0 0 0 0 0 0 0 0 0 0 0 0 0 0 0 0 0 0 0 0 0 0 0 0 0 0 0 0 0 0 0 0 0 0 0 0 0 0 0 0 0 0 0 0 0 0 0 0 0 0 0 0 0 0 0 0 0 0 0 0 0 0 0 0 0 0 0 0 0 0 0 0 0 0 0 0 0 0 0 0 0]
[6950812531739410990798134378049673048273161673038881111324120154158954381829295215127146736679065535271199124611225588699362113178199524577374320445224959349824322701927335426220700899897515449214275690299496872125561350188426129062006023636897356400219327022845557584725043457867541316400935484216436400608421526126144784590080496367440005533168 0 0 0 0 0 0 0 0 0 0 0 1 0 0 0 0 0 0 0 0 0 0 0 0 0 0 0 0 0 0 0 0 0 0 0 0 0 0 0 0 0 0 0 0 0 0 0 0 0 0 0 0 0 0 0 0 0 0 0 0 0 0 0 0 0 0 0 0 0 0 0 0 0 0 0 0 0 0 0 0 0 0 0 0 0 0 0 0 0 0 0 0 0 0 0 0 0 0 0 0 0 0 0 0 0 0 0 0 0 0 0 0 0 0]
[4535285926158198624274910976497516172473723458071743185700893935178136026914663552318062250483779850915501869902407912013230846921926648724469687322228119777746476415030432604984412323552931496012021588257392302339954814976763139994743578743213303796489645574096365913261479378006783427073332177973521539626755589059608193905835301186224480086548 0 0 0 0 0 0 0 0 0 0 0 0 1 0 0 0 0 0 0 0 0 0 0 0 0 0 0 0 0 0 0 0 0 0 0 0 0 0 0 0 0 0 0 0 0 0 0 0 0 0 0 0 0 0 0 0 0 0 0 0 0 0 0 0 0 0 0 0 0 0 0 0 0 0 0 0 0 0 0 0 0 0 0 0 0 0 0 0 0 0 0 0 0 0 0 0 0 0 0 0 0 0 0 0 0 0 0 0 0 0 0 0 0 0]
[1693589380021407599506165305772048581942530646042698597662078722582047356216816084755880325422072544068289264495989836267815031376447956048436339671633737290838539736120818378010730057913390314807750462112465407901150612647110651926866626419244974382822185646021113389070299604669909887842413869525134030027759107473261763963805142436436237738727 0 0 0 0 0 0 0 0 0 0 0 0 0 1 0 0 0 0 0 0 0 0 0 0 0 0 0 0 0 0 0 0 0 0 0 0 0 0 0 0 0 0 0 0 0 0 0 0 0 0 0 0 0 0 0 0 0 0 0 0 0 0 0 0 0 0 0 0 0 0 0 0 0 0 0 0 0 0 0 0 0 0 0 0 0 0 0 0 0 0 0 0 0 0 0 0 0 0 0 0 0 0 0 0 0 0 0 0 0 0 0 0 0 0]
[5079130822526103492322804860400167872763447716744940427230329508949441173389442630798120009703662803804167592537334140792205953136084669101254325150239763808081676252225578777679514633481046370508531487676555502262025659910065126673802789106946154288023595917959559320085976665240558615049758623184902125210848671323088381983467547184607290385507 0 0 0 0 0 0 0 0 0 0 0 0 0 0 1 0 0 0 0 0 0 0 0 0 0 0 0 0 0 0 0 0 0 0 0 0 0 0 0 0 0 0 0 0 0 0 0 0 0 0 0 0 0 0 0 0 0 0 0 0 0 0 0 0 0 0 0 0 0 0 0 0 0 0 0 0 0 0 0 0 0 0 0 0 0 0 0 0 0 0 0 0 0 0 0 0 0 0 0 0 0 0 0 0 0 0 0 0 0 0 0 0 0 0]
[2434253220798108722326284340632481880668868226079183088516830815517508213996042254320145749156722819008337631297808643736763960047235521895483517917689942713599269102498503155612124826749532487667526577955418905100080231479783080178744600378955900307949621262887513150651166676560406096275074998607627759439984527855011378884474629814080808578742 0 0 0 0 0 0 0 0 0 0 0 0 0 0 0 1 0 0 0 0 0 0 0 0 0 0 0 0 0 0 0 0 0 0 0 0 0 0 0 0 0 0 0 0 0 0 0 0 0 0 0 0 0 0 0 0 0 0 0 0 0 0 0 0 0 0 0 0 0 0 0 0 0 0 0 0 0 0 0 0 0 0 0 0 0 0 0 0 0 0 0 0 0 0 0 0 0 0 0 0 0 0 0 0 0 0 0 0 0 0 0 0 0 0]
[107951310887542916792892561059573561347581532786657991614717423032511766728084478390172159471743080557093939206357116275360593426844935307980273121102694615116647392110931104275272768512036849319407020724346721270030118644316656168092900052290640299344589332126137521643563002528686836836067831372627169084358639932114901770125096232283493802114 0 0 0 0 0 0 0 0 0 0 0 0 0 0 0 0 1 0 0 0 0 0 0 0 0 0 0 0 0 0 0 0 0 0 0 0 0 0 0 0 0 0 0 0 0 0 0 0 0 0 0 0 0 0 0 0 0 0 0 0 0 0 0 0 0 0 0 0 0 0 0 0 0 0 0 0 0 0 0 0 0 0 0 0 0 0 0 0 0 0 0 0 0 0 0 0 0 0 0 0 0 0 0 0 0 0 0 0 0 0 0 0 0 0]
[4516393716233593704312383157424100347187053925881644870137556277891679464386756212240183263579119728731250192513272615147413017440471375357839743105659591104441303401544191565213872877305933866204654566183798883477086006104087151193975741300592041182774606006590159272397131212212722725952756834762459932327094506798096842387101492971556247020139 0 0 0 0 0 0 0 0 0 0 0 0 0 0 0 0 0 1 0 0 0 0 0 0 0 0 0 0 0 0 0 0 0 0 0 0 0 0 0 0 0 0 0 0 0 0 0 0 0 0 0 0 0 0 0 0 0 0 0 0 0 0 0 0 0 0 0 0 0 0 0 0 0 0 0 0 0 0 0 0 0 0 0 0 0 0 0 0 0 0 0 0 0 0 0 0 0 0 0 0 0 0 0 0 0 0 0 0 0 0 0 0 0 0]
[5847141482776218190359902330488257415124745703398236921362578162708083589060159726684000923837982568484583678349211329497435033776568009535563967617791089862737113436985518636871658225246812085541630498191718518690521468440255021903250390354800751785303839016124355231628118387048919706254382508452516184698001983189601745226099346938601465276684 0 0 0 0 0 0 0 0 0 0 0 0 0 0 0 0 0 0 1 0 0 0 0 0 0 0 0 0 0 0 0 0 0 0 0 0 0 0 0 0 0 0 0 0 0 0 0 0 0 0 0 0 0 0 0 0 0 0 0 0 0 0 0 0 0 0 0 0 0 0 0 0 0 0 0 0 0 0 0 0 0 0 0 0 0 0 0 0 0 0 0 0 0 0 0 0 0 0 0 0 0 0 0 0 0 0 0 0 0 0 0 0 0 0]
[5732480621988944804537645508798545275766371870243181283117762839073672277825092918110488657798395312634251885796057054380286322936104830207657584323608381990268761627640194672754561050340227322101660066907070546836920080833561429606413832446186585123278656451339371998880232429103898702156498465639412753205365374982478755040017523526506178732353 0 0 0 0 0 0 0 0 0 0 0 0 0 0 0 0 0 0 0 1 0 0 0 0 0 0 0 0 0 0 0 0 0 0 0 0 0 0 0 0 0 0 0 0 0 0 0 0 0 0 0 0 0 0 0 0 0 0 0 0 0 0 0 0 0 0 0 0 0 0 0 0 0 0 0 0 0 0 0 0 0 0 0 0 0 0 0 0 0 0 0 0 0 0 0 0 0 0 0 0 0 0 0 0 0 0 0 0 0 0 0 0 0 0]
[1084780976055370138551636771124908135782534163673432942332011710441198750725518610703066593976620574487834814337062261059743773811598645556960724977635105299876919209505981798169011653153583699679510437617812936919283414623062326925577202656893895292713547245574053084245897556004234243780589255452454049532838908024453422308371235322662972806875 0 0 0 0 0 0 0 0 0 0 0 0 0 0 0 0 0 0 0 0 1 0 0 0 0 0 0 0 0 0 0 0 0 0 0 0 0 0 0 0 0 0 0 0 0 0 0 0 0 0 0 0 0 0 0 0 0 0 0 0 0 0 0 0 0 0 0 0 0 0 0 0 0 0 0 0 0 0 0 0 0 0 0 0 0 0 0 0 0 0 0 0 0 0 0 0 0 0 0 0 0 0 0 0 0 0 0 0 0 0 0 0 0 0]
[7606116315214902046969724780428861402909948045763693542456763207460799486929781185880162219444572613208807492001352141921252457729627458418057972771256790498682625272435480343967071042655456409797808908134078898788981374516829694413119105784976591788634957441464241397080608975288331830902690418986141781782348250388710654708746619065367577385280 0 0 0 0 0 0 0 0 0 0 0 0 0 0 0 0 0 0 0 0 0 1 0 0 0 0 0 0 0 0 0 0 0 0 0 0 0 0 0 0 0 0 0 0 0 0 0 0 0 0 0 0 0 0 0 0 0 0 0 0 0 0 0 0 0 0 0 0 0 0 0 0 0 0 0 0 0 0 0 0 0 0 0 0 0 0 0 0 0 0 0 0 0 0 0 0 0 0 0 0 0 0 0 0 0 0 0 0 0 0 0 0 0 0]
[6255592340074587458141092899129325495927770320077288096812451915725968499850372825808249632563133325890452016565599325279309911666104600921757275368345825334407967386812930161891188314923589276213653708443358669321148649972459403312774394062053882354498416101587447873543970802561298495643967358972206928540167180417213689365238078840252131905905 0 0 0 0 0 0 0 0 0 0 0 0 0 0 0 0 0 0 0 0 0 0 1 0 0 0 0 0 0 0 0 0 0 0 0 0 0 0 0 0 0 0 0 0 0 0 0 0 0 0 0 0 0 0 0 0 0 0 0 0 0 0 0 0 0 0 0 0 0 0 0 0 0 0 0 0 0 0 0 0 0 0 0 0 0 0 0 0 0 0 0 0 0 0 0 0 0 0 0 0 0 0 0 0 0 0 0 0 0 0 0 0 0 0]
[6986355242264535686483482641361451367726599839192436391161811758974912832276453037466569294017612636167765900779478936713482344209338514840910965070330704633236004473211351104834367847925529624542257458307670749841798808375292750284540786407446174958224075110667786998951283584261950161656017804008211193078686292150835613416558065897759382400216 0 0 0 0 0 0 0 0 0 0 0 0 0 0 0 0 0 0 0 0 0 0 0 1 0 0 0 0 0 0 0 0 0 0 0 0 0 0 0 0 0 0 0 0 0 0 0 0 0 0 0 0 0 0 0 0 0 0 0 0 0 0 0 0 0 0 0 0 0 0 0 0 0 0 0 0 0 0 0 0 0 0 0 0 0 0 0 0 0 0 0 0 0 0 0 0 0 0 0 0 0 0 0 0 0 0 0 0 0 0 0 0 0 0]
[5336200480042251693144732592131869351051199112149199029608363289939915253949877805226196581311707872494768865775297188188153152323528255457417320079662814389755414017930975050727573697431650013035966684549774430216148047888629679897729650259676890475758372727932481679420362009190782743894681385003126504340930389929649772046120668604706897651559 0 0 0 0 0 0 0 0 0 0 0 0 0 0 0 0 0 0 0 0 0 0 0 0 1 0 0 0 0 0 0 0 0 0 0 0 0 0 0 0 0 0 0 0 0 0 0 0 0 0 0 0 0 0 0 0 0 0 0 0 0 0 0 0 0 0 0 0 0 0 0 0 0 0 0 0 0 0 0 0 0 0 0 0 0 0 0 0 0 0 0 0 0 0 0 0 0 0 0 0 0 0 0 0 0 0 0 0 0 0 0 0 0 0]
[7239501546096746066019838328221596679446533388663374883662520086178443208501228617067865965842517670231134537640521780423140308495980652122442042203062774881830196308700750126732409659219111378767936083445175914322878442637853843881007100444912038449227774778749924874157990503530781548902142312541859664376971804309974319355444491742657286556628 0 0 0 0 0 0 0 0 0 0 0 0 0 0 0 0 0 0 0 0 0 0 0 0 0 1 0 0 0 0 0 0 0 0 0 0 0 0 0 0 0 0 0 0 0 0 0 0 0 0 0 0 0 0 0 0 0 0 0 0 0 0 0 0 0 0 0 0 0 0 0 0 0 0 0 0 0 0 0 0 0 0 0 0 0 0 0 0 0 0 0 0 0 0 0 0 0 0 0 0 0 0 0 0 0 0 0 0 0 0 0 0 0 0]
[7778279206832008527549727991400264161753501317442436544504036394706810823843265845022206256359142544514827333488435548544327591724698481151443187117078261294107754922404879542956403047072318977501622118332866640730773342600011439233317859769770943129273995721117945215742123393564802328880317853688025154566873153449866204106502590867289477342209 0 0 0 0 0 0 0 0 0 0 0 0 0 0 0 0 0 0 0 0 0 0 0 0 0 0 1 0 0 0 0 0 0 0 0 0 0 0 0 0 0 0 0 0 0 0 0 0 0 0 0 0 0 0 0 0 0 0 0 0 0 0 0 0 0 0 0 0 0 0 0 0 0 0 0 0 0 0 0 0 0 0 0 0 0 0 0 0 0 0 0 0 0 0 0 0 0 0 0 0 0 0 0 0 0 0 0 0 0 0 0 0 0 0]
[6733117019474118140475320682555946176406449224927947265714160378030403673367539958356128723450099004733769759318239331487576383476594416653967542307937367100039795504063152173925982889233430542696363085392925019849774985133245428644590126868450606386192767613377735231943585181410710836167770295373874592382813733792080273197975104077172071165166 0 0 0 0 0 0 0 0 0 0 0 0 0 0 0 0 0 0 0 0 0 0 0 0 0 0 0 1 0 0 0 0 0 0 0 0 0 0 0 0 0 0 0 0 0 0 0 0 0 0 0 0 0 0 0 0 0 0 0 0 0 0 0 0 0 0 0 0 0 0 0 0 0 0 0 0 0 0 0 0 0 0 0 0 0 0 0 0 0 0 0 0 0 0 0 0 0 0 0 0 0 0 0 0 0 0 0 0 0 0 0 0 0 0]
[2846909963442708714255537737756649557043486903580712186990644760350197556308187153355844984530212793058446709124065913012439253486156288881419627878733184852860194077411870704454034201187279079245007101882588745458833135615881947275297627553067690192997730250468769191731310044903962843365290972955412367411708517837208831507931621260304217232955 0 0 0 0 0 0 0 0 0 0 0 0 0 0 0 0 0 0 0 0 0 0 0 0 0 0 0 0 1 0 0 0 0 0 0 0 0 0 0 0 0 0 0 0 0 0 0 0 0 0 0 0 0 0 0 0 0 0 0 0 0 0 0 0 0 0 0 0 0 0 0 0 0 0 0 0 0 0 0 0 0 0 0 0 0 0 0 0 0 0 0 0 0 0 0 0 0 0 0 0 0 0 0 0 0 0 0 0 0 0 0 0 0 0]
[7894791782468728920769569517374376221977843327997009387123668136976968217624256174028735175724217100812320242509615634032335428651786638267447631482089813669587427329451246804074467040603212829102080527926356510417537635553164171697680793399126459125027009466761334217586155798300945094995707360663856643954353067933239886509646175775603037888060 0 0 0 0 0 0 0 0 0 0 0 0 0 0 0 0 0 0 0 0 0 0 0 0 0 0 0 0 0 1 0 0 0 0 0 0 0 0 0 0 0 0 0 0 0 0 0 0 0 0 0 0 0 0 0 0 0 0 0 0 0 0 0 0 0 0 0 0 0 0 0 0 0 0 0 0 0 0 0 0 0 0 0 0 0 0 0 0 0 0 0 0 0 0 0 0 0 0 0 0 0 0 0 0 0 0 0 0 0 0 0 0 0 0]
[1360583488616390121986368252775722324667029551423840732559159454098381701475167419095475268252901444568900599060577005434930094368659915943161381927621675882671684286961864740550090949259516991491517625079396501652680788333765582546505042701289290306784080703777062163417750238595590148009947432866182513594192670308381432678394517994632986281237 0 0 0 0 0 0 0 0 0 0 0 0 0 0 0 0 0 0 0 0 0 0 0 0 0 0 0 0 0 0 1 0 0 0 0 0 0 0 0 0 0 0 0 0 0 0 0 0 0 0 0 0 0 0 0 0 0 0 0 0 0 0 0 0 0 0 0 0 0 0 0 0 0 0 0 0 0 0 0 0 0 0 0 0 0 0 0 0 0 0 0 0 0 0 0 0 0 0 0 0 0 0 0 0 0 0 0 0 0 0 0 0 0 0]
[366984835467621226594809505296267519074065507147353470755931435931673270403618033102960721226836846683416513472165507269349468949801701971590455796985703857659870709194256994148202357471214540371569088073660731698061319853899051611489868110802847418136097657547747822939892637654216201049665353857404133037614403046185120911979632243316493146579 0 0 0 0 0 0 0 0 0 0 0 0 0 0 0 0 0 0 0 0 0 0 0 0 0 0 0 0 0 0 0 1 0 0 0 0 0 0 0 0 0 0 0 0 0 0 0 0 0 0 0 0 0 0 0 0 0 0 0 0 0 0 0 0 0 0 0 0 0 0 0 0 0 0 0 0 0 0 0 0 0 0 0 0 0 0 0 0 0 0 0 0 0 0 0 0 0 0 0 0 0 0 0 0 0 0 0 0 0 0 0 0 0 0]
[777946669069206201194828397037011056152143412039329170305439222610457239146635372774885147585179477287919438933419199902458458588056881068976291987486129436644230314007529734158047361848243403653994840252765896556736608447930998942772461561394420159520005579472074210021722131185568916879608735651465368577885974032862137274735573631289615700966 0 0 0 0 0 0 0 0 0 0 0 0 0 0 0 0 0 0 0 0 0 0 0 0 0 0 0 0 0 0 0 0 1 0 0 0 0 0 0 0 0 0 0 0 0 0 0 0 0 0 0 0 0 0 0 0 0 0 0 0 0 0 0 0 0 0 0 0 0 0 0 0 0 0 0 0 0 0 0 0 0 0 0 0 0 0 0 0 0 0 0 0 0 0 0 0 0 0 0 0 0 0 0 0 0 0 0 0 0 0 0 0 0 0]
[4052436223818682489052648386844872822708842261209738145397149121067256937407977098310179960720514010934000050595411832609164140066934213594962321725214293105988153728348850866620389136341405038234478188656735124010094429212938845378118657645045930384857082560034817051294268602527246092059588479640056205667088799206772067376813344622339363959468 0 0 0 0 0 0 0 0 0 0 0 0 0 0 0 0 0 0 0 0 0 0 0 0 0 0 0 0 0 0 0 0 0 1 0 0 0 0 0 0 0 0 0 0 0 0 0 0 0 0 0 0 0 0 0 0 0 0 0 0 0 0 0 0 0 0 0 0 0 0 0 0 0 0 0 0 0 0 0 0 0 0 0 0 0 0 0 0 0 0 0 0 0 0 0 0 0 0 0 0 0 0 0 0 0 0 0 0 0 0 0 0 0 0]
[7379955478019770465629259383465924497855094402526296146946987055523455336014123187403320420642287485938462621225091844845223993134859811634371734135946506772812534240777619498478140332834974815424345353692434096667125440077032137473477872807393461888235632089740431443464128590032596746233441786027483387327028462074498021740525587545290915847689 0 0 0 0 0 0 0 0 0 0 0 0 0 0 0 0 0 0 0 0 0 0 0 0 0 0 0 0 0 0 0 0 0 0 1 0 0 0 0 0 0 0 0 0 0 0 0 0 0 0 0 0 0 0 0 0 0 0 0 0 0 0 0 0 0 0 0 0 0 0 0 0 0 0 0 0 0 0 0 0 0 0 0 0 0 0 0 0 0 0 0 0 0 0 0 0 0 0 0 0 0 0 0 0 0 0 0 0 0 0 0 0 0 0]
[2218478952647984739548666851785449672943810223830984679223750366651792030942896923710333130831760144732890439292042179894872968519301964931949930173031323921453330518193540966298175063435271864574608946473114193874002872649056886264534137064222106247882409876383072205170986641551597059179804563461026568724754603910727586278021746517057825297902 0 0 0 0 0 0 0 0 0 0 0 0 0 0 0 0 0 0 0 0 0 0 0 0 0 0 0 0 0 0 0 0 0 0 0 1 0 0 0 0 0 0 0 0 0 0 0 0 0 0 0 0 0 0 0 0 0 0 0 0 0 0 0 0 0 0 0 0 0 0 0 0 0 0 0 0 0 0 0 0 0 0 0 0 0 0 0 0 0 0 0 0 0 0 0 0 0 0 0 0 0 0 0 0 0 0 0 0 0 0 0 0 0 0]
[5983232498050453700290199558119299370892411967365916857460138117706873177885477453522680179684395322242931557623060103938468563824032595216554476869033049516386705631968149477862253231550450469572046842822157057561807687719506995375650020747630703443997081425344801963165919132770510849779508729729599940849562231152868530027665114089626523189961 0 0 0 0 0 0 0 0 0 0 0 0 0 0 0 0 0 0 0 0 0 0 0 0 0 0 0 0 0 0 0 0 0 0 0 0 1 0 0 0 0 0 0 0 0 0 0 0 0 0 0 0 0 0 0 0 0 0 0 0 0 0 0 0 0 0 0 0 0 0 0 0 0 0 0 0 0 0 0 0 0 0 0 0 0 0 0 0 0 0 0 0 0 0 0 0 0 0 0 0 0 0 0 0 0 0 0 0 0 0 0 0 0 0]
[7501183736337042189608896332943583970945050154173308040219104794448876610280158294756664495774172025553589369977784846759637371222968621439412827925380648056582022470045690785228816456875141836091163938152309833249318509154495405020251155702116390422932542805381817694587859259176348178099350690544901389702615904211252904930009614007202924786861 0 0 0 0 0 0 0 0 0 0 0 0 0 0 0 0 0 0 0 0 0 0 0 0 0 0 0 0 0 0 0 0 0 0 0 0 0 1 0 0 0 0 0 0 0 0 0 0 0 0 0 0 0 0 0 0 0 0 0 0 0 0 0 0 0 0 0 0 0 0 0 0 0 0 0 0 0 0 0 0 0 0 0 0 0 0 0 0 0 0 0 0 0 0 0 0 0 0 0 0 0 0 0 0 0 0 0 0 0 0 0 0 0 0]
[5324694816182805646246687248142992154268849588017445532205232802278174926363934260235834357440588879461184365450147486156369733395041226807089538219506549740317922375008720914894537504903179631361177084651539924109315694408431079312800656672723710487231723731271044731451308278544841245092932556696712269216528108578414387469984616577018874785769 0 0 0 0 0 0 0 0 0 0 0 0 0 0 0 0 0 0 0 0 0 0 0 0 0 0 0 0 0 0 0 0 0 0 0 0 0 0 1 0 0 0 0 0 0 0 0 0 0 0 0 0 0 0 0 0 0 0 0 0 0 0 0 0 0 0 0 0 0 0 0 0 0 0 0 0 0 0 0 0 0 0 0 0 0 0 0 0 0 0 0 0 0 0 0 0 0 0 0 0 0 0 0 0 0 0 0 0 0 0 0 0 0 0]
[5969987353509279190550791876869918975941736441780002237178308223976959715907798502658861680829274784421551135773794874170505316153343849716572087564252041870596348403045337139247966080661970749560575377342175324634214473759009332881742902191282555325088485085122864319526381019113253335898100553690565286877411445220253639232377674574557161385100 0 0 0 0 0 0 0 0 0 0 0 0 0 0 0 0 0 0 0 0 0 0 0 0 0 0 0 0 0 0 0 0 0 0 0 0 0 0 0 1 0 0 0 0 0 0 0 0 0 0 0 0 0 0 0 0 0 0 0 0 0 0 0 0 0 0 0 0 0 0 0 0 0 0 0 0 0 0 0 0 0 0 0 0 0 0 0 0 0 0 0 0 0 0 0 0 0 0 0 0 0 0 0 0 0 0 0 0 0 0 0 0 0 0]
[6403711726224098078217655322051343631578192335171295923270311713869591010709838915796556041850284021421913033964528312193570362954586441368621317661595752593931160224220964131665464209526532166234608414974377933340690350597022895170451628827898387272108632001352217236680073984333762230899077634885889029692007960853550705525698511187458195837883 0 0 0 0 0 0 0 0 0 0 0 0 0 0 0 0 0 0 0 0 0 0 0 0 0 0 0 0 0 0 0 0 0 0 0 0 0 0 0 0 1 0 0 0 0 0 0 0 0 0 0 0 0 0 0 0 0 0 0 0 0 0 0 0 0 0 0 0 0 0 0 0 0 0 0 0 0 0 0 0 0 0 0 0 0 0 0 0 0 0 0 0 0 0 0 0 0 0 0 0 0 0 0 0 0 0 0 0 0 0 0 0 0 0]
[5429298101693200284871042014612088229902455460790837060057729019800278453194356548381670514952767810400103837246296346020156004072107384857406313030639352574694433313325159628512446605120909368088744965866480650522187224458786320605424663839593425584264827278700790740003861572099164838550212046945578027841483949893157165548793066615725634431973 0 0 0 0 0 0 0 0 0 0 0 0 0 0 0 0 0 0 0 0 0 0 0 0 0 0 0 0 0 0 0 0 0 0 0 0 0 0 0 0 0 1 0 0 0 0 0 0 0 0 0 0 0 0 0 0 0 0 0 0 0 0 0 0 0 0 0 0 0 0 0 0 0 0 0 0 0 0 0 0 0 0 0 0 0 0 0 0 0 0 0 0 0 0 0 0 0 0 0 0 0 0 0 0 0 0 0 0 0 0 0 0 0 0]
[2925390338181282145280233294684946338632291914886317931947571595934412154906934463882742949870083133562920370672383445625967923870498116913753188324293270880296706356803396481829279913502001999379656730128604698283403413326596040120242340352042241768258003265473323098679713983253288214056432861280427892026880921792223094024089870666094698126611 0 0 0 0 0 0 0 0 0 0 0 0 0 0 0 0 0 0 0 0 0 0 0 0 0 0 0 0 0 0 0 0 0 0 0 0 0 0 0 0 0 0 1 0 0 0 0 0 0 0 0 0 0 0 0 0 0 0 0 0 0 0 0 0 0 0 0 0 0 0 0 0 0 0 0 0 0 0 0 0 0 0 0 0 0 0 0 0 0 0 0 0 0 0 0 0 0 0 0 0 0 0 0 0 0 0 0 0 0 0 0 0 0 0]
[370988379008972345661259660435574856389756542902552794158471750003720202950141004417470848657877249681823275204443036174802802727769147307467631766908991292054478165821099272641462131050387299779696912224811048776383332309102157055659108476461629217959608609173894297563557564209044778426966391734652834513307707818669213357393984295925261498712 0 0 0 0 0 0 0 0 0 0 0 0 0 0 0 0 0 0 0 0 0 0 0 0 0 0 0 0 0 0 0 0 0 0 0 0 0 0 0 0 0 0 0 1 0 0 0 0 0 0 0 0 0 0 0 0 0 0 0 0 0 0 0 0 0 0 0 0 0 0 0 0 0 0 0 0 0 0 0 0 0 0 0 0 0 0 0 0 0 0 0 0 0 0 0 0 0 0 0 0 0 0 0 0 0 0 0 0 0 0 0 0 0 0]
[1407079907204947191884949895700232237112055190191322349181048482306190350042888687100591427078882610242559159107559181999051282158086444248694363810084731812213044333056697953207235178017497906737929848882612505733418950977936091694739564253122271009195743335204480400286967670301926198838537237081059288171012955631520370441042064767502711598396 0 0 0 0 0 0 0 0 0 0 0 0 0 0 0 0 0 0 0 0 0 0 0 0 0 0 0 0 0 0 0 0 0 0 0 0 0 0 0 0 0 0 0 0 1 0 0 0 0 0 0 0 0 0 0 0 0 0 0 0 0 0 0 0 0 0 0 0 0 0 0 0 0 0 0 0 0 0 0 0 0 0 0 0 0 0 0 0 0 0 0 0 0 0 0 0 0 0 0 0 0 0 0 0 0 0 0 0 0 0 0 0 0 0]
[1464354123653601076852482797129759742105921371301642887297253274878335803883140630320899077213044535802332850748442747740783830769260211281822714748842476019833448345679898067844052410974536878533541429696488360276058168012246612025104221986001893733419820596887511938434904730508565078733299171216661419835103882973428250364966958879307523256617 0 0 0 0 0 0 0 0 0 0 0 0 0 0 0 0 0 0 0 0 0 0 0 0 0 0 0 0 0 0 0 0 0 0 0 0 0 0 0 0 0 0 0 0 0 1 0 0 0 0 0 0 0 0 0 0 0 0 0 0 0 0 0 0 0 0 0 0 0 0 0 0 0 0 0 0 0 0 0 0 0 0 0 0 0 0 0 0 0 0 0 0 0 0 0 0 0 0 0 0 0 0 0 0 0 0 0 0 0 0 0 0 0 0]
[7555504176944515662106655972319812054544533533080639201051898361706290737694102288861711098766921769611390003803324960167162785812852431028878706621081045074986297388813232898360891795802121005078475624057700224345553358039368097695091811580785255308831335611774722264607820614057426835346469857233347460953030147366950513297261457564565484717079 0 0 0 0 0 0 0 0 0 0 0 0 0 0 0 0 0 0 0 0 0 0 0 0 0 0 0 0 0 0 0 0 0 0 0 0 0 0 0 0 0 0 0 0 0 0 1 0 0 0 0 0 0 0 0 0 0 0 0 0 0 0 0 0 0 0 0 0 0 0 0 0 0 0 0 0 0 0 0 0 0 0 0 0 0 0 0 0 0 0 0 0 0 0 0 0 0 0 0 0 0 0 0 0 0 0 0 0 0 0 0 0 0 0]
[7606320503586983740309434983288456384152035147802022041754480842028365374623885808809790158856472372056729288233607650271399606758004183096017996457639025496907939581425914491087157634565768907531465715265042577383756133045541550685327557031399298347559956957856006842051958548783393166160660874700275505415804137534559376612594007046619221217168 0 0 0 0 0 0 0 0 0 0 0 0 0 0 0 0 0 0 0 0 0 0 0 0 0 0 0 0 0 0 0 0 0 0 0 0 0 0 0 0 0 0 0 0 0 0 0 1 0 0 0 0 0 0 0 0 0 0 0 0 0 0 0 0 0 0 0 0 0 0 0 0 0 0 0 0 0 0 0 0 0 0 0 0 0 0 0 0 0 0 0 0 0 0 0 0 0 0 0 0 0 0 0 0 0 0 0 0 0 0 0 0 0 0]
[7412700424130243609145981094199496943680746165611148209984719459292338109563137666047405987968727341077985531663041325313143093840993112242507509243393336128954930283646904637406437441523855145586348311789381535539728918084335802702665933370194717878486934754741233204870668998779116669755591924810558686904444108329878182163102634908113835271649 0 0 0 0 0 0 0 0 0 0 0 0 0 0 0 0 0 0 0 0 0 0 0 0 0 0 0 0 0 0 0 0 0 0 0 0 0 0 0 0 0 0 0 0 0 0 0 0 1 0 0 0 0 0 0 0 0 0 0 0 0 0 0 0 0 0 0 0 0 0 0 0 0 0 0 0 0 0 0 0 0 0 0 0 0 0 0 0 0 0 0 0 0 0 0 0 0 0 0 0 0 0 0 0 0 0 0 0 0 0 0 0 0 0]
[3471618222319597787241959969360381536692470716643256032974826304962616704384952979063369066517758263075150447048967037000468453969380489415197217559502175849146093478195865535625572239137566354033434883064566500846104027842315457414796214640332120940130178687049330753228242525784553141368236289848789373753967369329412266286416769108339516347064 0 0 0 0 0 0 0 0 0 0 0 0 0 0 0 0 0 0 0 0 0 0 0 0 0 0 0 0 0 0 0 0 0 0 0 0 0 0 0 0 0 0 0 0 0 0 0 0 0 1 0 0 0 0 0 0 0 0 0 0 0 0 0 0 0 0 0 0 0 0 0 0 0 0 0 0 0 0 0 0 0 0 0 0 0 0 0 0 0 0 0 0 0 0 0 0 0 0 0 0 0 0 0 0 0 0 0 0 0 0 0 0 0 0]
[4980552415202889973388467658676802366346784106862208308158880948519882984993907259307700205657478184588403354728287466259120232860902549812345820511511485237203618306820286435890062075191683616190403976643158016566944004973716290061403922492954438481012670696901113064910953037029379834089266139460664040824546827424612073139067783021829357129536 0 0 0 0 0 0 0 0 0 0 0 0 0 0 0 0 0 0 0 0 0 0 0 0 0 0 0 0 0 0 0 0 0 0 0 0 0 0 0 0 0 0 0 0 0 0 0 0 0 0 1 0 0 0 0 0 0 0 0 0 0 0 0 0 0 0 0 0 0 0 0 0 0 0 0 0 0 0 0 0 0 0 0 0 0 0 0 0 0 0 0 0 0 0 0 0 0 0 0 0 0 0 0 0 0 0 0 0 0 0 0 0 0 0]
[4577820524833636895956773007816641732355099848429288978644831800309802908438810409948494541994192680176772786253087317918712832592384197021408707109034739058943715533534366210426888205157267160736079041802267761595901992074784821469389149507407785977284189462019079633189146335470789811893051637356501462713357847010421852571812418097384419009745 0 0 0 0 0 0 0 0 0 0 0 0 0 0 0 0 0 0 0 0 0 0 0 0 0 0 0 0 0 0 0 0 0 0 0 0 0 0 0 0 0 0 0 0 0 0 0 0 0 0 0 1 0 0 0 0 0 0 0 0 0 0 0 0 0 0 0 0 0 0 0 0 0 0 0 0 0 0 0 0 0 0 0 0 0 0 0 0 0 0 0 0 0 0 0 0 0 0 0 0 0 0 0 0 0 0 0 0 0 0 0 0 0 0]
[2673930845468457971010129619629857483584786490241158181918658668662465770939815570487935948104899888368134315693745980406346473946122661512981569350819651848631279089186123438050320504586079446118198903537946169362393097685392964377818619335064519685304309274509918185657436407561195232959060040989085139983305347805242025973574335734385267766369 0 0 0 0 0 0 0 0 0 0 0 0 0 0 0 0 0 0 0 0 0 0 0 0 0 0 0 0 0 0 0 0 0 0 0 0 0 0 0 0 0 0 0 0 0 0 0 0 0 0 0 0 1 0 0 0 0 0 0 0 0 0 0 0 0 0 0 0 0 0 0 0 0 0 0 0 0 0 0 0 0 0 0 0 0 0 0 0 0 0 0 0 0 0 0 0 0 0 0 0 0 0 0 0 0 0 0 0 0 0 0 0 0 0]
[6360538249138479361404695049461089859771838783518325027866752010880693017363423867535361792587466327501908185084155010354563506542249458382409480141733954052842287018981167392428577728993549802989454612920471951278961872995911218698030352455216186335583824226695150863469891741926764424448109449232082810872278923995505440429855604475148321154681 0 0 0 0 0 0 0 0 0 0 0 0 0 0 0 0 0 0 0 0 0 0 0 0 0 0 0 0 0 0 0 0 0 0 0 0 0 0 0 0 0 0 0 0 0 0 0 0 0 0 0 0 0 1 0 0 0 0 0 0 0 0 0 0 0 0 0 0 0 0 0 0 0 0 0 0 0 0 0 0 0 0 0 0 0 0 0 0 0 0 0 0 0 0 0 0 0 0 0 0 0 0 0 0 0 0 0 0 0 0 0 0 0 0]
[1480534662353921453791040778054135647817607321290853726631715195977775924539435137440885631610218897670948328775431677560581445046876090274551752768568370721814680321098736085942486946574007635772410623288394555485040787677965278726708985178703864903489994825289050176315545969400113602068245487863141028223646184802316045805804314366746145675435 0 0 0 0 0 0 0 0 0 0 0 0 0 0 0 0 0 0 0 0 0 0 0 0 0 0 0 0 0 0 0 0 0 0 0 0 0 0 0 0 0 0 0 0 0 0 0 0 0 0 0 0 0 0 1 0 0 0 0 0 0 0 0 0 0 0 0 0 0 0 0 0 0 0 0 0 0 0 0 0 0 0 0 0 0 0 0 0 0 0 0 0 0 0 0 0 0 0 0 0 0 0 0 0 0 0 0 0 0 0 0 0 0 0]
[732811678074834296484348727015117951413151967573086683400299756623559827894735880929676973442982370290536477999492026748389193610654123328027202834710565994690868821484764940760477032062550726404078981620046622109318531977019331468975160081624384323227909053862731586453655514815925132515989332747943532993035866690650861462704304044197537350707 0 0 0 0 0 0 0 0 0 0 0 0 0 0 0 0 0 0 0 0 0 0 0 0 0 0 0 0 0 0 0 0 0 0 0 0 0 0 0 0 0 0 0 0 0 0 0 0 0 0 0 0 0 0 0 1 0 0 0 0 0 0 0 0 0 0 0 0 0 0 0 0 0 0 0 0 0 0 0 0 0 0 0 0 0 0 0 0 0 0 0 0 0 0 0 0 0 0 0 0 0 0 0 0 0 0 0 0 0 0 0 0 0 0]
[6318261731499863547635427336231677900302897305722441464132642040937272880356227448657777474476359131611083250023829974814873678716592029107968588212015202691844244076363865061406303089918621697115267974514612666257181291204345536497176816359451986262219077469585743648668147507906628537096892912641509397843809234396048390623294869898566246228199 0 0 0 0 0 0 0 0 0 0 0 0 0 0 0 0 0 0 0 0 0 0 0 0 0 0 0 0 0 0 0 0 0 0 0 0 0 0 0 0 0 0 0 0 0 0 0 0 0 0 0 0 0 0 0 0 1 0 0 0 0 0 0 0 0 0 0 0 0 0 0 0 0 0 0 0 0 0 0 0 0 0 0 0 0 0 0 0 0 0 0 0 0 0 0 0 0 0 0 0 0 0 0 0 0 0 0 0 0 0 0 0 0 0]
[3090675684576376662993131756214209531666795340742410784971550734447103948873257985410815688532300925328166555024522704046732158112074699360739513055620115529365639148212477793115203462187867047707105974442906749153633608777873859857928605497478892446375304080490000976056296734244221941669981732329861899298815283638588476636435344133557853037215 0 0 0 0 0 0 0 0 0 0 0 0 0 0 0 0 0 0 0 0 0 0 0 0 0 0 0 0 0 0 0 0 0 0 0 0 0 0 0 0 0 0 0 0 0 0 0 0 0 0 0 0 0 0 0 0 0 1 0 0 0 0 0 0 0 0 0 0 0 0 0 0 0 0 0 0 0 0 0 0 0 0 0 0 0 0 0 0 0 0 0 0 0 0 0 0 0 0 0 0 0 0 0 0 0 0 0 0 0 0 0 0 0 0]
[6949240364865047854359037540402520483541625466271938487350188173546585905328373074132184874443630117925769957289448343321554215817077020162837526171597131695741496339955407359750718689362799547418796409593168662449375992339117050770982721239306039111955919729094190434408357805177152895649123290845856442012812917240590519807287231066471050740437 0 0 0 0 0 0 0 0 0 0 0 0 0 0 0 0 0 0 0 0 0 0 0 0 0 0 0 0 0 0 0 0 0 0 0 0 0 0 0 0 0 0 0 0 0 0 0 0 0 0 0 0 0 0 0 0 0 0 1 0 0 0 0 0 0 0 0 0 0 0 0 0 0 0 0 0 0 0 0 0 0 0 0 0 0 0 0 0 0 0 0 0 0 0 0 0 0 0 0 0 0 0 0 0 0 0 0 0 0 0 0 0 0 0]
[613935795650245456221743827146127702686078377721514010189823359487123821741833216667692007359004364448562157348214779310583012971335015050023435419126411819459984441956332446919047932127767231565857970830675020552085675163492247645949350725796413773022299275559691185383542086250910669246403971514353300060047428061326221816785397076258726473503 0 0 0 0 0 0 0 0 0 0 0 0 0 0 0 0 0 0 0 0 0 0 0 0 0 0 0 0 0 0 0 0 0 0 0 0 0 0 0 0 0 0 0 0 0 0 0 0 0 0 0 0 0 0 0 0 0 0 0 1 0 0 0 0 0 0 0 0 0 0 0 0 0 0 0 0 0 0 0 0 0 0 0 0 0 0 0 0 0 0 0 0 0 0 0 0 0 0 0 0 0 0 0 0 0 0 0 0 0 0 0 0 0 0]
[1135733132283929088690371392656327425695054973741615550865372005037429313906937837011109495678706381398352057608897983488008952821603603490008511569171768763033905523688665911331527358759647051042271290411261357665707731345941374315967292350689093249770691960540138895328900188571618802875804778448444007725247415154874729543596171929688665989833 0 0 0 0 0 0 0 0 0 0 0 0 0 0 0 0 0 0 0 0 0 0 0 0 0 0 0 0 0 0 0 0 0 0 0 0 0 0 0 0 0 0 0 0 0 0 0 0 0 0 0 0 0 0 0 0 0 0 0 0 1 0 0 0 0 0 0 0 0 0 0 0 0 0 0 0 0 0 0 0 0 0 0 0 0 0 0 0 0 0 0 0 0 0 0 0 0 0 0 0 0 0 0 0 0 0 0 0 0 0 0 0 0 0]
[1771381538683105853771612064153814829395971180341000110521965834212641734793186746737848028133536440889422587726488991633198378673637760921943200948259507912146918752385052605183604462549204549915371226109028823112014853278405336684454891757095724465067419813326120877172959367675572904999732227247952036422112782467255462944100813215308720993613 0 0 0 0 0 0 0 0 0 0 0 0 0 0 0 0 0 0 0 0 0 0 0 0 0 0 0 0 0 0 0 0 0 0 0 0 0 0 0 0 0 0 0 0 0 0 0 0 0 0 0 0 0 0 0 0 0 0 0 0 0 1 0 0 0 0 0 0 0 0 0 0 0 0 0 0 0 0 0 0 0 0 0 0 0 0 0 0 0 0 0 0 0 0 0 0 0 0 0 0 0 0 0 0 0 0 0 0 0 0 0 0 0 0]
[2019255681741356905828139168556772087130947295792703011400095299922887035322704760967943527153603326221169572555608708874762558201091821219521685704533881533702224992357411793695409827598594800631085692453248331001595645205792236647198619968474607774609409786088711656948201763532255272856649943587466805355546335371793407225886449581695290953500 0 0 0 0 0 0 0 0 0 0 0 0 0 0 0 0 0 0 0 0 0 0 0 0 0 0 0 0 0 0 0 0 0 0 0 0 0 0 0 0 0 0 0 0 0 0 0 0 0 0 0 0 0 0 0 0 0 0 0 0 0 0 1 0 0 0 0 0 0 0 0 0 0 0 0 0 0 0 0 0 0 0 0 0 0 0 0 0 0 0 0 0 0 0 0 0 0 0 0 0 0 0 0 0 0 0 0 0 0 0 0 0 0 0]
[2895684046335675863086778464558120981840537694415220538257273447121449502132421735325306182404471740572053751624806237921476198321260149591516203019502363897717797529594376252329416071236590063708951350456430438709678013482502176180178741213703135763577225574166678261495514663724107216713105280317334251634953589076686365075044720311726278423527 0 0 0 0 0 0 0 0 0 0 0 0 0 0 0 0 0 0 0 0 0 0 0 0 0 0 0 0 0 0 0 0 0 0 0 0 0 0 0 0 0 0 0 0 0 0 0 0 0 0 0 0 0 0 0 0 0 0 0 0 0 0 0 1 0 0 0 0 0 0 0 0 0 0 0 0 0 0 0 0 0 0 0 0 0 0 0 0 0 0 0 0 0 0 0 0 0 0 0 0 0 0 0 0 0 0 0 0 0 0 0 0 0 0]
[6943312841710388115783048014348440682232339370949212043470673822721458256203589173613362773869261404237708664560543562385923824911566479444492432491888147288190050213576333075432874283101000689629351211936628445716391348525729420021770211638928761202312764353721227985944328343722720977411598366332504165344573403521927024079624265243366963902934 0 0 0 0 0 0 0 0 0 0 0 0 0 0 0 0 0 0 0 0 0 0 0 0 0 0 0 0 0 0 0 0 0 0 0 0 0 0 0 0 0 0 0 0 0 0 0 0 0 0 0 0 0 0 0 0 0 0 0 0 0 0 0 0 1 0 0 0 0 0 0 0 0 0 0 0 0 0 0 0 0 0 0 0 0 0 0 0 0 0 0 0 0 0 0 0 0 0 0 0 0 0 0 0 0 0 0 0 0 0 0 0 0 0]
[5149483936772249017215735340195115470561122852073278906054842305728670881448580840066440471059205176874232873639220805221134445674006645292300392034881219695126738428629409440066116835191205098097155370919678925935859977360480162954239358113927345826895830705098667665411408493834963193683770134542724303949030595553950213078242712162293126737337 0 0 0 0 0 0 0 0 0 0 0 0 0 0 0 0 0 0 0 0 0 0 0 0 0 0 0 0 0 0 0 0 0 0 0 0 0 0 0 0 0 0 0 0 0 0 0 0 0 0 0 0 0 0 0 0 0 0 0 0 0 0 0 0 0 1 0 0 0 0 0 0 0 0 0 0 0 0 0 0 0 0 0 0 0 0 0 0 0 0 0 0 0 0 0 0 0 0 0 0 0 0 0 0 0 0 0 0 0 0 0 0 0 0]
[2394151304470977041766910752852740892665639574889214724683364454916783552222756584542978922261064335187715734583251481729462649685802521617637457693392268727783809183909792737705996973989089610382280900219598859274277401490266474848710691000278281894241126253990979486064483635281021161800065540429552126164517961387893809501686304118139580926130 0 0 0 0 0 0 0 0 0 0 0 0 0 0 0 0 0 0 0 0 0 0 0 0 0 0 0 0 0 0 0 0 0 0 0 0 0 0 0 0 0 0 0 0 0 0 0 0 0 0 0 0 0 0 0 0 0 0 0 0 0 0 0 0 0 0 1 0 0 0 0 0 0 0 0 0 0 0 0 0 0 0 0 0 0 0 0 0 0 0 0 0 0 0 0 0 0 0 0 0 0 0 0 0 0 0 0 0 0 0 0 0 0 0]
[4500697900604118659396396262383542710872387517731747930633813090300466086484977917126282092159686020114767805023106270862716139720574286354483560992390432716394336827472184648630602473244756478103216855505364174361182306340231204857413688922676406262818954232692244697231089297997482386446073353071516501867068070868695717204073776279528134123954 0 0 0 0 0 0 0 0 0 0 0 0 0 0 0 0 0 0 0 0 0 0 0 0 0 0 0 0 0 0 0 0 0 0 0 0 0 0 0 0 0 0 0 0 0 0 0 0 0 0 0 0 0 0 0 0 0 0 0 0 0 0 0 0 0 0 0 1 0 0 0 0 0 0 0 0 0 0 0 0 0 0 0 0 0 0 0 0 0 0 0 0 0 0 0 0 0 0 0 0 0 0 0 0 0 0 0 0 0 0 0 0 0 0]
[6805807295624844598633759046196669869519144852474383461458410090592290209314282943424203929429317134410810763358930934392954443078032714128719512602347944902334781434234001421423994620418448467564021831082703987312416228782628712579545297563239496850003083199451135211395967160374054470837418408136247836691773042036068403069647547829815765715216 0 0 0 0 0 0 0 0 0 0 0 0 0 0 0 0 0 0 0 0 0 0 0 0 0 0 0 0 0 0 0 0 0 0 0 0 0 0 0 0 0 0 0 0 0 0 0 0 0 0 0 0 0 0 0 0 0 0 0 0 0 0 0 0 0 0 0 0 1 0 0 0 0 0 0 0 0 0 0 0 0 0 0 0 0 0 0 0 0 0 0 0 0 0 0 0 0 0 0 0 0 0 0 0 0 0 0 0 0 0 0 0 0 0]
[1377220407147942132976806510167513789711876923724749300590931501552146261434938331618005244578620320348303651636393861939356028658155117597205770883533079810344732774024718200459317467926604817629854470210349872351261471401179603510686287916692592017048899179585903497462280003671405058390931829587375544003802842811116233416362698977975600298123 0 0 0 0 0 0 0 0 0 0 0 0 0 0 0 0 0 0 0 0 0 0 0 0 0 0 0 0 0 0 0 0 0 0 0 0 0 0 0 0 0 0 0 0 0 0 0 0 0 0 0 0 0 0 0 0 0 0 0 0 0 0 0 0 0 0 0 0 0 1 0 0 0 0 0 0 0 0 0 0 0 0 0 0 0 0 0 0 0 0 0 0 0 0 0 0 0 0 0 0 0 0 0 0 0 0 0 0 0 0 0 0 0 0]
[4543886279060739992033645175789937884852654091092132288852687945878004445085167052930838924769699014302229174184306236431486654060241476792386857284980566276800264636366715717877277143867079521749870965929833585787954405575663005533148487383565744378587424660801202755904176099552902339685975422459289470054792557378609315251256167352086361889946 0 0 0 0 0 0 0 0 0 0 0 0 0 0 0 0 0 0 0 0 0 0 0 0 0 0 0 0 0 0 0 0 0 0 0 0 0 0 0 0 0 0 0 0 0 0 0 0 0 0 0 0 0 0 0 0 0 0 0 0 0 0 0 0 0 0 0 0 0 0 1 0 0 0 0 0 0 0 0 0 0 0 0 0 0 0 0 0 0 0 0 0 0 0 0 0 0 0 0 0 0 0 0 0 0 0 0 0 0 0 0 0 0 0]
[1385209270661887553084558037173738403454481996591459735605781967469822595767612389740788115609895818569925803000816473851634709515288914105497450936871653885930589853112718893265629399035122344171876691992090882737210619395818974639040495510487157611601422825558463873126841984535822055343535862571753215375295346002165612736327839018509177015707 0 0 0 0 0 0 0 0 0 0 0 0 0 0 0 0 0 0 0 0 0 0 0 0 0 0 0 0 0 0 0 0 0 0 0 0 0 0 0 0 0 0 0 0 0 0 0 0 0 0 0 0 0 0 0 0 0 0 0 0 0 0 0 0 0 0 0 0 0 0 0 1 0 0 0 0 0 0 0 0 0 0 0 0 0 0 0 0 0 0 0 0 0 0 0 0 0 0 0 0 0 0 0 0 0 0 0 0 0 0 0 0 0 0]
[4622046822701249055923064774019761727843223082355852517623941300095910154338344115759898223628022433891805034674617562523224463324321053889090686797652431673373634780149823821659212908813621099515758003423146094832317613586794865563119009372158025248652030903710789109322685663274658744356612091524318294254823630014371601335437422198923100441751 0 0 0 0 0 0 0 0 0 0 0 0 0 0 0 0 0 0 0 0 0 0 0 0 0 0 0 0 0 0 0 0 0 0 0 0 0 0 0 0 0 0 0 0 0 0 0 0 0 0 0 0 0 0 0 0 0 0 0 0 0 0 0 0 0 0 0 0 0 0 0 0 1 0 0 0 0 0 0 0 0 0 0 0 0 0 0 0 0 0 0 0 0 0 0 0 0 0 0 0 0 0 0 0 0 0 0 0 0 0 0 0 0 0]
[2775065127397981082933272273383225400092189112329914102951079460128122956314734368672773049124132575437530810141469693601210231430993793693765145014841217967391875697984809864717606312507147005397548387028199294706237733166373375611861935273942381248916193745279668003310482629958790648207181408778572085034211156555756906219722672590438850985842 0 0 0 0 0 0 0 0 0 0 0 0 0 0 0 0 0 0 0 0 0 0 0 0 0 0 0 0 0 0 0 0 0 0 0 0 0 0 0 0 0 0 0 0 0 0 0 0 0 0 0 0 0 0 0 0 0 0 0 0 0 0 0 0 0 0 0 0 0 0 0 0 0 1 0 0 0 0 0 0 0 0 0 0 0 0 0 0 0 0 0 0 0 0 0 0 0 0 0 0 0 0 0 0 0 0 0 0 0 0 0 0 0 0]
[1804370602041531750434542301397255585103139978491370702297999212437145971056802678023556530234974811954190847739069477556180319776286924353841528073341164308589984500373590478045210254110029030431339979460430931543836964261153575381674537363323189026315652494609367848351693193672245076873913238749427059693161993788475017933915468342849405912315 0 0 0 0 0 0 0 0 0 0 0 0 0 0 0 0 0 0 0 0 0 0 0 0 0 0 0 0 0 0 0 0 0 0 0 0 0 0 0 0 0 0 0 0 0 0 0 0 0 0 0 0 0 0 0 0 0 0 0 0 0 0 0 0 0 0 0 0 0 0 0 0 0 0 1 0 0 0 0 0 0 0 0 0 0 0 0 0 0 0 0 0 0 0 0 0 0 0 0 0 0 0 0 0 0 0 0 0 0 0 0 0 0 0]
[826424972735546724848217266629457399850961745264088458792112681414018950753657344996921038896054167523365873818003398903748550625835514859812268498720516204525624516720878539363761912879424441784274365949495978247739072723329517691554103420509822911892138038309388290104898416233869145737760953257605073822547452247432486354360329277071788987624 0 0 0 0 0 0 0 0 0 0 0 0 0 0 0 0 0 0 0 0 0 0 0 0 0 0 0 0 0 0 0 0 0 0 0 0 0 0 0 0 0 0 0 0 0 0 0 0 0 0 0 0 0 0 0 0 0 0 0 0 0 0 0 0 0 0 0 0 0 0 0 0 0 0 0 1 0 0 0 0 0 0 0 0 0 0 0 0 0 0 0 0 0 0 0 0 0 0 0 0 0 0 0 0 0 0 0 0 0 0 0 0 0 0]
[378568024999584628089401726755083322314530463339901817156495119490924525161803575311873452012723809697674591950693387663207638322660295525826050812178534246721134010447561109751037566651258937592547179466089418236902045113965335079773735683500877382512172129254049971856422781277019292270953490319080466833000456250302055932491219234350984196984 0 0 0 0 0 0 0 0 0 0 0 0 0 0 0 0 0 0 0 0 0 0 0 0 0 0 0 0 0 0 0 0 0 0 0 0 0 0 0 0 0 0 0 0 0 0 0 0 0 0 0 0 0 0 0 0 0 0 0 0 0 0 0 0 0 0 0 0 0 0 0 0 0 0 0 0 1 0 0 0 0 0 0 0 0 0 0 0 0 0 0 0 0 0 0 0 0 0 0 0 0 0 0 0 0 0 0 0 0 0 0 0 0 0]
[7853624600141132565513624018584983402691583610345412463193341366961735927746090902553503098961760209670296931727114661200416402459870889042094265860378400318032747482659958313109512652637933484351854062029570621607521171726549049561188983829736284385577366143927800908823139638219342676689206755434711293651064515548098321317953288843672123546736 0 0 0 0 0 0 0 0 0 0 0 0 0 0 0 0 0 0 0 0 0 0 0 0 0 0 0 0 0 0 0 0 0 0 0 0 0 0 0 0 0 0 0 0 0 0 0 0 0 0 0 0 0 0 0 0 0 0 0 0 0 0 0 0 0 0 0 0 0 0 0 0 0 0 0 0 0 1 0 0 0 0 0 0 0 0 0 0 0 0 0 0 0 0 0 0 0 0 0 0 0 0 0 0 0 0 0 0 0 0 0 0 0 0]
[7196943884621935580479686290363376703019882088917515910091453432944578553400289296616927875195022947125887165232601708892301766911778393961025169208724452870162748620048794495370106523958199545800041252697544021141545375629443558519273571935648128915999164457436438758566766065295357508125391528572081692413171572485926603505506620586947950206983 0 0 0 0 0 0 0 0 0 0 0 0 0 0 0 0 0 0 0 0 0 0 0 0 0 0 0 0 0 0 0 0 0 0 0 0 0 0 0 0 0 0 0 0 0 0 0 0 0 0 0 0 0 0 0 0 0 0 0 0 0 0 0 0 0 0 0 0 0 0 0 0 0 0 0 0 0 0 1 0 0 0 0 0 0 0 0 0 0 0 0 0 0 0 0 0 0 0 0 0 0 0 0 0 0 0 0 0 0 0 0 0 0 0]
[1354444227321356772697971640352760149275736129267836514193791610618613112460856976359161225525506076269547853701172893101971254552098301538791431676410756910311625495115764073274430842796352579359247470475186433168195438850896831640948658730650511572160107358412009025764404600564074121315193386616856988790400857170111852773009026381760345855713 0 0 0 0 0 0 0 0 0 0 0 0 0 0 0 0 0 0 0 0 0 0 0 0 0 0 0 0 0 0 0 0 0 0 0 0 0 0 0 0 0 0 0 0 0 0 0 0 0 0 0 0 0 0 0 0 0 0 0 0 0 0 0 0 0 0 0 0 0 0 0 0 0 0 0 0 0 0 0 1 0 0 0 0 0 0 0 0 0 0 0 0 0 0 0 0 0 0 0 0 0 0 0 0 0 0 0 0 0 0 0 0 0 0]
[1915264600317522930016290695540552164223947344763643580270847915241926868011427974078094033603441265405960640624690257373838579202056808743444192856077138714721672051148516761113184879202668571349274296882451808014511025834111125631299984989974325832141792945768156141401386609283483062705348636154240482136757731132981873819295200428724689767091 0 0 0 0 0 0 0 0 0 0 0 0 0 0 0 0 0 0 0 0 0 0 0 0 0 0 0 0 0 0 0 0 0 0 0 0 0 0 0 0 0 0 0 0 0 0 0 0 0 0 0 0 0 0 0 0 0 0 0 0 0 0 0 0 0 0 0 0 0 0 0 0 0 0 0 0 0 0 0 0 1 0 0 0 0 0 0 0 0 0 0 0 0 0 0 0 0 0 0 0 0 0 0 0 0 0 0 0 0 0 0 0 0 0]
[1378609660526434899749234392489723747784145478143702661723963228942714522402845072283957586234054710614887703443685887708085866577734245881316483343728567973224208043338501072310587006028037946579258495245118738864849760674802148137587083137993197101854680424828895162008596489753283007803587278139111356360598393190714273097510752584247274766113 0 0 0 0 0 0 0 0 0 0 0 0 0 0 0 0 0 0 0 0 0 0 0 0 0 0 0 0 0 0 0 0 0 0 0 0 0 0 0 0 0 0 0 0 0 0 0 0 0 0 0 0 0 0 0 0 0 0 0 0 0 0 0 0 0 0 0 0 0 0 0 0 0 0 0 0 0 0 0 0 0 1 0 0 0 0 0 0 0 0 0 0 0 0 0 0 0 0 0 0 0 0 0 0 0 0 0 0 0 0 0 0 0 0]
[228026224859159232103260480110160541090933562588387604732779411062022899427170913802489904558353297082206524865805009671986946241449381556824177870169137560550574540444533834873312062476045954884306762644176020258294131039902416993352419567526717757220699138586332748454420725447072978812898240165139377551011071933387382694179553559030259762005 0 0 0 0 0 0 0 0 0 0 0 0 0 0 0 0 0 0 0 0 0 0 0 0 0 0 0 0 0 0 0 0 0 0 0 0 0 0 0 0 0 0 0 0 0 0 0 0 0 0 0 0 0 0 0 0 0 0 0 0 0 0 0 0 0 0 0 0 0 0 0 0 0 0 0 0 0 0 0 0 0 0 1 0 0 0 0 0 0 0 0 0 0 0 0 0 0 0 0 0 0 0 0 0 0 0 0 0 0 0 0 0 0 0]
[1914970644632924625145905727364855263742146206225262376061841162099868682471256383422537809530116878928129392830662137953070836523180804847806983178621252034442790250972502205645062927531499509415068042124636894845447228262225090586437785157895271977873009325538239580397400478032518703185722879970259902973103523135315055440218806549759877042200 0 0 0 0 0 0 0 0 0 0 0 0 0 0 0 0 0 0 0 0 0 0 0 0 0 0 0 0 0 0 0 0 0 0 0 0 0 0 0 0 0 0 0 0 0 0 0 0 0 0 0 0 0 0 0 0 0 0 0 0 0 0 0 0 0 0 0 0 0 0 0 0 0 0 0 0 0 0 0 0 0 0 0 1 0 0 0 0 0 0 0 0 0 0 0 0 0 0 0 0 0 0 0 0 0 0 0 0 0 0 0 0 0 0]
[1138932605192899506711935259518212342917407832722219045550308374085008513057562791760892901896661791137869530261444577096427868078075278603977994992745130052674396543998350045081105441201286026703944047472925609416263084144138018977198902607267765604508511681060185188927905840903815039907744496648841157103097091567074464182156950168762059748003 0 0 0 0 0 0 0 0 0 0 0 0 0 0 0 0 0 0 0 0 0 0 0 0 0 0 0 0 0 0 0 0 0 0 0 0 0 0 0 0 0 0 0 0 0 0 0 0 0 0 0 0 0 0 0 0 0 0 0 0 0 0 0 0 0 0 0 0 0 0 0 0 0 0 0 0 0 0 0 0 0 0 0 0 1 0 0 0 0 0 0 0 0 0 0 0 0 0 0 0 0 0 0 0 0 0 0 0 0 0 0 0 0 0]
[1185720252000779696781462259793373831601961586863305759903085160001249540913445497136893560507701120738438053409518930246068547276428384627811638125777895529086788975944560039456633458247321594858303685282226443392821945610862036037782427048274456196145282853481159483929757775386997503899695925816287595766445678477277817979087769155585396502358 0 0 0 0 0 0 0 0 0 0 0 0 0 0 0 0 0 0 0 0 0 0 0 0 0 0 0 0 0 0 0 0 0 0 0 0 0 0 0 0 0 0 0 0 0 0 0 0 0 0 0 0 0 0 0 0 0 0 0 0 0 0 0 0 0 0 0 0 0 0 0 0 0 0 0 0 0 0 0 0 0 0 0 0 0 1 0 0 0 0 0 0 0 0 0 0 0 0 0 0 0 0 0 0 0 0 0 0 0 0 0 0 0 0]
[5001804316552615392566133692318899388856461454199198717292375857930599151528849780809906256346244428665820136840114024776783778488761263639524734589851126157834496990082237731642770030985406777598961987767702527905741859745580189046986898996787507843756409758892723608158485044990056684486981788458660732837380734312704679848501365618921635458981 0 0 0 0 0 0 0 0 0 0 0 0 0 0 0 0 0 0 0 0 0 0 0 0 0 0 0 0 0 0 0 0 0 0 0 0 0 0 0 0 0 0 0 0 0 0 0 0 0 0 0 0 0 0 0 0 0 0 0 0 0 0 0 0 0 0 0 0 0 0 0 0 0 0 0 0 0 0 0 0 0 0 0 0 0 0 1 0 0 0 0 0 0 0 0 0 0 0 0 0 0 0 0 0 0 0 0 0 0 0 0 0 0 0]
[21269176821357466475066951215221893143962981643441978691378558336732299536221236663027074752416761626898940965783499648635306049670891024140721738127599702046346143108914045686866845427194020723820968970385179426090262426703279097954036609298522360524640025436602306398306686337897513998547516229607662821340823735377173684525970315532547751715 0 0 0 0 0 0 0 0 0 0 0 0 0 0 0 0 0 0 0 0 0 0 0 0 0 0 0 0 0 0 0 0 0 0 0 0 0 0 0 0 0 0 0 0 0 0 0 0 0 0 0 0 0 0 0 0 0 0 0 0 0 0 0 0 0 0 0 0 0 0 0 0 0 0 0 0 0 0 0 0 0 0 0 0 0 0 0 1 0 0 0 0 0 0 0 0 0 0 0 0 0 0 0 0 0 0 0 0 0 0 0 0 0 0]
[856998027375039421672622438372974262225109330191075971171673240138918809403241164542931661553315478702140738438231602100470348897210064599080756403802707252638094581068757043450263428677323242670443859598978904256024780915682077147276693334181249063985734881671557978079804978198401186108975073349499719987190519577897288874751044122251690596093 0 0 0 0 0 0 0 0 0 0 0 0 0 0 0 0 0 0 0 0 0 0 0 0 0 0 0 0 0 0 0 0 0 0 0 0 0 0 0 0 0 0 0 0 0 0 0 0 0 0 0 0 0 0 0 0 0 0 0 0 0 0 0 0 0 0 0 0 0 0 0 0 0 0 0 0 0 0 0 0 0 0 0 0 0 0 0 0 1 0 0 0 0 0 0 0 0 0 0 0 0 0 0 0 0 0 0 0 0 0 0 0 0 0]
[2979795576767066894113325432888037482916480740792351430828439941853986020872169072425325400525973760224686119182350675405285420184694275349665343504902632979415704785556785090530069400223310139085923977865601295439451268739410045662259714520618821052248102877296158485937043247686154178771188672566791465490922337739564690205239650707611780565127 0 0 0 0 0 0 0 0 0 0 0 0 0 0 0 0 0 0 0 0 0 0 0 0 0 0 0 0 0 0 0 0 0 0 0 0 0 0 0 0 0 0 0 0 0 0 0 0 0 0 0 0 0 0 0 0 0 0 0 0 0 0 0 0 0 0 0 0 0 0 0 0 0 0 0 0 0 0 0 0 0 0 0 0 0 0 0 0 0 1 0 0 0 0 0 0 0 0 0 0 0 0 0 0 0 0 0 0 0 0 0 0 0 0]
[4920146285772906685183216841713265510427099124402368237940757900967070775020586499615625911993898868778376657042736501351458737311658578180191188720227886906850957231477852857354284931967313490507818899903087588103605724953524983352853646822016189033271813401680921987508828110564593521118040134151526289545602490443974310230301036995521345822178 0 0 0 0 0 0 0 0 0 0 0 0 0 0 0 0 0 0 0 0 0 0 0 0 0 0 0 0 0 0 0 0 0 0 0 0 0 0 0 0 0 0 0 0 0 0 0 0 0 0 0 0 0 0 0 0 0 0 0 0 0 0 0 0 0 0 0 0 0 0 0 0 0 0 0 0 0 0 0 0 0 0 0 0 0 0 0 0 0 0 1 0 0 0 0 0 0 0 0 0 0 0 0 0 0 0 0 0 0 0 0 0 0 0]
[6921238626563381904707217377516819911593531328857382970545829197389032813707266118721603042607636699837510158055093467376515350381867572404027971084830372511087957083048028743226404657848861182894800214217453600486004247136565483841303004599031604475874821465717592774452302569454564700706718341133882936864862841427966489578336245345704383420169 0 0 0 0 0 0 0 0 0 0 0 0 0 0 0 0 0 0 0 0 0 0 0 0 0 0 0 0 0 0 0 0 0 0 0 0 0 0 0 0 0 0 0 0 0 0 0 0 0 0 0 0 0 0 0 0 0 0 0 0 0 0 0 0 0 0 0 0 0 0 0 0 0 0 0 0 0 0 0 0 0 0 0 0 0 0 0 0 0 0 0 1 0 0 0 0 0 0 0 0 0 0 0 0 0 0 0 0 0 0 0 0 0 0]
[3396905561431785116933661869550867414293996139256366047754097621276605027997972970844995863274237519908880213266926809817831740154276734153552557074341319190811573387037611663689319530869166311393201720453176363507911401135165248001484247743373352703032936040685027448334557316723864074389427951419499266788751606540343857590030897966328207796821 0 0 0 0 0 0 0 0 0 0 0 0 0 0 0 0 0 0 0 0 0 0 0 0 0 0 0 0 0 0 0 0 0 0 0 0 0 0 0 0 0 0 0 0 0 0 0 0 0 0 0 0 0 0 0 0 0 0 0 0 0 0 0 0 0 0 0 0 0 0 0 0 0 0 0 0 0 0 0 0 0 0 0 0 0 0 0 0 0 0 0 0 1 0 0 0 0 0 0 0 0 0 0 0 0 0 0 0 0 0 0 0 0 0]
[1873316949385767151503111005482176477671933395938272129775569774127707043041663800250462668914079791529231896466667380018793865067617389999182947260070486958859143881226437110661179303621194493481871025740193257212361807296991111985642117555782205098494719727259969480655338631153661683361623323431590744911349864216297305506814721701137814131690 0 0 0 0 0 0 0 0 0 0 0 0 0 0 0 0 0 0 0 0 0 0 0 0 0 0 0 0 0 0 0 0 0 0 0 0 0 0 0 0 0 0 0 0 0 0 0 0 0 0 0 0 0 0 0 0 0 0 0 0 0 0 0 0 0 0 0 0 0 0 0 0 0 0 0 0 0 0 0 0 0 0 0 0 0 0 0 0 0 0 0 0 0 1 0 0 0 0 0 0 0 0 0 0 0 0 0 0 0 0 0 0 0 0]
[1936863049750304854413056006747637611093626374092123948049893864338541666605415573492075140132966705850696410945215007923392670161598203957781854894640237584849603123973141774152796725421664915765372694401746144491064270336668388047042334947059198033215246915162398683901029163947212169129972335646410710591312144469600683635721547867670693979296 0 0 0 0 0 0 0 0 0 0 0 0 0 0 0 0 0 0 0 0 0 0 0 0 0 0 0 0 0 0 0 0 0 0 0 0 0 0 0 0 0 0 0 0 0 0 0 0 0 0 0 0 0 0 0 0 0 0 0 0 0 0 0 0 0 0 0 0 0 0 0 0 0 0 0 0 0 0 0 0 0 0 0 0 0 0 0 0 0 0 0 0 0 0 1 0 0 0 0 0 0 0 0 0 0 0 0 0 0 0 0 0 0 0]
[6667706489152620804098370153425280687207578241368763980908205267445115512324655659548488711446968683450500155991897595621626623255955930225571155292204224032087505536031342321173118062505996352784930685448922959854314115222389681984581466584626670084164245663549287831910300874955747907336806155451326331494875506032439769498638593260916193892218 0 0 0 0 0 0 0 0 0 0 0 0 0 0 0 0 0 0 0 0 0 0 0 0 0 0 0 0 0 0 0 0 0 0 0 0 0 0 0 0 0 0 0 0 0 0 0 0 0 0 0 0 0 0 0 0 0 0 0 0 0 0 0 0 0 0 0 0 0 0 0 0 0 0 0 0 0 0 0 0 0 0 0 0 0 0 0 0 0 0 0 0 0 0 0 1 0 0 0 0 0 0 0 0 0 0 0 0 0 0 0 0 0 0]
[6517546533252264960002692396395128379837695322681955620474106525112208351474549852225489324072788939877102318583763776347783720645293480876489578801560029672241566309518978391628438976931925348466730151374977870549202772214151896339457973002392450673744112151256496130316285592106241876461819985920826479311164117275652313882873086414029436437498 0 0 0 0 0 0 0 0 0 0 0 0 0 0 0 0 0 0 0 0 0 0 0 0 0 0 0 0 0 0 0 0 0 0 0 0 0 0 0 0 0 0 0 0 0 0 0 0 0 0 0 0 0 0 0 0 0 0 0 0 0 0 0 0 0 0 0 0 0 0 0 0 0 0 0 0 0 0 0 0 0 0 0 0 0 0 0 0 0 0 0 0 0 0 0 0 1 0 0 0 0 0 0 0 0 0 0 0 0 0 0 0 0 0]
[3832814610342720089625636080936800652892545719573589834389926179107975923314613756631146123266057763945099543198028402482345273137769328490467865687721030374964386762488738286549981952223449335762608264417213275243523488874276473483161415094854427645277547385645042553520631992019189052484562673727248531803709325223643464374320476309534082459614 0 0 0 0 0 0 0 0 0 0 0 0 0 0 0 0 0 0 0 0 0 0 0 0 0 0 0 0 0 0 0 0 0 0 0 0 0 0 0 0 0 0 0 0 0 0 0 0 0 0 0 0 0 0 0 0 0 0 0 0 0 0 0 0 0 0 0 0 0 0 0 0 0 0 0 0 0 0 0 0 0 0 0 0 0 0 0 0 0 0 0 0 0 0 0 0 0 1 0 0 0 0 0 0 0 0 0 0 0 0 0 0 0 0]
[6066654035391843709811733231147353333983361146336303819691544729279034303965868605063061486438667996969103462998202147258929390979225901653936441247483667404248741806893896235989792541467888631674352068640525935038585931791730725816327838149835548555904352991139041628289205342098171621841657340062859956789453889800398218908624270704038142381400 0 0 0 0 0 0 0 0 0 0 0 0 0 0 0 0 0 0 0 0 0 0 0 0 0 0 0 0 0 0 0 0 0 0 0 0 0 0 0 0 0 0 0 0 0 0 0 0 0 0 0 0 0 0 0 0 0 0 0 0 0 0 0 0 0 0 0 0 0 0 0 0 0 0 0 0 0 0 0 0 0 0 0 0 0 0 0 0 0 0 0 0 0 0 0 0 0 0 1 0 0 0 0 0 0 0 0 0 0 0 0 0 0 0]
[6470165794390102781821705507075694162255866875038636379813860386706461070578870481266589227801823054467985813051784768704321868820097565495443860248805980950524705866074224204971974508238516956787013162540195346798341806749326597192707915197132713855231570707289548100562777548790726625313684104001950814018096354732344039515841366861793604889155 0 0 0 0 0 0 0 0 0 0 0 0 0 0 0 0 0 0 0 0 0 0 0 0 0 0 0 0 0 0 0 0 0 0 0 0 0 0 0 0 0 0 0 0 0 0 0 0 0 0 0 0 0 0 0 0 0 0 0 0 0 0 0 0 0 0 0 0 0 0 0 0 0 0 0 0 0 0 0 0 0 0 0 0 0 0 0 0 0 0 0 0 0 0 0 0 0 0 0 1 0 0 0 0 0 0 0 0 0 0 0 0 0 0]
[2593073832458187332379437400077734705269623128792665426150558546700583516818333497934997124008587455746360284149538093440792361874750664330559031400505296006067118998333118309435140640566784443339128437541348727038083403050930851145237127117700773250530500180938526055949430696754090868118220897386928396489060924516649704463491592522980744971693 0 0 0 0 0 0 0 0 0 0 0 0 0 0 0 0 0 0 0 0 0 0 0 0 0 0 0 0 0 0 0 0 0 0 0 0 0 0 0 0 0 0 0 0 0 0 0 0 0 0 0 0 0 0 0 0 0 0 0 0 0 0 0 0 0 0 0 0 0 0 0 0 0 0 0 0 0 0 0 0 0 0 0 0 0 0 0 0 0 0 0 0 0 0 0 0 0 0 0 0 1 0 0 0 0 0 0 0 0 0 0 0 0 0]
[453636941981156364810737113830222342391768104291175462039840966893539202174053260789091145874238964273546309546198345533298701246541655841159478407461414947831182632954151017882383692627526932436650321184028850059306364290628479023263166812268847882615314271476365541645895394021076637704773804851009893781299756683360501485404671360628442449172 0 0 0 0 0 0 0 0 0 0 0 0 0 0 0 0 0 0 0 0 0 0 0 0 0 0 0 0 0 0 0 0 0 0 0 0 0 0 0 0 0 0 0 0 0 0 0 0 0 0 0 0 0 0 0 0 0 0 0 0 0 0 0 0 0 0 0 0 0 0 0 0 0 0 0 0 0 0 0 0 0 0 0 0 0 0 0 0 0 0 0 0 0 0 0 0 0 0 0 0 0 1 0 0 0 0 0 0 0 0 0 0 0 0]
[5541113642203126788362478209185715604818903603749766388776259342317024722554462668517074600299107418118314443053177350167563182904093035049685185517913626830903115214747175794408666029940043607606938798479914366840914269197519855609691284198537638006530850416852649467629757534500572883382104800544975835285641678310415949069002376732518351334871 0 0 0 0 0 0 0 0 0 0 0 0 0 0 0 0 0 0 0 0 0 0 0 0 0 0 0 0 0 0 0 0 0 0 0 0 0 0 0 0 0 0 0 0 0 0 0 0 0 0 0 0 0 0 0 0 0 0 0 0 0 0 0 0 0 0 0 0 0 0 0 0 0 0 0 0 0 0 0 0 0 0 0 0 0 0 0 0 0 0 0 0 0 0 0 0 0 0 0 0 0 0 1 0 0 0 0 0 0 0 0 0 0 0]
[7169399953662348974825621806862102597187204150358502695339259693467405346531021299670851613114551433647004379339919892838388779064813730217311680603040433435258053085853761680719165374328243934244206672614981474553048559100086640545173188796673972200368091108388430547285906265042450231236671079392746341045341531698291640818803262199087785025349 0 0 0 0 0 0 0 0 0 0 0 0 0 0 0 0 0 0 0 0 0 0 0 0 0 0 0 0 0 0 0 0 0 0 0 0 0 0 0 0 0 0 0 0 0 0 0 0 0 0 0 0 0 0 0 0 0 0 0 0 0 0 0 0 0 0 0 0 0 0 0 0 0 0 0 0 0 0 0 0 0 0 0 0 0 0 0 0 0 0 0 0 0 0 0 0 0 0 0 0 0 0 0 1 0 0 0 0 0 0 0 0 0 0]
[6336842243243000820093893247073338441306300049219116223157862657943380295223616278752674764375611418835398213300055811969533945756986426779292328807683295618951529051921406153096602027674947879837322872920835091901593001701001950767302623541576251875342067306478493709964815316549875987779554903704766559884928087389018887656614550304259423792533 0 0 0 0 0 0 0 0 0 0 0 0 0 0 0 0 0 0 0 0 0 0 0 0 0 0 0 0 0 0 0 0 0 0 0 0 0 0 0 0 0 0 0 0 0 0 0 0 0 0 0 0 0 0 0 0 0 0 0 0 0 0 0 0 0 0 0 0 0 0 0 0 0 0 0 0 0 0 0 0 0 0 0 0 0 0 0 0 0 0 0 0 0 0 0 0 0 0 0 0 0 0 0 0 1 0 0 0 0 0 0 0 0 0]
[6317930922838681909463252763675570559940211944450284168899468594961459590671113136040063964502175893168460328643501907974327078259020673711899801993703683159173938681932120744883898684541216742570577327899005209043111689240821582018936385585319087143406296069045785774156655497426439057613098059917130301415205658657640644610292127483142794701221 0 0 0 0 0 0 0 0 0 0 0 0 0 0 0 0 0 0 0 0 0 0 0 0 0 0 0 0 0 0 0 0 0 0 0 0 0 0 0 0 0 0 0 0 0 0 0 0 0 0 0 0 0 0 0 0 0 0 0 0 0 0 0 0 0 0 0 0 0 0 0 0 0 0 0 0 0 0 0 0 0 0 0 0 0 0 0 0 0 0 0 0 0 0 0 0 0 0 0 0 0 0 0 0 0 1 0 0 0 0 0 0 0 0]
[5191106545148149192708536757876333749500486623083939819244048668842540991577093266787730829417514695545404804569291604865562612794902028075731587502092045642008395947819932014832149671476305017676429781544786621736407800229251150655461175234369990851078578445991089811654939165460641139924349468684395671168719553981727286983954769962996654723432 0 0 0 0 0 0 0 0 0 0 0 0 0 0 0 0 0 0 0 0 0 0 0 0 0 0 0 0 0 0 0 0 0 0 0 0 0 0 0 0 0 0 0 0 0 0 0 0 0 0 0 0 0 0 0 0 0 0 0 0 0 0 0 0 0 0 0 0 0 0 0 0 0 0 0 0 0 0 0 0 0 0 0 0 0 0 0 0 0 0 0 0 0 0 0 0 0 0 0 0 0 0 0 0 0 0 1 0 0 0 0 0 0 0]
[1753389713307823132321900516167314738891114903722476360733408325016363734892534704013514088481382983871287808164852410395497586941512480383617881077234519896988952214354292632098682849365242379668664412295664061693972534010724956812827518426730638273295148073492371733158136293192523199135569909151067499673084695454223009438386111241545924266087 0 0 0 0 0 0 0 0 0 0 0 0 0 0 0 0 0 0 0 0 0 0 0 0 0 0 0 0 0 0 0 0 0 0 0 0 0 0 0 0 0 0 0 0 0 0 0 0 0 0 0 0 0 0 0 0 0 0 0 0 0 0 0 0 0 0 0 0 0 0 0 0 0 0 0 0 0 0 0 0 0 0 0 0 0 0 0 0 0 0 0 0 0 0 0 0 0 0 0 0 0 0 0 0 0 0 0 1 0 0 0 0 0 0]
[3655506196826618112609625607133839681085304914149296820695181893271882806776619971425987255405091497661468593459605774562314682858100214142127649274602224160378118194764123157350637653201754414042236968816435348842970193826196608713228342680268381248980511236343866711955467126909454136952046008044645709797981660959679500889879146697010704071314 0 0 0 0 0 0 0 0 0 0 0 0 0 0 0 0 0 0 0 0 0 0 0 0 0 0 0 0 0 0 0 0 0 0 0 0 0 0 0 0 0 0 0 0 0 0 0 0 0 0 0 0 0 0 0 0 0 0 0 0 0 0 0 0 0 0 0 0 0 0 0 0 0 0 0 0 0 0 0 0 0 0 0 0 0 0 0 0 0 0 0 0 0 0 0 0 0 0 0 0 0 0 0 0 0 0 0 0 1 0 0 0 0 0]
[1455095480484472820426613208283204286023922998126276060256517504560783762369195841430932746989036526189622035265458787827732907079723580661620444761338887828454936144264575323455189140475197169179315339293965660119363730025979717708857859205726916226450533582521206175343299745229566566872807752280185583932572644054049912309953430602409224460588 0 0 0 0 0 0 0 0 0 0 0 0 0 0 0 0 0 0 0 0 0 0 0 0 0 0 0 0 0 0 0 0 0 0 0 0 0 0 0 0 0 0 0 0 0 0 0 0 0 0 0 0 0 0 0 0 0 0 0 0 0 0 0 0 0 0 0 0 0 0 0 0 0 0 0 0 0 0 0 0 0 0 0 0 0 0 0 0 0 0 0 0 0 0 0 0 0 0 0 0 0 0 0 0 0 0 0 0 0 1 0 0 0 0]
[2633830696300083935445241073205189130314655500219021298821819599282625438289622736734620826913236711753206236271878839645362335170803831834325412344543100632524663592009852606562754998737615261418759423273504787958558788422041206511121090994793699739131774554926738857651924238161024581285805478708911629937179596628655194981777903085030950982304 0 0 0 0 0 0 0 0 0 0 0 0 0 0 0 0 0 0 0 0 0 0 0 0 0 0 0 0 0 0 0 0 0 0 0 0 0 0 0 0 0 0 0 0 0 0 0 0 0 0 0 0 0 0 0 0 0 0 0 0 0 0 0 0 0 0 0 0 0 0 0 0 0 0 0 0 0 0 0 0 0 0 0 0 0 0 0 0 0 0 0 0 0 0 0 0 0 0 0 0 0 0 0 0 0 0 0 0 0 0 1 0 0 0]
[5190791986242511384768013734909991880112386147546654959603420101945207545012017564608852752422225999815071774879506528361527183750030886611306628243243986872888732168698908673204298786674230016985794271643143140466193508877668307730957627379217907020198502665456881747059067423797629330559281461257587563764990148912288002409871319739575841745518 0 0 0 0 0 0 0 0 0 0 0 0 0 0 0 0 0 0 0 0 0 0 0 0 0 0 0 0 0 0 0 0 0 0 0 0 0 0 0 0 0 0 0 0 0 0 0 0 0 0 0 0 0 0 0 0 0 0 0 0 0 0 0 0 0 0 0 0 0 0 0 0 0 0 0 0 0 0 0 0 0 0 0 0 0 0 0 0 0 0 0 0 0 0 0 0 0 0 0 0 0 0 0 0 0 0 0 0 0 0 0 1 0 0]
[2605963884191274480442184884423077820649823401697609048617951190737407752038781482691063099327548849902274032750421622776352286626161781450280516771111684710828583866003101480400213136741738557022909933114142534213772913800690193769118774628716399431519806381382074622991199389758496119229731127003870395211683669392292041690971557919124870137615 0 0 0 0 0 0 0 0 0 0 0 0 0 0 0 0 0 0 0 0 0 0 0 0 0 0 0 0 0 0 0 0 0 0 0 0 0 0 0 0 0 0 0 0 0 0 0 0 0 0 0 0 0 0 0 0 0 0 0 0 0 0 0 0 0 0 0 0 0 0 0 0 0 0 0 0 0 0 0 0 0 0 0 0 0 0 0 0 0 0 0 0 0 0 0 0 0 0 0 0 0 0 0 0 0 0 0 0 0 0 0 0 1 0]
[935749394281770794179878820143111134252152806017022115239602941937015964963658388184403094855228410373031702398221184389377518101162267281913456674513310476386146104923084933590469993260852515189341915787568876933429452345912931239682671410121795110865901701151228672105408493755743636766815218271264747229757013087013374706921006641800578073448 0 0 0 0 0 0 0 0 0 0 0 0 0 0 0 0 0 0 0 0 0 0 0 0 0 0 0 0 0 0 0 0 0 0 0 0 0 0 0 0 0 0 0 0 0 0 0 0 0 0 0 0 0 0 0 0 0 0 0 0 0 0 0 0 0 0 0 0 0 0 0 0 0 0 0 0 0 0 0 0 0 0 0 0 0 0 0 0 0 0 0 0 0 0 0 0 0 0 0 0 0 0 0 0 0 0 0 0 0 0 0 0 0 1]
]
