[[11517517144112402135085738364857312906230041953254716062868478261610818096187206957016720371109158709226989670814143239896371040632339224000668055686043711326523442916598450401005711876778047031951535453075161248179091925284101378979010030596923478950273002112519697605996265476256365359935152996408287396552839859070175353712148988834546477539969 0 0 0 0 0 0 0 0 0 0 0 0 0 0 0 0 0 0 0 0 0 0 0 0 0 0 0 0 0 0 0 0 0 0 0 0 0 0 0 0 0 0 0 0 0 0 0 0 0 0 0 0 0 0 0 0 0 0 0 0 0 0 0 0 0 0 0 0 0 0 0 0 0 0 0 0 0 0 0 0 0 0 0 0 0 0 0 0 0 0 0 0 0 0 0 0 0 0 0 0 0 0 0 0 0 0 0 0 0 0 0 0 0 0]
[4094998628610880305120701250719701935830106621919272445563768288832854713566706478083776585529725705830339401150854188616193024559469108475456016527852809855860292057509884842685749587781566201662754185094496789612765976517626066357715689068513626056597630295678824084855171220089838732543515092451580102296871017792020567286287342681490023090045 1 0 0 0 0 0 0 0 0 0 0 0 0 0 0 0 0 0 0 0 0 0 0 0 0 0 0 0 0 0 0 0 0 0 0 0 0 0 0 0 0 0 0 0 0 0 0 0 0 0 0 0 0 0 0 0 0 0 0 0 0 0 0 0 0 0 0 0 0 0 0 0 0 0 0 0 0 0 0 0 0 0 0 0 0 0 0 0 0 0 0 0 0 0 0 0 0 0 0 0 0 0 0 0 0 0 0 0 0 0 0 0 0 0]
[5470670250583022648239259703154026560491615426829677366675053332765766924834542426331416937626104380624049553273014740518928715113024994582761564175219362880343403944706817577523085492358480368464678778277112550537821480744062703728477983691508366819509257648627874541305487831733298913257454283343983844623001798226766817879034028988566612592847 0 1 0 0 0 0 0 0 0 0 0 0 0 0 0 0 0 0 0 0 0 0 0 0 0 0 0 0 0 0 0 0 0 0 0 0 0 0 0 0 0 0 0 0 0 0 0 0 0 0 0 0 0 0 0 0 0 0 0 0 0 0 0 0 0 0 0 0 0 0 0 0 0 0 0 0 0 0 0 0 0 0 0 0 0 0 0 0 0 0 0 0 0 0 0 0 0 0 0 0 0 0 0 0 0 0 0 0 0 0 0 0 0 0]
[992687928938042770427723775534240090611688932658616254208786167851723608944521669718116282272790376087843105841528237086235204024786438965399844890762190745794776245405014066261642644634120836232144681184025481982943016049531233323283129722567778800809944375846881196466728479497454536290338968182878813224943568973611712450385700162432555704267 0 0 1 0 0 0 0 0 0 0 0 0 0 0 0 0 0 0 0 0 0 0 0 0 0 0 0 0 0 0 0 0 0 0 0 0 0 0 0 0 0 0 0 0 0 0 0 0 0 0 0 0 0 0 0 0 0 0 0 0 0 0 0 0 0 0 0 0 0 0 0 0 0 0 0 0 0 0 0 0 0 0 0 0 0 0 0 0 0 0 0 0 0 0 0 0 0 0 0 0 0 0 0 0 0 0 0 0 0 0 0 0 0 0]
[2178505701194525881022195271826498755085890575449431235010550305133994646603407787357160604371261750178657115329454314936994706867430695603544024767157245788109447444551166130708035140389673882783752632896417365653061219357619891011982902303310266448566509949310574506542851121409440818357050774282779737127740319389104289555678940296835272319791 0 0 0 1 0 0 0 0 0 0 0 0 0 0 0 0 0 0 0 0 0 0 0 0 0 0 0 0 0 0 0 0 0 0 0 0 0 0 0 0 0 0 0 0 0 0 0 0 0 0 0 0 0 0 0 0 0 0 0 0 0 0 0 0 0 0 0 0 0 0 0 0 0 0 0 0 0 0 0 0 0 0 0 0 0 0 0 0 0 0 0 0 0 0 0 0 0 0 0 0 0 0 0 0 0 0 0 0 0 0 0 0 0 0]
[3542589291379206747906445835848754586877240036787196604775301322125042747123318068635121442901905384420799941123225775180205989023867739527866795431593281009264379867510222642086297547946879567546040608396464410651894684136710692832622729949086430466327997632601658875970860956138369510785494980201055028236937960886128485795014038737448737989587 0 0 0 0 1 0 0 0 0 0 0 0 0 0 0 0 0 0 0 0 0 0 0 0 0 0 0 0 0 0 0 0 0 0 0 0 0 0 0 0 0 0 0 0 0 0 0 0 0 0 0 0 0 0 0 0 0 0 0 0 0 0 0 0 0 0 0 0 0 0 0 0 0 0 0 0 0 0 0 0 0 0 0 0 0 0 0 0 0 0 0 0 0 0 0 0 0 0 0 0 0 0 0 0 0 0 0 0 0 0 0 0 0 0]
[658190358162162982963383176917064882263108198781679565273346324118472703910938588768501431126839729119665684143995509263563311964752837942910215052274521081037417487817300975970423151493673968639613144628209118711700035613321199199992270199780008648983289548811200779857960948120528425708281663512021368609866176781873786326214545565128844266305 0 0 0 0 0 1 0 0 0 0 0 0 0 0 0 0 0 0 0 0 0 0 0 0 0 0 0 0 0 0 0 0 0 0 0 0 0 0 0 0 0 0 0 0 0 0 0 0 0 0 0 0 0 0 0 0 0 0 0 0 0 0 0 0 0 0 0 0 0 0 0 0 0 0 0 0 0 0 0 0 0 0 0 0 0 0 0 0 0 0 0 0 0 0 0 0 0 0 0 0 0 0 0 0 0 0 0 0 0 0 0 0 0 0]
[4467870365733956441646748496000225944111959036541756853717429199187210013948873120091335009159524540084413022097073699917276985043926743394178565759849698184128846815784071605688140256577697553621493473396282456657481540797062390551605811885293736391624214300115505624580558459009040723764358462922776009114025299196931353075851608686798412021987 0 0 0 0 0 0 1 0 0 0 0 0 0 0 0 0 0 0 0 0 0 0 0 0 0 0 0 0 0 0 0 0 0 0 0 0 0 0 0 0 0 0 0 0 0 0 0 0 0 0 0 0 0 0 0 0 0 0 0 0 0 0 0 0 0 0 0 0 0 0 0 0 0 0 0 0 0 0 0 0 0 0 0 0 0 0 0 0 0 0 0 0 0 0 0 0 0 0 0 0 0 0 0 0 0 0 0 0 0 0 0 0 0 0]
[7868567872130081565391996736774561885403589794142265182656881986025814072278394356465620462313786311138493454895292348604541748747536818426850196019091789157833110648304316102231701815773351468366749451939474013132585889861755075147505241588803162317677268208022058699180910172027138665073569231456822964607562276397662231230549263291731044488203 0 0 0 0 0 0 0 1 0 0 0 0 0 0 0 0 0 0 0 0 0 0 0 0 0 0 0 0 0 0 0 0 0 0 0 0 0 0 0 0 0 0 0 0 0 0 0 0 0 0 0 0 0 0 0 0 0 0 0 0 0 0 0 0 0 0 0 0 0 0 0 0 0 0 0 0 0 0 0 0 0 0 0 0 0 0 0 0 0 0 0 0 0 0 0 0 0 0 0 0 0 0 0 0 0 0 0 0 0 0 0 0 0 0]
[1267124841089471259662801383514802650536135066724295023759845379421140125670703767574936683366206000380992225169764148098292665419599563863831382622653924948432831785665082522405037891541964716954970040050295517142655845523204122640301618538825954750792578600833788973449097145629544680911205539609924046028015876787281275231271551236114268769716 0 0 0 0 0 0 0 0 1 0 0 0 0 0 0 0 0 0 0 0 0 0 0 0 0 0 0 0 0 0 0 0 0 0 0 0 0 0 0 0 0 0 0 0 0 0 0 0 0 0 0 0 0 0 0 0 0 0 0 0 0 0 0 0 0 0 0 0 0 0 0 0 0 0 0 0 0 0 0 0 0 0 0 0 0 0 0 0 0 0 0 0 0 0 0 0 0 0 0 0 0 0 0 0 0 0 0 0 0 0 0 0 0 0]
[5453221282550915842472502080257071617885850349915114042100286037005477525234933658980222450010019870298596973378244930928087451287893671950352644488051877399041489946520834223486310025465887347826517928356535487943390732718168084032745529089130006139035546389586768470686287793130730526101721078210223013564660435852583364613008833226147921933990 0 0 0 0 0 0 0 0 0 1 0 0 0 0 0 0 0 0 0 0 0 0 0 0 0 0 0 0 0 0 0 0 0 0 0 0 0 0 0 0 0 0 0 0 0 0 0 0 0 0 0 0 0 0 0 0 0 0 0 0 0 0 0 0 0 0 0 0 0 0 0 0 0 0 0 0 0 0 0 0 0 0 0 0 0 0 0 0 0 0 0 0 0 0 0 0 0 0 0 0 0 0 0 0 0 0 0 0 0 0 0 0 0 0]
[1705832362091421219711226668807404490265167207708172014359094724338190150982411316112215211546187082948294253537488529178676075294702435129783670065760337216930623040119729363129292923772415198483223996574685926301469863037218052199247547145192925280938485140720772001346726837450226261532512578789113917584066433896757928098739049123418296402736 0 0 0 0 0 0 0 0 0 0 1 0 0 0 0 0 0 0 0 0 0 0 0 0 0 0 0 0 0 0 0 0 0 0 0 0 0 0 0 0 0 0 0 0 0 0 0 0 0 0 0 0 0 0 0 0 0 0 0 0 0 0 0 0 0 0 0 0 0 0 0 0 0 0 0 0 0 0 0 0 0 0 0 0 0 0 0 0 0 0 0 0 0 0 0 0 0 0 0 0 0 0 0 0 0 0 0 0 0 0 0 0 0 0]
[10709297222423007663127973125459005428484101417063943621138813901841012600697959371350294035001569833501973759290985300839479930016055711948630326882049148452758540801180655094780569752239658963391205737011159874286290694646539597700919943703817735121108983870673437598457410397888824398245140935228548458459183060778747264902863952500956011456614 0 0 0 0 0 0 0 0 0 0 0 1 0 0 0 0 0 0 0 0 0 0 0 0 0 0 0 0 0 0 0 0 0 0 0 0 0 0 0 0 0 0 0 0 0 0 0 0 0 0 0 0 0 0 0 0 0 0 0 0 0 0 0 0 0 0 0 0 0 0 0 0 0 0 0 0 0 0 0 0 0 0 0 0 0 0 0 0 0 0 0 0 0 0 0 0 0 0 0 0 0 0 0 0 0 0 0 0 0 0 0 0 0 0]
[5469481507346287426798797616675886915352990633357778768283016521402366331638244135946997666526795300710925346543400363766840118371914392545961661073099969651005509055550850716889098925322155270136550462118489302420977945495384850516445654472551032041348888544913488622033857082869680936049686878582312911799874756472809249244087088293750180606093 0 0 0 0 0 0 0 0 0 0 0 0 1 0 0 0 0 0 0 0 0 0 0 0 0 0 0 0 0 0 0 0 0 0 0 0 0 0 0 0 0 0 0 0 0 0 0 0 0 0 0 0 0 0 0 0 0 0 0 0 0 0 0 0 0 0 0 0 0 0 0 0 0 0 0 0 0 0 0 0 0 0 0 0 0 0 0 0 0 0 0 0 0 0 0 0 0 0 0 0 0 0 0 0 0 0 0 0 0 0 0 0 0 0]
[7892577310628466167016065119805476239727992959730890541278206596621535537379664945889321880862684319083370467417027524152805221055386796256541046540159948531597225598451407748320957495072626171830497589598678454696599095509080116689975759982975584593207007735492490331273068321315466037220896930308862311788722894536970909537598034240772666842437 0 0 0 0 0 0 0 0 0 0 0 0 0 1 0 0 0 0 0 0 0 0 0 0 0 0 0 0 0 0 0 0 0 0 0 0 0 0 0 0 0 0 0 0 0 0 0 0 0 0 0 0 0 0 0 0 0 0 0 0 0 0 0 0 0 0 0 0 0 0 0 0 0 0 0 0 0 0 0 0 0 0 0 0 0 0 0 0 0 0 0 0 0 0 0 0 0 0 0 0 0 0 0 0 0 0 0 0 0 0 0 0 0 0]
[7546575684548313934115924691586492960248075910801432545992286449142876475364359570220909649123221801876843253125712494698882243666515042695490476019059722989835397541992266054486215291836451985178661036475964132376486796614247097982862336741582546173082064652469499542449722397060147671344651589655185425675147695294663629314165210633560833165858 0 0 0 0 0 0 0 0 0 0 0 0 0 0 1 0 0 0 0 0 0 0 0 0 0 0 0 0 0 0 0 0 0 0 0 0 0 0 0 0 0 0 0 0 0 0 0 0 0 0 0 0 0 0 0 0 0 0 0 0 0 0 0 0 0 0 0 0 0 0 0 0 0 0 0 0 0 0 0 0 0 0 0 0 0 0 0 0 0 0 0 0 0 0 0 0 0 0 0 0 0 0 0 0 0 0 0 0 0 0 0 0 0 0]
[2196647083769576367663222970275558557731607319415697277868685889575938583611604096702377864745411355983982551868520509080474630762072335528934998927062769431414419751313571677714419488282541477537388769154668272923350637567032176593159943703110467270553377955161913400557555995090221317909419142705664228055856595071724524026764969818767297867784 0 0 0 0 0 0 0 0 0 0 0 0 0 0 0 1 0 0 0 0 0 0 0 0 0 0 0 0 0 0 0 0 0 0 0 0 0 0 0 0 0 0 0 0 0 0 0 0 0 0 0 0 0 0 0 0 0 0 0 0 0 0 0 0 0 0 0 0 0 0 0 0 0 0 0 0 0 0 0 0 0 0 0 0 0 0 0 0 0 0 0 0 0 0 0 0 0 0 0 0 0 0 0 0 0 0 0 0 0 0 0 0 0 0]
[11172419878416281001405872088503077099006970811300901709545513422782132849976561043200023150697077795387768412750595684659193499447643502214596616557896501547046815535019765439388941046437225667898526480743149805510023411261196309760229515626808589787674103249736999095007245748604822955764085460211470897106362366701038216847493775027762297944906 0 0 0 0 0 0 0 0 0 0 0 0 0 0 0 0 1 0 0 0 0 0 0 0 0 0 0 0 0 0 0 0 0 0 0 0 0 0 0 0 0 0 0 0 0 0 0 0 0 0 0 0 0 0 0 0 0 0 0 0 0 0 0 0 0 0 0 0 0 0 0 0 0 0 0 0 0 0 0 0 0 0 0 0 0 0 0 0 0 0 0 0 0 0 0 0 0 0 0 0 0 0 0 0 0 0 0 0 0 0 0 0 0 0]
[4442958104760928514585694486151804895218659981701361505669841621617318893204706717147532668546780731483191272667053059798630193449159344216588503195490028572513601773339336599024444280726183548107099708259535462101466802653167015650960993861731117913191669714238464762499132375811365377172666671097591382396456143956387967473312428279901624642609 0 0 0 0 0 0 0 0 0 0 0 0 0 0 0 0 0 1 0 0 0 0 0 0 0 0 0 0 0 0 0 0 0 0 0 0 0 0 0 0 0 0 0 0 0 0 0 0 0 0 0 0 0 0 0 0 0 0 0 0 0 0 0 0 0 0 0 0 0 0 0 0 0 0 0 0 0 0 0 0 0 0 0 0 0 0 0 0 0 0 0 0 0 0 0 0 0 0 0 0 0 0 0 0 0 0 0 0 0 0 0 0 0 0]
[2361429645322158816230818255382545069885397400685254451272012635662328439315515030294791748569898701436483695000765342919900759054260764501527173142642824521814567113750890420532616773948530739785922785382884552571540865926037762210269384736194615161848890559155791976837866787117616424159599796335954742058513667422112317808743710478240719047467 0 0 0 0 0 0 0 0 0 0 0 0 0 0 0 0 0 0 1 0 0 0 0 0 0 0 0 0 0 0 0 0 0 0 0 0 0 0 0 0 0 0 0 0 0 0 0 0 0 0 0 0 0 0 0 0 0 0 0 0 0 0 0 0 0 0 0 0 0 0 0 0 0 0 0 0 0 0 0 0 0 0 0 0 0 0 0 0 0 0 0 0 0 0 0 0 0 0 0 0 0 0 0 0 0 0 0 0 0 0 0 0 0 0]
[593344117737420377794631604160689694596438462294344978011819898998738269459106394748058998050934625101114337121012766924596644869251089440496719359812756890967341889106442513593244021463121563795649041722835202851255508496511725069183768414636677154301182115627058750599082154854794624636482221609372829473236962795286908378164872842912305015083 0 0 0 0 0 0 0 0 0 0 0 0 0 0 0 0 0 0 0 1 0 0 0 0 0 0 0 0 0 0 0 0 0 0 0 0 0 0 0 0 0 0 0 0 0 0 0 0 0 0 0 0 0 0 0 0 0 0 0 0 0 0 0 0 0 0 0 0 0 0 0 0 0 0 0 0 0 0 0 0 0 0 0 0 0 0 0 0 0 0 0 0 0 0 0 0 0 0 0 0 0 0 0 0 0 0 0 0 0 0 0 0 0 0]
[6919646462738069073154759585505020833790615650947249812289192128337095795880387602903663210525931194119802401442281942740442825202327534825074905071378437472837655755852766982138829133552975741801323164447072599255128372482646603538358682153967325011531470640213986758098791754519554605934019558530828060355675096792843963606566197206734947202320 0 0 0 0 0 0 0 0 0 0 0 0 0 0 0 0 0 0 0 0 1 0 0 0 0 0 0 0 0 0 0 0 0 0 0 0 0 0 0 0 0 0 0 0 0 0 0 0 0 0 0 0 0 0 0 0 0 0 0 0 0 0 0 0 0 0 0 0 0 0 0 0 0 0 0 0 0 0 0 0 0 0 0 0 0 0 0 0 0 0 0 0 0 0 0 0 0 0 0 0 0 0 0 0 0 0 0 0 0 0 0 0 0 0]
[386815057139498196102123979412195150425303404245462636607531960596186076964807001077456823193163294839124091897872702639337912039219887971197533842652442072682374832124257982747539717560422104646390963801277781437055124094993260553636697409021438519133293890833221129684334652465282063705701324392453203926288300347178994721058204178231641964270 0 0 0 0 0 0 0 0 0 0 0 0 0 0 0 0 0 0 0 0 0 1 0 0 0 0 0 0 0 0 0 0 0 0 0 0 0 0 0 0 0 0 0 0 0 0 0 0 0 0 0 0 0 0 0 0 0 0 0 0 0 0 0 0 0 0 0 0 0 0 0 0 0 0 0 0 0 0 0 0 0 0 0 0 0 0 0 0 0 0 0 0 0 0 0 0 0 0 0 0 0 0 0 0 0 0 0 0 0 0 0 0 0 0]
[5905230890193074329904825423569205659096469158085539044649674301418450988982576378356391172300526421970133885540544799631342990603036857746821865221660620458478821862186376749299767870554796945181780637249562721809413688405157960144871657769065335778320955818399972642378141212172325555753150094548978909975142148184085779527225319895332795166662 0 0 0 0 0 0 0 0 0 0 0 0 0 0 0 0 0 0 0 0 0 0 1 0 0 0 0 0 0 0 0 0 0 0 0 0 0 0 0 0 0 0 0 0 0 0 0 0 0 0 0 0 0 0 0 0 0 0 0 0 0 0 0 0 0 0 0 0 0 0 0 0 0 0 0 0 0 0 0 0 0 0 0 0 0 0 0 0 0 0 0 0 0 0 0 0 0 0 0 0 0 0 0 0 0 0 0 0 0 0 0 0 0 0]
[9580800836034895452637651022330444715803155650442457707279997495678512984396697551235921055870454110164972833680971769832527397435980010603819504985822939319866490038368361111364925915506441384515821810130376199391219328528163869092602449715475346935114786585005395660594429218270898286340879226152501949633864559109502221713679048872427466630095 0 0 0 0 0 0 0 0 0 0 0 0 0 0 0 0 0 0 0 0 0 0 0 1 0 0 0 0 0 0 0 0 0 0 0 0 0 0 0 0 0 0 0 0 0 0 0 0 0 0 0 0 0 0 0 0 0 0 0 0 0 0 0 0 0 0 0 0 0 0 0 0 0 0 0 0 0 0 0 0 0 0 0 0 0 0 0 0 0 0 0 0 0 0 0 0 0 0 0 0 0 0 0 0 0 0 0 0 0 0 0 0 0 0]
[492468271780002647811939336941992627894196255348314894343401465095069776997489992556345893222457802636793357484932981831307803644593516703420767780520750512757542551627809969014527567479400688583673412088253779900803258667093126825561559588511843231233101988964229408418058845754808263173897377008815672183281555559936813682362642584812034190238 0 0 0 0 0 0 0 0 0 0 0 0 0 0 0 0 0 0 0 0 0 0 0 0 1 0 0 0 0 0 0 0 0 0 0 0 0 0 0 0 0 0 0 0 0 0 0 0 0 0 0 0 0 0 0 0 0 0 0 0 0 0 0 0 0 0 0 0 0 0 0 0 0 0 0 0 0 0 0 0 0 0 0 0 0 0 0 0 0 0 0 0 0 0 0 0 0 0 0 0 0 0 0 0 0 0 0 0 0 0 0 0 0 0]
[1720987754881935068567045519301836191967382530323692877150486021721478570905105437481260543007952138417888975283672288670842050430082218379929860098843046445616217502860547154556619722376301343148866091841978559470875023159852867173942535915532358856419956237909120667078747428522664570484800163790192931445213762947548032360271621065134229253893 0 0 0 0 0 0 0 0 0 0 0 0 0 0 0 0 0 0 0 0 0 0 0 0 0 1 0 0 0 0 0 0 0 0 0 0 0 0 0 0 0 0 0 0 0 0 0 0 0 0 0 0 0 0 0 0 0 0 0 0 0 0 0 0 0 0 0 0 0 0 0 0 0 0 0 0 0 0 0 0 0 0 0 0 0 0 0 0 0 0 0 0 0 0 0 0 0 0 0 0 0 0 0 0 0 0 0 0 0 0 0 0 0 0]
[8816306642939380745919790827632146368538449126061773199242033264526994368761358194572446999631712404543635761691248594332257433773719081973590972354662964918552734847155362217720194334685010903625842120626123240519130742563427058521379228211666260684114968549664216852776937758568948871702742857895112803532095011787992585353569350085995079357858 0 0 0 0 0 0 0 0 0 0 0 0 0 0 0 0 0 0 0 0 0 0 0 0 0 0 1 0 0 0 0 0 0 0 0 0 0 0 0 0 0 0 0 0 0 0 0 0 0 0 0 0 0 0 0 0 0 0 0 0 0 0 0 0 0 0 0 0 0 0 0 0 0 0 0 0 0 0 0 0 0 0 0 0 0 0 0 0 0 0 0 0 0 0 0 0 0 0 0 0 0 0 0 0 0 0 0 0 0 0 0 0 0 0]
[5796884865853043853566786034816673744498298915670044901226724715133670944878808452983045374107891571715852778050715408071668841676601170902243016833286572756444666786369223156091125512879047014335085740404741954608155708508178935776207099575356298629316310404071005518516692260742160610032994976495674983161231945405610532185879806903942942536037 0 0 0 0 0 0 0 0 0 0 0 0 0 0 0 0 0 0 0 0 0 0 0 0 0 0 0 1 0 0 0 0 0 0 0 0 0 0 0 0 0 0 0 0 0 0 0 0 0 0 0 0 0 0 0 0 0 0 0 0 0 0 0 0 0 0 0 0 0 0 0 0 0 0 0 0 0 0 0 0 0 0 0 0 0 0 0 0 0 0 0 0 0 0 0 0 0 0 0 0 0 0 0 0 0 0 0 0 0 0 0 0 0 0]
[1625310340938973965317691880148934837902720616442641003232253611456851834528339966943694241301448986832577968728464634540708165450250545381039791130289768970955836019461742788232446183898284214727795061924405026065950997117678523566209346737981840334487384515733661693822460974347361274134609561799054169111723967772324158375172201119620075045793 0 0 0 0 0 0 0 0 0 0 0 0 0 0 0 0 0 0 0 0 0 0 0 0 0 0 0 0 1 0 0 0 0 0 0 0 0 0 0 0 0 0 0 0 0 0 0 0 0 0 0 0 0 0 0 0 0 0 0 0 0 0 0 0 0 0 0 0 0 0 0 0 0 0 0 0 0 0 0 0 0 0 0 0 0 0 0 0 0 0 0 0 0 0 0 0 0 0 0 0 0 0 0 0 0 0 0 0 0 0 0 0 0 0]
[8561076288443940787491767680189698642244018898892485381352655774907110290528531396798877467814791332211822190799975015988474224803507792265244434956999251525324510722711095990045714685803307909526444100443923346248011085673412089223548512733552788628208136007978131285708136802390594067350137823764679102046392877701809391857716435680188668242637 0 0 0 0 0 0 0 0 0 0 0 0 0 0 0 0 0 0 0 0 0 0 0 0 0 0 0 0 0 1 0 0 0 0 0 0 0 0 0 0 0 0 0 0 0 0 0 0 0 0 0 0 0 0 0 0 0 0 0 0 0 0 0 0 0 0 0 0 0 0 0 0 0 0 0 0 0 0 0 0 0 0 0 0 0 0 0 0 0 0 0 0 0 0 0 0 0 0 0 0 0 0 0 0 0 0 0 0 0 0 0 0 0 0]
[789424361704761802442186640131912351734285648136286969621055270652223214755993673462291587128873723581440311918121848080332850314386424052371627723315260051360038651812556940803092655669966686074205345762583194365279068195286510353555280134723508927819299070423055542191739695726085840597599435173658573678320973354297370499935457825758677948832 0 0 0 0 0 0 0 0 0 0 0 0 0 0 0 0 0 0 0 0 0 0 0 0 0 0 0 0 0 0 1 0 0 0 0 0 0 0 0 0 0 0 0 0 0 0 0 0 0 0 0 0 0 0 0 0 0 0 0 0 0 0 0 0 0 0 0 0 0 0 0 0 0 0 0 0 0 0 0 0 0 0 0 0 0 0 0 0 0 0 0 0 0 0 0 0 0 0 0 0 0 0 0 0 0 0 0 0 0 0 0 0 0 0]
[7234069342504325823278495430077737250317135270530664894096558602207935773862577795130865415986111004395075629970813499736343099287324554279688615844002586928352511140485067215916091891276629435933703247619274007685798539275983401782126914997993381625652364540966905084912165591935274369619049709630091191665718643647129394044807645832689089709553 0 0 0 0 0 0 0 0 0 0 0 0 0 0 0 0 0 0 0 0 0 0 0 0 0 0 0 0 0 0 0 1 0 0 0 0 0 0 0 0 0 0 0 0 0 0 0 0 0 0 0 0 0 0 0 0 0 0 0 0 0 0 0 0 0 0 0 0 0 0 0 0 0 0 0 0 0 0 0 0 0 0 0 0 0 0 0 0 0 0 0 0 0 0 0 0 0 0 0 0 0 0 0 0 0 0 0 0 0 0 0 0 0 0]
[3680708137980680956936561096128850881205654913960551245231736870100270723914048246231690310168016184162831494294124815305588165124863252760374999025562898784410673446967993649456541282353732698706557422640419664331141900860075672971956446088883971398180235832172498776418758973677217975458717144804036472135591370897312172603777517835046664115139 0 0 0 0 0 0 0 0 0 0 0 0 0 0 0 0 0 0 0 0 0 0 0 0 0 0 0 0 0 0 0 0 1 0 0 0 0 0 0 0 0 0 0 0 0 0 0 0 0 0 0 0 0 0 0 0 0 0 0 0 0 0 0 0 0 0 0 0 0 0 0 0 0 0 0 0 0 0 0 0 0 0 0 0 0 0 0 0 0 0 0 0 0 0 0 0 0 0 0 0 0 0 0 0 0 0 0 0 0 0 0 0 0 0]
[3172637900093104425012796076522664259010360343952951465485216088468899215905670072258543450369523038650529123973424242227111125917730795891976925363762473607961497741723121875138793565793267918142618845110462804861711480974585221288158592085570761452263077770130536233515610864078851529075490381858714914032244310022524362256384021044117789092720 0 0 0 0 0 0 0 0 0 0 0 0 0 0 0 0 0 0 0 0 0 0 0 0 0 0 0 0 0 0 0 0 0 1 0 0 0 0 0 0 0 0 0 0 0 0 0 0 0 0 0 0 0 0 0 0 0 0 0 0 0 0 0 0 0 0 0 0 0 0 0 0 0 0 0 0 0 0 0 0 0 0 0 0 0 0 0 0 0 0 0 0 0 0 0 0 0 0 0 0 0 0 0 0 0 0 0 0 0 0 0 0 0 0]
[3595099555671806246833116990230905989942545761631099343248154892853618362136462312008124881194200157514587958265510693762448837458144033404172391043392552470258939291116756708827584787728481947431544155212018393703608429179148191533545987879585829561963626453346699223527980708359970372629576289282450669638193074723466964671404573364363175022085 0 0 0 0 0 0 0 0 0 0 0 0 0 0 0 0 0 0 0 0 0 0 0 0 0 0 0 0 0 0 0 0 0 0 1 0 0 0 0 0 0 0 0 0 0 0 0 0 0 0 0 0 0 0 0 0 0 0 0 0 0 0 0 0 0 0 0 0 0 0 0 0 0 0 0 0 0 0 0 0 0 0 0 0 0 0 0 0 0 0 0 0 0 0 0 0 0 0 0 0 0 0 0 0 0 0 0 0 0 0 0 0 0 0]
[5640697771722505216709663447295996513516345125405881517333152233239253389506268754553011565938165220309340587247766827670238670623497793769306036494725863565609483798316957117454341587118783997128654847261800231502476237944525059364193435960998876987535517104777467053389750012035716969820246182143243083087008442963799820908886706206274401199594 0 0 0 0 0 0 0 0 0 0 0 0 0 0 0 0 0 0 0 0 0 0 0 0 0 0 0 0 0 0 0 0 0 0 0 1 0 0 0 0 0 0 0 0 0 0 0 0 0 0 0 0 0 0 0 0 0 0 0 0 0 0 0 0 0 0 0 0 0 0 0 0 0 0 0 0 0 0 0 0 0 0 0 0 0 0 0 0 0 0 0 0 0 0 0 0 0 0 0 0 0 0 0 0 0 0 0 0 0 0 0 0 0 0]
[302115933615029629608561428251502905048341916341889192157737174133064745630045493680317534446808533574131492193048208724556423722032934403425126908180182091880568692752382216927744880282205323455716748404565004809948006786465800731943197717923826271487465287113742017178088074488325613752807701967137571814395628221948662832604412111071739893066 0 0 0 0 0 0 0 0 0 0 0 0 0 0 0 0 0 0 0 0 0 0 0 0 0 0 0 0 0 0 0 0 0 0 0 0 1 0 0 0 0 0 0 0 0 0 0 0 0 0 0 0 0 0 0 0 0 0 0 0 0 0 0 0 0 0 0 0 0 0 0 0 0 0 0 0 0 0 0 0 0 0 0 0 0 0 0 0 0 0 0 0 0 0 0 0 0 0 0 0 0 0 0 0 0 0 0 0 0 0 0 0 0 0]
[9232423414995803171249265539663258991187408095249434671032312638105175832908841159497281623745072738448803331886232887801072061620551054968465928404136920196098813014261706625504605912750384346042759289844115773142420756528499322319308906512684321958904724256608479645230715647577091207798298616077169258275840365084018461813869055393133775840754 0 0 0 0 0 0 0 0 0 0 0 0 0 0 0 0 0 0 0 0 0 0 0 0 0 0 0 0 0 0 0 0 0 0 0 0 0 1 0 0 0 0 0 0 0 0 0 0 0 0 0 0 0 0 0 0 0 0 0 0 0 0 0 0 0 0 0 0 0 0 0 0 0 0 0 0 0 0 0 0 0 0 0 0 0 0 0 0 0 0 0 0 0 0 0 0 0 0 0 0 0 0 0 0 0 0 0 0 0 0 0 0 0 0]
[10419173440502522463818353946512696768345445087011058709080341699472577135506675946766372810921258491991175868247434993964049322391742373562131325482364259897164466655281946412109559836706715090996173820593326381333532870473741411410796656178634895137283637183929449719433160576178886693485657803924115030325680144675806602765768292243233144953882 0 0 0 0 0 0 0 0 0 0 0 0 0 0 0 0 0 0 0 0 0 0 0 0 0 0 0 0 0 0 0 0 0 0 0 0 0 0 1 0 0 0 0 0 0 0 0 0 0 0 0 0 0 0 0 0 0 0 0 0 0 0 0 0 0 0 0 0 0 0 0 0 0 0 0 0 0 0 0 0 0 0 0 0 0 0 0 0 0 0 0 0 0 0 0 0 0 0 0 0 0 0 0 0 0 0 0 0 0 0 0 0 0 0]
[11400483262229177086179930369125410871659466314285314232611546824257908781869615077764239923092516301786350052258777810203805999591596013064678528218073712589720391404362531001314346433542871018992801698848603042113402997862427357150615794280034351236375335577492056012182577992741169418495309768786651728468914440307388348548650233859298845415432 0 0 0 0 0 0 0 0 0 0 0 0 0 0 0 0 0 0 0 0 0 0 0 0 0 0 0 0 0 0 0 0 0 0 0 0 0 0 0 1 0 0 0 0 0 0 0 0 0 0 0 0 0 0 0 0 0 0 0 0 0 0 0 0 0 0 0 0 0 0 0 0 0 0 0 0 0 0 0 0 0 0 0 0 0 0 0 0 0 0 0 0 0 0 0 0 0 0 0 0 0 0 0 0 0 0 0 0 0 0 0 0 0 0]
[3585818597590215401956172121493461756242106247165750931935849552277990386382449862981262629804020316269481077089478782611066708226069152751148064743054379309110368067246745316889853187123285425477743394503030602634441525050222455988219804651887010139148348905874646821680376811011772183921255197192822218209188225760016839506846812172933479127083 0 0 0 0 0 0 0 0 0 0 0 0 0 0 0 0 0 0 0 0 0 0 0 0 0 0 0 0 0 0 0 0 0 0 0 0 0 0 0 0 1 0 0 0 0 0 0 0 0 0 0 0 0 0 0 0 0 0 0 0 0 0 0 0 0 0 0 0 0 0 0 0 0 0 0 0 0 0 0 0 0 0 0 0 0 0 0 0 0 0 0 0 0 0 0 0 0 0 0 0 0 0 0 0 0 0 0 0 0 0 0 0 0 0]
[10152134250227911088912305915027283560310982683771960119274649932350313800194190627044260182593190794613407232546884746131859358127933086183179324728438341775604975681340138138549269876733718108863951793086156607722983372541809648645885263690205479135914098868785312653692929303594985674197280974647215380424717477785930818485832834997246003055029 0 0 0 0 0 0 0 0 0 0 0 0 0 0 0 0 0 0 0 0 0 0 0 0 0 0 0 0 0 0 0 0 0 0 0 0 0 0 0 0 0 1 0 0 0 0 0 0 0 0 0 0 0 0 0 0 0 0 0 0 0 0 0 0 0 0 0 0 0 0 0 0 0 0 0 0 0 0 0 0 0 0 0 0 0 0 0 0 0 0 0 0 0 0 0 0 0 0 0 0 0 0 0 0 0 0 0 0 0 0 0 0 0 0]
[5129002671003632377973471457192886421126233532386074219931500574007232217162787590282650003229884467997370445802084400401827379924709931574535181196489338724438019114442763654500120333667295739975850890285295813894432091338537066431825786432059752090628187448783554788605994888575853521018757618975820675718929590271597007080342601532985971394056 0 0 0 0 0 0 0 0 0 0 0 0 0 0 0 0 0 0 0 0 0 0 0 0 0 0 0 0 0 0 0 0 0 0 0 0 0 0 0 0 0 0 1 0 0 0 0 0 0 0 0 0 0 0 0 0 0 0 0 0 0 0 0 0 0 0 0 0 0 0 0 0 0 0 0 0 0 0 0 0 0 0 0 0 0 0 0 0 0 0 0 0 0 0 0 0 0 0 0 0 0 0 0 0 0 0 0 0 0 0 0 0 0 0]
[8676577435192755453233426220786708242746274057207872797819985955985279287046959883442505746203759806639220450218677034777198566585954191472957313936136930189858338630766236024993674502137019488903116601025535861381994406994370608075663246888591047896307670832667866192208555601760956953649667894524810162610452731334459558153992442489684758304204 0 0 0 0 0 0 0 0 0 0 0 0 0 0 0 0 0 0 0 0 0 0 0 0 0 0 0 0 0 0 0 0 0 0 0 0 0 0 0 0 0 0 0 1 0 0 0 0 0 0 0 0 0 0 0 0 0 0 0 0 0 0 0 0 0 0 0 0 0 0 0 0 0 0 0 0 0 0 0 0 0 0 0 0 0 0 0 0 0 0 0 0 0 0 0 0 0 0 0 0 0 0 0 0 0 0 0 0 0 0 0 0 0 0]
[364592393588677103925176150171921996848538875852228246363580423774787230918391117814575662745661593479795708453942419735055785176631192175965103183179132111329218425046120117087975910266778975442909558199809002799661430671665927857985887486263456176425489788458273522655009164287590673348965515766856830268651014358944374992637598460057555784056 0 0 0 0 0 0 0 0 0 0 0 0 0 0 0 0 0 0 0 0 0 0 0 0 0 0 0 0 0 0 0 0 0 0 0 0 0 0 0 0 0 0 0 0 1 0 0 0 0 0 0 0 0 0 0 0 0 0 0 0 0 0 0 0 0 0 0 0 0 0 0 0 0 0 0 0 0 0 0 0 0 0 0 0 0 0 0 0 0 0 0 0 0 0 0 0 0 0 0 0 0 0 0 0 0 0 0 0 0 0 0 0 0 0]
[5211973473146390804210512991086098217066337388127864135692998323232139865026562453825713639083391407233147932563883758691735640666135260258713768346233258992283348612839968793529836762154757229136688921588256779111655345297868428036813389291485184033792553432854364924253507039162477521576258560677783834071355461677835547547065678291674090215755 0 0 0 0 0 0 0 0 0 0 0 0 0 0 0 0 0 0 0 0 0 0 0 0 0 0 0 0 0 0 0 0 0 0 0 0 0 0 0 0 0 0 0 0 0 1 0 0 0 0 0 0 0 0 0 0 0 0 0 0 0 0 0 0 0 0 0 0 0 0 0 0 0 0 0 0 0 0 0 0 0 0 0 0 0 0 0 0 0 0 0 0 0 0 0 0 0 0 0 0 0 0 0 0 0 0 0 0 0 0 0 0 0 0]
[5966248819565490549861837065565740759521601560329945172145927111656499229933018216790337184195843557952062498530955886441261817195674514242258888193525540926866275489621055037638420021271749647514405278901313766150441355319568739952264696375950716368738144804037605838391899883653624876272376418723956379923714945685224848560787888605676526037280 0 0 0 0 0 0 0 0 0 0 0 0 0 0 0 0 0 0 0 0 0 0 0 0 0 0 0 0 0 0 0 0 0 0 0 0 0 0 0 0 0 0 0 0 0 0 1 0 0 0 0 0 0 0 0 0 0 0 0 0 0 0 0 0 0 0 0 0 0 0 0 0 0 0 0 0 0 0 0 0 0 0 0 0 0 0 0 0 0 0 0 0 0 0 0 0 0 0 0 0 0 0 0 0 0 0 0 0 0 0 0 0 0 0]
[11380740766412250498670562115899871214514638012627595383323888188389923380280306322062206775184727800770183680624907094644602823110204323634689741833079965430522248026784683315469211570632542245469410709149387011565641875105428416376401866349251785331560899482010428427448990927429057483696686854187722084074423676052997052267852165887946834241344 0 0 0 0 0 0 0 0 0 0 0 0 0 0 0 0 0 0 0 0 0 0 0 0 0 0 0 0 0 0 0 0 0 0 0 0 0 0 0 0 0 0 0 0 0 0 0 1 0 0 0 0 0 0 0 0 0 0 0 0 0 0 0 0 0 0 0 0 0 0 0 0 0 0 0 0 0 0 0 0 0 0 0 0 0 0 0 0 0 0 0 0 0 0 0 0 0 0 0 0 0 0 0 0 0 0 0 0 0 0 0 0 0 0]
[648178276294772301913656384930434518715231490695885186167478837624459042749914024734110337755988724623887210340399332855040037966433355726353639151676169782803618811816701117058461797410473228766694138792134447243055448348883049212178258478577227142430541389233192419495347647635591177364317988699139033198046896098609384140235128555717531708203 0 0 0 0 0 0 0 0 0 0 0 0 0 0 0 0 0 0 0 0 0 0 0 0 0 0 0 0 0 0 0 0 0 0 0 0 0 0 0 0 0 0 0 0 0 0 0 0 1 0 0 0 0 0 0 0 0 0 0 0 0 0 0 0 0 0 0 0 0 0 0 0 0 0 0 0 0 0 0 0 0 0 0 0 0 0 0 0 0 0 0 0 0 0 0 0 0 0 0 0 0 0 0 0 0 0 0 0 0 0 0 0 0 0]
[1055960446714432445966963494419373452817507276777996874630025862040240071098101502824892811610685568199335558664555176966696227961006153665919671499752769207150418313839253221608958205277203818343548432234404278823117110318777968172494524447432868233701896308717482710186963825264271723594510143235760076157180216042540643778006993086125544994317 0 0 0 0 0 0 0 0 0 0 0 0 0 0 0 0 0 0 0 0 0 0 0 0 0 0 0 0 0 0 0 0 0 0 0 0 0 0 0 0 0 0 0 0 0 0 0 0 0 1 0 0 0 0 0 0 0 0 0 0 0 0 0 0 0 0 0 0 0 0 0 0 0 0 0 0 0 0 0 0 0 0 0 0 0 0 0 0 0 0 0 0 0 0 0 0 0 0 0 0 0 0 0 0 0 0 0 0 0 0 0 0 0 0]
[4224730459334661684924567029627878331026164952739436729706673322561308614648746987550550064638902462435850432908514943391165400980134947471180372837384232807636446183036501148824325687477276618246951838047498007187217125113986301480395159486302025044701096256090834677308295566847551968152508466238441803553666879328468701170437208151914063414663 0 0 0 0 0 0 0 0 0 0 0 0 0 0 0 0 0 0 0 0 0 0 0 0 0 0 0 0 0 0 0 0 0 0 0 0 0 0 0 0 0 0 0 0 0 0 0 0 0 0 1 0 0 0 0 0 0 0 0 0 0 0 0 0 0 0 0 0 0 0 0 0 0 0 0 0 0 0 0 0 0 0 0 0 0 0 0 0 0 0 0 0 0 0 0 0 0 0 0 0 0 0 0 0 0 0 0 0 0 0 0 0 0 0]
[950943974577332583270302076224807637110272940802703216161287214051992387914382019028060095354772831239613523355001655359544771200256910332301301422650468735278162454899762376636072012329115634329227343954751562657946857640118869658127314044090576167860981776161867248530378040673923342366437470352088870042071695736074188058346590456822628107293 0 0 0 0 0 0 0 0 0 0 0 0 0 0 0 0 0 0 0 0 0 0 0 0 0 0 0 0 0 0 0 0 0 0 0 0 0 0 0 0 0 0 0 0 0 0 0 0 0 0 0 1 0 0 0 0 0 0 0 0 0 0 0 0 0 0 0 0 0 0 0 0 0 0 0 0 0 0 0 0 0 0 0 0 0 0 0 0 0 0 0 0 0 0 0 0 0 0 0 0 0 0 0 0 0 0 0 0 0 0 0 0 0 0]
[8856490078488074449775251834674862087396004160484703859690728743716991268852809675375579360313629452531440139604725978221785117175528590835923163948617678804891057750582035402908121702392444300195863238739662783143747610586369716005815948111902270006009563973324851116839651914452465782378394978834384721736062488104164050253926992409286880132910 0 0 0 0 0 0 0 0 0 0 0 0 0 0 0 0 0 0 0 0 0 0 0 0 0 0 0 0 0 0 0 0 0 0 0 0 0 0 0 0 0 0 0 0 0 0 0 0 0 0 0 0 1 0 0 0 0 0 0 0 0 0 0 0 0 0 0 0 0 0 0 0 0 0 0 0 0 0 0 0 0 0 0 0 0 0 0 0 0 0 0 0 0 0 0 0 0 0 0 0 0 0 0 0 0 0 0 0 0 0 0 0 0 0]
[9511846028549789708005791730331408336236732346104084489304696842863854865535502224305292592130441084939668251532391675390741794050817249746413313945755793584662803362411678296585371037487858779463975514082499382622687830072774482264233843094853542810088820752683452862179825729942488242325721000519516783569222533076112612558569414731859435311418 0 0 0 0 0 0 0 0 0 0 0 0 0 0 0 0 0 0 0 0 0 0 0 0 0 0 0 0 0 0 0 0 0 0 0 0 0 0 0 0 0 0 0 0 0 0 0 0 0 0 0 0 0 1 0 0 0 0 0 0 0 0 0 0 0 0 0 0 0 0 0 0 0 0 0 0 0 0 0 0 0 0 0 0 0 0 0 0 0 0 0 0 0 0 0 0 0 0 0 0 0 0 0 0 0 0 0 0 0 0 0 0 0 0]
[10471032145064707614206884621365771074921992635249168242742301958460307665951240081826885262307305173478046584258500392105890314072988255966770829835552275829641841511693938061514060243672357246517255277271127431353190429092314193604086671378168822965261222746904569205886070998040125682883943810209297754281349427739323894486074984555921288281887 0 0 0 0 0 0 0 0 0 0 0 0 0 0 0 0 0 0 0 0 0 0 0 0 0 0 0 0 0 0 0 0 0 0 0 0 0 0 0 0 0 0 0 0 0 0 0 0 0 0 0 0 0 0 1 0 0 0 0 0 0 0 0 0 0 0 0 0 0 0 0 0 0 0 0 0 0 0 0 0 0 0 0 0 0 0 0 0 0 0 0 0 0 0 0 0 0 0 0 0 0 0 0 0 0 0 0 0 0 0 0 0 0 0]
[4142302008705245664210784310114427900877399930239576778958418400038836757904480975607107052766210358318709701007483069548114066467714854308460520799933925059525272543875889837774304263649747186264612763619212500274751794772707188396259984410372453974257706540503814566419623473074345740038338884980741359828979502476689322099951506098354412214933 0 0 0 0 0 0 0 0 0 0 0 0 0 0 0 0 0 0 0 0 0 0 0 0 0 0 0 0 0 0 0 0 0 0 0 0 0 0 0 0 0 0 0 0 0 0 0 0 0 0 0 0 0 0 0 1 0 0 0 0 0 0 0 0 0 0 0 0 0 0 0 0 0 0 0 0 0 0 0 0 0 0 0 0 0 0 0 0 0 0 0 0 0 0 0 0 0 0 0 0 0 0 0 0 0 0 0 0 0 0 0 0 0 0]
[1435469803684617787770204314149376444878231961445633011327592868128327174198342716872328663892785523519700277553736281610858036961589340260058549377058598307398488158426700600221350464255030543795425266723848236539633491326067409513411731641782981246172959132647980867677208537293467691214767561870468216760519997261840342290610261279289773543234 0 0 0 0 0 0 0 0 0 0 0 0 0 0 0 0 0 0 0 0 0 0 0 0 0 0 0 0 0 0 0 0 0 0 0 0 0 0 0 0 0 0 0 0 0 0 0 0 0 0 0 0 0 0 0 0 1 0 0 0 0 0 0 0 0 0 0 0 0 0 0 0 0 0 0 0 0 0 0 0 0 0 0 0 0 0 0 0 0 0 0 0 0 0 0 0 0 0 0 0 0 0 0 0 0 0 0 0 0 0 0 0 0 0]
[5584262852844750382132483944951490271010032167889671293510679856022871690184732680161106253402485943303623984378050503374082842862988337538466476868865862463626451832271890906358234099276029436677103789571923851190171248268337350721513344254512459999106760691149934387370296637194101954670585333730167090367080924374746596888945714623165905338404 0 0 0 0 0 0 0 0 0 0 0 0 0 0 0 0 0 0 0 0 0 0 0 0 0 0 0 0 0 0 0 0 0 0 0 0 0 0 0 0 0 0 0 0 0 0 0 0 0 0 0 0 0 0 0 0 0 1 0 0 0 0 0 0 0 0 0 0 0 0 0 0 0 0 0 0 0 0 0 0 0 0 0 0 0 0 0 0 0 0 0 0 0 0 0 0 0 0 0 0 0 0 0 0 0 0 0 0 0 0 0 0 0 0]
[2579983542145217468960045156172527144196333453637320768230980305013775998167748643641268392907365982432021258277480812608217215837082821418446317603013887503997391552080127969397633153203637762783016956200969082942248550657635644452328330009885232550953090464733981712668620083527356663629158410191719806381002773204176396351300125081468639898911 0 0 0 0 0 0 0 0 0 0 0 0 0 0 0 0 0 0 0 0 0 0 0 0 0 0 0 0 0 0 0 0 0 0 0 0 0 0 0 0 0 0 0 0 0 0 0 0 0 0 0 0 0 0 0 0 0 0 1 0 0 0 0 0 0 0 0 0 0 0 0 0 0 0 0 0 0 0 0 0 0 0 0 0 0 0 0 0 0 0 0 0 0 0 0 0 0 0 0 0 0 0 0 0 0 0 0 0 0 0 0 0 0 0]
[8701272423244441966249743296583657701441542384919658125723976926009858329206733915766765606772398216365025511436435762804560810411022886279828817115688847582798643798508641306908817985745938975519028336663365782541186278045484909141974913067348310981411253707444666157731641117837134010269056084296486510392054874132495384378495907001484659672143 0 0 0 0 0 0 0 0 0 0 0 0 0 0 0 0 0 0 0 0 0 0 0 0 0 0 0 0 0 0 0 0 0 0 0 0 0 0 0 0 0 0 0 0 0 0 0 0 0 0 0 0 0 0 0 0 0 0 0 1 0 0 0 0 0 0 0 0 0 0 0 0 0 0 0 0 0 0 0 0 0 0 0 0 0 0 0 0 0 0 0 0 0 0 0 0 0 0 0 0 0 0 0 0 0 0 0 0 0 0 0 0 0 0]
[7898690667304431342917927820731527141126379401228633246424500433059812740230099346265456975652105487989866449781046450436016433000964449177552375625417142971070711236382811879720552501123686622095021328163700083750192519053758462080148712171824823128726460838698809026077209187684546327294916651740617394585413685298749751667667556921476779893409 0 0 0 0 0 0 0 0 0 0 0 0 0 0 0 0 0 0 0 0 0 0 0 0 0 0 0 0 0 0 0 0 0 0 0 0 0 0 0 0 0 0 0 0 0 0 0 0 0 0 0 0 0 0 0 0 0 0 0 0 1 0 0 0 0 0 0 0 0 0 0 0 0 0 0 0 0 0 0 0 0 0 0 0 0 0 0 0 0 0 0 0 0 0 0 0 0 0 0 0 0 0 0 0 0 0 0 0 0 0 0 0 0 0]
[2635136395393376126202792617549496848699622528009491431149754828183969340914993019091049064837831438621634570728775697317208676730548325043367598047003278049122262250771551286586800853770391831867776329193022087815891912399144342303735078441102836886472136821477006299252567024957023507541349478343291968962008859989074777476310893340879617810356 0 0 0 0 0 0 0 0 0 0 0 0 0 0 0 0 0 0 0 0 0 0 0 0 0 0 0 0 0 0 0 0 0 0 0 0 0 0 0 0 0 0 0 0 0 0 0 0 0 0 0 0 0 0 0 0 0 0 0 0 0 1 0 0 0 0 0 0 0 0 0 0 0 0 0 0 0 0 0 0 0 0 0 0 0 0 0 0 0 0 0 0 0 0 0 0 0 0 0 0 0 0 0 0 0 0 0 0 0 0 0 0 0 0]
[10643896713994532621954511083541819678673656979891389955861929187058537767749275789496612794264965553780678956556776727926081621018921162242906289153628741412227630403331250711552018089844554326860111123731479657535838929905197366567650406399588357933452139443493563172872425244185952804466375313292706971406780344363877745881776446510777046257435 0 0 0 0 0 0 0 0 0 0 0 0 0 0 0 0 0 0 0 0 0 0 0 0 0 0 0 0 0 0 0 0 0 0 0 0 0 0 0 0 0 0 0 0 0 0 0 0 0 0 0 0 0 0 0 0 0 0 0 0 0 0 1 0 0 0 0 0 0 0 0 0 0 0 0 0 0 0 0 0 0 0 0 0 0 0 0 0 0 0 0 0 0 0 0 0 0 0 0 0 0 0 0 0 0 0 0 0 0 0 0 0 0 0]
[2751572806728280961026024000994279424780812436948978291242482364802934946643915725163875787012602255038659871155377250450146968470354745819496304842167452284255472860705607668495469690168938453960339455504335983650867315904662365410816049676245358805068279297596661612108086546718507243007276082423157730366791221790553172586127676888480682740847 0 0 0 0 0 0 0 0 0 0 0 0 0 0 0 0 0 0 0 0 0 0 0 0 0 0 0 0 0 0 0 0 0 0 0 0 0 0 0 0 0 0 0 0 0 0 0 0 0 0 0 0 0 0 0 0 0 0 0 0 0 0 0 1 0 0 0 0 0 0 0 0 0 0 0 0 0 0 0 0 0 0 0 0 0 0 0 0 0 0 0 0 0 0 0 0 0 0 0 0 0 0 0 0 0 0 0 0 0 0 0 0 0 0]
[3772973026670629856133359627514185030057865709794566770359575717338283057619792613707055073443808620590048175347487156464983743794179559101500202093534816703298625088935541564143933315813175744568162906617214702881936312077121365133146540397166678098657785294310087527683483170610711080531586678322415757313557986356931276355616962868640113506441 0 0 0 0 0 0 0 0 0 0 0 0 0 0 0 0 0 0 0 0 0 0 0 0 0 0 0 0 0 0 0 0 0 0 0 0 0 0 0 0 0 0 0 0 0 0 0 0 0 0 0 0 0 0 0 0 0 0 0 0 0 0 0 0 1 0 0 0 0 0 0 0 0 0 0 0 0 0 0 0 0 0 0 0 0 0 0 0 0 0 0 0 0 0 0 0 0 0 0 0 0 0 0 0 0 0 0 0 0 0 0 0 0 0]
[9894177007439036622627440851970741470775943777439445925597848563176397208789303710167375073558278538095713600256042576610497407929925523508913777039477814343168065826579979655784156660287608964392161942890551993323369567153937647279493396393320417332792364698287505704638603324610016433554888954624345394813833110826014822310286508697004906068372 0 0 0 0 0 0 0 0 0 0 0 0 0 0 0 0 0 0 0 0 0 0 0 0 0 0 0 0 0 0 0 0 0 0 0 0 0 0 0 0 0 0 0 0 0 0 0 0 0 0 0 0 0 0 0 0 0 0 0 0 0 0 0 0 0 1 0 0 0 0 0 0 0 0 0 0 0 0 0 0 0 0 0 0 0 0 0 0 0 0 0 0 0 0 0 0 0 0 0 0 0 0 0 0 0 0 0 0 0 0 0 0 0 0]
[8096624491458641942861429247073339045918846410152958608951074175359650671941979102775676093762496739749489320417003212071146902649067178887100590713892534785952556420092829045998496557144647750303579702156507910482544721455401861953163135117738855552559788773282491602397822720606317333585038612059057369846305982754707507176465337583277237490591 0 0 0 0 0 0 0 0 0 0 0 0 0 0 0 0 0 0 0 0 0 0 0 0 0 0 0 0 0 0 0 0 0 0 0 0 0 0 0 0 0 0 0 0 0 0 0 0 0 0 0 0 0 0 0 0 0 0 0 0 0 0 0 0 0 0 1 0 0 0 0 0 0 0 0 0 0 0 0 0 0 0 0 0 0 0 0 0 0 0 0 0 0 0 0 0 0 0 0 0 0 0 0 0 0 0 0 0 0 0 0 0 0 0]
[11030240819963313453657217782684181613468212390605966948749786426047389291414713377438111095977033183154247841439995679361844712148926946195718654944033749364964294906902614962202948373802361426495581207738115964045699263952921762231979317284038339001953885362360796787901981196840259936274653411820280460669060151261018338812727602330300545371449 0 0 0 0 0 0 0 0 0 0 0 0 0 0 0 0 0 0 0 0 0 0 0 0 0 0 0 0 0 0 0 0 0 0 0 0 0 0 0 0 0 0 0 0 0 0 0 0 0 0 0 0 0 0 0 0 0 0 0 0 0 0 0 0 0 0 0 1 0 0 0 0 0 0 0 0 0 0 0 0 0 0 0 0 0 0 0 0 0 0 0 0 0 0 0 0 0 0 0 0 0 0 0 0 0 0 0 0 0 0 0 0 0 0]
[3853771928963739975889582866750111156992040238236766955503225327793754967532960383236329669416576823937499313121277339096547354352099204580161510463146715356763914579021125376076996767207094997886998325858570982319274731054179885588005432208931781939904650496757830917447330536903409082928639876757493867898639224406550188656012459939301185061898 0 0 0 0 0 0 0 0 0 0 0 0 0 0 0 0 0 0 0 0 0 0 0 0 0 0 0 0 0 0 0 0 0 0 0 0 0 0 0 0 0 0 0 0 0 0 0 0 0 0 0 0 0 0 0 0 0 0 0 0 0 0 0 0 0 0 0 0 1 0 0 0 0 0 0 0 0 0 0 0 0 0 0 0 0 0 0 0 0 0 0 0 0 0 0 0 0 0 0 0 0 0 0 0 0 0 0 0 0 0 0 0 0 0]
[8336477259447433211641565076750505037277327304941761208660655563364566778899202950024318314797285078291063684874957488647968601341916079910675631174100091722975771947451269292812314855208424591314516135030667392170761312720544762475677195382038086083281560434282114503231235769701437939544822831145408257822184294672896163464538708420654868161592 0 0 0 0 0 0 0 0 0 0 0 0 0 0 0 0 0 0 0 0 0 0 0 0 0 0 0 0 0 0 0 0 0 0 0 0 0 0 0 0 0 0 0 0 0 0 0 0 0 0 0 0 0 0 0 0 0 0 0 0 0 0 0 0 0 0 0 0 0 1 0 0 0 0 0 0 0 0 0 0 0 0 0 0 0 0 0 0 0 0 0 0 0 0 0 0 0 0 0 0 0 0 0 0 0 0 0 0 0 0 0 0 0 0]
[11157356665830858734991615798052312070765984844370008044210999416529810380418338572196591527312638231749597799783406047174286539865389019694660652994354560935366919580625006519746140061427448519773935953939192946919678910393410570509846910168441326197131064846679556960836641803769364592436100445517268021004977618715364209319224840494666466505156 0 0 0 0 0 0 0 0 0 0 0 0 0 0 0 0 0 0 0 0 0 0 0 0 0 0 0 0 0 0 0 0 0 0 0 0 0 0 0 0 0 0 0 0 0 0 0 0 0 0 0 0 0 0 0 0 0 0 0 0 0 0 0 0 0 0 0 0 0 0 1 0 0 0 0 0 0 0 0 0 0 0 0 0 0 0 0 0 0 0 0 0 0 0 0 0 0 0 0 0 0 0 0 0 0 0 0 0 0 0 0 0 0 0]
[7605302674716096415395244974936718217015143264834827009306059598534462323189785332715932210526649086394500979582458824235118943531785370161068992620954146791318046658548800008672282203471991790405840660118905955135415012239563254505456197319530677500808249836140598064272611847326059865800842264392188533551632398216029080427696398017709279337974 0 0 0 0 0 0 0 0 0 0 0 0 0 0 0 0 0 0 0 0 0 0 0 0 0 0 0 0 0 0 0 0 0 0 0 0 0 0 0 0 0 0 0 0 0 0 0 0 0 0 0 0 0 0 0 0 0 0 0 0 0 0 0 0 0 0 0 0 0 0 0 1 0 0 0 0 0 0 0 0 0 0 0 0 0 0 0 0 0 0 0 0 0 0 0 0 0 0 0 0 0 0 0 0 0 0 0 0 0 0 0 0 0 0]
[9308037451751691865889107730732462330524317438381182825439595016572856265842085253393339553665068413002190037840767816832985572990575509037119317149104783319368614303990091587365713622794544493881244882036247695457176539266326650084371277447784657168651120356459248914277914700596430151563537418452695899091862533234257714442508939253212780499565 0 0 0 0 0 0 0 0 0 0 0 0 0 0 0 0 0 0 0 0 0 0 0 0 0 0 0 0 0 0 0 0 0 0 0 0 0 0 0 0 0 0 0 0 0 0 0 0 0 0 0 0 0 0 0 0 0 0 0 0 0 0 0 0 0 0 0 0 0 0 0 0 1 0 0 0 0 0 0 0 0 0 0 0 0 0 0 0 0 0 0 0 0 0 0 0 0 0 0 0 0 0 0 0 0 0 0 0 0 0 0 0 0 0]
[5222356448048775292075257351113213311978517605895079062068469231188585497391696758312367143489249502338373469806909435070561227211386258213164120220226707452309566432360681204526620171671842226405430885511518986222292350756133716481127122278777772387359135058650073768865566028275879138417418393369757742204090104319285634204795875962463941427522 0 0 0 0 0 0 0 0 0 0 0 0 0 0 0 0 0 0 0 0 0 0 0 0 0 0 0 0 0 0 0 0 0 0 0 0 0 0 0 0 0 0 0 0 0 0 0 0 0 0 0 0 0 0 0 0 0 0 0 0 0 0 0 0 0 0 0 0 0 0 0 0 0 1 0 0 0 0 0 0 0 0 0 0 0 0 0 0 0 0 0 0 0 0 0 0 0 0 0 0 0 0 0 0 0 0 0 0 0 0 0 0 0 0]
[10924174987904878855005302598291898830108777436269558892812756946184660718883081226566177615812438004288887780712676567016275010407873956343061558892037431943149646513295901181302530221062559052662870790026357475869428605497786962771930584541442651550725687886327397050929882034266249981716717116411573740930185834972112801587236715742008444014384 0 0 0 0 0 0 0 0 0 0 0 0 0 0 0 0 0 0 0 0 0 0 0 0 0 0 0 0 0 0 0 0 0 0 0 0 0 0 0 0 0 0 0 0 0 0 0 0 0 0 0 0 0 0 0 0 0 0 0 0 0 0 0 0 0 0 0 0 0 0 0 0 0 0 1 0 0 0 0 0 0 0 0 0 0 0 0 0 0 0 0 0 0 0 0 0 0 0 0 0 0 0 0 0 0 0 0 0 0 0 0 0 0 0]
[9702594038602415059395739035852119890485748093546015354311365013084051051596669859313278010399372481579544266209300409594390426237275116298276446425595082844124746025075665002402965910748192334564775961762596042250903130261163280591239466969181457592694724479983156241424250195532277733029624801346133404363861915290328563554840598530967062251174 0 0 0 0 0 0 0 0 0 0 0 0 0 0 0 0 0 0 0 0 0 0 0 0 0 0 0 0 0 0 0 0 0 0 0 0 0 0 0 0 0 0 0 0 0 0 0 0 0 0 0 0 0 0 0 0 0 0 0 0 0 0 0 0 0 0 0 0 0 0 0 0 0 0 0 1 0 0 0 0 0 0 0 0 0 0 0 0 0 0 0 0 0 0 0 0 0 0 0 0 0 0 0 0 0 0 0 0 0 0 0 0 0 0]
[6607437186658166698469179420487207946728296692586688910256945353413810885538901691472628307674122508283600526124750243006786824794449571460635877867531274735637748274945186333869986970573399365781128843820794737773780043244506297054582227670051624160901542180660894914944683251990094531636553324123212446637531859582559877155689549538928237450519 0 0 0 0 0 0 0 0 0 0 0 0 0 0 0 0 0 0 0 0 0 0 0 0 0 0 0 0 0 0 0 0 0 0 0 0 0 0 0 0 0 0 0 0 0 0 0 0 0 0 0 0 0 0 0 0 0 0 0 0 0 0 0 0 0 0 0 0 0 0 0 0 0 0 0 0 1 0 0 0 0 0 0 0 0 0 0 0 0 0 0 0 0 0 0 0 0 0 0 0 0 0 0 0 0 0 0 0 0 0 0 0 0 0]
[8112499520319966560315116269005258679890727516505659046400143084945248279114883578290843947215261382197964333741183773467260092030448371822026487992760244466866818590628224199940294651258599028822581456765246298436430570618830863672316846233881708289291273504237681232008412633308423614444860284945894264454628588178764215466592397814902057464355 0 0 0 0 0 0 0 0 0 0 0 0 0 0 0 0 0 0 0 0 0 0 0 0 0 0 0 0 0 0 0 0 0 0 0 0 0 0 0 0 0 0 0 0 0 0 0 0 0 0 0 0 0 0 0 0 0 0 0 0 0 0 0 0 0 0 0 0 0 0 0 0 0 0 0 0 0 1 0 0 0 0 0 0 0 0 0 0 0 0 0 0 0 0 0 0 0 0 0 0 0 0 0 0 0 0 0 0 0 0 0 0 0 0]
[10267401113703793255831312749933768140543678261819266884219388182535997194843107440708083810158870490377896265528011732489737376383540934943388766126151276384595074025127966146831124427168144523968160015810284086565970426155800271862701631474664726074065381425263841330885196160980725191353157115920921833971016159697003808707827997914226461987444 0 0 0 0 0 0 0 0 0 0 0 0 0 0 0 0 0 0 0 0 0 0 0 0 0 0 0 0 0 0 0 0 0 0 0 0 0 0 0 0 0 0 0 0 0 0 0 0 0 0 0 0 0 0 0 0 0 0 0 0 0 0 0 0 0 0 0 0 0 0 0 0 0 0 0 0 0 0 1 0 0 0 0 0 0 0 0 0 0 0 0 0 0 0 0 0 0 0 0 0 0 0 0 0 0 0 0 0 0 0 0 0 0 0]
[133933966043540186222088602369278260508059767244941729267762922957969848085049186919970438990831368431446758605368034945384871564718415147059359495793151272139367977016324144158637392123952172664095841214945406185065875631688048152063630546490251926285228600701295546316841486805614215833471404572439745324559832968939828007409477974305596580166 0 0 0 0 0 0 0 0 0 0 0 0 0 0 0 0 0 0 0 0 0 0 0 0 0 0 0 0 0 0 0 0 0 0 0 0 0 0 0 0 0 0 0 0 0 0 0 0 0 0 0 0 0 0 0 0 0 0 0 0 0 0 0 0 0 0 0 0 0 0 0 0 0 0 0 0 0 0 0 1 0 0 0 0 0 0 0 0 0 0 0 0 0 0 0 0 0 0 0 0 0 0 0 0 0 0 0 0 0 0 0 0 0 0]
[1099989498789174419839357396775765610906356740416605409360452239428408769553623042123887538936415127462023207670056063536273080582400318059658193549871855420257717625599531329268298717934898052487546104958389417881579270138019164872087817434162416234940225597009264943777365615202702346792612543932759474802472019315376350472921465441205879997226 0 0 0 0 0 0 0 0 0 0 0 0 0 0 0 0 0 0 0 0 0 0 0 0 0 0 0 0 0 0 0 0 0 0 0 0 0 0 0 0 0 0 0 0 0 0 0 0 0 0 0 0 0 0 0 0 0 0 0 0 0 0 0 0 0 0 0 0 0 0 0 0 0 0 0 0 0 0 0 0 1 0 0 0 0 0 0 0 0 0 0 0 0 0 0 0 0 0 0 0 0 0 0 0 0 0 0 0 0 0 0 0 0 0]
[12626546493993804867798554174416315787506616671221047621492588189911666278494136460421589542446574111752922795055132097141400030268967624430861414544364401959664837448660961534064281721998839947765232402079625078107227414286843620116607114993907252172045656809968830753590375727881391754019544167908048550030230021970891381017465087483096416352 0 0 0 0 0 0 0 0 0 0 0 0 0 0 0 0 0 0 0 0 0 0 0 0 0 0 0 0 0 0 0 0 0 0 0 0 0 0 0 0 0 0 0 0 0 0 0 0 0 0 0 0 0 0 0 0 0 0 0 0 0 0 0 0 0 0 0 0 0 0 0 0 0 0 0 0 0 0 0 0 0 1 0 0 0 0 0 0 0 0 0 0 0 0 0 0 0 0 0 0 0 0 0 0 0 0 0 0 0 0 0 0 0 0]
[4003653757444239148788325963112797358865680104642892963296533593961571001735563205256442826242174713244407429106675721877344079826029450805006117661985526878532449938310470337778275312226605392504500701045565895934644076510612740086501413438319730277053570296939649700150950597011313883929550253602647368188350603394260193605541173750701026884155 0 0 0 0 0 0 0 0 0 0 0 0 0 0 0 0 0 0 0 0 0 0 0 0 0 0 0 0 0 0 0 0 0 0 0 0 0 0 0 0 0 0 0 0 0 0 0 0 0 0 0 0 0 0 0 0 0 0 0 0 0 0 0 0 0 0 0 0 0 0 0 0 0 0 0 0 0 0 0 0 0 0 1 0 0 0 0 0 0 0 0 0 0 0 0 0 0 0 0 0 0 0 0 0 0 0 0 0 0 0 0 0 0 0]
[8310036804471726229180372962182132184201457860199607394712971525178923045672360594913264618159598669379491866046783869377318822069432882504582152669303570067159734907671503995641035569777178762867359871828809827507829250926469092772959599349115123882277785729532605129307183161218112982452867267282835408795795415113417546640197909200554100464670 0 0 0 0 0 0 0 0 0 0 0 0 0 0 0 0 0 0 0 0 0 0 0 0 0 0 0 0 0 0 0 0 0 0 0 0 0 0 0 0 0 0 0 0 0 0 0 0 0 0 0 0 0 0 0 0 0 0 0 0 0 0 0 0 0 0 0 0 0 0 0 0 0 0 0 0 0 0 0 0 0 0 0 1 0 0 0 0 0 0 0 0 0 0 0 0 0 0 0 0 0 0 0 0 0 0 0 0 0 0 0 0 0 0]
[4017824971195964653688133812036297105152579688811530943669052605392367784025035811077164393056431387031067931631936441818781962873423670882651738913852170958378100378799673929496820195276026292606041362446933145139276179483814945813975448048164976754228286565007211400271679270054718467778639672190696988622679712314038835623028135956095228395332 0 0 0 0 0 0 0 0 0 0 0 0 0 0 0 0 0 0 0 0 0 0 0 0 0 0 0 0 0 0 0 0 0 0 0 0 0 0 0 0 0 0 0 0 0 0 0 0 0 0 0 0 0 0 0 0 0 0 0 0 0 0 0 0 0 0 0 0 0 0 0 0 0 0 0 0 0 0 0 0 0 0 0 0 1 0 0 0 0 0 0 0 0 0 0 0 0 0 0 0 0 0 0 0 0 0 0 0 0 0 0 0 0 0]
[10519395916748680828250408811287755499726483278747816719747434387089012506440253729020107051931322789122036796775286839091479668733224117407403206136660538220991396355447877445963170113401238035814442815395275356616298392349102488551816979131617051732817751388171217649912937315587185802795371411847725718490524880160171132808753018457569833992020 0 0 0 0 0 0 0 0 0 0 0 0 0 0 0 0 0 0 0 0 0 0 0 0 0 0 0 0 0 0 0 0 0 0 0 0 0 0 0 0 0 0 0 0 0 0 0 0 0 0 0 0 0 0 0 0 0 0 0 0 0 0 0 0 0 0 0 0 0 0 0 0 0 0 0 0 0 0 0 0 0 0 0 0 0 1 0 0 0 0 0 0 0 0 0 0 0 0 0 0 0 0 0 0 0 0 0 0 0 0 0 0 0 0]
[9870870446931867417549212202126071491012953879728911191044085183832769398425064045522284270344610849312244262993814330585924620625237829565457943099360444868076053302864747390040270345965778485754154995891276444104013984127982064315995099493739289942565264235536477021116118894660086574209770079550433813751706760480119393845963198197077897164747 0 0 0 0 0 0 0 0 0 0 0 0 0 0 0 0 0 0 0 0 0 0 0 0 0 0 0 0 0 0 0 0 0 0 0 0 0 0 0 0 0 0 0 0 0 0 0 0 0 0 0 0 0 0 0 0 0 0 0 0 0 0 0 0 0 0 0 0 0 0 0 0 0 0 0 0 0 0 0 0 0 0 0 0 0 0 1 0 0 0 0 0 0 0 0 0 0 0 0 0 0 0 0 0 0 0 0 0 0 0 0 0 0 0]
[10613217114517398635017082008177338602463856394086503844176127486955137352320694149346415197817629070751405172778074772130342581132802846188851205501628801611277256010679218732977582474934546548088145969256257694831172262386079195238083760802370487342071423664167953074955606403574028040654934527703071363045991847561140639162243948660231181445675 0 0 0 0 0 0 0 0 0 0 0 0 0 0 0 0 0 0 0 0 0 0 0 0 0 0 0 0 0 0 0 0 0 0 0 0 0 0 0 0 0 0 0 0 0 0 0 0 0 0 0 0 0 0 0 0 0 0 0 0 0 0 0 0 0 0 0 0 0 0 0 0 0 0 0 0 0 0 0 0 0 0 0 0 0 0 0 1 0 0 0 0 0 0 0 0 0 0 0 0 0 0 0 0 0 0 0 0 0 0 0 0 0 0]
[3996427387256083582915177096254245594785414418442773432578879899046118700766941269619363781974475040677267929592753015609173536846941623715717638111023168040657811801895441830437601205374935738720496444303943884943806845533155671571240288071392355740088127981043754679198044890245586821525564556191127868013841244852874598371245575795091164354167 0 0 0 0 0 0 0 0 0 0 0 0 0 0 0 0 0 0 0 0 0 0 0 0 0 0 0 0 0 0 0 0 0 0 0 0 0 0 0 0 0 0 0 0 0 0 0 0 0 0 0 0 0 0 0 0 0 0 0 0 0 0 0 0 0 0 0 0 0 0 0 0 0 0 0 0 0 0 0 0 0 0 0 0 0 0 0 0 1 0 0 0 0 0 0 0 0 0 0 0 0 0 0 0 0 0 0 0 0 0 0 0 0 0]
[8220352178980307050215307790747424036813066973183279712691576493703353618190811703580432782891851187461322844480211922171655034309206309920724185979150799634955355470661134903599754915957494494427754418239306635046898013865982870060169175957240724375019918916392802027811117043326875438253106411148370767446924766897421254709951275879239480595730 0 0 0 0 0 0 0 0 0 0 0 0 0 0 0 0 0 0 0 0 0 0 0 0 0 0 0 0 0 0 0 0 0 0 0 0 0 0 0 0 0 0 0 0 0 0 0 0 0 0 0 0 0 0 0 0 0 0 0 0 0 0 0 0 0 0 0 0 0 0 0 0 0 0 0 0 0 0 0 0 0 0 0 0 0 0 0 0 0 1 0 0 0 0 0 0 0 0 0 0 0 0 0 0 0 0 0 0 0 0 0 0 0 0]
[11232209337916689786496002411611546349871614751739578205933983512755227248465080773925888797042938023087159691124390259452437050486730519433773992732033379018916527692457545000176857350452829462570290667362273385244521547142410502321827209775977691547035604952453256957641821188331386637496133896092500011136638384188598843006225545810438508081860 0 0 0 0 0 0 0 0 0 0 0 0 0 0 0 0 0 0 0 0 0 0 0 0 0 0 0 0 0 0 0 0 0 0 0 0 0 0 0 0 0 0 0 0 0 0 0 0 0 0 0 0 0 0 0 0 0 0 0 0 0 0 0 0 0 0 0 0 0 0 0 0 0 0 0 0 0 0 0 0 0 0 0 0 0 0 0 0 0 0 1 0 0 0 0 0 0 0 0 0 0 0 0 0 0 0 0 0 0 0 0 0 0 0]
[42025053102675009114727044226996817995900475500586858059841551820626965965794324129395867556038411610152009810170327949519899688507754259448107160315052663273116133428489612258276096227927587604856698105378951518185779696897942371493465362062029893087756076764438819073249157635057591329160803342286778219446306405121482370849813976056086306770 0 0 0 0 0 0 0 0 0 0 0 0 0 0 0 0 0 0 0 0 0 0 0 0 0 0 0 0 0 0 0 0 0 0 0 0 0 0 0 0 0 0 0 0 0 0 0 0 0 0 0 0 0 0 0 0 0 0 0 0 0 0 0 0 0 0 0 0 0 0 0 0 0 0 0 0 0 0 0 0 0 0 0 0 0 0 0 0 0 0 0 1 0 0 0 0 0 0 0 0 0 0 0 0 0 0 0 0 0 0 0 0 0 0]
[766371902889980020990236334859926176497339854721546297617657815454608431061991894652123100077382087684927700017701617891307842792408687616566494233533139207369356496471820909815253914964911535385247406745886751670469339726679490662919238887671774363891790775195828325951497459855009624158270379596014973211339288235279853745808770692840036112706 0 0 0 0 0 0 0 0 0 0 0 0 0 0 0 0 0 0 0 0 0 0 0 0 0 0 0 0 0 0 0 0 0 0 0 0 0 0 0 0 0 0 0 0 0 0 0 0 0 0 0 0 0 0 0 0 0 0 0 0 0 0 0 0 0 0 0 0 0 0 0 0 0 0 0 0 0 0 0 0 0 0 0 0 0 0 0 0 0 0 0 0 1 0 0 0 0 0 0 0 0 0 0 0 0 0 0 0 0 0 0 0 0 0]
[6974177589626675976148021321960192762802218034008374634043946360336142027106357431342527779007857616157144057190687340989627178461409317476112864982725494861240414428485711829805304100489149757704311367837042279037187196697126280404343410614972959943354947510557274613819976014990904745513608306748833700613549324365873179088384529885214783785055 0 0 0 0 0 0 0 0 0 0 0 0 0 0 0 0 0 0 0 0 0 0 0 0 0 0 0 0 0 0 0 0 0 0 0 0 0 0 0 0 0 0 0 0 0 0 0 0 0 0 0 0 0 0 0 0 0 0 0 0 0 0 0 0 0 0 0 0 0 0 0 0 0 0 0 0 0 0 0 0 0 0 0 0 0 0 0 0 0 0 0 0 0 1 0 0 0 0 0 0 0 0 0 0 0 0 0 0 0 0 0 0 0 0]
[6936204312825812538236145254482875694850721707817908189224526303824176549817207113958124752773928416188154250457295992103360495446932509528739063108980081672446128152250615627125320431434308488888032840438598500873706657759037721888879540024882285938746010317354568753010613912758645386826966350560523398069031347961933552528026053005488306470008 0 0 0 0 0 0 0 0 0 0 0 0 0 0 0 0 0 0 0 0 0 0 0 0 0 0 0 0 0 0 0 0 0 0 0 0 0 0 0 0 0 0 0 0 0 0 0 0 0 0 0 0 0 0 0 0 0 0 0 0 0 0 0 0 0 0 0 0 0 0 0 0 0 0 0 0 0 0 0 0 0 0 0 0 0 0 0 0 0 0 0 0 0 0 1 0 0 0 0 0 0 0 0 0 0 0 0 0 0 0 0 0 0 0]
[8820630305004405230749803026010922788292451710472838569769852101148905142328437711650304894391725830467994368690422453873393881057375482667209202645442766974237733926736931286237777263447629496826200968214050687792331360351355041369149435154757323129268650975155374469697150219309783381435564513057040024198738649297834230382949487358095874947013 0 0 0 0 0 0 0 0 0 0 0 0 0 0 0 0 0 0 0 0 0 0 0 0 0 0 0 0 0 0 0 0 0 0 0 0 0 0 0 0 0 0 0 0 0 0 0 0 0 0 0 0 0 0 0 0 0 0 0 0 0 0 0 0 0 0 0 0 0 0 0 0 0 0 0 0 0 0 0 0 0 0 0 0 0 0 0 0 0 0 0 0 0 0 0 1 0 0 0 0 0 0 0 0 0 0 0 0 0 0 0 0 0 0]
[9784051339274615769271119835152884332823719216480840463246289194728461801235990973959598907047189949388294830968938503869972675584466520524767228327207810114123433759563845718478296068125124269171284140399485615131598483633535137067274898057280784045137256731751686228738761172893759071885667694452651790845657855153057157730692303179824891432232 0 0 0 0 0 0 0 0 0 0 0 0 0 0 0 0 0 0 0 0 0 0 0 0 0 0 0 0 0 0 0 0 0 0 0 0 0 0 0 0 0 0 0 0 0 0 0 0 0 0 0 0 0 0 0 0 0 0 0 0 0 0 0 0 0 0 0 0 0 0 0 0 0 0 0 0 0 0 0 0 0 0 0 0 0 0 0 0 0 0 0 0 0 0 0 0 1 0 0 0 0 0 0 0 0 0 0 0 0 0 0 0 0 0]
[10659586177893131422039901994376829147264419648049978161040724610607062682047692492830819605120829848315152400730229230702845967499096436511571572567760241857213255231653373035537983475796815982851049609516947822085021888534293109963864301353959989364043899079967276757924471811844305893053926866120756327316878426405678325995492172318211069950719 0 0 0 0 0 0 0 0 0 0 0 0 0 0 0 0 0 0 0 0 0 0 0 0 0 0 0 0 0 0 0 0 0 0 0 0 0 0 0 0 0 0 0 0 0 0 0 0 0 0 0 0 0 0 0 0 0 0 0 0 0 0 0 0 0 0 0 0 0 0 0 0 0 0 0 0 0 0 0 0 0 0 0 0 0 0 0 0 0 0 0 0 0 0 0 0 0 1 0 0 0 0 0 0 0 0 0 0 0 0 0 0 0 0]
[10503293150334153894927736367629327965536865452917220865456888505840505046229228982027243205926415320558424017021767188954209720935635048310113843203427511963886972736437110778376270782420114853449936111553738867965917537491363867353202355081936471139748932858851920827171096885879644912441546544658182595194959357374851197441426829948129190704067 0 0 0 0 0 0 0 0 0 0 0 0 0 0 0 0 0 0 0 0 0 0 0 0 0 0 0 0 0 0 0 0 0 0 0 0 0 0 0 0 0 0 0 0 0 0 0 0 0 0 0 0 0 0 0 0 0 0 0 0 0 0 0 0 0 0 0 0 0 0 0 0 0 0 0 0 0 0 0 0 0 0 0 0 0 0 0 0 0 0 0 0 0 0 0 0 0 0 1 0 0 0 0 0 0 0 0 0 0 0 0 0 0 0]
[6233048396018580891044541801219162600679913092571120689860297137031711725020955178352573665964900392607017114816205591340730081774287425561195972582826995195464934684399735246775446719659080119897737231903880438595842274368353116411604722179704019525233571294808822840683992925735178922152594066525579100970034212433603294282072091701456522293771 0 0 0 0 0 0 0 0 0 0 0 0 0 0 0 0 0 0 0 0 0 0 0 0 0 0 0 0 0 0 0 0 0 0 0 0 0 0 0 0 0 0 0 0 0 0 0 0 0 0 0 0 0 0 0 0 0 0 0 0 0 0 0 0 0 0 0 0 0 0 0 0 0 0 0 0 0 0 0 0 0 0 0 0 0 0 0 0 0 0 0 0 0 0 0 0 0 0 0 1 0 0 0 0 0 0 0 0 0 0 0 0 0 0]
[3427449730194990420088250717582706500780872526659147144227997357587816229078139821185745500094814125355450346804073184283645926421891467444569398400148341037029546117251150768727652397378374010120202399300572744562761286733128245578643330846789918232485612096722417041005829497935747587520149377903265911205760942860195648446071073072927511728009 0 0 0 0 0 0 0 0 0 0 0 0 0 0 0 0 0 0 0 0 0 0 0 0 0 0 0 0 0 0 0 0 0 0 0 0 0 0 0 0 0 0 0 0 0 0 0 0 0 0 0 0 0 0 0 0 0 0 0 0 0 0 0 0 0 0 0 0 0 0 0 0 0 0 0 0 0 0 0 0 0 0 0 0 0 0 0 0 0 0 0 0 0 0 0 0 0 0 0 0 1 0 0 0 0 0 0 0 0 0 0 0 0 0]
[5284504985596662329163817795088784890174494414954695040220597540149708596890121132019329995840632041840966911120676101003881721853170748705267219133529498516789613623177861895162264132619788517183701731383962412451859046373317087043179266752477869301721837734390866896636167055830889328887520852231492763002547257267549177957152286863910799057457 0 0 0 0 0 0 0 0 0 0 0 0 0 0 0 0 0 0 0 0 0 0 0 0 0 0 0 0 0 0 0 0 0 0 0 0 0 0 0 0 0 0 0 0 0 0 0 0 0 0 0 0 0 0 0 0 0 0 0 0 0 0 0 0 0 0 0 0 0 0 0 0 0 0 0 0 0 0 0 0 0 0 0 0 0 0 0 0 0 0 0 0 0 0 0 0 0 0 0 0 0 1 0 0 0 0 0 0 0 0 0 0 0 0]
[7633081099625790217479710677279077202554796118454228302629725487148126455173477522975748181765073199927949064962675200095990175674990633784469035590518664541071002260776512810599232558432021038321590243960983057619729585335274238084054673797649606316775395532399685928916786919748207731557812231852291088611839247515661356560858706988995730819776 0 0 0 0 0 0 0 0 0 0 0 0 0 0 0 0 0 0 0 0 0 0 0 0 0 0 0 0 0 0 0 0 0 0 0 0 0 0 0 0 0 0 0 0 0 0 0 0 0 0 0 0 0 0 0 0 0 0 0 0 0 0 0 0 0 0 0 0 0 0 0 0 0 0 0 0 0 0 0 0 0 0 0 0 0 0 0 0 0 0 0 0 0 0 0 0 0 0 0 0 0 0 1 0 0 0 0 0 0 0 0 0 0 0]
[8044872509886449990686543706095505172957691884548934177133282717477103449641874002627342723882389651820359024959669412082700210379757323828908761647572864787689128645260233585415499792867592376052516831544286740174106087502828629391258135864423961562589432179521145084061872568589839478819237074824019024308966553997151325981650754375231450324082 0 0 0 0 0 0 0 0 0 0 0 0 0 0 0 0 0 0 0 0 0 0 0 0 0 0 0 0 0 0 0 0 0 0 0 0 0 0 0 0 0 0 0 0 0 0 0 0 0 0 0 0 0 0 0 0 0 0 0 0 0 0 0 0 0 0 0 0 0 0 0 0 0 0 0 0 0 0 0 0 0 0 0 0 0 0 0 0 0 0 0 0 0 0 0 0 0 0 0 0 0 0 0 1 0 0 0 0 0 0 0 0 0 0]
[880332660117640872323684966212985596461077691248728533177117441264199653342467586192589461096617907493211870961499738941347603005048031446400698404282352459724445765121377758999698948563062956936775064572857815533311750872453021263446150438903363420524312472414697203383480485073210340155612896188288027547562515153017576226823950770805014086362 0 0 0 0 0 0 0 0 0 0 0 0 0 0 0 0 0 0 0 0 0 0 0 0 0 0 0 0 0 0 0 0 0 0 0 0 0 0 0 0 0 0 0 0 0 0 0 0 0 0 0 0 0 0 0 0 0 0 0 0 0 0 0 0 0 0 0 0 0 0 0 0 0 0 0 0 0 0 0 0 0 0 0 0 0 0 0 0 0 0 0 0 0 0 0 0 0 0 0 0 0 0 0 0 1 0 0 0 0 0 0 0 0 0]
[5478017850781735783254258324635049176093072194865955794475411320084766149833521813262855666583229758059416710887270121421298497176556996245935062428668741030368714899167984333513449815859676399161726929598471039419325334956920854932960007963295730463774347965681445926772958045477192047544810478039424407525124833550102503664908960004425074260401 0 0 0 0 0 0 0 0 0 0 0 0 0 0 0 0 0 0 0 0 0 0 0 0 0 0 0 0 0 0 0 0 0 0 0 0 0 0 0 0 0 0 0 0 0 0 0 0 0 0 0 0 0 0 0 0 0 0 0 0 0 0 0 0 0 0 0 0 0 0 0 0 0 0 0 0 0 0 0 0 0 0 0 0 0 0 0 0 0 0 0 0 0 0 0 0 0 0 0 0 0 0 0 0 0 1 0 0 0 0 0 0 0 0]
[11106304746617598345459073186117191380950112621397972134155063652057591304002863351918623816974594072206472899523992481332317836545368492750972541132947895292212758069006504677529320984211578107928982963958609527323711527650435562589503283699154860327860507144382526526835168656536536236277829181742179123793811005462618140233586417171142743611561 0 0 0 0 0 0 0 0 0 0 0 0 0 0 0 0 0 0 0 0 0 0 0 0 0 0 0 0 0 0 0 0 0 0 0 0 0 0 0 0 0 0 0 0 0 0 0 0 0 0 0 0 0 0 0 0 0 0 0 0 0 0 0 0 0 0 0 0 0 0 0 0 0 0 0 0 0 0 0 0 0 0 0 0 0 0 0 0 0 0 0 0 0 0 0 0 0 0 0 0 0 0 0 0 0 0 1 0 0 0 0 0 0 0]
[7826044110028912942909757030825659438682813211576121036508366370359911313546968589696456099915877150405049716343467531333465141382484213339429592034839493892151596113121861861197299534054149942305948030799392025996990217403942774908433384328013376520300423817138222228711371355957292407273459438915143286232586473393161269287540683619066107112007 0 0 0 0 0 0 0 0 0 0 0 0 0 0 0 0 0 0 0 0 0 0 0 0 0 0 0 0 0 0 0 0 0 0 0 0 0 0 0 0 0 0 0 0 0 0 0 0 0 0 0 0 0 0 0 0 0 0 0 0 0 0 0 0 0 0 0 0 0 0 0 0 0 0 0 0 0 0 0 0 0 0 0 0 0 0 0 0 0 0 0 0 0 0 0 0 0 0 0 0 0 0 0 0 0 0 0 1 0 0 0 0 0 0]
[1380136014467154769081594512074461979324098782418586072388911332924792570925091440792158597647159889100645642723662453016549989944199639831514516742230221030719933032818850264692018450936321856566458578993480777559548625186601555834251315878566026039471974612989787223253072423873552009856712410850676875546489507276082730982069471259728447376528 0 0 0 0 0 0 0 0 0 0 0 0 0 0 0 0 0 0 0 0 0 0 0 0 0 0 0 0 0 0 0 0 0 0 0 0 0 0 0 0 0 0 0 0 0 0 0 0 0 0 0 0 0 0 0 0 0 0 0 0 0 0 0 0 0 0 0 0 0 0 0 0 0 0 0 0 0 0 0 0 0 0 0 0 0 0 0 0 0 0 0 0 0 0 0 0 0 0 0 0 0 0 0 0 0 0 0 0 1 0 0 0 0 0]
[10374126749889816399490197167443372908704276103312998934179716443752561968414360898091118037781295752160001869175572599321672557112251115393021628796488789032041964039709335153268731040724170688393365386820286236046669936274972972174007233831292944547344140635324090650095689862691656685734675008851648784698338926942908027441949417767511137855115 0 0 0 0 0 0 0 0 0 0 0 0 0 0 0 0 0 0 0 0 0 0 0 0 0 0 0 0 0 0 0 0 0 0 0 0 0 0 0 0 0 0 0 0 0 0 0 0 0 0 0 0 0 0 0 0 0 0 0 0 0 0 0 0 0 0 0 0 0 0 0 0 0 0 0 0 0 0 0 0 0 0 0 0 0 0 0 0 0 0 0 0 0 0 0 0 0 0 0 0 0 0 0 0 0 0 0 0 0 1 0 0 0 0]
[9716274338868795945008145148704545984434302648099251386322038936180628650884685191848844325800490107406775738330378471219447711324169641239990957784907568824772739774380788736701511835831855279388841003140796344868897904757437684034181463377819589577269624923082035479920510945832795477480358932519936161308059286574949463421242882163882397035941 0 0 0 0 0 0 0 0 0 0 0 0 0 0 0 0 0 0 0 0 0 0 0 0 0 0 0 0 0 0 0 0 0 0 0 0 0 0 0 0 0 0 0 0 0 0 0 0 0 0 0 0 0 0 0 0 0 0 0 0 0 0 0 0 0 0 0 0 0 0 0 0 0 0 0 0 0 0 0 0 0 0 0 0 0 0 0 0 0 0 0 0 0 0 0 0 0 0 0 0 0 0 0 0 0 0 0 0 0 0 1 0 0 0]
[6027798204453792678699774578192884665122973926852656030054105416621392528091813954884157243090583143345983707592339714704918266882288939280969182472719163201800799100440263371109128395667406981055588563293059399461677330002393590754102335595615178563329771805132417134386954797302617753524369097175609275448664351508115801252389191363194102683285 0 0 0 0 0 0 0 0 0 0 0 0 0 0 0 0 0 0 0 0 0 0 0 0 0 0 0 0 0 0 0 0 0 0 0 0 0 0 0 0 0 0 0 0 0 0 0 0 0 0 0 0 0 0 0 0 0 0 0 0 0 0 0 0 0 0 0 0 0 0 0 0 0 0 0 0 0 0 0 0 0 0 0 0 0 0 0 0 0 0 0 0 0 0 0 0 0 0 0 0 0 0 0 0 0 0 0 0 0 0 0 1 0 0]
[287969893531872297221157822896116746653202534991787451299307672051606429569155708992890507214067140959163940143857618801063026403923837757454890693914551627837629862647931041594845582145067382489100947968465561134334481788121138532227415157604528614159048574622809168941383244021628122009796409019879556961628871905436436390778400000826486641263 0 0 0 0 0 0 0 0 0 0 0 0 0 0 0 0 0 0 0 0 0 0 0 0 0 0 0 0 0 0 0 0 0 0 0 0 0 0 0 0 0 0 0 0 0 0 0 0 0 0 0 0 0 0 0 0 0 0 0 0 0 0 0 0 0 0 0 0 0 0 0 0 0 0 0 0 0 0 0 0 0 0 0 0 0 0 0 0 0 0 0 0 0 0 0 0 0 0 0 0 0 0 0 0 0 0 0 0 0 0 0 0 1 0]
[5687779437198174553636829390640775705675844444608218923129097899928756825010605551369873237712927016323950575131092741717751077783005903274616625430614816278743679136700899624798329189470032994054951720083829889500810398785074318947139574690204656228111211966259686091234975602114163259584849169902911459391161562300413728535562298003966986718771 0 0 0 0 0 0 0 0 0 0 0 0 0 0 0 0 0 0 0 0 0 0 0 0 0 0 0 0 0 0 0 0 0 0 0 0 0 0 0 0 0 0 0 0 0 0 0 0 0 0 0 0 0 0 0 0 0 0 0 0 0 0 0 0 0 0 0 0 0 0 0 0 0 0 0 0 0 0 0 0 0 0 0 0 0 0 0 0 0 0 0 0 0 0 0 0 0 0 0 0 0 0 0 0 0 0 0 0 0 0 0 0 0 1]
]
