[[8584511849050493882191300716174859629433373819045829921721477354084309958601240004358898410023297818387328019712625412880779971996815153674853689724748903983874307709794973861432040138839982544072332274138602944640778411521282224348814335656706407573935874695414962142206503557802538030838574089088246288416341668964440515512679365231771365493583 0 0 0 0 0 0 0 0 0 0 0 0 0 0 0 0 0 0 0 0 0 0 0 0 0 0 0 0 0 0 0 0 0 0 0 0 0 0 0 0 0 0 0 0 0 0 0 0 0 0 0 0 0 0 0 0 0 0 0 0 0 0 0 0 0 0 0 0 0 0 0 0 0 0 0 0 0 0 0 0 0 0 0 0 0 0 0 0 0 0 0 0 0 0 0 0 0 0 0 0 0 0 0 0 0 0 0 0 0 0 0 0 0 0]
[5141817073222160535815570056843242951284480254260538925426612921450240085678337643190967852699304703856070732683746172203026848941464551989143534669637141182093606446659630437207767049816488620856189865388081731769012484438554344328059711934414207130866556680819644247011404210283123003777173913160520446294003879836031077872745718473956233907361 1 0 0 0 0 0 0 0 0 0 0 0 0 0 0 0 0 0 0 0 0 0 0 0 0 0 0 0 0 0 0 0 0 0 0 0 0 0 0 0 0 0 0 0 0 0 0 0 0 0 0 0 0 0 0 0 0 0 0 0 0 0 0 0 0 0 0 0 0 0 0 0 0 0 0 0 0 0 0 0 0 0 0 0 0 0 0 0 0 0 0 0 0 0 0 0 0 0 0 0 0 0 0 0 0 0 0 0 0 0 0 0 0 0]
[7042257139806284484544700650261335875509658298225797389600032217960265957992841094118022341151333519300675238969678931027320247603524353977443856545658699408004815408965058680795444454915021695939843421124260000106696582149568054539724061662073422148064373188564086480185602158500147060932826996613715869818770277443983606945933257299764533738513 0 1 0 0 0 0 0 0 0 0 0 0 0 0 0 0 0 0 0 0 0 0 0 0 0 0 0 0 0 0 0 0 0 0 0 0 0 0 0 0 0 0 0 0 0 0 0 0 0 0 0 0 0 0 0 0 0 0 0 0 0 0 0 0 0 0 0 0 0 0 0 0 0 0 0 0 0 0 0 0 0 0 0 0 0 0 0 0 0 0 0 0 0 0 0 0 0 0 0 0 0 0 0 0 0 0 0 0 0 0 0 0 0 0]
[8099410924447069134662101272549783933621028778191416004108631494958429505851924612951741851717288520548427990496659179822794267136146067008704565495641852113055402457322138634427002444047171068980046384820402179840513135009480824891376063092428306972102587449739716228584728104689412682681952618788872598754144202902108684676042244373081557481552 0 0 1 0 0 0 0 0 0 0 0 0 0 0 0 0 0 0 0 0 0 0 0 0 0 0 0 0 0 0 0 0 0 0 0 0 0 0 0 0 0 0 0 0 0 0 0 0 0 0 0 0 0 0 0 0 0 0 0 0 0 0 0 0 0 0 0 0 0 0 0 0 0 0 0 0 0 0 0 0 0 0 0 0 0 0 0 0 0 0 0 0 0 0 0 0 0 0 0 0 0 0 0 0 0 0 0 0 0 0 0 0 0 0]
[3889486749337999627589098988296418783786661433999803027170204655788061697487638734303888390800172951675308672591875363216266264736971057037389837068621075923501269390128151473546058921231596297633778337397928477289735886171312024448639114241784809452391326091415542575242068219313791124972404028036885371818833372084742533097917809372169735255578 0 0 0 1 0 0 0 0 0 0 0 0 0 0 0 0 0 0 0 0 0 0 0 0 0 0 0 0 0 0 0 0 0 0 0 0 0 0 0 0 0 0 0 0 0 0 0 0 0 0 0 0 0 0 0 0 0 0 0 0 0 0 0 0 0 0 0 0 0 0 0 0 0 0 0 0 0 0 0 0 0 0 0 0 0 0 0 0 0 0 0 0 0 0 0 0 0 0 0 0 0 0 0 0 0 0 0 0 0 0 0 0 0 0]
[3087767528398644506504927148845258389360511012108241432329634041514435045267562513187753889082855184980986945881725063127027514570464212056576779089571977443964396269401036325146943849324442161479705766142643994537659302370517430440776654775424939283162878476057656682070359669777374160674848277538501226325106226922487346151031931471879008258621 0 0 0 0 1 0 0 0 0 0 0 0 0 0 0 0 0 0 0 0 0 0 0 0 0 0 0 0 0 0 0 0 0 0 0 0 0 0 0 0 0 0 0 0 0 0 0 0 0 0 0 0 0 0 0 0 0 0 0 0 0 0 0 0 0 0 0 0 0 0 0 0 0 0 0 0 0 0 0 0 0 0 0 0 0 0 0 0 0 0 0 0 0 0 0 0 0 0 0 0 0 0 0 0 0 0 0 0 0 0 0 0 0 0]
[1220349935998364146297876585683757245159699037716544044235916037414676029118068941107868780170260133110108802001629456401903865748342558936261420212580359149980622966918441314066180184221026253902008448661270081375700677383990610899212764307663076177597001694259774418712450150057234716513781511076317202656920727696874325421145940460298202218296 0 0 0 0 0 1 0 0 0 0 0 0 0 0 0 0 0 0 0 0 0 0 0 0 0 0 0 0 0 0 0 0 0 0 0 0 0 0 0 0 0 0 0 0 0 0 0 0 0 0 0 0 0 0 0 0 0 0 0 0 0 0 0 0 0 0 0 0 0 0 0 0 0 0 0 0 0 0 0 0 0 0 0 0 0 0 0 0 0 0 0 0 0 0 0 0 0 0 0 0 0 0 0 0 0 0 0 0 0 0 0 0 0 0]
[5409002129678438681724185669297965585486910599076588229253828784716308977738833146912640169228351589330667832639839260439236365268499264703445295641557342312032997734532604750074082879207255082761875972965753073648643923699192678261737057363020682926116184597271567314275052670857670129895432243232584063151487866065349297279358713495565280061874 0 0 0 0 0 0 1 0 0 0 0 0 0 0 0 0 0 0 0 0 0 0 0 0 0 0 0 0 0 0 0 0 0 0 0 0 0 0 0 0 0 0 0 0 0 0 0 0 0 0 0 0 0 0 0 0 0 0 0 0 0 0 0 0 0 0 0 0 0 0 0 0 0 0 0 0 0 0 0 0 0 0 0 0 0 0 0 0 0 0 0 0 0 0 0 0 0 0 0 0 0 0 0 0 0 0 0 0 0 0 0 0 0 0]
[2086586865612961182040172437463749679129519366298404022682402985827075570527161934795321376163866666756095266518202184348934259068621812486979574998802430688522043002160399288605698171268194904403379996053843917979809239349893082315538590125807953314528017846815119688126570558602327964333626725454795832789339955487148469429469440532919323797790 0 0 0 0 0 0 0 1 0 0 0 0 0 0 0 0 0 0 0 0 0 0 0 0 0 0 0 0 0 0 0 0 0 0 0 0 0 0 0 0 0 0 0 0 0 0 0 0 0 0 0 0 0 0 0 0 0 0 0 0 0 0 0 0 0 0 0 0 0 0 0 0 0 0 0 0 0 0 0 0 0 0 0 0 0 0 0 0 0 0 0 0 0 0 0 0 0 0 0 0 0 0 0 0 0 0 0 0 0 0 0 0 0 0]
[3231441699706348798245627794097681071110426881708003422483193534443308822747688702601739098971832703424412567381402971205722734769749672303151599250786073688110156880908420700395158424526985965816988317317163907297099805564513466589360198645773997288534082127609316130716147300773897609800228737213004764782906938296046232838086776792252256776927 0 0 0 0 0 0 0 0 1 0 0 0 0 0 0 0 0 0 0 0 0 0 0 0 0 0 0 0 0 0 0 0 0 0 0 0 0 0 0 0 0 0 0 0 0 0 0 0 0 0 0 0 0 0 0 0 0 0 0 0 0 0 0 0 0 0 0 0 0 0 0 0 0 0 0 0 0 0 0 0 0 0 0 0 0 0 0 0 0 0 0 0 0 0 0 0 0 0 0 0 0 0 0 0 0 0 0 0 0 0 0 0 0 0]
[1525361280528048528795581578140440909059683487010683840519932306035677105590857787964793251784250277090074686533268453023343325645256195142579079151652938069895279558611707866749576639852597216450685507330575845303076340314147637422514771459357034777820831289185092370186606186585128562777186701735837150637353795307808851470634233486488902102683 0 0 0 0 0 0 0 0 0 1 0 0 0 0 0 0 0 0 0 0 0 0 0 0 0 0 0 0 0 0 0 0 0 0 0 0 0 0 0 0 0 0 0 0 0 0 0 0 0 0 0 0 0 0 0 0 0 0 0 0 0 0 0 0 0 0 0 0 0 0 0 0 0 0 0 0 0 0 0 0 0 0 0 0 0 0 0 0 0 0 0 0 0 0 0 0 0 0 0 0 0 0 0 0 0 0 0 0 0 0 0 0 0 0]
[673642153191017996738565560495467840480423232041182657801665386787017071401305777226382378110993530856275356466472217803747672237339366109612560451805223791000619438838165107302904759703355715267431525745396408366729154202504859991478661206886149231447451848186710310884512098706421117433368808757793412339614289697557894029538086992379605030077 0 0 0 0 0 0 0 0 0 0 1 0 0 0 0 0 0 0 0 0 0 0 0 0 0 0 0 0 0 0 0 0 0 0 0 0 0 0 0 0 0 0 0 0 0 0 0 0 0 0 0 0 0 0 0 0 0 0 0 0 0 0 0 0 0 0 0 0 0 0 0 0 0 0 0 0 0 0 0 0 0 0 0 0 0 0 0 0 0 0 0 0 0 0 0 0 0 0 0 0 0 0 0 0 0 0 0 0 0 0 0 0 0 0]
[2866363071209057507210194844076958636679291294864848380974320358832449181709030338892652720245952595444372801289947424062087811966332121934050633390242243540634119805718543496672087226749178750443875089891167374113544208038006433449637231714157438994984461718827887449428394027371859839991027877364967687387568769151852111997143074985125799776626 0 0 0 0 0 0 0 0 0 0 0 1 0 0 0 0 0 0 0 0 0 0 0 0 0 0 0 0 0 0 0 0 0 0 0 0 0 0 0 0 0 0 0 0 0 0 0 0 0 0 0 0 0 0 0 0 0 0 0 0 0 0 0 0 0 0 0 0 0 0 0 0 0 0 0 0 0 0 0 0 0 0 0 0 0 0 0 0 0 0 0 0 0 0 0 0 0 0 0 0 0 0 0 0 0 0 0 0 0 0 0 0 0 0]
[1225456735752348424897313454955596881229528904052617767915259101081352275171557572925596217830908586312157042141606843626751504513118380443831512280130904737545828380576460101326468735705550961477839738193485343289462496598814271241724456891570380307706014299572814512659911845178943591632800670571698666922284997822791825751147798442239578824019 0 0 0 0 0 0 0 0 0 0 0 0 1 0 0 0 0 0 0 0 0 0 0 0 0 0 0 0 0 0 0 0 0 0 0 0 0 0 0 0 0 0 0 0 0 0 0 0 0 0 0 0 0 0 0 0 0 0 0 0 0 0 0 0 0 0 0 0 0 0 0 0 0 0 0 0 0 0 0 0 0 0 0 0 0 0 0 0 0 0 0 0 0 0 0 0 0 0 0 0 0 0 0 0 0 0 0 0 0 0 0 0 0 0]
[627012300583198983343887419176182966028228744309949379174468226268224055857144291144801507944132755444478016965695530080909576635173852675586782226657882681390953603015037219328316777422320134052678564404821253543635374228766924379460642522729938712167255642405675413214213046845447242851127495067063750491455126399328750950991096293602955327383 0 0 0 0 0 0 0 0 0 0 0 0 0 1 0 0 0 0 0 0 0 0 0 0 0 0 0 0 0 0 0 0 0 0 0 0 0 0 0 0 0 0 0 0 0 0 0 0 0 0 0 0 0 0 0 0 0 0 0 0 0 0 0 0 0 0 0 0 0 0 0 0 0 0 0 0 0 0 0 0 0 0 0 0 0 0 0 0 0 0 0 0 0 0 0 0 0 0 0 0 0 0 0 0 0 0 0 0 0 0 0 0 0 0]
[3755523073993126829249551250369581682334808331715292666878664788665667823212724603589238336581477446463573925370007178335578832889855637546752362026670929577170166476791668600751894343282355254442513353159382407032376350048726187823039915604372961944757133804211006453491629548552249962313598868156620876043122689202072703236953640272572236220461 0 0 0 0 0 0 0 0 0 0 0 0 0 0 1 0 0 0 0 0 0 0 0 0 0 0 0 0 0 0 0 0 0 0 0 0 0 0 0 0 0 0 0 0 0 0 0 0 0 0 0 0 0 0 0 0 0 0 0 0 0 0 0 0 0 0 0 0 0 0 0 0 0 0 0 0 0 0 0 0 0 0 0 0 0 0 0 0 0 0 0 0 0 0 0 0 0 0 0 0 0 0 0 0 0 0 0 0 0 0 0 0 0 0]
[3405314006894976434362308055082368966319320849550639971480118088413930913844323283861632572603598951217865577837449329844659142786515013590530233079658795851259132231836208104152988377021007562988053652289425037164627122859926847411259138748696095175701044815737584715273281910538855315640156048011973979091431459858568602518219505355669180321264 0 0 0 0 0 0 0 0 0 0 0 0 0 0 0 1 0 0 0 0 0 0 0 0 0 0 0 0 0 0 0 0 0 0 0 0 0 0 0 0 0 0 0 0 0 0 0 0 0 0 0 0 0 0 0 0 0 0 0 0 0 0 0 0 0 0 0 0 0 0 0 0 0 0 0 0 0 0 0 0 0 0 0 0 0 0 0 0 0 0 0 0 0 0 0 0 0 0 0 0 0 0 0 0 0 0 0 0 0 0 0 0 0 0]
[811568766849260286463503439476944777342840408630623140187285186625359176992497814968421037373404033860726624524975502817956627107988188580014432085115110033773413101735285777902764318101147053639779729296700456436985805347338470310154908360089565662370927136422175114737188548761713189962437619667509439350096426166101612886564872133771177413112 0 0 0 0 0 0 0 0 0 0 0 0 0 0 0 0 1 0 0 0 0 0 0 0 0 0 0 0 0 0 0 0 0 0 0 0 0 0 0 0 0 0 0 0 0 0 0 0 0 0 0 0 0 0 0 0 0 0 0 0 0 0 0 0 0 0 0 0 0 0 0 0 0 0 0 0 0 0 0 0 0 0 0 0 0 0 0 0 0 0 0 0 0 0 0 0 0 0 0 0 0 0 0 0 0 0 0 0 0 0 0 0 0 0]
[6687279867986729091199864870737752159299610851796764916440048396239032528116809498538722116833283752183909062561150226264924516689376294764434830888050203865365130497183369354976746753432877295710886871386535709147699985993231655448837162522265953561120495534285691734212377429144353856644319110153431187313344769155685048965162856830396727357060 0 0 0 0 0 0 0 0 0 0 0 0 0 0 0 0 0 1 0 0 0 0 0 0 0 0 0 0 0 0 0 0 0 0 0 0 0 0 0 0 0 0 0 0 0 0 0 0 0 0 0 0 0 0 0 0 0 0 0 0 0 0 0 0 0 0 0 0 0 0 0 0 0 0 0 0 0 0 0 0 0 0 0 0 0 0 0 0 0 0 0 0 0 0 0 0 0 0 0 0 0 0 0 0 0 0 0 0 0 0 0 0 0 0]
[5613741641449445665119868371534433426478941377493302799413216828647997780613938838886499945434909625739109055490216317070230427953989224689233676278965198144587764912399930525490000845168951024387871666473015914448621657148813219316592087148611331324066149428836222919857952271290617290275898281694244901829110649860115837402070841410314036884728 0 0 0 0 0 0 0 0 0 0 0 0 0 0 0 0 0 0 1 0 0 0 0 0 0 0 0 0 0 0 0 0 0 0 0 0 0 0 0 0 0 0 0 0 0 0 0 0 0 0 0 0 0 0 0 0 0 0 0 0 0 0 0 0 0 0 0 0 0 0 0 0 0 0 0 0 0 0 0 0 0 0 0 0 0 0 0 0 0 0 0 0 0 0 0 0 0 0 0 0 0 0 0 0 0 0 0 0 0 0 0 0 0 0]
[3265924296223560395058768499779993360950122586077625285811436308380951767973042876269421168315431708542362112685369581604005439306193619943924383719327582136417001584294771265347303933585099026239276202517982793734478643766497715264823775951363050820524899405803144811855302218010971402075448111585904872054457937736620392434987235684508586101349 0 0 0 0 0 0 0 0 0 0 0 0 0 0 0 0 0 0 0 1 0 0 0 0 0 0 0 0 0 0 0 0 0 0 0 0 0 0 0 0 0 0 0 0 0 0 0 0 0 0 0 0 0 0 0 0 0 0 0 0 0 0 0 0 0 0 0 0 0 0 0 0 0 0 0 0 0 0 0 0 0 0 0 0 0 0 0 0 0 0 0 0 0 0 0 0 0 0 0 0 0 0 0 0 0 0 0 0 0 0 0 0 0 0]
[3384371599039630619217777425834729857514624019161208657619476731442044601834373159186877320643817313256481842282123847351247667328197559897528951103120323637289848561071146809416552933263535836781959559970240373422764265818505629591168593941442168291078623125466049293369399026004689189269845905417358872112148946998997016525185883195454355179244 0 0 0 0 0 0 0 0 0 0 0 0 0 0 0 0 0 0 0 0 1 0 0 0 0 0 0 0 0 0 0 0 0 0 0 0 0 0 0 0 0 0 0 0 0 0 0 0 0 0 0 0 0 0 0 0 0 0 0 0 0 0 0 0 0 0 0 0 0 0 0 0 0 0 0 0 0 0 0 0 0 0 0 0 0 0 0 0 0 0 0 0 0 0 0 0 0 0 0 0 0 0 0 0 0 0 0 0 0 0 0 0 0 0]
[7561502372327617850300676589815796515368637101977389088814626942036270314554293445156589720538441485972438663977364646733007776094037040259972882046515087030772623626053568317979846974601508751717064995752838683728436272011705663856174592403898856693794005762986458371135563914222105899282913348192667438303382354780624395224617410426118533609754 0 0 0 0 0 0 0 0 0 0 0 0 0 0 0 0 0 0 0 0 0 1 0 0 0 0 0 0 0 0 0 0 0 0 0 0 0 0 0 0 0 0 0 0 0 0 0 0 0 0 0 0 0 0 0 0 0 0 0 0 0 0 0 0 0 0 0 0 0 0 0 0 0 0 0 0 0 0 0 0 0 0 0 0 0 0 0 0 0 0 0 0 0 0 0 0 0 0 0 0 0 0 0 0 0 0 0 0 0 0 0 0 0 0]
[221398242006609943878214610460330527678076724948978406867755858934252304603008173262534589735677706923766888159050411088176287560968578774081203740326524072731060540519939532148857092164539430612233026118804627015765511769124910293734335974474437790446554716663218169949982557942374188091247044769207389816703592232510551477565289166919331278856 0 0 0 0 0 0 0 0 0 0 0 0 0 0 0 0 0 0 0 0 0 0 1 0 0 0 0 0 0 0 0 0 0 0 0 0 0 0 0 0 0 0 0 0 0 0 0 0 0 0 0 0 0 0 0 0 0 0 0 0 0 0 0 0 0 0 0 0 0 0 0 0 0 0 0 0 0 0 0 0 0 0 0 0 0 0 0 0 0 0 0 0 0 0 0 0 0 0 0 0 0 0 0 0 0 0 0 0 0 0 0 0 0 0]
[7208819029063783260061154379253205356683354212405468735595750422836726757030323105805142232531996027539320826353510827733418226346088575690310278612601129604563520213033112667772573441502671965432442234640122832986573538843215010653926894257833432270508356874752304712965911905202646694862944588369746190355431978314055308373354668496596948786962 0 0 0 0 0 0 0 0 0 0 0 0 0 0 0 0 0 0 0 0 0 0 0 1 0 0 0 0 0 0 0 0 0 0 0 0 0 0 0 0 0 0 0 0 0 0 0 0 0 0 0 0 0 0 0 0 0 0 0 0 0 0 0 0 0 0 0 0 0 0 0 0 0 0 0 0 0 0 0 0 0 0 0 0 0 0 0 0 0 0 0 0 0 0 0 0 0 0 0 0 0 0 0 0 0 0 0 0 0 0 0 0 0 0]
[6164833822324311274209614658250286915623821940630354644922847470925807483797502333954345076715709537780800188172691382235282108820131959067902183228995573886928156246055076579573685293406407709007172533846799789268147664764802518423430883444477501272975120317857302979911407611938468637919308491692930619992867711612394806810988102562458344805326 0 0 0 0 0 0 0 0 0 0 0 0 0 0 0 0 0 0 0 0 0 0 0 0 1 0 0 0 0 0 0 0 0 0 0 0 0 0 0 0 0 0 0 0 0 0 0 0 0 0 0 0 0 0 0 0 0 0 0 0 0 0 0 0 0 0 0 0 0 0 0 0 0 0 0 0 0 0 0 0 0 0 0 0 0 0 0 0 0 0 0 0 0 0 0 0 0 0 0 0 0 0 0 0 0 0 0 0 0 0 0 0 0 0]
[4767726564895508025813847036425525098352554117015198379619916420828286689908654916579378458777984160212063473003392073291590488533495175579223568312957731882932089922231581182088576173578612219429644734646446373038019479078128142002756256773622938182390513545532280864171683177592739203017942540420176725311414780064978107806230225601749503186383 0 0 0 0 0 0 0 0 0 0 0 0 0 0 0 0 0 0 0 0 0 0 0 0 0 1 0 0 0 0 0 0 0 0 0 0 0 0 0 0 0 0 0 0 0 0 0 0 0 0 0 0 0 0 0 0 0 0 0 0 0 0 0 0 0 0 0 0 0 0 0 0 0 0 0 0 0 0 0 0 0 0 0 0 0 0 0 0 0 0 0 0 0 0 0 0 0 0 0 0 0 0 0 0 0 0 0 0 0 0 0 0 0 0]
[8552247454724927421072691426663257715884029963767972479471134411490558550641206290998408776027361034817590650129192887493797973493115747398277852329072830515867711543996937715837275020872293272557599698820947385518641418072398306685385335535586794133669397630864439598253174473243042353119848071147310523779419610125008657276579135091041035320918 0 0 0 0 0 0 0 0 0 0 0 0 0 0 0 0 0 0 0 0 0 0 0 0 0 0 1 0 0 0 0 0 0 0 0 0 0 0 0 0 0 0 0 0 0 0 0 0 0 0 0 0 0 0 0 0 0 0 0 0 0 0 0 0 0 0 0 0 0 0 0 0 0 0 0 0 0 0 0 0 0 0 0 0 0 0 0 0 0 0 0 0 0 0 0 0 0 0 0 0 0 0 0 0 0 0 0 0 0 0 0 0 0 0]
[2044832147541421969764747152177324862489608612183742820921704104074839011200395936098617623323435108316800134727783897502785483906548315443011445520263862826113260267081881183301087094302150429681016638511085077816845506858158324269973916009939669100112226661409924716963161205247471414118267166383279931666462439370008845201602982247266135565198 0 0 0 0 0 0 0 0 0 0 0 0 0 0 0 0 0 0 0 0 0 0 0 0 0 0 0 1 0 0 0 0 0 0 0 0 0 0 0 0 0 0 0 0 0 0 0 0 0 0 0 0 0 0 0 0 0 0 0 0 0 0 0 0 0 0 0 0 0 0 0 0 0 0 0 0 0 0 0 0 0 0 0 0 0 0 0 0 0 0 0 0 0 0 0 0 0 0 0 0 0 0 0 0 0 0 0 0 0 0 0 0 0 0]
[4589402382105027408924198778777787814838015581838353968188463517753759031628580336571143523702205626810615453857014574632792106573028504891103704928639547166983251568447290223326617476291464934790380624404906981151612380470824541517370825528937318023721767539564778415436911934274523810955712052680313259286992880841254127197474233563971192733451 0 0 0 0 0 0 0 0 0 0 0 0 0 0 0 0 0 0 0 0 0 0 0 0 0 0 0 0 1 0 0 0 0 0 0 0 0 0 0 0 0 0 0 0 0 0 0 0 0 0 0 0 0 0 0 0 0 0 0 0 0 0 0 0 0 0 0 0 0 0 0 0 0 0 0 0 0 0 0 0 0 0 0 0 0 0 0 0 0 0 0 0 0 0 0 0 0 0 0 0 0 0 0 0 0 0 0 0 0 0 0 0 0 0]
[2326916365414963172292275071889703224191982333188271044807458632100560936885408573590851006932679258484551654436859072310564332716354987775792993337399968208750139763797189644881528811436088441828972125237462641398964425625663554026121940941897094531683757711266943258755331893559598134983435850196379654274726586135035895850003420677931307678792 0 0 0 0 0 0 0 0 0 0 0 0 0 0 0 0 0 0 0 0 0 0 0 0 0 0 0 0 0 1 0 0 0 0 0 0 0 0 0 0 0 0 0 0 0 0 0 0 0 0 0 0 0 0 0 0 0 0 0 0 0 0 0 0 0 0 0 0 0 0 0 0 0 0 0 0 0 0 0 0 0 0 0 0 0 0 0 0 0 0 0 0 0 0 0 0 0 0 0 0 0 0 0 0 0 0 0 0 0 0 0 0 0 0]
[6337154156215483923954696921008646301926946476102660880302233736269876118025769550492272083763114084932401523679276764053751738193238725743846344302573845257555033143970080062267557117999287440884597630535630433381729859110870833836336031484594714628322180113542639314690807969028252121124235278354351719668257511598405480367380519857264880822741 0 0 0 0 0 0 0 0 0 0 0 0 0 0 0 0 0 0 0 0 0 0 0 0 0 0 0 0 0 0 1 0 0 0 0 0 0 0 0 0 0 0 0 0 0 0 0 0 0 0 0 0 0 0 0 0 0 0 0 0 0 0 0 0 0 0 0 0 0 0 0 0 0 0 0 0 0 0 0 0 0 0 0 0 0 0 0 0 0 0 0 0 0 0 0 0 0 0 0 0 0 0 0 0 0 0 0 0 0 0 0 0 0 0]
[4628711535715717985090694623245268939392967167741012360375384146297080733584340739113674846517937121909033766978594138887586093757901188735695324685955513468950121771982768888765800858874557011642824609073498456548403221901825881535662571952977103039494859626165375226971126000997379860869967804931645348417783611540307781965175565011340557365853 0 0 0 0 0 0 0 0 0 0 0 0 0 0 0 0 0 0 0 0 0 0 0 0 0 0 0 0 0 0 0 1 0 0 0 0 0 0 0 0 0 0 0 0 0 0 0 0 0 0 0 0 0 0 0 0 0 0 0 0 0 0 0 0 0 0 0 0 0 0 0 0 0 0 0 0 0 0 0 0 0 0 0 0 0 0 0 0 0 0 0 0 0 0 0 0 0 0 0 0 0 0 0 0 0 0 0 0 0 0 0 0 0 0]
[4048769713080355750395258346703620149860284305642835716301742535743876221700462383072403845377358309644825071480214544562922112694299882285698604981017453708906154064958009208192124354097425725545814348692561102641973788728723358405284566217438582711394952076647866386185363924218374483258423540448407540826486289101405360003762789412684139707300 0 0 0 0 0 0 0 0 0 0 0 0 0 0 0 0 0 0 0 0 0 0 0 0 0 0 0 0 0 0 0 0 1 0 0 0 0 0 0 0 0 0 0 0 0 0 0 0 0 0 0 0 0 0 0 0 0 0 0 0 0 0 0 0 0 0 0 0 0 0 0 0 0 0 0 0 0 0 0 0 0 0 0 0 0 0 0 0 0 0 0 0 0 0 0 0 0 0 0 0 0 0 0 0 0 0 0 0 0 0 0 0 0 0]
[85544973886307325009157157297688043150423118310282446943487728589651003969109632273544846146593713573559985630472548301181661563871073789243590664896320723014795540431802144337399037435647759182445210804625308015047723873056225273698217475934402547703081737358063593992472114464898293469044591427399029747567389901717362897863443825416176829261 0 0 0 0 0 0 0 0 0 0 0 0 0 0 0 0 0 0 0 0 0 0 0 0 0 0 0 0 0 0 0 0 0 1 0 0 0 0 0 0 0 0 0 0 0 0 0 0 0 0 0 0 0 0 0 0 0 0 0 0 0 0 0 0 0 0 0 0 0 0 0 0 0 0 0 0 0 0 0 0 0 0 0 0 0 0 0 0 0 0 0 0 0 0 0 0 0 0 0 0 0 0 0 0 0 0 0 0 0 0 0 0 0 0]
[8056670623262982735298058749605089652915769518342342872982703079438049996471681959322431102273347797254006681476231070288432370297052978505998292100047073111338668279279989568722052901830793478827312979869305640727738750000986834912925774973423669314862742168793573237482713412148364925501307070334222263290688019743039089823711373215782704852484 0 0 0 0 0 0 0 0 0 0 0 0 0 0 0 0 0 0 0 0 0 0 0 0 0 0 0 0 0 0 0 0 0 0 1 0 0 0 0 0 0 0 0 0 0 0 0 0 0 0 0 0 0 0 0 0 0 0 0 0 0 0 0 0 0 0 0 0 0 0 0 0 0 0 0 0 0 0 0 0 0 0 0 0 0 0 0 0 0 0 0 0 0 0 0 0 0 0 0 0 0 0 0 0 0 0 0 0 0 0 0 0 0 0]
[7500225587373238516714057061991470157836209717856940294097332583552654355018659493742101674571375668180851046497023924358434034498887199643407446927539769384154942006048210562080797416425991269810934371496163524760021323773846111386392533004315420182268358958274826818567904619346368500966102673224695414359781567284195459116636914636067401844807 0 0 0 0 0 0 0 0 0 0 0 0 0 0 0 0 0 0 0 0 0 0 0 0 0 0 0 0 0 0 0 0 0 0 0 1 0 0 0 0 0 0 0 0 0 0 0 0 0 0 0 0 0 0 0 0 0 0 0 0 0 0 0 0 0 0 0 0 0 0 0 0 0 0 0 0 0 0 0 0 0 0 0 0 0 0 0 0 0 0 0 0 0 0 0 0 0 0 0 0 0 0 0 0 0 0 0 0 0 0 0 0 0 0]
[2837386942332077631462802788376212956889449122364518006559854688116118878075031166598823586463083562741472592264291077577296000060245501415957979937578535014983701323793128725779596364497484725291831050655854073632380954445984353734054683474114904428931032450524942203002180097706139055777845319578778817013571825501108577855121365771325667439431 0 0 0 0 0 0 0 0 0 0 0 0 0 0 0 0 0 0 0 0 0 0 0 0 0 0 0 0 0 0 0 0 0 0 0 0 1 0 0 0 0 0 0 0 0 0 0 0 0 0 0 0 0 0 0 0 0 0 0 0 0 0 0 0 0 0 0 0 0 0 0 0 0 0 0 0 0 0 0 0 0 0 0 0 0 0 0 0 0 0 0 0 0 0 0 0 0 0 0 0 0 0 0 0 0 0 0 0 0 0 0 0 0 0]
[1212469786523793411116568915053738595595129307385390062415168045891500954341395555122231203363373999773149457799558167257307039275433479769836802298172352780122469859632568367653735682251114464507070916032397549623777476012385441378434486928064991392007096547416181817768389215941608712026841122183616362957778952028578725326048925075076313301316 0 0 0 0 0 0 0 0 0 0 0 0 0 0 0 0 0 0 0 0 0 0 0 0 0 0 0 0 0 0 0 0 0 0 0 0 0 1 0 0 0 0 0 0 0 0 0 0 0 0 0 0 0 0 0 0 0 0 0 0 0 0 0 0 0 0 0 0 0 0 0 0 0 0 0 0 0 0 0 0 0 0 0 0 0 0 0 0 0 0 0 0 0 0 0 0 0 0 0 0 0 0 0 0 0 0 0 0 0 0 0 0 0 0]
[2030920460051525989136864447675240346360328064601021226198968777255857579847490127384963741987649140871615480421958695010445728026753754573717229893287486532444022027500564515095944617192279651825300938410542582554665161063209937897894550688860783835352751098210212446724115450938618303181554387198567354868980558341662338352408183434137217001017 0 0 0 0 0 0 0 0 0 0 0 0 0 0 0 0 0 0 0 0 0 0 0 0 0 0 0 0 0 0 0 0 0 0 0 0 0 0 1 0 0 0 0 0 0 0 0 0 0 0 0 0 0 0 0 0 0 0 0 0 0 0 0 0 0 0 0 0 0 0 0 0 0 0 0 0 0 0 0 0 0 0 0 0 0 0 0 0 0 0 0 0 0 0 0 0 0 0 0 0 0 0 0 0 0 0 0 0 0 0 0 0 0 0]
[6863200253606770171692326890907106865263911454644664790973496208146335891264496595183957832345685666104086496003020752725900278977472009459166233307646859219352944289460629771623126992087837020153734553789698818505988866141846446752292809929422000231967642446529819680505240940877495638660684894362552177164018442966788337257944084196217998000054 0 0 0 0 0 0 0 0 0 0 0 0 0 0 0 0 0 0 0 0 0 0 0 0 0 0 0 0 0 0 0 0 0 0 0 0 0 0 0 1 0 0 0 0 0 0 0 0 0 0 0 0 0 0 0 0 0 0 0 0 0 0 0 0 0 0 0 0 0 0 0 0 0 0 0 0 0 0 0 0 0 0 0 0 0 0 0 0 0 0 0 0 0 0 0 0 0 0 0 0 0 0 0 0 0 0 0 0 0 0 0 0 0 0]
[7555697439093796873434164014410648579506420305683829881524799212361843345729032130381064729637836690529008365459752481719696793157230954708526025736591081802856227196268524941173171890709722891225228327156758071850469213190917330229443324875582693240260484426431793772656378692641922132761668617972083466257113098760309042954204277000954302849958 0 0 0 0 0 0 0 0 0 0 0 0 0 0 0 0 0 0 0 0 0 0 0 0 0 0 0 0 0 0 0 0 0 0 0 0 0 0 0 0 1 0 0 0 0 0 0 0 0 0 0 0 0 0 0 0 0 0 0 0 0 0 0 0 0 0 0 0 0 0 0 0 0 0 0 0 0 0 0 0 0 0 0 0 0 0 0 0 0 0 0 0 0 0 0 0 0 0 0 0 0 0 0 0 0 0 0 0 0 0 0 0 0 0]
[1511592992120294153515330879386349088394454624821626542499237781306231107674418849969937601599312561840747485530045124819635932746720856172706229848020585959351662937529788990726736835275253459560436706827144095692210763951455387329900584677387990264067944378910600000935765585522846522761073438104451229670092598341794729763815679564853791720061 0 0 0 0 0 0 0 0 0 0 0 0 0 0 0 0 0 0 0 0 0 0 0 0 0 0 0 0 0 0 0 0 0 0 0 0 0 0 0 0 0 1 0 0 0 0 0 0 0 0 0 0 0 0 0 0 0 0 0 0 0 0 0 0 0 0 0 0 0 0 0 0 0 0 0 0 0 0 0 0 0 0 0 0 0 0 0 0 0 0 0 0 0 0 0 0 0 0 0 0 0 0 0 0 0 0 0 0 0 0 0 0 0 0]
[5138482894719229007559596606668190214577460646515567736155114317605592934365396027926984252539374493970589745936144883956559260267787965249208101663175333054882214891573093915351973883302165633621167720722172525252980335303428943575896661744360614447918487393407806613494552548516159872887656011592263157216080544893194111995625695585507824220308 0 0 0 0 0 0 0 0 0 0 0 0 0 0 0 0 0 0 0 0 0 0 0 0 0 0 0 0 0 0 0 0 0 0 0 0 0 0 0 0 0 0 1 0 0 0 0 0 0 0 0 0 0 0 0 0 0 0 0 0 0 0 0 0 0 0 0 0 0 0 0 0 0 0 0 0 0 0 0 0 0 0 0 0 0 0 0 0 0 0 0 0 0 0 0 0 0 0 0 0 0 0 0 0 0 0 0 0 0 0 0 0 0 0]
[5882017006068599418886006048376513968037434017209940980858619863042937749733941475529453867132081019434299556428961688416163939979517444904019094976780641015808680278508936643659900314886548063744937747748448442543539835628050599904345662972767647045214972191830446839250155573988179560562957989544141449010196807129168612180197538674905643592381 0 0 0 0 0 0 0 0 0 0 0 0 0 0 0 0 0 0 0 0 0 0 0 0 0 0 0 0 0 0 0 0 0 0 0 0 0 0 0 0 0 0 0 1 0 0 0 0 0 0 0 0 0 0 0 0 0 0 0 0 0 0 0 0 0 0 0 0 0 0 0 0 0 0 0 0 0 0 0 0 0 0 0 0 0 0 0 0 0 0 0 0 0 0 0 0 0 0 0 0 0 0 0 0 0 0 0 0 0 0 0 0 0 0]
[5179013724572793562213516907065238263443999676072227308262284551095447430341852153627006292737907913725431484698234570655416773933973148782189795358658383057190499133298769090479751857783652019398399073384432796938903286836277013947389707112700034528645093610142988888845851541366414147300239684529513582423944339927223918448038086785673611065163 0 0 0 0 0 0 0 0 0 0 0 0 0 0 0 0 0 0 0 0 0 0 0 0 0 0 0 0 0 0 0 0 0 0 0 0 0 0 0 0 0 0 0 0 1 0 0 0 0 0 0 0 0 0 0 0 0 0 0 0 0 0 0 0 0 0 0 0 0 0 0 0 0 0 0 0 0 0 0 0 0 0 0 0 0 0 0 0 0 0 0 0 0 0 0 0 0 0 0 0 0 0 0 0 0 0 0 0 0 0 0 0 0 0]
[919695279469772139169421409378015358325569748505351671811991197658060383426282556475751725938621190455855471664210841914371272251465185163818807601771398028996449240684861179790333684938744890139824793918390058634772755687918867972437747696026438940152558412021870200612387746542543817889522462997195602066358570278760916553344334335622049742093 0 0 0 0 0 0 0 0 0 0 0 0 0 0 0 0 0 0 0 0 0 0 0 0 0 0 0 0 0 0 0 0 0 0 0 0 0 0 0 0 0 0 0 0 0 1 0 0 0 0 0 0 0 0 0 0 0 0 0 0 0 0 0 0 0 0 0 0 0 0 0 0 0 0 0 0 0 0 0 0 0 0 0 0 0 0 0 0 0 0 0 0 0 0 0 0 0 0 0 0 0 0 0 0 0 0 0 0 0 0 0 0 0 0]
[7704576047208939525619881729299791976115917625855970497845985161014624635476827760996305892944098973959428376053064844306127233185006033092248107689421783489248942648535843469123155686584322056738548391002134701420466631669165538012111750743558508846784233874079731009624269068029302085691939806587948782438135600530318360364814062439717979285785 0 0 0 0 0 0 0 0 0 0 0 0 0 0 0 0 0 0 0 0 0 0 0 0 0 0 0 0 0 0 0 0 0 0 0 0 0 0 0 0 0 0 0 0 0 0 1 0 0 0 0 0 0 0 0 0 0 0 0 0 0 0 0 0 0 0 0 0 0 0 0 0 0 0 0 0 0 0 0 0 0 0 0 0 0 0 0 0 0 0 0 0 0 0 0 0 0 0 0 0 0 0 0 0 0 0 0 0 0 0 0 0 0 0]
[2811426835862325103525125443395366590211184792081162549747886403177611788045320338487332550826484878266438095655028268715565057630402460368058707979386346875063991540406241141797149844470377031581619207347893823432603404921618524617502286655696100210715904771656493584145639693462661729214509079043878369037686493513831655757309872073482167330652 0 0 0 0 0 0 0 0 0 0 0 0 0 0 0 0 0 0 0 0 0 0 0 0 0 0 0 0 0 0 0 0 0 0 0 0 0 0 0 0 0 0 0 0 0 0 0 1 0 0 0 0 0 0 0 0 0 0 0 0 0 0 0 0 0 0 0 0 0 0 0 0 0 0 0 0 0 0 0 0 0 0 0 0 0 0 0 0 0 0 0 0 0 0 0 0 0 0 0 0 0 0 0 0 0 0 0 0 0 0 0 0 0 0]
[5331856692910334311448255295878336667406127869126863452504455149372815715557333882178583574886084909874621749242238667110348249910170382489619733623048465293645354710587059150921542982636656592735103197235919510078751885509100140626753957151604540964011700520321123816307890227879806933253673016632372559897474490436813968289778271817716019130703 0 0 0 0 0 0 0 0 0 0 0 0 0 0 0 0 0 0 0 0 0 0 0 0 0 0 0 0 0 0 0 0 0 0 0 0 0 0 0 0 0 0 0 0 0 0 0 0 1 0 0 0 0 0 0 0 0 0 0 0 0 0 0 0 0 0 0 0 0 0 0 0 0 0 0 0 0 0 0 0 0 0 0 0 0 0 0 0 0 0 0 0 0 0 0 0 0 0 0 0 0 0 0 0 0 0 0 0 0 0 0 0 0 0]
[6555358578782312558327296193294572368121348887220905579819939527461195789262264205999825691781609087349636372631729631839281856174719448771919379048086337744797908339433987051400862979393574924266769890838335035307471214612685251839603261736883033096043635279656655231872736982473973668314765894470745876739960485337549137664551146427867215797756 0 0 0 0 0 0 0 0 0 0 0 0 0 0 0 0 0 0 0 0 0 0 0 0 0 0 0 0 0 0 0 0 0 0 0 0 0 0 0 0 0 0 0 0 0 0 0 0 0 1 0 0 0 0 0 0 0 0 0 0 0 0 0 0 0 0 0 0 0 0 0 0 0 0 0 0 0 0 0 0 0 0 0 0 0 0 0 0 0 0 0 0 0 0 0 0 0 0 0 0 0 0 0 0 0 0 0 0 0 0 0 0 0 0]
[7374875870739776672797477406617494054134977173044667233992620828002258230383154913995138837831710475344861600077923932529159173412206834500107035613749641019264539201730117683330666341638360123249881271366775245346095826276918673528193176769901225635048375725855878218863183428128601401093677419732464622971002419008736563430687815640160670947383 0 0 0 0 0 0 0 0 0 0 0 0 0 0 0 0 0 0 0 0 0 0 0 0 0 0 0 0 0 0 0 0 0 0 0 0 0 0 0 0 0 0 0 0 0 0 0 0 0 0 1 0 0 0 0 0 0 0 0 0 0 0 0 0 0 0 0 0 0 0 0 0 0 0 0 0 0 0 0 0 0 0 0 0 0 0 0 0 0 0 0 0 0 0 0 0 0 0 0 0 0 0 0 0 0 0 0 0 0 0 0 0 0 0]
[7880837735537395133605662393157252083103823697978598699124163541176779267291558428664069092685296092601874679066611003685353119065379235574519057134632374639339368858848438876630691458832679126397376823794671394705951322714145434876791919012650856897992196146522281312436404112807212729240899892646786889197958343736922093632901047813049191637264 0 0 0 0 0 0 0 0 0 0 0 0 0 0 0 0 0 0 0 0 0 0 0 0 0 0 0 0 0 0 0 0 0 0 0 0 0 0 0 0 0 0 0 0 0 0 0 0 0 0 0 1 0 0 0 0 0 0 0 0 0 0 0 0 0 0 0 0 0 0 0 0 0 0 0 0 0 0 0 0 0 0 0 0 0 0 0 0 0 0 0 0 0 0 0 0 0 0 0 0 0 0 0 0 0 0 0 0 0 0 0 0 0 0]
[501959156242977107258118277673543396139999039374025237715490461442763217204032135230895389088191473369147415831515116045361349849709233597123509485591132348233068381502977372657579052758732702400556173656354957091175543769048626210904401181652379711164276140950002194720293718865052929023136331552605117762109373767710827416814146706150459291654 0 0 0 0 0 0 0 0 0 0 0 0 0 0 0 0 0 0 0 0 0 0 0 0 0 0 0 0 0 0 0 0 0 0 0 0 0 0 0 0 0 0 0 0 0 0 0 0 0 0 0 0 1 0 0 0 0 0 0 0 0 0 0 0 0 0 0 0 0 0 0 0 0 0 0 0 0 0 0 0 0 0 0 0 0 0 0 0 0 0 0 0 0 0 0 0 0 0 0 0 0 0 0 0 0 0 0 0 0 0 0 0 0 0]
[5144841125715568150226896357549387887250969511148544526273508767142683155230090967276706761209841555865634660051745243574561600605533321610396025071980611597565884989611752055916166059038507116008857585257127611985914368550010402997305375132679480502775664518905542985964082272415364912331365437204334448640884477376060313605844752288589212705652 0 0 0 0 0 0 0 0 0 0 0 0 0 0 0 0 0 0 0 0 0 0 0 0 0 0 0 0 0 0 0 0 0 0 0 0 0 0 0 0 0 0 0 0 0 0 0 0 0 0 0 0 0 1 0 0 0 0 0 0 0 0 0 0 0 0 0 0 0 0 0 0 0 0 0 0 0 0 0 0 0 0 0 0 0 0 0 0 0 0 0 0 0 0 0 0 0 0 0 0 0 0 0 0 0 0 0 0 0 0 0 0 0 0]
[6748350738379557947084115383318707752104915463152746651801443344218534947693676951219473732064897824373561804346646484862940849852897184039748684107244502404452865244826348641605178195597393504615202016030064270505954122680172763414447600979233340645233958879909605794546814252260953817797040698149331191828535546403455564080264529977425380627235 0 0 0 0 0 0 0 0 0 0 0 0 0 0 0 0 0 0 0 0 0 0 0 0 0 0 0 0 0 0 0 0 0 0 0 0 0 0 0 0 0 0 0 0 0 0 0 0 0 0 0 0 0 0 1 0 0 0 0 0 0 0 0 0 0 0 0 0 0 0 0 0 0 0 0 0 0 0 0 0 0 0 0 0 0 0 0 0 0 0 0 0 0 0 0 0 0 0 0 0 0 0 0 0 0 0 0 0 0 0 0 0 0 0]
[648855522399163382710668457770157309967179798983993706199068446806887194086501269323573952314946967402738042985285659391445693249628147618686975338917153490467324551750097795752841320691532290927680320693022697780448641904046934276175220565352234753264723294629412065677225143167638021668656509140375289872011610129314180106993500807057031591503 0 0 0 0 0 0 0 0 0 0 0 0 0 0 0 0 0 0 0 0 0 0 0 0 0 0 0 0 0 0 0 0 0 0 0 0 0 0 0 0 0 0 0 0 0 0 0 0 0 0 0 0 0 0 0 1 0 0 0 0 0 0 0 0 0 0 0 0 0 0 0 0 0 0 0 0 0 0 0 0 0 0 0 0 0 0 0 0 0 0 0 0 0 0 0 0 0 0 0 0 0 0 0 0 0 0 0 0 0 0 0 0 0 0]
[5329110655284199285168370718323015514741321860601639317425331577070117064776265229086470098002879657831688298353442363581387981026930204241825521430329439753739043616373960616373196644164689923629139098859188571317270851551949532458175214785874932851304074620934628684354944326921447622213711875618965373946818549024536635533304331855945243577441 0 0 0 0 0 0 0 0 0 0 0 0 0 0 0 0 0 0 0 0 0 0 0 0 0 0 0 0 0 0 0 0 0 0 0 0 0 0 0 0 0 0 0 0 0 0 0 0 0 0 0 0 0 0 0 0 1 0 0 0 0 0 0 0 0 0 0 0 0 0 0 0 0 0 0 0 0 0 0 0 0 0 0 0 0 0 0 0 0 0 0 0 0 0 0 0 0 0 0 0 0 0 0 0 0 0 0 0 0 0 0 0 0 0]
[1314903822368194383251494705749559792577260143812002433032611050598054393070166262357097655808227219749254530397532461044447454524520314720991207950686843112204161431657696776979890524403148097211980598149339381227582306984068153470911748959480451747956355974992274584934001236338756450689459675193263984171931299392956008110783126039405852535688 0 0 0 0 0 0 0 0 0 0 0 0 0 0 0 0 0 0 0 0 0 0 0 0 0 0 0 0 0 0 0 0 0 0 0 0 0 0 0 0 0 0 0 0 0 0 0 0 0 0 0 0 0 0 0 0 0 1 0 0 0 0 0 0 0 0 0 0 0 0 0 0 0 0 0 0 0 0 0 0 0 0 0 0 0 0 0 0 0 0 0 0 0 0 0 0 0 0 0 0 0 0 0 0 0 0 0 0 0 0 0 0 0 0]
[7473652659930939415692183942508052095826167014543486602782463552509174900600091455664938978371636304882723540203052107789727890734729826985522631523314928694031340068999425301198783050931723954919411875918956334369557033373696386055105146689294581500530165304914227366254854386687943043361163508715778169117922478787636869922295933619419378673572 0 0 0 0 0 0 0 0 0 0 0 0 0 0 0 0 0 0 0 0 0 0 0 0 0 0 0 0 0 0 0 0 0 0 0 0 0 0 0 0 0 0 0 0 0 0 0 0 0 0 0 0 0 0 0 0 0 0 1 0 0 0 0 0 0 0 0 0 0 0 0 0 0 0 0 0 0 0 0 0 0 0 0 0 0 0 0 0 0 0 0 0 0 0 0 0 0 0 0 0 0 0 0 0 0 0 0 0 0 0 0 0 0 0]
[1910650615646814207526862663136256151653456081112023671263735319833474835226607659752068624558294578751349429542664578907019756786052700065431922260457027415663013993583046532308130662843388130984059264386342521780306701496645993908171493037699055867017473737825787440902109219085173509681643149194731810403288902145153380013202934325234286653327 0 0 0 0 0 0 0 0 0 0 0 0 0 0 0 0 0 0 0 0 0 0 0 0 0 0 0 0 0 0 0 0 0 0 0 0 0 0 0 0 0 0 0 0 0 0 0 0 0 0 0 0 0 0 0 0 0 0 0 1 0 0 0 0 0 0 0 0 0 0 0 0 0 0 0 0 0 0 0 0 0 0 0 0 0 0 0 0 0 0 0 0 0 0 0 0 0 0 0 0 0 0 0 0 0 0 0 0 0 0 0 0 0 0]
[6444938807764329850246930456491548957713851748703765386822913766899230531994153803047856266046659750743930797092164420343830042905811758005725614305221048117791120275492858094349038159436080602293948259483276025053984174397380770989244244146677093705734841562065591232152393286934649465710831704145218636480915950723309466623866380769116305503046 0 0 0 0 0 0 0 0 0 0 0 0 0 0 0 0 0 0 0 0 0 0 0 0 0 0 0 0 0 0 0 0 0 0 0 0 0 0 0 0 0 0 0 0 0 0 0 0 0 0 0 0 0 0 0 0 0 0 0 0 1 0 0 0 0 0 0 0 0 0 0 0 0 0 0 0 0 0 0 0 0 0 0 0 0 0 0 0 0 0 0 0 0 0 0 0 0 0 0 0 0 0 0 0 0 0 0 0 0 0 0 0 0 0]
[2728501053991095274129468084950364283731054881969900934640288460110010921808286490434139112383832278319491058071272716799459696213792534659836333658687715216053132238390687129171331336592010402810445773108074114924761518412613723079532591359635582499482498064708149589764154244995190429520399196369604467605985507674575847751447686381911158056436 0 0 0 0 0 0 0 0 0 0 0 0 0 0 0 0 0 0 0 0 0 0 0 0 0 0 0 0 0 0 0 0 0 0 0 0 0 0 0 0 0 0 0 0 0 0 0 0 0 0 0 0 0 0 0 0 0 0 0 0 0 1 0 0 0 0 0 0 0 0 0 0 0 0 0 0 0 0 0 0 0 0 0 0 0 0 0 0 0 0 0 0 0 0 0 0 0 0 0 0 0 0 0 0 0 0 0 0 0 0 0 0 0 0]
[1552187424368046914219208181603902287586269431270734673778459425129412581405688297907751435128728125953484771149998109931016372254725920741896595538759139104001450278438296390534106265582276813586218600319423968332620899133304752829123192713285909870792966632940896810569957718464306243421527925759026564693438780872971575253937740889242780853065 0 0 0 0 0 0 0 0 0 0 0 0 0 0 0 0 0 0 0 0 0 0 0 0 0 0 0 0 0 0 0 0 0 0 0 0 0 0 0 0 0 0 0 0 0 0 0 0 0 0 0 0 0 0 0 0 0 0 0 0 0 0 1 0 0 0 0 0 0 0 0 0 0 0 0 0 0 0 0 0 0 0 0 0 0 0 0 0 0 0 0 0 0 0 0 0 0 0 0 0 0 0 0 0 0 0 0 0 0 0 0 0 0 0]
[7164444543084368905681716005547556096411429871980568374951767072537979562295104800129890281668561299532092145114149255044727656994792372792343672675768170841597264095399241451715787207074224058947418404194324806272678370799992039737009786290756044201526731257315043750698961052451250523345726662354241312133937666659638853512353244313688779279137 0 0 0 0 0 0 0 0 0 0 0 0 0 0 0 0 0 0 0 0 0 0 0 0 0 0 0 0 0 0 0 0 0 0 0 0 0 0 0 0 0 0 0 0 0 0 0 0 0 0 0 0 0 0 0 0 0 0 0 0 0 0 0 1 0 0 0 0 0 0 0 0 0 0 0 0 0 0 0 0 0 0 0 0 0 0 0 0 0 0 0 0 0 0 0 0 0 0 0 0 0 0 0 0 0 0 0 0 0 0 0 0 0 0]
[389805489740616314356323993146265888919058098489625716363705633949995712710394988477187260787993630339536742205732911102750899925755341318780039262468913966469932385433698817957689354647153283268594035890235700491960183013433974062381384336990978074957205375914279398189849919404220667747716213216863218415123616665742056197654265347929767911767 0 0 0 0 0 0 0 0 0 0 0 0 0 0 0 0 0 0 0 0 0 0 0 0 0 0 0 0 0 0 0 0 0 0 0 0 0 0 0 0 0 0 0 0 0 0 0 0 0 0 0 0 0 0 0 0 0 0 0 0 0 0 0 0 1 0 0 0 0 0 0 0 0 0 0 0 0 0 0 0 0 0 0 0 0 0 0 0 0 0 0 0 0 0 0 0 0 0 0 0 0 0 0 0 0 0 0 0 0 0 0 0 0 0]
[86428522224436989866229414724691603087953523322696367948307381441053951562901239612480515069932677478610106989956367751283031964936487301309474437387217522044516664374063351690473496488066816436965158023772093747532376691020438567315432497472113194650467936775501961534821724270835893142664649558443232925110706516398057315265911013264157774370 0 0 0 0 0 0 0 0 0 0 0 0 0 0 0 0 0 0 0 0 0 0 0 0 0 0 0 0 0 0 0 0 0 0 0 0 0 0 0 0 0 0 0 0 0 0 0 0 0 0 0 0 0 0 0 0 0 0 0 0 0 0 0 0 0 1 0 0 0 0 0 0 0 0 0 0 0 0 0 0 0 0 0 0 0 0 0 0 0 0 0 0 0 0 0 0 0 0 0 0 0 0 0 0 0 0 0 0 0 0 0 0 0 0]
[7014191915990091767149327852350298866768428840202065004840941779579678271608236982928109253869793369637817304104374444039400023962316839005288309255366001323299802890706130396828698966753466353642148376882643021672222566359617124745292274539566327210429604081254212224173085735813059708215531515176971065913889127067093571309266042726915430299874 0 0 0 0 0 0 0 0 0 0 0 0 0 0 0 0 0 0 0 0 0 0 0 0 0 0 0 0 0 0 0 0 0 0 0 0 0 0 0 0 0 0 0 0 0 0 0 0 0 0 0 0 0 0 0 0 0 0 0 0 0 0 0 0 0 0 1 0 0 0 0 0 0 0 0 0 0 0 0 0 0 0 0 0 0 0 0 0 0 0 0 0 0 0 0 0 0 0 0 0 0 0 0 0 0 0 0 0 0 0 0 0 0 0]
[1133015380449979908560010217852624549641348933356136688474946649466206591665989378626948396296138467655860712254207774937259746463481418036482346484968399645562178145528959206023240283804019745762083442009468667828070055365993062510605253743442643402438922735318329826424124850378754005691749686159050939608590877186857573487430347379382156495360 0 0 0 0 0 0 0 0 0 0 0 0 0 0 0 0 0 0 0 0 0 0 0 0 0 0 0 0 0 0 0 0 0 0 0 0 0 0 0 0 0 0 0 0 0 0 0 0 0 0 0 0 0 0 0 0 0 0 0 0 0 0 0 0 0 0 0 1 0 0 0 0 0 0 0 0 0 0 0 0 0 0 0 0 0 0 0 0 0 0 0 0 0 0 0 0 0 0 0 0 0 0 0 0 0 0 0 0 0 0 0 0 0 0]
[6250633398865818358006550366976408480480157945879099245236560333425826465100605289928759192979568747237625424403422685249081471118706011717310470419006534998145569170820732823793418303838682480831245209587340373527705355552529202604823260159229004935752382817244692836649816503015467172360475294928702884346245777822062320699876371285833785072352 0 0 0 0 0 0 0 0 0 0 0 0 0 0 0 0 0 0 0 0 0 0 0 0 0 0 0 0 0 0 0 0 0 0 0 0 0 0 0 0 0 0 0 0 0 0 0 0 0 0 0 0 0 0 0 0 0 0 0 0 0 0 0 0 0 0 0 0 1 0 0 0 0 0 0 0 0 0 0 0 0 0 0 0 0 0 0 0 0 0 0 0 0 0 0 0 0 0 0 0 0 0 0 0 0 0 0 0 0 0 0 0 0 0]
[7122563875535833744198491356477864697002793999697745180468240369446955571117534560458416966593928973875048194241956560807573200406684548081829108394819530583781689998441298879353857503188925622170023108780128206298710262530844776854427022095066594887103071219564137822081666165055494073603718720705252839664452982974883882817196977278528994072646 0 0 0 0 0 0 0 0 0 0 0 0 0 0 0 0 0 0 0 0 0 0 0 0 0 0 0 0 0 0 0 0 0 0 0 0 0 0 0 0 0 0 0 0 0 0 0 0 0 0 0 0 0 0 0 0 0 0 0 0 0 0 0 0 0 0 0 0 0 1 0 0 0 0 0 0 0 0 0 0 0 0 0 0 0 0 0 0 0 0 0 0 0 0 0 0 0 0 0 0 0 0 0 0 0 0 0 0 0 0 0 0 0 0]
[5784769265457372614750377204137963208767868785192032276346878658288084561212758380688298648761614587390993007747134367031748266621427993623450815753235380606280973292473571029240489957117240870573241920040915728486868871663324454876708540936166249384012889390186931421216766638107593847363760229099654793592437073791203739555128345541228541842081 0 0 0 0 0 0 0 0 0 0 0 0 0 0 0 0 0 0 0 0 0 0 0 0 0 0 0 0 0 0 0 0 0 0 0 0 0 0 0 0 0 0 0 0 0 0 0 0 0 0 0 0 0 0 0 0 0 0 0 0 0 0 0 0 0 0 0 0 0 0 1 0 0 0 0 0 0 0 0 0 0 0 0 0 0 0 0 0 0 0 0 0 0 0 0 0 0 0 0 0 0 0 0 0 0 0 0 0 0 0 0 0 0 0]
[2241762053964751046486377976968414140282553045788597421182307366420315475058568023119862080296062974897277168661727102601948103632631849555882413176697636695996939555485885686594088441554948195231438939867159388361255339933981789466667845839692574236031103523072802446791161380932966248914698569072196903618999249663270208211086581939141331249561 0 0 0 0 0 0 0 0 0 0 0 0 0 0 0 0 0 0 0 0 0 0 0 0 0 0 0 0 0 0 0 0 0 0 0 0 0 0 0 0 0 0 0 0 0 0 0 0 0 0 0 0 0 0 0 0 0 0 0 0 0 0 0 0 0 0 0 0 0 0 0 1 0 0 0 0 0 0 0 0 0 0 0 0 0 0 0 0 0 0 0 0 0 0 0 0 0 0 0 0 0 0 0 0 0 0 0 0 0 0 0 0 0 0]
[609142644780108132996520808966537175756793570100213472862690348838746141301074444659610197634053599662344477829331050213191347474970831410160799099777374240940420235538947651169487392634744478269636868503213535037466606232901642688623926134083846470509826232261925840312196552446567573306538953931259455502884602163057799610143842700874991786153 0 0 0 0 0 0 0 0 0 0 0 0 0 0 0 0 0 0 0 0 0 0 0 0 0 0 0 0 0 0 0 0 0 0 0 0 0 0 0 0 0 0 0 0 0 0 0 0 0 0 0 0 0 0 0 0 0 0 0 0 0 0 0 0 0 0 0 0 0 0 0 0 1 0 0 0 0 0 0 0 0 0 0 0 0 0 0 0 0 0 0 0 0 0 0 0 0 0 0 0 0 0 0 0 0 0 0 0 0 0 0 0 0 0]
[2694888001244972336178997218472181043701372894039314543514917969130061535627741889843973830008358716338473662966791989246282045127104415767109603507674146184172203369098946460104056936645260524051915386353030256113679279167066466626981000673873350688203051089969079295242780566039563536713184919252582096986529392915486476104016572954774479947865 0 0 0 0 0 0 0 0 0 0 0 0 0 0 0 0 0 0 0 0 0 0 0 0 0 0 0 0 0 0 0 0 0 0 0 0 0 0 0 0 0 0 0 0 0 0 0 0 0 0 0 0 0 0 0 0 0 0 0 0 0 0 0 0 0 0 0 0 0 0 0 0 0 1 0 0 0 0 0 0 0 0 0 0 0 0 0 0 0 0 0 0 0 0 0 0 0 0 0 0 0 0 0 0 0 0 0 0 0 0 0 0 0 0]
[3861809375960188927476655231964954511657169718064069768473006103797366074291524362659564397891724333552725139749914393501212443216621556707645952264589849105750339076328492494376449979739630371884525730912577395900613291233382959106363790073791669060877994092251619410502405716221825269888124312156729510166146918486896095457398355090852679756167 0 0 0 0 0 0 0 0 0 0 0 0 0 0 0 0 0 0 0 0 0 0 0 0 0 0 0 0 0 0 0 0 0 0 0 0 0 0 0 0 0 0 0 0 0 0 0 0 0 0 0 0 0 0 0 0 0 0 0 0 0 0 0 0 0 0 0 0 0 0 0 0 0 0 1 0 0 0 0 0 0 0 0 0 0 0 0 0 0 0 0 0 0 0 0 0 0 0 0 0 0 0 0 0 0 0 0 0 0 0 0 0 0 0]
[959062499640620117313209310961982181705906313955767246460704175609424608222857891529847389543415175805494239335315393533630658549629733296614785666873710176891283523829342026617499642951670386590801323403343779601030331784245126381658393376862350416209349719392230005813112518441572927632623412170663424965442588671440279396323621863032728775779 0 0 0 0 0 0 0 0 0 0 0 0 0 0 0 0 0 0 0 0 0 0 0 0 0 0 0 0 0 0 0 0 0 0 0 0 0 0 0 0 0 0 0 0 0 0 0 0 0 0 0 0 0 0 0 0 0 0 0 0 0 0 0 0 0 0 0 0 0 0 0 0 0 0 0 1 0 0 0 0 0 0 0 0 0 0 0 0 0 0 0 0 0 0 0 0 0 0 0 0 0 0 0 0 0 0 0 0 0 0 0 0 0 0]
[5145926923152056386815116240475008570782171846115042570063997419404182623680282798121111802418687546016474366706130853018601623642609824360961691015678574240441126222215765720510754243701710821956905614946333729674805600901962225703861594445248737121524849180824739052714006451971545783000259358886478272495946585511937417256513033577819333137558 0 0 0 0 0 0 0 0 0 0 0 0 0 0 0 0 0 0 0 0 0 0 0 0 0 0 0 0 0 0 0 0 0 0 0 0 0 0 0 0 0 0 0 0 0 0 0 0 0 0 0 0 0 0 0 0 0 0 0 0 0 0 0 0 0 0 0 0 0 0 0 0 0 0 0 0 1 0 0 0 0 0 0 0 0 0 0 0 0 0 0 0 0 0 0 0 0 0 0 0 0 0 0 0 0 0 0 0 0 0 0 0 0 0]
[4049599705923229822102414972957630662428318558405600436552337935900810856795643610550450621601750682609738876191139993449117819272850921292192993164472982105899332370349384390743206860414578001149574690164569851156499944642203784644107642090878193746184890371177801251303257493329849089479248410075676233594485308726463391812413597715507490138778 0 0 0 0 0 0 0 0 0 0 0 0 0 0 0 0 0 0 0 0 0 0 0 0 0 0 0 0 0 0 0 0 0 0 0 0 0 0 0 0 0 0 0 0 0 0 0 0 0 0 0 0 0 0 0 0 0 0 0 0 0 0 0 0 0 0 0 0 0 0 0 0 0 0 0 0 0 1 0 0 0 0 0 0 0 0 0 0 0 0 0 0 0 0 0 0 0 0 0 0 0 0 0 0 0 0 0 0 0 0 0 0 0 0]
[4882926564946786181960783473494099702336740476337625601375949232877058167903705846447724139164528625908585507409950729520843616303369820246650461139226520788559693186009530889817111056408719694745592149141028161339377133630837291470816947471409812475086347606163008441401882132227274743314551379372502986449239649005428087092312964553521269016418 0 0 0 0 0 0 0 0 0 0 0 0 0 0 0 0 0 0 0 0 0 0 0 0 0 0 0 0 0 0 0 0 0 0 0 0 0 0 0 0 0 0 0 0 0 0 0 0 0 0 0 0 0 0 0 0 0 0 0 0 0 0 0 0 0 0 0 0 0 0 0 0 0 0 0 0 0 0 1 0 0 0 0 0 0 0 0 0 0 0 0 0 0 0 0 0 0 0 0 0 0 0 0 0 0 0 0 0 0 0 0 0 0 0]
[8229869206074552858510285495912472957589700862901171449836270879340474810055732218401761961809887527646426179097286377231976260913071976641196367589529441703146823328878660581671802826686287394475279943693552209289277741259432480601945768127281424777833964908010908740529226277938498743968141997245709295175239351384787504833950753730745254613899 0 0 0 0 0 0 0 0 0 0 0 0 0 0 0 0 0 0 0 0 0 0 0 0 0 0 0 0 0 0 0 0 0 0 0 0 0 0 0 0 0 0 0 0 0 0 0 0 0 0 0 0 0 0 0 0 0 0 0 0 0 0 0 0 0 0 0 0 0 0 0 0 0 0 0 0 0 0 0 1 0 0 0 0 0 0 0 0 0 0 0 0 0 0 0 0 0 0 0 0 0 0 0 0 0 0 0 0 0 0 0 0 0 0]
[5606107142224765723672436163959412078665246995717107647452144950031376092601394365101561738658475759565435161952495800909834710780249486551046267336923764849272521329572023044936486704636546694879792479458995096879336891247369142636093491383208742541152213809031554118740101045954407452036773520929492791864524070506680523676620846336487560840307 0 0 0 0 0 0 0 0 0 0 0 0 0 0 0 0 0 0 0 0 0 0 0 0 0 0 0 0 0 0 0 0 0 0 0 0 0 0 0 0 0 0 0 0 0 0 0 0 0 0 0 0 0 0 0 0 0 0 0 0 0 0 0 0 0 0 0 0 0 0 0 0 0 0 0 0 0 0 0 0 1 0 0 0 0 0 0 0 0 0 0 0 0 0 0 0 0 0 0 0 0 0 0 0 0 0 0 0 0 0 0 0 0 0]
[2099626318155571935846513036908209327954459606269198310624622827952748810732245075578202655051147314121329530216717600961369094544738910984931146261032943158872722826217262899305369238587176853727636127463184974034975681176353060758978737969023560611567707013197320600294323523017001073488518101998400726412666477064888548896592174722450125194259 0 0 0 0 0 0 0 0 0 0 0 0 0 0 0 0 0 0 0 0 0 0 0 0 0 0 0 0 0 0 0 0 0 0 0 0 0 0 0 0 0 0 0 0 0 0 0 0 0 0 0 0 0 0 0 0 0 0 0 0 0 0 0 0 0 0 0 0 0 0 0 0 0 0 0 0 0 0 0 0 0 1 0 0 0 0 0 0 0 0 0 0 0 0 0 0 0 0 0 0 0 0 0 0 0 0 0 0 0 0 0 0 0 0]
[2471237944069827083995123634852796059484952120829917235999784126348102739866070267399118298849001361189927563571643614048936404082001904880059983025774723247229114589417917253677468384768748414325118404745718609482251702808114508534462239348623720086409990073158120521829535194262108776546346002056648755008146527629860309790350780059685075025904 0 0 0 0 0 0 0 0 0 0 0 0 0 0 0 0 0 0 0 0 0 0 0 0 0 0 0 0 0 0 0 0 0 0 0 0 0 0 0 0 0 0 0 0 0 0 0 0 0 0 0 0 0 0 0 0 0 0 0 0 0 0 0 0 0 0 0 0 0 0 0 0 0 0 0 0 0 0 0 0 0 0 1 0 0 0 0 0 0 0 0 0 0 0 0 0 0 0 0 0 0 0 0 0 0 0 0 0 0 0 0 0 0 0]
[6383225360243601207256820730828497982270029989587416362724128579445181318358853318901070862546760079699184231393647051662348642783108803111326260762505361424974973032483197411416247482898606939433100040700584075948679780325448588739223272063514552055796387244903028047886218901102975629656169707055865044698307831427655101158477937431723685594906 0 0 0 0 0 0 0 0 0 0 0 0 0 0 0 0 0 0 0 0 0 0 0 0 0 0 0 0 0 0 0 0 0 0 0 0 0 0 0 0 0 0 0 0 0 0 0 0 0 0 0 0 0 0 0 0 0 0 0 0 0 0 0 0 0 0 0 0 0 0 0 0 0 0 0 0 0 0 0 0 0 0 0 1 0 0 0 0 0 0 0 0 0 0 0 0 0 0 0 0 0 0 0 0 0 0 0 0 0 0 0 0 0 0]
[869828743253221199088195232028427854963199076669165017989294505526042406724823824224286577750705170374287751557325465660711678816478929668524503068810447170878640503524096108125882994993111934883037291147519463827060966564377466412755883224313008882635631982124027158164813350790020115677282036774381547231306576434496708195198838007941317194150 0 0 0 0 0 0 0 0 0 0 0 0 0 0 0 0 0 0 0 0 0 0 0 0 0 0 0 0 0 0 0 0 0 0 0 0 0 0 0 0 0 0 0 0 0 0 0 0 0 0 0 0 0 0 0 0 0 0 0 0 0 0 0 0 0 0 0 0 0 0 0 0 0 0 0 0 0 0 0 0 0 0 0 0 1 0 0 0 0 0 0 0 0 0 0 0 0 0 0 0 0 0 0 0 0 0 0 0 0 0 0 0 0 0]
[2109312206764177603361871402606221871828217277255229785475388243778847205028340393812923052716738182137181119114943230996759971684559162713854899971084618077182611668262513248382077254179836598146259173145709498204340416642842665652233361062138446069532628944347845804263473053237546298843236902392009257710203126773086170650290265543560619185805 0 0 0 0 0 0 0 0 0 0 0 0 0 0 0 0 0 0 0 0 0 0 0 0 0 0 0 0 0 0 0 0 0 0 0 0 0 0 0 0 0 0 0 0 0 0 0 0 0 0 0 0 0 0 0 0 0 0 0 0 0 0 0 0 0 0 0 0 0 0 0 0 0 0 0 0 0 0 0 0 0 0 0 0 0 1 0 0 0 0 0 0 0 0 0 0 0 0 0 0 0 0 0 0 0 0 0 0 0 0 0 0 0 0]
[4598969912412647980841051277766559539769203118111124308288012708189716138592354348215166199611950263086178334246257966634174775386312499804091946950643187828045816267167504323358357676871649282448664623131167373419425757900812044712731072384856445641134800868919188444034653110766128399311113635496682189436471613401587611655789851341293343233117 0 0 0 0 0 0 0 0 0 0 0 0 0 0 0 0 0 0 0 0 0 0 0 0 0 0 0 0 0 0 0 0 0 0 0 0 0 0 0 0 0 0 0 0 0 0 0 0 0 0 0 0 0 0 0 0 0 0 0 0 0 0 0 0 0 0 0 0 0 0 0 0 0 0 0 0 0 0 0 0 0 0 0 0 0 0 1 0 0 0 0 0 0 0 0 0 0 0 0 0 0 0 0 0 0 0 0 0 0 0 0 0 0 0]
[4496610032704647367313585198606201047686810607496586128185068979387676462937885338215500521657513263835480532828541063487676606372870203489491582318258010456657316699473511827973107944949499939172914727115083995178089581333068785360851201656176120706424376008970304504398619459610309552616902547621586378041804917465062863969811273833508301076670 0 0 0 0 0 0 0 0 0 0 0 0 0 0 0 0 0 0 0 0 0 0 0 0 0 0 0 0 0 0 0 0 0 0 0 0 0 0 0 0 0 0 0 0 0 0 0 0 0 0 0 0 0 0 0 0 0 0 0 0 0 0 0 0 0 0 0 0 0 0 0 0 0 0 0 0 0 0 0 0 0 0 0 0 0 0 0 1 0 0 0 0 0 0 0 0 0 0 0 0 0 0 0 0 0 0 0 0 0 0 0 0 0 0]
[1882652180346229284488445771373326065764725005248039643730735384101187804498744842545466990500684134241589379831461251794820191200080824064806027195473985024555309155422909725581743014623813779130313926832623483003710159057710497251203264634928465448533544694073411911812549458856924224279275851310168486854001757487981741584797735524169592568892 0 0 0 0 0 0 0 0 0 0 0 0 0 0 0 0 0 0 0 0 0 0 0 0 0 0 0 0 0 0 0 0 0 0 0 0 0 0 0 0 0 0 0 0 0 0 0 0 0 0 0 0 0 0 0 0 0 0 0 0 0 0 0 0 0 0 0 0 0 0 0 0 0 0 0 0 0 0 0 0 0 0 0 0 0 0 0 0 1 0 0 0 0 0 0 0 0 0 0 0 0 0 0 0 0 0 0 0 0 0 0 0 0 0]
[8094983331729076953632717853440540059117020931717277334643619809092616742871130966346953247502523066416298840765110115782573710635133041259390736772210737864494623763700815446339391025349145909015363887000894293228878571865293155073492287688124490270643914159605570367154843343250911753211378707168218992050935805312390645468105034496780410965250 0 0 0 0 0 0 0 0 0 0 0 0 0 0 0 0 0 0 0 0 0 0 0 0 0 0 0 0 0 0 0 0 0 0 0 0 0 0 0 0 0 0 0 0 0 0 0 0 0 0 0 0 0 0 0 0 0 0 0 0 0 0 0 0 0 0 0 0 0 0 0 0 0 0 0 0 0 0 0 0 0 0 0 0 0 0 0 0 0 1 0 0 0 0 0 0 0 0 0 0 0 0 0 0 0 0 0 0 0 0 0 0 0 0]
[7309433576965466175399873159194528074454563994428467293888314647962172538334684975571482162438089450636589992212514332075419244333093680181001129567391582194296495050894418560287701056078263326765366544223639143226079889265603707284164601354918813785468523370230613335744470797516094099367414229420296965667852334655423169014431329834512788045291 0 0 0 0 0 0 0 0 0 0 0 0 0 0 0 0 0 0 0 0 0 0 0 0 0 0 0 0 0 0 0 0 0 0 0 0 0 0 0 0 0 0 0 0 0 0 0 0 0 0 0 0 0 0 0 0 0 0 0 0 0 0 0 0 0 0 0 0 0 0 0 0 0 0 0 0 0 0 0 0 0 0 0 0 0 0 0 0 0 0 1 0 0 0 0 0 0 0 0 0 0 0 0 0 0 0 0 0 0 0 0 0 0 0]
[5162563631803184051362772869861357917628763755503880061168120694848544422505432921771346970209196454326377961553468749426993105933581979464732504124777843392682734706709300502931490693390849997218932759513197543891314360019769070589308250382999593546938685453150470805009087534966471553122519380943080595317074241169334226750029468842783539850306 0 0 0 0 0 0 0 0 0 0 0 0 0 0 0 0 0 0 0 0 0 0 0 0 0 0 0 0 0 0 0 0 0 0 0 0 0 0 0 0 0 0 0 0 0 0 0 0 0 0 0 0 0 0 0 0 0 0 0 0 0 0 0 0 0 0 0 0 0 0 0 0 0 0 0 0 0 0 0 0 0 0 0 0 0 0 0 0 0 0 0 1 0 0 0 0 0 0 0 0 0 0 0 0 0 0 0 0 0 0 0 0 0 0]
[6975334435391438589897916161677703704383913950552193614108499147475077590257063989233785819022810573326955196368104612940871935594739283014886104394075375787483949339467200347241690542764038157949030357174328119311734723335529837557557450538976266108573928479750827845328063464279787948654124943593797515409076861667461312469275834265155048857521 0 0 0 0 0 0 0 0 0 0 0 0 0 0 0 0 0 0 0 0 0 0 0 0 0 0 0 0 0 0 0 0 0 0 0 0 0 0 0 0 0 0 0 0 0 0 0 0 0 0 0 0 0 0 0 0 0 0 0 0 0 0 0 0 0 0 0 0 0 0 0 0 0 0 0 0 0 0 0 0 0 0 0 0 0 0 0 0 0 0 0 0 1 0 0 0 0 0 0 0 0 0 0 0 0 0 0 0 0 0 0 0 0 0]
[1754329165750085671377921338402802012166888867172172880640811525344605877344091421674204206552745633431593414928016425248027081017242832941327337258300723694109284215365015443750202111440487985857366576605634939003561023851359477302229079269445534823983579720390730120639782473716341357780492375352878213237722687689454172727613507365740033048003 0 0 0 0 0 0 0 0 0 0 0 0 0 0 0 0 0 0 0 0 0 0 0 0 0 0 0 0 0 0 0 0 0 0 0 0 0 0 0 0 0 0 0 0 0 0 0 0 0 0 0 0 0 0 0 0 0 0 0 0 0 0 0 0 0 0 0 0 0 0 0 0 0 0 0 0 0 0 0 0 0 0 0 0 0 0 0 0 0 0 0 0 0 1 0 0 0 0 0 0 0 0 0 0 0 0 0 0 0 0 0 0 0 0]
[7350673783268165737020427302163568004999350735587637434239496335167016188560183128139928893203010167310512806664024270279628023237810133297368320788542538262734757385726928547576190499717723669035324436070006520132243185183550908632462398928733297264810728935459488344688284030467863014278464543094108673607435421510824072360002648166417532309277 0 0 0 0 0 0 0 0 0 0 0 0 0 0 0 0 0 0 0 0 0 0 0 0 0 0 0 0 0 0 0 0 0 0 0 0 0 0 0 0 0 0 0 0 0 0 0 0 0 0 0 0 0 0 0 0 0 0 0 0 0 0 0 0 0 0 0 0 0 0 0 0 0 0 0 0 0 0 0 0 0 0 0 0 0 0 0 0 0 0 0 0 0 0 1 0 0 0 0 0 0 0 0 0 0 0 0 0 0 0 0 0 0 0]
[754444708934076115889375983088284340294673228474897773729740337881841206974350854637493223336328329723814353611135117682070919673626793830499149456965838440832998653941099463487355723523715583756037222464304255209983082756229305867503119690547331413522029255781020792919718900948047395798498806611722346340990142108068493605560770732242886736785 0 0 0 0 0 0 0 0 0 0 0 0 0 0 0 0 0 0 0 0 0 0 0 0 0 0 0 0 0 0 0 0 0 0 0 0 0 0 0 0 0 0 0 0 0 0 0 0 0 0 0 0 0 0 0 0 0 0 0 0 0 0 0 0 0 0 0 0 0 0 0 0 0 0 0 0 0 0 0 0 0 0 0 0 0 0 0 0 0 0 0 0 0 0 0 1 0 0 0 0 0 0 0 0 0 0 0 0 0 0 0 0 0 0]
[7701184327392300593019929243595368205985281739077390457622427355193939818190711461313068733271332138719901626680172480950921476696245675789738481859585846483021500118278382550591718959234557388951081790194870138595599649964119844188079206005294463657516014869452103233732471745285081976698977381341117707610843573709725355541255672836766642440159 0 0 0 0 0 0 0 0 0 0 0 0 0 0 0 0 0 0 0 0 0 0 0 0 0 0 0 0 0 0 0 0 0 0 0 0 0 0 0 0 0 0 0 0 0 0 0 0 0 0 0 0 0 0 0 0 0 0 0 0 0 0 0 0 0 0 0 0 0 0 0 0 0 0 0 0 0 0 0 0 0 0 0 0 0 0 0 0 0 0 0 0 0 0 0 0 1 0 0 0 0 0 0 0 0 0 0 0 0 0 0 0 0 0]
[3245245337580926624198888004146245965313504380035585599502271836116535776523841900744326363810653410067218657122071666598761390913025890443215588982377043445780357438486356247197885455848328433341135568136225200522754966384245149700173357669894396106031773744716182791081664736883118887695548381302731887431759501971684486516726589235921378005191 0 0 0 0 0 0 0 0 0 0 0 0 0 0 0 0 0 0 0 0 0 0 0 0 0 0 0 0 0 0 0 0 0 0 0 0 0 0 0 0 0 0 0 0 0 0 0 0 0 0 0 0 0 0 0 0 0 0 0 0 0 0 0 0 0 0 0 0 0 0 0 0 0 0 0 0 0 0 0 0 0 0 0 0 0 0 0 0 0 0 0 0 0 0 0 0 0 1 0 0 0 0 0 0 0 0 0 0 0 0 0 0 0 0]
[892797223487365361697320056013095073660906534613468292316664417603000799740979354872637235409453043447695092125405131831630847380445939174007418101763632482458740918827890562877278287488652815966121111777367949572070929751287336670447710887695038183020566349756411485552260577288952732278053975684539495687770017242004957466539788800144102214550 0 0 0 0 0 0 0 0 0 0 0 0 0 0 0 0 0 0 0 0 0 0 0 0 0 0 0 0 0 0 0 0 0 0 0 0 0 0 0 0 0 0 0 0 0 0 0 0 0 0 0 0 0 0 0 0 0 0 0 0 0 0 0 0 0 0 0 0 0 0 0 0 0 0 0 0 0 0 0 0 0 0 0 0 0 0 0 0 0 0 0 0 0 0 0 0 0 0 1 0 0 0 0 0 0 0 0 0 0 0 0 0 0 0]
[515811874289445838867571436652778122701835956542486337292155623447202608269607453291798254912209842574817771214735041020597523834941312790275531891078079710322930928645109266859500960938879767125512084231607778627506591616240955061759556559837114282884570814074921431581809940593607676109738373484491937113177372731381561847623577049929047900060 0 0 0 0 0 0 0 0 0 0 0 0 0 0 0 0 0 0 0 0 0 0 0 0 0 0 0 0 0 0 0 0 0 0 0 0 0 0 0 0 0 0 0 0 0 0 0 0 0 0 0 0 0 0 0 0 0 0 0 0 0 0 0 0 0 0 0 0 0 0 0 0 0 0 0 0 0 0 0 0 0 0 0 0 0 0 0 0 0 0 0 0 0 0 0 0 0 0 0 1 0 0 0 0 0 0 0 0 0 0 0 0 0 0]
[223138894142583686347788566979744352927486224523937922431626962931140100316101842388235110319157318998683015435050791686800130786817141561182437458389855679462057465951774220186060194884355691162769500903568794422456972623361558440689865959919556187199239287229181091534155204156266420279088950055324410172860164607069351100051391908972394349028 0 0 0 0 0 0 0 0 0 0 0 0 0 0 0 0 0 0 0 0 0 0 0 0 0 0 0 0 0 0 0 0 0 0 0 0 0 0 0 0 0 0 0 0 0 0 0 0 0 0 0 0 0 0 0 0 0 0 0 0 0 0 0 0 0 0 0 0 0 0 0 0 0 0 0 0 0 0 0 0 0 0 0 0 0 0 0 0 0 0 0 0 0 0 0 0 0 0 0 0 1 0 0 0 0 0 0 0 0 0 0 0 0 0]
[4369455546778934005498015460323972067230149319147969538136959032437689033542819071200581574452580253901544686761572539939845792630288640995872847158289749834992342234458880993258265584984645760357364795160963884121195849465352131053735238954998114448747951135191725461087247408846920734239230442586244561157894458218505507221881139137365476960551 0 0 0 0 0 0 0 0 0 0 0 0 0 0 0 0 0 0 0 0 0 0 0 0 0 0 0 0 0 0 0 0 0 0 0 0 0 0 0 0 0 0 0 0 0 0 0 0 0 0 0 0 0 0 0 0 0 0 0 0 0 0 0 0 0 0 0 0 0 0 0 0 0 0 0 0 0 0 0 0 0 0 0 0 0 0 0 0 0 0 0 0 0 0 0 0 0 0 0 0 0 1 0 0 0 0 0 0 0 0 0 0 0 0]
[5879511488333400754667331635516862540773529333501780872365814633398438004669103225355560050315585643535152878244832981191476865359301368789200340384229733023759464948146469288745502074132488875369655292188310385766976045739313214182183766167009384515954011763702238133734144872994447674854227101117318199525386003392269436302748015400149113483904 0 0 0 0 0 0 0 0 0 0 0 0 0 0 0 0 0 0 0 0 0 0 0 0 0 0 0 0 0 0 0 0 0 0 0 0 0 0 0 0 0 0 0 0 0 0 0 0 0 0 0 0 0 0 0 0 0 0 0 0 0 0 0 0 0 0 0 0 0 0 0 0 0 0 0 0 0 0 0 0 0 0 0 0 0 0 0 0 0 0 0 0 0 0 0 0 0 0 0 0 0 0 1 0 0 0 0 0 0 0 0 0 0 0]
[2865555852750684957621543516557154755167207855499615727479051280680657106178119471245423519995663705559946004209249979625102579254665269191952329458368317855701861598266193334662961851900724111234726203521498704031471272388931040999194589019970380152348863856883883396471803857283250468286213208987506272448956971237789958618623729034303634031758 0 0 0 0 0 0 0 0 0 0 0 0 0 0 0 0 0 0 0 0 0 0 0 0 0 0 0 0 0 0 0 0 0 0 0 0 0 0 0 0 0 0 0 0 0 0 0 0 0 0 0 0 0 0 0 0 0 0 0 0 0 0 0 0 0 0 0 0 0 0 0 0 0 0 0 0 0 0 0 0 0 0 0 0 0 0 0 0 0 0 0 0 0 0 0 0 0 0 0 0 0 0 0 1 0 0 0 0 0 0 0 0 0 0]
[740809811444235506198972357556722024944767601117806213327625575200544175780177636318078045440180046733064810545923914138983512481026539115208185446458670704471935285734438996170715007020641409802704693049313694494854962023278563279631475786508626198851796758822256703263985091593094648399509363249714626629769260039897207280707507514798207717277 0 0 0 0 0 0 0 0 0 0 0 0 0 0 0 0 0 0 0 0 0 0 0 0 0 0 0 0 0 0 0 0 0 0 0 0 0 0 0 0 0 0 0 0 0 0 0 0 0 0 0 0 0 0 0 0 0 0 0 0 0 0 0 0 0 0 0 0 0 0 0 0 0 0 0 0 0 0 0 0 0 0 0 0 0 0 0 0 0 0 0 0 0 0 0 0 0 0 0 0 0 0 0 0 1 0 0 0 0 0 0 0 0 0]
[7502816078874810427952785113103542640517927228160182639867477350375769676445219418166723907109117806114405427766129446193387797349490008634071745390800554301271765834839840975282717056939109898859296985146631111940568014192164938747928450654571443884495971045100268895572173612700613994510260056590877134361377851525873794098263578156351664007719 0 0 0 0 0 0 0 0 0 0 0 0 0 0 0 0 0 0 0 0 0 0 0 0 0 0 0 0 0 0 0 0 0 0 0 0 0 0 0 0 0 0 0 0 0 0 0 0 0 0 0 0 0 0 0 0 0 0 0 0 0 0 0 0 0 0 0 0 0 0 0 0 0 0 0 0 0 0 0 0 0 0 0 0 0 0 0 0 0 0 0 0 0 0 0 0 0 0 0 0 0 0 0 0 0 1 0 0 0 0 0 0 0 0]
[1617799205765023395539044069657323570336125471354630260490201204306203424002824563162655686972685879530686874194160178396129916080654286525480091464304064592836887401948569215557186073673854787352488446608480077675910147560971837653393098481415677513188436628780927896142853445882087795188431530886587020591105741872960483277996372100524832989177 0 0 0 0 0 0 0 0 0 0 0 0 0 0 0 0 0 0 0 0 0 0 0 0 0 0 0 0 0 0 0 0 0 0 0 0 0 0 0 0 0 0 0 0 0 0 0 0 0 0 0 0 0 0 0 0 0 0 0 0 0 0 0 0 0 0 0 0 0 0 0 0 0 0 0 0 0 0 0 0 0 0 0 0 0 0 0 0 0 0 0 0 0 0 0 0 0 0 0 0 0 0 0 0 0 0 1 0 0 0 0 0 0 0]
[2419389505149226012616984544219684471393877152294138883148169462437018120333664951125689665907788237515151896851664174179349799573382961440490398474187216336224568248260160262341372553549280686744327352702080908984940460852047645288756708081056915311377992616666910614521076452853870205436312308254696026899427948586420825571262620768910894249515 0 0 0 0 0 0 0 0 0 0 0 0 0 0 0 0 0 0 0 0 0 0 0 0 0 0 0 0 0 0 0 0 0 0 0 0 0 0 0 0 0 0 0 0 0 0 0 0 0 0 0 0 0 0 0 0 0 0 0 0 0 0 0 0 0 0 0 0 0 0 0 0 0 0 0 0 0 0 0 0 0 0 0 0 0 0 0 0 0 0 0 0 0 0 0 0 0 0 0 0 0 0 0 0 0 0 0 1 0 0 0 0 0 0]
[5873751671308103919635749880473571090984614067287167942245503556467380931053114548828788029578358857985711500229862080694300591246550815105266486840937733216171907504570461948813916443729046969503161673884006307436178786596576444068325526984383113889256554402391327375191905295832206599517316656949865769654410167945500432665058113185399821445158 0 0 0 0 0 0 0 0 0 0 0 0 0 0 0 0 0 0 0 0 0 0 0 0 0 0 0 0 0 0 0 0 0 0 0 0 0 0 0 0 0 0 0 0 0 0 0 0 0 0 0 0 0 0 0 0 0 0 0 0 0 0 0 0 0 0 0 0 0 0 0 0 0 0 0 0 0 0 0 0 0 0 0 0 0 0 0 0 0 0 0 0 0 0 0 0 0 0 0 0 0 0 0 0 0 0 0 0 1 0 0 0 0 0]
[565469206821502831292734589709579229688892563245761465699438645827511238788831609856934167940139541193590658191868478376149147314092074988713186923476890896165242317678000787138284169937625376042371728137298180522631539322099260114821226930438166243734567128610965842540073740469342456394799460535810341892255236407625215941716966941438629499702 0 0 0 0 0 0 0 0 0 0 0 0 0 0 0 0 0 0 0 0 0 0 0 0 0 0 0 0 0 0 0 0 0 0 0 0 0 0 0 0 0 0 0 0 0 0 0 0 0 0 0 0 0 0 0 0 0 0 0 0 0 0 0 0 0 0 0 0 0 0 0 0 0 0 0 0 0 0 0 0 0 0 0 0 0 0 0 0 0 0 0 0 0 0 0 0 0 0 0 0 0 0 0 0 0 0 0 0 0 1 0 0 0 0]
[3060490300290348370049025038997388732014942258726921351414013680676874032136378152611640528117754664673416992571562522012968409760079923349812361322332547630595414231279537277268762969664413576923078372559482588356237181877251866872043935297770549234971463075933885833863847141600372479540443561628268042410061933323043884471828534729436190757268 0 0 0 0 0 0 0 0 0 0 0 0 0 0 0 0 0 0 0 0 0 0 0 0 0 0 0 0 0 0 0 0 0 0 0 0 0 0 0 0 0 0 0 0 0 0 0 0 0 0 0 0 0 0 0 0 0 0 0 0 0 0 0 0 0 0 0 0 0 0 0 0 0 0 0 0 0 0 0 0 0 0 0 0 0 0 0 0 0 0 0 0 0 0 0 0 0 0 0 0 0 0 0 0 0 0 0 0 0 0 1 0 0 0]
[1693405485134173651739228462855746276393189662299393949237253563084157466203641297845689869420354111424178207953228129489062503236269445685101904251860231429581099883940050615112428993655172501959196509920252245710922953950458734988301308945330610519465949344242324059639535480609797996753162327596506006937862475128641871963887537392976975410307 0 0 0 0 0 0 0 0 0 0 0 0 0 0 0 0 0 0 0 0 0 0 0 0 0 0 0 0 0 0 0 0 0 0 0 0 0 0 0 0 0 0 0 0 0 0 0 0 0 0 0 0 0 0 0 0 0 0 0 0 0 0 0 0 0 0 0 0 0 0 0 0 0 0 0 0 0 0 0 0 0 0 0 0 0 0 0 0 0 0 0 0 0 0 0 0 0 0 0 0 0 0 0 0 0 0 0 0 0 0 0 1 0 0]
[4159352480472007820462769418370050490891314678589916697599091060349510150781166788458396994873746436393460902407348531971825637369281444369991061064494311197266357032559963307023036957932076318775542874724771399363044432653604635771554557641376043043237460805011603403980693946999554496135477118175964962110870822964537782730975106853679713605934 0 0 0 0 0 0 0 0 0 0 0 0 0 0 0 0 0 0 0 0 0 0 0 0 0 0 0 0 0 0 0 0 0 0 0 0 0 0 0 0 0 0 0 0 0 0 0 0 0 0 0 0 0 0 0 0 0 0 0 0 0 0 0 0 0 0 0 0 0 0 0 0 0 0 0 0 0 0 0 0 0 0 0 0 0 0 0 0 0 0 0 0 0 0 0 0 0 0 0 0 0 0 0 0 0 0 0 0 0 0 0 0 1 0]
[3185018793414353260372009804162101457684122860701389130572924643343643406507343825474615001482818422099586589004694325840533476530214508861907816443796322348392185210751546281872192247260353981650419852943395847496309348973330017625631971418128811505974278480088305106029727503975389506126383231745943348586986510470839269132443144039816344630149 0 0 0 0 0 0 0 0 0 0 0 0 0 0 0 0 0 0 0 0 0 0 0 0 0 0 0 0 0 0 0 0 0 0 0 0 0 0 0 0 0 0 0 0 0 0 0 0 0 0 0 0 0 0 0 0 0 0 0 0 0 0 0 0 0 0 0 0 0 0 0 0 0 0 0 0 0 0 0 0 0 0 0 0 0 0 0 0 0 0 0 0 0 0 0 0 0 0 0 0 0 0 0 0 0 0 0 0 0 0 0 0 0 1]
]
