[[8405027536421065133202190177451712097332192357508600933896745721375030081958881132932049427714545543924823592347619045669798898232048765720858357600331466943327091891410286234541601318488059320959482257704877387580265915678139880863002399835088775096516909005658288868951166107229992310163365212504507355086206803572899285540443704371764624653923 0 0 0 0 0 0 0 0 0 0 0 0 0 0 0 0 0 0 0 0 0 0 0 0 0 0 0 0 0 0 0 0 0 0 0 0 0 0 0 0 0 0 0 0 0 0 0 0 0 0 0 0 0 0 0 0 0 0 0 0 0 0 0 0 0 0 0 0 0 0 0 0 0 0 0 0 0 0 0 0 0 0 0 0 0 0 0 0 0 0 0 0 0 0 0 0 0 0 0 0 0 0 0 0 0 0 0 0 0 0 0 0 0 0]
[906951806534594186322689318425615675391310035552569436646629068693791366221731096725478082576078030971027296535153046110390100976362139048957400112990283480191640863000932893530561705471873135622736387242794595250143951239371008054988080747302630934781648248741063884305793346015732557082751723812656788129743643274914325574646872694133214566435 1 0 0 0 0 0 0 0 0 0 0 0 0 0 0 0 0 0 0 0 0 0 0 0 0 0 0 0 0 0 0 0 0 0 0 0 0 0 0 0 0 0 0 0 0 0 0 0 0 0 0 0 0 0 0 0 0 0 0 0 0 0 0 0 0 0 0 0 0 0 0 0 0 0 0 0 0 0 0 0 0 0 0 0 0 0 0 0 0 0 0 0 0 0 0 0 0 0 0 0 0 0 0 0 0 0 0 0 0 0 0 0 0 0]
[6377617747759913632310893891514205921046584277995618973715499796549962971447614581224359994772319019543230152587456100938392143518856204172261787471032109908381110175411919686660838823817010757352512043870597539768677393547633779025282677006320321687720039782348026050434909698221798158200058008593318986110725925523004108565914939804109098193638 0 1 0 0 0 0 0 0 0 0 0 0 0 0 0 0 0 0 0 0 0 0 0 0 0 0 0 0 0 0 0 0 0 0 0 0 0 0 0 0 0 0 0 0 0 0 0 0 0 0 0 0 0 0 0 0 0 0 0 0 0 0 0 0 0 0 0 0 0 0 0 0 0 0 0 0 0 0 0 0 0 0 0 0 0 0 0 0 0 0 0 0 0 0 0 0 0 0 0 0 0 0 0 0 0 0 0 0 0 0 0 0 0 0]
[4380475221807161126020766423126411111108126379949293831137730198094414350442019563258567916819119422850001246225968536271339185604005405051485833711727557827343827438542403046123338001745321743171437069693918791208759185227591589781858405080712086507386078332086847018890442969238442678148094179416169257909208313980824789273480362619379315315796 0 0 1 0 0 0 0 0 0 0 0 0 0 0 0 0 0 0 0 0 0 0 0 0 0 0 0 0 0 0 0 0 0 0 0 0 0 0 0 0 0 0 0 0 0 0 0 0 0 0 0 0 0 0 0 0 0 0 0 0 0 0 0 0 0 0 0 0 0 0 0 0 0 0 0 0 0 0 0 0 0 0 0 0 0 0 0 0 0 0 0 0 0 0 0 0 0 0 0 0 0 0 0 0 0 0 0 0 0 0 0 0 0 0]
[5260147095780139030883030440395511716739274752358263137591337095885221222742686027926012789124559468287970842650576274860663432354536852629803712923940673238468459390893803965404714709022007885814441565461218700346243843879014541620677549823959991550510101562942010028853649964368498185831845164298542341848884092109700295655774410510003520004811 0 0 0 1 0 0 0 0 0 0 0 0 0 0 0 0 0 0 0 0 0 0 0 0 0 0 0 0 0 0 0 0 0 0 0 0 0 0 0 0 0 0 0 0 0 0 0 0 0 0 0 0 0 0 0 0 0 0 0 0 0 0 0 0 0 0 0 0 0 0 0 0 0 0 0 0 0 0 0 0 0 0 0 0 0 0 0 0 0 0 0 0 0 0 0 0 0 0 0 0 0 0 0 0 0 0 0 0 0 0 0 0 0 0]
[7989970341259486393411719323277270641529133725699909176456438704295260208461656171780186357869345059893257181058392619340534204186350667508500069882301663479862627943304533883049955545748325515996876949810161815403639783334396058858854540658480378366788776067712709442005625971019060383977765642900681193629879743723025435167801219921787142804932 0 0 0 0 1 0 0 0 0 0 0 0 0 0 0 0 0 0 0 0 0 0 0 0 0 0 0 0 0 0 0 0 0 0 0 0 0 0 0 0 0 0 0 0 0 0 0 0 0 0 0 0 0 0 0 0 0 0 0 0 0 0 0 0 0 0 0 0 0 0 0 0 0 0 0 0 0 0 0 0 0 0 0 0 0 0 0 0 0 0 0 0 0 0 0 0 0 0 0 0 0 0 0 0 0 0 0 0 0 0 0 0 0 0]
[3253115574264735284255982862435707713762426898024105054020137795948348094613172298932859643079032507999055162874121673048815221533547109587583356559631273372857915467959125836002808046102607187873255009463398128396716693785817797720444479152406418379853653151166264662632429543489752365971361964425579930308185658696576502277453656471947414950423 0 0 0 0 0 1 0 0 0 0 0 0 0 0 0 0 0 0 0 0 0 0 0 0 0 0 0 0 0 0 0 0 0 0 0 0 0 0 0 0 0 0 0 0 0 0 0 0 0 0 0 0 0 0 0 0 0 0 0 0 0 0 0 0 0 0 0 0 0 0 0 0 0 0 0 0 0 0 0 0 0 0 0 0 0 0 0 0 0 0 0 0 0 0 0 0 0 0 0 0 0 0 0 0 0 0 0 0 0 0 0 0 0 0]
[2734972846433274872755883066116770878849962353250345629412746196111743814256076588266396636209123972634908069294495751760703559474459460780149838376854434751178650565869342292228348902859787735881951253996833105858117966722864034422097851404318538641690359408932160841450880307207879451080433618558265552492907340358064303471219624406032156001947 0 0 0 0 0 0 1 0 0 0 0 0 0 0 0 0 0 0 0 0 0 0 0 0 0 0 0 0 0 0 0 0 0 0 0 0 0 0 0 0 0 0 0 0 0 0 0 0 0 0 0 0 0 0 0 0 0 0 0 0 0 0 0 0 0 0 0 0 0 0 0 0 0 0 0 0 0 0 0 0 0 0 0 0 0 0 0 0 0 0 0 0 0 0 0 0 0 0 0 0 0 0 0 0 0 0 0 0 0 0 0 0 0 0]
[4894288019626749434680965294513700808930934698932959905992943255593656359962265862722802743648987144677723324651640824079007712046486512251026782598811604880422708254017497330651245767506352207004263207578562287068355735860722166139190265775796210842005011712582019030914022878647506946432154478422684241878479528119395995484834409487293701603071 0 0 0 0 0 0 0 1 0 0 0 0 0 0 0 0 0 0 0 0 0 0 0 0 0 0 0 0 0 0 0 0 0 0 0 0 0 0 0 0 0 0 0 0 0 0 0 0 0 0 0 0 0 0 0 0 0 0 0 0 0 0 0 0 0 0 0 0 0 0 0 0 0 0 0 0 0 0 0 0 0 0 0 0 0 0 0 0 0 0 0 0 0 0 0 0 0 0 0 0 0 0 0 0 0 0 0 0 0 0 0 0 0 0]
[4223976938141022401641129700245288201750857516285728472041148585464128365470323406599519117519347207032546904985712879142869841007406379653419770752701807742396369082455940332730155422629795221100716902604885191425794202779454085411427427586701719816139906303056317048117345314596899052131229237762551075660813641214825573480419609114967955302380 0 0 0 0 0 0 0 0 1 0 0 0 0 0 0 0 0 0 0 0 0 0 0 0 0 0 0 0 0 0 0 0 0 0 0 0 0 0 0 0 0 0 0 0 0 0 0 0 0 0 0 0 0 0 0 0 0 0 0 0 0 0 0 0 0 0 0 0 0 0 0 0 0 0 0 0 0 0 0 0 0 0 0 0 0 0 0 0 0 0 0 0 0 0 0 0 0 0 0 0 0 0 0 0 0 0 0 0 0 0 0 0 0 0]
[4201596405344896759977303806728312635975089079708537756363529200940490415501168583079122682159999070756872691086450224171710100402029523856367530166188667335430229431859193113237233979423705671117033412152980250046441245475470660401800139483394014358623093033792334587060025526120035201915786949074669715965310359150127418487576225958338228474237 0 0 0 0 0 0 0 0 0 1 0 0 0 0 0 0 0 0 0 0 0 0 0 0 0 0 0 0 0 0 0 0 0 0 0 0 0 0 0 0 0 0 0 0 0 0 0 0 0 0 0 0 0 0 0 0 0 0 0 0 0 0 0 0 0 0 0 0 0 0 0 0 0 0 0 0 0 0 0 0 0 0 0 0 0 0 0 0 0 0 0 0 0 0 0 0 0 0 0 0 0 0 0 0 0 0 0 0 0 0 0 0 0 0]
[4403009802294986582557103286338904194104175591563405962728827098441909239809311781531453173461121622132242927026022833664430939133931786369774106868565953716999277186639610434516384724442960715436793907751404183572497119094387116080022897086962697514459127209149892761133250083042797212630576844690236219063409832820256915828215652466903401411123 0 0 0 0 0 0 0 0 0 0 1 0 0 0 0 0 0 0 0 0 0 0 0 0 0 0 0 0 0 0 0 0 0 0 0 0 0 0 0 0 0 0 0 0 0 0 0 0 0 0 0 0 0 0 0 0 0 0 0 0 0 0 0 0 0 0 0 0 0 0 0 0 0 0 0 0 0 0 0 0 0 0 0 0 0 0 0 0 0 0 0 0 0 0 0 0 0 0 0 0 0 0 0 0 0 0 0 0 0 0 0 0 0 0]
[7821408868106252606991519647705571595195697363070571339064027180778369846966974051082004634149719810313793489283697370439383804801324907326058554338272316286530372653518459980131647308022129192590381508458722424645689420320323123646920808607892861698782439244349257085226987768751032499821399109661901798897567281477956859022946463946972370976144 0 0 0 0 0 0 0 0 0 0 0 1 0 0 0 0 0 0 0 0 0 0 0 0 0 0 0 0 0 0 0 0 0 0 0 0 0 0 0 0 0 0 0 0 0 0 0 0 0 0 0 0 0 0 0 0 0 0 0 0 0 0 0 0 0 0 0 0 0 0 0 0 0 0 0 0 0 0 0 0 0 0 0 0 0 0 0 0 0 0 0 0 0 0 0 0 0 0 0 0 0 0 0 0 0 0 0 0 0 0 0 0 0 0]
[4303704471596016853695250763699351699626336350166819682322608534644706464810721691660892229563911908380929141498840011664548226320770511812347657502889101100380283227603530048422050365461227755859765454811909371262904617427489805382439997673051077255580076774062926435553898764683220421618766593291837412851361459024701774390921302624687143948287 0 0 0 0 0 0 0 0 0 0 0 0 1 0 0 0 0 0 0 0 0 0 0 0 0 0 0 0 0 0 0 0 0 0 0 0 0 0 0 0 0 0 0 0 0 0 0 0 0 0 0 0 0 0 0 0 0 0 0 0 0 0 0 0 0 0 0 0 0 0 0 0 0 0 0 0 0 0 0 0 0 0 0 0 0 0 0 0 0 0 0 0 0 0 0 0 0 0 0 0 0 0 0 0 0 0 0 0 0 0 0 0 0 0]
[4990151487989195280250621876857406765597805279734352061389641868718082723119056977280458169834777449060419369506046100436636936064322752240334903338935867752270061322703577871505672704094789551286037245559265277371088723588527444191997687190366453240635241113947273991238422224830741414930774765161371754935870505467419813634612219160955243238106 0 0 0 0 0 0 0 0 0 0 0 0 0 1 0 0 0 0 0 0 0 0 0 0 0 0 0 0 0 0 0 0 0 0 0 0 0 0 0 0 0 0 0 0 0 0 0 0 0 0 0 0 0 0 0 0 0 0 0 0 0 0 0 0 0 0 0 0 0 0 0 0 0 0 0 0 0 0 0 0 0 0 0 0 0 0 0 0 0 0 0 0 0 0 0 0 0 0 0 0 0 0 0 0 0 0 0 0 0 0 0 0 0 0]
[8385068228952097411748649363642274196208073187391410492848613695296630579946397495322634256216690674653455290728133954108525059871017586556631581621347563433749248695615492511032291914896834351989563281007992728135563142610311884866925988503211539902291590716998983636075142901074309929548152028545934581378980841751087096495792192663412560908859 0 0 0 0 0 0 0 0 0 0 0 0 0 0 1 0 0 0 0 0 0 0 0 0 0 0 0 0 0 0 0 0 0 0 0 0 0 0 0 0 0 0 0 0 0 0 0 0 0 0 0 0 0 0 0 0 0 0 0 0 0 0 0 0 0 0 0 0 0 0 0 0 0 0 0 0 0 0 0 0 0 0 0 0 0 0 0 0 0 0 0 0 0 0 0 0 0 0 0 0 0 0 0 0 0 0 0 0 0 0 0 0 0 0]
[6150273848734479716146396492640253409377563723293869585962327028059791005956076778081345592751258915846396563743009447353507046327824282288675369390221483879762945310603795608097887684983532262338993666292522213729909668839049917521509340138238431007167888361846311637062136925830883627144129458135114824497763915100541927976003395708218555060787 0 0 0 0 0 0 0 0 0 0 0 0 0 0 0 1 0 0 0 0 0 0 0 0 0 0 0 0 0 0 0 0 0 0 0 0 0 0 0 0 0 0 0 0 0 0 0 0 0 0 0 0 0 0 0 0 0 0 0 0 0 0 0 0 0 0 0 0 0 0 0 0 0 0 0 0 0 0 0 0 0 0 0 0 0 0 0 0 0 0 0 0 0 0 0 0 0 0 0 0 0 0 0 0 0 0 0 0 0 0 0 0 0 0]
[8368887658305722450925766206552249969614870172850002880386857256239522709532598494704201206086827725194697739341214436962551082695635474455831081053298148583201977643395797738224021398421642118839777070507560945850707695813387877195199763910543515832286757586696226676659265640682316297489406782590641196181293434276128090409103992130058460201184 0 0 0 0 0 0 0 0 0 0 0 0 0 0 0 0 1 0 0 0 0 0 0 0 0 0 0 0 0 0 0 0 0 0 0 0 0 0 0 0 0 0 0 0 0 0 0 0 0 0 0 0 0 0 0 0 0 0 0 0 0 0 0 0 0 0 0 0 0 0 0 0 0 0 0 0 0 0 0 0 0 0 0 0 0 0 0 0 0 0 0 0 0 0 0 0 0 0 0 0 0 0 0 0 0 0 0 0 0 0 0 0 0 0]
[4809848740388918688156312017360209253628892558669913042757608570160438431312612792760993241424121091993432460373842101097282791428046584042529799712719545153909912799044818177210849346223690454364181453498685312913521456900764281986646491116334884555405676446983174678170489389930564601788653985997815923183663931986570819326430726945720831838350 0 0 0 0 0 0 0 0 0 0 0 0 0 0 0 0 0 1 0 0 0 0 0 0 0 0 0 0 0 0 0 0 0 0 0 0 0 0 0 0 0 0 0 0 0 0 0 0 0 0 0 0 0 0 0 0 0 0 0 0 0 0 0 0 0 0 0 0 0 0 0 0 0 0 0 0 0 0 0 0 0 0 0 0 0 0 0 0 0 0 0 0 0 0 0 0 0 0 0 0 0 0 0 0 0 0 0 0 0 0 0 0 0 0]
[7608277604664179720677132646175027534533313257122499853352828028442832007829060675501558969362984297303937196002563573053825953392950085615973141750664741821828800773176951423292623883305427538744699957602452149937425412413569188146955770576968763204080876000688232390778761744305400864472297318494649304773666854530660878854552331396032832135153 0 0 0 0 0 0 0 0 0 0 0 0 0 0 0 0 0 0 1 0 0 0 0 0 0 0 0 0 0 0 0 0 0 0 0 0 0 0 0 0 0 0 0 0 0 0 0 0 0 0 0 0 0 0 0 0 0 0 0 0 0 0 0 0 0 0 0 0 0 0 0 0 0 0 0 0 0 0 0 0 0 0 0 0 0 0 0 0 0 0 0 0 0 0 0 0 0 0 0 0 0 0 0 0 0 0 0 0 0 0 0 0 0 0]
[1182800756826589510598729558906267671146940723578421010684588728492978845399384991254903507953021662895222028790763809898167588591030824489932208548788073496130397576541642909610308213229255877961670605264683617479932303168058260388561733599999813171988344716369853667993877500053251572124795619360566639392508580382097857685914844145974403385998 0 0 0 0 0 0 0 0 0 0 0 0 0 0 0 0 0 0 0 1 0 0 0 0 0 0 0 0 0 0 0 0 0 0 0 0 0 0 0 0 0 0 0 0 0 0 0 0 0 0 0 0 0 0 0 0 0 0 0 0 0 0 0 0 0 0 0 0 0 0 0 0 0 0 0 0 0 0 0 0 0 0 0 0 0 0 0 0 0 0 0 0 0 0 0 0 0 0 0 0 0 0 0 0 0 0 0 0 0 0 0 0 0 0]
[2211890633164778208856024334257853761775822937742886059322587349478356866996936275682110488394514956559932283453841123924259293824150664039962857297678024030437191638842520654412037944356631728231710321052031486418944606557052759743057102376739776843851096895923854648129546007060607294216209705213176522179523672197480423866384169404230446842481 0 0 0 0 0 0 0 0 0 0 0 0 0 0 0 0 0 0 0 0 1 0 0 0 0 0 0 0 0 0 0 0 0 0 0 0 0 0 0 0 0 0 0 0 0 0 0 0 0 0 0 0 0 0 0 0 0 0 0 0 0 0 0 0 0 0 0 0 0 0 0 0 0 0 0 0 0 0 0 0 0 0 0 0 0 0 0 0 0 0 0 0 0 0 0 0 0 0 0 0 0 0 0 0 0 0 0 0 0 0 0 0 0 0]
[2227668289106344292204956039599266424127744898396942657733429533638887100510852410808942180348702831158835442691640840971380690170034647632714060293705371748631939605896369847725875607574697373359683078906676079807444051617055502583987129902032979166125612289720007874552272375961438570410661413898101184481594031854445198243778745811772610317367 0 0 0 0 0 0 0 0 0 0 0 0 0 0 0 0 0 0 0 0 0 1 0 0 0 0 0 0 0 0 0 0 0 0 0 0 0 0 0 0 0 0 0 0 0 0 0 0 0 0 0 0 0 0 0 0 0 0 0 0 0 0 0 0 0 0 0 0 0 0 0 0 0 0 0 0 0 0 0 0 0 0 0 0 0 0 0 0 0 0 0 0 0 0 0 0 0 0 0 0 0 0 0 0 0 0 0 0 0 0 0 0 0 0]
[5300936114063070731140602650282516498515206581326053971734359980593962373955228634454823338561336570235140800194914072444548494319153059388390388334108526534409593796611040586912022467845432520371762696641585252952220175220425144635781587429069788923118959259840512140655857276388841888249711559785805652659718290424559849384543089987557485790529 0 0 0 0 0 0 0 0 0 0 0 0 0 0 0 0 0 0 0 0 0 0 1 0 0 0 0 0 0 0 0 0 0 0 0 0 0 0 0 0 0 0 0 0 0 0 0 0 0 0 0 0 0 0 0 0 0 0 0 0 0 0 0 0 0 0 0 0 0 0 0 0 0 0 0 0 0 0 0 0 0 0 0 0 0 0 0 0 0 0 0 0 0 0 0 0 0 0 0 0 0 0 0 0 0 0 0 0 0 0 0 0 0 0]
[4207183932524598041611962562138250911401567831569722661202889400944258113398535851374097982484566869686654766792429559709978334618496153250730655337873994709708610888839990302415833212870070820435311479592294876777634651608777290340844214684410490883717447173733909249308488141336340605926705007979561078616174443966898418005541512970383048718516 0 0 0 0 0 0 0 0 0 0 0 0 0 0 0 0 0 0 0 0 0 0 0 1 0 0 0 0 0 0 0 0 0 0 0 0 0 0 0 0 0 0 0 0 0 0 0 0 0 0 0 0 0 0 0 0 0 0 0 0 0 0 0 0 0 0 0 0 0 0 0 0 0 0 0 0 0 0 0 0 0 0 0 0 0 0 0 0 0 0 0 0 0 0 0 0 0 0 0 0 0 0 0 0 0 0 0 0 0 0 0 0 0 0]
[6362710319141661662627805914195152066225058147585004473241369964668205274310000332691632637560494956539604105925608952288219637342831753315460231354717759966732095666602242494619979106223908622833930073951729259010539513501246637930463835477505987666067379895714191476120340163221805931390518885581358455560219744017529918046679746254341015418852 0 0 0 0 0 0 0 0 0 0 0 0 0 0 0 0 0 0 0 0 0 0 0 0 1 0 0 0 0 0 0 0 0 0 0 0 0 0 0 0 0 0 0 0 0 0 0 0 0 0 0 0 0 0 0 0 0 0 0 0 0 0 0 0 0 0 0 0 0 0 0 0 0 0 0 0 0 0 0 0 0 0 0 0 0 0 0 0 0 0 0 0 0 0 0 0 0 0 0 0 0 0 0 0 0 0 0 0 0 0 0 0 0 0]
[105251107136564200391271121216988580894199137931201487357928465547381781379088364558079932618857858861633977345313520215159781921243958354652879418178646287702177203659565572735634709780386450187201587804070404836527251160860731323522096260758710720668670566948726680183938168152449589953159470552207793056937553433853562299095985507007167136227 0 0 0 0 0 0 0 0 0 0 0 0 0 0 0 0 0 0 0 0 0 0 0 0 0 1 0 0 0 0 0 0 0 0 0 0 0 0 0 0 0 0 0 0 0 0 0 0 0 0 0 0 0 0 0 0 0 0 0 0 0 0 0 0 0 0 0 0 0 0 0 0 0 0 0 0 0 0 0 0 0 0 0 0 0 0 0 0 0 0 0 0 0 0 0 0 0 0 0 0 0 0 0 0 0 0 0 0 0 0 0 0 0 0]
[5747847175244936151873665782349936163545116182023632281838569810553849429336208218969453347485428178076680162789823829752347086984721359731624334624795277249963364104245344523676927421909945735798833643990963882321820520008485616249182219209530410739068845022467526240743298504758860294893921407061185494178543388480077509629299246997167127700794 0 0 0 0 0 0 0 0 0 0 0 0 0 0 0 0 0 0 0 0 0 0 0 0 0 0 1 0 0 0 0 0 0 0 0 0 0 0 0 0 0 0 0 0 0 0 0 0 0 0 0 0 0 0 0 0 0 0 0 0 0 0 0 0 0 0 0 0 0 0 0 0 0 0 0 0 0 0 0 0 0 0 0 0 0 0 0 0 0 0 0 0 0 0 0 0 0 0 0 0 0 0 0 0 0 0 0 0 0 0 0 0 0 0]
[2547194639075558270172469658319743896176258283946983379618011521650955182943717811560377660416106454812628888736599524445656511532140426727179800080709800421410324180814558568627976613033237639359161084729930671907242975738174525078336278319435864562379686865749310710152840252700961027536381033181953844762474139807117646548339648432620369465785 0 0 0 0 0 0 0 0 0 0 0 0 0 0 0 0 0 0 0 0 0 0 0 0 0 0 0 1 0 0 0 0 0 0 0 0 0 0 0 0 0 0 0 0 0 0 0 0 0 0 0 0 0 0 0 0 0 0 0 0 0 0 0 0 0 0 0 0 0 0 0 0 0 0 0 0 0 0 0 0 0 0 0 0 0 0 0 0 0 0 0 0 0 0 0 0 0 0 0 0 0 0 0 0 0 0 0 0 0 0 0 0 0 0]
[4887602942421169764095009081691512745331231298430168091212977240443491050857296097137468503171284552963212820358126891580770734044376712747129601962544316129099924122371480559656251152418620301291252100614169140026726055004552080084634625079196943837500741306466502011326104006334374795131553739704994532545746147437330340984156482098159392170608 0 0 0 0 0 0 0 0 0 0 0 0 0 0 0 0 0 0 0 0 0 0 0 0 0 0 0 0 1 0 0 0 0 0 0 0 0 0 0 0 0 0 0 0 0 0 0 0 0 0 0 0 0 0 0 0 0 0 0 0 0 0 0 0 0 0 0 0 0 0 0 0 0 0 0 0 0 0 0 0 0 0 0 0 0 0 0 0 0 0 0 0 0 0 0 0 0 0 0 0 0 0 0 0 0 0 0 0 0 0 0 0 0 0]
[1634628392904845581309803527499920096686600391661028183977305646382976230417014398964425172826139829294543999652488806480937976241561690982707826962434405052230911833491990900311738268502153599639365296811196459288587972387947453351648541335113013094013472789420280946339288270408717152168752172203276940824342520515342555058090795701462521468619 0 0 0 0 0 0 0 0 0 0 0 0 0 0 0 0 0 0 0 0 0 0 0 0 0 0 0 0 0 1 0 0 0 0 0 0 0 0 0 0 0 0 0 0 0 0 0 0 0 0 0 0 0 0 0 0 0 0 0 0 0 0 0 0 0 0 0 0 0 0 0 0 0 0 0 0 0 0 0 0 0 0 0 0 0 0 0 0 0 0 0 0 0 0 0 0 0 0 0 0 0 0 0 0 0 0 0 0 0 0 0 0 0 0]
[4034808116752948870575174390119677498945990812916603058692911288425658761768262260592669108431062208130166700687907088258315152235298296251568085110798731997728463083139918734233949659267868171923273982227504123008002511305507843444853012460079944439424725204098030519468247560451742861107290534131216681091066308868556335796255667846582062395775 0 0 0 0 0 0 0 0 0 0 0 0 0 0 0 0 0 0 0 0 0 0 0 0 0 0 0 0 0 0 1 0 0 0 0 0 0 0 0 0 0 0 0 0 0 0 0 0 0 0 0 0 0 0 0 0 0 0 0 0 0 0 0 0 0 0 0 0 0 0 0 0 0 0 0 0 0 0 0 0 0 0 0 0 0 0 0 0 0 0 0 0 0 0 0 0 0 0 0 0 0 0 0 0 0 0 0 0 0 0 0 0 0 0]
[875643592267404111008566655141575855954873656469836286695591144045317087328391232480627207994342176764503918574962096542696452003533791422410765327310067458547686266090951040341610506702186245700139224506576242521657497500429732412901294381228273175437196445192283016648207124314592150400714105856617441546249364300585406317682506747932504060836 0 0 0 0 0 0 0 0 0 0 0 0 0 0 0 0 0 0 0 0 0 0 0 0 0 0 0 0 0 0 0 1 0 0 0 0 0 0 0 0 0 0 0 0 0 0 0 0 0 0 0 0 0 0 0 0 0 0 0 0 0 0 0 0 0 0 0 0 0 0 0 0 0 0 0 0 0 0 0 0 0 0 0 0 0 0 0 0 0 0 0 0 0 0 0 0 0 0 0 0 0 0 0 0 0 0 0 0 0 0 0 0 0 0]
[7761578540666492073590411692658964904768015651904360683714288711218720918589086820151449940936432156513070784118671004210320481635015922795972465658202672110141547271664711345270006315159045360889299025711153576969113665523400575161257400958951705467955133048484026141506560611519719283660835288689074768950086868600590267780469560088329669179970 0 0 0 0 0 0 0 0 0 0 0 0 0 0 0 0 0 0 0 0 0 0 0 0 0 0 0 0 0 0 0 0 1 0 0 0 0 0 0 0 0 0 0 0 0 0 0 0 0 0 0 0 0 0 0 0 0 0 0 0 0 0 0 0 0 0 0 0 0 0 0 0 0 0 0 0 0 0 0 0 0 0 0 0 0 0 0 0 0 0 0 0 0 0 0 0 0 0 0 0 0 0 0 0 0 0 0 0 0 0 0 0 0 0]
[2504513754255997740596486800210346276864034880465841836007152090347223972967384118671858784409768950495744479054877497136834992622467765543599350524808412586479188069508765694542597423152081566858680612435426151184388887686680911237624124793895968898627129039414147786129185251667803932495060448291884315020841500829243654859460480918798257073011 0 0 0 0 0 0 0 0 0 0 0 0 0 0 0 0 0 0 0 0 0 0 0 0 0 0 0 0 0 0 0 0 0 1 0 0 0 0 0 0 0 0 0 0 0 0 0 0 0 0 0 0 0 0 0 0 0 0 0 0 0 0 0 0 0 0 0 0 0 0 0 0 0 0 0 0 0 0 0 0 0 0 0 0 0 0 0 0 0 0 0 0 0 0 0 0 0 0 0 0 0 0 0 0 0 0 0 0 0 0 0 0 0 0]
[2281149329222019389902893428023398824975902398426665078835911093487258081002943113902881230277173865446099380411432251757041329135745316789042158076771240187552280627604928112149700894973623836950496644601365910250741969236096335927772523944500395282198555482061353799030812563785101050494203329083090295908398982157539324923774689801281748995955 0 0 0 0 0 0 0 0 0 0 0 0 0 0 0 0 0 0 0 0 0 0 0 0 0 0 0 0 0 0 0 0 0 0 1 0 0 0 0 0 0 0 0 0 0 0 0 0 0 0 0 0 0 0 0 0 0 0 0 0 0 0 0 0 0 0 0 0 0 0 0 0 0 0 0 0 0 0 0 0 0 0 0 0 0 0 0 0 0 0 0 0 0 0 0 0 0 0 0 0 0 0 0 0 0 0 0 0 0 0 0 0 0 0]
[5094102898515887490047865348784255816767211982699105383265828066265742863993784211419074011808307885864429715435183367676383113740842348446933063627259645997330445772726711134281065605769826108019872260787941620134566193595031759039982403828194603805810596631201238067562676369379986590515856526215510789597393584037657690462362666316790326704110 0 0 0 0 0 0 0 0 0 0 0 0 0 0 0 0 0 0 0 0 0 0 0 0 0 0 0 0 0 0 0 0 0 0 0 1 0 0 0 0 0 0 0 0 0 0 0 0 0 0 0 0 0 0 0 0 0 0 0 0 0 0 0 0 0 0 0 0 0 0 0 0 0 0 0 0 0 0 0 0 0 0 0 0 0 0 0 0 0 0 0 0 0 0 0 0 0 0 0 0 0 0 0 0 0 0 0 0 0 0 0 0 0 0]
[5240273850293535042991637318138286226388939670589159162762509380982414491124799038724178134508541225253141030563534265599784667501697538610573703132958314767715273207732597226368143573515978237626891352114372597711607583271678334958412057135431475952536748345263489635439762958917124559201702145388825987570418865502169448139033922291528559164614 0 0 0 0 0 0 0 0 0 0 0 0 0 0 0 0 0 0 0 0 0 0 0 0 0 0 0 0 0 0 0 0 0 0 0 0 1 0 0 0 0 0 0 0 0 0 0 0 0 0 0 0 0 0 0 0 0 0 0 0 0 0 0 0 0 0 0 0 0 0 0 0 0 0 0 0 0 0 0 0 0 0 0 0 0 0 0 0 0 0 0 0 0 0 0 0 0 0 0 0 0 0 0 0 0 0 0 0 0 0 0 0 0 0]
[4043405262589662907686015086440100890548140006516094047638648236843872789581044416836477133951131747036947577403398935649239413460970333681768910590039041945023163176672354291225531970427755974857395788533076693852616799095599478410129362787812539255015201527015981974123879445858276975856797120511912651412746959620908018465708984068209309201716 0 0 0 0 0 0 0 0 0 0 0 0 0 0 0 0 0 0 0 0 0 0 0 0 0 0 0 0 0 0 0 0 0 0 0 0 0 1 0 0 0 0 0 0 0 0 0 0 0 0 0 0 0 0 0 0 0 0 0 0 0 0 0 0 0 0 0 0 0 0 0 0 0 0 0 0 0 0 0 0 0 0 0 0 0 0 0 0 0 0 0 0 0 0 0 0 0 0 0 0 0 0 0 0 0 0 0 0 0 0 0 0 0 0]
[79869444964324597106635201515622938436231012446462973471093039206666966470168979750040168766189011124253380295299585599734981105349054668275662712551066364362790397888750775331134583959124141419072633062752240007679230883569587290731508970691698175689477190897020505525457592450605775024061695254958611616575465106962054167324461639060514119272 0 0 0 0 0 0 0 0 0 0 0 0 0 0 0 0 0 0 0 0 0 0 0 0 0 0 0 0 0 0 0 0 0 0 0 0 0 0 1 0 0 0 0 0 0 0 0 0 0 0 0 0 0 0 0 0 0 0 0 0 0 0 0 0 0 0 0 0 0 0 0 0 0 0 0 0 0 0 0 0 0 0 0 0 0 0 0 0 0 0 0 0 0 0 0 0 0 0 0 0 0 0 0 0 0 0 0 0 0 0 0 0 0 0]
[7163246139143317380386885970948257730159071531591377072521529499479330087287634648968081704719894376912804583164840811494625180291782438703220739133932756157719188775830716661309398997514370785371550770084903797028625771680233497928013483904168236227250986286207245402314895159855823179773096651192431895887020629650742120287181655366998050963426 0 0 0 0 0 0 0 0 0 0 0 0 0 0 0 0 0 0 0 0 0 0 0 0 0 0 0 0 0 0 0 0 0 0 0 0 0 0 0 1 0 0 0 0 0 0 0 0 0 0 0 0 0 0 0 0 0 0 0 0 0 0 0 0 0 0 0 0 0 0 0 0 0 0 0 0 0 0 0 0 0 0 0 0 0 0 0 0 0 0 0 0 0 0 0 0 0 0 0 0 0 0 0 0 0 0 0 0 0 0 0 0 0 0]
[1101553551916500165122282652747783572453784043236962654950292826031608553505505879596319360917945206823080056453119581236712351808831140894076377307355153681975716571017066059685280990879008672562287300225413795328417408673117706095966949322613732917931625751378566821960233250908990007940605006879444361380551096387978675074810940345032616150024 0 0 0 0 0 0 0 0 0 0 0 0 0 0 0 0 0 0 0 0 0 0 0 0 0 0 0 0 0 0 0 0 0 0 0 0 0 0 0 0 1 0 0 0 0 0 0 0 0 0 0 0 0 0 0 0 0 0 0 0 0 0 0 0 0 0 0 0 0 0 0 0 0 0 0 0 0 0 0 0 0 0 0 0 0 0 0 0 0 0 0 0 0 0 0 0 0 0 0 0 0 0 0 0 0 0 0 0 0 0 0 0 0 0]
[1992978981887458637687252482010672249255405192165447473204427541916282785596062708516128486949158067941331845989271182077413215073063609722009185247766962052492542205029661676700659241150757965640686709889438603790238115846853235707144438271935903805290685847224627425839233273822079112589168093558999290505268421756700760163951433612951938560390 0 0 0 0 0 0 0 0 0 0 0 0 0 0 0 0 0 0 0 0 0 0 0 0 0 0 0 0 0 0 0 0 0 0 0 0 0 0 0 0 0 1 0 0 0 0 0 0 0 0 0 0 0 0 0 0 0 0 0 0 0 0 0 0 0 0 0 0 0 0 0 0 0 0 0 0 0 0 0 0 0 0 0 0 0 0 0 0 0 0 0 0 0 0 0 0 0 0 0 0 0 0 0 0 0 0 0 0 0 0 0 0 0 0]
[8260918414048453998883204884938571043001033868442948431255605424456229089665247965351397181841535619388991377875662782220740854180757200152688417098389625731198529389868139581577639208666617719829252607804827083055298721786281454450895393760164912212289611973176048163713747162990852725787498916559967766831517649251423161602224909878969396566694 0 0 0 0 0 0 0 0 0 0 0 0 0 0 0 0 0 0 0 0 0 0 0 0 0 0 0 0 0 0 0 0 0 0 0 0 0 0 0 0 0 0 1 0 0 0 0 0 0 0 0 0 0 0 0 0 0 0 0 0 0 0 0 0 0 0 0 0 0 0 0 0 0 0 0 0 0 0 0 0 0 0 0 0 0 0 0 0 0 0 0 0 0 0 0 0 0 0 0 0 0 0 0 0 0 0 0 0 0 0 0 0 0 0]
[7720613851370688677168080020572318820170225110536521774849890169123258603397258255073755829691116009519913687693111158227573850890482615836637372067862168972254535560795812390739919993871618715518057680828996256741059690277445906623913061360571474339606723378581190292221894017064614001565164657998416775385128395172631336911344129111016274068325 0 0 0 0 0 0 0 0 0 0 0 0 0 0 0 0 0 0 0 0 0 0 0 0 0 0 0 0 0 0 0 0 0 0 0 0 0 0 0 0 0 0 0 1 0 0 0 0 0 0 0 0 0 0 0 0 0 0 0 0 0 0 0 0 0 0 0 0 0 0 0 0 0 0 0 0 0 0 0 0 0 0 0 0 0 0 0 0 0 0 0 0 0 0 0 0 0 0 0 0 0 0 0 0 0 0 0 0 0 0 0 0 0 0]
[2042517630382277315933214543100887464323846288071109465767466989059815279764550777049589643134224886086896824363197186531983421042975283536395448236765226349327891842827600160995492276285594239677202284873042850157366546602431101969752695873066888856182840317269146913952532998907061318064747432916343344423335574189971313526249273115248701411290 0 0 0 0 0 0 0 0 0 0 0 0 0 0 0 0 0 0 0 0 0 0 0 0 0 0 0 0 0 0 0 0 0 0 0 0 0 0 0 0 0 0 0 0 1 0 0 0 0 0 0 0 0 0 0 0 0 0 0 0 0 0 0 0 0 0 0 0 0 0 0 0 0 0 0 0 0 0 0 0 0 0 0 0 0 0 0 0 0 0 0 0 0 0 0 0 0 0 0 0 0 0 0 0 0 0 0 0 0 0 0 0 0 0]
[1217303678613012975355346752640645745005941967025703283521408483576763713215661791777960633538565426091372375739672384186847150163193766886321768607926822470278896202063734794039339162289929171423329900598028660888018301970423953519283957903133830000015084970651346516443651599121603440691383472999813527543183692207266064508974936046282228743667 0 0 0 0 0 0 0 0 0 0 0 0 0 0 0 0 0 0 0 0 0 0 0 0 0 0 0 0 0 0 0 0 0 0 0 0 0 0 0 0 0 0 0 0 0 1 0 0 0 0 0 0 0 0 0 0 0 0 0 0 0 0 0 0 0 0 0 0 0 0 0 0 0 0 0 0 0 0 0 0 0 0 0 0 0 0 0 0 0 0 0 0 0 0 0 0 0 0 0 0 0 0 0 0 0 0 0 0 0 0 0 0 0 0]
[7384824425248482886068969986912732884179166933717825936330438523461342820083792644295298225782718277928963264733128912114598532035254040171581472947030699412295524935988557023952715420189299399377524170899629070695739100021736293097075167914552158391404961549051419468328498231974242215803489201318031480774746257036017487176721218190614385489400 0 0 0 0 0 0 0 0 0 0 0 0 0 0 0 0 0 0 0 0 0 0 0 0 0 0 0 0 0 0 0 0 0 0 0 0 0 0 0 0 0 0 0 0 0 0 1 0 0 0 0 0 0 0 0 0 0 0 0 0 0 0 0 0 0 0 0 0 0 0 0 0 0 0 0 0 0 0 0 0 0 0 0 0 0 0 0 0 0 0 0 0 0 0 0 0 0 0 0 0 0 0 0 0 0 0 0 0 0 0 0 0 0 0]
[809692076584278889081502451721554719622477300282396996913061234172226842162334670797410657591888603677559517634207899324949493385814272481076474175795469411938059443016820449562645763289422261393422113909180329614150598221436714118884814445179831831326451321200021482864851333273198006800166318353668389585107690590774427544387125506287572657913 0 0 0 0 0 0 0 0 0 0 0 0 0 0 0 0 0 0 0 0 0 0 0 0 0 0 0 0 0 0 0 0 0 0 0 0 0 0 0 0 0 0 0 0 0 0 0 1 0 0 0 0 0 0 0 0 0 0 0 0 0 0 0 0 0 0 0 0 0 0 0 0 0 0 0 0 0 0 0 0 0 0 0 0 0 0 0 0 0 0 0 0 0 0 0 0 0 0 0 0 0 0 0 0 0 0 0 0 0 0 0 0 0 0]
[5776632408163968847603344788851259071035474323495373078506797288175360789509237875755662083504405708514844329338250186429639584186924717970534132191657502228214066475420664921572583279095810509455608504526069307942424341481542768218614445766272776540441915260133974593108650305533022676860227021789857619361317123873779828091380098664416724015459 0 0 0 0 0 0 0 0 0 0 0 0 0 0 0 0 0 0 0 0 0 0 0 0 0 0 0 0 0 0 0 0 0 0 0 0 0 0 0 0 0 0 0 0 0 0 0 0 1 0 0 0 0 0 0 0 0 0 0 0 0 0 0 0 0 0 0 0 0 0 0 0 0 0 0 0 0 0 0 0 0 0 0 0 0 0 0 0 0 0 0 0 0 0 0 0 0 0 0 0 0 0 0 0 0 0 0 0 0 0 0 0 0 0]
[3617413138113128349403818603804710059626969610150606507962394073881480201542820860673122947208505808042726402343656263109229465390559737737535343615877405100489130188715496399569171658045638903695791909294609226453931299114607812642933892065914772343255506988035653690220954607743533338671398248909135132469918570414493552624852315302436130538865 0 0 0 0 0 0 0 0 0 0 0 0 0 0 0 0 0 0 0 0 0 0 0 0 0 0 0 0 0 0 0 0 0 0 0 0 0 0 0 0 0 0 0 0 0 0 0 0 0 1 0 0 0 0 0 0 0 0 0 0 0 0 0 0 0 0 0 0 0 0 0 0 0 0 0 0 0 0 0 0 0 0 0 0 0 0 0 0 0 0 0 0 0 0 0 0 0 0 0 0 0 0 0 0 0 0 0 0 0 0 0 0 0 0]
[7959213408966720349244334210159091389451183543079938666326850876622473186124646001570743154057581194680396830598551311359445729693630814760593136292555517940959346382315662483043255804156227159488482908932251587173776884420331028352022801952633569670577237056166288785058586046374573285980221552831079266974238112073253298379510837998435804959685 0 0 0 0 0 0 0 0 0 0 0 0 0 0 0 0 0 0 0 0 0 0 0 0 0 0 0 0 0 0 0 0 0 0 0 0 0 0 0 0 0 0 0 0 0 0 0 0 0 0 1 0 0 0 0 0 0 0 0 0 0 0 0 0 0 0 0 0 0 0 0 0 0 0 0 0 0 0 0 0 0 0 0 0 0 0 0 0 0 0 0 0 0 0 0 0 0 0 0 0 0 0 0 0 0 0 0 0 0 0 0 0 0 0]
[4654792615141658918549176757307891376905710287022147633579087143894377126222445169640028330431010292483021431747231098773197499668014045911934628050372159047706945581540690301914196584492161951915825218479668424103065739618113845496820823302693447510946850873897627194716304230261138842150614969974622651369725199891496413318393786142562512328932 0 0 0 0 0 0 0 0 0 0 0 0 0 0 0 0 0 0 0 0 0 0 0 0 0 0 0 0 0 0 0 0 0 0 0 0 0 0 0 0 0 0 0 0 0 0 0 0 0 0 0 1 0 0 0 0 0 0 0 0 0 0 0 0 0 0 0 0 0 0 0 0 0 0 0 0 0 0 0 0 0 0 0 0 0 0 0 0 0 0 0 0 0 0 0 0 0 0 0 0 0 0 0 0 0 0 0 0 0 0 0 0 0 0]
[7858195775389274199142703595095045329038468227246494167719911298672350294976599122551873138149565961759195830807070452840075548466080222943991986973997734094046233090738546946585471779572425559456424959449557097163907645809667618307898822098529668495776623038239436400740464407981344353141753648937540546273217973400703143152583612304453250267616 0 0 0 0 0 0 0 0 0 0 0 0 0 0 0 0 0 0 0 0 0 0 0 0 0 0 0 0 0 0 0 0 0 0 0 0 0 0 0 0 0 0 0 0 0 0 0 0 0 0 0 0 1 0 0 0 0 0 0 0 0 0 0 0 0 0 0 0 0 0 0 0 0 0 0 0 0 0 0 0 0 0 0 0 0 0 0 0 0 0 0 0 0 0 0 0 0 0 0 0 0 0 0 0 0 0 0 0 0 0 0 0 0 0]
[641351258288612859565168612600668240291251966305466165131593118241380581003341393246743804412886628961538590813107191804699087299072997600322463338459302147660003515383850543393823824921834935640092467564682253050645189495241173271139730629235440402268392120494898837990886965668406698278099710732737128077259717425756001090184408785038135327508 0 0 0 0 0 0 0 0 0 0 0 0 0 0 0 0 0 0 0 0 0 0 0 0 0 0 0 0 0 0 0 0 0 0 0 0 0 0 0 0 0 0 0 0 0 0 0 0 0 0 0 0 0 1 0 0 0 0 0 0 0 0 0 0 0 0 0 0 0 0 0 0 0 0 0 0 0 0 0 0 0 0 0 0 0 0 0 0 0 0 0 0 0 0 0 0 0 0 0 0 0 0 0 0 0 0 0 0 0 0 0 0 0 0]
[3659334535608042760461220865827281721947580686478017319652498410444039680221511529777341633603215963900951393717416240469247258451879359413578745652451375328404968119161022693115564671772826125741189449603291096381748866776732560117176829219544726131452434391168706716916539630799552385125424307514984863297078665080265949559187270613838027885130 0 0 0 0 0 0 0 0 0 0 0 0 0 0 0 0 0 0 0 0 0 0 0 0 0 0 0 0 0 0 0 0 0 0 0 0 0 0 0 0 0 0 0 0 0 0 0 0 0 0 0 0 0 0 1 0 0 0 0 0 0 0 0 0 0 0 0 0 0 0 0 0 0 0 0 0 0 0 0 0 0 0 0 0 0 0 0 0 0 0 0 0 0 0 0 0 0 0 0 0 0 0 0 0 0 0 0 0 0 0 0 0 0 0]
[2337045370944856413633757382058922282605949461219873626044423464545289254131755581193147362572676661589041235728957274013861305436197519412497321408822913637444656160029484874416129362201775093391078605227146936287487796247912532750426170850310293791842631665142795656007221660335480860722584736787665441799866804583815392946322115097988401656535 0 0 0 0 0 0 0 0 0 0 0 0 0 0 0 0 0 0 0 0 0 0 0 0 0 0 0 0 0 0 0 0 0 0 0 0 0 0 0 0 0 0 0 0 0 0 0 0 0 0 0 0 0 0 0 1 0 0 0 0 0 0 0 0 0 0 0 0 0 0 0 0 0 0 0 0 0 0 0 0 0 0 0 0 0 0 0 0 0 0 0 0 0 0 0 0 0 0 0 0 0 0 0 0 0 0 0 0 0 0 0 0 0 0]
[1775121860079713871345745993679883827958585823428173881191892353650190543804086875061025462015044208313561841184412914388203503185242921690304142827201112175706395104386665911925642329036549782289334734254671983277065038735630764805082094346146665177377472051208308949261892484105719163451044663436508139622474740669420846200200715623266910160834 0 0 0 0 0 0 0 0 0 0 0 0 0 0 0 0 0 0 0 0 0 0 0 0 0 0 0 0 0 0 0 0 0 0 0 0 0 0 0 0 0 0 0 0 0 0 0 0 0 0 0 0 0 0 0 0 1 0 0 0 0 0 0 0 0 0 0 0 0 0 0 0 0 0 0 0 0 0 0 0 0 0 0 0 0 0 0 0 0 0 0 0 0 0 0 0 0 0 0 0 0 0 0 0 0 0 0 0 0 0 0 0 0 0]
[1495355290325686003560823763282295334041958270484627945630690829787879916938016919845172835430247734148930366329771921053992594423722333291610161948617583686997417274890879865824636429804982183896229852482471013931349542870720183471457304976877105366068144390934806836692147471702911291501183138418954248128073334473507569700412862969650930169903 0 0 0 0 0 0 0 0 0 0 0 0 0 0 0 0 0 0 0 0 0 0 0 0 0 0 0 0 0 0 0 0 0 0 0 0 0 0 0 0 0 0 0 0 0 0 0 0 0 0 0 0 0 0 0 0 0 1 0 0 0 0 0 0 0 0 0 0 0 0 0 0 0 0 0 0 0 0 0 0 0 0 0 0 0 0 0 0 0 0 0 0 0 0 0 0 0 0 0 0 0 0 0 0 0 0 0 0 0 0 0 0 0 0]
[699887678951037901593806245785795119879618882520160728065540025183796757973499219635441393046138387934104421411236312583534438095643926137473206449813703390092309720799077382499734051701918469445601955497387520814323539304440657142015857984150438280842320555135384022192514404122910258942586357376720925645839175583239284444587681809655212319384 0 0 0 0 0 0 0 0 0 0 0 0 0 0 0 0 0 0 0 0 0 0 0 0 0 0 0 0 0 0 0 0 0 0 0 0 0 0 0 0 0 0 0 0 0 0 0 0 0 0 0 0 0 0 0 0 0 0 1 0 0 0 0 0 0 0 0 0 0 0 0 0 0 0 0 0 0 0 0 0 0 0 0 0 0 0 0 0 0 0 0 0 0 0 0 0 0 0 0 0 0 0 0 0 0 0 0 0 0 0 0 0 0 0]
[1711065790888303316711234472750531888445202246929790411349675887814362240484475149199749445254414530832365184108675007611112769401987792071490929199128775012101080007475531045843825897285070687992860999592953097944293656029362657242087134433552973028316113187588172003008404407396244177037769681288009482123268542014893110317449850867679145769661 0 0 0 0 0 0 0 0 0 0 0 0 0 0 0 0 0 0 0 0 0 0 0 0 0 0 0 0 0 0 0 0 0 0 0 0 0 0 0 0 0 0 0 0 0 0 0 0 0 0 0 0 0 0 0 0 0 0 0 1 0 0 0 0 0 0 0 0 0 0 0 0 0 0 0 0 0 0 0 0 0 0 0 0 0 0 0 0 0 0 0 0 0 0 0 0 0 0 0 0 0 0 0 0 0 0 0 0 0 0 0 0 0 0]
[8270822982778306900835573582970102072064787929291621790338042340454813654204407294732675186583664662811558758257976462910440547987630505581130142417108449968343884956542797245290804892512527903598412999204660600357078677161238899572463124899790959651153943796574127245336027511810406297133117076567115282572813514954344677686990348500038528294148 0 0 0 0 0 0 0 0 0 0 0 0 0 0 0 0 0 0 0 0 0 0 0 0 0 0 0 0 0 0 0 0 0 0 0 0 0 0 0 0 0 0 0 0 0 0 0 0 0 0 0 0 0 0 0 0 0 0 0 0 1 0 0 0 0 0 0 0 0 0 0 0 0 0 0 0 0 0 0 0 0 0 0 0 0 0 0 0 0 0 0 0 0 0 0 0 0 0 0 0 0 0 0 0 0 0 0 0 0 0 0 0 0 0]
[7953870085653972795152371703663269177208477580418153810241103866211204750422294895483893141567601225739177902448178157232936936956926825020719427803056700215831442127814921453345388011649620516913259461091418775540545419483233322714364565335077876465904622667824332094580630139821312336913447055873395475577408436304355276298553715341069561336050 0 0 0 0 0 0 0 0 0 0 0 0 0 0 0 0 0 0 0 0 0 0 0 0 0 0 0 0 0 0 0 0 0 0 0 0 0 0 0 0 0 0 0 0 0 0 0 0 0 0 0 0 0 0 0 0 0 0 0 0 0 1 0 0 0 0 0 0 0 0 0 0 0 0 0 0 0 0 0 0 0 0 0 0 0 0 0 0 0 0 0 0 0 0 0 0 0 0 0 0 0 0 0 0 0 0 0 0 0 0 0 0 0 0]
[2656710584633814688214753983096745362146324925359925023989365733563530584422219468185675677337358595595698604891942870846888379869065559404239540492389734013405647604702360264340001581190677324098303788016596715874869137713792907139905671928735910872469731343438812237482999528218894638555079243473701598093739815535317748869906715475522235309332 0 0 0 0 0 0 0 0 0 0 0 0 0 0 0 0 0 0 0 0 0 0 0 0 0 0 0 0 0 0 0 0 0 0 0 0 0 0 0 0 0 0 0 0 0 0 0 0 0 0 0 0 0 0 0 0 0 0 0 0 0 0 1 0 0 0 0 0 0 0 0 0 0 0 0 0 0 0 0 0 0 0 0 0 0 0 0 0 0 0 0 0 0 0 0 0 0 0 0 0 0 0 0 0 0 0 0 0 0 0 0 0 0 0]
[7124175836975930041008610261210469894276008838514299641721369050529042156292091469792931280123654574390546086835803841452720070590404100132123293653390265068829686005847591134173797771347802870631090439110316900658749119801322412584467757367635214630902434134453903530968739685400452730941343166932903736487601503734235743025218720674554165101183 0 0 0 0 0 0 0 0 0 0 0 0 0 0 0 0 0 0 0 0 0 0 0 0 0 0 0 0 0 0 0 0 0 0 0 0 0 0 0 0 0 0 0 0 0 0 0 0 0 0 0 0 0 0 0 0 0 0 0 0 0 0 0 1 0 0 0 0 0 0 0 0 0 0 0 0 0 0 0 0 0 0 0 0 0 0 0 0 0 0 0 0 0 0 0 0 0 0 0 0 0 0 0 0 0 0 0 0 0 0 0 0 0 0]
[80903857970604151003168040370031155827955655336016725661037788013391507768500799117304318445266412695173810800868544556245582414008074837281011570448661156230748262154722415113050759347764230617483094629974853933466232002748330015017618261031056192852003262947840857057463301399641857565188919877908795470994917210025602801763584037658212513912 0 0 0 0 0 0 0 0 0 0 0 0 0 0 0 0 0 0 0 0 0 0 0 0 0 0 0 0 0 0 0 0 0 0 0 0 0 0 0 0 0 0 0 0 0 0 0 0 0 0 0 0 0 0 0 0 0 0 0 0 0 0 0 0 1 0 0 0 0 0 0 0 0 0 0 0 0 0 0 0 0 0 0 0 0 0 0 0 0 0 0 0 0 0 0 0 0 0 0 0 0 0 0 0 0 0 0 0 0 0 0 0 0 0]
[2953749389985972438557106084141879442912024174262150250493950101790293690644054189952894025190318501440834488852982730570859276753177046511851262208198096828340960916254405229732989953346300090159200298379366805915511658137642529694317141550650189711977240228642487501117948736074739422631817582976758612090846069444686730889429486332812349542769 0 0 0 0 0 0 0 0 0 0 0 0 0 0 0 0 0 0 0 0 0 0 0 0 0 0 0 0 0 0 0 0 0 0 0 0 0 0 0 0 0 0 0 0 0 0 0 0 0 0 0 0 0 0 0 0 0 0 0 0 0 0 0 0 0 1 0 0 0 0 0 0 0 0 0 0 0 0 0 0 0 0 0 0 0 0 0 0 0 0 0 0 0 0 0 0 0 0 0 0 0 0 0 0 0 0 0 0 0 0 0 0 0 0]
[6015931964935374491350987808221306038585382189939488942840032677077329279815350044575819941782614566551050619741086120915908340022112506561087123979265103815080099870745374024546852286454077712897289380013744122097373239232033693222672731085147868658219089120672861833990775835084812497769520440705854938615270942202980250933901353145154238403408 0 0 0 0 0 0 0 0 0 0 0 0 0 0 0 0 0 0 0 0 0 0 0 0 0 0 0 0 0 0 0 0 0 0 0 0 0 0 0 0 0 0 0 0 0 0 0 0 0 0 0 0 0 0 0 0 0 0 0 0 0 0 0 0 0 0 1 0 0 0 0 0 0 0 0 0 0 0 0 0 0 0 0 0 0 0 0 0 0 0 0 0 0 0 0 0 0 0 0 0 0 0 0 0 0 0 0 0 0 0 0 0 0 0]
[2042082149856573361655963168544811613513283669183064759319357841160852844688645113974332743849390910704599194523250165889833898355228017922163045853922789540624287373969276256569640918923617071014086688420400855744003429970622403002624873185010414540045068639222042061935181633738730558859321914339633478356945712805374732939921442793481647891714 0 0 0 0 0 0 0 0 0 0 0 0 0 0 0 0 0 0 0 0 0 0 0 0 0 0 0 0 0 0 0 0 0 0 0 0 0 0 0 0 0 0 0 0 0 0 0 0 0 0 0 0 0 0 0 0 0 0 0 0 0 0 0 0 0 0 0 1 0 0 0 0 0 0 0 0 0 0 0 0 0 0 0 0 0 0 0 0 0 0 0 0 0 0 0 0 0 0 0 0 0 0 0 0 0 0 0 0 0 0 0 0 0 0]
[893130146651598285061095576727146914796985035310585667657418453888394890576509103204260838117849933845664131169553013088181153019812208618387622386621903104680044927208280566861707734966634196503589956010968564017812383625353016289321627510544460831278300279577341491725978877145178929759005902320097114068774181028242069655842622228733010159738 0 0 0 0 0 0 0 0 0 0 0 0 0 0 0 0 0 0 0 0 0 0 0 0 0 0 0 0 0 0 0 0 0 0 0 0 0 0 0 0 0 0 0 0 0 0 0 0 0 0 0 0 0 0 0 0 0 0 0 0 0 0 0 0 0 0 0 0 1 0 0 0 0 0 0 0 0 0 0 0 0 0 0 0 0 0 0 0 0 0 0 0 0 0 0 0 0 0 0 0 0 0 0 0 0 0 0 0 0 0 0 0 0 0]
[3429171807654580420105940482011399186505259897845115992364891415532844263558792836518950917647662670820428606415088958847763002365667756355886347421053026205705242020728987150458745115276127700422883378404262057359028811510711779675652141910187396073440950835567351451958827581476610437781543335430201519003186849158473519381862841059978709309455 0 0 0 0 0 0 0 0 0 0 0 0 0 0 0 0 0 0 0 0 0 0 0 0 0 0 0 0 0 0 0 0 0 0 0 0 0 0 0 0 0 0 0 0 0 0 0 0 0 0 0 0 0 0 0 0 0 0 0 0 0 0 0 0 0 0 0 0 0 1 0 0 0 0 0 0 0 0 0 0 0 0 0 0 0 0 0 0 0 0 0 0 0 0 0 0 0 0 0 0 0 0 0 0 0 0 0 0 0 0 0 0 0 0]
[4551048834716593801129088927587518065273835831144464858273261746704782161929075566619556963186843219008784114882690807203898636289214947745319405758010508117681916696112858274746255451262922094444965204424051012206430391263590046945640756052799660408678562420855884747218945344350181437259887041780204886856736787086893828130829554040285096722897 0 0 0 0 0 0 0 0 0 0 0 0 0 0 0 0 0 0 0 0 0 0 0 0 0 0 0 0 0 0 0 0 0 0 0 0 0 0 0 0 0 0 0 0 0 0 0 0 0 0 0 0 0 0 0 0 0 0 0 0 0 0 0 0 0 0 0 0 0 0 1 0 0 0 0 0 0 0 0 0 0 0 0 0 0 0 0 0 0 0 0 0 0 0 0 0 0 0 0 0 0 0 0 0 0 0 0 0 0 0 0 0 0 0]
[8278519567254569332400760795801651881922416979560239339530639315838645789494179951953118930177756926100578904217835527375414524471599077511612391860609905799491553446349849175879871969754568424134506432850251952486247497092958489344333641993034957505208092138746165068408833960132647850216091703861448805194001224163503572011829946466337380012311 0 0 0 0 0 0 0 0 0 0 0 0 0 0 0 0 0 0 0 0 0 0 0 0 0 0 0 0 0 0 0 0 0 0 0 0 0 0 0 0 0 0 0 0 0 0 0 0 0 0 0 0 0 0 0 0 0 0 0 0 0 0 0 0 0 0 0 0 0 0 0 1 0 0 0 0 0 0 0 0 0 0 0 0 0 0 0 0 0 0 0 0 0 0 0 0 0 0 0 0 0 0 0 0 0 0 0 0 0 0 0 0 0 0]
[4497797337627550656712180245276423327112763877245427469888767611568450336245497411301653403018078019506237213850812337874665822002728596428504849411906881477034972446055013417012172407131403244233083346606613471185244798459428666658868507656304599830344101270047316160950191149791850440846381818879469447637814411050698327197458863313435015729587 0 0 0 0 0 0 0 0 0 0 0 0 0 0 0 0 0 0 0 0 0 0 0 0 0 0 0 0 0 0 0 0 0 0 0 0 0 0 0 0 0 0 0 0 0 0 0 0 0 0 0 0 0 0 0 0 0 0 0 0 0 0 0 0 0 0 0 0 0 0 0 0 1 0 0 0 0 0 0 0 0 0 0 0 0 0 0 0 0 0 0 0 0 0 0 0 0 0 0 0 0 0 0 0 0 0 0 0 0 0 0 0 0 0]
[6825777696459384144595852080268155653910038635892148104640777684000319054941971979124816658209703084380427750716080182444127722523165315639107819963157446582913938958871038017092744144879595749054623317506111184404278888843651809410215903902396362597909434941248421260033479539053777568359289147764488134023076618531300026853403893651786655986632 0 0 0 0 0 0 0 0 0 0 0 0 0 0 0 0 0 0 0 0 0 0 0 0 0 0 0 0 0 0 0 0 0 0 0 0 0 0 0 0 0 0 0 0 0 0 0 0 0 0 0 0 0 0 0 0 0 0 0 0 0 0 0 0 0 0 0 0 0 0 0 0 0 1 0 0 0 0 0 0 0 0 0 0 0 0 0 0 0 0 0 0 0 0 0 0 0 0 0 0 0 0 0 0 0 0 0 0 0 0 0 0 0 0]
[7912543227519785431537409883481519814416515356557190552057379541318779758592038406435182512720827099996012517529095051270626142745069533445949486057745536857344744459927420475804880673688398941902947787942843289366049600662318374843773077201632843296379530173398982046825630686060197757898860811082396343863509245779520719336016905076961718258233 0 0 0 0 0 0 0 0 0 0 0 0 0 0 0 0 0 0 0 0 0 0 0 0 0 0 0 0 0 0 0 0 0 0 0 0 0 0 0 0 0 0 0 0 0 0 0 0 0 0 0 0 0 0 0 0 0 0 0 0 0 0 0 0 0 0 0 0 0 0 0 0 0 0 1 0 0 0 0 0 0 0 0 0 0 0 0 0 0 0 0 0 0 0 0 0 0 0 0 0 0 0 0 0 0 0 0 0 0 0 0 0 0 0]
[815038422408355694354695909470481439214014692655840574301524945394763483802471284528252177370740606397223830966042113788296921310488920089737014107753864677059237855573471998104109624001692643318116072084809915039984897327908771617184419755136325428105671374667366082272068611415020199215584196516417932854013079997101694911735237063336668469590 0 0 0 0 0 0 0 0 0 0 0 0 0 0 0 0 0 0 0 0 0 0 0 0 0 0 0 0 0 0 0 0 0 0 0 0 0 0 0 0 0 0 0 0 0 0 0 0 0 0 0 0 0 0 0 0 0 0 0 0 0 0 0 0 0 0 0 0 0 0 0 0 0 0 0 1 0 0 0 0 0 0 0 0 0 0 0 0 0 0 0 0 0 0 0 0 0 0 0 0 0 0 0 0 0 0 0 0 0 0 0 0 0 0]
[4888852320817176174761465935512821330803156709052864154384205633959937897236250231335797648830201773369880206146942156740417797964193860248203292331742697178002439914464257491617270826221824283918601279049228617222432494960267036796114546644107063248322341466787903900867473027403004902861407771021267963444045740088185889671273716906652066783474 0 0 0 0 0 0 0 0 0 0 0 0 0 0 0 0 0 0 0 0 0 0 0 0 0 0 0 0 0 0 0 0 0 0 0 0 0 0 0 0 0 0 0 0 0 0 0 0 0 0 0 0 0 0 0 0 0 0 0 0 0 0 0 0 0 0 0 0 0 0 0 0 0 0 0 0 1 0 0 0 0 0 0 0 0 0 0 0 0 0 0 0 0 0 0 0 0 0 0 0 0 0 0 0 0 0 0 0 0 0 0 0 0 0]
[6321054791012141065477322776250094736885574448697283313892583591698568686984078101552862558516614024125889685852180043253966186981825595904803033926631993853281263818437950263165428083204699673979369054802984940168690375139937855067806724257122909283058965192745867960426455108686319708403935796876708243826580480596854953942367782828996399974253 0 0 0 0 0 0 0 0 0 0 0 0 0 0 0 0 0 0 0 0 0 0 0 0 0 0 0 0 0 0 0 0 0 0 0 0 0 0 0 0 0 0 0 0 0 0 0 0 0 0 0 0 0 0 0 0 0 0 0 0 0 0 0 0 0 0 0 0 0 0 0 0 0 0 0 0 0 1 0 0 0 0 0 0 0 0 0 0 0 0 0 0 0 0 0 0 0 0 0 0 0 0 0 0 0 0 0 0 0 0 0 0 0 0]
[6459698100621667460705692472509689990995066612963534086747522732593567180565864492839876017734800178136646721485646869316920787198495635560478054178455399080065641255569655004117418759924473313331682192022471781242927839598316669302319356560631802697066661767075170294478615015500435184713668868456467506468736814393175507217511369331793645347993 0 0 0 0 0 0 0 0 0 0 0 0 0 0 0 0 0 0 0 0 0 0 0 0 0 0 0 0 0 0 0 0 0 0 0 0 0 0 0 0 0 0 0 0 0 0 0 0 0 0 0 0 0 0 0 0 0 0 0 0 0 0 0 0 0 0 0 0 0 0 0 0 0 0 0 0 0 0 1 0 0 0 0 0 0 0 0 0 0 0 0 0 0 0 0 0 0 0 0 0 0 0 0 0 0 0 0 0 0 0 0 0 0 0]
[5479542377561335225941348810077340406168959515397234881254420102013725082956925011124085191708439415570636291694020957993943531645663854704862988882297443468205650167758720577811112716122621492625049827050976580625796392607081241453238959369585568719955900215456111990345753375777793895459103736798646668046131612517864474989187291266110642234881 0 0 0 0 0 0 0 0 0 0 0 0 0 0 0 0 0 0 0 0 0 0 0 0 0 0 0 0 0 0 0 0 0 0 0 0 0 0 0 0 0 0 0 0 0 0 0 0 0 0 0 0 0 0 0 0 0 0 0 0 0 0 0 0 0 0 0 0 0 0 0 0 0 0 0 0 0 0 0 1 0 0 0 0 0 0 0 0 0 0 0 0 0 0 0 0 0 0 0 0 0 0 0 0 0 0 0 0 0 0 0 0 0 0]
[6279481548077628600547661193810329208529386966179262696466634036055818900907525539577930147615591155436942103687910983850364714125005935428869224215446946722306362248029144025734195618272222988276694892570603481688896018035673760858724189636635492198621324171131022790019538617399847054239674680199043268733691387390159435986023966506269854111966 0 0 0 0 0 0 0 0 0 0 0 0 0 0 0 0 0 0 0 0 0 0 0 0 0 0 0 0 0 0 0 0 0 0 0 0 0 0 0 0 0 0 0 0 0 0 0 0 0 0 0 0 0 0 0 0 0 0 0 0 0 0 0 0 0 0 0 0 0 0 0 0 0 0 0 0 0 0 0 0 1 0 0 0 0 0 0 0 0 0 0 0 0 0 0 0 0 0 0 0 0 0 0 0 0 0 0 0 0 0 0 0 0 0]
[903847594262743124971081634968833663773468130498011321410855920657808706714160991429560279007318150096383138861682761913845054157907788486146511075893849506288973772295809976984389892974505986885871653403810038231589709265705701495204252102594198985636195660261986487850396205710560556616646728880490250222112680311095637124651436459036458157193 0 0 0 0 0 0 0 0 0 0 0 0 0 0 0 0 0 0 0 0 0 0 0 0 0 0 0 0 0 0 0 0 0 0 0 0 0 0 0 0 0 0 0 0 0 0 0 0 0 0 0 0 0 0 0 0 0 0 0 0 0 0 0 0 0 0 0 0 0 0 0 0 0 0 0 0 0 0 0 0 0 1 0 0 0 0 0 0 0 0 0 0 0 0 0 0 0 0 0 0 0 0 0 0 0 0 0 0 0 0 0 0 0 0]
[4531764042785945571143601239598773612171089407215741904026050013446671197556507644035983837852831446051516487197772267101205565499323287441763313943351277242419685531099704278725781024868292602941859235604297573722793476036049456090950586820724424502314132037044059177650729573585045225529116802617406408079503483482091501430766255915760898121608 0 0 0 0 0 0 0 0 0 0 0 0 0 0 0 0 0 0 0 0 0 0 0 0 0 0 0 0 0 0 0 0 0 0 0 0 0 0 0 0 0 0 0 0 0 0 0 0 0 0 0 0 0 0 0 0 0 0 0 0 0 0 0 0 0 0 0 0 0 0 0 0 0 0 0 0 0 0 0 0 0 0 1 0 0 0 0 0 0 0 0 0 0 0 0 0 0 0 0 0 0 0 0 0 0 0 0 0 0 0 0 0 0 0]
[1766780374343175105471472863060037820972986398338643012829937468424160962473831389563315631375253440844846759680170701461154289704268097932572509247827768454991385262419980470799701618974232269237765456252479992649878910967424882403791252175868093596335378506231064158638876692467452733423077642242951778700390846946855256976233860531686018843378 0 0 0 0 0 0 0 0 0 0 0 0 0 0 0 0 0 0 0 0 0 0 0 0 0 0 0 0 0 0 0 0 0 0 0 0 0 0 0 0 0 0 0 0 0 0 0 0 0 0 0 0 0 0 0 0 0 0 0 0 0 0 0 0 0 0 0 0 0 0 0 0 0 0 0 0 0 0 0 0 0 0 0 1 0 0 0 0 0 0 0 0 0 0 0 0 0 0 0 0 0 0 0 0 0 0 0 0 0 0 0 0 0 0]
[3250508195016566559799825222268908215910917770114172513632067199757901042527940070174862017486830127180169560131189940240276484186355539882396810031166269427283136576376870805920108170268382059434077197042884863217363452868523960495392307884887771677681371751081630049745515619190063510278377606684080576655197453054636968772911986245504585683539 0 0 0 0 0 0 0 0 0 0 0 0 0 0 0 0 0 0 0 0 0 0 0 0 0 0 0 0 0 0 0 0 0 0 0 0 0 0 0 0 0 0 0 0 0 0 0 0 0 0 0 0 0 0 0 0 0 0 0 0 0 0 0 0 0 0 0 0 0 0 0 0 0 0 0 0 0 0 0 0 0 0 0 0 1 0 0 0 0 0 0 0 0 0 0 0 0 0 0 0 0 0 0 0 0 0 0 0 0 0 0 0 0 0]
[3409739576324108898255558978425591897951935958664695399759106370755012200071150817684401596058115414643737895042482150421313071386282765327932046430492692132598054362338897021459634748504196692853658139546725940024339893751019875429729030039295521184594965923333619652699661338871189645999537180261852110264151136505802221890662367974758766176404 0 0 0 0 0 0 0 0 0 0 0 0 0 0 0 0 0 0 0 0 0 0 0 0 0 0 0 0 0 0 0 0 0 0 0 0 0 0 0 0 0 0 0 0 0 0 0 0 0 0 0 0 0 0 0 0 0 0 0 0 0 0 0 0 0 0 0 0 0 0 0 0 0 0 0 0 0 0 0 0 0 0 0 0 0 1 0 0 0 0 0 0 0 0 0 0 0 0 0 0 0 0 0 0 0 0 0 0 0 0 0 0 0 0]
[2979653653684433963803400981001623717417340081114435930026201247165049934781409964750170208466490405187810894176134506829208330890282970319134376102530976475366450057753275369049669016964314708096667058404615392088379500614318010465018825554174240332484386309965450037282386733940387326063660721953437905740598412418820218781590790450232917855950 0 0 0 0 0 0 0 0 0 0 0 0 0 0 0 0 0 0 0 0 0 0 0 0 0 0 0 0 0 0 0 0 0 0 0 0 0 0 0 0 0 0 0 0 0 0 0 0 0 0 0 0 0 0 0 0 0 0 0 0 0 0 0 0 0 0 0 0 0 0 0 0 0 0 0 0 0 0 0 0 0 0 0 0 0 0 1 0 0 0 0 0 0 0 0 0 0 0 0 0 0 0 0 0 0 0 0 0 0 0 0 0 0 0]
[3821524625845470707725768209005816653434084670039111405172482318017482895810296201437652449174087590417898208888047345096620366768540242647385945040350404131709194513950533245308810101604692309843749110905943169795855990483658574691378630398775060329479899860440470153387347314675173037874031446528331256182473074214605586758957854164901739185397 0 0 0 0 0 0 0 0 0 0 0 0 0 0 0 0 0 0 0 0 0 0 0 0 0 0 0 0 0 0 0 0 0 0 0 0 0 0 0 0 0 0 0 0 0 0 0 0 0 0 0 0 0 0 0 0 0 0 0 0 0 0 0 0 0 0 0 0 0 0 0 0 0 0 0 0 0 0 0 0 0 0 0 0 0 0 0 1 0 0 0 0 0 0 0 0 0 0 0 0 0 0 0 0 0 0 0 0 0 0 0 0 0 0]
[3179634954150214358395188594819880546970314797600479179955345052667366748182667637189199000832162984249218324440897990861854161531497442972763749012998773977827751978830033839506779067893655161803391067643699269132236482010963472648196762560364103801539573084238646508340360389788681340535852953686986760935265897852999497021489437283264653454033 0 0 0 0 0 0 0 0 0 0 0 0 0 0 0 0 0 0 0 0 0 0 0 0 0 0 0 0 0 0 0 0 0 0 0 0 0 0 0 0 0 0 0 0 0 0 0 0 0 0 0 0 0 0 0 0 0 0 0 0 0 0 0 0 0 0 0 0 0 0 0 0 0 0 0 0 0 0 0 0 0 0 0 0 0 0 0 0 1 0 0 0 0 0 0 0 0 0 0 0 0 0 0 0 0 0 0 0 0 0 0 0 0 0]
[7557879380904509825961040521421515934470487924536650267546552689904899266342034027222766242447471397788748625978448035016794744979553185760055394791936121094798212556114604178729391008603430309382047564106440796940686745444768220674437891557522830953347665288907341196661384766523797116172765466140927053584996199387089540552075101947597144758925 0 0 0 0 0 0 0 0 0 0 0 0 0 0 0 0 0 0 0 0 0 0 0 0 0 0 0 0 0 0 0 0 0 0 0 0 0 0 0 0 0 0 0 0 0 0 0 0 0 0 0 0 0 0 0 0 0 0 0 0 0 0 0 0 0 0 0 0 0 0 0 0 0 0 0 0 0 0 0 0 0 0 0 0 0 0 0 0 0 1 0 0 0 0 0 0 0 0 0 0 0 0 0 0 0 0 0 0 0 0 0 0 0 0]
[766071597183459608738504588272155294227905172796563139098322893118808068988152221802471134861638989575916621814899496678273066914925790351483449925618550913015194887964970832153108177909226512773353815960822089849633846098995308195166581030460641425836550597154384374848047672767527959648495969877122161399289226167153442590492186353774923843310 0 0 0 0 0 0 0 0 0 0 0 0 0 0 0 0 0 0 0 0 0 0 0 0 0 0 0 0 0 0 0 0 0 0 0 0 0 0 0 0 0 0 0 0 0 0 0 0 0 0 0 0 0 0 0 0 0 0 0 0 0 0 0 0 0 0 0 0 0 0 0 0 0 0 0 0 0 0 0 0 0 0 0 0 0 0 0 0 0 0 1 0 0 0 0 0 0 0 0 0 0 0 0 0 0 0 0 0 0 0 0 0 0 0]
[417131455210768593515589643213019166162032443326810085459567883418415043121675563789286955659723085797998591331224438759556996295673200642176344364969679001299254124688479268948432386744332856989986881777233661237975312140950755450638548035667258093231455012873819937787656843050525454033192748430837620812029952131601590137293556403326784629069 0 0 0 0 0 0 0 0 0 0 0 0 0 0 0 0 0 0 0 0 0 0 0 0 0 0 0 0 0 0 0 0 0 0 0 0 0 0 0 0 0 0 0 0 0 0 0 0 0 0 0 0 0 0 0 0 0 0 0 0 0 0 0 0 0 0 0 0 0 0 0 0 0 0 0 0 0 0 0 0 0 0 0 0 0 0 0 0 0 0 0 1 0 0 0 0 0 0 0 0 0 0 0 0 0 0 0 0 0 0 0 0 0 0]
[6627762754525696636024674017584077661806502678389429329374414574947858551878734965897991055052840453613546009774520083255533281181824135491667170516574960922450741668631886301544223925910825065927408752970882164108923494281571750511410921450792038634207284255849812369886378906386053256097382498176662415950879748135726493836632260429677538944369 0 0 0 0 0 0 0 0 0 0 0 0 0 0 0 0 0 0 0 0 0 0 0 0 0 0 0 0 0 0 0 0 0 0 0 0 0 0 0 0 0 0 0 0 0 0 0 0 0 0 0 0 0 0 0 0 0 0 0 0 0 0 0 0 0 0 0 0 0 0 0 0 0 0 0 0 0 0 0 0 0 0 0 0 0 0 0 0 0 0 0 0 1 0 0 0 0 0 0 0 0 0 0 0 0 0 0 0 0 0 0 0 0 0]
[6506684262871544824612777374791384571299943219481744621130724353797977933777016662213864782701923577707198268061301974876059847041516265124395324530623798440149630278428781186528829617307763223672912952265588173790173751057718706754862648764234334980666192706200304083317553284553138655352770580693732891950606037936617148725044551016727648874455 0 0 0 0 0 0 0 0 0 0 0 0 0 0 0 0 0 0 0 0 0 0 0 0 0 0 0 0 0 0 0 0 0 0 0 0 0 0 0 0 0 0 0 0 0 0 0 0 0 0 0 0 0 0 0 0 0 0 0 0 0 0 0 0 0 0 0 0 0 0 0 0 0 0 0 0 0 0 0 0 0 0 0 0 0 0 0 0 0 0 0 0 0 1 0 0 0 0 0 0 0 0 0 0 0 0 0 0 0 0 0 0 0 0]
[7352279445470724059936418298992439144251694982737960927873115084463042048762600206371034229390322161489353051828113204762897538659568118923919392015760358389218987467649553119626107346692276389823456589815419386638671391086602480654667933691442056320673583785236630046773586917998334694292692265672465062789297358214128764924847812797820391410193 0 0 0 0 0 0 0 0 0 0 0 0 0 0 0 0 0 0 0 0 0 0 0 0 0 0 0 0 0 0 0 0 0 0 0 0 0 0 0 0 0 0 0 0 0 0 0 0 0 0 0 0 0 0 0 0 0 0 0 0 0 0 0 0 0 0 0 0 0 0 0 0 0 0 0 0 0 0 0 0 0 0 0 0 0 0 0 0 0 0 0 0 0 0 1 0 0 0 0 0 0 0 0 0 0 0 0 0 0 0 0 0 0 0]
[1219310810081485880658450155135137740735425416116850996438283702896390910069772534988985613079655597173525710544477205460293879815344439311552781311153840204192745167589081345674432467740680277158261337586653581691818469384345583323885688702504220299930438741126869383437509036166947134634482238511606514456469803389415475583428934382726873102225 0 0 0 0 0 0 0 0 0 0 0 0 0 0 0 0 0 0 0 0 0 0 0 0 0 0 0 0 0 0 0 0 0 0 0 0 0 0 0 0 0 0 0 0 0 0 0 0 0 0 0 0 0 0 0 0 0 0 0 0 0 0 0 0 0 0 0 0 0 0 0 0 0 0 0 0 0 0 0 0 0 0 0 0 0 0 0 0 0 0 0 0 0 0 0 1 0 0 0 0 0 0 0 0 0 0 0 0 0 0 0 0 0 0]
[2255160937350731786199973236832113005768101031606387009468894056221984602304089874622441580384663012371358904192838480084014735306705013531475135121782656112647475748578555306103791596245459445455566406802848307376504131419313725994282727637748875342181735222352751322556040006025687608765711569940162867770704787444264134092338708327976882914862 0 0 0 0 0 0 0 0 0 0 0 0 0 0 0 0 0 0 0 0 0 0 0 0 0 0 0 0 0 0 0 0 0 0 0 0 0 0 0 0 0 0 0 0 0 0 0 0 0 0 0 0 0 0 0 0 0 0 0 0 0 0 0 0 0 0 0 0 0 0 0 0 0 0 0 0 0 0 0 0 0 0 0 0 0 0 0 0 0 0 0 0 0 0 0 0 1 0 0 0 0 0 0 0 0 0 0 0 0 0 0 0 0 0]
[4208550313757398582764153315182299049146303124310646186566468801564973125181441720231033703778877896995323968765433092439823032174428191742982693862807334873269353440593800465148244759277010552235103925931207847514925588095484729754777956332603451429780019832655519154146507287155562321818415107735581470683362360534850263510370131911219569533260 0 0 0 0 0 0 0 0 0 0 0 0 0 0 0 0 0 0 0 0 0 0 0 0 0 0 0 0 0 0 0 0 0 0 0 0 0 0 0 0 0 0 0 0 0 0 0 0 0 0 0 0 0 0 0 0 0 0 0 0 0 0 0 0 0 0 0 0 0 0 0 0 0 0 0 0 0 0 0 0 0 0 0 0 0 0 0 0 0 0 0 0 0 0 0 0 0 1 0 0 0 0 0 0 0 0 0 0 0 0 0 0 0 0]
[2154563212611520793955671304416119081506660728077046798994547392161387380377501194569884776431440864203681911042108932814575797246771357318863758881901915764198853271395437965563970993988873007682871301524235304808560598267890518512347083376517215559919870230753621284542018965373287655518699310049254229174875809746286625004563940859564729536427 0 0 0 0 0 0 0 0 0 0 0 0 0 0 0 0 0 0 0 0 0 0 0 0 0 0 0 0 0 0 0 0 0 0 0 0 0 0 0 0 0 0 0 0 0 0 0 0 0 0 0 0 0 0 0 0 0 0 0 0 0 0 0 0 0 0 0 0 0 0 0 0 0 0 0 0 0 0 0 0 0 0 0 0 0 0 0 0 0 0 0 0 0 0 0 0 0 0 1 0 0 0 0 0 0 0 0 0 0 0 0 0 0 0]
[1298483433725740015183665050782817511810574967362767532351409137042645207112062636026518553166601979735948076589934088616308738557440072106957563253905288754605578129498546911412540247851741780465694028303817762140926528265427101057048141126598183122983885994193171417890472623397354208531217046388717574683071199377554790862510386047944837738622 0 0 0 0 0 0 0 0 0 0 0 0 0 0 0 0 0 0 0 0 0 0 0 0 0 0 0 0 0 0 0 0 0 0 0 0 0 0 0 0 0 0 0 0 0 0 0 0 0 0 0 0 0 0 0 0 0 0 0 0 0 0 0 0 0 0 0 0 0 0 0 0 0 0 0 0 0 0 0 0 0 0 0 0 0 0 0 0 0 0 0 0 0 0 0 0 0 0 0 1 0 0 0 0 0 0 0 0 0 0 0 0 0 0]
[3427739422572563697703079154450336696165309453170199100800063312789132696763678500809100946896637759908763597350509309611584726674312301799738780422083372199948189081128325896277271978426974838098218412873977253781394898360560511243564507537954725001781640939487990252071381536660167990245504365396726864676812166288680823823572942092246304414058 0 0 0 0 0 0 0 0 0 0 0 0 0 0 0 0 0 0 0 0 0 0 0 0 0 0 0 0 0 0 0 0 0 0 0 0 0 0 0 0 0 0 0 0 0 0 0 0 0 0 0 0 0 0 0 0 0 0 0 0 0 0 0 0 0 0 0 0 0 0 0 0 0 0 0 0 0 0 0 0 0 0 0 0 0 0 0 0 0 0 0 0 0 0 0 0 0 0 0 0 1 0 0 0 0 0 0 0 0 0 0 0 0 0]
[7921519461284264675611956508304807203313437523316382437157659688087188296987848851769195462360711584755223716313033899785150056578250501907838574286207710999514763701466842763534731695470794115623047164923750976058621053372476036910640034065941933615833478193895134420160623407113449282524955379340259710155933680811998143405094506348879748257246 0 0 0 0 0 0 0 0 0 0 0 0 0 0 0 0 0 0 0 0 0 0 0 0 0 0 0 0 0 0 0 0 0 0 0 0 0 0 0 0 0 0 0 0 0 0 0 0 0 0 0 0 0 0 0 0 0 0 0 0 0 0 0 0 0 0 0 0 0 0 0 0 0 0 0 0 0 0 0 0 0 0 0 0 0 0 0 0 0 0 0 0 0 0 0 0 0 0 0 0 0 1 0 0 0 0 0 0 0 0 0 0 0 0]
[4943025032794328944571241676829739899304300353588702336779066279686705909426971750543590075021257170308485163576207650810037258945380362900628461261907575794099654562655364195328636732392497533306476043273478396994274621034833563800925078879362200992304637776032530545175988093798488179741102062750636280258991872090295334117775523021172141101279 0 0 0 0 0 0 0 0 0 0 0 0 0 0 0 0 0 0 0 0 0 0 0 0 0 0 0 0 0 0 0 0 0 0 0 0 0 0 0 0 0 0 0 0 0 0 0 0 0 0 0 0 0 0 0 0 0 0 0 0 0 0 0 0 0 0 0 0 0 0 0 0 0 0 0 0 0 0 0 0 0 0 0 0 0 0 0 0 0 0 0 0 0 0 0 0 0 0 0 0 0 0 1 0 0 0 0 0 0 0 0 0 0 0]
[7641701829176842683620517596786912095936404120371535853374820264049104861831890296123978401872970559507362224784047738054805652491785711187189211181051307099766181438208869180475932504122854481672976110710111657482016450476045623799322728569858986142412504010066549630751183379440912235071459955618284958966421907521174028534207691112518502186002 0 0 0 0 0 0 0 0 0 0 0 0 0 0 0 0 0 0 0 0 0 0 0 0 0 0 0 0 0 0 0 0 0 0 0 0 0 0 0 0 0 0 0 0 0 0 0 0 0 0 0 0 0 0 0 0 0 0 0 0 0 0 0 0 0 0 0 0 0 0 0 0 0 0 0 0 0 0 0 0 0 0 0 0 0 0 0 0 0 0 0 0 0 0 0 0 0 0 0 0 0 0 0 1 0 0 0 0 0 0 0 0 0 0]
[7147424524087281875313482715239065464326002883577859066012996455401171063223629228708947722541844708616155186220163688133300051033438418568786726098273905941467591739447624796694827173621528654199245855904255473791734303047194385841499514217472704930763025741936447096397578267090605317901484130918742666281574974886740594796637910740375843607600 0 0 0 0 0 0 0 0 0 0 0 0 0 0 0 0 0 0 0 0 0 0 0 0 0 0 0 0 0 0 0 0 0 0 0 0 0 0 0 0 0 0 0 0 0 0 0 0 0 0 0 0 0 0 0 0 0 0 0 0 0 0 0 0 0 0 0 0 0 0 0 0 0 0 0 0 0 0 0 0 0 0 0 0 0 0 0 0 0 0 0 0 0 0 0 0 0 0 0 0 0 0 0 0 1 0 0 0 0 0 0 0 0 0]
[5786306182837503271901216411205898042536206909217871541576344414145627350513690427147240420641433522942878177140911194975427329242029344409459909054663201922692130775807790847355107065710152987705619336181212194678491493808950780544571266627607723627974039037237538769418284309366777978691355257056310529053326400539343061047431539134488465976096 0 0 0 0 0 0 0 0 0 0 0 0 0 0 0 0 0 0 0 0 0 0 0 0 0 0 0 0 0 0 0 0 0 0 0 0 0 0 0 0 0 0 0 0 0 0 0 0 0 0 0 0 0 0 0 0 0 0 0 0 0 0 0 0 0 0 0 0 0 0 0 0 0 0 0 0 0 0 0 0 0 0 0 0 0 0 0 0 0 0 0 0 0 0 0 0 0 0 0 0 0 0 0 0 0 1 0 0 0 0 0 0 0 0]
[2124817625752220092080549321312845020005690396768239289645223647445284120422212063605529386798403535612929590335200270935796712290951607158512246603500875701710735743486246758010657606529582018685566344478791359365691401478224069402169043758036743275132295208860323349366524819213965135965739674054765036032596415856774081083742083510960613168118 0 0 0 0 0 0 0 0 0 0 0 0 0 0 0 0 0 0 0 0 0 0 0 0 0 0 0 0 0 0 0 0 0 0 0 0 0 0 0 0 0 0 0 0 0 0 0 0 0 0 0 0 0 0 0 0 0 0 0 0 0 0 0 0 0 0 0 0 0 0 0 0 0 0 0 0 0 0 0 0 0 0 0 0 0 0 0 0 0 0 0 0 0 0 0 0 0 0 0 0 0 0 0 0 0 0 1 0 0 0 0 0 0 0]
[6189833737892090419165086400095322090216437923346016551733413742615659876308379246410971876789979337221023949969306036656446642266186071097390869594497629505565011478805644735520436217789330210051715996037716537857539184230948298441261001003202780014212232217347597814366070785058368621288112188852359947462073856628562982922808808771206664636099 0 0 0 0 0 0 0 0 0 0 0 0 0 0 0 0 0 0 0 0 0 0 0 0 0 0 0 0 0 0 0 0 0 0 0 0 0 0 0 0 0 0 0 0 0 0 0 0 0 0 0 0 0 0 0 0 0 0 0 0 0 0 0 0 0 0 0 0 0 0 0 0 0 0 0 0 0 0 0 0 0 0 0 0 0 0 0 0 0 0 0 0 0 0 0 0 0 0 0 0 0 0 0 0 0 0 0 1 0 0 0 0 0 0]
[5413666633652621123746991541713475613304873968107128681815029440222160720208565539248562115351265938181517771008724619073420818137053463684706696409637103635918723590822105929202116427342172993028100862906771121349524365296373152763843982373621602311176844489611320670949648372381059617366173646608625771450336464011591061192085209864304629369363 0 0 0 0 0 0 0 0 0 0 0 0 0 0 0 0 0 0 0 0 0 0 0 0 0 0 0 0 0 0 0 0 0 0 0 0 0 0 0 0 0 0 0 0 0 0 0 0 0 0 0 0 0 0 0 0 0 0 0 0 0 0 0 0 0 0 0 0 0 0 0 0 0 0 0 0 0 0 0 0 0 0 0 0 0 0 0 0 0 0 0 0 0 0 0 0 0 0 0 0 0 0 0 0 0 0 0 0 1 0 0 0 0 0]
[2533661606687113674451380285483507791727386621060415684501154195397025673122492432124699870104204849437684594157439442596367486002515221241067906324267780603251501316947021522598176490576966893491154214899556137881485201496017723354747848952049594343847650624212581521435166658404555821203041133879462845408574996462347384024412978306741929676860 0 0 0 0 0 0 0 0 0 0 0 0 0 0 0 0 0 0 0 0 0 0 0 0 0 0 0 0 0 0 0 0 0 0 0 0 0 0 0 0 0 0 0 0 0 0 0 0 0 0 0 0 0 0 0 0 0 0 0 0 0 0 0 0 0 0 0 0 0 0 0 0 0 0 0 0 0 0 0 0 0 0 0 0 0 0 0 0 0 0 0 0 0 0 0 0 0 0 0 0 0 0 0 0 0 0 0 0 0 1 0 0 0 0]
[7370634237827973522362192845056736891148574966295814718909229918027398360888778025294488821730283990463056554530864010550681543852554239156767539394038410466553544746249815651429184734432783243882123466167120870341274297466202508361055588615208176658412069951571000189598653369501146325361566328165019836287337613212827198745096214782461720205692 0 0 0 0 0 0 0 0 0 0 0 0 0 0 0 0 0 0 0 0 0 0 0 0 0 0 0 0 0 0 0 0 0 0 0 0 0 0 0 0 0 0 0 0 0 0 0 0 0 0 0 0 0 0 0 0 0 0 0 0 0 0 0 0 0 0 0 0 0 0 0 0 0 0 0 0 0 0 0 0 0 0 0 0 0 0 0 0 0 0 0 0 0 0 0 0 0 0 0 0 0 0 0 0 0 0 0 0 0 0 1 0 0 0]
[1713217783169516890539174397066351898253625467773917662899234056031596178962471145597874105543048133811397824868272941725760868023270847236120075784963188656492934844826071095036078427182836906690554391199778213114537426635133878414450628467873345627209576756478805328887923198537796936049053638650087930759434675848668966438977065216718379798071 0 0 0 0 0 0 0 0 0 0 0 0 0 0 0 0 0 0 0 0 0 0 0 0 0 0 0 0 0 0 0 0 0 0 0 0 0 0 0 0 0 0 0 0 0 0 0 0 0 0 0 0 0 0 0 0 0 0 0 0 0 0 0 0 0 0 0 0 0 0 0 0 0 0 0 0 0 0 0 0 0 0 0 0 0 0 0 0 0 0 0 0 0 0 0 0 0 0 0 0 0 0 0 0 0 0 0 0 0 0 0 1 0 0]
[6903592410921251585133086461998747378465907509172309782554974470984377468127454856015493479052917625698668908001110664158029034493782268183532556983145319618862224853211902806559824662343330579711290876968629893678475366529966872144836267259723575239849275858303607543818333292503984624052807930566820280872578538173747221274410175426556255171155 0 0 0 0 0 0 0 0 0 0 0 0 0 0 0 0 0 0 0 0 0 0 0 0 0 0 0 0 0 0 0 0 0 0 0 0 0 0 0 0 0 0 0 0 0 0 0 0 0 0 0 0 0 0 0 0 0 0 0 0 0 0 0 0 0 0 0 0 0 0 0 0 0 0 0 0 0 0 0 0 0 0 0 0 0 0 0 0 0 0 0 0 0 0 0 0 0 0 0 0 0 0 0 0 0 0 0 0 0 0 0 0 1 0]
[185635573965762174250591530315481632631845018936529117043620476023973453636405543562858596738733917799675893155172634324874548080095568343280998399444286254529124258925464918460695403783011026566260875608736605527945721346955513529784994236858781204887881622971053981882097878359122985417168520627896805725036054151735235982755986878378418201742 0 0 0 0 0 0 0 0 0 0 0 0 0 0 0 0 0 0 0 0 0 0 0 0 0 0 0 0 0 0 0 0 0 0 0 0 0 0 0 0 0 0 0 0 0 0 0 0 0 0 0 0 0 0 0 0 0 0 0 0 0 0 0 0 0 0 0 0 0 0 0 0 0 0 0 0 0 0 0 0 0 0 0 0 0 0 0 0 0 0 0 0 0 0 0 0 0 0 0 0 0 0 0 0 0 0 0 0 0 0 0 0 0 1]
]
