[[9899928788968330737109263964891034909358615870072704347650984010841373756686549154858380130945895962708701525161443312068081899237790836638083398062323150984161575786909237947638536638732191679103783177137591417474895796353916144236451432862437709969693152182329314347219034661021581210290808318539229500129538793051428488681545418210637888575871 0 0 0 0 0 0 0 0 0 0 0 0 0 0 0 0 0 0 0 0 0 0 0 0 0 0 0 0 0 0 0 0 0 0 0 0 0 0 0 0 0 0 0 0 0 0 0 0 0 0 0 0 0 0 0 0 0 0 0 0 0 0 0 0 0 0 0 0 0 0 0 0 0 0 0 0 0 0 0 0 0 0 0 0 0 0 0 0 0 0 0 0 0 0 0 0 0 0 0 0 0 0 0 0 0 0 0 0 0 0 0 0 0 0]
[2976207216425168057577949024430529272541479902008227879375860415254578060534464374299517470860835479039830776188659534660403809757377847006345582311122947171947587515348392335849862515817899321785936995073524648016522362814750440870826773347367134210578408251928549728130746151286390102601490147264831289803726503507686718429208760152204235768344 1 0 0 0 0 0 0 0 0 0 0 0 0 0 0 0 0 0 0 0 0 0 0 0 0 0 0 0 0 0 0 0 0 0 0 0 0 0 0 0 0 0 0 0 0 0 0 0 0 0 0 0 0 0 0 0 0 0 0 0 0 0 0 0 0 0 0 0 0 0 0 0 0 0 0 0 0 0 0 0 0 0 0 0 0 0 0 0 0 0 0 0 0 0 0 0 0 0 0 0 0 0 0 0 0 0 0 0 0 0 0 0 0 0]
[3750340391990060639952796931085206379298357199884747234474889178805788057235327934200107814564312718628645010674311915681485974737413640170192793264956562093904362306550792060831541065981432125435502213823919938095666099685440770981769381787381550032573972024745162803042347717387394181711700241606852220895878696848990481204405412872777244267333 0 1 0 0 0 0 0 0 0 0 0 0 0 0 0 0 0 0 0 0 0 0 0 0 0 0 0 0 0 0 0 0 0 0 0 0 0 0 0 0 0 0 0 0 0 0 0 0 0 0 0 0 0 0 0 0 0 0 0 0 0 0 0 0 0 0 0 0 0 0 0 0 0 0 0 0 0 0 0 0 0 0 0 0 0 0 0 0 0 0 0 0 0 0 0 0 0 0 0 0 0 0 0 0 0 0 0 0 0 0 0 0 0 0]
[5674784103710818280298617212991796460859038089177957569690142903968377070986412959667840557395976053414580502058705223016621222986637706794982709560081438306909571469925304502716038537127055126719748554789358381861433401564310252555858007872212827587640542275305367681331742555813342068885247296232965962953309554111329050860535894444106553240413 0 0 1 0 0 0 0 0 0 0 0 0 0 0 0 0 0 0 0 0 0 0 0 0 0 0 0 0 0 0 0 0 0 0 0 0 0 0 0 0 0 0 0 0 0 0 0 0 0 0 0 0 0 0 0 0 0 0 0 0 0 0 0 0 0 0 0 0 0 0 0 0 0 0 0 0 0 0 0 0 0 0 0 0 0 0 0 0 0 0 0 0 0 0 0 0 0 0 0 0 0 0 0 0 0 0 0 0 0 0 0 0 0 0]
[2933162884268668963430692736873994799786665228889822619769914424505288041499071143206332089844485137910389226174471861914640760313721410266263987188242783529140175929462714319321210293160417783255422775423851464458787192950717532276363425267877618279288768075646565268384912209681798482730646618687500048008826854244701926484579109206656192234165 0 0 0 1 0 0 0 0 0 0 0 0 0 0 0 0 0 0 0 0 0 0 0 0 0 0 0 0 0 0 0 0 0 0 0 0 0 0 0 0 0 0 0 0 0 0 0 0 0 0 0 0 0 0 0 0 0 0 0 0 0 0 0 0 0 0 0 0 0 0 0 0 0 0 0 0 0 0 0 0 0 0 0 0 0 0 0 0 0 0 0 0 0 0 0 0 0 0 0 0 0 0 0 0 0 0 0 0 0 0 0 0 0 0]
[9692628519087543725070508710166137479976323878260681485266464908228122231017900203863367434081601624706524780438665615832959195568313212090676246979511333411941367337820788972190361782076710430938438964825624614877498261714538794904746511702463179402062572496819103871653309437299201276072732767888074841134589553576485678178854676280935615070739 0 0 0 0 1 0 0 0 0 0 0 0 0 0 0 0 0 0 0 0 0 0 0 0 0 0 0 0 0 0 0 0 0 0 0 0 0 0 0 0 0 0 0 0 0 0 0 0 0 0 0 0 0 0 0 0 0 0 0 0 0 0 0 0 0 0 0 0 0 0 0 0 0 0 0 0 0 0 0 0 0 0 0 0 0 0 0 0 0 0 0 0 0 0 0 0 0 0 0 0 0 0 0 0 0 0 0 0 0 0 0 0 0 0]
[4820744741156367653553269219286161232411675265575238731487333970821310657862352147481580920135993588066339978042588703896736696284934734221052029967427806854778262938990670949302838747157154139629952687264262395007330590703697091718784362026703979750580336555052923591280730755094618674795341402866583265060396816716048640781301152012753391223142 0 0 0 0 0 1 0 0 0 0 0 0 0 0 0 0 0 0 0 0 0 0 0 0 0 0 0 0 0 0 0 0 0 0 0 0 0 0 0 0 0 0 0 0 0 0 0 0 0 0 0 0 0 0 0 0 0 0 0 0 0 0 0 0 0 0 0 0 0 0 0 0 0 0 0 0 0 0 0 0 0 0 0 0 0 0 0 0 0 0 0 0 0 0 0 0 0 0 0 0 0 0 0 0 0 0 0 0 0 0 0 0 0 0]
[5532299442361643441718189656570549401544933833506823571319073751947200249875891541495077131034148158345431340546727333436771774607700419148126235650262073475981896529969760951648152327739523284482162655734446731307085151930598694443277180334090620656584139189537005007102509837227765650395848553758425891398333783067116340564610321412865244280016 0 0 0 0 0 0 1 0 0 0 0 0 0 0 0 0 0 0 0 0 0 0 0 0 0 0 0 0 0 0 0 0 0 0 0 0 0 0 0 0 0 0 0 0 0 0 0 0 0 0 0 0 0 0 0 0 0 0 0 0 0 0 0 0 0 0 0 0 0 0 0 0 0 0 0 0 0 0 0 0 0 0 0 0 0 0 0 0 0 0 0 0 0 0 0 0 0 0 0 0 0 0 0 0 0 0 0 0 0 0 0 0 0 0]
[3569312745894379182046204216753542699325390971838353948542150092707787343550145121974421403849144475427300755002384629465793206905422922392163252987322682908755310454202302303522955789993023358015836258807270727183673937406163293245380343199681949578088031885792194334643281154293244024529917889645749213929059929114050672068142651563697484781620 0 0 0 0 0 0 0 1 0 0 0 0 0 0 0 0 0 0 0 0 0 0 0 0 0 0 0 0 0 0 0 0 0 0 0 0 0 0 0 0 0 0 0 0 0 0 0 0 0 0 0 0 0 0 0 0 0 0 0 0 0 0 0 0 0 0 0 0 0 0 0 0 0 0 0 0 0 0 0 0 0 0 0 0 0 0 0 0 0 0 0 0 0 0 0 0 0 0 0 0 0 0 0 0 0 0 0 0 0 0 0 0 0 0]
[2029257687409392772949034366311417125258531660265632375823542396563005385614223144990923620966583035241136623268740729631590491005407338849535791536151988548296903966292359961496720392146490358603807743602002290597216847660538614506873471540937806798899816224571737130614664638949575168612396090189288949586033720583793099992621612780547697964044 0 0 0 0 0 0 0 0 1 0 0 0 0 0 0 0 0 0 0 0 0 0 0 0 0 0 0 0 0 0 0 0 0 0 0 0 0 0 0 0 0 0 0 0 0 0 0 0 0 0 0 0 0 0 0 0 0 0 0 0 0 0 0 0 0 0 0 0 0 0 0 0 0 0 0 0 0 0 0 0 0 0 0 0 0 0 0 0 0 0 0 0 0 0 0 0 0 0 0 0 0 0 0 0 0 0 0 0 0 0 0 0 0 0]
[5898342167928261966762722743383034442346825347362945744576140024641985515021397038242412522084337058190077196428428294632251558368446757721940111400395118918772283624695054635915582116410594216739464537876871222116332672156740568749412999570392537218086130659761025704051820180023510583850496297426351515570897383043262835724094248397614066652545 0 0 0 0 0 0 0 0 0 1 0 0 0 0 0 0 0 0 0 0 0 0 0 0 0 0 0 0 0 0 0 0 0 0 0 0 0 0 0 0 0 0 0 0 0 0 0 0 0 0 0 0 0 0 0 0 0 0 0 0 0 0 0 0 0 0 0 0 0 0 0 0 0 0 0 0 0 0 0 0 0 0 0 0 0 0 0 0 0 0 0 0 0 0 0 0 0 0 0 0 0 0 0 0 0 0 0 0 0 0 0 0 0 0]
[7534700435508558523659173314161667253940858525019031824049152029037368094502328057392652016355453005256816664745357198709639342255066198440129023433964771089986389230075669726151550512924517052772752946925122764163451927258975123921042689678198716319427725021376375485298616050771519595814076551355289387390919509988408896813756649204492642802942 0 0 0 0 0 0 0 0 0 0 1 0 0 0 0 0 0 0 0 0 0 0 0 0 0 0 0 0 0 0 0 0 0 0 0 0 0 0 0 0 0 0 0 0 0 0 0 0 0 0 0 0 0 0 0 0 0 0 0 0 0 0 0 0 0 0 0 0 0 0 0 0 0 0 0 0 0 0 0 0 0 0 0 0 0 0 0 0 0 0 0 0 0 0 0 0 0 0 0 0 0 0 0 0 0 0 0 0 0 0 0 0 0 0]
[3597693087490861809303553903655912275523197548767843433624927496210035007773815682320075564800048629171065039297200110350827180430028752206877133622689735426768987210145565383856334263478000548719056255373669868528087288150670784412540640382815928918207062709769512012323526718549287413839776499464698947713238207522796117179398336233654151028632 0 0 0 0 0 0 0 0 0 0 0 1 0 0 0 0 0 0 0 0 0 0 0 0 0 0 0 0 0 0 0 0 0 0 0 0 0 0 0 0 0 0 0 0 0 0 0 0 0 0 0 0 0 0 0 0 0 0 0 0 0 0 0 0 0 0 0 0 0 0 0 0 0 0 0 0 0 0 0 0 0 0 0 0 0 0 0 0 0 0 0 0 0 0 0 0 0 0 0 0 0 0 0 0 0 0 0 0 0 0 0 0 0 0]
[2685498396784466676959356478171107926906354212512400993877440539796951547390592595480436605949684538675500676486034663156287619483917961631954376848278527605822883399971180316646240641549358779047641964981188587449648384431704946432517219087835663741788690907164279841615515698573453623277984367274363635459426530740166855890310328296539172959731 0 0 0 0 0 0 0 0 0 0 0 0 1 0 0 0 0 0 0 0 0 0 0 0 0 0 0 0 0 0 0 0 0 0 0 0 0 0 0 0 0 0 0 0 0 0 0 0 0 0 0 0 0 0 0 0 0 0 0 0 0 0 0 0 0 0 0 0 0 0 0 0 0 0 0 0 0 0 0 0 0 0 0 0 0 0 0 0 0 0 0 0 0 0 0 0 0 0 0 0 0 0 0 0 0 0 0 0 0 0 0 0 0 0]
[5587369644341317357893448694290441845667635233857397020489857531110824341946891885710959147385096493830255755429799080889789208005646220218975004720824904437960198695619689997117359593985905899322019782716010047449730613385666682468157488397555774236021581035174790744421242450784432702365080329316132039426108217149627513438638513510024462689553 0 0 0 0 0 0 0 0 0 0 0 0 0 1 0 0 0 0 0 0 0 0 0 0 0 0 0 0 0 0 0 0 0 0 0 0 0 0 0 0 0 0 0 0 0 0 0 0 0 0 0 0 0 0 0 0 0 0 0 0 0 0 0 0 0 0 0 0 0 0 0 0 0 0 0 0 0 0 0 0 0 0 0 0 0 0 0 0 0 0 0 0 0 0 0 0 0 0 0 0 0 0 0 0 0 0 0 0 0 0 0 0 0 0]
[9180275749697622900998938137709691004515978729859861320147683152391698751492200479947599454013278297669143636898293592248961792158817180029931285727987194939498620273932848596193001494170161379339641485033043489136131315584274567424192128629822054572233102605065944746412144760754128913590085703454766251863655023174537196420867736366304220320582 0 0 0 0 0 0 0 0 0 0 0 0 0 0 1 0 0 0 0 0 0 0 0 0 0 0 0 0 0 0 0 0 0 0 0 0 0 0 0 0 0 0 0 0 0 0 0 0 0 0 0 0 0 0 0 0 0 0 0 0 0 0 0 0 0 0 0 0 0 0 0 0 0 0 0 0 0 0 0 0 0 0 0 0 0 0 0 0 0 0 0 0 0 0 0 0 0 0 0 0 0 0 0 0 0 0 0 0 0 0 0 0 0 0]
[9619411804380597591546476711654436484344040314068029084573577974892886163925880558425791252560719095572602526631833219236891381054915705000761435152329458778384617805091758672121242465970534011152508346749416141940692532002788026673117097548413204064723204611416165063738808440105212437384392683081408890231106532622273569264885868686735452936942 0 0 0 0 0 0 0 0 0 0 0 0 0 0 0 1 0 0 0 0 0 0 0 0 0 0 0 0 0 0 0 0 0 0 0 0 0 0 0 0 0 0 0 0 0 0 0 0 0 0 0 0 0 0 0 0 0 0 0 0 0 0 0 0 0 0 0 0 0 0 0 0 0 0 0 0 0 0 0 0 0 0 0 0 0 0 0 0 0 0 0 0 0 0 0 0 0 0 0 0 0 0 0 0 0 0 0 0 0 0 0 0 0 0]
[5485339696638942793166443418234842618913234653223604791389374072655653667067431803607831850904852547623620457503445460829111359031723442488029615787003150098353086508931414824903179533263632101462651145440360561918818722746728034481802475584602257586097850260581871522464380764921160597941757150122318851954407384365282847403242211591139086438176 0 0 0 0 0 0 0 0 0 0 0 0 0 0 0 0 1 0 0 0 0 0 0 0 0 0 0 0 0 0 0 0 0 0 0 0 0 0 0 0 0 0 0 0 0 0 0 0 0 0 0 0 0 0 0 0 0 0 0 0 0 0 0 0 0 0 0 0 0 0 0 0 0 0 0 0 0 0 0 0 0 0 0 0 0 0 0 0 0 0 0 0 0 0 0 0 0 0 0 0 0 0 0 0 0 0 0 0 0 0 0 0 0 0]
[350084414436324067724539889496322764429282551332588390447847858023510527104363442530194274068237627814794702406084167057213209263634628418809513960122499771945627072681151103479979878794014839300643671310429721512213545196983243240020342370323158807156784640523619754120394089921277952341144718671615548450719508941868254431099225123109619272369 0 0 0 0 0 0 0 0 0 0 0 0 0 0 0 0 0 1 0 0 0 0 0 0 0 0 0 0 0 0 0 0 0 0 0 0 0 0 0 0 0 0 0 0 0 0 0 0 0 0 0 0 0 0 0 0 0 0 0 0 0 0 0 0 0 0 0 0 0 0 0 0 0 0 0 0 0 0 0 0 0 0 0 0 0 0 0 0 0 0 0 0 0 0 0 0 0 0 0 0 0 0 0 0 0 0 0 0 0 0 0 0 0 0]
[2381074199678207113101682915896405636946769537385840149251569379386790619829323977080495216679374569327695156203998317447980414410548337498134003548316280496975625379068781226260427254303191419121417086005255617073437450594953434286347486854367297932901204228475263885810840820143236960910855237679726491090505081445725146093441085202070443314055 0 0 0 0 0 0 0 0 0 0 0 0 0 0 0 0 0 0 1 0 0 0 0 0 0 0 0 0 0 0 0 0 0 0 0 0 0 0 0 0 0 0 0 0 0 0 0 0 0 0 0 0 0 0 0 0 0 0 0 0 0 0 0 0 0 0 0 0 0 0 0 0 0 0 0 0 0 0 0 0 0 0 0 0 0 0 0 0 0 0 0 0 0 0 0 0 0 0 0 0 0 0 0 0 0 0 0 0 0 0 0 0 0 0]
[2032019942926514049284350576910495133389691476865847897173888649492663912874669845681727760359774833328715196626056219300924474107714392507053007118513852889652402909685452801784377687633295698811107176767287496606462488108970457560504336018245489385645559320488483136273113437865550635823185391239211095501728390231824521848839944940629007596563 0 0 0 0 0 0 0 0 0 0 0 0 0 0 0 0 0 0 0 1 0 0 0 0 0 0 0 0 0 0 0 0 0 0 0 0 0 0 0 0 0 0 0 0 0 0 0 0 0 0 0 0 0 0 0 0 0 0 0 0 0 0 0 0 0 0 0 0 0 0 0 0 0 0 0 0 0 0 0 0 0 0 0 0 0 0 0 0 0 0 0 0 0 0 0 0 0 0 0 0 0 0 0 0 0 0 0 0 0 0 0 0 0 0]
[8896718878017616204190331494970704433065399153559057125169028838286017533948767404500702001260640611575104045694828685399915086864699729610822239946208341681464033973250904605066128484496186608899802543332384286156733718772469421194058795500154202429952649876049907506515444566294136790523213284573657063586237192111534378853704547474139125772245 0 0 0 0 0 0 0 0 0 0 0 0 0 0 0 0 0 0 0 0 1 0 0 0 0 0 0 0 0 0 0 0 0 0 0 0 0 0 0 0 0 0 0 0 0 0 0 0 0 0 0 0 0 0 0 0 0 0 0 0 0 0 0 0 0 0 0 0 0 0 0 0 0 0 0 0 0 0 0 0 0 0 0 0 0 0 0 0 0 0 0 0 0 0 0 0 0 0 0 0 0 0 0 0 0 0 0 0 0 0 0 0 0 0]
[1058279669230662077717930537954688078277713675527355289010927804402593213556789267731687230761719547604924843520260981139894922845147472088750622350867652158214697399249465002260376548956241432286207261139818046422343370724047237185372701757526890562755171420255934412941828843864465267274344635230050116323843237297121206108248944240373106026104 0 0 0 0 0 0 0 0 0 0 0 0 0 0 0 0 0 0 0 0 0 1 0 0 0 0 0 0 0 0 0 0 0 0 0 0 0 0 0 0 0 0 0 0 0 0 0 0 0 0 0 0 0 0 0 0 0 0 0 0 0 0 0 0 0 0 0 0 0 0 0 0 0 0 0 0 0 0 0 0 0 0 0 0 0 0 0 0 0 0 0 0 0 0 0 0 0 0 0 0 0 0 0 0 0 0 0 0 0 0 0 0 0 0]
[7455550239913654883923148927034490555970841124061974976624438889102370435182928960544770752930178499611036890085258619011644126198301380051946193731929172203820384308880280179878169572840106530546681634448832133605957483246992046732507266176868748490613062924070799659941886800911839338216030745235026752034654639851853217638365907671817360617630 0 0 0 0 0 0 0 0 0 0 0 0 0 0 0 0 0 0 0 0 0 0 1 0 0 0 0 0 0 0 0 0 0 0 0 0 0 0 0 0 0 0 0 0 0 0 0 0 0 0 0 0 0 0 0 0 0 0 0 0 0 0 0 0 0 0 0 0 0 0 0 0 0 0 0 0 0 0 0 0 0 0 0 0 0 0 0 0 0 0 0 0 0 0 0 0 0 0 0 0 0 0 0 0 0 0 0 0 0 0 0 0 0 0]
[4866459046595872501788226084117634070462622846677495673268624880523931710974272516849449095336012332031205801207435345703983072254871903642501882967030760246313424969827698825627781782211970699660043862291476084912064731842931618805304146941208698435891182420855000693298194332696782888384243087305272223295264582250410423637963870737187179306958 0 0 0 0 0 0 0 0 0 0 0 0 0 0 0 0 0 0 0 0 0 0 0 1 0 0 0 0 0 0 0 0 0 0 0 0 0 0 0 0 0 0 0 0 0 0 0 0 0 0 0 0 0 0 0 0 0 0 0 0 0 0 0 0 0 0 0 0 0 0 0 0 0 0 0 0 0 0 0 0 0 0 0 0 0 0 0 0 0 0 0 0 0 0 0 0 0 0 0 0 0 0 0 0 0 0 0 0 0 0 0 0 0 0]
[7323392807244211877054050124170071737026787667213005836258969044951955341317519342162830336419682407551627969055233387488322200581379014846014104010708743069398829581412342256172679272238470172411677245735200855837812461377837313222582560294664294194742377406217886827293425978518916257637820593955353992677782235218139582748826511159527349071335 0 0 0 0 0 0 0 0 0 0 0 0 0 0 0 0 0 0 0 0 0 0 0 0 1 0 0 0 0 0 0 0 0 0 0 0 0 0 0 0 0 0 0 0 0 0 0 0 0 0 0 0 0 0 0 0 0 0 0 0 0 0 0 0 0 0 0 0 0 0 0 0 0 0 0 0 0 0 0 0 0 0 0 0 0 0 0 0 0 0 0 0 0 0 0 0 0 0 0 0 0 0 0 0 0 0 0 0 0 0 0 0 0 0]
[9483420567252692183902560663604486672882939623090957385269059627155284777271804807983731530192658317889124004567241061350419975859545736964258060074347160541489216702651622674266100848788248509074409484782386983264961530228548754599303173933794465438623164393443818504087396890735376579641141273983220041876745397165335032339680097211769239560050 0 0 0 0 0 0 0 0 0 0 0 0 0 0 0 0 0 0 0 0 0 0 0 0 0 1 0 0 0 0 0 0 0 0 0 0 0 0 0 0 0 0 0 0 0 0 0 0 0 0 0 0 0 0 0 0 0 0 0 0 0 0 0 0 0 0 0 0 0 0 0 0 0 0 0 0 0 0 0 0 0 0 0 0 0 0 0 0 0 0 0 0 0 0 0 0 0 0 0 0 0 0 0 0 0 0 0 0 0 0 0 0 0 0]
[405218167796899985652371195515269156414039431333693856931241720872824679320343461520489201691093735458141850250539707474891531413342451687386061640125996175169169593342305775174172240591608297308025338203656129012022932166010128812034545901669599610084629631510429912374110573882151597841544195190068144021696865145174379070607975609355192597678 0 0 0 0 0 0 0 0 0 0 0 0 0 0 0 0 0 0 0 0 0 0 0 0 0 0 1 0 0 0 0 0 0 0 0 0 0 0 0 0 0 0 0 0 0 0 0 0 0 0 0 0 0 0 0 0 0 0 0 0 0 0 0 0 0 0 0 0 0 0 0 0 0 0 0 0 0 0 0 0 0 0 0 0 0 0 0 0 0 0 0 0 0 0 0 0 0 0 0 0 0 0 0 0 0 0 0 0 0 0 0 0 0 0]
[567864725369562885895944609255502478439070847459301837746571351476518180344214103557818169970472035370826275054180781129746341803459784113068797382256932725115354849524067329644417044251317204396319418200076973666629274337402125207730339479280167942449510649424615647587307614024514090293637886048358375138241065650563906356619173855380305849924 0 0 0 0 0 0 0 0 0 0 0 0 0 0 0 0 0 0 0 0 0 0 0 0 0 0 0 1 0 0 0 0 0 0 0 0 0 0 0 0 0 0 0 0 0 0 0 0 0 0 0 0 0 0 0 0 0 0 0 0 0 0 0 0 0 0 0 0 0 0 0 0 0 0 0 0 0 0 0 0 0 0 0 0 0 0 0 0 0 0 0 0 0 0 0 0 0 0 0 0 0 0 0 0 0 0 0 0 0 0 0 0 0 0]
[5472496911807805979403011296770338940600533025576130103565294723314519671126529727128231573740080300508107172354379271685201485002517096418891191507033234597096547336139732969216581069180908336505646781287801037180350045591663624614641977357882740080004524179195546297381410252566517332532838779155250268908119924520994716143623911086035858649344 0 0 0 0 0 0 0 0 0 0 0 0 0 0 0 0 0 0 0 0 0 0 0 0 0 0 0 0 1 0 0 0 0 0 0 0 0 0 0 0 0 0 0 0 0 0 0 0 0 0 0 0 0 0 0 0 0 0 0 0 0 0 0 0 0 0 0 0 0 0 0 0 0 0 0 0 0 0 0 0 0 0 0 0 0 0 0 0 0 0 0 0 0 0 0 0 0 0 0 0 0 0 0 0 0 0 0 0 0 0 0 0 0 0]
[9752290645211197389541545699992569313756075720608403354843951217018588577238110514935127662720224589161050130820590611517046464978951423620319144910763440196472840416530373156903971745505914573965713557507477345418851704087923799541414495758048865691580226430959046537791993008634949043445423527871821422597673641829404941733355688950299048777747 0 0 0 0 0 0 0 0 0 0 0 0 0 0 0 0 0 0 0 0 0 0 0 0 0 0 0 0 0 1 0 0 0 0 0 0 0 0 0 0 0 0 0 0 0 0 0 0 0 0 0 0 0 0 0 0 0 0 0 0 0 0 0 0 0 0 0 0 0 0 0 0 0 0 0 0 0 0 0 0 0 0 0 0 0 0 0 0 0 0 0 0 0 0 0 0 0 0 0 0 0 0 0 0 0 0 0 0 0 0 0 0 0 0]
[4982243654667777226374374089738573393880063464022462558011036515493812375602542425631486128338172141505425614500261675942598745048671696786265298585871646091926319963505833062733587065299552363488487694169088380026468355713544238498475759896322451402310235131644349428729511845844215354464758987028843094705557480989344556946883529660381863368176 0 0 0 0 0 0 0 0 0 0 0 0 0 0 0 0 0 0 0 0 0 0 0 0 0 0 0 0 0 0 1 0 0 0 0 0 0 0 0 0 0 0 0 0 0 0 0 0 0 0 0 0 0 0 0 0 0 0 0 0 0 0 0 0 0 0 0 0 0 0 0 0 0 0 0 0 0 0 0 0 0 0 0 0 0 0 0 0 0 0 0 0 0 0 0 0 0 0 0 0 0 0 0 0 0 0 0 0 0 0 0 0 0 0]
[239961116236701316319340729346319834895526930505998345431803012650299669673442419083642303666446491460837188229016627586974444310708834506199565324720734876290719760320739882956928249791850755057061479568323916087329532277032925449785058909799631391543033505444611911878865817370481128165930045786950495249558800853976535263276156679094874205627 0 0 0 0 0 0 0 0 0 0 0 0 0 0 0 0 0 0 0 0 0 0 0 0 0 0 0 0 0 0 0 1 0 0 0 0 0 0 0 0 0 0 0 0 0 0 0 0 0 0 0 0 0 0 0 0 0 0 0 0 0 0 0 0 0 0 0 0 0 0 0 0 0 0 0 0 0 0 0 0 0 0 0 0 0 0 0 0 0 0 0 0 0 0 0 0 0 0 0 0 0 0 0 0 0 0 0 0 0 0 0 0 0 0]
[5445944045834459675495565561929317334942891696217952682519712407559911124245580094997707970030762701638430213953695769072312715694633410461243883357649254424506378678477418942095496056100147379615465007411448723760199817152435660128816399018381968967040522437697423604018899624517052165506288592647360623303188900365338327309492159619649361828724 0 0 0 0 0 0 0 0 0 0 0 0 0 0 0 0 0 0 0 0 0 0 0 0 0 0 0 0 0 0 0 0 1 0 0 0 0 0 0 0 0 0 0 0 0 0 0 0 0 0 0 0 0 0 0 0 0 0 0 0 0 0 0 0 0 0 0 0 0 0 0 0 0 0 0 0 0 0 0 0 0 0 0 0 0 0 0 0 0 0 0 0 0 0 0 0 0 0 0 0 0 0 0 0 0 0 0 0 0 0 0 0 0 0]
[8300941635925541388370248260251752851384884305284224074608889614773177948064633608786226533345367610378541638007315691930695197555930890296904167523457021476723126844049813725265147249004386525382424932311024139072458438573521995913868816747424512471272137291395183105871989149239837121693532846015050874648403910263167666876316956885771651587883 0 0 0 0 0 0 0 0 0 0 0 0 0 0 0 0 0 0 0 0 0 0 0 0 0 0 0 0 0 0 0 0 0 1 0 0 0 0 0 0 0 0 0 0 0 0 0 0 0 0 0 0 0 0 0 0 0 0 0 0 0 0 0 0 0 0 0 0 0 0 0 0 0 0 0 0 0 0 0 0 0 0 0 0 0 0 0 0 0 0 0 0 0 0 0 0 0 0 0 0 0 0 0 0 0 0 0 0 0 0 0 0 0 0]
[6837951474498863060494235566447085962695538207885243634251490793546968277529596617450325182316558947657599859124336297607133125411959002580456818476838528038225043372872155506811464147466629793248807088030474923832040955655214498985819167922735741903152552999103865263178711123463842897243175181117146804516942246486976953965443712954949549001479 0 0 0 0 0 0 0 0 0 0 0 0 0 0 0 0 0 0 0 0 0 0 0 0 0 0 0 0 0 0 0 0 0 0 1 0 0 0 0 0 0 0 0 0 0 0 0 0 0 0 0 0 0 0 0 0 0 0 0 0 0 0 0 0 0 0 0 0 0 0 0 0 0 0 0 0 0 0 0 0 0 0 0 0 0 0 0 0 0 0 0 0 0 0 0 0 0 0 0 0 0 0 0 0 0 0 0 0 0 0 0 0 0 0]
[5141722074719329596118013231907487299132223858145858099840214866271268122388271313582457995762015053609547521878531908497764319969616180547513307018934860756911726765095975177006240470304847930961688934679811083774553593668831148766104298494685471579394366313456732418284752166217193918444594000891822072686932472292650766109350057735164678504190 0 0 0 0 0 0 0 0 0 0 0 0 0 0 0 0 0 0 0 0 0 0 0 0 0 0 0 0 0 0 0 0 0 0 0 1 0 0 0 0 0 0 0 0 0 0 0 0 0 0 0 0 0 0 0 0 0 0 0 0 0 0 0 0 0 0 0 0 0 0 0 0 0 0 0 0 0 0 0 0 0 0 0 0 0 0 0 0 0 0 0 0 0 0 0 0 0 0 0 0 0 0 0 0 0 0 0 0 0 0 0 0 0 0]
[7269313645767068189794417269070644107081131818444395057147325299851298919916363065694176596262790871888128726640474902600599754862371994078752005824022087950355032419137441663228136962062513371780268080998126986309059747657469917923344162026095800795318795942844412752047214122132734480976956277521292119486717292232251841098352552230541131866385 0 0 0 0 0 0 0 0 0 0 0 0 0 0 0 0 0 0 0 0 0 0 0 0 0 0 0 0 0 0 0 0 0 0 0 0 1 0 0 0 0 0 0 0 0 0 0 0 0 0 0 0 0 0 0 0 0 0 0 0 0 0 0 0 0 0 0 0 0 0 0 0 0 0 0 0 0 0 0 0 0 0 0 0 0 0 0 0 0 0 0 0 0 0 0 0 0 0 0 0 0 0 0 0 0 0 0 0 0 0 0 0 0 0]
[6168066381256108762206665752471289238904965942056546978449629239553917420789196672604835647843433161146475838691293654968154346878828208210332100363352285633646607153602792130108932300148352853551875115400062952355663094626703908849843707026906355753390593681985324951048244128201280871795967876714305918601721555687364289796697759334326450265831 0 0 0 0 0 0 0 0 0 0 0 0 0 0 0 0 0 0 0 0 0 0 0 0 0 0 0 0 0 0 0 0 0 0 0 0 0 1 0 0 0 0 0 0 0 0 0 0 0 0 0 0 0 0 0 0 0 0 0 0 0 0 0 0 0 0 0 0 0 0 0 0 0 0 0 0 0 0 0 0 0 0 0 0 0 0 0 0 0 0 0 0 0 0 0 0 0 0 0 0 0 0 0 0 0 0 0 0 0 0 0 0 0 0]
[8165358058371778099950463576289380457559594850924805797384451698712502825775884040866207086030029396615160493550214896256664911649987741835902632206536937447228547014578487347847519128419060209090064882082880497594045636249687714905398529355648719947107095814781249456469826220491189529642495669167316626852508267128740265492859661035951524938928 0 0 0 0 0 0 0 0 0 0 0 0 0 0 0 0 0 0 0 0 0 0 0 0 0 0 0 0 0 0 0 0 0 0 0 0 0 0 1 0 0 0 0 0 0 0 0 0 0 0 0 0 0 0 0 0 0 0 0 0 0 0 0 0 0 0 0 0 0 0 0 0 0 0 0 0 0 0 0 0 0 0 0 0 0 0 0 0 0 0 0 0 0 0 0 0 0 0 0 0 0 0 0 0 0 0 0 0 0 0 0 0 0 0]
[7088593448875752162669381671019922357605590921526499849638626631879607420561760693703862481699528795288515551048597227062816431571007935380795808693527994872159307733992863010328624653638800434368442540943187374837549581759754645170441522790246737597429105103397119482849385256453439756677321765639521540811232272326160718646526039636779548439450 0 0 0 0 0 0 0 0 0 0 0 0 0 0 0 0 0 0 0 0 0 0 0 0 0 0 0 0 0 0 0 0 0 0 0 0 0 0 0 1 0 0 0 0 0 0 0 0 0 0 0 0 0 0 0 0 0 0 0 0 0 0 0 0 0 0 0 0 0 0 0 0 0 0 0 0 0 0 0 0 0 0 0 0 0 0 0 0 0 0 0 0 0 0 0 0 0 0 0 0 0 0 0 0 0 0 0 0 0 0 0 0 0 0]
[589138795174962536727989775022803381718093936299107735252226902973569514253593879676766675740145134543700458509156033191453282744596895951147065885589651967282007057287760701808002391394465072342926634347204748767975288420107156909565302991227333961085043678393138368707884847339154318050643066057829050370726965372673693969802296457594135472898 0 0 0 0 0 0 0 0 0 0 0 0 0 0 0 0 0 0 0 0 0 0 0 0 0 0 0 0 0 0 0 0 0 0 0 0 0 0 0 0 1 0 0 0 0 0 0 0 0 0 0 0 0 0 0 0 0 0 0 0 0 0 0 0 0 0 0 0 0 0 0 0 0 0 0 0 0 0 0 0 0 0 0 0 0 0 0 0 0 0 0 0 0 0 0 0 0 0 0 0 0 0 0 0 0 0 0 0 0 0 0 0 0 0]
[6157513717844666966988696081900984134054411237964181272420992513794917015706884750364654004369158342590258463746552652990712449252882925778848194540375378711422475396788072617380997793333801432066417603874383882959902835634967580010430889540202776868866402399858405075318992769230276867962965445382459667017555301902304501075647183452158377275503 0 0 0 0 0 0 0 0 0 0 0 0 0 0 0 0 0 0 0 0 0 0 0 0 0 0 0 0 0 0 0 0 0 0 0 0 0 0 0 0 0 1 0 0 0 0 0 0 0 0 0 0 0 0 0 0 0 0 0 0 0 0 0 0 0 0 0 0 0 0 0 0 0 0 0 0 0 0 0 0 0 0 0 0 0 0 0 0 0 0 0 0 0 0 0 0 0 0 0 0 0 0 0 0 0 0 0 0 0 0 0 0 0 0]
[8446261970646171385378203158093623984933199788897004571689213232912897529782947920089104805744899608622665360978637529234058823207727545445774288794312694846294683666418307093134437779426865336535981421868413947150654177388468716498575212897739181364004684753777242399836618305262022248236464052247539010994607544555897173498047391337376829528251 0 0 0 0 0 0 0 0 0 0 0 0 0 0 0 0 0 0 0 0 0 0 0 0 0 0 0 0 0 0 0 0 0 0 0 0 0 0 0 0 0 0 1 0 0 0 0 0 0 0 0 0 0 0 0 0 0 0 0 0 0 0 0 0 0 0 0 0 0 0 0 0 0 0 0 0 0 0 0 0 0 0 0 0 0 0 0 0 0 0 0 0 0 0 0 0 0 0 0 0 0 0 0 0 0 0 0 0 0 0 0 0 0 0]
[5490502885063923904769844414741998234185105467371572336215282822635140731147507103901841999374033091465180412119061400165323467888419910137473726335931646202406567664669489234315338952091373407124401369188436304675874959880092853226903935947819822688818460104509061767849198259638631453427387600272734778060070525416368751082517388606356985924445 0 0 0 0 0 0 0 0 0 0 0 0 0 0 0 0 0 0 0 0 0 0 0 0 0 0 0 0 0 0 0 0 0 0 0 0 0 0 0 0 0 0 0 1 0 0 0 0 0 0 0 0 0 0 0 0 0 0 0 0 0 0 0 0 0 0 0 0 0 0 0 0 0 0 0 0 0 0 0 0 0 0 0 0 0 0 0 0 0 0 0 0 0 0 0 0 0 0 0 0 0 0 0 0 0 0 0 0 0 0 0 0 0 0]
[9307657929172795650443611703368269522709934954839055828520610574397499595744081010227882688333760923518867506864075451715167576300520875363991348759651055560586827636437849606726356537069300477304213503987754705649887603449575609306708827401347208600969752526680282161541528048038930852738603391188880373323793291261528287960941191930785017740884 0 0 0 0 0 0 0 0 0 0 0 0 0 0 0 0 0 0 0 0 0 0 0 0 0 0 0 0 0 0 0 0 0 0 0 0 0 0 0 0 0 0 0 0 1 0 0 0 0 0 0 0 0 0 0 0 0 0 0 0 0 0 0 0 0 0 0 0 0 0 0 0 0 0 0 0 0 0 0 0 0 0 0 0 0 0 0 0 0 0 0 0 0 0 0 0 0 0 0 0 0 0 0 0 0 0 0 0 0 0 0 0 0 0]
[2047582279000787863528058754623650115254366349624952916882909256579659900984853837232326616871102053846598873666640439161752469791942953522831513823732828650892854564280544917453652676533083038140092933137635319171803490589259024786071883700162819212715679057805042468148042823452989340837931593069036550010288033799024621805059775920061484072356 0 0 0 0 0 0 0 0 0 0 0 0 0 0 0 0 0 0 0 0 0 0 0 0 0 0 0 0 0 0 0 0 0 0 0 0 0 0 0 0 0 0 0 0 0 1 0 0 0 0 0 0 0 0 0 0 0 0 0 0 0 0 0 0 0 0 0 0 0 0 0 0 0 0 0 0 0 0 0 0 0 0 0 0 0 0 0 0 0 0 0 0 0 0 0 0 0 0 0 0 0 0 0 0 0 0 0 0 0 0 0 0 0 0]
[9743362159355329263936278717398304560964107907726524341921490963545901874374178827867741735598472238008454838214379915254261888910021460130532765603443739414772289618482407513899672480050975972417522227902192888000142287985082760755217704841906460884974488585263745086781868923232007657067688364338057429390479848541664128239511264145031369491887 0 0 0 0 0 0 0 0 0 0 0 0 0 0 0 0 0 0 0 0 0 0 0 0 0 0 0 0 0 0 0 0 0 0 0 0 0 0 0 0 0 0 0 0 0 0 1 0 0 0 0 0 0 0 0 0 0 0 0 0 0 0 0 0 0 0 0 0 0 0 0 0 0 0 0 0 0 0 0 0 0 0 0 0 0 0 0 0 0 0 0 0 0 0 0 0 0 0 0 0 0 0 0 0 0 0 0 0 0 0 0 0 0 0]
[1472728098078371690111591349097261728352146198578841235760581216755172813590042479455923926067572057167148114446239882160610810427004973335487805773554830555345395389981495458994913368460148412283654325846225064510187554630282390469750901937128581739563258857174482004115261851607246146188072035434105294534134812352343752772392286669534315171909 0 0 0 0 0 0 0 0 0 0 0 0 0 0 0 0 0 0 0 0 0 0 0 0 0 0 0 0 0 0 0 0 0 0 0 0 0 0 0 0 0 0 0 0 0 0 0 1 0 0 0 0 0 0 0 0 0 0 0 0 0 0 0 0 0 0 0 0 0 0 0 0 0 0 0 0 0 0 0 0 0 0 0 0 0 0 0 0 0 0 0 0 0 0 0 0 0 0 0 0 0 0 0 0 0 0 0 0 0 0 0 0 0 0]
[6590968251995120782053436067489689476560329691405688514132109515904036763895276776963342934657295426218228868976564010338118327047340881241635106616655701876878390905288827858235739790799282299661362754141089245594853521527759978329797630862517070234109987357461405207119602364747422837720905725854869022452089302414056329254343330890154829787031 0 0 0 0 0 0 0 0 0 0 0 0 0 0 0 0 0 0 0 0 0 0 0 0 0 0 0 0 0 0 0 0 0 0 0 0 0 0 0 0 0 0 0 0 0 0 0 0 1 0 0 0 0 0 0 0 0 0 0 0 0 0 0 0 0 0 0 0 0 0 0 0 0 0 0 0 0 0 0 0 0 0 0 0 0 0 0 0 0 0 0 0 0 0 0 0 0 0 0 0 0 0 0 0 0 0 0 0 0 0 0 0 0 0]
[6451656267609802164304866978158928039804538910890184086552894425245502486837071149169939441832920240476317188048569258573609193910117688519838103187389066432307378400286749568181871773076202870401372450029196394762608345438702365670426728071502522318030465554631701370135624548194102775630268673125414343877901056613318153369539682908702413480134 0 0 0 0 0 0 0 0 0 0 0 0 0 0 0 0 0 0 0 0 0 0 0 0 0 0 0 0 0 0 0 0 0 0 0 0 0 0 0 0 0 0 0 0 0 0 0 0 0 1 0 0 0 0 0 0 0 0 0 0 0 0 0 0 0 0 0 0 0 0 0 0 0 0 0 0 0 0 0 0 0 0 0 0 0 0 0 0 0 0 0 0 0 0 0 0 0 0 0 0 0 0 0 0 0 0 0 0 0 0 0 0 0 0]
[8310947017683885789570128972406500099727734842571622819141135164197344287953427343065004498321951235902329537927153299982637277110654902869670223467399915761470385374650016420085292686582642463120001737190114071755679381446241016997910905601954774882347039100330997169567049738316978495487209034993234213183791462190611418234583530952586634893785 0 0 0 0 0 0 0 0 0 0 0 0 0 0 0 0 0 0 0 0 0 0 0 0 0 0 0 0 0 0 0 0 0 0 0 0 0 0 0 0 0 0 0 0 0 0 0 0 0 0 1 0 0 0 0 0 0 0 0 0 0 0 0 0 0 0 0 0 0 0 0 0 0 0 0 0 0 0 0 0 0 0 0 0 0 0 0 0 0 0 0 0 0 0 0 0 0 0 0 0 0 0 0 0 0 0 0 0 0 0 0 0 0 0]
[2177980497280921298422767909178954066890364395637544786143308622900766261322180561272877225118757652936819563931193150708350981685338832797100450498434806096652390939025111321343666124116855786100605175720306495584495198838238206507659603648587618794565958874183825584400524159402961913285175186539282901638917414735867984880215021781732121920530 0 0 0 0 0 0 0 0 0 0 0 0 0 0 0 0 0 0 0 0 0 0 0 0 0 0 0 0 0 0 0 0 0 0 0 0 0 0 0 0 0 0 0 0 0 0 0 0 0 0 0 1 0 0 0 0 0 0 0 0 0 0 0 0 0 0 0 0 0 0 0 0 0 0 0 0 0 0 0 0 0 0 0 0 0 0 0 0 0 0 0 0 0 0 0 0 0 0 0 0 0 0 0 0 0 0 0 0 0 0 0 0 0 0]
[1331190825477034096764469148071016154874347035280395143779395957934468437613086067284471601701800062161617071507031584395610597854199785153768999151934348338223622443989728128836812858013715276282579994873785353759232438630184334978625957960527994594456660791566283768240969313618251456079482857462172154597368910402503999509144148800932324507891 0 0 0 0 0 0 0 0 0 0 0 0 0 0 0 0 0 0 0 0 0 0 0 0 0 0 0 0 0 0 0 0 0 0 0 0 0 0 0 0 0 0 0 0 0 0 0 0 0 0 0 0 1 0 0 0 0 0 0 0 0 0 0 0 0 0 0 0 0 0 0 0 0 0 0 0 0 0 0 0 0 0 0 0 0 0 0 0 0 0 0 0 0 0 0 0 0 0 0 0 0 0 0 0 0 0 0 0 0 0 0 0 0 0]
[8144434936915566241595735378134733911156213049739703647446762712907867503835083093628117694898895126822261912749980358974450449906422260478141082736259655791237467176809085377765627087069285962258850264734283361775304217103191762556962233988481254959380749508248838472905452606658949374826636231301694280134534864819387774608051112077985465369514 0 0 0 0 0 0 0 0 0 0 0 0 0 0 0 0 0 0 0 0 0 0 0 0 0 0 0 0 0 0 0 0 0 0 0 0 0 0 0 0 0 0 0 0 0 0 0 0 0 0 0 0 0 1 0 0 0 0 0 0 0 0 0 0 0 0 0 0 0 0 0 0 0 0 0 0 0 0 0 0 0 0 0 0 0 0 0 0 0 0 0 0 0 0 0 0 0 0 0 0 0 0 0 0 0 0 0 0 0 0 0 0 0 0]
[6164754202857688329612939979752897282066186125249252881863741053342768085503638549350066082142618640290853384199305698471768167283676596525034992532768685942600955847913365077468342737561087000281627116532545598098931990719762979160604032195025630127988775020014123198143225793482424707680268827436540175893328754776572587907456457306551559174428 0 0 0 0 0 0 0 0 0 0 0 0 0 0 0 0 0 0 0 0 0 0 0 0 0 0 0 0 0 0 0 0 0 0 0 0 0 0 0 0 0 0 0 0 0 0 0 0 0 0 0 0 0 0 1 0 0 0 0 0 0 0 0 0 0 0 0 0 0 0 0 0 0 0 0 0 0 0 0 0 0 0 0 0 0 0 0 0 0 0 0 0 0 0 0 0 0 0 0 0 0 0 0 0 0 0 0 0 0 0 0 0 0 0]
[6835528003959690912181159029205202797106391979209061694769848848156455099416839695439144219262819162836511272575973720702916854067799935804065081787194891503284648452134109831725189432317108823335795831923922687831695356058398620434628550982109128446179071237750484036752350076460848479396613001920899348757747718013814811653413787148434202840303 0 0 0 0 0 0 0 0 0 0 0 0 0 0 0 0 0 0 0 0 0 0 0 0 0 0 0 0 0 0 0 0 0 0 0 0 0 0 0 0 0 0 0 0 0 0 0 0 0 0 0 0 0 0 0 1 0 0 0 0 0 0 0 0 0 0 0 0 0 0 0 0 0 0 0 0 0 0 0 0 0 0 0 0 0 0 0 0 0 0 0 0 0 0 0 0 0 0 0 0 0 0 0 0 0 0 0 0 0 0 0 0 0 0]
[168809981069357654154655326795700818656554246126813993089547821093667647485086253783841506948007071518868108318128765444735496750962381356752449864261374026844921139091548119078865494183992108187279616614112859149014271613348366380563777492789989270627273910830147954605951029051818972346769569679739189401553061755904758720816103807178118105151 0 0 0 0 0 0 0 0 0 0 0 0 0 0 0 0 0 0 0 0 0 0 0 0 0 0 0 0 0 0 0 0 0 0 0 0 0 0 0 0 0 0 0 0 0 0 0 0 0 0 0 0 0 0 0 0 1 0 0 0 0 0 0 0 0 0 0 0 0 0 0 0 0 0 0 0 0 0 0 0 0 0 0 0 0 0 0 0 0 0 0 0 0 0 0 0 0 0 0 0 0 0 0 0 0 0 0 0 0 0 0 0 0 0]
[4624543022897760672333798078762582792541017182849960923226660063112144043996930344618921614521711134306220062828850530294384536680998147246035528255803285865711550652522144887810822809072428926095676289118756086814099625893049813870613638355851766656030060932743455847672531852860928884907758486241149680303637249652168937141333560272533941566075 0 0 0 0 0 0 0 0 0 0 0 0 0 0 0 0 0 0 0 0 0 0 0 0 0 0 0 0 0 0 0 0 0 0 0 0 0 0 0 0 0 0 0 0 0 0 0 0 0 0 0 0 0 0 0 0 0 1 0 0 0 0 0 0 0 0 0 0 0 0 0 0 0 0 0 0 0 0 0 0 0 0 0 0 0 0 0 0 0 0 0 0 0 0 0 0 0 0 0 0 0 0 0 0 0 0 0 0 0 0 0 0 0 0]
[2852139686932583188880952619355818716851210886017203376738818070018997701615788717138222997532823918863932378953937072315994349137614454801542980702196959704206019650486677477806412183179587265829656391733787641665837030800634646255110889145823807137795679436239639700148612295918199391001274691250434635109424646911305441777288068473425761869428 0 0 0 0 0 0 0 0 0 0 0 0 0 0 0 0 0 0 0 0 0 0 0 0 0 0 0 0 0 0 0 0 0 0 0 0 0 0 0 0 0 0 0 0 0 0 0 0 0 0 0 0 0 0 0 0 0 0 1 0 0 0 0 0 0 0 0 0 0 0 0 0 0 0 0 0 0 0 0 0 0 0 0 0 0 0 0 0 0 0 0 0 0 0 0 0 0 0 0 0 0 0 0 0 0 0 0 0 0 0 0 0 0 0]
[5916439984124442522375642239629501382868385747526667261550396521381667754898331298725369335930612844547441554767151648243316230447395318160449775425210098177560873788996087236414749296232569181144375229506903580177309015377661895542854697167688857250056599179188471394169201125292319245724397133798819075741831884539291087164403706777590641221762 0 0 0 0 0 0 0 0 0 0 0 0 0 0 0 0 0 0 0 0 0 0 0 0 0 0 0 0 0 0 0 0 0 0 0 0 0 0 0 0 0 0 0 0 0 0 0 0 0 0 0 0 0 0 0 0 0 0 0 1 0 0 0 0 0 0 0 0 0 0 0 0 0 0 0 0 0 0 0 0 0 0 0 0 0 0 0 0 0 0 0 0 0 0 0 0 0 0 0 0 0 0 0 0 0 0 0 0 0 0 0 0 0 0]
[9222702081459004117049058618846457122760867470040864301831416551163308043889430188129056777795276827788285263033929800429400271341626796474423989538431000772999461399954861797337890443596501161367434872470978766897505989266944096211168355321208934956580887406260027965770136856699635803672886699153102600689121117125718152651846071444511416070335 0 0 0 0 0 0 0 0 0 0 0 0 0 0 0 0 0 0 0 0 0 0 0 0 0 0 0 0 0 0 0 0 0 0 0 0 0 0 0 0 0 0 0 0 0 0 0 0 0 0 0 0 0 0 0 0 0 0 0 0 1 0 0 0 0 0 0 0 0 0 0 0 0 0 0 0 0 0 0 0 0 0 0 0 0 0 0 0 0 0 0 0 0 0 0 0 0 0 0 0 0 0 0 0 0 0 0 0 0 0 0 0 0 0]
[3771081270534459170873394568671843790999028813347534191058840660097175986136898050536024704455002379281948517243591263841128354963030792955361041835559973422323967275591493779094502370225728879274253279622492337975194726076420621338181573239119771371967191666786242245998412800001935011305258093791110060261417915858202667237419414931031164042987 0 0 0 0 0 0 0 0 0 0 0 0 0 0 0 0 0 0 0 0 0 0 0 0 0 0 0 0 0 0 0 0 0 0 0 0 0 0 0 0 0 0 0 0 0 0 0 0 0 0 0 0 0 0 0 0 0 0 0 0 0 1 0 0 0 0 0 0 0 0 0 0 0 0 0 0 0 0 0 0 0 0 0 0 0 0 0 0 0 0 0 0 0 0 0 0 0 0 0 0 0 0 0 0 0 0 0 0 0 0 0 0 0 0]
[435644227651145268104505175388698256757870933289473417207600475780694347412887702065296094438285827629465464854155475320952101471838603552686746059055296349454630214892630602558333262673507796079298730148901380376184597759889512284134164660207447844037086320811341052534486658189459801582645490562948207103333358631889995592689048877934684390797 0 0 0 0 0 0 0 0 0 0 0 0 0 0 0 0 0 0 0 0 0 0 0 0 0 0 0 0 0 0 0 0 0 0 0 0 0 0 0 0 0 0 0 0 0 0 0 0 0 0 0 0 0 0 0 0 0 0 0 0 0 0 1 0 0 0 0 0 0 0 0 0 0 0 0 0 0 0 0 0 0 0 0 0 0 0 0 0 0 0 0 0 0 0 0 0 0 0 0 0 0 0 0 0 0 0 0 0 0 0 0 0 0 0]
[6490827612299343977769803259717112697368224175532613132127389643199979453813140873838230545646985134373530089688974337974695589393424270713003944892897541060324948317942022586671666044980523272171035095414921807560877803327501329205996388359381796049016091506704625951040965072668737121135540118953005347995073369854517355055274256350721126176865 0 0 0 0 0 0 0 0 0 0 0 0 0 0 0 0 0 0 0 0 0 0 0 0 0 0 0 0 0 0 0 0 0 0 0 0 0 0 0 0 0 0 0 0 0 0 0 0 0 0 0 0 0 0 0 0 0 0 0 0 0 0 0 1 0 0 0 0 0 0 0 0 0 0 0 0 0 0 0 0 0 0 0 0 0 0 0 0 0 0 0 0 0 0 0 0 0 0 0 0 0 0 0 0 0 0 0 0 0 0 0 0 0 0]
[3659640430591792626968980917140977117734227918332099532532542492904691912349744341145073031105223660873084483175271671317186493595874783497071280803809284664187458165139902614556788925039174205548191848011140224380077026904251482493222602521873454044693792386025950107269466404850210516554781659607239255925374139550939487137116172977008979467349 0 0 0 0 0 0 0 0 0 0 0 0 0 0 0 0 0 0 0 0 0 0 0 0 0 0 0 0 0 0 0 0 0 0 0 0 0 0 0 0 0 0 0 0 0 0 0 0 0 0 0 0 0 0 0 0 0 0 0 0 0 0 0 0 1 0 0 0 0 0 0 0 0 0 0 0 0 0 0 0 0 0 0 0 0 0 0 0 0 0 0 0 0 0 0 0 0 0 0 0 0 0 0 0 0 0 0 0 0 0 0 0 0 0]
[4303072347046163911463918046064255676491125032462133987925779881284494298941966235759378836281699307565127142703037941374694601252655868794646062169605042823216928684706710299359711979162780615571543040772824322684166770743037884910691014810144828672268259041400422053712979434672092475425484511641006897884243759033054173805922307202211825877128 0 0 0 0 0 0 0 0 0 0 0 0 0 0 0 0 0 0 0 0 0 0 0 0 0 0 0 0 0 0 0 0 0 0 0 0 0 0 0 0 0 0 0 0 0 0 0 0 0 0 0 0 0 0 0 0 0 0 0 0 0 0 0 0 0 1 0 0 0 0 0 0 0 0 0 0 0 0 0 0 0 0 0 0 0 0 0 0 0 0 0 0 0 0 0 0 0 0 0 0 0 0 0 0 0 0 0 0 0 0 0 0 0 0]
[5602225297468940313269652861127063369492205700430618818780351882696478058962551563098034865052840614108187060236682119627091672913912016273181433526970084550873401837562576196218002817294503315765469135137236066306601534607193899508205421641954919864954066369936392799551061660052568057387661934037470662641052712465418898019302473055440158482770 0 0 0 0 0 0 0 0 0 0 0 0 0 0 0 0 0 0 0 0 0 0 0 0 0 0 0 0 0 0 0 0 0 0 0 0 0 0 0 0 0 0 0 0 0 0 0 0 0 0 0 0 0 0 0 0 0 0 0 0 0 0 0 0 0 0 1 0 0 0 0 0 0 0 0 0 0 0 0 0 0 0 0 0 0 0 0 0 0 0 0 0 0 0 0 0 0 0 0 0 0 0 0 0 0 0 0 0 0 0 0 0 0 0]
[6483965138025891156725948201367308952073071097118489218089915674905724987330316775096648689633804823792505016115599803449489330114321563568343621896501865626253144147623923382783976940336204442059834631061346185384439922276375225643560635274148551704383701447850547506558008245059299546713544111222639692879658843436039881503276693816111816725670 0 0 0 0 0 0 0 0 0 0 0 0 0 0 0 0 0 0 0 0 0 0 0 0 0 0 0 0 0 0 0 0 0 0 0 0 0 0 0 0 0 0 0 0 0 0 0 0 0 0 0 0 0 0 0 0 0 0 0 0 0 0 0 0 0 0 0 1 0 0 0 0 0 0 0 0 0 0 0 0 0 0 0 0 0 0 0 0 0 0 0 0 0 0 0 0 0 0 0 0 0 0 0 0 0 0 0 0 0 0 0 0 0 0]
[5255603128099409625093881485668314924311539215937201754956501745199454968143033756645191793171643211075308564507579723835507667978956888320202586857577306184957725969637956926086598300858813724519318367328120844743839936591701193988662100630812834101295234152750933894723917264592251442951965194400802231919167463484227954255632778515921712417718 0 0 0 0 0 0 0 0 0 0 0 0 0 0 0 0 0 0 0 0 0 0 0 0 0 0 0 0 0 0 0 0 0 0 0 0 0 0 0 0 0 0 0 0 0 0 0 0 0 0 0 0 0 0 0 0 0 0 0 0 0 0 0 0 0 0 0 0 1 0 0 0 0 0 0 0 0 0 0 0 0 0 0 0 0 0 0 0 0 0 0 0 0 0 0 0 0 0 0 0 0 0 0 0 0 0 0 0 0 0 0 0 0 0]
[7398869121062686074304475740101141965123753276915344467268761537650790018432853150621248056490320717918724771193687980628377397501882683531381066441774931686724209671777656466587974557997188904868854118303734388850644049841684670385374453607982446440415536697336479973516994638531021264568267914317007676194172285063287739702188138929450646483698 0 0 0 0 0 0 0 0 0 0 0 0 0 0 0 0 0 0 0 0 0 0 0 0 0 0 0 0 0 0 0 0 0 0 0 0 0 0 0 0 0 0 0 0 0 0 0 0 0 0 0 0 0 0 0 0 0 0 0 0 0 0 0 0 0 0 0 0 0 1 0 0 0 0 0 0 0 0 0 0 0 0 0 0 0 0 0 0 0 0 0 0 0 0 0 0 0 0 0 0 0 0 0 0 0 0 0 0 0 0 0 0 0 0]
[9842470562462214755654591500881428666303628781617945988477794459435236810608632017291642588533688152593266751528553405989018024605791122971398825832293455981251089695235606992920066008644833302310763397187080808915721359110848170302052799718911700114241405365463431881629094696227252512490226475896108867438381141004749097279483367707056229404969 0 0 0 0 0 0 0 0 0 0 0 0 0 0 0 0 0 0 0 0 0 0 0 0 0 0 0 0 0 0 0 0 0 0 0 0 0 0 0 0 0 0 0 0 0 0 0 0 0 0 0 0 0 0 0 0 0 0 0 0 0 0 0 0 0 0 0 0 0 0 1 0 0 0 0 0 0 0 0 0 0 0 0 0 0 0 0 0 0 0 0 0 0 0 0 0 0 0 0 0 0 0 0 0 0 0 0 0 0 0 0 0 0 0]
[6665044397524356261053699435282476064577188499654048792261729695208428769032043129963494663265923199876238371985063157687383122136288372379080823872514566757779943463563938741006074705115039425846930055900097776314189837597167160561605274043657929208906591154925927174259589694495826490928340827169155538731571739673407000358007836190817822345877 0 0 0 0 0 0 0 0 0 0 0 0 0 0 0 0 0 0 0 0 0 0 0 0 0 0 0 0 0 0 0 0 0 0 0 0 0 0 0 0 0 0 0 0 0 0 0 0 0 0 0 0 0 0 0 0 0 0 0 0 0 0 0 0 0 0 0 0 0 0 0 1 0 0 0 0 0 0 0 0 0 0 0 0 0 0 0 0 0 0 0 0 0 0 0 0 0 0 0 0 0 0 0 0 0 0 0 0 0 0 0 0 0 0]
[4197846036839456234289618860635238582138830524564370983346051634719737095291253770721703647698515751309330114590362915212760064689035651908483354031135239477975818195430366825484837434219480035748070817927411439146441488042871059579417287076813247855046897893705654967134615295458960673740985004762964529126785415488583262818047018643542465123814 0 0 0 0 0 0 0 0 0 0 0 0 0 0 0 0 0 0 0 0 0 0 0 0 0 0 0 0 0 0 0 0 0 0 0 0 0 0 0 0 0 0 0 0 0 0 0 0 0 0 0 0 0 0 0 0 0 0 0 0 0 0 0 0 0 0 0 0 0 0 0 0 1 0 0 0 0 0 0 0 0 0 0 0 0 0 0 0 0 0 0 0 0 0 0 0 0 0 0 0 0 0 0 0 0 0 0 0 0 0 0 0 0 0]
[5830783506464876005321415120929284278953298432275370607076068611785214489157957563846464652696245075350979127549575526137901308835649178125596243806549849433170709362480150724934357644782413404579416171469497402897996834769719315453560547529386211502462851629892215884482149353444434352499754041770713696184173196253753828524452822702499763544501 0 0 0 0 0 0 0 0 0 0 0 0 0 0 0 0 0 0 0 0 0 0 0 0 0 0 0 0 0 0 0 0 0 0 0 0 0 0 0 0 0 0 0 0 0 0 0 0 0 0 0 0 0 0 0 0 0 0 0 0 0 0 0 0 0 0 0 0 0 0 0 0 0 1 0 0 0 0 0 0 0 0 0 0 0 0 0 0 0 0 0 0 0 0 0 0 0 0 0 0 0 0 0 0 0 0 0 0 0 0 0 0 0 0]
[7107444088710618049252173647884155761627331296835718078937935695706049067019160036178120260570932576626396379947758122324076270715316443123552636067231895156466309142842935094814429548380905087913524081568780828998064810976538973117844514241777518714455241472679651464594221328441905491727131753676451244037261891507031601431166209891659160966170 0 0 0 0 0 0 0 0 0 0 0 0 0 0 0 0 0 0 0 0 0 0 0 0 0 0 0 0 0 0 0 0 0 0 0 0 0 0 0 0 0 0 0 0 0 0 0 0 0 0 0 0 0 0 0 0 0 0 0 0 0 0 0 0 0 0 0 0 0 0 0 0 0 0 1 0 0 0 0 0 0 0 0 0 0 0 0 0 0 0 0 0 0 0 0 0 0 0 0 0 0 0 0 0 0 0 0 0 0 0 0 0 0 0]
[2106586790915047580534296667439306515261167214284790425129142994587638667894083861143813423361551125209420923625949399349831870274242315718268009465128099105150609730778784225563054187485930728459173400893877980312122355766963196199391810222085131671005776634812499285574473861497507275504019617538454982193441523153014914687710763459772817972844 0 0 0 0 0 0 0 0 0 0 0 0 0 0 0 0 0 0 0 0 0 0 0 0 0 0 0 0 0 0 0 0 0 0 0 0 0 0 0 0 0 0 0 0 0 0 0 0 0 0 0 0 0 0 0 0 0 0 0 0 0 0 0 0 0 0 0 0 0 0 0 0 0 0 0 1 0 0 0 0 0 0 0 0 0 0 0 0 0 0 0 0 0 0 0 0 0 0 0 0 0 0 0 0 0 0 0 0 0 0 0 0 0 0]
[78607194051156677392273941636732631143686965890006590130753029143801148055357300028412818237585358377575799041630641599870969210177555362167428098622598102006944729776176977458765466095147921328387514837763431135777200692954417951310231231438777340092936000432191460668234381621527107809066557340316519571627320620608840708412717454648965998141 0 0 0 0 0 0 0 0 0 0 0 0 0 0 0 0 0 0 0 0 0 0 0 0 0 0 0 0 0 0 0 0 0 0 0 0 0 0 0 0 0 0 0 0 0 0 0 0 0 0 0 0 0 0 0 0 0 0 0 0 0 0 0 0 0 0 0 0 0 0 0 0 0 0 0 0 1 0 0 0 0 0 0 0 0 0 0 0 0 0 0 0 0 0 0 0 0 0 0 0 0 0 0 0 0 0 0 0 0 0 0 0 0 0]
[888930402152886625939695742398492034396057693118773579731828558158264511105551779501643722143474582278561373205098664015408565226622092049143433363942210538404274682003259518301783700016509389735091308605481408723105624100249887774424189195630821604509935109457576099856147768971483282359080248917428956735888968196897276733598277368385783056365 0 0 0 0 0 0 0 0 0 0 0 0 0 0 0 0 0 0 0 0 0 0 0 0 0 0 0 0 0 0 0 0 0 0 0 0 0 0 0 0 0 0 0 0 0 0 0 0 0 0 0 0 0 0 0 0 0 0 0 0 0 0 0 0 0 0 0 0 0 0 0 0 0 0 0 0 0 1 0 0 0 0 0 0 0 0 0 0 0 0 0 0 0 0 0 0 0 0 0 0 0 0 0 0 0 0 0 0 0 0 0 0 0 0]
[2550453822914241378418211080016752346810710482178826449879675488475834569785747804378864837061859967451975608341154543494767453564487501543011873636372932266688652628228960066691604631454072982724019320854478654164242749831576258147684918873220644130615357305129505781219062389171643683432494064271737771050263502293672363569871477168118706239855 0 0 0 0 0 0 0 0 0 0 0 0 0 0 0 0 0 0 0 0 0 0 0 0 0 0 0 0 0 0 0 0 0 0 0 0 0 0 0 0 0 0 0 0 0 0 0 0 0 0 0 0 0 0 0 0 0 0 0 0 0 0 0 0 0 0 0 0 0 0 0 0 0 0 0 0 0 0 1 0 0 0 0 0 0 0 0 0 0 0 0 0 0 0 0 0 0 0 0 0 0 0 0 0 0 0 0 0 0 0 0 0 0 0]
[7921148236808843482527916020488500691240287752264793473760026430900263388510565922040920788124646728842808106714062176973588236343190873588736939946780857907717257947402688642337832077424308508389909764694971960122371539160514091317452475841062331926315305513885949518994349954960566341526992684066186872760445408342186369213309524786881911293717 0 0 0 0 0 0 0 0 0 0 0 0 0 0 0 0 0 0 0 0 0 0 0 0 0 0 0 0 0 0 0 0 0 0 0 0 0 0 0 0 0 0 0 0 0 0 0 0 0 0 0 0 0 0 0 0 0 0 0 0 0 0 0 0 0 0 0 0 0 0 0 0 0 0 0 0 0 0 0 1 0 0 0 0 0 0 0 0 0 0 0 0 0 0 0 0 0 0 0 0 0 0 0 0 0 0 0 0 0 0 0 0 0 0]
[9606556773596940568310162449185131483445963373820604011091916624382278732071111795821100015457410019365285068572536298776509806663613220833262322462865959830006940853376514867544248231768864878107940323846308798033132954268378571518833963660786846485753378024261883907200695088019654068698986237303642397785708548048366550687200759391718862627128 0 0 0 0 0 0 0 0 0 0 0 0 0 0 0 0 0 0 0 0 0 0 0 0 0 0 0 0 0 0 0 0 0 0 0 0 0 0 0 0 0 0 0 0 0 0 0 0 0 0 0 0 0 0 0 0 0 0 0 0 0 0 0 0 0 0 0 0 0 0 0 0 0 0 0 0 0 0 0 0 1 0 0 0 0 0 0 0 0 0 0 0 0 0 0 0 0 0 0 0 0 0 0 0 0 0 0 0 0 0 0 0 0 0]
[3241140841548748479043796828416456959263960150046986425153331323962552186812787846217768552517200864943538325141075276302541976321683795174113427613617768882596531431864286330513288908754065816711537063612353523084458875916511411819854806687275541618662683811487132716067625986764175243870192859556185731873889550865918663761034293392330819393902 0 0 0 0 0 0 0 0 0 0 0 0 0 0 0 0 0 0 0 0 0 0 0 0 0 0 0 0 0 0 0 0 0 0 0 0 0 0 0 0 0 0 0 0 0 0 0 0 0 0 0 0 0 0 0 0 0 0 0 0 0 0 0 0 0 0 0 0 0 0 0 0 0 0 0 0 0 0 0 0 0 1 0 0 0 0 0 0 0 0 0 0 0 0 0 0 0 0 0 0 0 0 0 0 0 0 0 0 0 0 0 0 0 0]
[5216401949517993311131286706440884751611844256014179618961421654594524160623969247629902557618053232092087644816257417033459689469044543551468162715052142407222118188212691452488513952683411095972343758127607412971694343238841110326903525094293097836204418590792108210579903922447320902039739794819238660870236185352228146752793621064312833423802 0 0 0 0 0 0 0 0 0 0 0 0 0 0 0 0 0 0 0 0 0 0 0 0 0 0 0 0 0 0 0 0 0 0 0 0 0 0 0 0 0 0 0 0 0 0 0 0 0 0 0 0 0 0 0 0 0 0 0 0 0 0 0 0 0 0 0 0 0 0 0 0 0 0 0 0 0 0 0 0 0 0 1 0 0 0 0 0 0 0 0 0 0 0 0 0 0 0 0 0 0 0 0 0 0 0 0 0 0 0 0 0 0 0]
[3316127695166205841202083373629347165207089426295495160344900725534626524022551770808450601126390787683715302392514304676023743358184718787624014506278201880900443110466271684905122078980330361735843150428003903340303486134632533924163609319736091579892824511763569496505095467227010859683979321209861625063299829584545056043593884084015876691313 0 0 0 0 0 0 0 0 0 0 0 0 0 0 0 0 0 0 0 0 0 0 0 0 0 0 0 0 0 0 0 0 0 0 0 0 0 0 0 0 0 0 0 0 0 0 0 0 0 0 0 0 0 0 0 0 0 0 0 0 0 0 0 0 0 0 0 0 0 0 0 0 0 0 0 0 0 0 0 0 0 0 0 1 0 0 0 0 0 0 0 0 0 0 0 0 0 0 0 0 0 0 0 0 0 0 0 0 0 0 0 0 0 0]
[5134911524873424162406351121120791812696566874425268009919258737018225691994319253250815782611910275317055110829033536437833862136515059669939057133716837601787867807410132903361045273538096781559500073762911717908274880035035457408164372883695871710837406008366479689779359409461801427850406532607200582827197554887705649157998824655312632052111 0 0 0 0 0 0 0 0 0 0 0 0 0 0 0 0 0 0 0 0 0 0 0 0 0 0 0 0 0 0 0 0 0 0 0 0 0 0 0 0 0 0 0 0 0 0 0 0 0 0 0 0 0 0 0 0 0 0 0 0 0 0 0 0 0 0 0 0 0 0 0 0 0 0 0 0 0 0 0 0 0 0 0 0 1 0 0 0 0 0 0 0 0 0 0 0 0 0 0 0 0 0 0 0 0 0 0 0 0 0 0 0 0 0]
[866051859241057676248119737611217290148638466336150318736134932668109119960306256980182594841576822992550977092383884051355391411096947395261667872561354853667209950824342679992909461975261263840767746527290894306017696387705391232637595359400708856650978919181726718143648114752559164698912527860028410782744937171606219958424648143506246336048 0 0 0 0 0 0 0 0 0 0 0 0 0 0 0 0 0 0 0 0 0 0 0 0 0 0 0 0 0 0 0 0 0 0 0 0 0 0 0 0 0 0 0 0 0 0 0 0 0 0 0 0 0 0 0 0 0 0 0 0 0 0 0 0 0 0 0 0 0 0 0 0 0 0 0 0 0 0 0 0 0 0 0 0 0 1 0 0 0 0 0 0 0 0 0 0 0 0 0 0 0 0 0 0 0 0 0 0 0 0 0 0 0 0]
[5552975038753018642704180998364941726142821438804198187175332826511449939440780939869591527660564845515645343379999310347787009305211435391656755445419037383892050224162382546715776520959467252066871948087794147044660582452386198697393210849932744528135248943747617520478051642745078365659940588042398466070400729067383698862579530236708506917680 0 0 0 0 0 0 0 0 0 0 0 0 0 0 0 0 0 0 0 0 0 0 0 0 0 0 0 0 0 0 0 0 0 0 0 0 0 0 0 0 0 0 0 0 0 0 0 0 0 0 0 0 0 0 0 0 0 0 0 0 0 0 0 0 0 0 0 0 0 0 0 0 0 0 0 0 0 0 0 0 0 0 0 0 0 0 1 0 0 0 0 0 0 0 0 0 0 0 0 0 0 0 0 0 0 0 0 0 0 0 0 0 0 0]
[2112032174826216641548485771338084483378316451695366029153613428730125851487132990891046178236169195367181503670273809040270800985343714698917837559030837114784947837852306531098541833413639651370539263850127148723162838967889035821010015655948186493091183626325822429519013618731291763192904031109139764948660222404920661261931688392115346993584 0 0 0 0 0 0 0 0 0 0 0 0 0 0 0 0 0 0 0 0 0 0 0 0 0 0 0 0 0 0 0 0 0 0 0 0 0 0 0 0 0 0 0 0 0 0 0 0 0 0 0 0 0 0 0 0 0 0 0 0 0 0 0 0 0 0 0 0 0 0 0 0 0 0 0 0 0 0 0 0 0 0 0 0 0 0 0 1 0 0 0 0 0 0 0 0 0 0 0 0 0 0 0 0 0 0 0 0 0 0 0 0 0 0]
[8649153871299830575523104138438656403977494138512397065224067704718534965971816918420505367792437899909942255465325224764933123168824936365303975170759077198459947520954247967233075352828568234541321319013241804208130103041585538982379714767175967695351002483998045988602690091866181700782124811774219749874964054114630741763173988261135919189494 0 0 0 0 0 0 0 0 0 0 0 0 0 0 0 0 0 0 0 0 0 0 0 0 0 0 0 0 0 0 0 0 0 0 0 0 0 0 0 0 0 0 0 0 0 0 0 0 0 0 0 0 0 0 0 0 0 0 0 0 0 0 0 0 0 0 0 0 0 0 0 0 0 0 0 0 0 0 0 0 0 0 0 0 0 0 0 0 1 0 0 0 0 0 0 0 0 0 0 0 0 0 0 0 0 0 0 0 0 0 0 0 0 0]
[3029055679995997851495207313793446801790334007980695958334276375195566974367934049462964760746443997396225339204845896413644990493732046077307694715632993443499812155701762405595909080889899475582895266899859496446159264618410127830804644267659489118777553440089343416503987818463228131116703989115088697705585840698045435740145373257382711692263 0 0 0 0 0 0 0 0 0 0 0 0 0 0 0 0 0 0 0 0 0 0 0 0 0 0 0 0 0 0 0 0 0 0 0 0 0 0 0 0 0 0 0 0 0 0 0 0 0 0 0 0 0 0 0 0 0 0 0 0 0 0 0 0 0 0 0 0 0 0 0 0 0 0 0 0 0 0 0 0 0 0 0 0 0 0 0 0 0 1 0 0 0 0 0 0 0 0 0 0 0 0 0 0 0 0 0 0 0 0 0 0 0 0]
[367498717367538059352518385446040306955706149626189215667606859380236793759218956920405902293686704834960014069896238528549160618518142337690228674525464526407277531949914568884914875067461877650889697423579852468351044313974551410322892931015164538029323240868721905199161868508544531814181375050788898356268166523175645332758598386744288163498 0 0 0 0 0 0 0 0 0 0 0 0 0 0 0 0 0 0 0 0 0 0 0 0 0 0 0 0 0 0 0 0 0 0 0 0 0 0 0 0 0 0 0 0 0 0 0 0 0 0 0 0 0 0 0 0 0 0 0 0 0 0 0 0 0 0 0 0 0 0 0 0 0 0 0 0 0 0 0 0 0 0 0 0 0 0 0 0 0 0 1 0 0 0 0 0 0 0 0 0 0 0 0 0 0 0 0 0 0 0 0 0 0 0]
[7953052801070301205026666532551052050797690147306833181867846827218546892819073051327418396527835009752803166730503452770828706165830239739109915160271421789417046315372438890682994863022682896354551050212309525620584495290768620591973591602146010098284743124601620617640618875495808147222924191102929141530162610654006179106822490453733097448146 0 0 0 0 0 0 0 0 0 0 0 0 0 0 0 0 0 0 0 0 0 0 0 0 0 0 0 0 0 0 0 0 0 0 0 0 0 0 0 0 0 0 0 0 0 0 0 0 0 0 0 0 0 0 0 0 0 0 0 0 0 0 0 0 0 0 0 0 0 0 0 0 0 0 0 0 0 0 0 0 0 0 0 0 0 0 0 0 0 0 0 1 0 0 0 0 0 0 0 0 0 0 0 0 0 0 0 0 0 0 0 0 0 0]
[2787962959130684481751849584808601959758717779920633404071618625413271023638312241563238574852402935676255188878025236008707984688655057899635777120817382261442654214264571108584298671601264537683531228731900282888265606924950763363365399623574615723908435547433828200872189603864750297213608621388642758145247178977217773219490718272960679283738 0 0 0 0 0 0 0 0 0 0 0 0 0 0 0 0 0 0 0 0 0 0 0 0 0 0 0 0 0 0 0 0 0 0 0 0 0 0 0 0 0 0 0 0 0 0 0 0 0 0 0 0 0 0 0 0 0 0 0 0 0 0 0 0 0 0 0 0 0 0 0 0 0 0 0 0 0 0 0 0 0 0 0 0 0 0 0 0 0 0 0 0 1 0 0 0 0 0 0 0 0 0 0 0 0 0 0 0 0 0 0 0 0 0]
[8819342771023144402667891297777411724617318336115363249759767044689026725037480925126385996480773149059139111226059021969423064059755741804282905560523015892365325623552045669153310234809579063844268624128997478836677223252883498611957982376126068458786565676756435007725668947649700191896897838359059574549516101581185460109760440924764943483208 0 0 0 0 0 0 0 0 0 0 0 0 0 0 0 0 0 0 0 0 0 0 0 0 0 0 0 0 0 0 0 0 0 0 0 0 0 0 0 0 0 0 0 0 0 0 0 0 0 0 0 0 0 0 0 0 0 0 0 0 0 0 0 0 0 0 0 0 0 0 0 0 0 0 0 0 0 0 0 0 0 0 0 0 0 0 0 0 0 0 0 0 0 1 0 0 0 0 0 0 0 0 0 0 0 0 0 0 0 0 0 0 0 0]
[5666069509821642998859156993329279566339265654665596104828012755314722527855799598525735352620754062734610042062755525153127559829056785325489327469803549157919488642748429842176516090449520148065618462962362084339540811131392210802192786532797565794746094606799974531363494622736592500868732648030807500499287629225320441840751297738036647566594 0 0 0 0 0 0 0 0 0 0 0 0 0 0 0 0 0 0 0 0 0 0 0 0 0 0 0 0 0 0 0 0 0 0 0 0 0 0 0 0 0 0 0 0 0 0 0 0 0 0 0 0 0 0 0 0 0 0 0 0 0 0 0 0 0 0 0 0 0 0 0 0 0 0 0 0 0 0 0 0 0 0 0 0 0 0 0 0 0 0 0 0 0 0 1 0 0 0 0 0 0 0 0 0 0 0 0 0 0 0 0 0 0 0]
[9252338665349914089202657529648303946545421648252224504688481827801658144471553072101529787283081976620614850043669371052422045763266646622103517859727917578632355755594214662481898458014607471609197047988350350340058113157854424485690554458111010002803964746419118263741460245418113136992389336201669333324030632536300327175210554216771221330951 0 0 0 0 0 0 0 0 0 0 0 0 0 0 0 0 0 0 0 0 0 0 0 0 0 0 0 0 0 0 0 0 0 0 0 0 0 0 0 0 0 0 0 0 0 0 0 0 0 0 0 0 0 0 0 0 0 0 0 0 0 0 0 0 0 0 0 0 0 0 0 0 0 0 0 0 0 0 0 0 0 0 0 0 0 0 0 0 0 0 0 0 0 0 0 1 0 0 0 0 0 0 0 0 0 0 0 0 0 0 0 0 0 0]
[1965502327944133530617490708801527337923624404281653897957398905868717443326029927933964073381007596769476923435996377936388378816491383585412751177232061919896145129343121468902280175715106050888615616795886668782901618825111386458706106893133626967930541513039696911571733986278054847047714908641807402396833609435737885706929188454673619715960 0 0 0 0 0 0 0 0 0 0 0 0 0 0 0 0 0 0 0 0 0 0 0 0 0 0 0 0 0 0 0 0 0 0 0 0 0 0 0 0 0 0 0 0 0 0 0 0 0 0 0 0 0 0 0 0 0 0 0 0 0 0 0 0 0 0 0 0 0 0 0 0 0 0 0 0 0 0 0 0 0 0 0 0 0 0 0 0 0 0 0 0 0 0 0 0 1 0 0 0 0 0 0 0 0 0 0 0 0 0 0 0 0 0]
[4657025022851992799765013147833038146761668806738230920505224525502757633456773583721857469044093391568487042406658909520166706370736360458541770936091275060109457667001012554737426864041039783588538014843028436236387696650356439176235537458859434527883987461289429867442740071456667084880295088229080662084291064455944663040427249878788606155442 0 0 0 0 0 0 0 0 0 0 0 0 0 0 0 0 0 0 0 0 0 0 0 0 0 0 0 0 0 0 0 0 0 0 0 0 0 0 0 0 0 0 0 0 0 0 0 0 0 0 0 0 0 0 0 0 0 0 0 0 0 0 0 0 0 0 0 0 0 0 0 0 0 0 0 0 0 0 0 0 0 0 0 0 0 0 0 0 0 0 0 0 0 0 0 0 0 1 0 0 0 0 0 0 0 0 0 0 0 0 0 0 0 0]
[4025740486746566632034251756455455275730958661508891802205998183344166358031811301029995663745668863696765989132233181232256815134479262739085885754307947992061379550209399681227713802854374929288984788464163986801202493789206490339291762105079137000534840127060959081806112615986273019908031740828198270808213409598399084233241750538758608630952 0 0 0 0 0 0 0 0 0 0 0 0 0 0 0 0 0 0 0 0 0 0 0 0 0 0 0 0 0 0 0 0 0 0 0 0 0 0 0 0 0 0 0 0 0 0 0 0 0 0 0 0 0 0 0 0 0 0 0 0 0 0 0 0 0 0 0 0 0 0 0 0 0 0 0 0 0 0 0 0 0 0 0 0 0 0 0 0 0 0 0 0 0 0 0 0 0 0 1 0 0 0 0 0 0 0 0 0 0 0 0 0 0 0]
[3372376141909667329661585709139257603387871850721649317787091662973314751225582206222287510646301256810807817603976035432776892313418838386818451961063172200888371710082792016634792968961495519556454484831597532984473401227290843059050297148902726119033598098992924979325441929430812924514034660101275363125147974379589874988978034321267996253913 0 0 0 0 0 0 0 0 0 0 0 0 0 0 0 0 0 0 0 0 0 0 0 0 0 0 0 0 0 0 0 0 0 0 0 0 0 0 0 0 0 0 0 0 0 0 0 0 0 0 0 0 0 0 0 0 0 0 0 0 0 0 0 0 0 0 0 0 0 0 0 0 0 0 0 0 0 0 0 0 0 0 0 0 0 0 0 0 0 0 0 0 0 0 0 0 0 0 0 1 0 0 0 0 0 0 0 0 0 0 0 0 0 0]
[5089550317198181041641186813692400003746298631665598560247964866411530825207977635749373463004032907704158541043926027927167249937045777698801414143532771739301280635682895085319752535278606387358015053938198574928421681092207823765857309763965342169097601394549548112315576715950453803112020270532960579704989715900484342443856087733343856562189 0 0 0 0 0 0 0 0 0 0 0 0 0 0 0 0 0 0 0 0 0 0 0 0 0 0 0 0 0 0 0 0 0 0 0 0 0 0 0 0 0 0 0 0 0 0 0 0 0 0 0 0 0 0 0 0 0 0 0 0 0 0 0 0 0 0 0 0 0 0 0 0 0 0 0 0 0 0 0 0 0 0 0 0 0 0 0 0 0 0 0 0 0 0 0 0 0 0 0 0 1 0 0 0 0 0 0 0 0 0 0 0 0 0]
[6979927735883503413836942263221842936015973545141260360411381666036034307829476576941035748719901421903936276916331121966490416528351775643133524343669406503282648848553105484332411250242589851281942050662243385261742095944354871608843260338747290513642218757444370425282034981665231492625102552497106152572240360939155984581953714258154308836302 0 0 0 0 0 0 0 0 0 0 0 0 0 0 0 0 0 0 0 0 0 0 0 0 0 0 0 0 0 0 0 0 0 0 0 0 0 0 0 0 0 0 0 0 0 0 0 0 0 0 0 0 0 0 0 0 0 0 0 0 0 0 0 0 0 0 0 0 0 0 0 0 0 0 0 0 0 0 0 0 0 0 0 0 0 0 0 0 0 0 0 0 0 0 0 0 0 0 0 0 0 1 0 0 0 0 0 0 0 0 0 0 0 0]
[6095097967845212923376668176921936777843452674366925818569253555394211878313902182677401112624781931328534570722655625701870352928036343541585388360857383145202926590223840206056333873772208675449145842302491624096807172243325363204815296058722336885428389098522890294718794409552064452134981140692168707094525514084108557535464423315099018412609 0 0 0 0 0 0 0 0 0 0 0 0 0 0 0 0 0 0 0 0 0 0 0 0 0 0 0 0 0 0 0 0 0 0 0 0 0 0 0 0 0 0 0 0 0 0 0 0 0 0 0 0 0 0 0 0 0 0 0 0 0 0 0 0 0 0 0 0 0 0 0 0 0 0 0 0 0 0 0 0 0 0 0 0 0 0 0 0 0 0 0 0 0 0 0 0 0 0 0 0 0 0 1 0 0 0 0 0 0 0 0 0 0 0]
[2694992652463509348215707593627081180448267026225959827811534578224287443001685837526443801812541979110524179147631424610108959108878893703507473192507340779524856387103030542881302277484120835961476426997546947658433948948161931345858212209200350393130776818247588850833670870451409334854135990356041231849955688146381553073437718688660118091493 0 0 0 0 0 0 0 0 0 0 0 0 0 0 0 0 0 0 0 0 0 0 0 0 0 0 0 0 0 0 0 0 0 0 0 0 0 0 0 0 0 0 0 0 0 0 0 0 0 0 0 0 0 0 0 0 0 0 0 0 0 0 0 0 0 0 0 0 0 0 0 0 0 0 0 0 0 0 0 0 0 0 0 0 0 0 0 0 0 0 0 0 0 0 0 0 0 0 0 0 0 0 0 1 0 0 0 0 0 0 0 0 0 0]
[8190884833936158116901551221578481226941467972007503836054302965702211037511325659473149737070592581377598521796990340574102389059974932644353176132587259096373011702243985354617522889138286784457178373881679384437278537165983797884360250741122730833291167632665250009074287216215842703727533097788510018317592818106266021322228008700401437512477 0 0 0 0 0 0 0 0 0 0 0 0 0 0 0 0 0 0 0 0 0 0 0 0 0 0 0 0 0 0 0 0 0 0 0 0 0 0 0 0 0 0 0 0 0 0 0 0 0 0 0 0 0 0 0 0 0 0 0 0 0 0 0 0 0 0 0 0 0 0 0 0 0 0 0 0 0 0 0 0 0 0 0 0 0 0 0 0 0 0 0 0 0 0 0 0 0 0 0 0 0 0 0 0 1 0 0 0 0 0 0 0 0 0]
[813142397582186640120550126772458450030805010897869998070520397185606670042122216011816850157004369589354298210924096446779407600610393022283096110673053251107714571686439094282071277544584438775435734841150479531907794779946886543855986177250650420304673210461198121421042572181344714554146429757114384696431797684011539417093012488217415336910 0 0 0 0 0 0 0 0 0 0 0 0 0 0 0 0 0 0 0 0 0 0 0 0 0 0 0 0 0 0 0 0 0 0 0 0 0 0 0 0 0 0 0 0 0 0 0 0 0 0 0 0 0 0 0 0 0 0 0 0 0 0 0 0 0 0 0 0 0 0 0 0 0 0 0 0 0 0 0 0 0 0 0 0 0 0 0 0 0 0 0 0 0 0 0 0 0 0 0 0 0 0 0 0 0 1 0 0 0 0 0 0 0 0]
[6683058728537623978371329102922521260740290836246925297797699876085866449588359117823723825655309268010381722146382328312724231047544082628156430521858149648065987309356052282829193362987794549918406077805679498814473235053359869341089208473872415403850844074741738910887498440727114323275828152022919708446871249353269722186915336425676964511457 0 0 0 0 0 0 0 0 0 0 0 0 0 0 0 0 0 0 0 0 0 0 0 0 0 0 0 0 0 0 0 0 0 0 0 0 0 0 0 0 0 0 0 0 0 0 0 0 0 0 0 0 0 0 0 0 0 0 0 0 0 0 0 0 0 0 0 0 0 0 0 0 0 0 0 0 0 0 0 0 0 0 0 0 0 0 0 0 0 0 0 0 0 0 0 0 0 0 0 0 0 0 0 0 0 0 1 0 0 0 0 0 0 0]
[3892574028492975185996850344795000336666924477093026974215594051189845279693570651622082985330692882142693207961262950842552783526803854717721669078928083223981489707138360004640733667525839217131631818139824588499131637136933276479302441306786551197253576613075777455066528698309469478322708885875867306684646857080897228314477301172372616645233 0 0 0 0 0 0 0 0 0 0 0 0 0 0 0 0 0 0 0 0 0 0 0 0 0 0 0 0 0 0 0 0 0 0 0 0 0 0 0 0 0 0 0 0 0 0 0 0 0 0 0 0 0 0 0 0 0 0 0 0 0 0 0 0 0 0 0 0 0 0 0 0 0 0 0 0 0 0 0 0 0 0 0 0 0 0 0 0 0 0 0 0 0 0 0 0 0 0 0 0 0 0 0 0 0 0 0 1 0 0 0 0 0 0]
[2502465379893865876225029149735334562604288809163334305147063734831857124281222713567651570289910096656580010955274714219607794999604068320068126209610451169019121062134937038002535040078274772922347108834709892872771324853249249930068381053079996933833019727949184269489046895962543646086854660674221458643074904224684765561290099097762386713193 0 0 0 0 0 0 0 0 0 0 0 0 0 0 0 0 0 0 0 0 0 0 0 0 0 0 0 0 0 0 0 0 0 0 0 0 0 0 0 0 0 0 0 0 0 0 0 0 0 0 0 0 0 0 0 0 0 0 0 0 0 0 0 0 0 0 0 0 0 0 0 0 0 0 0 0 0 0 0 0 0 0 0 0 0 0 0 0 0 0 0 0 0 0 0 0 0 0 0 0 0 0 0 0 0 0 0 0 1 0 0 0 0 0]
[3386963958820867262966575035667950812866205783831271494818644320450720686470738827654209034551877334064662512575175556080591858579206238576983876828406490653823780194963554493076104360786591981253938328472038100943305204948125783616449726196420737735742050349618789920952316720194467880314659618570585750788705168299712208275908881437562704391242 0 0 0 0 0 0 0 0 0 0 0 0 0 0 0 0 0 0 0 0 0 0 0 0 0 0 0 0 0 0 0 0 0 0 0 0 0 0 0 0 0 0 0 0 0 0 0 0 0 0 0 0 0 0 0 0 0 0 0 0 0 0 0 0 0 0 0 0 0 0 0 0 0 0 0 0 0 0 0 0 0 0 0 0 0 0 0 0 0 0 0 0 0 0 0 0 0 0 0 0 0 0 0 0 0 0 0 0 0 1 0 0 0 0]
[5748930782019478562382325520007139026280551630977114919870707923723006622832668969185070228954450931722623016231759183982034945408142499489634580068057303465958649671163849401165105202667539304152460005023332957492076533062100068621981812535659821197941082480700077214782318875939798740082437580675471987356241965370776231784529931977205813880634 0 0 0 0 0 0 0 0 0 0 0 0 0 0 0 0 0 0 0 0 0 0 0 0 0 0 0 0 0 0 0 0 0 0 0 0 0 0 0 0 0 0 0 0 0 0 0 0 0 0 0 0 0 0 0 0 0 0 0 0 0 0 0 0 0 0 0 0 0 0 0 0 0 0 0 0 0 0 0 0 0 0 0 0 0 0 0 0 0 0 0 0 0 0 0 0 0 0 0 0 0 0 0 0 0 0 0 0 0 0 1 0 0 0]
[6588771413033203602471937039864967604802261693258785667334408794028821333839813673646641559217095923413924589517587000058076981086292753846407968149649952620774486825732858577789049920506121703536710987354165194151318353780926191208464114933184221202177858960972815289218546046457468497764220668306877628912657113111552420932941086524299497899271 0 0 0 0 0 0 0 0 0 0 0 0 0 0 0 0 0 0 0 0 0 0 0 0 0 0 0 0 0 0 0 0 0 0 0 0 0 0 0 0 0 0 0 0 0 0 0 0 0 0 0 0 0 0 0 0 0 0 0 0 0 0 0 0 0 0 0 0 0 0 0 0 0 0 0 0 0 0 0 0 0 0 0 0 0 0 0 0 0 0 0 0 0 0 0 0 0 0 0 0 0 0 0 0 0 0 0 0 0 0 0 1 0 0]
[6391552698203604828669154581410096565112002663010364472542688026398171232138989568476410900943959829830510161146939781399344575811984856941695606208794520661426026331408591976936209053259161899961788427906488372929807750758658170694744191192817374610482621899016772142360006137814200320810806554875392481842165434617062111299156934612858107555552 0 0 0 0 0 0 0 0 0 0 0 0 0 0 0 0 0 0 0 0 0 0 0 0 0 0 0 0 0 0 0 0 0 0 0 0 0 0 0 0 0 0 0 0 0 0 0 0 0 0 0 0 0 0 0 0 0 0 0 0 0 0 0 0 0 0 0 0 0 0 0 0 0 0 0 0 0 0 0 0 0 0 0 0 0 0 0 0 0 0 0 0 0 0 0 0 0 0 0 0 0 0 0 0 0 0 0 0 0 0 0 0 1 0]
[4898682652176379937449101175228665288592136216951306589604232221372710450214778763679901030577669410308144419949611000996336064785132251467611294314902398175357945108607649484739800361679233890754329121240087083806218790131784643712786487879695437170436444720677469677429945267054801981833092955104100646364748145646141339126863093357665919991204 0 0 0 0 0 0 0 0 0 0 0 0 0 0 0 0 0 0 0 0 0 0 0 0 0 0 0 0 0 0 0 0 0 0 0 0 0 0 0 0 0 0 0 0 0 0 0 0 0 0 0 0 0 0 0 0 0 0 0 0 0 0 0 0 0 0 0 0 0 0 0 0 0 0 0 0 0 0 0 0 0 0 0 0 0 0 0 0 0 0 0 0 0 0 0 0 0 0 0 0 0 0 0 0 0 0 0 0 0 0 0 0 0 1]
]
