[[8685939845443356520508915746712192841393028550197530732594929824485109972177130594948206528920949664791165304941142196037978399092607585487112157488832095571161113222062637390567247246757526649257424331583939927643508742357250554011064856755230069877505594786791540322137577207224906751050028208764439329752185285523991425339637283459004681913049 0 0 0 0 0 0 0 0 0 0 0 0 0 0 0 0 0 0 0 0 0 0 0 0 0 0 0 0 0 0 0 0 0 0 0 0 0 0 0 0 0 0 0 0 0 0 0 0 0 0 0 0 0 0 0 0 0 0 0 0 0 0 0 0 0 0 0 0 0 0 0 0 0 0 0 0 0 0 0 0 0 0 0 0 0 0 0 0 0 0 0 0 0 0 0 0 0 0 0 0 0 0 0 0 0 0 0 0 0 0 0 0 0 0]
[1379161288985941737377905261016261074390419819077591442537920412273617599712522232399811115077649330235437303104589735879778891667664237173008929264466466552259940202268617184395225318365110703656688368343559130857442873257867927892192913373911649630586418156775342592308782657620010766419392746711207034200310037854213354597109316502397137975427 1 0 0 0 0 0 0 0 0 0 0 0 0 0 0 0 0 0 0 0 0 0 0 0 0 0 0 0 0 0 0 0 0 0 0 0 0 0 0 0 0 0 0 0 0 0 0 0 0 0 0 0 0 0 0 0 0 0 0 0 0 0 0 0 0 0 0 0 0 0 0 0 0 0 0 0 0 0 0 0 0 0 0 0 0 0 0 0 0 0 0 0 0 0 0 0 0 0 0 0 0 0 0 0 0 0 0 0 0 0 0 0 0 0]
[4707287036495669059039772435280694170959460255134929823056632377014844026892638715157423638988058449113756307250522720015415259403015697514376007220262067712285900756608178539695603864522641961205654489024510363241645783517014778251738182758338523497587323576190932569748755039605173960016086385563970466159266879329656126967114117520026537325503 0 1 0 0 0 0 0 0 0 0 0 0 0 0 0 0 0 0 0 0 0 0 0 0 0 0 0 0 0 0 0 0 0 0 0 0 0 0 0 0 0 0 0 0 0 0 0 0 0 0 0 0 0 0 0 0 0 0 0 0 0 0 0 0 0 0 0 0 0 0 0 0 0 0 0 0 0 0 0 0 0 0 0 0 0 0 0 0 0 0 0 0 0 0 0 0 0 0 0 0 0 0 0 0 0 0 0 0 0 0 0 0 0 0]
[2014696057768278340891593474546807039995487512892952736980963074644089402722068309408964553507450648060223184609888317747175677315195609151430793879804792841555148044199922969046978446788323884705340820039190031744932490651928892174753804870036633242463488338147875289399766797838442422217860038457273120307647684310941585128136932196624326287638 0 0 1 0 0 0 0 0 0 0 0 0 0 0 0 0 0 0 0 0 0 0 0 0 0 0 0 0 0 0 0 0 0 0 0 0 0 0 0 0 0 0 0 0 0 0 0 0 0 0 0 0 0 0 0 0 0 0 0 0 0 0 0 0 0 0 0 0 0 0 0 0 0 0 0 0 0 0 0 0 0 0 0 0 0 0 0 0 0 0 0 0 0 0 0 0 0 0 0 0 0 0 0 0 0 0 0 0 0 0 0 0 0 0]
[7573438716366661801933511005691437602729571850209938352034259623732859644185752392752692387609262933883838011490576220690427718492907997490770779261378164409840514539614500381925325406073851538680568168636701800170343885261247800397517011677598555891641227036598889089107919954147408127878517501692150776667587871460124837107795966710378291176657 0 0 0 1 0 0 0 0 0 0 0 0 0 0 0 0 0 0 0 0 0 0 0 0 0 0 0 0 0 0 0 0 0 0 0 0 0 0 0 0 0 0 0 0 0 0 0 0 0 0 0 0 0 0 0 0 0 0 0 0 0 0 0 0 0 0 0 0 0 0 0 0 0 0 0 0 0 0 0 0 0 0 0 0 0 0 0 0 0 0 0 0 0 0 0 0 0 0 0 0 0 0 0 0 0 0 0 0 0 0 0 0 0 0]
[413765851964036351659719093437487295852724618663605193018743290418764408490758983250405564659952058120454605503984357141241183452378234700879670525983139827498093206845431237171335574314980191070818867114217981420028967669655091449568622332422290284154194336952966676875684713221530434810085243265853637924720154879284212273371760456646836254326 0 0 0 0 1 0 0 0 0 0 0 0 0 0 0 0 0 0 0 0 0 0 0 0 0 0 0 0 0 0 0 0 0 0 0 0 0 0 0 0 0 0 0 0 0 0 0 0 0 0 0 0 0 0 0 0 0 0 0 0 0 0 0 0 0 0 0 0 0 0 0 0 0 0 0 0 0 0 0 0 0 0 0 0 0 0 0 0 0 0 0 0 0 0 0 0 0 0 0 0 0 0 0 0 0 0 0 0 0 0 0 0 0 0]
[3988067682860264510772296978514458463415573149314455561486420507352142929428170297205157189347927212383169866605043898868588414676074713572735515541309854028769551570058411451364831683387619081192576241861686103607046835252174671916850285202527694077250428880220870238558390186545489157760139506491022858954518353307743564204586898107086853285028 0 0 0 0 0 1 0 0 0 0 0 0 0 0 0 0 0 0 0 0 0 0 0 0 0 0 0 0 0 0 0 0 0 0 0 0 0 0 0 0 0 0 0 0 0 0 0 0 0 0 0 0 0 0 0 0 0 0 0 0 0 0 0 0 0 0 0 0 0 0 0 0 0 0 0 0 0 0 0 0 0 0 0 0 0 0 0 0 0 0 0 0 0 0 0 0 0 0 0 0 0 0 0 0 0 0 0 0 0 0 0 0 0 0]
[7853098859185619575365070694485492324262161660874049158942714481840906460279661698288547771946674075801462464397338366108478738085452099960419586929181258771258777623849757652919950462897149911678772465091852302895694176139539319474138672645422136613048257737453471164522847666864373981057953957824398398611576292782282878185048530026926866429040 0 0 0 0 0 0 1 0 0 0 0 0 0 0 0 0 0 0 0 0 0 0 0 0 0 0 0 0 0 0 0 0 0 0 0 0 0 0 0 0 0 0 0 0 0 0 0 0 0 0 0 0 0 0 0 0 0 0 0 0 0 0 0 0 0 0 0 0 0 0 0 0 0 0 0 0 0 0 0 0 0 0 0 0 0 0 0 0 0 0 0 0 0 0 0 0 0 0 0 0 0 0 0 0 0 0 0 0 0 0 0 0 0 0]
[3876393527037703114424313181979520469943330225470520585221534135601257387487298176341534055411173726166085433574685648448575634867972227226161114254570914689439534307305735056205550095780383982983055463359001220187159090030703096194220961174076536564519130187064469103413525898884841411293425029965207040183384970449617689909882076452646536183231 0 0 0 0 0 0 0 1 0 0 0 0 0 0 0 0 0 0 0 0 0 0 0 0 0 0 0 0 0 0 0 0 0 0 0 0 0 0 0 0 0 0 0 0 0 0 0 0 0 0 0 0 0 0 0 0 0 0 0 0 0 0 0 0 0 0 0 0 0 0 0 0 0 0 0 0 0 0 0 0 0 0 0 0 0 0 0 0 0 0 0 0 0 0 0 0 0 0 0 0 0 0 0 0 0 0 0 0 0 0 0 0 0 0]
[8092212558112629627977709262483028955202502389723546840590770900374496225336091876118034483249343868558927664966823931774040686555193203005626277033615731778726680327303273795019835487850812481713430852562308091337128503467060979099697894937527711814389810651512097797900471920711277576877655158409166728402440041227167382103649649680925941731445 0 0 0 0 0 0 0 0 1 0 0 0 0 0 0 0 0 0 0 0 0 0 0 0 0 0 0 0 0 0 0 0 0 0 0 0 0 0 0 0 0 0 0 0 0 0 0 0 0 0 0 0 0 0 0 0 0 0 0 0 0 0 0 0 0 0 0 0 0 0 0 0 0 0 0 0 0 0 0 0 0 0 0 0 0 0 0 0 0 0 0 0 0 0 0 0 0 0 0 0 0 0 0 0 0 0 0 0 0 0 0 0 0 0]
[5888198749619561706102462918161694504353275362533688494162270951917359479384538939660313807214523496762133106696771872675306028034530976034163332160840821332560926707532698723506552313112516910251566135967029329868371768200654518563759114286065626515131073848170030255931512844551524237015263387583907797430843854092185339061465977531448688306507 0 0 0 0 0 0 0 0 0 1 0 0 0 0 0 0 0 0 0 0 0 0 0 0 0 0 0 0 0 0 0 0 0 0 0 0 0 0 0 0 0 0 0 0 0 0 0 0 0 0 0 0 0 0 0 0 0 0 0 0 0 0 0 0 0 0 0 0 0 0 0 0 0 0 0 0 0 0 0 0 0 0 0 0 0 0 0 0 0 0 0 0 0 0 0 0 0 0 0 0 0 0 0 0 0 0 0 0 0 0 0 0 0 0]
[7246927581146877292770158177908073198284652110643404061350030206422017928383822680044682917387386440449556886135686497333786265592977363902912620880617342677175059304632504900846198719863193553031462535114543393492596554848301091934206655333796954479342021052948821272764681952034201784327177146281502523996486307278527922635357144214234380556420 0 0 0 0 0 0 0 0 0 0 1 0 0 0 0 0 0 0 0 0 0 0 0 0 0 0 0 0 0 0 0 0 0 0 0 0 0 0 0 0 0 0 0 0 0 0 0 0 0 0 0 0 0 0 0 0 0 0 0 0 0 0 0 0 0 0 0 0 0 0 0 0 0 0 0 0 0 0 0 0 0 0 0 0 0 0 0 0 0 0 0 0 0 0 0 0 0 0 0 0 0 0 0 0 0 0 0 0 0 0 0 0 0 0]
[8360603193874769003348442183575037748430186275308597104611828591643946416737171625695367200742174469450385815316744849547691931500581864392531142381819420176945377201279379534045433605060139476410804606791258939673928489793880038524669837879137212708737893565791611848632716487023957722531765244275780120602876313588156395463930290767546126998251 0 0 0 0 0 0 0 0 0 0 0 1 0 0 0 0 0 0 0 0 0 0 0 0 0 0 0 0 0 0 0 0 0 0 0 0 0 0 0 0 0 0 0 0 0 0 0 0 0 0 0 0 0 0 0 0 0 0 0 0 0 0 0 0 0 0 0 0 0 0 0 0 0 0 0 0 0 0 0 0 0 0 0 0 0 0 0 0 0 0 0 0 0 0 0 0 0 0 0 0 0 0 0 0 0 0 0 0 0 0 0 0 0 0]
[1719899082493718898067381316224958571781793668057796505165613623790221557721418982660137020980875821992237900215469824540906998798264533638883557558161128343276927913381265376200976185791760808459387630963989164396447587300384546112764786370749256131004992669839344513260674497594736445065547625881025347791261927793102086068525619404251579772899 0 0 0 0 0 0 0 0 0 0 0 0 1 0 0 0 0 0 0 0 0 0 0 0 0 0 0 0 0 0 0 0 0 0 0 0 0 0 0 0 0 0 0 0 0 0 0 0 0 0 0 0 0 0 0 0 0 0 0 0 0 0 0 0 0 0 0 0 0 0 0 0 0 0 0 0 0 0 0 0 0 0 0 0 0 0 0 0 0 0 0 0 0 0 0 0 0 0 0 0 0 0 0 0 0 0 0 0 0 0 0 0 0 0]
[3547634229986465484532961533228834692117092054406185431703963357226160423385303192411652819197462855968769500659138407680391592089121409333546636340015086512606059848818433062100792339262540321075365726365800481184258655345905834336387303804027955148608221891499240616570887766338104021917202180882170168088323307667203561273063817424823757547538 0 0 0 0 0 0 0 0 0 0 0 0 0 1 0 0 0 0 0 0 0 0 0 0 0 0 0 0 0 0 0 0 0 0 0 0 0 0 0 0 0 0 0 0 0 0 0 0 0 0 0 0 0 0 0 0 0 0 0 0 0 0 0 0 0 0 0 0 0 0 0 0 0 0 0 0 0 0 0 0 0 0 0 0 0 0 0 0 0 0 0 0 0 0 0 0 0 0 0 0 0 0 0 0 0 0 0 0 0 0 0 0 0 0]
[5468532151549734309004396539337040097429437850090822647820560699935147553379124158922509979049760457202329166720134964842742123889517843541690356407745946796444043830722428304231685317829085223136297939743464494961996529903615893737171108528855264901942296273361529366571912074765340526363969614713119139245432187964931970035576325235212310287423 0 0 0 0 0 0 0 0 0 0 0 0 0 0 1 0 0 0 0 0 0 0 0 0 0 0 0 0 0 0 0 0 0 0 0 0 0 0 0 0 0 0 0 0 0 0 0 0 0 0 0 0 0 0 0 0 0 0 0 0 0 0 0 0 0 0 0 0 0 0 0 0 0 0 0 0 0 0 0 0 0 0 0 0 0 0 0 0 0 0 0 0 0 0 0 0 0 0 0 0 0 0 0 0 0 0 0 0 0 0 0 0 0 0]
[3512158533288227490859009685821407419791135662542842531148949538339204601619225991705578392336470543683380832713702948895768934065257723365706824560326201225054842873662138651330748824943571660286627415435130061639877884909062880653474369526913467925224665194166908823178718659689948257700876037288998661608702681720481861782093643786224154711207 0 0 0 0 0 0 0 0 0 0 0 0 0 0 0 1 0 0 0 0 0 0 0 0 0 0 0 0 0 0 0 0 0 0 0 0 0 0 0 0 0 0 0 0 0 0 0 0 0 0 0 0 0 0 0 0 0 0 0 0 0 0 0 0 0 0 0 0 0 0 0 0 0 0 0 0 0 0 0 0 0 0 0 0 0 0 0 0 0 0 0 0 0 0 0 0 0 0 0 0 0 0 0 0 0 0 0 0 0 0 0 0 0 0]
[3365078660475750477981103438617280766432294329969783195385409727317066695489517507090299356641825929169471757508508566534970863519528189436744266062883107578110214328878016663302536511326895454095722445046442961940922906091371145864657997111800243193071290492863328185216338891569648807888583586938651964564714243144485069287110931348253588798962 0 0 0 0 0 0 0 0 0 0 0 0 0 0 0 0 1 0 0 0 0 0 0 0 0 0 0 0 0 0 0 0 0 0 0 0 0 0 0 0 0 0 0 0 0 0 0 0 0 0 0 0 0 0 0 0 0 0 0 0 0 0 0 0 0 0 0 0 0 0 0 0 0 0 0 0 0 0 0 0 0 0 0 0 0 0 0 0 0 0 0 0 0 0 0 0 0 0 0 0 0 0 0 0 0 0 0 0 0 0 0 0 0 0]
[2225494138631996652007158561800867126493522994852383854446641461572192603823634519129033871016551042687735078438939927455253758482709419027731208854363927286826177032718585711024585398488296080469444786916768021553801699497477495261497443621708646885297021826502018151806731107700576570479333577793062544309425700812639408212111098910976426584919 0 0 0 0 0 0 0 0 0 0 0 0 0 0 0 0 0 1 0 0 0 0 0 0 0 0 0 0 0 0 0 0 0 0 0 0 0 0 0 0 0 0 0 0 0 0 0 0 0 0 0 0 0 0 0 0 0 0 0 0 0 0 0 0 0 0 0 0 0 0 0 0 0 0 0 0 0 0 0 0 0 0 0 0 0 0 0 0 0 0 0 0 0 0 0 0 0 0 0 0 0 0 0 0 0 0 0 0 0 0 0 0 0 0]
[7171051399459595430444278280636985956399743833931734991115049228633791587972118060352315560274916196205859418578208704444313798177920627640773473979087583408399783734540549971271494894488811193121815987277012297589478265007241902332747296639934199176683823129639643126503263335004838168103679392661860212560127843184592628105257737391844619907170 0 0 0 0 0 0 0 0 0 0 0 0 0 0 0 0 0 0 1 0 0 0 0 0 0 0 0 0 0 0 0 0 0 0 0 0 0 0 0 0 0 0 0 0 0 0 0 0 0 0 0 0 0 0 0 0 0 0 0 0 0 0 0 0 0 0 0 0 0 0 0 0 0 0 0 0 0 0 0 0 0 0 0 0 0 0 0 0 0 0 0 0 0 0 0 0 0 0 0 0 0 0 0 0 0 0 0 0 0 0 0 0 0 0]
[2451744560568295094725808861739930337547470858678365929986933841854324653860075689958476621730650346412771366385988973875094435483543569682982515962730962970101032705732217729511190002199706097965068514517911516111353203456029003694491408709628109823035172629718602611957605685666046160102188787162260232113959431829455002396912381689118976218125 0 0 0 0 0 0 0 0 0 0 0 0 0 0 0 0 0 0 0 1 0 0 0 0 0 0 0 0 0 0 0 0 0 0 0 0 0 0 0 0 0 0 0 0 0 0 0 0 0 0 0 0 0 0 0 0 0 0 0 0 0 0 0 0 0 0 0 0 0 0 0 0 0 0 0 0 0 0 0 0 0 0 0 0 0 0 0 0 0 0 0 0 0 0 0 0 0 0 0 0 0 0 0 0 0 0 0 0 0 0 0 0 0 0]
[3576078080876849211082033317843053579603589376800975161580075261285604657848675344174256318117524135649333869631694981606387967776790361222119808458123313769179297392446903531626889606068447630667961469236310905010608225199247854447419628637219743099653477644579141056830130634990696304132362148344070269917190741950898488408287505744031394669528 0 0 0 0 0 0 0 0 0 0 0 0 0 0 0 0 0 0 0 0 1 0 0 0 0 0 0 0 0 0 0 0 0 0 0 0 0 0 0 0 0 0 0 0 0 0 0 0 0 0 0 0 0 0 0 0 0 0 0 0 0 0 0 0 0 0 0 0 0 0 0 0 0 0 0 0 0 0 0 0 0 0 0 0 0 0 0 0 0 0 0 0 0 0 0 0 0 0 0 0 0 0 0 0 0 0 0 0 0 0 0 0 0 0]
[4799148552893900214530659972596017966679840062508993211559972089127201434844416683595591340080703621370257405230171329850193882854971058810932357335920497454251837506442932312070764843880999145671066236103150235420088297276294554156707970460184065646547478689122032180444759600524214351569334129844874269870985513596713881016846914904866031053765 0 0 0 0 0 0 0 0 0 0 0 0 0 0 0 0 0 0 0 0 0 1 0 0 0 0 0 0 0 0 0 0 0 0 0 0 0 0 0 0 0 0 0 0 0 0 0 0 0 0 0 0 0 0 0 0 0 0 0 0 0 0 0 0 0 0 0 0 0 0 0 0 0 0 0 0 0 0 0 0 0 0 0 0 0 0 0 0 0 0 0 0 0 0 0 0 0 0 0 0 0 0 0 0 0 0 0 0 0 0 0 0 0 0]
[641456183119405089317618428351330600460964107777003466421907050678509113480472893582088474114199972066583400460946981915678639735292718127337919480050542464535483140980803230159850806285248373070656052403323079182742608542413774519641238109484277623163774616330110816866155314843955747504794644839044659756146298371454215137272708320230887035339 0 0 0 0 0 0 0 0 0 0 0 0 0 0 0 0 0 0 0 0 0 0 1 0 0 0 0 0 0 0 0 0 0 0 0 0 0 0 0 0 0 0 0 0 0 0 0 0 0 0 0 0 0 0 0 0 0 0 0 0 0 0 0 0 0 0 0 0 0 0 0 0 0 0 0 0 0 0 0 0 0 0 0 0 0 0 0 0 0 0 0 0 0 0 0 0 0 0 0 0 0 0 0 0 0 0 0 0 0 0 0 0 0 0]
[5572936323014796577327152932677810547392352163157603265642779934223774421629373386094371981100647489267198902897058069851922574443527706783990898614773647379858694226198648043237260480712171324010939224509175219514107596290930978781657178608151925563639410743219819921585785242986319385167193071970617825477512817218671110794886746227126419201039 0 0 0 0 0 0 0 0 0 0 0 0 0 0 0 0 0 0 0 0 0 0 0 1 0 0 0 0 0 0 0 0 0 0 0 0 0 0 0 0 0 0 0 0 0 0 0 0 0 0 0 0 0 0 0 0 0 0 0 0 0 0 0 0 0 0 0 0 0 0 0 0 0 0 0 0 0 0 0 0 0 0 0 0 0 0 0 0 0 0 0 0 0 0 0 0 0 0 0 0 0 0 0 0 0 0 0 0 0 0 0 0 0 0]
[2602078644007349891091620766289686005238655464463623326179603196254341881032057859400431675547930898389565299988214543111000486801691941110105779409713969415771122478883908809957459420901821238128222743025469063256548463103552253307682416990776847491912168641291368010254567978556406519053202678864189613191217391507600547402766734179416216999116 0 0 0 0 0 0 0 0 0 0 0 0 0 0 0 0 0 0 0 0 0 0 0 0 1 0 0 0 0 0 0 0 0 0 0 0 0 0 0 0 0 0 0 0 0 0 0 0 0 0 0 0 0 0 0 0 0 0 0 0 0 0 0 0 0 0 0 0 0 0 0 0 0 0 0 0 0 0 0 0 0 0 0 0 0 0 0 0 0 0 0 0 0 0 0 0 0 0 0 0 0 0 0 0 0 0 0 0 0 0 0 0 0 0]
[1059744637589241643221790700127957793618812048576913856430405876805093839632086179862218645602493573691904526061080043373511607621994616996852244361091058020894238886190219513656938820033978035018807598163893906110012365545322614686678380689288417070555170257775972167751341799462771676731436901159348246116931738092012250044891746025635106737632 0 0 0 0 0 0 0 0 0 0 0 0 0 0 0 0 0 0 0 0 0 0 0 0 0 1 0 0 0 0 0 0 0 0 0 0 0 0 0 0 0 0 0 0 0 0 0 0 0 0 0 0 0 0 0 0 0 0 0 0 0 0 0 0 0 0 0 0 0 0 0 0 0 0 0 0 0 0 0 0 0 0 0 0 0 0 0 0 0 0 0 0 0 0 0 0 0 0 0 0 0 0 0 0 0 0 0 0 0 0 0 0 0 0]
[1915558918508055549600384070790061432659027209712204714043995374778985097820094853366010901184854326735347276601939055922179746504906539913894193963689678252042611011997748315163474431072371618266935076933125539485645966177856204548605131742761214057748117408672296187867362490240719685075723490232014982999711345409851339478885510675943880827589 0 0 0 0 0 0 0 0 0 0 0 0 0 0 0 0 0 0 0 0 0 0 0 0 0 0 1 0 0 0 0 0 0 0 0 0 0 0 0 0 0 0 0 0 0 0 0 0 0 0 0 0 0 0 0 0 0 0 0 0 0 0 0 0 0 0 0 0 0 0 0 0 0 0 0 0 0 0 0 0 0 0 0 0 0 0 0 0 0 0 0 0 0 0 0 0 0 0 0 0 0 0 0 0 0 0 0 0 0 0 0 0 0 0]
[5262680650571129889747291279244463167265036457288574084976710556302593452357596555550730257943735793312342926146147274672563457776174669855072590723586807556539023152614862614464422915827741864870377160127224263454706659746896567484878312638062287338149854103872590080727018760575783100754035603055274806968765831399190895378464700975421703716680 0 0 0 0 0 0 0 0 0 0 0 0 0 0 0 0 0 0 0 0 0 0 0 0 0 0 0 1 0 0 0 0 0 0 0 0 0 0 0 0 0 0 0 0 0 0 0 0 0 0 0 0 0 0 0 0 0 0 0 0 0 0 0 0 0 0 0 0 0 0 0 0 0 0 0 0 0 0 0 0 0 0 0 0 0 0 0 0 0 0 0 0 0 0 0 0 0 0 0 0 0 0 0 0 0 0 0 0 0 0 0 0 0 0]
[8375381880303184609786847283216213274964619465171860852911794992826468825928010419025748386006636164614022807762211962504717202731664483010791779417494360482437341906210850936147193454469152766558391361020869232270208183985203520227791988208945460385144199968309791625050468667243892652345579429992855491211045925142819173219205171423465954263359 0 0 0 0 0 0 0 0 0 0 0 0 0 0 0 0 0 0 0 0 0 0 0 0 0 0 0 0 1 0 0 0 0 0 0 0 0 0 0 0 0 0 0 0 0 0 0 0 0 0 0 0 0 0 0 0 0 0 0 0 0 0 0 0 0 0 0 0 0 0 0 0 0 0 0 0 0 0 0 0 0 0 0 0 0 0 0 0 0 0 0 0 0 0 0 0 0 0 0 0 0 0 0 0 0 0 0 0 0 0 0 0 0 0]
[1733287950668000306343389799976530563252848396214486730949177201351094528668105145128260228962238118904065842159934289357388013944780135645028699561889907045814076407212400105492359000872986687370501076862857634046043914056578392173373257770660722608308207351694258077833887249511931869242349465142937616787004891917852017587960808609752579541218 0 0 0 0 0 0 0 0 0 0 0 0 0 0 0 0 0 0 0 0 0 0 0 0 0 0 0 0 0 1 0 0 0 0 0 0 0 0 0 0 0 0 0 0 0 0 0 0 0 0 0 0 0 0 0 0 0 0 0 0 0 0 0 0 0 0 0 0 0 0 0 0 0 0 0 0 0 0 0 0 0 0 0 0 0 0 0 0 0 0 0 0 0 0 0 0 0 0 0 0 0 0 0 0 0 0 0 0 0 0 0 0 0 0]
[5691766158928706681436140258492871705714641982744681443624883456886355518509020668244288997561147316363139155045966095440632409565715917264715966055296977923244243594566436069049622729245435286341220233387910145854185827804538156165806385201819435479872039659280042273046798295528128247932924383371476721203984512092502454935634783321068535807503 0 0 0 0 0 0 0 0 0 0 0 0 0 0 0 0 0 0 0 0 0 0 0 0 0 0 0 0 0 0 1 0 0 0 0 0 0 0 0 0 0 0 0 0 0 0 0 0 0 0 0 0 0 0 0 0 0 0 0 0 0 0 0 0 0 0 0 0 0 0 0 0 0 0 0 0 0 0 0 0 0 0 0 0 0 0 0 0 0 0 0 0 0 0 0 0 0 0 0 0 0 0 0 0 0 0 0 0 0 0 0 0 0 0]
[3219101128265472495496522155412620320351222991768992828435761753775840942409166252118108268939358526866573551110734289564534922729728915769996380714294312090521199237185565206315202976134113450686250019820763317052217056135269854375857478127733208981064516897447275856859225277787008870943445075208885832327333071109055006000797178549022512405521 0 0 0 0 0 0 0 0 0 0 0 0 0 0 0 0 0 0 0 0 0 0 0 0 0 0 0 0 0 0 0 1 0 0 0 0 0 0 0 0 0 0 0 0 0 0 0 0 0 0 0 0 0 0 0 0 0 0 0 0 0 0 0 0 0 0 0 0 0 0 0 0 0 0 0 0 0 0 0 0 0 0 0 0 0 0 0 0 0 0 0 0 0 0 0 0 0 0 0 0 0 0 0 0 0 0 0 0 0 0 0 0 0 0]
[3787932324482423209202966868350051404732564148825008514450393332592656809309390071111860514237491776232974057024914473355159401995288082693011363840081672175738833402785101933989466537206808615592645452885319897580635190004705432178013222021139418172229664828246353809816682210078042272621328473360918188358602684625085272548880365544762569609555 0 0 0 0 0 0 0 0 0 0 0 0 0 0 0 0 0 0 0 0 0 0 0 0 0 0 0 0 0 0 0 0 1 0 0 0 0 0 0 0 0 0 0 0 0 0 0 0 0 0 0 0 0 0 0 0 0 0 0 0 0 0 0 0 0 0 0 0 0 0 0 0 0 0 0 0 0 0 0 0 0 0 0 0 0 0 0 0 0 0 0 0 0 0 0 0 0 0 0 0 0 0 0 0 0 0 0 0 0 0 0 0 0 0]
[437790067018516363290418616643638530291887883634687259414147440256958481212335492711752530142240333150762448852750118698065567711554555208593373341120895065539738981511381140068186179439459638299568164290079363077047895893694593063948230036609094532484938144764084723724609457698855723429967682616581402435489297805592841094252565245748751564750 0 0 0 0 0 0 0 0 0 0 0 0 0 0 0 0 0 0 0 0 0 0 0 0 0 0 0 0 0 0 0 0 0 1 0 0 0 0 0 0 0 0 0 0 0 0 0 0 0 0 0 0 0 0 0 0 0 0 0 0 0 0 0 0 0 0 0 0 0 0 0 0 0 0 0 0 0 0 0 0 0 0 0 0 0 0 0 0 0 0 0 0 0 0 0 0 0 0 0 0 0 0 0 0 0 0 0 0 0 0 0 0 0 0]
[8364359596698953642027719082430315306697507219833557690095800028082764886230483032898324726988375576222172342217843992564124568852444280143078192318763649364958736373900412612782913981654016909417662904417792277425790195090223123603072573467159495932575861263957658968756607475537111796638703285877654554304267621297743625104500080376025694703022 0 0 0 0 0 0 0 0 0 0 0 0 0 0 0 0 0 0 0 0 0 0 0 0 0 0 0 0 0 0 0 0 0 0 1 0 0 0 0 0 0 0 0 0 0 0 0 0 0 0 0 0 0 0 0 0 0 0 0 0 0 0 0 0 0 0 0 0 0 0 0 0 0 0 0 0 0 0 0 0 0 0 0 0 0 0 0 0 0 0 0 0 0 0 0 0 0 0 0 0 0 0 0 0 0 0 0 0 0 0 0 0 0 0]
[2159616393324198072455934376168785708891117868129666327628356381523315345198289411783018730468383636282279199167183534708920228594830304174090716661315206521764423973953143658357222707511361074926124234107500272190796116252524994690602343122622833488673066091924804221590445529903209463986845942443191616267328858774848718737281332700457890871265 0 0 0 0 0 0 0 0 0 0 0 0 0 0 0 0 0 0 0 0 0 0 0 0 0 0 0 0 0 0 0 0 0 0 0 1 0 0 0 0 0 0 0 0 0 0 0 0 0 0 0 0 0 0 0 0 0 0 0 0 0 0 0 0 0 0 0 0 0 0 0 0 0 0 0 0 0 0 0 0 0 0 0 0 0 0 0 0 0 0 0 0 0 0 0 0 0 0 0 0 0 0 0 0 0 0 0 0 0 0 0 0 0 0]
[6006867515857421300127794353812938414725536753537230257920577752327775746558977888650558549086250994768356718409420935078881527441338857270814541029648615852463388456772349280676759943862664581865060503618206840072367495282984463975713091150673362914370905118465024034027756364376658859062804198615819681980673805658938157136094809809285103887 0 0 0 0 0 0 0 0 0 0 0 0 0 0 0 0 0 0 0 0 0 0 0 0 0 0 0 0 0 0 0 0 0 0 0 0 1 0 0 0 0 0 0 0 0 0 0 0 0 0 0 0 0 0 0 0 0 0 0 0 0 0 0 0 0 0 0 0 0 0 0 0 0 0 0 0 0 0 0 0 0 0 0 0 0 0 0 0 0 0 0 0 0 0 0 0 0 0 0 0 0 0 0 0 0 0 0 0 0 0 0 0 0 0]
[1207447415455239027475000213224586788619369963491610102294706290282171907722340982738370617836644862907450281205985379516202388808799686027234914782970298818675525297077325285768419876209435109772657961818072936156655794849598592715938728710880270757577493421099294856597605962638478267998733187744293719373151092139052328588546823543219340721671 0 0 0 0 0 0 0 0 0 0 0 0 0 0 0 0 0 0 0 0 0 0 0 0 0 0 0 0 0 0 0 0 0 0 0 0 0 1 0 0 0 0 0 0 0 0 0 0 0 0 0 0 0 0 0 0 0 0 0 0 0 0 0 0 0 0 0 0 0 0 0 0 0 0 0 0 0 0 0 0 0 0 0 0 0 0 0 0 0 0 0 0 0 0 0 0 0 0 0 0 0 0 0 0 0 0 0 0 0 0 0 0 0 0]
[5380853744994164095149441294521363177421156349509751066466453500672190446951532924690929372980133066577358115739051163020272213228987657064047236451144070780750964273973722138435242973922916731243635482034414914425528875652827758560652940327657608520260126690516125860199583855309684934870376596602446402667008826298786655908945361282634321077850 0 0 0 0 0 0 0 0 0 0 0 0 0 0 0 0 0 0 0 0 0 0 0 0 0 0 0 0 0 0 0 0 0 0 0 0 0 0 1 0 0 0 0 0 0 0 0 0 0 0 0 0 0 0 0 0 0 0 0 0 0 0 0 0 0 0 0 0 0 0 0 0 0 0 0 0 0 0 0 0 0 0 0 0 0 0 0 0 0 0 0 0 0 0 0 0 0 0 0 0 0 0 0 0 0 0 0 0 0 0 0 0 0 0]
[7665664419331825082161437353542142349040422637456316662704591822575420314170653753777185524062969449779503023460368886915399830617279029056488359043250181412407650226490247919690149797540995112402734800177527402365228355842797374959230101358319212151975253550973759349697250200461027189974691288473209473584922380129310549864031737286169517669169 0 0 0 0 0 0 0 0 0 0 0 0 0 0 0 0 0 0 0 0 0 0 0 0 0 0 0 0 0 0 0 0 0 0 0 0 0 0 0 1 0 0 0 0 0 0 0 0 0 0 0 0 0 0 0 0 0 0 0 0 0 0 0 0 0 0 0 0 0 0 0 0 0 0 0 0 0 0 0 0 0 0 0 0 0 0 0 0 0 0 0 0 0 0 0 0 0 0 0 0 0 0 0 0 0 0 0 0 0 0 0 0 0 0]
[838261446532997645323567349896913554956265970311957683083908962665985832303367265942414683977715388204685691618619597773901428356444092561881585907115119556453450733560780289198592890530297589616006928393321939646509075108594533809338827430639579247437974658318154265931728241473033621366690019216313627646327507044437244596299239615709339420278 0 0 0 0 0 0 0 0 0 0 0 0 0 0 0 0 0 0 0 0 0 0 0 0 0 0 0 0 0 0 0 0 0 0 0 0 0 0 0 0 1 0 0 0 0 0 0 0 0 0 0 0 0 0 0 0 0 0 0 0 0 0 0 0 0 0 0 0 0 0 0 0 0 0 0 0 0 0 0 0 0 0 0 0 0 0 0 0 0 0 0 0 0 0 0 0 0 0 0 0 0 0 0 0 0 0 0 0 0 0 0 0 0 0]
[3306687215513359371807461130254924231381789842605597086470483227792242596824118965012128740899173008362554814672878126721907190622197264099250441841337453310890536390421452390878432019614661783256011501884022627235723761475446827384534536564068564112048270927075687700760043652987580517181473513008151515291319547001517675117544338252170711821145 0 0 0 0 0 0 0 0 0 0 0 0 0 0 0 0 0 0 0 0 0 0 0 0 0 0 0 0 0 0 0 0 0 0 0 0 0 0 0 0 0 1 0 0 0 0 0 0 0 0 0 0 0 0 0 0 0 0 0 0 0 0 0 0 0 0 0 0 0 0 0 0 0 0 0 0 0 0 0 0 0 0 0 0 0 0 0 0 0 0 0 0 0 0 0 0 0 0 0 0 0 0 0 0 0 0 0 0 0 0 0 0 0 0]
[987594578049154777201047805172128978394407574095977964842115229784275377591712534095433063521086505114375524791871839960961556078399327567430643771312664199704074194283170421286897275386557812829282650235400460575085744648616114334680145404998738682965364259324305706000463159554244847907890222227858824284669888203056075680688659529016862603724 0 0 0 0 0 0 0 0 0 0 0 0 0 0 0 0 0 0 0 0 0 0 0 0 0 0 0 0 0 0 0 0 0 0 0 0 0 0 0 0 0 0 1 0 0 0 0 0 0 0 0 0 0 0 0 0 0 0 0 0 0 0 0 0 0 0 0 0 0 0 0 0 0 0 0 0 0 0 0 0 0 0 0 0 0 0 0 0 0 0 0 0 0 0 0 0 0 0 0 0 0 0 0 0 0 0 0 0 0 0 0 0 0 0]
[2050432387877337235346619416333014831417545793244252621120616193586107506963213298684494402365292522166498675804586273764782616765578324012207855761041650857774093630143868707983968767945955244212619104089011293276200378708125157296150446497666516258682499219495852902129200113070153953766585534859136343907800585029239252608703258299280620825202 0 0 0 0 0 0 0 0 0 0 0 0 0 0 0 0 0 0 0 0 0 0 0 0 0 0 0 0 0 0 0 0 0 0 0 0 0 0 0 0 0 0 0 1 0 0 0 0 0 0 0 0 0 0 0 0 0 0 0 0 0 0 0 0 0 0 0 0 0 0 0 0 0 0 0 0 0 0 0 0 0 0 0 0 0 0 0 0 0 0 0 0 0 0 0 0 0 0 0 0 0 0 0 0 0 0 0 0 0 0 0 0 0 0]
[2616489537004408125664429616174004536490897494026291256098180871350822629566349852142546291223965028827550750276359194749778048586805401603862368250360748037588015860277438758148357507679241116652514746197987774559710648149515065632167310245269891183084000484307231700365497784810739311069560694434211642799775014468027059874281284914945690109007 0 0 0 0 0 0 0 0 0 0 0 0 0 0 0 0 0 0 0 0 0 0 0 0 0 0 0 0 0 0 0 0 0 0 0 0 0 0 0 0 0 0 0 0 1 0 0 0 0 0 0 0 0 0 0 0 0 0 0 0 0 0 0 0 0 0 0 0 0 0 0 0 0 0 0 0 0 0 0 0 0 0 0 0 0 0 0 0 0 0 0 0 0 0 0 0 0 0 0 0 0 0 0 0 0 0 0 0 0 0 0 0 0 0]
[4052392819807005259742713392488728334843435414733370918068118071625982853215793706889854334479460811810217316938695357616135556402678179419723991596717553062342775750367980464699803593621559740206690583557168483356643608276109438674002621122781535410784904129091588108905295588925478317089032260610009998005771362717504813377258158782076590603286 0 0 0 0 0 0 0 0 0 0 0 0 0 0 0 0 0 0 0 0 0 0 0 0 0 0 0 0 0 0 0 0 0 0 0 0 0 0 0 0 0 0 0 0 0 1 0 0 0 0 0 0 0 0 0 0 0 0 0 0 0 0 0 0 0 0 0 0 0 0 0 0 0 0 0 0 0 0 0 0 0 0 0 0 0 0 0 0 0 0 0 0 0 0 0 0 0 0 0 0 0 0 0 0 0 0 0 0 0 0 0 0 0 0]
[1348089541399310771515696141631345580511667126465712255604487866702885910146824425853490836764762584292534232658448841021726599487749035375423659129882284249481797758000343431447462040311129702019312089469559816426431803097881547247579390504806332213889746218108669962096356906760570003197598407649351601217792205972117220456601372881218552053144 0 0 0 0 0 0 0 0 0 0 0 0 0 0 0 0 0 0 0 0 0 0 0 0 0 0 0 0 0 0 0 0 0 0 0 0 0 0 0 0 0 0 0 0 0 0 1 0 0 0 0 0 0 0 0 0 0 0 0 0 0 0 0 0 0 0 0 0 0 0 0 0 0 0 0 0 0 0 0 0 0 0 0 0 0 0 0 0 0 0 0 0 0 0 0 0 0 0 0 0 0 0 0 0 0 0 0 0 0 0 0 0 0 0]
[2892281457306415146819996376389736047417410500362001002185022920808916752237057249060452581587411910809935576328325099594546812045802712457242345189853985211416564604945800595157487500252479062108770378832393487220845208552151440245390288677372944109639303863106911790820821856601007261151882922376272228941992494121817894363379164278069447408378 0 0 0 0 0 0 0 0 0 0 0 0 0 0 0 0 0 0 0 0 0 0 0 0 0 0 0 0 0 0 0 0 0 0 0 0 0 0 0 0 0 0 0 0 0 0 0 1 0 0 0 0 0 0 0 0 0 0 0 0 0 0 0 0 0 0 0 0 0 0 0 0 0 0 0 0 0 0 0 0 0 0 0 0 0 0 0 0 0 0 0 0 0 0 0 0 0 0 0 0 0 0 0 0 0 0 0 0 0 0 0 0 0 0]
[6987681855395191855585110852001029538589449366263577690997801885045240041399011125790783874277581435295946244480148525045204804860599051410139555651720336328498640505450853219345145258313120374844271221513488877130929025694572693257484288833697155343517109569752966890845297413006769859027831742402425352729864393012245993127746037622889947161684 0 0 0 0 0 0 0 0 0 0 0 0 0 0 0 0 0 0 0 0 0 0 0 0 0 0 0 0 0 0 0 0 0 0 0 0 0 0 0 0 0 0 0 0 0 0 0 0 1 0 0 0 0 0 0 0 0 0 0 0 0 0 0 0 0 0 0 0 0 0 0 0 0 0 0 0 0 0 0 0 0 0 0 0 0 0 0 0 0 0 0 0 0 0 0 0 0 0 0 0 0 0 0 0 0 0 0 0 0 0 0 0 0 0]
[778556913574784274418659136963997233371261298792489758948467912966338038736925478136020316266676649681745109388681645106632544738652253337377668912449377738163964121786847233424879675469819522081844434186730928465049086818925066195791998254728208096403394559050773044329792198435999910401489803762400380417840419125348395337777556515825942685885 0 0 0 0 0 0 0 0 0 0 0 0 0 0 0 0 0 0 0 0 0 0 0 0 0 0 0 0 0 0 0 0 0 0 0 0 0 0 0 0 0 0 0 0 0 0 0 0 0 1 0 0 0 0 0 0 0 0 0 0 0 0 0 0 0 0 0 0 0 0 0 0 0 0 0 0 0 0 0 0 0 0 0 0 0 0 0 0 0 0 0 0 0 0 0 0 0 0 0 0 0 0 0 0 0 0 0 0 0 0 0 0 0 0]
[7964454252835182667943413893783435257892765747765233618272858973503809955782735381390736370499698435988695661337242854607201925897895708823830896370115183590619879309137045816692942616722350508056260814194732134524793686522316765700761150530591962375135125064623044329412484658598120661779637429616572015545906222439131851685393633942664410484208 0 0 0 0 0 0 0 0 0 0 0 0 0 0 0 0 0 0 0 0 0 0 0 0 0 0 0 0 0 0 0 0 0 0 0 0 0 0 0 0 0 0 0 0 0 0 0 0 0 0 1 0 0 0 0 0 0 0 0 0 0 0 0 0 0 0 0 0 0 0 0 0 0 0 0 0 0 0 0 0 0 0 0 0 0 0 0 0 0 0 0 0 0 0 0 0 0 0 0 0 0 0 0 0 0 0 0 0 0 0 0 0 0 0]
[2156750502195016551020730624765078662915436132353619401142012086333513330508637575738365547207364528963228413390723737820700976889286811721328780719917268469776500563246696459476767406793359364653076702644574444422354278934309067042057122081106793321253357224778499572733749291031090271179386500047910060860124947088802346960778444369257207691158 0 0 0 0 0 0 0 0 0 0 0 0 0 0 0 0 0 0 0 0 0 0 0 0 0 0 0 0 0 0 0 0 0 0 0 0 0 0 0 0 0 0 0 0 0 0 0 0 0 0 0 1 0 0 0 0 0 0 0 0 0 0 0 0 0 0 0 0 0 0 0 0 0 0 0 0 0 0 0 0 0 0 0 0 0 0 0 0 0 0 0 0 0 0 0 0 0 0 0 0 0 0 0 0 0 0 0 0 0 0 0 0 0 0]
[564259513506961255154493781472425589188616478104341706126186413703517221333275323729465746729591367191552287854927939271608682144592996157066615855995218935243104770276947681275713431369398597066393117178737241860121620874482270715090609156214247179188596300011827939468294417034883596111990000232561894658865894545050734099525155128915254761037 0 0 0 0 0 0 0 0 0 0 0 0 0 0 0 0 0 0 0 0 0 0 0 0 0 0 0 0 0 0 0 0 0 0 0 0 0 0 0 0 0 0 0 0 0 0 0 0 0 0 0 0 1 0 0 0 0 0 0 0 0 0 0 0 0 0 0 0 0 0 0 0 0 0 0 0 0 0 0 0 0 0 0 0 0 0 0 0 0 0 0 0 0 0 0 0 0 0 0 0 0 0 0 0 0 0 0 0 0 0 0 0 0 0]
[2054111404775979030112623284089585305577224618012613100695329808349430626446332911535503147424627640925227157313905182311648300928556371306124323923421067088204700422321832106208198435550602616578252847026235135440003772179625856312407195294371891314733694358579628683629446214343696941488442667629767043255477591436021910037149337486992081982640 0 0 0 0 0 0 0 0 0 0 0 0 0 0 0 0 0 0 0 0 0 0 0 0 0 0 0 0 0 0 0 0 0 0 0 0 0 0 0 0 0 0 0 0 0 0 0 0 0 0 0 0 0 1 0 0 0 0 0 0 0 0 0 0 0 0 0 0 0 0 0 0 0 0 0 0 0 0 0 0 0 0 0 0 0 0 0 0 0 0 0 0 0 0 0 0 0 0 0 0 0 0 0 0 0 0 0 0 0 0 0 0 0 0]
[991639318946924251525726880265063994914491763778908661012111493312378736411807449932329106079841601980643173709444166084825858831458977404883100983206958191527529030020878998528605893687382958349445199594011069923778426691528661058681797528508726801653080976535404840396809268389215537452745155535067598133990493216955820374128355397754194782387 0 0 0 0 0 0 0 0 0 0 0 0 0 0 0 0 0 0 0 0 0 0 0 0 0 0 0 0 0 0 0 0 0 0 0 0 0 0 0 0 0 0 0 0 0 0 0 0 0 0 0 0 0 0 1 0 0 0 0 0 0 0 0 0 0 0 0 0 0 0 0 0 0 0 0 0 0 0 0 0 0 0 0 0 0 0 0 0 0 0 0 0 0 0 0 0 0 0 0 0 0 0 0 0 0 0 0 0 0 0 0 0 0 0]
[6936223950902231986387403154083293819525712300926388702776294630011149332983170762899129299232546604396474533346572894563012737543395727083826628993008642262957369962250866271041290759666254827855338383083711144428586116641594648425737612285604868952194973265414465003795505265907269833839226492506959626750100462470993889870454530732519325980880 0 0 0 0 0 0 0 0 0 0 0 0 0 0 0 0 0 0 0 0 0 0 0 0 0 0 0 0 0 0 0 0 0 0 0 0 0 0 0 0 0 0 0 0 0 0 0 0 0 0 0 0 0 0 0 1 0 0 0 0 0 0 0 0 0 0 0 0 0 0 0 0 0 0 0 0 0 0 0 0 0 0 0 0 0 0 0 0 0 0 0 0 0 0 0 0 0 0 0 0 0 0 0 0 0 0 0 0 0 0 0 0 0 0]
[5774408294877023329029860356589195408975031286031444740123661283984398065123478500633872355689188114852168483581009513113418094070944047181525392885534912276932644575108229126375421933018349809218720282999714605156884077179364678005853700530645775402666576458297377037453251303211959468123277919548111169704728005097603707755415223808963018107362 0 0 0 0 0 0 0 0 0 0 0 0 0 0 0 0 0 0 0 0 0 0 0 0 0 0 0 0 0 0 0 0 0 0 0 0 0 0 0 0 0 0 0 0 0 0 0 0 0 0 0 0 0 0 0 0 1 0 0 0 0 0 0 0 0 0 0 0 0 0 0 0 0 0 0 0 0 0 0 0 0 0 0 0 0 0 0 0 0 0 0 0 0 0 0 0 0 0 0 0 0 0 0 0 0 0 0 0 0 0 0 0 0 0]
[6087486914412956197873678694672681450000218493670185801565707925327980381956637004164643656716770766779236247430724746092484404846659552806393912054312587635952945426328809978083650440143504190624784108684177194805105903179630837594653202536150257954022126474397209190321446230160777301279455634281012045764793167046844273050483946962456861410898 0 0 0 0 0 0 0 0 0 0 0 0 0 0 0 0 0 0 0 0 0 0 0 0 0 0 0 0 0 0 0 0 0 0 0 0 0 0 0 0 0 0 0 0 0 0 0 0 0 0 0 0 0 0 0 0 0 1 0 0 0 0 0 0 0 0 0 0 0 0 0 0 0 0 0 0 0 0 0 0 0 0 0 0 0 0 0 0 0 0 0 0 0 0 0 0 0 0 0 0 0 0 0 0 0 0 0 0 0 0 0 0 0 0]
[6707769799125225867968499539154690614702959201776124690081331340973056894759865055247039566516283623445912388972178558575500076432280033656550773717742972594197408904822045411334063784915905769485231120129418332203569919853982093587221801798725909382966924832452857453121723727715386078934230116929957557811256909631530892383203120606675587524542 0 0 0 0 0 0 0 0 0 0 0 0 0 0 0 0 0 0 0 0 0 0 0 0 0 0 0 0 0 0 0 0 0 0 0 0 0 0 0 0 0 0 0 0 0 0 0 0 0 0 0 0 0 0 0 0 0 0 1 0 0 0 0 0 0 0 0 0 0 0 0 0 0 0 0 0 0 0 0 0 0 0 0 0 0 0 0 0 0 0 0 0 0 0 0 0 0 0 0 0 0 0 0 0 0 0 0 0 0 0 0 0 0 0]
[6569548263478904474332424447432857180249711502102784819050120307422725654595058083762029769117874124726561370772360448258639186894116941156890540199274718304094084956394536373512598966561162388603711721811629419401768628866650559674094142570117371854955135808458973870727343311261873078020492697563239506521833695623058381093820994611483002684783 0 0 0 0 0 0 0 0 0 0 0 0 0 0 0 0 0 0 0 0 0 0 0 0 0 0 0 0 0 0 0 0 0 0 0 0 0 0 0 0 0 0 0 0 0 0 0 0 0 0 0 0 0 0 0 0 0 0 0 1 0 0 0 0 0 0 0 0 0 0 0 0 0 0 0 0 0 0 0 0 0 0 0 0 0 0 0 0 0 0 0 0 0 0 0 0 0 0 0 0 0 0 0 0 0 0 0 0 0 0 0 0 0 0]
[2034455480544212861175911165212901675639290052533220289924599862411552412899084570867668192039530655635135895163383668200816272002086592657236969262099802753509533613810589985883682085764501411832363877989927208496452881337272638103853001314725146440935725372522205288750471490779397375095234438878268445036260527777430783301429757069240071261488 0 0 0 0 0 0 0 0 0 0 0 0 0 0 0 0 0 0 0 0 0 0 0 0 0 0 0 0 0 0 0 0 0 0 0 0 0 0 0 0 0 0 0 0 0 0 0 0 0 0 0 0 0 0 0 0 0 0 0 0 1 0 0 0 0 0 0 0 0 0 0 0 0 0 0 0 0 0 0 0 0 0 0 0 0 0 0 0 0 0 0 0 0 0 0 0 0 0 0 0 0 0 0 0 0 0 0 0 0 0 0 0 0 0]
[7867129499318633548266734769679460656810969669156960661382196427006358423322474197696028049686536135941687529658301423404335932851454206111832956970760401982357935434297505073977493342006818067946749731260889800164484232267100522941862824976524955726981051300904362839581936298311150250234340398494315828796976700957510101377347021526703421743221 0 0 0 0 0 0 0 0 0 0 0 0 0 0 0 0 0 0 0 0 0 0 0 0 0 0 0 0 0 0 0 0 0 0 0 0 0 0 0 0 0 0 0 0 0 0 0 0 0 0 0 0 0 0 0 0 0 0 0 0 0 1 0 0 0 0 0 0 0 0 0 0 0 0 0 0 0 0 0 0 0 0 0 0 0 0 0 0 0 0 0 0 0 0 0 0 0 0 0 0 0 0 0 0 0 0 0 0 0 0 0 0 0 0]
[3783119543388386521191531227564712478442194856335330644642476220329245185137726011515573678119963566107486909500773380302900238295911167077126433615313281960480050360121731698935984640275404353124853748078793121666227570668089899813757929532981606157010116232821890183410973661592586389050600317987619900689201393321364773779014307926500377959139 0 0 0 0 0 0 0 0 0 0 0 0 0 0 0 0 0 0 0 0 0 0 0 0 0 0 0 0 0 0 0 0 0 0 0 0 0 0 0 0 0 0 0 0 0 0 0 0 0 0 0 0 0 0 0 0 0 0 0 0 0 0 1 0 0 0 0 0 0 0 0 0 0 0 0 0 0 0 0 0 0 0 0 0 0 0 0 0 0 0 0 0 0 0 0 0 0 0 0 0 0 0 0 0 0 0 0 0 0 0 0 0 0 0]
[3470285976563729525192610241798874727302076020263152978356042304764625429673879251196049184944649187873850394885835894752287385741172704084878665676726352582876569464206061486160319808782194889815235019729578018485868746256120332564038535246540936847476067074823768508835164007122580906889058530315286158494899577501787361889548834753675973413325 0 0 0 0 0 0 0 0 0 0 0 0 0 0 0 0 0 0 0 0 0 0 0 0 0 0 0 0 0 0 0 0 0 0 0 0 0 0 0 0 0 0 0 0 0 0 0 0 0 0 0 0 0 0 0 0 0 0 0 0 0 0 0 1 0 0 0 0 0 0 0 0 0 0 0 0 0 0 0 0 0 0 0 0 0 0 0 0 0 0 0 0 0 0 0 0 0 0 0 0 0 0 0 0 0 0 0 0 0 0 0 0 0 0]
[1424201130233497150185224920598865722969532610670528273000398175403251098262289802556366108397447066580410454726362626949305068057260029599453202757509741552985596022836866721152269083405974501416575217714460954193742109953194623063247299616987176517939821240532199495316079046363153179260175332890895148800984592197276820501820206291059918743000 0 0 0 0 0 0 0 0 0 0 0 0 0 0 0 0 0 0 0 0 0 0 0 0 0 0 0 0 0 0 0 0 0 0 0 0 0 0 0 0 0 0 0 0 0 0 0 0 0 0 0 0 0 0 0 0 0 0 0 0 0 0 0 0 1 0 0 0 0 0 0 0 0 0 0 0 0 0 0 0 0 0 0 0 0 0 0 0 0 0 0 0 0 0 0 0 0 0 0 0 0 0 0 0 0 0 0 0 0 0 0 0 0 0]
[3146817403021447878872938740942196539620204482613079662864522377331178300721745772855463934128680055208562914159168790753963296288172159005595589379311549090567612596002943210013712330242032669805714291920593434433563419681303640906344664994510845673155429167061138906383097868297121738190726992002476217172611175418908022049490539546044318408223 0 0 0 0 0 0 0 0 0 0 0 0 0 0 0 0 0 0 0 0 0 0 0 0 0 0 0 0 0 0 0 0 0 0 0 0 0 0 0 0 0 0 0 0 0 0 0 0 0 0 0 0 0 0 0 0 0 0 0 0 0 0 0 0 0 1 0 0 0 0 0 0 0 0 0 0 0 0 0 0 0 0 0 0 0 0 0 0 0 0 0 0 0 0 0 0 0 0 0 0 0 0 0 0 0 0 0 0 0 0 0 0 0 0]
[3105205182804830870295611958751840532327333256927982070070664511590472762326087465931490207798629592666481743406980617725731822794307394345338065935156528044859419062496412542600320675818729412163650694991699441936813397520275593007674107111879408926216191044124128473399394796343288243394940378905483546831218683606204193740172795798910302082754 0 0 0 0 0 0 0 0 0 0 0 0 0 0 0 0 0 0 0 0 0 0 0 0 0 0 0 0 0 0 0 0 0 0 0 0 0 0 0 0 0 0 0 0 0 0 0 0 0 0 0 0 0 0 0 0 0 0 0 0 0 0 0 0 0 0 1 0 0 0 0 0 0 0 0 0 0 0 0 0 0 0 0 0 0 0 0 0 0 0 0 0 0 0 0 0 0 0 0 0 0 0 0 0 0 0 0 0 0 0 0 0 0 0]
[110862732692148206722265843530803177141225848054138683737899689710253710669962301170023485344424918355771029224015148493917143543232505776890445049625196444995880108352046598928230156955532755610832402381997673154127002992322430913949404890584952521895122576385464352880969602223291742297907502542834327639430291007122879224039062046582755263671 0 0 0 0 0 0 0 0 0 0 0 0 0 0 0 0 0 0 0 0 0 0 0 0 0 0 0 0 0 0 0 0 0 0 0 0 0 0 0 0 0 0 0 0 0 0 0 0 0 0 0 0 0 0 0 0 0 0 0 0 0 0 0 0 0 0 0 1 0 0 0 0 0 0 0 0 0 0 0 0 0 0 0 0 0 0 0 0 0 0 0 0 0 0 0 0 0 0 0 0 0 0 0 0 0 0 0 0 0 0 0 0 0 0]
[231080197303911411669700898560530627376190361534085488334546106369374092088993400666908481670373494201058664734136939018914898615275741292311821291474670875200124550236388861942928930616082740405813213845881923544070284062150880184153256117116902251795698281396952017841701592585981540394880407883324541290913652854461021649688668456882550480774 0 0 0 0 0 0 0 0 0 0 0 0 0 0 0 0 0 0 0 0 0 0 0 0 0 0 0 0 0 0 0 0 0 0 0 0 0 0 0 0 0 0 0 0 0 0 0 0 0 0 0 0 0 0 0 0 0 0 0 0 0 0 0 0 0 0 0 0 1 0 0 0 0 0 0 0 0 0 0 0 0 0 0 0 0 0 0 0 0 0 0 0 0 0 0 0 0 0 0 0 0 0 0 0 0 0 0 0 0 0 0 0 0 0]
[1280108639575641323552353055059704400903183099107177231798957593904558195988325477876207066780873644923411150740670361083889986772063733476210818340124006118131174827248353541882434447432124673195105466768737804825180211690581966995359361175822115435891232851350634093725747000812442404866827470374631401556504246691664733213646277220004373684239 0 0 0 0 0 0 0 0 0 0 0 0 0 0 0 0 0 0 0 0 0 0 0 0 0 0 0 0 0 0 0 0 0 0 0 0 0 0 0 0 0 0 0 0 0 0 0 0 0 0 0 0 0 0 0 0 0 0 0 0 0 0 0 0 0 0 0 0 0 1 0 0 0 0 0 0 0 0 0 0 0 0 0 0 0 0 0 0 0 0 0 0 0 0 0 0 0 0 0 0 0 0 0 0 0 0 0 0 0 0 0 0 0 0]
[1977863124730594484701054300872978187825911108202694865994185482115969271412615008605176866913010233318536576116741184987555526201543617067255168510942585725000721942539015184483239781110024774986860083974301367992351874050943214349335224906170741224286622855053514301798549966262171661882530314799244173729798022634313213525524321376118670583763 0 0 0 0 0 0 0 0 0 0 0 0 0 0 0 0 0 0 0 0 0 0 0 0 0 0 0 0 0 0 0 0 0 0 0 0 0 0 0 0 0 0 0 0 0 0 0 0 0 0 0 0 0 0 0 0 0 0 0 0 0 0 0 0 0 0 0 0 0 0 1 0 0 0 0 0 0 0 0 0 0 0 0 0 0 0 0 0 0 0 0 0 0 0 0 0 0 0 0 0 0 0 0 0 0 0 0 0 0 0 0 0 0 0]
[6061493336108466603403577262404927865545351631004309430305269597372517027832373112197579557253058836670745369780008129647597762262428907896741346504440551772602174531279225751077234900047343940299172962376345031991420816402647636841767220773273323008692461156828644697694754597022268457096203748252155791912757417156357474169279922287807696569860 0 0 0 0 0 0 0 0 0 0 0 0 0 0 0 0 0 0 0 0 0 0 0 0 0 0 0 0 0 0 0 0 0 0 0 0 0 0 0 0 0 0 0 0 0 0 0 0 0 0 0 0 0 0 0 0 0 0 0 0 0 0 0 0 0 0 0 0 0 0 0 1 0 0 0 0 0 0 0 0 0 0 0 0 0 0 0 0 0 0 0 0 0 0 0 0 0 0 0 0 0 0 0 0 0 0 0 0 0 0 0 0 0 0]
[2033606679596927716466031154597198556565891645821691216051845685632178046723842316713450728676817113852918429866078922757542838192817382896355532516774229899428671288492346068389279850510754838933451277525492248719652149721669046455390203121790643413270636210370870673414125346934483353596606677082834658265905424898990730772823176120736124325208 0 0 0 0 0 0 0 0 0 0 0 0 0 0 0 0 0 0 0 0 0 0 0 0 0 0 0 0 0 0 0 0 0 0 0 0 0 0 0 0 0 0 0 0 0 0 0 0 0 0 0 0 0 0 0 0 0 0 0 0 0 0 0 0 0 0 0 0 0 0 0 0 1 0 0 0 0 0 0 0 0 0 0 0 0 0 0 0 0 0 0 0 0 0 0 0 0 0 0 0 0 0 0 0 0 0 0 0 0 0 0 0 0 0]
[4636239319816040775928464075420493898622208191921253610637202019469853950313870635853796713201852247375207875613176345992967289525789410887066722366934307118972480747187529378367665571640035223819524843457237339927107249854361323268566211324130407293273149810010505382070991918031531049637083100803719161085067146363902803968519808539038290064205 0 0 0 0 0 0 0 0 0 0 0 0 0 0 0 0 0 0 0 0 0 0 0 0 0 0 0 0 0 0 0 0 0 0 0 0 0 0 0 0 0 0 0 0 0 0 0 0 0 0 0 0 0 0 0 0 0 0 0 0 0 0 0 0 0 0 0 0 0 0 0 0 0 1 0 0 0 0 0 0 0 0 0 0 0 0 0 0 0 0 0 0 0 0 0 0 0 0 0 0 0 0 0 0 0 0 0 0 0 0 0 0 0 0]
[4742957659136271272714629698272319000051427353889832500867464820569211154958417754640594446142978463105137227782994998168999503142080231483735669786791860844214080512903300751306741102568419834731149700997473275756833703940348435483207246799147447749818912175934550827658240742896645144074486110857120432053469909838513901941258891703970260633384 0 0 0 0 0 0 0 0 0 0 0 0 0 0 0 0 0 0 0 0 0 0 0 0 0 0 0 0 0 0 0 0 0 0 0 0 0 0 0 0 0 0 0 0 0 0 0 0 0 0 0 0 0 0 0 0 0 0 0 0 0 0 0 0 0 0 0 0 0 0 0 0 0 0 1 0 0 0 0 0 0 0 0 0 0 0 0 0 0 0 0 0 0 0 0 0 0 0 0 0 0 0 0 0 0 0 0 0 0 0 0 0 0 0]
[510543669402623742674896852294822110706200964425376836502944949203471082441103371446788164590624029778794503176462512462416575430605849220465316884951309438646889344711927647503312915659519255594925460430202733914000405233141787250677707808126493805340101966485421604582858120226567912581137494639519067722551492173642247020005593057373267008092 0 0 0 0 0 0 0 0 0 0 0 0 0 0 0 0 0 0 0 0 0 0 0 0 0 0 0 0 0 0 0 0 0 0 0 0 0 0 0 0 0 0 0 0 0 0 0 0 0 0 0 0 0 0 0 0 0 0 0 0 0 0 0 0 0 0 0 0 0 0 0 0 0 0 0 1 0 0 0 0 0 0 0 0 0 0 0 0 0 0 0 0 0 0 0 0 0 0 0 0 0 0 0 0 0 0 0 0 0 0 0 0 0 0]
[510807874916685094450566771412107006128634948498939675117050927942106388842542774327130681362633014253174801198693068096720847735529633337522238079153516564102190618640734778880412543909284643212228980779261237871784961647602003665647652644997788276094315145979674130402407290986310822394300379925864643190126894743978331679749090130687234983712 0 0 0 0 0 0 0 0 0 0 0 0 0 0 0 0 0 0 0 0 0 0 0 0 0 0 0 0 0 0 0 0 0 0 0 0 0 0 0 0 0 0 0 0 0 0 0 0 0 0 0 0 0 0 0 0 0 0 0 0 0 0 0 0 0 0 0 0 0 0 0 0 0 0 0 0 1 0 0 0 0 0 0 0 0 0 0 0 0 0 0 0 0 0 0 0 0 0 0 0 0 0 0 0 0 0 0 0 0 0 0 0 0 0]
[81630327249806873091069765489978026197125934871747589607897493816606422177744282308825040013149812982843931974232996772384647791694356110761162727127828634892674365063196997933761494601596636468214499860298504715846697278954811274092239304986381273272291968144680223250630254921301362033038083857582545190195153862882577082688286820585324196705 0 0 0 0 0 0 0 0 0 0 0 0 0 0 0 0 0 0 0 0 0 0 0 0 0 0 0 0 0 0 0 0 0 0 0 0 0 0 0 0 0 0 0 0 0 0 0 0 0 0 0 0 0 0 0 0 0 0 0 0 0 0 0 0 0 0 0 0 0 0 0 0 0 0 0 0 0 1 0 0 0 0 0 0 0 0 0 0 0 0 0 0 0 0 0 0 0 0 0 0 0 0 0 0 0 0 0 0 0 0 0 0 0 0]
[5551221564333184478180785178514178268286667731345629188189637091852853403932960359644540157022752456804960918615693590198679897830306585826295641082611535652740993310192400234959507318725090296058990295474623551172376683079896644734899742965977747917354179384716467307211269908968131806523200937029746389328724177193700735997703089420799506432713 0 0 0 0 0 0 0 0 0 0 0 0 0 0 0 0 0 0 0 0 0 0 0 0 0 0 0 0 0 0 0 0 0 0 0 0 0 0 0 0 0 0 0 0 0 0 0 0 0 0 0 0 0 0 0 0 0 0 0 0 0 0 0 0 0 0 0 0 0 0 0 0 0 0 0 0 0 0 1 0 0 0 0 0 0 0 0 0 0 0 0 0 0 0 0 0 0 0 0 0 0 0 0 0 0 0 0 0 0 0 0 0 0 0]
[2078288336089675599212369284866863688954909154426866604411317749840341174220717212349513610599848057706858718384883901580488291115242221203013256557967657697152114494701754825216926652433261250002226004809989485318433308139993071917513647521386747656038123913207635087102373593805798325800301789904929014684196382353757060671162683752331096244603 0 0 0 0 0 0 0 0 0 0 0 0 0 0 0 0 0 0 0 0 0 0 0 0 0 0 0 0 0 0 0 0 0 0 0 0 0 0 0 0 0 0 0 0 0 0 0 0 0 0 0 0 0 0 0 0 0 0 0 0 0 0 0 0 0 0 0 0 0 0 0 0 0 0 0 0 0 0 0 1 0 0 0 0 0 0 0 0 0 0 0 0 0 0 0 0 0 0 0 0 0 0 0 0 0 0 0 0 0 0 0 0 0 0]
[3400463817110662980667188345086527372115808017279404773106949257619455866458037016793381990010744297349461292511500598372148184472230512078698556336377768035169093061029864454769631586256583582855803284077862826040531863009224371282035176089385223947255732745446214943370039327018948184821295207677426438013694646453997288382005643962736070089006 0 0 0 0 0 0 0 0 0 0 0 0 0 0 0 0 0 0 0 0 0 0 0 0 0 0 0 0 0 0 0 0 0 0 0 0 0 0 0 0 0 0 0 0 0 0 0 0 0 0 0 0 0 0 0 0 0 0 0 0 0 0 0 0 0 0 0 0 0 0 0 0 0 0 0 0 0 0 0 0 1 0 0 0 0 0 0 0 0 0 0 0 0 0 0 0 0 0 0 0 0 0 0 0 0 0 0 0 0 0 0 0 0 0]
[5514092861025960975449768343504336659837679516143674893999524030007043460135939676310948528636613777485926576708951949252436320882991580323240874671549358156406143280702760184724972117958007600838960455296525385652283727265877932219495679520233993841119745293102207318508455902906014303135345613582902013938855683134407144658414210739448379570029 0 0 0 0 0 0 0 0 0 0 0 0 0 0 0 0 0 0 0 0 0 0 0 0 0 0 0 0 0 0 0 0 0 0 0 0 0 0 0 0 0 0 0 0 0 0 0 0 0 0 0 0 0 0 0 0 0 0 0 0 0 0 0 0 0 0 0 0 0 0 0 0 0 0 0 0 0 0 0 0 0 1 0 0 0 0 0 0 0 0 0 0 0 0 0 0 0 0 0 0 0 0 0 0 0 0 0 0 0 0 0 0 0 0]
[5807850522757899776161472899088860626555492481513733128273694399375718449267625740978810729855250159477104128257754274909173848160950465677335902288524930688152855052145168598346868446834969810817233867772456980319666561734323735472387599939748784631091908227655013673190452875290911648605487817601898050645463930102553833899371861186454842855190 0 0 0 0 0 0 0 0 0 0 0 0 0 0 0 0 0 0 0 0 0 0 0 0 0 0 0 0 0 0 0 0 0 0 0 0 0 0 0 0 0 0 0 0 0 0 0 0 0 0 0 0 0 0 0 0 0 0 0 0 0 0 0 0 0 0 0 0 0 0 0 0 0 0 0 0 0 0 0 0 0 0 1 0 0 0 0 0 0 0 0 0 0 0 0 0 0 0 0 0 0 0 0 0 0 0 0 0 0 0 0 0 0 0]
[1105766742781230281531399142227731244339742963907579251490901067091770453762824582060144422361355197518680691154770933901927977888428656383105952880209073933834850834993069203143394231958730564514276025450015519686094800529364015148122064412035483872978027367617770838648945434877184831171010149564670025361172968363989329916791936637779199069493 0 0 0 0 0 0 0 0 0 0 0 0 0 0 0 0 0 0 0 0 0 0 0 0 0 0 0 0 0 0 0 0 0 0 0 0 0 0 0 0 0 0 0 0 0 0 0 0 0 0 0 0 0 0 0 0 0 0 0 0 0 0 0 0 0 0 0 0 0 0 0 0 0 0 0 0 0 0 0 0 0 0 0 1 0 0 0 0 0 0 0 0 0 0 0 0 0 0 0 0 0 0 0 0 0 0 0 0 0 0 0 0 0 0]
[4811933347865949566593854630687856270791443182616718986686247568403024019943988429450364774194468411899942993178454370980759424036143385035803403376199636037680050409411120979787977746267686936115607238041096113039695600378991951121936359199547600647900480923108977329115686808503391249260851358785399896043462309381065871621056868295589684300957 0 0 0 0 0 0 0 0 0 0 0 0 0 0 0 0 0 0 0 0 0 0 0 0 0 0 0 0 0 0 0 0 0 0 0 0 0 0 0 0 0 0 0 0 0 0 0 0 0 0 0 0 0 0 0 0 0 0 0 0 0 0 0 0 0 0 0 0 0 0 0 0 0 0 0 0 0 0 0 0 0 0 0 0 1 0 0 0 0 0 0 0 0 0 0 0 0 0 0 0 0 0 0 0 0 0 0 0 0 0 0 0 0 0]
[2880855544746945821671767283670081273215494080868149460814529488063398342247224562589081544659409842343994525460849663051218669531785034769011760911781488044650513407035126477115121292159175747922490063975689600360939733298216983462583866794047456631474095807907506071660857858869080896244151440653922644059625747760472551406334594659263856843130 0 0 0 0 0 0 0 0 0 0 0 0 0 0 0 0 0 0 0 0 0 0 0 0 0 0 0 0 0 0 0 0 0 0 0 0 0 0 0 0 0 0 0 0 0 0 0 0 0 0 0 0 0 0 0 0 0 0 0 0 0 0 0 0 0 0 0 0 0 0 0 0 0 0 0 0 0 0 0 0 0 0 0 0 0 1 0 0 0 0 0 0 0 0 0 0 0 0 0 0 0 0 0 0 0 0 0 0 0 0 0 0 0 0]
[4108784372085449718191759268703121663227243738947040482890817957318295272470344208577977508361041027089377393130933844268571988087431667788495953437653101449528127363915210024552036992411653624318204039490035559360099072429112537670462442793515915848327487779232100605917165684673644236403178085497195889055416446031479423358004378349741064879296 0 0 0 0 0 0 0 0 0 0 0 0 0 0 0 0 0 0 0 0 0 0 0 0 0 0 0 0 0 0 0 0 0 0 0 0 0 0 0 0 0 0 0 0 0 0 0 0 0 0 0 0 0 0 0 0 0 0 0 0 0 0 0 0 0 0 0 0 0 0 0 0 0 0 0 0 0 0 0 0 0 0 0 0 0 0 1 0 0 0 0 0 0 0 0 0 0 0 0 0 0 0 0 0 0 0 0 0 0 0 0 0 0 0]
[6954129837244260888822818303491854071258906262100215479915632752881700001765550028781486487229773012559343486984417745075984418358415542981660150643693919953461206316478109431254974714456250478579959080813881791408829751709874233637804433025849437895745702808522749559189815446898440174893719235598212564688582363861800914985428283252088975394044 0 0 0 0 0 0 0 0 0 0 0 0 0 0 0 0 0 0 0 0 0 0 0 0 0 0 0 0 0 0 0 0 0 0 0 0 0 0 0 0 0 0 0 0 0 0 0 0 0 0 0 0 0 0 0 0 0 0 0 0 0 0 0 0 0 0 0 0 0 0 0 0 0 0 0 0 0 0 0 0 0 0 0 0 0 0 0 1 0 0 0 0 0 0 0 0 0 0 0 0 0 0 0 0 0 0 0 0 0 0 0 0 0 0]
[2712616060805759048096775905975096882521710792191616058889864386941253666866814639274832560449034742058528774260452337688078223156002198593244168998863776384978720980310284361510741689943453318327645611045514225655434190668618618449406606767263750232545534849320825390994994279063625328357877918503958576474983394567879297332863963926020385342343 0 0 0 0 0 0 0 0 0 0 0 0 0 0 0 0 0 0 0 0 0 0 0 0 0 0 0 0 0 0 0 0 0 0 0 0 0 0 0 0 0 0 0 0 0 0 0 0 0 0 0 0 0 0 0 0 0 0 0 0 0 0 0 0 0 0 0 0 0 0 0 0 0 0 0 0 0 0 0 0 0 0 0 0 0 0 0 0 1 0 0 0 0 0 0 0 0 0 0 0 0 0 0 0 0 0 0 0 0 0 0 0 0 0]
[6364173327381092732468593087730686283490101061537205148731622333470201158714470791157906597336484520691331595491902196632044532448441339621562974652477174058151067583204080542859908920167728717139053469006233339847485814931284271584688512982135307201393254650529238288495042902630305982735726441543178708139056775778492481594436114865002096028876 0 0 0 0 0 0 0 0 0 0 0 0 0 0 0 0 0 0 0 0 0 0 0 0 0 0 0 0 0 0 0 0 0 0 0 0 0 0 0 0 0 0 0 0 0 0 0 0 0 0 0 0 0 0 0 0 0 0 0 0 0 0 0 0 0 0 0 0 0 0 0 0 0 0 0 0 0 0 0 0 0 0 0 0 0 0 0 0 0 1 0 0 0 0 0 0 0 0 0 0 0 0 0 0 0 0 0 0 0 0 0 0 0 0]
[1646156797676346982255810505274995334246630389514570484539353338562149980072444260481838057895205691440430800415349009913426659336163963399957949133179203850841909174486618319506748633899839424947735789966022000990670438559704499745462374205588883803034764437905099361683323962402177242584426854896385503725215440711530409762935191434644938083393 0 0 0 0 0 0 0 0 0 0 0 0 0 0 0 0 0 0 0 0 0 0 0 0 0 0 0 0 0 0 0 0 0 0 0 0 0 0 0 0 0 0 0 0 0 0 0 0 0 0 0 0 0 0 0 0 0 0 0 0 0 0 0 0 0 0 0 0 0 0 0 0 0 0 0 0 0 0 0 0 0 0 0 0 0 0 0 0 0 0 1 0 0 0 0 0 0 0 0 0 0 0 0 0 0 0 0 0 0 0 0 0 0 0]
[6748025941814360889296192044919157390223405970088098521617490122673899149777565192647633553297019166008097980737798663333943603597487041766538622821590640748815003211914012411660030649428335870505310321976283664040434883428894513424991701249308718576686532627911991008390451263435462731136069255793545979007037610841681864718178071918810801809261 0 0 0 0 0 0 0 0 0 0 0 0 0 0 0 0 0 0 0 0 0 0 0 0 0 0 0 0 0 0 0 0 0 0 0 0 0 0 0 0 0 0 0 0 0 0 0 0 0 0 0 0 0 0 0 0 0 0 0 0 0 0 0 0 0 0 0 0 0 0 0 0 0 0 0 0 0 0 0 0 0 0 0 0 0 0 0 0 0 0 0 1 0 0 0 0 0 0 0 0 0 0 0 0 0 0 0 0 0 0 0 0 0 0]
[3525080270688666038695130153733119731657322325213370938348033125028388359740124033428005477824696503707554314042763961136965871639639440155254283946979281399751829137294270654482570057306654042185803202708088148568440705994405999556395455758618084072523381513673289917683870506514371967915061675026661437080171363810555000555875036246539196269855 0 0 0 0 0 0 0 0 0 0 0 0 0 0 0 0 0 0 0 0 0 0 0 0 0 0 0 0 0 0 0 0 0 0 0 0 0 0 0 0 0 0 0 0 0 0 0 0 0 0 0 0 0 0 0 0 0 0 0 0 0 0 0 0 0 0 0 0 0 0 0 0 0 0 0 0 0 0 0 0 0 0 0 0 0 0 0 0 0 0 0 0 1 0 0 0 0 0 0 0 0 0 0 0 0 0 0 0 0 0 0 0 0 0]
[8443165580039872083498810946174204578226026974646980541415715619134800696742669339186461398260552538437873286683994128086523538718724375987162906131279646864873813161697814978995609852495332204589651841206960253618235110901359699730178065110189815449659722262131397684756566855284079446975775062303926499659577420505176870215764680019128102317866 0 0 0 0 0 0 0 0 0 0 0 0 0 0 0 0 0 0 0 0 0 0 0 0 0 0 0 0 0 0 0 0 0 0 0 0 0 0 0 0 0 0 0 0 0 0 0 0 0 0 0 0 0 0 0 0 0 0 0 0 0 0 0 0 0 0 0 0 0 0 0 0 0 0 0 0 0 0 0 0 0 0 0 0 0 0 0 0 0 0 0 0 0 1 0 0 0 0 0 0 0 0 0 0 0 0 0 0 0 0 0 0 0 0]
[397086617509037143661909221970042660998672296260955280716502857698275133484121776928926618656022067631974807990300744917883594390440829537877573491400530669469091103677409031450968680961526994186550833886871656198420937511002905806702937113771542320149956014018855601653219680607287733493081531655638050463171492506237224889372833283707387581790 0 0 0 0 0 0 0 0 0 0 0 0 0 0 0 0 0 0 0 0 0 0 0 0 0 0 0 0 0 0 0 0 0 0 0 0 0 0 0 0 0 0 0 0 0 0 0 0 0 0 0 0 0 0 0 0 0 0 0 0 0 0 0 0 0 0 0 0 0 0 0 0 0 0 0 0 0 0 0 0 0 0 0 0 0 0 0 0 0 0 0 0 0 0 1 0 0 0 0 0 0 0 0 0 0 0 0 0 0 0 0 0 0 0]
[292486928072248340680691291877118796466997091971472894979880755791623054459769856332717833632139245813858584645422917621648376619960489166262481489303918438892702568448052614900294860935031863365635963104226638302411052207546734487275252693719560290254590708638856840784963601690919562155474490791378969562488774382059061004957766749381524533744 0 0 0 0 0 0 0 0 0 0 0 0 0 0 0 0 0 0 0 0 0 0 0 0 0 0 0 0 0 0 0 0 0 0 0 0 0 0 0 0 0 0 0 0 0 0 0 0 0 0 0 0 0 0 0 0 0 0 0 0 0 0 0 0 0 0 0 0 0 0 0 0 0 0 0 0 0 0 0 0 0 0 0 0 0 0 0 0 0 0 0 0 0 0 0 1 0 0 0 0 0 0 0 0 0 0 0 0 0 0 0 0 0 0]
[7194915137262902193752743617954924491949058033089960637341699663755676716118558247469947694974839340461903358037514854253002788345708374700746316990290652604392471087386820340808615508162732052294709447530053740088923669672098146967241058166807989004108935794958962469446398773174055655801002178609160828155969379948408644363822505234827388831830 0 0 0 0 0 0 0 0 0 0 0 0 0 0 0 0 0 0 0 0 0 0 0 0 0 0 0 0 0 0 0 0 0 0 0 0 0 0 0 0 0 0 0 0 0 0 0 0 0 0 0 0 0 0 0 0 0 0 0 0 0 0 0 0 0 0 0 0 0 0 0 0 0 0 0 0 0 0 0 0 0 0 0 0 0 0 0 0 0 0 0 0 0 0 0 0 1 0 0 0 0 0 0 0 0 0 0 0 0 0 0 0 0 0]
[1041654257131550039112966307676617559698519476712773285120337734696388112468311695608378359322262097668628784857831223085808542881392849687570833053655265639762823016969166806098540242624253509155677873622913490881379311941366208345828363684045042763188505172737960309842170881518746779128016193242910717441032546956790146123402920303750186878688 0 0 0 0 0 0 0 0 0 0 0 0 0 0 0 0 0 0 0 0 0 0 0 0 0 0 0 0 0 0 0 0 0 0 0 0 0 0 0 0 0 0 0 0 0 0 0 0 0 0 0 0 0 0 0 0 0 0 0 0 0 0 0 0 0 0 0 0 0 0 0 0 0 0 0 0 0 0 0 0 0 0 0 0 0 0 0 0 0 0 0 0 0 0 0 0 0 1 0 0 0 0 0 0 0 0 0 0 0 0 0 0 0 0]
[7217818150145544753433247692011556891704962586882703341069802457631423995675994011845442740022400244725858731561454829891383864118965993911148438830853536172915261174747099803511444305645857501238683049688942961342246725090379951498650648451547273999675266279061957806649026769203384054785104759874640483968541276005176093022957690868620893877035 0 0 0 0 0 0 0 0 0 0 0 0 0 0 0 0 0 0 0 0 0 0 0 0 0 0 0 0 0 0 0 0 0 0 0 0 0 0 0 0 0 0 0 0 0 0 0 0 0 0 0 0 0 0 0 0 0 0 0 0 0 0 0 0 0 0 0 0 0 0 0 0 0 0 0 0 0 0 0 0 0 0 0 0 0 0 0 0 0 0 0 0 0 0 0 0 0 0 1 0 0 0 0 0 0 0 0 0 0 0 0 0 0 0]
[6710431871518271293449396628040980998319740560918016779024638292001434705996322896546549507037834701181180824359581285730327094173688463610476696108079941069370992398940729877567707863689682029069062737853607745745580664441308823512864168761935850261294210771397940475483977741024323663541143121558922154824275735571478007902039161485484623336379 0 0 0 0 0 0 0 0 0 0 0 0 0 0 0 0 0 0 0 0 0 0 0 0 0 0 0 0 0 0 0 0 0 0 0 0 0 0 0 0 0 0 0 0 0 0 0 0 0 0 0 0 0 0 0 0 0 0 0 0 0 0 0 0 0 0 0 0 0 0 0 0 0 0 0 0 0 0 0 0 0 0 0 0 0 0 0 0 0 0 0 0 0 0 0 0 0 0 0 1 0 0 0 0 0 0 0 0 0 0 0 0 0 0]
[4926756328108208540474530097787432054354033593214699525929436188880359331031922315368381289943852455591554153468925731884284302045202869250119262885098523394426257718873131267860023220799613608419809159748052530272418476914688834331655979967939076444896226404493281359080912845003593142842022237447927911606843994281671109523566504931534647608218 0 0 0 0 0 0 0 0 0 0 0 0 0 0 0 0 0 0 0 0 0 0 0 0 0 0 0 0 0 0 0 0 0 0 0 0 0 0 0 0 0 0 0 0 0 0 0 0 0 0 0 0 0 0 0 0 0 0 0 0 0 0 0 0 0 0 0 0 0 0 0 0 0 0 0 0 0 0 0 0 0 0 0 0 0 0 0 0 0 0 0 0 0 0 0 0 0 0 0 0 1 0 0 0 0 0 0 0 0 0 0 0 0 0]
[2851677783089208504018443517421759459003806593492446180541935508236789679768295865745873837000087417440799623662470466107005986607141898654184879564613478188027221217854496012539121309413116200336036828269056240215839065797956309220727636827621627900841021083120078144174864775786131908269410544646702237835745851407642022796711612691521288262135 0 0 0 0 0 0 0 0 0 0 0 0 0 0 0 0 0 0 0 0 0 0 0 0 0 0 0 0 0 0 0 0 0 0 0 0 0 0 0 0 0 0 0 0 0 0 0 0 0 0 0 0 0 0 0 0 0 0 0 0 0 0 0 0 0 0 0 0 0 0 0 0 0 0 0 0 0 0 0 0 0 0 0 0 0 0 0 0 0 0 0 0 0 0 0 0 0 0 0 0 0 1 0 0 0 0 0 0 0 0 0 0 0 0]
[4527072990467133236001185212288359955077610569095774878708758766447322892152221629860650764709234782561321456698523181452920140659279799910382604205549527880328922229206527720025167039298443524410552315724128550606629076311713077193284222254133068228262771007629503158733449840385483591366978575943319330991809946958713920106005791397354963500850 0 0 0 0 0 0 0 0 0 0 0 0 0 0 0 0 0 0 0 0 0 0 0 0 0 0 0 0 0 0 0 0 0 0 0 0 0 0 0 0 0 0 0 0 0 0 0 0 0 0 0 0 0 0 0 0 0 0 0 0 0 0 0 0 0 0 0 0 0 0 0 0 0 0 0 0 0 0 0 0 0 0 0 0 0 0 0 0 0 0 0 0 0 0 0 0 0 0 0 0 0 0 1 0 0 0 0 0 0 0 0 0 0 0]
[481505167362992562030394402522495373901572653015610308566992085411982589687780854051446262774415378116806267154456058517482716313037707177003200251447164813401335342911547208705435091721042929052522253784602517447275732413419068407826145451546372726463756830155512493949665155400169291550422036515401655120170927023546231270349252730979366519602 0 0 0 0 0 0 0 0 0 0 0 0 0 0 0 0 0 0 0 0 0 0 0 0 0 0 0 0 0 0 0 0 0 0 0 0 0 0 0 0 0 0 0 0 0 0 0 0 0 0 0 0 0 0 0 0 0 0 0 0 0 0 0 0 0 0 0 0 0 0 0 0 0 0 0 0 0 0 0 0 0 0 0 0 0 0 0 0 0 0 0 0 0 0 0 0 0 0 0 0 0 0 0 1 0 0 0 0 0 0 0 0 0 0]
[7636997046327063782229381923377359180655366091442067511028780917339628083046878514680990260916956440704956040489691885412760266570463260649179463628196906210333726116043671685884665632714307537480461370441917887301068289526221400129995174480195959698819769270838304831267590290022487461441373984113387002931279330143640266955711454103494386897973 0 0 0 0 0 0 0 0 0 0 0 0 0 0 0 0 0 0 0 0 0 0 0 0 0 0 0 0 0 0 0 0 0 0 0 0 0 0 0 0 0 0 0 0 0 0 0 0 0 0 0 0 0 0 0 0 0 0 0 0 0 0 0 0 0 0 0 0 0 0 0 0 0 0 0 0 0 0 0 0 0 0 0 0 0 0 0 0 0 0 0 0 0 0 0 0 0 0 0 0 0 0 0 0 1 0 0 0 0 0 0 0 0 0]
[3516759446932380783585708695053544755446405117369515159357356069045539359274452072446324650276135903724327114002978251447925313804941949692444975506737020061686466301719230874284072899227967505990051883412411312496956415465710730744656456249831277843157664862419432877292444252030323960822509523942088809862732717919121744078981851474631325329564 0 0 0 0 0 0 0 0 0 0 0 0 0 0 0 0 0 0 0 0 0 0 0 0 0 0 0 0 0 0 0 0 0 0 0 0 0 0 0 0 0 0 0 0 0 0 0 0 0 0 0 0 0 0 0 0 0 0 0 0 0 0 0 0 0 0 0 0 0 0 0 0 0 0 0 0 0 0 0 0 0 0 0 0 0 0 0 0 0 0 0 0 0 0 0 0 0 0 0 0 0 0 0 0 0 1 0 0 0 0 0 0 0 0]
[2545043204838797769974033357694821709356188816108158229626970772699204845576924495422112098785585756059410305673781249616092996873069878144805037200588075217411816460384207265906440326157921385046491216299547942164442146353704336455914161155870966893521706544061563781928038873812841901028573844979205670709195453198014013880319310521776090146641 0 0 0 0 0 0 0 0 0 0 0 0 0 0 0 0 0 0 0 0 0 0 0 0 0 0 0 0 0 0 0 0 0 0 0 0 0 0 0 0 0 0 0 0 0 0 0 0 0 0 0 0 0 0 0 0 0 0 0 0 0 0 0 0 0 0 0 0 0 0 0 0 0 0 0 0 0 0 0 0 0 0 0 0 0 0 0 0 0 0 0 0 0 0 0 0 0 0 0 0 0 0 0 0 0 0 1 0 0 0 0 0 0 0]
[2114174990983369505920493743686490649978678030369968350980484702068246870661315976141704806883826507969723914622815521550353122419269988924649476550234476714959837895149261091444504083735784065973427954741265222461964065235357229045851551894993676408984132084225198352141723542388916630967001405153550991911114741451169798578723189252179770376280 0 0 0 0 0 0 0 0 0 0 0 0 0 0 0 0 0 0 0 0 0 0 0 0 0 0 0 0 0 0 0 0 0 0 0 0 0 0 0 0 0 0 0 0 0 0 0 0 0 0 0 0 0 0 0 0 0 0 0 0 0 0 0 0 0 0 0 0 0 0 0 0 0 0 0 0 0 0 0 0 0 0 0 0 0 0 0 0 0 0 0 0 0 0 0 0 0 0 0 0 0 0 0 0 0 0 0 1 0 0 0 0 0 0]
[1742102071306000620242996449230361322764555751749261904232867707018953723294846556281190587113631983010606254360046677974632615003898004300271242010490873677915095234514782245791966196978441446898769101487148459331858990313250014797549419248811394031127249241197773637597938595678128421797910203556517082197331641019302478652336109534937206227662 0 0 0 0 0 0 0 0 0 0 0 0 0 0 0 0 0 0 0 0 0 0 0 0 0 0 0 0 0 0 0 0 0 0 0 0 0 0 0 0 0 0 0 0 0 0 0 0 0 0 0 0 0 0 0 0 0 0 0 0 0 0 0 0 0 0 0 0 0 0 0 0 0 0 0 0 0 0 0 0 0 0 0 0 0 0 0 0 0 0 0 0 0 0 0 0 0 0 0 0 0 0 0 0 0 0 0 0 1 0 0 0 0 0]
[1031814798893435528634390322744255842762726162924582988664597484590930268688437689692297652454367816435377240464800096989865408828711820661630393180625344045914409349635184845344143442991953142400344058954094971423272109370116946932239161802889310933291633470266702033261723683682422938339592481051136987463895949279476860191795689134403979937379 0 0 0 0 0 0 0 0 0 0 0 0 0 0 0 0 0 0 0 0 0 0 0 0 0 0 0 0 0 0 0 0 0 0 0 0 0 0 0 0 0 0 0 0 0 0 0 0 0 0 0 0 0 0 0 0 0 0 0 0 0 0 0 0 0 0 0 0 0 0 0 0 0 0 0 0 0 0 0 0 0 0 0 0 0 0 0 0 0 0 0 0 0 0 0 0 0 0 0 0 0 0 0 0 0 0 0 0 0 1 0 0 0 0]
[6987229240502748368337028807053786335383145131491630488086113688892572961497618095369949570586539537317373074770183554927381117441347916916160430707768088633846345027413218940828097593776184643955459598897566311798179000727752625031124136704938537232600517329344104308901227314698410370200183812878400754503426700876167392126635000086245929120120 0 0 0 0 0 0 0 0 0 0 0 0 0 0 0 0 0 0 0 0 0 0 0 0 0 0 0 0 0 0 0 0 0 0 0 0 0 0 0 0 0 0 0 0 0 0 0 0 0 0 0 0 0 0 0 0 0 0 0 0 0 0 0 0 0 0 0 0 0 0 0 0 0 0 0 0 0 0 0 0 0 0 0 0 0 0 0 0 0 0 0 0 0 0 0 0 0 0 0 0 0 0 0 0 0 0 0 0 0 0 1 0 0 0]
[2378225068616131619964996295656391260222751068142924717702050557827345237047167163505907923071006940805110620130982483004701037719493651859440627536943783095712070808993739858978846176673483724638860546101391207983509258306244921542453137018210875134698516961812687894186211742887622290139626751595365818230049162327954581485201431003511287787027 0 0 0 0 0 0 0 0 0 0 0 0 0 0 0 0 0 0 0 0 0 0 0 0 0 0 0 0 0 0 0 0 0 0 0 0 0 0 0 0 0 0 0 0 0 0 0 0 0 0 0 0 0 0 0 0 0 0 0 0 0 0 0 0 0 0 0 0 0 0 0 0 0 0 0 0 0 0 0 0 0 0 0 0 0 0 0 0 0 0 0 0 0 0 0 0 0 0 0 0 0 0 0 0 0 0 0 0 0 0 0 1 0 0]
[8519923194707532069870994118062350062720336723266790517731368486319585699476059051928868756856808935840125541132692781935321577154015936218306942685708394178524237447662971189457287899719548871031551955175025416710697226595256861056053909437167889808301455703111110883419326333608398794475211824353276230272350588617252695317758230424467420150732 0 0 0 0 0 0 0 0 0 0 0 0 0 0 0 0 0 0 0 0 0 0 0 0 0 0 0 0 0 0 0 0 0 0 0 0 0 0 0 0 0 0 0 0 0 0 0 0 0 0 0 0 0 0 0 0 0 0 0 0 0 0 0 0 0 0 0 0 0 0 0 0 0 0 0 0 0 0 0 0 0 0 0 0 0 0 0 0 0 0 0 0 0 0 0 0 0 0 0 0 0 0 0 0 0 0 0 0 0 0 0 0 1 0]
[1105952657754907977149345529467745930947429942863907687579799953064728979513541085339527634340431422646145272943948254853151674344489299150722553297337468978085636249911996678604706407029931134837357386624034695283216614593291440375518492294313391740878321111426804153871649172487602369391441612658051891085045089351219277435955982212681908601793 0 0 0 0 0 0 0 0 0 0 0 0 0 0 0 0 0 0 0 0 0 0 0 0 0 0 0 0 0 0 0 0 0 0 0 0 0 0 0 0 0 0 0 0 0 0 0 0 0 0 0 0 0 0 0 0 0 0 0 0 0 0 0 0 0 0 0 0 0 0 0 0 0 0 0 0 0 0 0 0 0 0 0 0 0 0 0 0 0 0 0 0 0 0 0 0 0 0 0 0 0 0 0 0 0 0 0 0 0 0 0 0 0 1]
]
