[[11285433525021086643963361247909719806229243128016912423879727077841485948230242378532699873114978362449371406355877314125574034572473676381603136278955488726955699062471665073459426622096504779169503640092888512325698641047366649960221753539362550061972399479141664116912861012225250823307461730294623526865924931559719906935863999 0 0 0 0 0 0 0 0 0 0 0 0 0 0 0 0 0 0 0 0 0 0 0 0 0 0 0 0 0 0 0 0 0 0 0 0 0 0 0 0 0 0 0 0 0 0 0 0 0 0 0 0 0 0 0 0 0 0 0 0 0 0 0 0 0 0 0 0 0 0 0 0 0 0 0 0 0 0 0 0 0 0 0 0 0 0 0 0 0 0 0 0 0 0 0 0 0 0 0 0 0 0 0 0 0 0 0 0 0]
[559515423293756899643210891129252183908971253822924952201896434041818635731091699118284842238548543834352414598734819999910557833552173568703613333144274971827419134711391238358438230569074509473945731451893527358994125292840016101417827951972143372489241849721187026452487454277176058144930007169327497461614821444422908027803133 1 0 0 0 0 0 0 0 0 0 0 0 0 0 0 0 0 0 0 0 0 0 0 0 0 0 0 0 0 0 0 0 0 0 0 0 0 0 0 0 0 0 0 0 0 0 0 0 0 0 0 0 0 0 0 0 0 0 0 0 0 0 0 0 0 0 0 0 0 0 0 0 0 0 0 0 0 0 0 0 0 0 0 0 0 0 0 0 0 0 0 0 0 0 0 0 0 0 0 0 0 0 0 0 0 0 0 0 0]
[6672368048600956704276226826471081979137582349751880325389760021442387161211484922872225415384493705232492540620514081146671995588579858039617512324029905618524538311797392460996355487152470838496777011037940757127939369436142800355635550632230283189079710012576112145831999178500556759252156154826310760775741848300446435922764838 0 1 0 0 0 0 0 0 0 0 0 0 0 0 0 0 0 0 0 0 0 0 0 0 0 0 0 0 0 0 0 0 0 0 0 0 0 0 0 0 0 0 0 0 0 0 0 0 0 0 0 0 0 0 0 0 0 0 0 0 0 0 0 0 0 0 0 0 0 0 0 0 0 0 0 0 0 0 0 0 0 0 0 0 0 0 0 0 0 0 0 0 0 0 0 0 0 0 0 0 0 0 0 0 0 0 0 0 0]
[5856904845501772456728573981581354680914796623656325159466825141657993640638979674782204647984775322210715184405152475776119779182273149359833586806554740707603758858617830871534059293198064620387303467181499571266251388960161567318151118265471183975361699623713643809316117098878532268838508278578438793988590604306162513640189299 0 0 1 0 0 0 0 0 0 0 0 0 0 0 0 0 0 0 0 0 0 0 0 0 0 0 0 0 0 0 0 0 0 0 0 0 0 0 0 0 0 0 0 0 0 0 0 0 0 0 0 0 0 0 0 0 0 0 0 0 0 0 0 0 0 0 0 0 0 0 0 0 0 0 0 0 0 0 0 0 0 0 0 0 0 0 0 0 0 0 0 0 0 0 0 0 0 0 0 0 0 0 0 0 0 0 0 0 0]
[8062466910655064532933796379306277212405290453229848722684841623946029600763242946177556873315533721387702684096871745928355115242972288769172226381951463097190737383807286911401989887707656570024494656058034597625387179985921635224375846847900865655176659075343680061194893589192266788191149253911648748803647775024431654530803192 0 0 0 1 0 0 0 0 0 0 0 0 0 0 0 0 0 0 0 0 0 0 0 0 0 0 0 0 0 0 0 0 0 0 0 0 0 0 0 0 0 0 0 0 0 0 0 0 0 0 0 0 0 0 0 0 0 0 0 0 0 0 0 0 0 0 0 0 0 0 0 0 0 0 0 0 0 0 0 0 0 0 0 0 0 0 0 0 0 0 0 0 0 0 0 0 0 0 0 0 0 0 0 0 0 0 0 0 0]
[4187647571279425539309627959617026396478452595043661740764571303856498587095705553659466445684403720729147075249849524383781078691171684716634690119537787236807822882810675067679801843448473177421518394111002842004876993033832189833628284971121030440476131404943999524795892316155559423916462048409539281058851236107284009694915080 0 0 0 0 1 0 0 0 0 0 0 0 0 0 0 0 0 0 0 0 0 0 0 0 0 0 0 0 0 0 0 0 0 0 0 0 0 0 0 0 0 0 0 0 0 0 0 0 0 0 0 0 0 0 0 0 0 0 0 0 0 0 0 0 0 0 0 0 0 0 0 0 0 0 0 0 0 0 0 0 0 0 0 0 0 0 0 0 0 0 0 0 0 0 0 0 0 0 0 0 0 0 0 0 0 0 0 0 0]
[4221944258794127091731302550770460592391647066740648206686675630589773938307067134228159846055005303922193584535299250426996746891259990152701647097297536784358862648344358399097570940045555797755153402458933952409473072167570567603320290731135644494770972534604452217123898452831263277819439948630853340731629600595946182857388723 0 0 0 0 0 1 0 0 0 0 0 0 0 0 0 0 0 0 0 0 0 0 0 0 0 0 0 0 0 0 0 0 0 0 0 0 0 0 0 0 0 0 0 0 0 0 0 0 0 0 0 0 0 0 0 0 0 0 0 0 0 0 0 0 0 0 0 0 0 0 0 0 0 0 0 0 0 0 0 0 0 0 0 0 0 0 0 0 0 0 0 0 0 0 0 0 0 0 0 0 0 0 0 0 0 0 0 0 0]
[9915403994877165775926176794216491875106104584399164737254115189549292422335801662024089524102828997005821730515574574445867251735273851125700787053730327918775063414074730244488474223650692332734221496912950220785629765207881222409588342169736168290687281927704900971859727670613139520023147270899831286583618862894904752820840050 0 0 0 0 0 0 1 0 0 0 0 0 0 0 0 0 0 0 0 0 0 0 0 0 0 0 0 0 0 0 0 0 0 0 0 0 0 0 0 0 0 0 0 0 0 0 0 0 0 0 0 0 0 0 0 0 0 0 0 0 0 0 0 0 0 0 0 0 0 0 0 0 0 0 0 0 0 0 0 0 0 0 0 0 0 0 0 0 0 0 0 0 0 0 0 0 0 0 0 0 0 0 0 0 0 0 0 0 0]
[6723394825271926786455039826668263140623129971714097983738936820374293179055518731340851323263083733973819837102638431927429526998590436332533036269066273985638979019410552912477955560790413132928164538945055365479336953758516891379046907265605274851403868312929672402003027229682999039879661886193839596364169185217779944379017165 0 0 0 0 0 0 0 1 0 0 0 0 0 0 0 0 0 0 0 0 0 0 0 0 0 0 0 0 0 0 0 0 0 0 0 0 0 0 0 0 0 0 0 0 0 0 0 0 0 0 0 0 0 0 0 0 0 0 0 0 0 0 0 0 0 0 0 0 0 0 0 0 0 0 0 0 0 0 0 0 0 0 0 0 0 0 0 0 0 0 0 0 0 0 0 0 0 0 0 0 0 0 0 0 0 0 0 0 0]
[4996578703687886779477508593629630163286156302427944660520591277806750909848163741201968141325179579933099477146378684958687755588903265315121482314491991544045466403628764752968486048951595449845006095161197235151885740410017650229195256531512557012218982838985272648109048897204974916920200526665116725783762145009303471507266769 0 0 0 0 0 0 0 0 1 0 0 0 0 0 0 0 0 0 0 0 0 0 0 0 0 0 0 0 0 0 0 0 0 0 0 0 0 0 0 0 0 0 0 0 0 0 0 0 0 0 0 0 0 0 0 0 0 0 0 0 0 0 0 0 0 0 0 0 0 0 0 0 0 0 0 0 0 0 0 0 0 0 0 0 0 0 0 0 0 0 0 0 0 0 0 0 0 0 0 0 0 0 0 0 0 0 0 0 0]
[33178439885509718191432165597377115560957907152071185519764839517443716544272564230981770808594634833748043509734096998237178965975903995754936970599709275350522187910517151861066968425494380657603913835438443807487614083301633418054747386277462769592196703213801601724357021882370974506083758382458678107597833551957746170349801 0 0 0 0 0 0 0 0 0 1 0 0 0 0 0 0 0 0 0 0 0 0 0 0 0 0 0 0 0 0 0 0 0 0 0 0 0 0 0 0 0 0 0 0 0 0 0 0 0 0 0 0 0 0 0 0 0 0 0 0 0 0 0 0 0 0 0 0 0 0 0 0 0 0 0 0 0 0 0 0 0 0 0 0 0 0 0 0 0 0 0 0 0 0 0 0 0 0 0 0 0 0 0 0 0 0 0 0 0]
[2043606657509355975209037678592238936216932312857812518980849940489264147349651217246126218979067636037860265092167050300812033427536595744832078745812978812737668560336616125083946224965590273005735845028155677994831019056718577711337565010098767824064462740736528687360146352286461328963851687120652520779395891517626655064924762 0 0 0 0 0 0 0 0 0 0 1 0 0 0 0 0 0 0 0 0 0 0 0 0 0 0 0 0 0 0 0 0 0 0 0 0 0 0 0 0 0 0 0 0 0 0 0 0 0 0 0 0 0 0 0 0 0 0 0 0 0 0 0 0 0 0 0 0 0 0 0 0 0 0 0 0 0 0 0 0 0 0 0 0 0 0 0 0 0 0 0 0 0 0 0 0 0 0 0 0 0 0 0 0 0 0 0 0 0]
[2632014590257529931010119248227675517658400078795018491800448775335722741023864913339305505514075898552324599961627401620850164138077928396075366433653150287039878141252636039008269394447770394914369036184479540790651075924956816720008405826381074837219088623587711396179841014346431792349327847681263915136312471237447292635846079 0 0 0 0 0 0 0 0 0 0 0 1 0 0 0 0 0 0 0 0 0 0 0 0 0 0 0 0 0 0 0 0 0 0 0 0 0 0 0 0 0 0 0 0 0 0 0 0 0 0 0 0 0 0 0 0 0 0 0 0 0 0 0 0 0 0 0 0 0 0 0 0 0 0 0 0 0 0 0 0 0 0 0 0 0 0 0 0 0 0 0 0 0 0 0 0 0 0 0 0 0 0 0 0 0 0 0 0 0]
[11055956538269235096390642863775018722543142804177312190904434702612968689637158885150575149744571041068292417086497266947513661072537476603281819875446508650432369890514708833775312087200638486734304444248689011756397213773407260488463377966736724078114598412951142963395324096571572309845156393107316919018499921755502941159383851 0 0 0 0 0 0 0 0 0 0 0 0 1 0 0 0 0 0 0 0 0 0 0 0 0 0 0 0 0 0 0 0 0 0 0 0 0 0 0 0 0 0 0 0 0 0 0 0 0 0 0 0 0 0 0 0 0 0 0 0 0 0 0 0 0 0 0 0 0 0 0 0 0 0 0 0 0 0 0 0 0 0 0 0 0 0 0 0 0 0 0 0 0 0 0 0 0 0 0 0 0 0 0 0 0 0 0 0 0]
[8650013337954221471219658916094518645358448200202397978821970023752734788394856276862644796008057621696604175986897644942372307403954554369368832581415212478005781677022341064540524879804090751991475695468379964722844957520352579610810002676224773906203745647973877011330917125775196830088409733183043178342688498852798833244011731 0 0 0 0 0 0 0 0 0 0 0 0 0 1 0 0 0 0 0 0 0 0 0 0 0 0 0 0 0 0 0 0 0 0 0 0 0 0 0 0 0 0 0 0 0 0 0 0 0 0 0 0 0 0 0 0 0 0 0 0 0 0 0 0 0 0 0 0 0 0 0 0 0 0 0 0 0 0 0 0 0 0 0 0 0 0 0 0 0 0 0 0 0 0 0 0 0 0 0 0 0 0 0 0 0 0 0 0 0]
[8906799871878712859800178540869024759615863057470681051636808968254806627775851621726227187787701873749753563159024050013715730592767885038530096157418191775369097167340120131131742370780754530816398294697612956962916632577973463898999905639791983151395569253049595106170381575566508726864593828058114142841938225762072141570544403 0 0 0 0 0 0 0 0 0 0 0 0 0 0 1 0 0 0 0 0 0 0 0 0 0 0 0 0 0 0 0 0 0 0 0 0 0 0 0 0 0 0 0 0 0 0 0 0 0 0 0 0 0 0 0 0 0 0 0 0 0 0 0 0 0 0 0 0 0 0 0 0 0 0 0 0 0 0 0 0 0 0 0 0 0 0 0 0 0 0 0 0 0 0 0 0 0 0 0 0 0 0 0 0 0 0 0 0 0]
[8213600020320068008488163345943580034856181740349303322451780730923304544177863700951011702677460390929980392460544162472669060185640271808979152401439713789700924094963444201955660958779438073448788974181574307491742996097608793444365520176722443320567272220658864916136722506387659696804416412948894589541447377929188003940706662 0 0 0 0 0 0 0 0 0 0 0 0 0 0 0 1 0 0 0 0 0 0 0 0 0 0 0 0 0 0 0 0 0 0 0 0 0 0 0 0 0 0 0 0 0 0 0 0 0 0 0 0 0 0 0 0 0 0 0 0 0 0 0 0 0 0 0 0 0 0 0 0 0 0 0 0 0 0 0 0 0 0 0 0 0 0 0 0 0 0 0 0 0 0 0 0 0 0 0 0 0 0 0 0 0 0 0 0 0]
[10962622605826680777705936453138263050750658820506697765404174977130735531111375326418391423305137830288288855085455628651045422701651359605537937633065190450335214631263408350474583709479406599865468842228316463290064918498685044523430154638659750729292408060160689788389482202220132279881949389751531269756163306778183415142314516 0 0 0 0 0 0 0 0 0 0 0 0 0 0 0 0 1 0 0 0 0 0 0 0 0 0 0 0 0 0 0 0 0 0 0 0 0 0 0 0 0 0 0 0 0 0 0 0 0 0 0 0 0 0 0 0 0 0 0 0 0 0 0 0 0 0 0 0 0 0 0 0 0 0 0 0 0 0 0 0 0 0 0 0 0 0 0 0 0 0 0 0 0 0 0 0 0 0 0 0 0 0 0 0 0 0 0 0 0]
[3210527295264716922003198759427390808660029826894527757256724094583974506078090787588493348549869932205479711948174815794051748456465929756266892052410415791126245077283055169744568246072520085179391516327040260348799222462211550494183874547399929131774857854860517908873963310734343959814280429766696556016654658371819050755576723 0 0 0 0 0 0 0 0 0 0 0 0 0 0 0 0 0 1 0 0 0 0 0 0 0 0 0 0 0 0 0 0 0 0 0 0 0 0 0 0 0 0 0 0 0 0 0 0 0 0 0 0 0 0 0 0 0 0 0 0 0 0 0 0 0 0 0 0 0 0 0 0 0 0 0 0 0 0 0 0 0 0 0 0 0 0 0 0 0 0 0 0 0 0 0 0 0 0 0 0 0 0 0 0 0 0 0 0 0]
[6612748270239352631262251734314285048429348171826834710121376909719609547094399456353775396723905433873078966358057105351747708265700915463066521069884988805035947025425881112331068449267742396273829252775101782931311921286663043541482279118890688517982719229212360004202852500217736654384605254065215827932954810121434520306700306 0 0 0 0 0 0 0 0 0 0 0 0 0 0 0 0 0 0 1 0 0 0 0 0 0 0 0 0 0 0 0 0 0 0 0 0 0 0 0 0 0 0 0 0 0 0 0 0 0 0 0 0 0 0 0 0 0 0 0 0 0 0 0 0 0 0 0 0 0 0 0 0 0 0 0 0 0 0 0 0 0 0 0 0 0 0 0 0 0 0 0 0 0 0 0 0 0 0 0 0 0 0 0 0 0 0 0 0 0]
[4661695228746871747249512237590677354636048593934317606503036378068314355456576076506426022587023324464212468826157548282277598895623657679536353534907036538701835177507838465775116420980885292645333177316526629666460503285727107037823100834282681170346749456008228593668737528045337932872728137874844995959429585247980308671620897 0 0 0 0 0 0 0 0 0 0 0 0 0 0 0 0 0 0 0 1 0 0 0 0 0 0 0 0 0 0 0 0 0 0 0 0 0 0 0 0 0 0 0 0 0 0 0 0 0 0 0 0 0 0 0 0 0 0 0 0 0 0 0 0 0 0 0 0 0 0 0 0 0 0 0 0 0 0 0 0 0 0 0 0 0 0 0 0 0 0 0 0 0 0 0 0 0 0 0 0 0 0 0 0 0 0 0 0 0]
[10372778064658965278147678552135470966380026108834873683792686651996654913470388451365901244423499097744332766615906686892701881851188884652941686485883040707403580971828893149582007021002616924386682496129895229461262846285997219075391995660142897121204794392167454220775323466090007119045275096070580846036131539531406158473883408 0 0 0 0 0 0 0 0 0 0 0 0 0 0 0 0 0 0 0 0 1 0 0 0 0 0 0 0 0 0 0 0 0 0 0 0 0 0 0 0 0 0 0 0 0 0 0 0 0 0 0 0 0 0 0 0 0 0 0 0 0 0 0 0 0 0 0 0 0 0 0 0 0 0 0 0 0 0 0 0 0 0 0 0 0 0 0 0 0 0 0 0 0 0 0 0 0 0 0 0 0 0 0 0 0 0 0 0 0]
[9890022161986382520067072368019937678466974028771171139529284031553346611870012976275671514715215912927252278563201915482729339355078002449229787792426956929322971559443959580255765937754670623752638843217028890118471885727329800268498053073088443299545140076893924762486344048217229887758924052833545365408593980665686895965833807 0 0 0 0 0 0 0 0 0 0 0 0 0 0 0 0 0 0 0 0 0 1 0 0 0 0 0 0 0 0 0 0 0 0 0 0 0 0 0 0 0 0 0 0 0 0 0 0 0 0 0 0 0 0 0 0 0 0 0 0 0 0 0 0 0 0 0 0 0 0 0 0 0 0 0 0 0 0 0 0 0 0 0 0 0 0 0 0 0 0 0 0 0 0 0 0 0 0 0 0 0 0 0 0 0 0 0 0 0]
[8009158592582856641572029194447974970252303851000126690277969497575632091423285013392908345590561228628014564644244521838454353895270194906019220656398888323283107121224780403357505066424564669496427865337238470467804284726097783678041058492444381619943942170037770610289119394435329628847758913874672732729969815061874735732680826 0 0 0 0 0 0 0 0 0 0 0 0 0 0 0 0 0 0 0 0 0 0 1 0 0 0 0 0 0 0 0 0 0 0 0 0 0 0 0 0 0 0 0 0 0 0 0 0 0 0 0 0 0 0 0 0 0 0 0 0 0 0 0 0 0 0 0 0 0 0 0 0 0 0 0 0 0 0 0 0 0 0 0 0 0 0 0 0 0 0 0 0 0 0 0 0 0 0 0 0 0 0 0 0 0 0 0 0 0]
[1501830922612976171804035584309282735232852849204123320674705141085908343117103265344222621496877583111727279021927720770412000009379687537914079870449839966868834392108649008572695876786618740230618320276197648692410073994089223455257193574492203069366768439563526988009278488243285986358383001252460192828107412473381875211581368 0 0 0 0 0 0 0 0 0 0 0 0 0 0 0 0 0 0 0 0 0 0 0 1 0 0 0 0 0 0 0 0 0 0 0 0 0 0 0 0 0 0 0 0 0 0 0 0 0 0 0 0 0 0 0 0 0 0 0 0 0 0 0 0 0 0 0 0 0 0 0 0 0 0 0 0 0 0 0 0 0 0 0 0 0 0 0 0 0 0 0 0 0 0 0 0 0 0 0 0 0 0 0 0 0 0 0 0 0]
[3628231136297749767006406977271488409791876243588494125908383817849077096164754332799364947648127193251357280092502595573642017039492925978949217343049206734745193763783959807181526424058212814978766601274825427526646437868782027815434455931122850155400829440596079399155235895384993416538796776316335329580821950489672020666765980 0 0 0 0 0 0 0 0 0 0 0 0 0 0 0 0 0 0 0 0 0 0 0 0 1 0 0 0 0 0 0 0 0 0 0 0 0 0 0 0 0 0 0 0 0 0 0 0 0 0 0 0 0 0 0 0 0 0 0 0 0 0 0 0 0 0 0 0 0 0 0 0 0 0 0 0 0 0 0 0 0 0 0 0 0 0 0 0 0 0 0 0 0 0 0 0 0 0 0 0 0 0 0 0 0 0 0 0 0]
[3603339304772204627273160722977790093251740133793923077988696749181644426715139854979646422926926441078633864563496214878063939668467542280366136550259443627825006352500443300781599094692949107477656656306449176449484544822943112686401782398705620484781982669188244666465619225147391966433704036527914389653554491212073865222692528 0 0 0 0 0 0 0 0 0 0 0 0 0 0 0 0 0 0 0 0 0 0 0 0 0 1 0 0 0 0 0 0 0 0 0 0 0 0 0 0 0 0 0 0 0 0 0 0 0 0 0 0 0 0 0 0 0 0 0 0 0 0 0 0 0 0 0 0 0 0 0 0 0 0 0 0 0 0 0 0 0 0 0 0 0 0 0 0 0 0 0 0 0 0 0 0 0 0 0 0 0 0 0 0 0 0 0 0 0]
[7898072647118221092317586570629765078010681314874806749899593579704760170580260652898538126069817258741253497582821216142526137329863601237961954277871289558361924084207022150226004017000608856219629477541830435645516509528602464373088691809302307594404052908845145524297587715522457567478356978125888560542830510366690587046561111 0 0 0 0 0 0 0 0 0 0 0 0 0 0 0 0 0 0 0 0 0 0 0 0 0 0 1 0 0 0 0 0 0 0 0 0 0 0 0 0 0 0 0 0 0 0 0 0 0 0 0 0 0 0 0 0 0 0 0 0 0 0 0 0 0 0 0 0 0 0 0 0 0 0 0 0 0 0 0 0 0 0 0 0 0 0 0 0 0 0 0 0 0 0 0 0 0 0 0 0 0 0 0 0 0 0 0 0 0]
[3639638389436073869845567016411772853593242688214736659433978268352203815022347959585672658484871446140855849774191660673414079917341356741737551035770927526591101754850743192669368422274136289542449073201851435899706651638292029313214242844652919026188181241877789055177182629901510301360770966859811761140155286338965425800561126 0 0 0 0 0 0 0 0 0 0 0 0 0 0 0 0 0 0 0 0 0 0 0 0 0 0 0 1 0 0 0 0 0 0 0 0 0 0 0 0 0 0 0 0 0 0 0 0 0 0 0 0 0 0 0 0 0 0 0 0 0 0 0 0 0 0 0 0 0 0 0 0 0 0 0 0 0 0 0 0 0 0 0 0 0 0 0 0 0 0 0 0 0 0 0 0 0 0 0 0 0 0 0 0 0 0 0 0 0]
[1895108569315879769139255804400688863913652059440944623533344676989079651184470012094487962769843541340168950833696850156687050202156984290396840339842305210651717331189331655992450303998010024378389431733746879711204080417925475862892346406247159874319222854209742708587830766123488520955931164177710480707798305800311595405914445 0 0 0 0 0 0 0 0 0 0 0 0 0 0 0 0 0 0 0 0 0 0 0 0 0 0 0 0 1 0 0 0 0 0 0 0 0 0 0 0 0 0 0 0 0 0 0 0 0 0 0 0 0 0 0 0 0 0 0 0 0 0 0 0 0 0 0 0 0 0 0 0 0 0 0 0 0 0 0 0 0 0 0 0 0 0 0 0 0 0 0 0 0 0 0 0 0 0 0 0 0 0 0 0 0 0 0 0 0]
[6592187116700314639704072057530447010803468665194326330558683390371621949699264687855674333998864013713217545306540843609385469781569536982030360619046217055165192098987620416202003398111789275522205036029388501988718176487968744583896688938733965763775601611727199454502819654899484544849357871659901532484304651484239752363424627 0 0 0 0 0 0 0 0 0 0 0 0 0 0 0 0 0 0 0 0 0 0 0 0 0 0 0 0 0 1 0 0 0 0 0 0 0 0 0 0 0 0 0 0 0 0 0 0 0 0 0 0 0 0 0 0 0 0 0 0 0 0 0 0 0 0 0 0 0 0 0 0 0 0 0 0 0 0 0 0 0 0 0 0 0 0 0 0 0 0 0 0 0 0 0 0 0 0 0 0 0 0 0 0 0 0 0 0 0]
[8492743557728378347803503865147904909277478798962923954925364014483405946549057290701447787794587398718384171115632544058340216799751910259354530775284721258558707101724069942651153225060749317652622674898394442467326530781468753676252638024769138320537205173867052933089333988018817744406601517576825709277052412347985028221836870 0 0 0 0 0 0 0 0 0 0 0 0 0 0 0 0 0 0 0 0 0 0 0 0 0 0 0 0 0 0 1 0 0 0 0 0 0 0 0 0 0 0 0 0 0 0 0 0 0 0 0 0 0 0 0 0 0 0 0 0 0 0 0 0 0 0 0 0 0 0 0 0 0 0 0 0 0 0 0 0 0 0 0 0 0 0 0 0 0 0 0 0 0 0 0 0 0 0 0 0 0 0 0 0 0 0 0 0 0]
[4249091987897985262813259950834650374269444901734656671567674642689483099343978648356782228591394192035622311664136015578340102727762989293137975611479591748703477873673107475425789547181301223625582415583481689457860989771923584110980699894340542220554976252119115582383848772490219733006684027009182111696573331592349186338045000 0 0 0 0 0 0 0 0 0 0 0 0 0 0 0 0 0 0 0 0 0 0 0 0 0 0 0 0 0 0 0 1 0 0 0 0 0 0 0 0 0 0 0 0 0 0 0 0 0 0 0 0 0 0 0 0 0 0 0 0 0 0 0 0 0 0 0 0 0 0 0 0 0 0 0 0 0 0 0 0 0 0 0 0 0 0 0 0 0 0 0 0 0 0 0 0 0 0 0 0 0 0 0 0 0 0 0 0 0]
[10137560278459598880869230812400040010614698493962472032279234268476488408135427145215505231808099151987036628850637451032720547881689266536022223845634376809910835273694358503163729744812850080743012596016285057447504640816059728575333593150107834002479823384177230328706739818027472422266463463875514977619089605680135336881503735 0 0 0 0 0 0 0 0 0 0 0 0 0 0 0 0 0 0 0 0 0 0 0 0 0 0 0 0 0 0 0 0 1 0 0 0 0 0 0 0 0 0 0 0 0 0 0 0 0 0 0 0 0 0 0 0 0 0 0 0 0 0 0 0 0 0 0 0 0 0 0 0 0 0 0 0 0 0 0 0 0 0 0 0 0 0 0 0 0 0 0 0 0 0 0 0 0 0 0 0 0 0 0 0 0 0 0 0 0]
[2357197490307523408959688235024169160064086084227154828097856081979219985994407425189019296955208408462318366378218407042531983602573579808362980879167288945012553801647258289620235299498854416562813896548592531296961985160440218012947410490614058903983505713405954493828235420417245993767272734996746241891308525716093998569492047 0 0 0 0 0 0 0 0 0 0 0 0 0 0 0 0 0 0 0 0 0 0 0 0 0 0 0 0 0 0 0 0 0 1 0 0 0 0 0 0 0 0 0 0 0 0 0 0 0 0 0 0 0 0 0 0 0 0 0 0 0 0 0 0 0 0 0 0 0 0 0 0 0 0 0 0 0 0 0 0 0 0 0 0 0 0 0 0 0 0 0 0 0 0 0 0 0 0 0 0 0 0 0 0 0 0 0 0 0]
[7839520883546319664088329341153188420171038545042957270293857546464946254434926985651666480049803078882525682046000481952637291554399970645879393205209020934563232266907426888321943052536184181223238588219245002187683250308762861115637452879076954933674679137995674943321889675927581059403984959841683548438704641576509857512433709 0 0 0 0 0 0 0 0 0 0 0 0 0 0 0 0 0 0 0 0 0 0 0 0 0 0 0 0 0 0 0 0 0 0 1 0 0 0 0 0 0 0 0 0 0 0 0 0 0 0 0 0 0 0 0 0 0 0 0 0 0 0 0 0 0 0 0 0 0 0 0 0 0 0 0 0 0 0 0 0 0 0 0 0 0 0 0 0 0 0 0 0 0 0 0 0 0 0 0 0 0 0 0 0 0 0 0 0 0]
[2829339259531638263386530424158706376577344875755133508772613115380512888709545013203633003537719411708883957923523455441584239011930729009117745819962625887568683694573868846281543181533600457621796234558064148576829379047578826933389442314061928074932590498651599753764763923155751266692702618474870314050455306104885432862841370 0 0 0 0 0 0 0 0 0 0 0 0 0 0 0 0 0 0 0 0 0 0 0 0 0 0 0 0 0 0 0 0 0 0 0 1 0 0 0 0 0 0 0 0 0 0 0 0 0 0 0 0 0 0 0 0 0 0 0 0 0 0 0 0 0 0 0 0 0 0 0 0 0 0 0 0 0 0 0 0 0 0 0 0 0 0 0 0 0 0 0 0 0 0 0 0 0 0 0 0 0 0 0 0 0 0 0 0 0]
[5134920402592838090060539136036470079546451751567658633528498039581789746286886704744266521654448483142278717957016420018830563733659258045601224438940869892508867698196347046114467335786703345510596918281343807939335311884883048151561181320327007355233796641603627561523705439529121085458641506277409513408752668884887358831315153 0 0 0 0 0 0 0 0 0 0 0 0 0 0 0 0 0 0 0 0 0 0 0 0 0 0 0 0 0 0 0 0 0 0 0 0 1 0 0 0 0 0 0 0 0 0 0 0 0 0 0 0 0 0 0 0 0 0 0 0 0 0 0 0 0 0 0 0 0 0 0 0 0 0 0 0 0 0 0 0 0 0 0 0 0 0 0 0 0 0 0 0 0 0 0 0 0 0 0 0 0 0 0 0 0 0 0 0 0]
[200583302581832119415771899215025997385304382797084416189549333036687725963119156211057565759280992539695514343822036109555678724749958437537977056884558647982972990232683123786258754489448051184879744664448699589924989291946180726754969473303202605257231615891055585745983803836329855194981403545649157932271053917342851034474611 0 0 0 0 0 0 0 0 0 0 0 0 0 0 0 0 0 0 0 0 0 0 0 0 0 0 0 0 0 0 0 0 0 0 0 0 0 1 0 0 0 0 0 0 0 0 0 0 0 0 0 0 0 0 0 0 0 0 0 0 0 0 0 0 0 0 0 0 0 0 0 0 0 0 0 0 0 0 0 0 0 0 0 0 0 0 0 0 0 0 0 0 0 0 0 0 0 0 0 0 0 0 0 0 0 0 0 0 0]
[7650022453516288340692092561739679431907492703424511397881276267957154876409497339117977378166595649921412646045635519785883658997322394476234972968731481627568850548381496470778722091957630958089541816639438696831774404560813355544299921659844485084326121327100772385396347352031203131599874845177648376358203223964723248355696095 0 0 0 0 0 0 0 0 0 0 0 0 0 0 0 0 0 0 0 0 0 0 0 0 0 0 0 0 0 0 0 0 0 0 0 0 0 0 1 0 0 0 0 0 0 0 0 0 0 0 0 0 0 0 0 0 0 0 0 0 0 0 0 0 0 0 0 0 0 0 0 0 0 0 0 0 0 0 0 0 0 0 0 0 0 0 0 0 0 0 0 0 0 0 0 0 0 0 0 0 0 0 0 0 0 0 0 0 0]
[2099099828914775125948351919546262927261949480753097741333816250309278893070180319719829719941079668786794105967490424804110340606248178260598042927842954397067677821108240376341944568105049853697406864542444742848277916527881311915928102768522477670050182432207294211886060791646775721504048681301242816571082705641124356513937954 0 0 0 0 0 0 0 0 0 0 0 0 0 0 0 0 0 0 0 0 0 0 0 0 0 0 0 0 0 0 0 0 0 0 0 0 0 0 0 1 0 0 0 0 0 0 0 0 0 0 0 0 0 0 0 0 0 0 0 0 0 0 0 0 0 0 0 0 0 0 0 0 0 0 0 0 0 0 0 0 0 0 0 0 0 0 0 0 0 0 0 0 0 0 0 0 0 0 0 0 0 0 0 0 0 0 0 0 0]
[6079857826405847193262938128082824384982112124034087695535190153842456665599113815395062947248070115976645889825905850187440560283730938099278916978407231487188779646722366089344862316765787447477617599419200763556996653130684653334973225931565251453044617876886513524421917549229242121874439147670436715768100567611913489569646123 0 0 0 0 0 0 0 0 0 0 0 0 0 0 0 0 0 0 0 0 0 0 0 0 0 0 0 0 0 0 0 0 0 0 0 0 0 0 0 0 1 0 0 0 0 0 0 0 0 0 0 0 0 0 0 0 0 0 0 0 0 0 0 0 0 0 0 0 0 0 0 0 0 0 0 0 0 0 0 0 0 0 0 0 0 0 0 0 0 0 0 0 0 0 0 0 0 0 0 0 0 0 0 0 0 0 0 0 0]
[3819783021342956848580773309411948834394466818696245041186316056598585322895892196236842887466577400715552601894586007878167425781756743383392202572160830462897421574917147461635406325346093749706901804836310623347202956922253120337467853434157963358099217057877748529634763787335299079194055086461599773307353840498602725713665017 0 0 0 0 0 0 0 0 0 0 0 0 0 0 0 0 0 0 0 0 0 0 0 0 0 0 0 0 0 0 0 0 0 0 0 0 0 0 0 0 0 1 0 0 0 0 0 0 0 0 0 0 0 0 0 0 0 0 0 0 0 0 0 0 0 0 0 0 0 0 0 0 0 0 0 0 0 0 0 0 0 0 0 0 0 0 0 0 0 0 0 0 0 0 0 0 0 0 0 0 0 0 0 0 0 0 0 0 0]
[8881590307748938074585143746327159889118874957052460235241288630855873340354431409802795210158630221038576151409903019725815389490926894525577719278105413594328611877326014947906605758356825962194336078256288563138820344114453528399900025143726576018138389951833105301230534184752666418163904136408665847561369175440738807007914996 0 0 0 0 0 0 0 0 0 0 0 0 0 0 0 0 0 0 0 0 0 0 0 0 0 0 0 0 0 0 0 0 0 0 0 0 0 0 0 0 0 0 1 0 0 0 0 0 0 0 0 0 0 0 0 0 0 0 0 0 0 0 0 0 0 0 0 0 0 0 0 0 0 0 0 0 0 0 0 0 0 0 0 0 0 0 0 0 0 0 0 0 0 0 0 0 0 0 0 0 0 0 0 0 0 0 0 0 0]
[9034639543994893783517173987273905820353060398172594076308757862727241009603398043724587248679024127902270269414586191385296106580453134711764231527538455681435680974243333405655899993481399472732799711262481823173207250817809841597674589399223315079601312908075604384021065643144242941686792633414370081369381258843157552976589667 0 0 0 0 0 0 0 0 0 0 0 0 0 0 0 0 0 0 0 0 0 0 0 0 0 0 0 0 0 0 0 0 0 0 0 0 0 0 0 0 0 0 0 1 0 0 0 0 0 0 0 0 0 0 0 0 0 0 0 0 0 0 0 0 0 0 0 0 0 0 0 0 0 0 0 0 0 0 0 0 0 0 0 0 0 0 0 0 0 0 0 0 0 0 0 0 0 0 0 0 0 0 0 0 0 0 0 0 0]
[9217494983631210769018583409633492171500166483052436733206917510360731911454426021733987956896984763318818068507661657072675492924873930204077027629688267311553648550821068310954415111738857291759119354293896093877740241590745892020334959681882650899354894289621943369609821689707739078150407062950825572824024777243331706091538708 0 0 0 0 0 0 0 0 0 0 0 0 0 0 0 0 0 0 0 0 0 0 0 0 0 0 0 0 0 0 0 0 0 0 0 0 0 0 0 0 0 0 0 0 1 0 0 0 0 0 0 0 0 0 0 0 0 0 0 0 0 0 0 0 0 0 0 0 0 0 0 0 0 0 0 0 0 0 0 0 0 0 0 0 0 0 0 0 0 0 0 0 0 0 0 0 0 0 0 0 0 0 0 0 0 0 0 0 0]
[9351326296993317546359281062898051294437921504136869712624493670146855413869409536254893847097269375256462560217584577428564744728011868004794733724835622188140256902055496153355755602499905419833300282489065904784306808481437428426635241054480903053482777693179225209343316658359454138901127211925956979750542616815399915634470081 0 0 0 0 0 0 0 0 0 0 0 0 0 0 0 0 0 0 0 0 0 0 0 0 0 0 0 0 0 0 0 0 0 0 0 0 0 0 0 0 0 0 0 0 0 1 0 0 0 0 0 0 0 0 0 0 0 0 0 0 0 0 0 0 0 0 0 0 0 0 0 0 0 0 0 0 0 0 0 0 0 0 0 0 0 0 0 0 0 0 0 0 0 0 0 0 0 0 0 0 0 0 0 0 0 0 0 0 0]
[2363660306783965185942694393516977014726162113517072068559934848392865381769198208003834736804915212002677567770004896625526739846896655230120885750433199294561730053661447849523782038279694015812913432799108448930691908704986102692809346055679089916632016205262695016785861316332735563241581986854143811553139531360153703496228728 0 0 0 0 0 0 0 0 0 0 0 0 0 0 0 0 0 0 0 0 0 0 0 0 0 0 0 0 0 0 0 0 0 0 0 0 0 0 0 0 0 0 0 0 0 0 1 0 0 0 0 0 0 0 0 0 0 0 0 0 0 0 0 0 0 0 0 0 0 0 0 0 0 0 0 0 0 0 0 0 0 0 0 0 0 0 0 0 0 0 0 0 0 0 0 0 0 0 0 0 0 0 0 0 0 0 0 0 0]
[7317189214965686089414030877897274738810134829684699124814072607420618394271152809352698349979979095885717920170403862339253409602066777975189070199433800053750909216937807243502705440451615931030759984032740521282049536761439883614140353373316387122299239510198220327117203082024407055284251943836497272455799364053303170496492834 0 0 0 0 0 0 0 0 0 0 0 0 0 0 0 0 0 0 0 0 0 0 0 0 0 0 0 0 0 0 0 0 0 0 0 0 0 0 0 0 0 0 0 0 0 0 0 1 0 0 0 0 0 0 0 0 0 0 0 0 0 0 0 0 0 0 0 0 0 0 0 0 0 0 0 0 0 0 0 0 0 0 0 0 0 0 0 0 0 0 0 0 0 0 0 0 0 0 0 0 0 0 0 0 0 0 0 0 0]
[9611522108271283479839052408262470053607056968876668248237249024048152801176611446161045519401304536351588869410269133968237361387534156119444851768193580109476377761365628146545327318354335283475326452227016341093278145328523059905925807768192846898785126979560985120797223575158857509313833095658299531788950735328293838397873266 0 0 0 0 0 0 0 0 0 0 0 0 0 0 0 0 0 0 0 0 0 0 0 0 0 0 0 0 0 0 0 0 0 0 0 0 0 0 0 0 0 0 0 0 0 0 0 0 1 0 0 0 0 0 0 0 0 0 0 0 0 0 0 0 0 0 0 0 0 0 0 0 0 0 0 0 0 0 0 0 0 0 0 0 0 0 0 0 0 0 0 0 0 0 0 0 0 0 0 0 0 0 0 0 0 0 0 0 0]
[5455876701322739505396019354255203162957501603473535153440549463318163575122633484427023315441655882492428766301878066777986129032250589472441915226273518330955377833142076827211756862036501917278588019772008481712924161702190481194554953945325595089455846846489461407490844065839036994714650536784902022580619865251075368380050798 0 0 0 0 0 0 0 0 0 0 0 0 0 0 0 0 0 0 0 0 0 0 0 0 0 0 0 0 0 0 0 0 0 0 0 0 0 0 0 0 0 0 0 0 0 0 0 0 0 1 0 0 0 0 0 0 0 0 0 0 0 0 0 0 0 0 0 0 0 0 0 0 0 0 0 0 0 0 0 0 0 0 0 0 0 0 0 0 0 0 0 0 0 0 0 0 0 0 0 0 0 0 0 0 0 0 0 0 0]
[4653611745099217330650643434240582204848048905831277090988665185012904770061569745352957002832816968473661223110774028763894897051924648365901334399003039200984696084398118400100927744320507238874911309509162835093011695684111059201574833945129449617854496615390847246538528739056179990022106063792590224937912542475125277900810718 0 0 0 0 0 0 0 0 0 0 0 0 0 0 0 0 0 0 0 0 0 0 0 0 0 0 0 0 0 0 0 0 0 0 0 0 0 0 0 0 0 0 0 0 0 0 0 0 0 0 1 0 0 0 0 0 0 0 0 0 0 0 0 0 0 0 0 0 0 0 0 0 0 0 0 0 0 0 0 0 0 0 0 0 0 0 0 0 0 0 0 0 0 0 0 0 0 0 0 0 0 0 0 0 0 0 0 0 0]
[4068585888798188700833407187981536727603248059151795118248743516580869061630542506000695341864806440744265014165468881515205399909204994948691724921442073767161227421277158789587688552670100182594250569706374341917982368661311399339656547276224016596105586489036791459450924743527337936126877418848547514939054019580503825547691491 0 0 0 0 0 0 0 0 0 0 0 0 0 0 0 0 0 0 0 0 0 0 0 0 0 0 0 0 0 0 0 0 0 0 0 0 0 0 0 0 0 0 0 0 0 0 0 0 0 0 0 1 0 0 0 0 0 0 0 0 0 0 0 0 0 0 0 0 0 0 0 0 0 0 0 0 0 0 0 0 0 0 0 0 0 0 0 0 0 0 0 0 0 0 0 0 0 0 0 0 0 0 0 0 0 0 0 0 0]
[9485331927417164521666449239392819116685144934723851591965463497656401032353662623319315697980280160055873528706895688020758219057423924474466146008523135155033596867356780652091333546598702811302096009481827630899727348726326088569585715275904498077415142633796521442193049138772964244777736363001285986010267300590142782259963397 0 0 0 0 0 0 0 0 0 0 0 0 0 0 0 0 0 0 0 0 0 0 0 0 0 0 0 0 0 0 0 0 0 0 0 0 0 0 0 0 0 0 0 0 0 0 0 0 0 0 0 0 1 0 0 0 0 0 0 0 0 0 0 0 0 0 0 0 0 0 0 0 0 0 0 0 0 0 0 0 0 0 0 0 0 0 0 0 0 0 0 0 0 0 0 0 0 0 0 0 0 0 0 0 0 0 0 0 0]
[3816711556266284028321417316047264139171630155504914733399875287126343447358533419300682049123811607305731578126161851468714347004371544419092885707047198835228885643595070825594211565127155088567496195240825658340844750445496931994579708709754580382377932115416467013385170103421870608366077834120520449869326506345148493244276941 0 0 0 0 0 0 0 0 0 0 0 0 0 0 0 0 0 0 0 0 0 0 0 0 0 0 0 0 0 0 0 0 0 0 0 0 0 0 0 0 0 0 0 0 0 0 0 0 0 0 0 0 0 1 0 0 0 0 0 0 0 0 0 0 0 0 0 0 0 0 0 0 0 0 0 0 0 0 0 0 0 0 0 0 0 0 0 0 0 0 0 0 0 0 0 0 0 0 0 0 0 0 0 0 0 0 0 0 0]
[5890570937785697884323938728704377105851903103963865176254544255021374472724830505348509155719910734490192133442105455939559979169230928412950161898217225632662773669018137223192869827970085814546995012081679680526038009889494917287406190653187643494625616446572241583071581971481760209112359963110261660758209904629575307984095539 0 0 0 0 0 0 0 0 0 0 0 0 0 0 0 0 0 0 0 0 0 0 0 0 0 0 0 0 0 0 0 0 0 0 0 0 0 0 0 0 0 0 0 0 0 0 0 0 0 0 0 0 0 0 1 0 0 0 0 0 0 0 0 0 0 0 0 0 0 0 0 0 0 0 0 0 0 0 0 0 0 0 0 0 0 0 0 0 0 0 0 0 0 0 0 0 0 0 0 0 0 0 0 0 0 0 0 0 0]
[11249219769580649764660244003421735558455561548027366660230011374739549181386312398063389308438148254132179985259817599138184261237543667490308435227336459503694717492456664981547332032793501489291367479209940330480736029035657740578956575141768007179648937547283745822407918201824090296177458261398552384038967378734689814094415150 0 0 0 0 0 0 0 0 0 0 0 0 0 0 0 0 0 0 0 0 0 0 0 0 0 0 0 0 0 0 0 0 0 0 0 0 0 0 0 0 0 0 0 0 0 0 0 0 0 0 0 0 0 0 0 1 0 0 0 0 0 0 0 0 0 0 0 0 0 0 0 0 0 0 0 0 0 0 0 0 0 0 0 0 0 0 0 0 0 0 0 0 0 0 0 0 0 0 0 0 0 0 0 0 0 0 0 0 0]
[7162500446510005119749553343223948358012225736229917141333178520620413603296643557026277998815466543450143357725220429704223077650394612270996635495054166510108228825977949095339065615735987893921631110064245891596811420488334983056964108263160699394999268371314415535660703167857126325087134999257987499909483542403495018028184186 0 0 0 0 0 0 0 0 0 0 0 0 0 0 0 0 0 0 0 0 0 0 0 0 0 0 0 0 0 0 0 0 0 0 0 0 0 0 0 0 0 0 0 0 0 0 0 0 0 0 0 0 0 0 0 0 1 0 0 0 0 0 0 0 0 0 0 0 0 0 0 0 0 0 0 0 0 0 0 0 0 0 0 0 0 0 0 0 0 0 0 0 0 0 0 0 0 0 0 0 0 0 0 0 0 0 0 0 0]
[6899081623702486973356215802493704220302644384976610448754346312421828916369425228541072632485771620712030620900922363417875432275531175581981517206631973988900749943387569585758351158867010044220341744542153023081146744094590317818141262218807865155257446791756042610802179613598705258982907097490983009636894744640099204870634662 0 0 0 0 0 0 0 0 0 0 0 0 0 0 0 0 0 0 0 0 0 0 0 0 0 0 0 0 0 0 0 0 0 0 0 0 0 0 0 0 0 0 0 0 0 0 0 0 0 0 0 0 0 0 0 0 0 1 0 0 0 0 0 0 0 0 0 0 0 0 0 0 0 0 0 0 0 0 0 0 0 0 0 0 0 0 0 0 0 0 0 0 0 0 0 0 0 0 0 0 0 0 0 0 0 0 0 0 0]
[5136332100992260628031035119900021975305980992865806941357741382612035766012297983285745478916951554525292857976768403504279035048913636044710733007333707919777390836087116619456622812561031617555181832668061872947443519339720751949347166289479452919930744969182922795278901726818747314168867573481058243107450627247918428021229276 0 0 0 0 0 0 0 0 0 0 0 0 0 0 0 0 0 0 0 0 0 0 0 0 0 0 0 0 0 0 0 0 0 0 0 0 0 0 0 0 0 0 0 0 0 0 0 0 0 0 0 0 0 0 0 0 0 0 1 0 0 0 0 0 0 0 0 0 0 0 0 0 0 0 0 0 0 0 0 0 0 0 0 0 0 0 0 0 0 0 0 0 0 0 0 0 0 0 0 0 0 0 0 0 0 0 0 0 0]
[3817906224356114257656990027217086243216186573269794620175072124777915564891715779161322687982393766527097231501813148772174686026728411197915937217923219804825930324296965267767263863779858442193052982699021977372386349597036121184940333872425951126715357291531138063287204465731663844011933221908764428006408291047690169368839279 0 0 0 0 0 0 0 0 0 0 0 0 0 0 0 0 0 0 0 0 0 0 0 0 0 0 0 0 0 0 0 0 0 0 0 0 0 0 0 0 0 0 0 0 0 0 0 0 0 0 0 0 0 0 0 0 0 0 0 1 0 0 0 0 0 0 0 0 0 0 0 0 0 0 0 0 0 0 0 0 0 0 0 0 0 0 0 0 0 0 0 0 0 0 0 0 0 0 0 0 0 0 0 0 0 0 0 0 0]
[6182755475191192664832371416525687097998585953125307571504337508635734114485826892622285292552955130090300798708188866261061663978662560270386499319980731453376728438592562897659894402851504010940200097698256546064045315679646132216291665441195139702136534262631059445654244593993514823497985615273908130227262507755797829319506142 0 0 0 0 0 0 0 0 0 0 0 0 0 0 0 0 0 0 0 0 0 0 0 0 0 0 0 0 0 0 0 0 0 0 0 0 0 0 0 0 0 0 0 0 0 0 0 0 0 0 0 0 0 0 0 0 0 0 0 0 1 0 0 0 0 0 0 0 0 0 0 0 0 0 0 0 0 0 0 0 0 0 0 0 0 0 0 0 0 0 0 0 0 0 0 0 0 0 0 0 0 0 0 0 0 0 0 0 0]
[980920310296682916860924252716595396285615999704494990504296520234411677408521940273314633709828500050405362530911426919730450815544701192022658386274540025791462413589913551846461645732628603117630535113895722723652950954672220764705313912132245602375022260890713559147616387775467025645476919990812942771644835605126944878995455 0 0 0 0 0 0 0 0 0 0 0 0 0 0 0 0 0 0 0 0 0 0 0 0 0 0 0 0 0 0 0 0 0 0 0 0 0 0 0 0 0 0 0 0 0 0 0 0 0 0 0 0 0 0 0 0 0 0 0 0 0 1 0 0 0 0 0 0 0 0 0 0 0 0 0 0 0 0 0 0 0 0 0 0 0 0 0 0 0 0 0 0 0 0 0 0 0 0 0 0 0 0 0 0 0 0 0 0 0]
[3868961987657344530871730929987463056252373581497466971744571921931723844536862255097244365288356372708145617433993475503398082106692903597441428018390887361911677876961729563355818367338380485011229027599393316517797533963868941700927591970264655775447277534491663345632473696802924016300531171624679120903875626839695834131116172 0 0 0 0 0 0 0 0 0 0 0 0 0 0 0 0 0 0 0 0 0 0 0 0 0 0 0 0 0 0 0 0 0 0 0 0 0 0 0 0 0 0 0 0 0 0 0 0 0 0 0 0 0 0 0 0 0 0 0 0 0 0 1 0 0 0 0 0 0 0 0 0 0 0 0 0 0 0 0 0 0 0 0 0 0 0 0 0 0 0 0 0 0 0 0 0 0 0 0 0 0 0 0 0 0 0 0 0 0]
[8498379417583764280358133937018845838785729669303906250745916649272170495680241775035949626875674238913000127039439867060176471157432972777273700800061515275984343211507075963643155756162284550049370354792194154344913335102182953864157061535937948048797456513473359530263117532348705351458873009005046153754762181585833781459591333 0 0 0 0 0 0 0 0 0 0 0 0 0 0 0 0 0 0 0 0 0 0 0 0 0 0 0 0 0 0 0 0 0 0 0 0 0 0 0 0 0 0 0 0 0 0 0 0 0 0 0 0 0 0 0 0 0 0 0 0 0 0 0 1 0 0 0 0 0 0 0 0 0 0 0 0 0 0 0 0 0 0 0 0 0 0 0 0 0 0 0 0 0 0 0 0 0 0 0 0 0 0 0 0 0 0 0 0 0]
[4471841690665162934064233583918188578638950921656601413078114730907393396146126466442912348066310678534685228060371026467498170847603088974556295187213585842178632466368676375839603332621257068563476546454241122806880416299179241674817518719751510921827438166909031307949904965299143710493095014942988388037855167361868950584843397 0 0 0 0 0 0 0 0 0 0 0 0 0 0 0 0 0 0 0 0 0 0 0 0 0 0 0 0 0 0 0 0 0 0 0 0 0 0 0 0 0 0 0 0 0 0 0 0 0 0 0 0 0 0 0 0 0 0 0 0 0 0 0 0 1 0 0 0 0 0 0 0 0 0 0 0 0 0 0 0 0 0 0 0 0 0 0 0 0 0 0 0 0 0 0 0 0 0 0 0 0 0 0 0 0 0 0 0 0]
[1555624277493162024831179692483632768814047670562518499079624672083056165777251856038783657391173675185058879000751523584013926558842048152694248352252213800039381956385913179982206138031549540314262784989517153691810846004307146664925001690385416355818717800980112899085178338617385226068924048160844321674165114729835479146507715 0 0 0 0 0 0 0 0 0 0 0 0 0 0 0 0 0 0 0 0 0 0 0 0 0 0 0 0 0 0 0 0 0 0 0 0 0 0 0 0 0 0 0 0 0 0 0 0 0 0 0 0 0 0 0 0 0 0 0 0 0 0 0 0 0 1 0 0 0 0 0 0 0 0 0 0 0 0 0 0 0 0 0 0 0 0 0 0 0 0 0 0 0 0 0 0 0 0 0 0 0 0 0 0 0 0 0 0 0]
[8643946727241804603881245651042621822463454353164565569596667035447654400848563165039567058378114106198940953818909974318906538091183452647426217026219870577501359283108928861704200287692057889844942674486999432340709942196109669015161395327307793819566250421624447514271231568106560639039592202655800506289068801529703467961060421 0 0 0 0 0 0 0 0 0 0 0 0 0 0 0 0 0 0 0 0 0 0 0 0 0 0 0 0 0 0 0 0 0 0 0 0 0 0 0 0 0 0 0 0 0 0 0 0 0 0 0 0 0 0 0 0 0 0 0 0 0 0 0 0 0 0 1 0 0 0 0 0 0 0 0 0 0 0 0 0 0 0 0 0 0 0 0 0 0 0 0 0 0 0 0 0 0 0 0 0 0 0 0 0 0 0 0 0 0]
[4969041101719317104071647443991478300788880950451484401528414311201457247678499900585195700404751343817486986390967625073901797310894802560584422471247064088799834441087592302718610009740673925309031612183882844243339935518976860917664832636762559019777891330786580308484893123877296089066118310064136236597008257414503493387178503 0 0 0 0 0 0 0 0 0 0 0 0 0 0 0 0 0 0 0 0 0 0 0 0 0 0 0 0 0 0 0 0 0 0 0 0 0 0 0 0 0 0 0 0 0 0 0 0 0 0 0 0 0 0 0 0 0 0 0 0 0 0 0 0 0 0 0 1 0 0 0 0 0 0 0 0 0 0 0 0 0 0 0 0 0 0 0 0 0 0 0 0 0 0 0 0 0 0 0 0 0 0 0 0 0 0 0 0 0]
[9958961373729038022052427859979169054794249282486309193191372868463431786001337093958230031266545218435481851650448980739845998999153952094503693861603997095709433091541712007034447008711196839466576698802301745008172710669344224510091700143444572680489216014409450454784241053387457213969572772841362066348372571336739880885465567 0 0 0 0 0 0 0 0 0 0 0 0 0 0 0 0 0 0 0 0 0 0 0 0 0 0 0 0 0 0 0 0 0 0 0 0 0 0 0 0 0 0 0 0 0 0 0 0 0 0 0 0 0 0 0 0 0 0 0 0 0 0 0 0 0 0 0 0 1 0 0 0 0 0 0 0 0 0 0 0 0 0 0 0 0 0 0 0 0 0 0 0 0 0 0 0 0 0 0 0 0 0 0 0 0 0 0 0 0]
[3485144604944039659192612805074767912956762370458116564742215344672226414730861475788336026605557103263062144444991322176059177225457380417833552492537963268370730118742339352509376759384204616619347781559542108906823422418295504532860614010805550346158784759204396599387488622210967377196614515661546744058428239306022622302439510 0 0 0 0 0 0 0 0 0 0 0 0 0 0 0 0 0 0 0 0 0 0 0 0 0 0 0 0 0 0 0 0 0 0 0 0 0 0 0 0 0 0 0 0 0 0 0 0 0 0 0 0 0 0 0 0 0 0 0 0 0 0 0 0 0 0 0 0 0 1 0 0 0 0 0 0 0 0 0 0 0 0 0 0 0 0 0 0 0 0 0 0 0 0 0 0 0 0 0 0 0 0 0 0 0 0 0 0 0]
[1537676131578365901018229679840646221697954843818714060781769272637551921595191127168338827127115598780517263442987388949527669445844822949203912519470286151418742914200617912859881745355333204392352714213721538509612851217256810881774052704566116178837467237749590756182991084073585029005920115837027519780492297841836986959934403 0 0 0 0 0 0 0 0 0 0 0 0 0 0 0 0 0 0 0 0 0 0 0 0 0 0 0 0 0 0 0 0 0 0 0 0 0 0 0 0 0 0 0 0 0 0 0 0 0 0 0 0 0 0 0 0 0 0 0 0 0 0 0 0 0 0 0 0 0 0 1 0 0 0 0 0 0 0 0 0 0 0 0 0 0 0 0 0 0 0 0 0 0 0 0 0 0 0 0 0 0 0 0 0 0 0 0 0 0]
[4725499402536445031914204098354678031673749448727941456842124187742192568547166177662068058290609724975969043656813279018664914050086026419183952209336981103115268892723527444104753703572540410035013880220422808112422754393093718200182694957574746891261394242544010339382492471177903768349423349504890391500881127022334002218127957 0 0 0 0 0 0 0 0 0 0 0 0 0 0 0 0 0 0 0 0 0 0 0 0 0 0 0 0 0 0 0 0 0 0 0 0 0 0 0 0 0 0 0 0 0 0 0 0 0 0 0 0 0 0 0 0 0 0 0 0 0 0 0 0 0 0 0 0 0 0 0 1 0 0 0 0 0 0 0 0 0 0 0 0 0 0 0 0 0 0 0 0 0 0 0 0 0 0 0 0 0 0 0 0 0 0 0 0 0]
[3872701881666940853063032759797069196599706703725241195591002045778981403037312272326882520456126472597262459380769830178574696828281003304345621231093417533122155143051958309729191129034704466104663647268382984950064897488641925766283355038728661359302491781232364493109078145056064426083794007821087913713902819461002470978153078 0 0 0 0 0 0 0 0 0 0 0 0 0 0 0 0 0 0 0 0 0 0 0 0 0 0 0 0 0 0 0 0 0 0 0 0 0 0 0 0 0 0 0 0 0 0 0 0 0 0 0 0 0 0 0 0 0 0 0 0 0 0 0 0 0 0 0 0 0 0 0 0 1 0 0 0 0 0 0 0 0 0 0 0 0 0 0 0 0 0 0 0 0 0 0 0 0 0 0 0 0 0 0 0 0 0 0 0 0]
[4355192241809594765823793385733772646244306949847018465412349459362898758300594444773551501428825429314295232574681811339998393534116238287535880808348633009460784465761636154611470267836675281818511291010190208347861864585039149632589863946517350720596926474276489657396994115064061346142438872563339934188206649323744770443368167 0 0 0 0 0 0 0 0 0 0 0 0 0 0 0 0 0 0 0 0 0 0 0 0 0 0 0 0 0 0 0 0 0 0 0 0 0 0 0 0 0 0 0 0 0 0 0 0 0 0 0 0 0 0 0 0 0 0 0 0 0 0 0 0 0 0 0 0 0 0 0 0 0 1 0 0 0 0 0 0 0 0 0 0 0 0 0 0 0 0 0 0 0 0 0 0 0 0 0 0 0 0 0 0 0 0 0 0 0]
[9018954937771171059054220277139400270355312256125307997677336474008910048500663524562622794182519465138333533944949158911429123036460904926146069669276797172354939799435129805770696289471551492262548543147216577536484226870135386458141541919571994245710229151819510087141901803483206111768242806851317450270315727465201825307874265 0 0 0 0 0 0 0 0 0 0 0 0 0 0 0 0 0 0 0 0 0 0 0 0 0 0 0 0 0 0 0 0 0 0 0 0 0 0 0 0 0 0 0 0 0 0 0 0 0 0 0 0 0 0 0 0 0 0 0 0 0 0 0 0 0 0 0 0 0 0 0 0 0 0 1 0 0 0 0 0 0 0 0 0 0 0 0 0 0 0 0 0 0 0 0 0 0 0 0 0 0 0 0 0 0 0 0 0 0]
[6372466674505212996734264443928369612755575418738649365742327502358471506590203882682657409650948540624134703830715063489230109745206357849529383637879196800266283047057789014367864073635541163974551762332838856220315382924042155308666852782364824593987911422312176825398312183040414028103311579493197314079267102955200864015160751 0 0 0 0 0 0 0 0 0 0 0 0 0 0 0 0 0 0 0 0 0 0 0 0 0 0 0 0 0 0 0 0 0 0 0 0 0 0 0 0 0 0 0 0 0 0 0 0 0 0 0 0 0 0 0 0 0 0 0 0 0 0 0 0 0 0 0 0 0 0 0 0 0 0 0 1 0 0 0 0 0 0 0 0 0 0 0 0 0 0 0 0 0 0 0 0 0 0 0 0 0 0 0 0 0 0 0 0 0]
[4865810587863107965070405110545031288064554969804951096095778370884672342707398760138276707610492289539136942148789968910920576496837192137416411518993558713915567614456273609093547967341104036132725182586222798943263189409260246094366152532116052384235164707086123584737408803267281030864307504308782479507790344270709905993861569 0 0 0 0 0 0 0 0 0 0 0 0 0 0 0 0 0 0 0 0 0 0 0 0 0 0 0 0 0 0 0 0 0 0 0 0 0 0 0 0 0 0 0 0 0 0 0 0 0 0 0 0 0 0 0 0 0 0 0 0 0 0 0 0 0 0 0 0 0 0 0 0 0 0 0 0 1 0 0 0 0 0 0 0 0 0 0 0 0 0 0 0 0 0 0 0 0 0 0 0 0 0 0 0 0 0 0 0 0]
[3057289847855846862686074685173050346749711025046541806506369944997094266828016973829639471045713337457603548600442874675577976114395468401630675275186555288941636203416888478717611601487970244215633547074746267558885981054075363625935503249217024901641067393024166743873145003495257978859497619199889417480616880023532830807183970 0 0 0 0 0 0 0 0 0 0 0 0 0 0 0 0 0 0 0 0 0 0 0 0 0 0 0 0 0 0 0 0 0 0 0 0 0 0 0 0 0 0 0 0 0 0 0 0 0 0 0 0 0 0 0 0 0 0 0 0 0 0 0 0 0 0 0 0 0 0 0 0 0 0 0 0 0 1 0 0 0 0 0 0 0 0 0 0 0 0 0 0 0 0 0 0 0 0 0 0 0 0 0 0 0 0 0 0 0]
[10177832250963642746366106110007656982390293765039902170108242485663785454756243514170171354087420777116494566057011510111229896879376015051613742617184612529358998448530700928694748720753500301223846018891687919887669851383299431424903537994250771761919024348224941709983357192240129179434969180213087877076346276513906942474280264 0 0 0 0 0 0 0 0 0 0 0 0 0 0 0 0 0 0 0 0 0 0 0 0 0 0 0 0 0 0 0 0 0 0 0 0 0 0 0 0 0 0 0 0 0 0 0 0 0 0 0 0 0 0 0 0 0 0 0 0 0 0 0 0 0 0 0 0 0 0 0 0 0 0 0 0 0 0 1 0 0 0 0 0 0 0 0 0 0 0 0 0 0 0 0 0 0 0 0 0 0 0 0 0 0 0 0 0 0]
[8508175851210412304430786830964686487292444229112803419356181732333586160354000681110120534472916210706549002951375196066385182435729887284883587207827645021331085904629971671501450183140329635607405553656559949099704370025058631410218008803165705094309815439455896156570304033601215982958134292657723012256889627044451000756436268 0 0 0 0 0 0 0 0 0 0 0 0 0 0 0 0 0 0 0 0 0 0 0 0 0 0 0 0 0 0 0 0 0 0 0 0 0 0 0 0 0 0 0 0 0 0 0 0 0 0 0 0 0 0 0 0 0 0 0 0 0 0 0 0 0 0 0 0 0 0 0 0 0 0 0 0 0 0 0 1 0 0 0 0 0 0 0 0 0 0 0 0 0 0 0 0 0 0 0 0 0 0 0 0 0 0 0 0 0]
[408077908340501723052076388257023516406572076478695322794154707040059737793202380069688404877340885471653270120661600386633762548725926842442686145359411531430285577229336264781824404493014483869738131685374182603566517711836962738298810891517211227847515714930793710669568846907767009473328392828300940415038549149384803629624546 0 0 0 0 0 0 0 0 0 0 0 0 0 0 0 0 0 0 0 0 0 0 0 0 0 0 0 0 0 0 0 0 0 0 0 0 0 0 0 0 0 0 0 0 0 0 0 0 0 0 0 0 0 0 0 0 0 0 0 0 0 0 0 0 0 0 0 0 0 0 0 0 0 0 0 0 0 0 0 0 1 0 0 0 0 0 0 0 0 0 0 0 0 0 0 0 0 0 0 0 0 0 0 0 0 0 0 0 0]
[368111361218911368666237772794431026841992378246928263222840200955349383920243130297329581491088318119367229678929114354215060119992890367422345639857622395535344049829694768330207874128902822622191983542580863092623952748609357505523740504356265014464513130419202096953567538946957774502082610642469802895629142708319868546291796 0 0 0 0 0 0 0 0 0 0 0 0 0 0 0 0 0 0 0 0 0 0 0 0 0 0 0 0 0 0 0 0 0 0 0 0 0 0 0 0 0 0 0 0 0 0 0 0 0 0 0 0 0 0 0 0 0 0 0 0 0 0 0 0 0 0 0 0 0 0 0 0 0 0 0 0 0 0 0 0 0 1 0 0 0 0 0 0 0 0 0 0 0 0 0 0 0 0 0 0 0 0 0 0 0 0 0 0 0]
[1274753863414604822614409442067319800367956344531790622778207739534427204119508048039742585718272533868825707347151348751104987643673858206745458968144744781369655438628545734556895595464858504557789000423913519548701491321475302593024429799837654433278940815878751430533387369109682719527385461740031777037576353076661555154817181 0 0 0 0 0 0 0 0 0 0 0 0 0 0 0 0 0 0 0 0 0 0 0 0 0 0 0 0 0 0 0 0 0 0 0 0 0 0 0 0 0 0 0 0 0 0 0 0 0 0 0 0 0 0 0 0 0 0 0 0 0 0 0 0 0 0 0 0 0 0 0 0 0 0 0 0 0 0 0 0 0 0 1 0 0 0 0 0 0 0 0 0 0 0 0 0 0 0 0 0 0 0 0 0 0 0 0 0 0]
[11280428854898630496687809091965470318882361686723407308280449033225355920933038898230605965787088897112829626850460614126377884258146805800157857150013892715574368845839631368717046163539729080676607993661805256259446668620197591166972689945479408990961885003247093911742450093605582033439984884870125044148850979901868734677835116 0 0 0 0 0 0 0 0 0 0 0 0 0 0 0 0 0 0 0 0 0 0 0 0 0 0 0 0 0 0 0 0 0 0 0 0 0 0 0 0 0 0 0 0 0 0 0 0 0 0 0 0 0 0 0 0 0 0 0 0 0 0 0 0 0 0 0 0 0 0 0 0 0 0 0 0 0 0 0 0 0 0 0 1 0 0 0 0 0 0 0 0 0 0 0 0 0 0 0 0 0 0 0 0 0 0 0 0 0]
[10284312606302486182461807453809665205975928327595951647740311929202546625861313414249823176651915923797672463596406874529382808175868343719320647220207124760591475294668871244607908597277302351138407516731204958505886874568687133178670926363215189607374376714831531341739075179036965202088085530667602579153133773702267484246897570 0 0 0 0 0 0 0 0 0 0 0 0 0 0 0 0 0 0 0 0 0 0 0 0 0 0 0 0 0 0 0 0 0 0 0 0 0 0 0 0 0 0 0 0 0 0 0 0 0 0 0 0 0 0 0 0 0 0 0 0 0 0 0 0 0 0 0 0 0 0 0 0 0 0 0 0 0 0 0 0 0 0 0 0 1 0 0 0 0 0 0 0 0 0 0 0 0 0 0 0 0 0 0 0 0 0 0 0 0]
[7747934336649952584526544281986504680090728765222861262776460077647642691558952775516301964784643119063827330006865836655104574993522798436739819722077217142676678640679486015932349287453383736908389006863593806962045782265704821402985524948365194020866413109939260273917676044601437184027375267059875777357613006195918285025140225 0 0 0 0 0 0 0 0 0 0 0 0 0 0 0 0 0 0 0 0 0 0 0 0 0 0 0 0 0 0 0 0 0 0 0 0 0 0 0 0 0 0 0 0 0 0 0 0 0 0 0 0 0 0 0 0 0 0 0 0 0 0 0 0 0 0 0 0 0 0 0 0 0 0 0 0 0 0 0 0 0 0 0 0 0 1 0 0 0 0 0 0 0 0 0 0 0 0 0 0 0 0 0 0 0 0 0 0 0]
[4097992222847370538915274881913056545886054252174785626051097292702808874084786779209148625147433755440154202896116554755473881086464151379896000837844393756472860842766248524416012770137745455839014192202193411756829234305488628784441305774572212815331805680383988993484821914065070225878403470443015783688023499799468279358898478 0 0 0 0 0 0 0 0 0 0 0 0 0 0 0 0 0 0 0 0 0 0 0 0 0 0 0 0 0 0 0 0 0 0 0 0 0 0 0 0 0 0 0 0 0 0 0 0 0 0 0 0 0 0 0 0 0 0 0 0 0 0 0 0 0 0 0 0 0 0 0 0 0 0 0 0 0 0 0 0 0 0 0 0 0 0 1 0 0 0 0 0 0 0 0 0 0 0 0 0 0 0 0 0 0 0 0 0 0]
[297974480991354648154110327053252626576761543077953085366114632462880941540314459764196853534081653199237322826018515716426646666099677497257732674704001659096891478778028622725937185596258588898084610386824119781531155279702507019638118211846842989988429362376580195440249152906403830429705422456548924938687538135873835432114330 0 0 0 0 0 0 0 0 0 0 0 0 0 0 0 0 0 0 0 0 0 0 0 0 0 0 0 0 0 0 0 0 0 0 0 0 0 0 0 0 0 0 0 0 0 0 0 0 0 0 0 0 0 0 0 0 0 0 0 0 0 0 0 0 0 0 0 0 0 0 0 0 0 0 0 0 0 0 0 0 0 0 0 0 0 0 0 1 0 0 0 0 0 0 0 0 0 0 0 0 0 0 0 0 0 0 0 0 0]
[1164431607055106957482806244271442519289243256012216774358941954291052676718095050784275749504464218944035004825072839025127835647711654290817940170467791152969272918770310292301307562596995884413837639320083568893148835890745645198519521951617612172160447843765465598771818305961954991685224742455946222629479986770298274238935724 0 0 0 0 0 0 0 0 0 0 0 0 0 0 0 0 0 0 0 0 0 0 0 0 0 0 0 0 0 0 0 0 0 0 0 0 0 0 0 0 0 0 0 0 0 0 0 0 0 0 0 0 0 0 0 0 0 0 0 0 0 0 0 0 0 0 0 0 0 0 0 0 0 0 0 0 0 0 0 0 0 0 0 0 0 0 0 0 1 0 0 0 0 0 0 0 0 0 0 0 0 0 0 0 0 0 0 0 0]
[6731106826646579113781322805608482121050992676628879850705506695673420172069416083582127114794966059414248991335203574419679080977535327795911148456941486930939878831188883601620601396057222351992583358832336186565001052078706746398755373986032547284320409484510546345652108696193292069763624337112443602890640031899449455800593131 0 0 0 0 0 0 0 0 0 0 0 0 0 0 0 0 0 0 0 0 0 0 0 0 0 0 0 0 0 0 0 0 0 0 0 0 0 0 0 0 0 0 0 0 0 0 0 0 0 0 0 0 0 0 0 0 0 0 0 0 0 0 0 0 0 0 0 0 0 0 0 0 0 0 0 0 0 0 0 0 0 0 0 0 0 0 0 0 0 1 0 0 0 0 0 0 0 0 0 0 0 0 0 0 0 0 0 0 0]
[8703787613698622029920420829486463376558905302824296148075873890027583311743343681504285551019148872305879285657975336668405691894456137134709149609515515484603647651754074458426541866043729765086110874886686982605313799050709162866458184722245957708199562840444844957740066055277359935060904978538928202768307487881065800824653625 0 0 0 0 0 0 0 0 0 0 0 0 0 0 0 0 0 0 0 0 0 0 0 0 0 0 0 0 0 0 0 0 0 0 0 0 0 0 0 0 0 0 0 0 0 0 0 0 0 0 0 0 0 0 0 0 0 0 0 0 0 0 0 0 0 0 0 0 0 0 0 0 0 0 0 0 0 0 0 0 0 0 0 0 0 0 0 0 0 0 1 0 0 0 0 0 0 0 0 0 0 0 0 0 0 0 0 0 0]
[6693880134137104966343775151245904693856269069091721328630196898169190356855176276722645525108717882325077536171454908408326394587884533436883743679411066110546512798502695457889264751394206849345680484994669696417484255007828234381312308726952739815280499179659276439167734832456307311470081343005581996479801367129115656413070407 0 0 0 0 0 0 0 0 0 0 0 0 0 0 0 0 0 0 0 0 0 0 0 0 0 0 0 0 0 0 0 0 0 0 0 0 0 0 0 0 0 0 0 0 0 0 0 0 0 0 0 0 0 0 0 0 0 0 0 0 0 0 0 0 0 0 0 0 0 0 0 0 0 0 0 0 0 0 0 0 0 0 0 0 0 0 0 0 0 0 0 1 0 0 0 0 0 0 0 0 0 0 0 0 0 0 0 0 0]
[11192678627834550144383958097435024029050144286159607656481318971287830341837375209706413499047028164736276318828519939732766132198005229643102189961831656952693860333474109514020986039522415135223937899556099185828435642694281746950107613205746948913535908864812882804125354955966875870303991970539371532710547975696851646001085067 0 0 0 0 0 0 0 0 0 0 0 0 0 0 0 0 0 0 0 0 0 0 0 0 0 0 0 0 0 0 0 0 0 0 0 0 0 0 0 0 0 0 0 0 0 0 0 0 0 0 0 0 0 0 0 0 0 0 0 0 0 0 0 0 0 0 0 0 0 0 0 0 0 0 0 0 0 0 0 0 0 0 0 0 0 0 0 0 0 0 0 0 1 0 0 0 0 0 0 0 0 0 0 0 0 0 0 0 0]
[10745959663784361746454156713522724359072586537407169258098542165843203900269149824889439220380970277982254050384261930639396883981942073518883056976260409672078416699451148789965795187067101934777164114033690261403459354573908363137632025263165746672990850695329648097296315357783320256281523407589828122722192614667230409527809520 0 0 0 0 0 0 0 0 0 0 0 0 0 0 0 0 0 0 0 0 0 0 0 0 0 0 0 0 0 0 0 0 0 0 0 0 0 0 0 0 0 0 0 0 0 0 0 0 0 0 0 0 0 0 0 0 0 0 0 0 0 0 0 0 0 0 0 0 0 0 0 0 0 0 0 0 0 0 0 0 0 0 0 0 0 0 0 0 0 0 0 0 0 1 0 0 0 0 0 0 0 0 0 0 0 0 0 0 0]
[9102670098005998873849652269682592612804773530962636218326215711536754810674015983242368297730222282392236953384605103362675245888219929289153496393029619815040397711173309163005331052056838501173583012332301405404239972555926703691150267171683941454324935392676751199544787015029336660599823604217097166206940488834715429316047776 0 0 0 0 0 0 0 0 0 0 0 0 0 0 0 0 0 0 0 0 0 0 0 0 0 0 0 0 0 0 0 0 0 0 0 0 0 0 0 0 0 0 0 0 0 0 0 0 0 0 0 0 0 0 0 0 0 0 0 0 0 0 0 0 0 0 0 0 0 0 0 0 0 0 0 0 0 0 0 0 0 0 0 0 0 0 0 0 0 0 0 0 0 0 1 0 0 0 0 0 0 0 0 0 0 0 0 0 0]
[1720985915369320260663206808104235429673675760442314092645002006195968867679858975638543321155775116735121616832908691233650199744584979335233854674503908187453160033326787214425596834081524383865383135208193508391487506402506158259804488642826865421153183156590686123409924677021100598486531701788323143457202241452760332217317028 0 0 0 0 0 0 0 0 0 0 0 0 0 0 0 0 0 0 0 0 0 0 0 0 0 0 0 0 0 0 0 0 0 0 0 0 0 0 0 0 0 0 0 0 0 0 0 0 0 0 0 0 0 0 0 0 0 0 0 0 0 0 0 0 0 0 0 0 0 0 0 0 0 0 0 0 0 0 0 0 0 0 0 0 0 0 0 0 0 0 0 0 0 0 0 1 0 0 0 0 0 0 0 0 0 0 0 0 0]
[5314835315306680202694384685633015783764016324903175945085477910416023018118421449339575949469928477774008580791607401273004806289607542198859507952217878902569816977094378110259431419488873698007343955907327702243640527782054219225044638233413007211759871045047986968000327825640001386010319206978348031762561828070048332518925319 0 0 0 0 0 0 0 0 0 0 0 0 0 0 0 0 0 0 0 0 0 0 0 0 0 0 0 0 0 0 0 0 0 0 0 0 0 0 0 0 0 0 0 0 0 0 0 0 0 0 0 0 0 0 0 0 0 0 0 0 0 0 0 0 0 0 0 0 0 0 0 0 0 0 0 0 0 0 0 0 0 0 0 0 0 0 0 0 0 0 0 0 0 0 0 0 1 0 0 0 0 0 0 0 0 0 0 0 0]
[4037771289373454804100417159862899453530680375666184165882820067103753352832107293609426705889686182614478285591749743872784573945712880207902067360685021403417576665724290705181980102582235561123125898301946359438127725395070261702550026196366765194571308128525309691018656770754638770115480931268492251759061906406984675790974229 0 0 0 0 0 0 0 0 0 0 0 0 0 0 0 0 0 0 0 0 0 0 0 0 0 0 0 0 0 0 0 0 0 0 0 0 0 0 0 0 0 0 0 0 0 0 0 0 0 0 0 0 0 0 0 0 0 0 0 0 0 0 0 0 0 0 0 0 0 0 0 0 0 0 0 0 0 0 0 0 0 0 0 0 0 0 0 0 0 0 0 0 0 0 0 0 0 1 0 0 0 0 0 0 0 0 0 0 0]
[10304971630493059374520843595053601890548774316952447134417724429701165450705086390515899374820431086844065290456227640186087087593377180973120464563196936252120008614742459274631893500465116087499452630979849637589516658312944758993893862175475626405675569797011750554193956427541237189161502216737872819781432771409250290135027435 0 0 0 0 0 0 0 0 0 0 0 0 0 0 0 0 0 0 0 0 0 0 0 0 0 0 0 0 0 0 0 0 0 0 0 0 0 0 0 0 0 0 0 0 0 0 0 0 0 0 0 0 0 0 0 0 0 0 0 0 0 0 0 0 0 0 0 0 0 0 0 0 0 0 0 0 0 0 0 0 0 0 0 0 0 0 0 0 0 0 0 0 0 0 0 0 0 0 1 0 0 0 0 0 0 0 0 0 0]
[4073979769712899877561479749261008938396474007840384435505209197236484920162755784051821589326611203355334610367609108135497691556229326250371407218972783631740352896045494179449425288681382772566960249454835250394172399205237885288924237507348311603566678531487639028516072619913021731777402270882974581526988695680321562218356704 0 0 0 0 0 0 0 0 0 0 0 0 0 0 0 0 0 0 0 0 0 0 0 0 0 0 0 0 0 0 0 0 0 0 0 0 0 0 0 0 0 0 0 0 0 0 0 0 0 0 0 0 0 0 0 0 0 0 0 0 0 0 0 0 0 0 0 0 0 0 0 0 0 0 0 0 0 0 0 0 0 0 0 0 0 0 0 0 0 0 0 0 0 0 0 0 0 0 0 1 0 0 0 0 0 0 0 0 0]
[6915907439415867653605939066745148358470168736787322004295414671574300649444191589763314999066457667858724211417683287496998042271835652057318526044592115126716938017349779907098213554375325554302736641982696259699370050499847774871770022023544943855828473992381990916850756274961214537240973468221377000407103869590036473679097663 0 0 0 0 0 0 0 0 0 0 0 0 0 0 0 0 0 0 0 0 0 0 0 0 0 0 0 0 0 0 0 0 0 0 0 0 0 0 0 0 0 0 0 0 0 0 0 0 0 0 0 0 0 0 0 0 0 0 0 0 0 0 0 0 0 0 0 0 0 0 0 0 0 0 0 0 0 0 0 0 0 0 0 0 0 0 0 0 0 0 0 0 0 0 0 0 0 0 0 0 1 0 0 0 0 0 0 0 0]
[10102122931987965206606049783117204156264135211539955106327595967705887401930706764379776466006750472772242099505772723902275082445635417302014825482058616442222818627362418138195131439619864426349136415086773346825433132990910142156626079259645204990227303894757387535601587609901288968296940060725368647820823393430321221092887427 0 0 0 0 0 0 0 0 0 0 0 0 0 0 0 0 0 0 0 0 0 0 0 0 0 0 0 0 0 0 0 0 0 0 0 0 0 0 0 0 0 0 0 0 0 0 0 0 0 0 0 0 0 0 0 0 0 0 0 0 0 0 0 0 0 0 0 0 0 0 0 0 0 0 0 0 0 0 0 0 0 0 0 0 0 0 0 0 0 0 0 0 0 0 0 0 0 0 0 0 0 1 0 0 0 0 0 0 0]
[4292439923732042032076109537585707426172405268010953257294605344676283747812310920675950240732565262790141215924230325032312907316966637494622866671726317244107857890569541009346905925272527419821047096413601122853450354757832533012420053003976932058973795169516266945921217517802953980905950235041098305453051990943085414227699218 0 0 0 0 0 0 0 0 0 0 0 0 0 0 0 0 0 0 0 0 0 0 0 0 0 0 0 0 0 0 0 0 0 0 0 0 0 0 0 0 0 0 0 0 0 0 0 0 0 0 0 0 0 0 0 0 0 0 0 0 0 0 0 0 0 0 0 0 0 0 0 0 0 0 0 0 0 0 0 0 0 0 0 0 0 0 0 0 0 0 0 0 0 0 0 0 0 0 0 0 0 0 1 0 0 0 0 0 0]
[9866824883241162323568811719202337350154917452042499269481516895125772336004207505844726016772001024804065523316131233225113775121013057179878518659579548502809961282766502100980360327868844084898528875182794969565740430927516860436711841951521947054711604178786437195211793132437207408003761209883481870246396683508174307987936100 0 0 0 0 0 0 0 0 0 0 0 0 0 0 0 0 0 0 0 0 0 0 0 0 0 0 0 0 0 0 0 0 0 0 0 0 0 0 0 0 0 0 0 0 0 0 0 0 0 0 0 0 0 0 0 0 0 0 0 0 0 0 0 0 0 0 0 0 0 0 0 0 0 0 0 0 0 0 0 0 0 0 0 0 0 0 0 0 0 0 0 0 0 0 0 0 0 0 0 0 0 0 0 1 0 0 0 0 0]
[888532963997105034531954929106269740303194630590755716520420288422759824005901463039371011712893287622159083876034664081623497321790828845041058563373104120039549688493496831333430408574345412514894330767039894923737875951432235693081729562260715396144364990283767947604309330090153330597607697731665168889308801367835874165801520 0 0 0 0 0 0 0 0 0 0 0 0 0 0 0 0 0 0 0 0 0 0 0 0 0 0 0 0 0 0 0 0 0 0 0 0 0 0 0 0 0 0 0 0 0 0 0 0 0 0 0 0 0 0 0 0 0 0 0 0 0 0 0 0 0 0 0 0 0 0 0 0 0 0 0 0 0 0 0 0 0 0 0 0 0 0 0 0 0 0 0 0 0 0 0 0 0 0 0 0 0 0 0 0 1 0 0 0 0]
[8657682084298064247893589472670419168135812018199458570150207284362279970619981658746225767218060259020640330174041023195870976333484936415438925565443585478734723107917335575331538555392852272784910695382678869776884871461871500391722326162052027302759385620829649014881180652414058412500007610339091234756647629283384473443415130 0 0 0 0 0 0 0 0 0 0 0 0 0 0 0 0 0 0 0 0 0 0 0 0 0 0 0 0 0 0 0 0 0 0 0 0 0 0 0 0 0 0 0 0 0 0 0 0 0 0 0 0 0 0 0 0 0 0 0 0 0 0 0 0 0 0 0 0 0 0 0 0 0 0 0 0 0 0 0 0 0 0 0 0 0 0 0 0 0 0 0 0 0 0 0 0 0 0 0 0 0 0 0 0 0 1 0 0 0]
[10129439749618899685166727390980496737557466607513107655671236204982478103634233259743652057415230192287541520322897879394780435274204398312242183193349959168006511770587097155298663332439823331542506937149939904097524841529028948398815065725327319551524821754336474802530319276150927862902212047889259039562944380911134136000265400 0 0 0 0 0 0 0 0 0 0 0 0 0 0 0 0 0 0 0 0 0 0 0 0 0 0 0 0 0 0 0 0 0 0 0 0 0 0 0 0 0 0 0 0 0 0 0 0 0 0 0 0 0 0 0 0 0 0 0 0 0 0 0 0 0 0 0 0 0 0 0 0 0 0 0 0 0 0 0 0 0 0 0 0 0 0 0 0 0 0 0 0 0 0 0 0 0 0 0 0 0 0 0 0 0 0 1 0 0]
[8483356613329195123585253492842622868683161491046787100211033384586324311826656789321971434065592085755797755987503981399529411793718244032976193317108311992034829370669036366601184492868924138639245337655754187951629326425316280000010490631145966389197807422173974072925326019986499871922348328385061101766943442556427092814975442 0 0 0 0 0 0 0 0 0 0 0 0 0 0 0 0 0 0 0 0 0 0 0 0 0 0 0 0 0 0 0 0 0 0 0 0 0 0 0 0 0 0 0 0 0 0 0 0 0 0 0 0 0 0 0 0 0 0 0 0 0 0 0 0 0 0 0 0 0 0 0 0 0 0 0 0 0 0 0 0 0 0 0 0 0 0 0 0 0 0 0 0 0 0 0 0 0 0 0 0 0 0 0 0 0 0 0 1 0]
[7058130636454849506103612403572179247336680397411797671612362752816379367492012735048713093947373654307554377514161439110718714988030189938897539565574079707039150259936872273191212198099961673486102426496671121232459439961338916952685893834331810441621837591362792740016142663069449292524508690259689484786406249383493134014194443 0 0 0 0 0 0 0 0 0 0 0 0 0 0 0 0 0 0 0 0 0 0 0 0 0 0 0 0 0 0 0 0 0 0 0 0 0 0 0 0 0 0 0 0 0 0 0 0 0 0 0 0 0 0 0 0 0 0 0 0 0 0 0 0 0 0 0 0 0 0 0 0 0 0 0 0 0 0 0 0 0 0 0 0 0 0 0 0 0 0 0 0 0 0 0 0 0 0 0 0 0 0 0 0 0 0 0 0 1]
]
