[[7623633478184302018963679643722349808359727910328994512327665660465497422101865308196073337335397823756080515040727850300251402711951086709919899507774794936039711794074143870231683123517942788667536059589167012312307000423126304578109983007969347189244571054618504973360685675845556723083945239410427366908628992202317742634198061 0 0 0 0 0 0 0 0 0 0 0 0 0 0 0 0 0 0 0 0 0 0 0 0 0 0 0 0 0 0 0 0 0 0 0 0 0 0 0 0 0 0 0 0 0 0 0 0 0 0 0 0 0 0 0 0 0 0 0 0 0 0 0 0 0 0 0 0 0 0 0 0 0 0 0 0 0 0 0 0 0 0 0 0 0 0 0 0 0 0 0 0 0 0 0 0 0 0 0 0 0 0 0 0 0 0 0 0 0]
[1537009171558978915255707366557628573279971284797383022563593417596405149404979371927948271881949996575099336944860369642700307607065840270535102659411630735545950719074280798251348398633106467715316649114393247786241377916036711962135848246552001594414332467143027125268552141899848338535409918980475086470526612229997045176418299 1 0 0 0 0 0 0 0 0 0 0 0 0 0 0 0 0 0 0 0 0 0 0 0 0 0 0 0 0 0 0 0 0 0 0 0 0 0 0 0 0 0 0 0 0 0 0 0 0 0 0 0 0 0 0 0 0 0 0 0 0 0 0 0 0 0 0 0 0 0 0 0 0 0 0 0 0 0 0 0 0 0 0 0 0 0 0 0 0 0 0 0 0 0 0 0 0 0 0 0 0 0 0 0 0 0 0 0 0]
[3777775691357590223539094291832992920620705645330721987772433574617110618731674849307827756543785107967866614587875213187607968798246168432719289112179216263255646660532063308761324608409211456775560069033134762580459556527451764313873372974062929366318322028885619582922942315145170050722144016014357024541226434938577321861023136 0 1 0 0 0 0 0 0 0 0 0 0 0 0 0 0 0 0 0 0 0 0 0 0 0 0 0 0 0 0 0 0 0 0 0 0 0 0 0 0 0 0 0 0 0 0 0 0 0 0 0 0 0 0 0 0 0 0 0 0 0 0 0 0 0 0 0 0 0 0 0 0 0 0 0 0 0 0 0 0 0 0 0 0 0 0 0 0 0 0 0 0 0 0 0 0 0 0 0 0 0 0 0 0 0 0 0 0 0]
[1457535183134131373245595189696145554742912264642229117664659591260587216612871531765991062491470183990305169529328298460919877982844837061393038472174286712936342477720025948316999149138998093893589355528594963667341606962733664072777510362662991472166555338438710182887333001461128535254197461381408861655157107426718794499594860 0 0 1 0 0 0 0 0 0 0 0 0 0 0 0 0 0 0 0 0 0 0 0 0 0 0 0 0 0 0 0 0 0 0 0 0 0 0 0 0 0 0 0 0 0 0 0 0 0 0 0 0 0 0 0 0 0 0 0 0 0 0 0 0 0 0 0 0 0 0 0 0 0 0 0 0 0 0 0 0 0 0 0 0 0 0 0 0 0 0 0 0 0 0 0 0 0 0 0 0 0 0 0 0 0 0 0 0 0]
[1265023804334656917225558633666328439050216784949131174079921528924211012481847721277903832745450842515528776680783899151338966357772463056057097904554537063942201042581336997202703964159046636108180896273053087376057926715651702427597618579696019358676313799032764142059360118723362306179890764478873169747127845866551726993054607 0 0 0 1 0 0 0 0 0 0 0 0 0 0 0 0 0 0 0 0 0 0 0 0 0 0 0 0 0 0 0 0 0 0 0 0 0 0 0 0 0 0 0 0 0 0 0 0 0 0 0 0 0 0 0 0 0 0 0 0 0 0 0 0 0 0 0 0 0 0 0 0 0 0 0 0 0 0 0 0 0 0 0 0 0 0 0 0 0 0 0 0 0 0 0 0 0 0 0 0 0 0 0 0 0 0 0 0 0]
[5672832504399723699749867299080960570705314178248931398672134810344483030004257827857538203606555676730533046289782723794216988778757605386175612837212798001201993337993662025492083195169541003600828293127238063840784529273903535811257272189644244106841617453665803907154385001988952837202679875667499696441928062494886594175723619 0 0 0 0 1 0 0 0 0 0 0 0 0 0 0 0 0 0 0 0 0 0 0 0 0 0 0 0 0 0 0 0 0 0 0 0 0 0 0 0 0 0 0 0 0 0 0 0 0 0 0 0 0 0 0 0 0 0 0 0 0 0 0 0 0 0 0 0 0 0 0 0 0 0 0 0 0 0 0 0 0 0 0 0 0 0 0 0 0 0 0 0 0 0 0 0 0 0 0 0 0 0 0 0 0 0 0 0 0]
[4736019959903132560491336180478312748269143030790381072201907953355704585126237742229591183850048947644568434701143469545134742734063766830421678011828569778850308266165941951159288299770220910688966201513186803417349462336389838858129480450934183421282143696141966160717595100530623258069864669214119522174916936374628542113821305 0 0 0 0 0 1 0 0 0 0 0 0 0 0 0 0 0 0 0 0 0 0 0 0 0 0 0 0 0 0 0 0 0 0 0 0 0 0 0 0 0 0 0 0 0 0 0 0 0 0 0 0 0 0 0 0 0 0 0 0 0 0 0 0 0 0 0 0 0 0 0 0 0 0 0 0 0 0 0 0 0 0 0 0 0 0 0 0 0 0 0 0 0 0 0 0 0 0 0 0 0 0 0 0 0 0 0 0 0]
[2875623508975006227731672607191818249379626976738986175055816089610192838729095345049990469660078142337489243187782177407654385646777240350254009214170556897507309390090511621440128774109957980203758370536006859838732711808205438252949230642956407470676966459936843302720799501329448540228942405696443740535538134649560465632950916 0 0 0 0 0 0 1 0 0 0 0 0 0 0 0 0 0 0 0 0 0 0 0 0 0 0 0 0 0 0 0 0 0 0 0 0 0 0 0 0 0 0 0 0 0 0 0 0 0 0 0 0 0 0 0 0 0 0 0 0 0 0 0 0 0 0 0 0 0 0 0 0 0 0 0 0 0 0 0 0 0 0 0 0 0 0 0 0 0 0 0 0 0 0 0 0 0 0 0 0 0 0 0 0 0 0 0 0 0]
[2146769624112247268547380642022703525473650495511051681506658788739099361936784139086625355435020528673376527433143537372362294343650269109110706698664588279702540303609861807707057085049266152120081921572776479225736870281250731685291445565027962228565247403620356039526100702857151879579722136211508648316243907503094616187526355 0 0 0 0 0 0 0 1 0 0 0 0 0 0 0 0 0 0 0 0 0 0 0 0 0 0 0 0 0 0 0 0 0 0 0 0 0 0 0 0 0 0 0 0 0 0 0 0 0 0 0 0 0 0 0 0 0 0 0 0 0 0 0 0 0 0 0 0 0 0 0 0 0 0 0 0 0 0 0 0 0 0 0 0 0 0 0 0 0 0 0 0 0 0 0 0 0 0 0 0 0 0 0 0 0 0 0 0 0]
[3133483280605717079340549615230151182300593337126211402095965783262226323494096596325129990499363742351494933259552968304061494945960928640515615351657495799220227009104668581325480278597222046801208700267212997875521754843130561373956952158883483677865844283748992581453439126586751725593353979105024253170803761589371155377027875 0 0 0 0 0 0 0 0 1 0 0 0 0 0 0 0 0 0 0 0 0 0 0 0 0 0 0 0 0 0 0 0 0 0 0 0 0 0 0 0 0 0 0 0 0 0 0 0 0 0 0 0 0 0 0 0 0 0 0 0 0 0 0 0 0 0 0 0 0 0 0 0 0 0 0 0 0 0 0 0 0 0 0 0 0 0 0 0 0 0 0 0 0 0 0 0 0 0 0 0 0 0 0 0 0 0 0 0 0]
[6524932157075268096069338200681059951674253669568712803330993421763457963810781510261050151139228848449123032908186163241256509036723111032935457606161506970361541389974699017791253373083750545606222727753330399225139266744587378988165723857384593705415761280174004066272906317273586235282856823977237232513619806399323392665855501 0 0 0 0 0 0 0 0 0 1 0 0 0 0 0 0 0 0 0 0 0 0 0 0 0 0 0 0 0 0 0 0 0 0 0 0 0 0 0 0 0 0 0 0 0 0 0 0 0 0 0 0 0 0 0 0 0 0 0 0 0 0 0 0 0 0 0 0 0 0 0 0 0 0 0 0 0 0 0 0 0 0 0 0 0 0 0 0 0 0 0 0 0 0 0 0 0 0 0 0 0 0 0 0 0 0 0 0 0]
[2355743897975931029109134493311808442752320039925012187815239153975793002497675496869198305995965541063617033223772681825039998807336777711745131857495906794286167133632008557473595819566429167552198183263183498797489067334123921518597406117742964214086404450681333727018315220424845496903333468325413033853862042975632205827616492 0 0 0 0 0 0 0 0 0 0 1 0 0 0 0 0 0 0 0 0 0 0 0 0 0 0 0 0 0 0 0 0 0 0 0 0 0 0 0 0 0 0 0 0 0 0 0 0 0 0 0 0 0 0 0 0 0 0 0 0 0 0 0 0 0 0 0 0 0 0 0 0 0 0 0 0 0 0 0 0 0 0 0 0 0 0 0 0 0 0 0 0 0 0 0 0 0 0 0 0 0 0 0 0 0 0 0 0 0]
[4908719089384601898435538197190073450820383411820127762032409451039325036836860890730187050927552955469618055359443715124392670852676122687402637883512690021434098237051647865349703905670388265536109609803045744732648341239933443038809457471821040997750887835031607387178340099402045162292661274114509810294017912764993559771565722 0 0 0 0 0 0 0 0 0 0 0 1 0 0 0 0 0 0 0 0 0 0 0 0 0 0 0 0 0 0 0 0 0 0 0 0 0 0 0 0 0 0 0 0 0 0 0 0 0 0 0 0 0 0 0 0 0 0 0 0 0 0 0 0 0 0 0 0 0 0 0 0 0 0 0 0 0 0 0 0 0 0 0 0 0 0 0 0 0 0 0 0 0 0 0 0 0 0 0 0 0 0 0 0 0 0 0 0 0]
[5611273925251734295488581922967466199436751190309155061692631688693772914411087343369315863026276007719986637056646245278189960557056915020789038774274375667333458011696361262280920703509309966047238232992673233793327408640035538554033786037755342140188200946881687177847993227863992082674676018454583506798887540206829816074354570 0 0 0 0 0 0 0 0 0 0 0 0 1 0 0 0 0 0 0 0 0 0 0 0 0 0 0 0 0 0 0 0 0 0 0 0 0 0 0 0 0 0 0 0 0 0 0 0 0 0 0 0 0 0 0 0 0 0 0 0 0 0 0 0 0 0 0 0 0 0 0 0 0 0 0 0 0 0 0 0 0 0 0 0 0 0 0 0 0 0 0 0 0 0 0 0 0 0 0 0 0 0 0 0 0 0 0 0 0]
[2614987122913072347612601127662440366376975535631094997675693560155619340450918080605161883791577419682122504479519570052114522011344331111156427764290962115571339364723173052631583323606364645746828478797418127180908423237499428704213462330127134203728169413603259493763082615313762964050927783324439624253084129265789713454676991 0 0 0 0 0 0 0 0 0 0 0 0 0 1 0 0 0 0 0 0 0 0 0 0 0 0 0 0 0 0 0 0 0 0 0 0 0 0 0 0 0 0 0 0 0 0 0 0 0 0 0 0 0 0 0 0 0 0 0 0 0 0 0 0 0 0 0 0 0 0 0 0 0 0 0 0 0 0 0 0 0 0 0 0 0 0 0 0 0 0 0 0 0 0 0 0 0 0 0 0 0 0 0 0 0 0 0 0 0]
[3585076376419462625493925199778677978316461101737435194591256306594048066083244246030769590807671762836337980275813878244365611965006147227070086599499783332141416091830775308161497335248640550963112665124199771721213914615922618778501830243066007703673084889376408912509438323181130783731133780487324692095454912462736673868960098 0 0 0 0 0 0 0 0 0 0 0 0 0 0 1 0 0 0 0 0 0 0 0 0 0 0 0 0 0 0 0 0 0 0 0 0 0 0 0 0 0 0 0 0 0 0 0 0 0 0 0 0 0 0 0 0 0 0 0 0 0 0 0 0 0 0 0 0 0 0 0 0 0 0 0 0 0 0 0 0 0 0 0 0 0 0 0 0 0 0 0 0 0 0 0 0 0 0 0 0 0 0 0 0 0 0 0 0 0]
[3760432304046243130450298759554438755013865905147149615050700536754223604868268565950145741815471058926904032880064104281072167350893459757958569383504721566436895294602425198353507728815893457984516172016462784971664918487852249998867569360329433837490541534575049450351915983145278804532434449430366222903724874709420682327886783 0 0 0 0 0 0 0 0 0 0 0 0 0 0 0 1 0 0 0 0 0 0 0 0 0 0 0 0 0 0 0 0 0 0 0 0 0 0 0 0 0 0 0 0 0 0 0 0 0 0 0 0 0 0 0 0 0 0 0 0 0 0 0 0 0 0 0 0 0 0 0 0 0 0 0 0 0 0 0 0 0 0 0 0 0 0 0 0 0 0 0 0 0 0 0 0 0 0 0 0 0 0 0 0 0 0 0 0 0]
[1860790484373897973152017761714701364578626780427489099145654371021579902242798137695251217718570406183325525700915788887438997800070432318664955923449354667154782653833817320699693702726752236123804688257386717856179863843898236041369670394081723202354585667643720375328920164461503168690486823621776439424340213245419869529423828 0 0 0 0 0 0 0 0 0 0 0 0 0 0 0 0 1 0 0 0 0 0 0 0 0 0 0 0 0 0 0 0 0 0 0 0 0 0 0 0 0 0 0 0 0 0 0 0 0 0 0 0 0 0 0 0 0 0 0 0 0 0 0 0 0 0 0 0 0 0 0 0 0 0 0 0 0 0 0 0 0 0 0 0 0 0 0 0 0 0 0 0 0 0 0 0 0 0 0 0 0 0 0 0 0 0 0 0 0]
[1933438748665082872234709473592174000860303686126143465795445372419611132568262205855431040679112612006120496451074787760022488573790028088697143150736007737902800269936602750901203661374181250174100574102979501546103156822677551140158903458832499617246052069642981811751122149344686827959974371139179803456781302114137355208665362 0 0 0 0 0 0 0 0 0 0 0 0 0 0 0 0 0 1 0 0 0 0 0 0 0 0 0 0 0 0 0 0 0 0 0 0 0 0 0 0 0 0 0 0 0 0 0 0 0 0 0 0 0 0 0 0 0 0 0 0 0 0 0 0 0 0 0 0 0 0 0 0 0 0 0 0 0 0 0 0 0 0 0 0 0 0 0 0 0 0 0 0 0 0 0 0 0 0 0 0 0 0 0 0 0 0 0 0 0]
[2974718054491611981178049512992831841970934348582076683094831330527907836780361644294108659489938642089589379785629632384056475054476653831562886032197280277168154043330364662380913476376902909569791313115633543945656214682447719957498372072611119220376287735540330925652595686798912032593596612107688718817161807097351082675486230 0 0 0 0 0 0 0 0 0 0 0 0 0 0 0 0 0 0 1 0 0 0 0 0 0 0 0 0 0 0 0 0 0 0 0 0 0 0 0 0 0 0 0 0 0 0 0 0 0 0 0 0 0 0 0 0 0 0 0 0 0 0 0 0 0 0 0 0 0 0 0 0 0 0 0 0 0 0 0 0 0 0 0 0 0 0 0 0 0 0 0 0 0 0 0 0 0 0 0 0 0 0 0 0 0 0 0 0 0]
[2475385596176653010858533012450474697139410649994044697318460653504794810739984561524204536023233395017701063508099538164921085181755651939750008521755241321097238141935642332572503921016616796061895065335928277045908934843940897109513842191412436498385528870364628890163950032533717835930486385449499007286936599044031950498959621 0 0 0 0 0 0 0 0 0 0 0 0 0 0 0 0 0 0 0 1 0 0 0 0 0 0 0 0 0 0 0 0 0 0 0 0 0 0 0 0 0 0 0 0 0 0 0 0 0 0 0 0 0 0 0 0 0 0 0 0 0 0 0 0 0 0 0 0 0 0 0 0 0 0 0 0 0 0 0 0 0 0 0 0 0 0 0 0 0 0 0 0 0 0 0 0 0 0 0 0 0 0 0 0 0 0 0 0 0]
[7079518177789757759833199926849523058872317858991343620094855235655680710244418781141444973029320587442353487222950509617883713163439063499744592256276427255230830725785060587127901438896639374184005531948478364140533136821571384914971698167173841594410900635868826534955013600280280487870740091625197449738524665480921090373474722 0 0 0 0 0 0 0 0 0 0 0 0 0 0 0 0 0 0 0 0 1 0 0 0 0 0 0 0 0 0 0 0 0 0 0 0 0 0 0 0 0 0 0 0 0 0 0 0 0 0 0 0 0 0 0 0 0 0 0 0 0 0 0 0 0 0 0 0 0 0 0 0 0 0 0 0 0 0 0 0 0 0 0 0 0 0 0 0 0 0 0 0 0 0 0 0 0 0 0 0 0 0 0 0 0 0 0 0 0]
[4946148733769310095443400329648885788842742370317550079296505507938890608217270097677534810879252424080402063011457972521653791953901880730286476023351007521782582921341964408438283268042071846415052822723173363708649467307846002706949608890499173437089937545781479494729766263024849283628937491798096287709356443525535103898520644 0 0 0 0 0 0 0 0 0 0 0 0 0 0 0 0 0 0 0 0 0 1 0 0 0 0 0 0 0 0 0 0 0 0 0 0 0 0 0 0 0 0 0 0 0 0 0 0 0 0 0 0 0 0 0 0 0 0 0 0 0 0 0 0 0 0 0 0 0 0 0 0 0 0 0 0 0 0 0 0 0 0 0 0 0 0 0 0 0 0 0 0 0 0 0 0 0 0 0 0 0 0 0 0 0 0 0 0 0]
[3783430917793877497943133611356396053162310005370202819083414051501406260684708707410710637562746137844401418199997069023731224257942872078343633721952832095914550041925857947928564139529290092424327910332361349053496847061194313518051436814791934335874436892260127330842012815599530696333206730111008527516022730456506578779307563 0 0 0 0 0 0 0 0 0 0 0 0 0 0 0 0 0 0 0 0 0 0 1 0 0 0 0 0 0 0 0 0 0 0 0 0 0 0 0 0 0 0 0 0 0 0 0 0 0 0 0 0 0 0 0 0 0 0 0 0 0 0 0 0 0 0 0 0 0 0 0 0 0 0 0 0 0 0 0 0 0 0 0 0 0 0 0 0 0 0 0 0 0 0 0 0 0 0 0 0 0 0 0 0 0 0 0 0 0]
[6927896832012488784931757333701358794840131732302186755966953918874354338149955731090892914828560260835459382474176035263331152899542859143144186404612747511124683939434965169347060330532884980394576143416181128151688345789141363076594541727541073886294793876737658365112541543866318545159642679783729179552659490138630621098536972 0 0 0 0 0 0 0 0 0 0 0 0 0 0 0 0 0 0 0 0 0 0 0 1 0 0 0 0 0 0 0 0 0 0 0 0 0 0 0 0 0 0 0 0 0 0 0 0 0 0 0 0 0 0 0 0 0 0 0 0 0 0 0 0 0 0 0 0 0 0 0 0 0 0 0 0 0 0 0 0 0 0 0 0 0 0 0 0 0 0 0 0 0 0 0 0 0 0 0 0 0 0 0 0 0 0 0 0 0]
[5045780731136712167866271721698102880543187839275362229103720389707918526760354195986927319292350903663898360369535590978734643340236510595724345988040239525949922175242902569528173091622230066666566499825733139730522179282812942273778573542765241759907634977285708668535494128705914938938985188692350425742415740273968536934399495 0 0 0 0 0 0 0 0 0 0 0 0 0 0 0 0 0 0 0 0 0 0 0 0 1 0 0 0 0 0 0 0 0 0 0 0 0 0 0 0 0 0 0 0 0 0 0 0 0 0 0 0 0 0 0 0 0 0 0 0 0 0 0 0 0 0 0 0 0 0 0 0 0 0 0 0 0 0 0 0 0 0 0 0 0 0 0 0 0 0 0 0 0 0 0 0 0 0 0 0 0 0 0 0 0 0 0 0 0]
[5718692516127600692401904221681506713785516392909654025101617504008525370906662339885809990298326199077948806583365834979075226492416002423177382983196418737887629485777641798297391942784425651299981258110240868221359506595897436904023759406175977299385030881321127879652757457199219494950281478271409461012039199405262910528615065 0 0 0 0 0 0 0 0 0 0 0 0 0 0 0 0 0 0 0 0 0 0 0 0 0 1 0 0 0 0 0 0 0 0 0 0 0 0 0 0 0 0 0 0 0 0 0 0 0 0 0 0 0 0 0 0 0 0 0 0 0 0 0 0 0 0 0 0 0 0 0 0 0 0 0 0 0 0 0 0 0 0 0 0 0 0 0 0 0 0 0 0 0 0 0 0 0 0 0 0 0 0 0 0 0 0 0 0 0]
[6766354005469764495938198640479330566052308306935095907229268971760442930346350325197287657034673904135566025767966645729328707196607622853415403174902105379760756987030535821727174216675534982922143360537554446874434161245734175131529047296951061852383930065949801300032897240889416735150369444607877418454585486855671771392681583 0 0 0 0 0 0 0 0 0 0 0 0 0 0 0 0 0 0 0 0 0 0 0 0 0 0 1 0 0 0 0 0 0 0 0 0 0 0 0 0 0 0 0 0 0 0 0 0 0 0 0 0 0 0 0 0 0 0 0 0 0 0 0 0 0 0 0 0 0 0 0 0 0 0 0 0 0 0 0 0 0 0 0 0 0 0 0 0 0 0 0 0 0 0 0 0 0 0 0 0 0 0 0 0 0 0 0 0 0]
[779046628067497212026315783887113611830862001125030193676572861069946597441139951557923466180781984737020129854494233310352165647721431576620940490089451061100451949966856654812746565033449818211198190319608583909956306608981312867142532013677856535300455969554464942307198798922938688031540964855962214566459698820118686108510405 0 0 0 0 0 0 0 0 0 0 0 0 0 0 0 0 0 0 0 0 0 0 0 0 0 0 0 1 0 0 0 0 0 0 0 0 0 0 0 0 0 0 0 0 0 0 0 0 0 0 0 0 0 0 0 0 0 0 0 0 0 0 0 0 0 0 0 0 0 0 0 0 0 0 0 0 0 0 0 0 0 0 0 0 0 0 0 0 0 0 0 0 0 0 0 0 0 0 0 0 0 0 0 0 0 0 0 0 0]
[3083189495446901258819752186138651320765754725802005084017026046784828944098335383165222429934470122042768495696346690810199725426245543233389461222394497294019375060286260762801237964593157433932728520599334626504182187899046589718600185282494332873065826822058272768244347635852463101971990677207836077816713578616383928372672719 0 0 0 0 0 0 0 0 0 0 0 0 0 0 0 0 0 0 0 0 0 0 0 0 0 0 0 0 1 0 0 0 0 0 0 0 0 0 0 0 0 0 0 0 0 0 0 0 0 0 0 0 0 0 0 0 0 0 0 0 0 0 0 0 0 0 0 0 0 0 0 0 0 0 0 0 0 0 0 0 0 0 0 0 0 0 0 0 0 0 0 0 0 0 0 0 0 0 0 0 0 0 0 0 0 0 0 0 0]
[3411367797672383137542300295284928113236719852223967410737299601397002441386853784469615961046223748573698026680018389808224474498026071029117012550304926713526917643366254050949698112523515381419980220862367114499639252951988632957776471425719907480457607084678825027770382168642060580766473500609176731871478858775381843299261115 0 0 0 0 0 0 0 0 0 0 0 0 0 0 0 0 0 0 0 0 0 0 0 0 0 0 0 0 0 1 0 0 0 0 0 0 0 0 0 0 0 0 0 0 0 0 0 0 0 0 0 0 0 0 0 0 0 0 0 0 0 0 0 0 0 0 0 0 0 0 0 0 0 0 0 0 0 0 0 0 0 0 0 0 0 0 0 0 0 0 0 0 0 0 0 0 0 0 0 0 0 0 0 0 0 0 0 0 0]
[4053975406899010226875253497737398791756390858961443789686751174458969419954787162368529164353961924853200835082178427031496907832770390378026867093893542329935862524681824273890582729856210245280662823242829772100660948336165439378712941063386320637063078153186065797183887843295107458327531589576459133457717158621484496302592900 0 0 0 0 0 0 0 0 0 0 0 0 0 0 0 0 0 0 0 0 0 0 0 0 0 0 0 0 0 0 1 0 0 0 0 0 0 0 0 0 0 0 0 0 0 0 0 0 0 0 0 0 0 0 0 0 0 0 0 0 0 0 0 0 0 0 0 0 0 0 0 0 0 0 0 0 0 0 0 0 0 0 0 0 0 0 0 0 0 0 0 0 0 0 0 0 0 0 0 0 0 0 0 0 0 0 0 0 0]
[6927489864408113294488755509479685962625962880759188864446388280107206664262069549434659940246014695527340628081449566610948686734409028781680871240860252181177553870841702629895043877457569433039115117005637125587867700757133431306681184679576680208180543524510060595428361300012755041141039669030910500087661768547341353890409139 0 0 0 0 0 0 0 0 0 0 0 0 0 0 0 0 0 0 0 0 0 0 0 0 0 0 0 0 0 0 0 1 0 0 0 0 0 0 0 0 0 0 0 0 0 0 0 0 0 0 0 0 0 0 0 0 0 0 0 0 0 0 0 0 0 0 0 0 0 0 0 0 0 0 0 0 0 0 0 0 0 0 0 0 0 0 0 0 0 0 0 0 0 0 0 0 0 0 0 0 0 0 0 0 0 0 0 0 0]
[94718651242223430628080562827665307550021254791519421410555970835356014236031650834447963702905882388802793300282944599724103654612364891027307333408104463141780287964448429988314110522743322060564090704227279397640162816728201843389240768435055112656209102817126036315169863663204565927187074481578075344524409386318673979330578 0 0 0 0 0 0 0 0 0 0 0 0 0 0 0 0 0 0 0 0 0 0 0 0 0 0 0 0 0 0 0 0 1 0 0 0 0 0 0 0 0 0 0 0 0 0 0 0 0 0 0 0 0 0 0 0 0 0 0 0 0 0 0 0 0 0 0 0 0 0 0 0 0 0 0 0 0 0 0 0 0 0 0 0 0 0 0 0 0 0 0 0 0 0 0 0 0 0 0 0 0 0 0 0 0 0 0 0 0]
[2567204178354670094851415612146861496832689345662118528437412051514892961817876455184950995108491513873018202532799111102313554469814608387832126254393256281476971589896454542864209443303717634482214873751466277744000084054204498471740027545275290691075361785909707849865344648731648305653557969217117503050796305514883757358628959 0 0 0 0 0 0 0 0 0 0 0 0 0 0 0 0 0 0 0 0 0 0 0 0 0 0 0 0 0 0 0 0 0 1 0 0 0 0 0 0 0 0 0 0 0 0 0 0 0 0 0 0 0 0 0 0 0 0 0 0 0 0 0 0 0 0 0 0 0 0 0 0 0 0 0 0 0 0 0 0 0 0 0 0 0 0 0 0 0 0 0 0 0 0 0 0 0 0 0 0 0 0 0 0 0 0 0 0 0]
[4898681960074870052306973276158283989891767253172530269358625916343912683406580135235945138292392942641477901652752159363786965131989615692144961428666746966352773632087788941889604698875270258834603163939279805712050926606729416189393586032813573192645987358960328036667857817371759442255822152845529689213730718334104946431893316 0 0 0 0 0 0 0 0 0 0 0 0 0 0 0 0 0 0 0 0 0 0 0 0 0 0 0 0 0 0 0 0 0 0 1 0 0 0 0 0 0 0 0 0 0 0 0 0 0 0 0 0 0 0 0 0 0 0 0 0 0 0 0 0 0 0 0 0 0 0 0 0 0 0 0 0 0 0 0 0 0 0 0 0 0 0 0 0 0 0 0 0 0 0 0 0 0 0 0 0 0 0 0 0 0 0 0 0 0]
[7476537054155574265466676689087791453974514855156501820258231765593617233155862550945461360425281324713293279302002376315466793239582777858456185655316831415507278699735032924542506084664240792712652329909596145302696541489229971252086987035290215352310675064141511453519492775355115568438001797579251384847415594798418574612577763 0 0 0 0 0 0 0 0 0 0 0 0 0 0 0 0 0 0 0 0 0 0 0 0 0 0 0 0 0 0 0 0 0 0 0 1 0 0 0 0 0 0 0 0 0 0 0 0 0 0 0 0 0 0 0 0 0 0 0 0 0 0 0 0 0 0 0 0 0 0 0 0 0 0 0 0 0 0 0 0 0 0 0 0 0 0 0 0 0 0 0 0 0 0 0 0 0 0 0 0 0 0 0 0 0 0 0 0 0]
[5320080937414545113709460209027853949225021306745108227511699776940600885811844260957032925021997739066542200259189785510381346209705878974545442212630101956929259572877803148197577983825858303276991786597588801068749565014593041352339765634566213510824966469455849398899329313212304483256906608423320591248463510028839596648869242 0 0 0 0 0 0 0 0 0 0 0 0 0 0 0 0 0 0 0 0 0 0 0 0 0 0 0 0 0 0 0 0 0 0 0 0 1 0 0 0 0 0 0 0 0 0 0 0 0 0 0 0 0 0 0 0 0 0 0 0 0 0 0 0 0 0 0 0 0 0 0 0 0 0 0 0 0 0 0 0 0 0 0 0 0 0 0 0 0 0 0 0 0 0 0 0 0 0 0 0 0 0 0 0 0 0 0 0 0]
[2851350067530187393073116211682839479819462917114083133257735684287063740763295564924225645256624824495688524622086486219357782369254290507698998473498091650321273189397312447030376084539661870815375428952821085938417985321034261461606774055086864623124329468518746281953404752640676475283284334928306386772777898925929401663249057 0 0 0 0 0 0 0 0 0 0 0 0 0 0 0 0 0 0 0 0 0 0 0 0 0 0 0 0 0 0 0 0 0 0 0 0 0 1 0 0 0 0 0 0 0 0 0 0 0 0 0 0 0 0 0 0 0 0 0 0 0 0 0 0 0 0 0 0 0 0 0 0 0 0 0 0 0 0 0 0 0 0 0 0 0 0 0 0 0 0 0 0 0 0 0 0 0 0 0 0 0 0 0 0 0 0 0 0 0]
[2595509514106766454210263211978458676650641203067738588804399624973565139768428114391462520740123435429879761702125852808899753595772856290351433333741222476422028603721739676542917988570648036664331835017435538951189868728596332599015366166422040441101170051425294697320753618418056608085628196377377980422624764167415716717130461 0 0 0 0 0 0 0 0 0 0 0 0 0 0 0 0 0 0 0 0 0 0 0 0 0 0 0 0 0 0 0 0 0 0 0 0 0 0 1 0 0 0 0 0 0 0 0 0 0 0 0 0 0 0 0 0 0 0 0 0 0 0 0 0 0 0 0 0 0 0 0 0 0 0 0 0 0 0 0 0 0 0 0 0 0 0 0 0 0 0 0 0 0 0 0 0 0 0 0 0 0 0 0 0 0 0 0 0 0]
[6481456600936176206707676884836811580002269069630578602312200397350403048300147539100814793390845188537147130320670849126739692753074068949243084396126319126281106111811477068168300114816314197499860891463060269415316001292672725293852409959239670772766047755055544469658697464457339315628394180651463935756859253516860760070421191 0 0 0 0 0 0 0 0 0 0 0 0 0 0 0 0 0 0 0 0 0 0 0 0 0 0 0 0 0 0 0 0 0 0 0 0 0 0 0 1 0 0 0 0 0 0 0 0 0 0 0 0 0 0 0 0 0 0 0 0 0 0 0 0 0 0 0 0 0 0 0 0 0 0 0 0 0 0 0 0 0 0 0 0 0 0 0 0 0 0 0 0 0 0 0 0 0 0 0 0 0 0 0 0 0 0 0 0 0]
[2890810836180772832494476117506767673295535620193464184729686781798369373116860271863332563471728189995143812311888767175006873442990848212168854466294762676442726481610335851409102838114658681019166372152027038159092202445829011504320154756982856219003629696551376759160338158486267503793034423474258589997871699300188406659253217 0 0 0 0 0 0 0 0 0 0 0 0 0 0 0 0 0 0 0 0 0 0 0 0 0 0 0 0 0 0 0 0 0 0 0 0 0 0 0 0 1 0 0 0 0 0 0 0 0 0 0 0 0 0 0 0 0 0 0 0 0 0 0 0 0 0 0 0 0 0 0 0 0 0 0 0 0 0 0 0 0 0 0 0 0 0 0 0 0 0 0 0 0 0 0 0 0 0 0 0 0 0 0 0 0 0 0 0 0]
[3639028258570847428337944242558763038623589291203394143625247391731837687898121306254311817598330836376696398188702129650887230075161681723034511806512361079385730048174071288010719300077246688804759414305021506316899399096262782408867236517761114431139328013618850746781254261739723874525553714578439823870692813740628129144764813 0 0 0 0 0 0 0 0 0 0 0 0 0 0 0 0 0 0 0 0 0 0 0 0 0 0 0 0 0 0 0 0 0 0 0 0 0 0 0 0 0 1 0 0 0 0 0 0 0 0 0 0 0 0 0 0 0 0 0 0 0 0 0 0 0 0 0 0 0 0 0 0 0 0 0 0 0 0 0 0 0 0 0 0 0 0 0 0 0 0 0 0 0 0 0 0 0 0 0 0 0 0 0 0 0 0 0 0 0]
[2434410012953288844091981065777084368032874493372268080809777562659764917460053800732207044558329301831783273836782329837211967519794678014626183360143444853689814447117550506912442267059985246551237594415069974790922148431047822503591110090061782933251670255361828298865809741522665075628366411097749428329288244543362357642989152 0 0 0 0 0 0 0 0 0 0 0 0 0 0 0 0 0 0 0 0 0 0 0 0 0 0 0 0 0 0 0 0 0 0 0 0 0 0 0 0 0 0 1 0 0 0 0 0 0 0 0 0 0 0 0 0 0 0 0 0 0 0 0 0 0 0 0 0 0 0 0 0 0 0 0 0 0 0 0 0 0 0 0 0 0 0 0 0 0 0 0 0 0 0 0 0 0 0 0 0 0 0 0 0 0 0 0 0 0]
[567714401103001936767464086046230729532124958576618732337679696401863313437938609320136757507578364401704770794354280945218723972112549982828064483877552560425729937721063397998570679965778769832010989795783236312646946473314046780189387368345930799264659796271685911245485675614198549359794476804784140376913990035347681020328898 0 0 0 0 0 0 0 0 0 0 0 0 0 0 0 0 0 0 0 0 0 0 0 0 0 0 0 0 0 0 0 0 0 0 0 0 0 0 0 0 0 0 0 1 0 0 0 0 0 0 0 0 0 0 0 0 0 0 0 0 0 0 0 0 0 0 0 0 0 0 0 0 0 0 0 0 0 0 0 0 0 0 0 0 0 0 0 0 0 0 0 0 0 0 0 0 0 0 0 0 0 0 0 0 0 0 0 0 0]
[6659754699500530100091981803259120234202336723959240789719437980934539572726010073097016462839509309977337243699372707468404318039320835936742894061742149881508361528078910118965752531226421964665913277986932707938861142060880086794402140410287134408169688230621290977744426259676348206082182491030519280979547491411260330383373002 0 0 0 0 0 0 0 0 0 0 0 0 0 0 0 0 0 0 0 0 0 0 0 0 0 0 0 0 0 0 0 0 0 0 0 0 0 0 0 0 0 0 0 0 1 0 0 0 0 0 0 0 0 0 0 0 0 0 0 0 0 0 0 0 0 0 0 0 0 0 0 0 0 0 0 0 0 0 0 0 0 0 0 0 0 0 0 0 0 0 0 0 0 0 0 0 0 0 0 0 0 0 0 0 0 0 0 0 0]
[4229887043946249642010764070955002746320338610229145324064356443008832075532022415777569534771767608906528222851510254309914288880028000483672449738063857228356555931815500456832434901882074956537439876194309289108222711377782216544937624701166768413787215202180685081520676764852717817713901356648406024437738922339803276626103272 0 0 0 0 0 0 0 0 0 0 0 0 0 0 0 0 0 0 0 0 0 0 0 0 0 0 0 0 0 0 0 0 0 0 0 0 0 0 0 0 0 0 0 0 0 1 0 0 0 0 0 0 0 0 0 0 0 0 0 0 0 0 0 0 0 0 0 0 0 0 0 0 0 0 0 0 0 0 0 0 0 0 0 0 0 0 0 0 0 0 0 0 0 0 0 0 0 0 0 0 0 0 0 0 0 0 0 0 0]
[5580443025830559706295658808680977625665753413026178484774458115450847199404638269271711019084530277862293754164508740893940784615671850714457003654208702150100302164428195741070670023617400741766618942391919110441681875238374574580862879426095108906322187422505532867791327734711234226304896726724195296635361899609336746969459303 0 0 0 0 0 0 0 0 0 0 0 0 0 0 0 0 0 0 0 0 0 0 0 0 0 0 0 0 0 0 0 0 0 0 0 0 0 0 0 0 0 0 0 0 0 0 1 0 0 0 0 0 0 0 0 0 0 0 0 0 0 0 0 0 0 0 0 0 0 0 0 0 0 0 0 0 0 0 0 0 0 0 0 0 0 0 0 0 0 0 0 0 0 0 0 0 0 0 0 0 0 0 0 0 0 0 0 0 0]
[241693933400344560674070101081032145620482951200380411350627089304777348718075774456040874208427543626626050646460351066789162823745913894071775002028435936628686907554865750238070765976358137848211807429502866386324993103965603584376262791266576713905937484524665044057684465096025418290813381768296408488081689207590037806850643 0 0 0 0 0 0 0 0 0 0 0 0 0 0 0 0 0 0 0 0 0 0 0 0 0 0 0 0 0 0 0 0 0 0 0 0 0 0 0 0 0 0 0 0 0 0 0 1 0 0 0 0 0 0 0 0 0 0 0 0 0 0 0 0 0 0 0 0 0 0 0 0 0 0 0 0 0 0 0 0 0 0 0 0 0 0 0 0 0 0 0 0 0 0 0 0 0 0 0 0 0 0 0 0 0 0 0 0 0]
[1599938938421734113625224482761509822049333010428300715322178278479374682820293762629807143486145626623438920461490926596498175837145985509453189897882851448106870928147225910941845269345130014141017859486905789652818058451237455981405957711914168905328105602037689860646923342828934117302644328230027771257281167309961792252260577 0 0 0 0 0 0 0 0 0 0 0 0 0 0 0 0 0 0 0 0 0 0 0 0 0 0 0 0 0 0 0 0 0 0 0 0 0 0 0 0 0 0 0 0 0 0 0 0 1 0 0 0 0 0 0 0 0 0 0 0 0 0 0 0 0 0 0 0 0 0 0 0 0 0 0 0 0 0 0 0 0 0 0 0 0 0 0 0 0 0 0 0 0 0 0 0 0 0 0 0 0 0 0 0 0 0 0 0 0]
[5618498106609401890573473425111890121650241942949277446017768526008822116043423929635755003582646634558117620442753516292437818308629756580049040511047289796960408090158031515133597871354949159267822960965756044878118941347168525677887911568157231416166809226828366931375479667900532611763222724387454319710155512531771495181489045 0 0 0 0 0 0 0 0 0 0 0 0 0 0 0 0 0 0 0 0 0 0 0 0 0 0 0 0 0 0 0 0 0 0 0 0 0 0 0 0 0 0 0 0 0 0 0 0 0 1 0 0 0 0 0 0 0 0 0 0 0 0 0 0 0 0 0 0 0 0 0 0 0 0 0 0 0 0 0 0 0 0 0 0 0 0 0 0 0 0 0 0 0 0 0 0 0 0 0 0 0 0 0 0 0 0 0 0 0]
[1738936999928313641927120064720515664813452618243879776799533931780515106484693028458745645166227552371463648277995042934718811669310786621677776541923326725626032067149859785589708244442412142743052626330004336603275086555491203761067008505338773387064046696557044074095067502577790989685603354708568397203342663382846899973834291 0 0 0 0 0 0 0 0 0 0 0 0 0 0 0 0 0 0 0 0 0 0 0 0 0 0 0 0 0 0 0 0 0 0 0 0 0 0 0 0 0 0 0 0 0 0 0 0 0 0 1 0 0 0 0 0 0 0 0 0 0 0 0 0 0 0 0 0 0 0 0 0 0 0 0 0 0 0 0 0 0 0 0 0 0 0 0 0 0 0 0 0 0 0 0 0 0 0 0 0 0 0 0 0 0 0 0 0 0]
[5705805057653878626236838977356153326889665265657191919701808095744060876896168936567585405053268341640771308335423610486311722401169502642843538212457771937152465233116997181903116809540382091610877048896044024764471344009239679095192116528395975563272806186265174493533129979106076796455894029841987512125591582391881270588145174 0 0 0 0 0 0 0 0 0 0 0 0 0 0 0 0 0 0 0 0 0 0 0 0 0 0 0 0 0 0 0 0 0 0 0 0 0 0 0 0 0 0 0 0 0 0 0 0 0 0 0 1 0 0 0 0 0 0 0 0 0 0 0 0 0 0 0 0 0 0 0 0 0 0 0 0 0 0 0 0 0 0 0 0 0 0 0 0 0 0 0 0 0 0 0 0 0 0 0 0 0 0 0 0 0 0 0 0 0]
[2535505553710618652503988876780574648743323173901972974054726881998909492730300728295640449379356674696953787341059690694929537574555381547622249437717232929061502496276375525156575461207500856234085053622406577842206209908697465372258728329221786183436099936020865064946872833050074706339181204857808572206360630030666302584009138 0 0 0 0 0 0 0 0 0 0 0 0 0 0 0 0 0 0 0 0 0 0 0 0 0 0 0 0 0 0 0 0 0 0 0 0 0 0 0 0 0 0 0 0 0 0 0 0 0 0 0 0 1 0 0 0 0 0 0 0 0 0 0 0 0 0 0 0 0 0 0 0 0 0 0 0 0 0 0 0 0 0 0 0 0 0 0 0 0 0 0 0 0 0 0 0 0 0 0 0 0 0 0 0 0 0 0 0 0]
[2613140188906631176367727819292340548894595172351541013058047184918907860229143427209745707746048026392787213204487205658144282684613832311020122726962634822342786229703024547679970410172284718277960985886214461782103177610312011874275526287229296215125094856931611605694393376780175172201138177398696731340975194850519786484485910 0 0 0 0 0 0 0 0 0 0 0 0 0 0 0 0 0 0 0 0 0 0 0 0 0 0 0 0 0 0 0 0 0 0 0 0 0 0 0 0 0 0 0 0 0 0 0 0 0 0 0 0 0 1 0 0 0 0 0 0 0 0 0 0 0 0 0 0 0 0 0 0 0 0 0 0 0 0 0 0 0 0 0 0 0 0 0 0 0 0 0 0 0 0 0 0 0 0 0 0 0 0 0 0 0 0 0 0 0]
[2482632902397071172085080165195382792930051546623697022774871566320246459036006794013201239079832111004975338470045411362498882922951688595606466846090129658200366884680580475452342442315904315206493295420696168620856258567970030572781433082080082440279192323677483371936958196269598450928752259731793772982432372461798334705152948 0 0 0 0 0 0 0 0 0 0 0 0 0 0 0 0 0 0 0 0 0 0 0 0 0 0 0 0 0 0 0 0 0 0 0 0 0 0 0 0 0 0 0 0 0 0 0 0 0 0 0 0 0 0 1 0 0 0 0 0 0 0 0 0 0 0 0 0 0 0 0 0 0 0 0 0 0 0 0 0 0 0 0 0 0 0 0 0 0 0 0 0 0 0 0 0 0 0 0 0 0 0 0 0 0 0 0 0 0]
[3682197784504140704021326197442017393920150985633025117844531995862775908426109977293496339962172543841979756487128196046441051987708737652138207945329269831993115040182109245082541236951994424106511841517181815521992332396320818372400850699129584731202992622838722090188114614090223232175549082718468743284102910226613077387677874 0 0 0 0 0 0 0 0 0 0 0 0 0 0 0 0 0 0 0 0 0 0 0 0 0 0 0 0 0 0 0 0 0 0 0 0 0 0 0 0 0 0 0 0 0 0 0 0 0 0 0 0 0 0 0 1 0 0 0 0 0 0 0 0 0 0 0 0 0 0 0 0 0 0 0 0 0 0 0 0 0 0 0 0 0 0 0 0 0 0 0 0 0 0 0 0 0 0 0 0 0 0 0 0 0 0 0 0 0]
[564079131652313241684936469033367942708317044573577189543390677553251266121504943238766982703786624940984807872020675518968948325808159841161715575795290353287278284148447499384378585747101037416546972849504820694583864269757489023565525827442337111733353211890372018290940979449744754921475542941684514935733339513558874366042006 0 0 0 0 0 0 0 0 0 0 0 0 0 0 0 0 0 0 0 0 0 0 0 0 0 0 0 0 0 0 0 0 0 0 0 0 0 0 0 0 0 0 0 0 0 0 0 0 0 0 0 0 0 0 0 0 1 0 0 0 0 0 0 0 0 0 0 0 0 0 0 0 0 0 0 0 0 0 0 0 0 0 0 0 0 0 0 0 0 0 0 0 0 0 0 0 0 0 0 0 0 0 0 0 0 0 0 0 0]
[6527811278476365342504208821728633204369553659461443532604704890691754852295856080020176752585711383213646179829453060826525185036481850420009286560952324649796206227490456641310050956890025862913844551414945086310543245809314316671078179741241255851640720719198911103425659968692349537944380664095547599275498358730819208087272809 0 0 0 0 0 0 0 0 0 0 0 0 0 0 0 0 0 0 0 0 0 0 0 0 0 0 0 0 0 0 0 0 0 0 0 0 0 0 0 0 0 0 0 0 0 0 0 0 0 0 0 0 0 0 0 0 0 1 0 0 0 0 0 0 0 0 0 0 0 0 0 0 0 0 0 0 0 0 0 0 0 0 0 0 0 0 0 0 0 0 0 0 0 0 0 0 0 0 0 0 0 0 0 0 0 0 0 0 0]
[5906406826793644512114432035166684151614662490187838136676065688865235738845743334818931966363884851099165081733028146472249133324697596240328308258692425479635149399349724416308642875704255943165206999171547239669486514689091542488345556185238480627314840498789970310973271298846491538266386164271874871037399364484391788074561270 0 0 0 0 0 0 0 0 0 0 0 0 0 0 0 0 0 0 0 0 0 0 0 0 0 0 0 0 0 0 0 0 0 0 0 0 0 0 0 0 0 0 0 0 0 0 0 0 0 0 0 0 0 0 0 0 0 0 1 0 0 0 0 0 0 0 0 0 0 0 0 0 0 0 0 0 0 0 0 0 0 0 0 0 0 0 0 0 0 0 0 0 0 0 0 0 0 0 0 0 0 0 0 0 0 0 0 0 0]
[3978108287500833167273773817027017736059308848271693628088107097485807089627349539223914540111050939847158802050480883367779127953777461311103762741810201725016607895241315618604835652001376056051336300760690435305518742211632258107513108133111105571668400537595041661330030736121004507286639677860023703879747924170124419324521587 0 0 0 0 0 0 0 0 0 0 0 0 0 0 0 0 0 0 0 0 0 0 0 0 0 0 0 0 0 0 0 0 0 0 0 0 0 0 0 0 0 0 0 0 0 0 0 0 0 0 0 0 0 0 0 0 0 0 0 1 0 0 0 0 0 0 0 0 0 0 0 0 0 0 0 0 0 0 0 0 0 0 0 0 0 0 0 0 0 0 0 0 0 0 0 0 0 0 0 0 0 0 0 0 0 0 0 0 0]
[7615736211756394998539256759650777021188614003822991952504001858333166242232476323686786588798446488045494927922749434006919220034967912452428081603560944818169386572323939566909898386096727695572639090471434566196683011224890084499165555446369291565976593972267321295353320901200041034689720584012001510910324727640688606556368758 0 0 0 0 0 0 0 0 0 0 0 0 0 0 0 0 0 0 0 0 0 0 0 0 0 0 0 0 0 0 0 0 0 0 0 0 0 0 0 0 0 0 0 0 0 0 0 0 0 0 0 0 0 0 0 0 0 0 0 0 1 0 0 0 0 0 0 0 0 0 0 0 0 0 0 0 0 0 0 0 0 0 0 0 0 0 0 0 0 0 0 0 0 0 0 0 0 0 0 0 0 0 0 0 0 0 0 0 0]
[749723000420850392258941254806891664838105370517885469890516937961641654092214895665963048218414002478337952771476406947167170203205870471258331372802981620725153931810514060720924938242040748037789227341235824182260593624555643427913802616093944242700670539645252121542251536813803658204322435455955305926785949382049372341931374 0 0 0 0 0 0 0 0 0 0 0 0 0 0 0 0 0 0 0 0 0 0 0 0 0 0 0 0 0 0 0 0 0 0 0 0 0 0 0 0 0 0 0 0 0 0 0 0 0 0 0 0 0 0 0 0 0 0 0 0 0 1 0 0 0 0 0 0 0 0 0 0 0 0 0 0 0 0 0 0 0 0 0 0 0 0 0 0 0 0 0 0 0 0 0 0 0 0 0 0 0 0 0 0 0 0 0 0 0]
[2571013664882739229856214889905982256225455955624352472856125020026197260864788729720599368830416427433090675268266279279116829540213875841082708389341091729069288153586072845745981980373267396070728660935304894090195201132940026061933130665914221407362723577182347367800983225059565612295704520155743483829592742351206884203621654 0 0 0 0 0 0 0 0 0 0 0 0 0 0 0 0 0 0 0 0 0 0 0 0 0 0 0 0 0 0 0 0 0 0 0 0 0 0 0 0 0 0 0 0 0 0 0 0 0 0 0 0 0 0 0 0 0 0 0 0 0 0 1 0 0 0 0 0 0 0 0 0 0 0 0 0 0 0 0 0 0 0 0 0 0 0 0 0 0 0 0 0 0 0 0 0 0 0 0 0 0 0 0 0 0 0 0 0 0]
[6329504359129934993031215117227580115206616088595705533179965440549368346474648590709332019886556723243739190372183474804794286429877052378031488209984855162557407677559078019758178859794151987326688954564460624583937883484704483578132574817628760511613897049987452727309693807230723555993466284538860917648729709304442234517155950 0 0 0 0 0 0 0 0 0 0 0 0 0 0 0 0 0 0 0 0 0 0 0 0 0 0 0 0 0 0 0 0 0 0 0 0 0 0 0 0 0 0 0 0 0 0 0 0 0 0 0 0 0 0 0 0 0 0 0 0 0 0 0 1 0 0 0 0 0 0 0 0 0 0 0 0 0 0 0 0 0 0 0 0 0 0 0 0 0 0 0 0 0 0 0 0 0 0 0 0 0 0 0 0 0 0 0 0 0]
[2271148161649282223911693482758395276994498606174004234218657453403678329267069036655360788168971826269610072401863344707739142603513527118747223312637591971829695401729644063323539757383679581572957575444301131078470158443529807391843919183723164605748098424192985367012786275649105034041439248879640847293508866009939006383800122 0 0 0 0 0 0 0 0 0 0 0 0 0 0 0 0 0 0 0 0 0 0 0 0 0 0 0 0 0 0 0 0 0 0 0 0 0 0 0 0 0 0 0 0 0 0 0 0 0 0 0 0 0 0 0 0 0 0 0 0 0 0 0 0 1 0 0 0 0 0 0 0 0 0 0 0 0 0 0 0 0 0 0 0 0 0 0 0 0 0 0 0 0 0 0 0 0 0 0 0 0 0 0 0 0 0 0 0 0]
[4854846571519666107762254716329920867143900681484039218441239149776572590614026318460405979153781969750437418883989550648151607613290002813412162115694468384944909073548505198324353784494317786432011194834369575769056587823303557648302109577445321340452430297367029593116175342829687759397092933860470131268801900949790003649063710 0 0 0 0 0 0 0 0 0 0 0 0 0 0 0 0 0 0 0 0 0 0 0 0 0 0 0 0 0 0 0 0 0 0 0 0 0 0 0 0 0 0 0 0 0 0 0 0 0 0 0 0 0 0 0 0 0 0 0 0 0 0 0 0 0 1 0 0 0 0 0 0 0 0 0 0 0 0 0 0 0 0 0 0 0 0 0 0 0 0 0 0 0 0 0 0 0 0 0 0 0 0 0 0 0 0 0 0 0]
[6996735470464560219658558953762042744956967923572770165863757999124057260593557233055310131683960361025771070733839872230060171225499145529308316405542084369930189061869070364550680496252338255404081064569759736475226841277022751673176455768419756274573797049160235392383189473815941864345357573464303525243078475124226339610484735 0 0 0 0 0 0 0 0 0 0 0 0 0 0 0 0 0 0 0 0 0 0 0 0 0 0 0 0 0 0 0 0 0 0 0 0 0 0 0 0 0 0 0 0 0 0 0 0 0 0 0 0 0 0 0 0 0 0 0 0 0 0 0 0 0 0 1 0 0 0 0 0 0 0 0 0 0 0 0 0 0 0 0 0 0 0 0 0 0 0 0 0 0 0 0 0 0 0 0 0 0 0 0 0 0 0 0 0 0]
[7400335506394394406288489401323541430265249962675945424123090552437573887929682583259449925317845892341085520154916757461707958841731027688762938837145395765505990079466110435655428043482326454048558085270419123071569978277358250702413329499808873071642203884520056028009340495761146154988581786341216706852116424775685799785456748 0 0 0 0 0 0 0 0 0 0 0 0 0 0 0 0 0 0 0 0 0 0 0 0 0 0 0 0 0 0 0 0 0 0 0 0 0 0 0 0 0 0 0 0 0 0 0 0 0 0 0 0 0 0 0 0 0 0 0 0 0 0 0 0 0 0 0 1 0 0 0 0 0 0 0 0 0 0 0 0 0 0 0 0 0 0 0 0 0 0 0 0 0 0 0 0 0 0 0 0 0 0 0 0 0 0 0 0 0]
[2053485781726558785486488066491331518978049932776799996375394617868462932192237697303940119216376893475291717406530855122559979807880280322838495049532373554294383735769707811903967269342657489746347547227015843417822796400168556955924364084863861257888515694957931363001704969859356352652875194148221487098276550710603433084641037 0 0 0 0 0 0 0 0 0 0 0 0 0 0 0 0 0 0 0 0 0 0 0 0 0 0 0 0 0 0 0 0 0 0 0 0 0 0 0 0 0 0 0 0 0 0 0 0 0 0 0 0 0 0 0 0 0 0 0 0 0 0 0 0 0 0 0 0 1 0 0 0 0 0 0 0 0 0 0 0 0 0 0 0 0 0 0 0 0 0 0 0 0 0 0 0 0 0 0 0 0 0 0 0 0 0 0 0 0]
[5030952369135814767534588630837215476526437987200467229474739488583096050186943642644228077965844082209720857087293451642979356681352056308491822541742303008921187970607121786955755514131868342134427621258491459968548307315487373826566635874545741244867866612186368192270723775294349713987331578678254971196040768541593325638070825 0 0 0 0 0 0 0 0 0 0 0 0 0 0 0 0 0 0 0 0 0 0 0 0 0 0 0 0 0 0 0 0 0 0 0 0 0 0 0 0 0 0 0 0 0 0 0 0 0 0 0 0 0 0 0 0 0 0 0 0 0 0 0 0 0 0 0 0 0 1 0 0 0 0 0 0 0 0 0 0 0 0 0 0 0 0 0 0 0 0 0 0 0 0 0 0 0 0 0 0 0 0 0 0 0 0 0 0 0]
[589936304313646990133887248438763432729476593879254955351321656380778894366432366257605914791728916695492334323068643375751560514943450676241925756280213256757656513343684204017439184928944341126710761937702485237405030275823144678076606429342642384221866163437648028789978322758696752487144703052963816758168365430541314240437551 0 0 0 0 0 0 0 0 0 0 0 0 0 0 0 0 0 0 0 0 0 0 0 0 0 0 0 0 0 0 0 0 0 0 0 0 0 0 0 0 0 0 0 0 0 0 0 0 0 0 0 0 0 0 0 0 0 0 0 0 0 0 0 0 0 0 0 0 0 0 1 0 0 0 0 0 0 0 0 0 0 0 0 0 0 0 0 0 0 0 0 0 0 0 0 0 0 0 0 0 0 0 0 0 0 0 0 0 0]
[4946233141464332306245504571224619214980929863963867164503991570803615179255423668697966920100087779823975363394409850362875874948117880949742685820808024200834822198268454493921558593740263726119565076165690832567505885266582843828112637925369629109836081522098083758696797140491386547601061057751209366500850850188262749040823456 0 0 0 0 0 0 0 0 0 0 0 0 0 0 0 0 0 0 0 0 0 0 0 0 0 0 0 0 0 0 0 0 0 0 0 0 0 0 0 0 0 0 0 0 0 0 0 0 0 0 0 0 0 0 0 0 0 0 0 0 0 0 0 0 0 0 0 0 0 0 0 1 0 0 0 0 0 0 0 0 0 0 0 0 0 0 0 0 0 0 0 0 0 0 0 0 0 0 0 0 0 0 0 0 0 0 0 0 0]
[1522728528925935830547588760717537124361988336985326150252626422889554200693599791645963920297076528948475002446865795625933082808253475512135429310933024709069593966337199220007974500316982862062794259503566090665293155867167288125693367693530828035184105477401290901470476333693532045777770820834998638682546894863240177223043058 0 0 0 0 0 0 0 0 0 0 0 0 0 0 0 0 0 0 0 0 0 0 0 0 0 0 0 0 0 0 0 0 0 0 0 0 0 0 0 0 0 0 0 0 0 0 0 0 0 0 0 0 0 0 0 0 0 0 0 0 0 0 0 0 0 0 0 0 0 0 0 0 1 0 0 0 0 0 0 0 0 0 0 0 0 0 0 0 0 0 0 0 0 0 0 0 0 0 0 0 0 0 0 0 0 0 0 0 0]
[7219121359352017870609316607085574362301424051429360241645959671064663936348728232707970256839166037595509047466206176195645993373288809202731504548902341330877834443282503581496826196237836823343695453378314737230196488741593896014970240076593249572884996707677296294069356496598831302004088292301846107338894680463768456282522047 0 0 0 0 0 0 0 0 0 0 0 0 0 0 0 0 0 0 0 0 0 0 0 0 0 0 0 0 0 0 0 0 0 0 0 0 0 0 0 0 0 0 0 0 0 0 0 0 0 0 0 0 0 0 0 0 0 0 0 0 0 0 0 0 0 0 0 0 0 0 0 0 0 1 0 0 0 0 0 0 0 0 0 0 0 0 0 0 0 0 0 0 0 0 0 0 0 0 0 0 0 0 0 0 0 0 0 0 0]
[5531617853119349702310843534659708636766071285451731858973831631689749259513059581869769548685915743498341398356160771311967830192940396322188140100903018411608964373005966458147431822528081638051868661197639599867709143063182485753865944872772910642436655821456147162877082893989049037521930339591332212991390517870334884103552035 0 0 0 0 0 0 0 0 0 0 0 0 0 0 0 0 0 0 0 0 0 0 0 0 0 0 0 0 0 0 0 0 0 0 0 0 0 0 0 0 0 0 0 0 0 0 0 0 0 0 0 0 0 0 0 0 0 0 0 0 0 0 0 0 0 0 0 0 0 0 0 0 0 0 1 0 0 0 0 0 0 0 0 0 0 0 0 0 0 0 0 0 0 0 0 0 0 0 0 0 0 0 0 0 0 0 0 0 0]
[265862494822409900369139911391361491298683588027616959626752351605503436883071731906481482948576778874458635119136862575216298269989012660236631163169197993580553209560814546336784835592452074993752808525800742408940517666342769709351851785542536179018165671689090816666803234131457197666358907177240173587130910996391323619753133 0 0 0 0 0 0 0 0 0 0 0 0 0 0 0 0 0 0 0 0 0 0 0 0 0 0 0 0 0 0 0 0 0 0 0 0 0 0 0 0 0 0 0 0 0 0 0 0 0 0 0 0 0 0 0 0 0 0 0 0 0 0 0 0 0 0 0 0 0 0 0 0 0 0 0 1 0 0 0 0 0 0 0 0 0 0 0 0 0 0 0 0 0 0 0 0 0 0 0 0 0 0 0 0 0 0 0 0 0]
[3988435072883043790511870262699232155723774749115447294816773101324120746621248321797790828356767796997927797899753618111590800476672503381442720851776888246738581438450803067369869106899384748916323467896239682175479859172879151047457399801563273420965487864557568270033647381984667546401987304520192454534178711828012235148346520 0 0 0 0 0 0 0 0 0 0 0 0 0 0 0 0 0 0 0 0 0 0 0 0 0 0 0 0 0 0 0 0 0 0 0 0 0 0 0 0 0 0 0 0 0 0 0 0 0 0 0 0 0 0 0 0 0 0 0 0 0 0 0 0 0 0 0 0 0 0 0 0 0 0 0 0 1 0 0 0 0 0 0 0 0 0 0 0 0 0 0 0 0 0 0 0 0 0 0 0 0 0 0 0 0 0 0 0 0]
[919482966354932589467199941121901974318828345280958915279538649753994177014096220108775971912928346228906813520131593941049665917594934946559001684982370087362865118725492089705797448664922487257396253104382821278162163178761381318129803251045549585152034276943839275598695554260662172512360528619639088993560298206868232649473033 0 0 0 0 0 0 0 0 0 0 0 0 0 0 0 0 0 0 0 0 0 0 0 0 0 0 0 0 0 0 0 0 0 0 0 0 0 0 0 0 0 0 0 0 0 0 0 0 0 0 0 0 0 0 0 0 0 0 0 0 0 0 0 0 0 0 0 0 0 0 0 0 0 0 0 0 0 1 0 0 0 0 0 0 0 0 0 0 0 0 0 0 0 0 0 0 0 0 0 0 0 0 0 0 0 0 0 0 0]
[3612637403959784292962912558683093540018955567237668531325441774790149589959521642576013647978688441965109404784271822089923775360266283187901790582027495656840433959823968640289669028345160974283881095682280434189685099999309410046305127139008486077399270101023648589244637942429552632044259934790362133535477603049486849503854050 0 0 0 0 0 0 0 0 0 0 0 0 0 0 0 0 0 0 0 0 0 0 0 0 0 0 0 0 0 0 0 0 0 0 0 0 0 0 0 0 0 0 0 0 0 0 0 0 0 0 0 0 0 0 0 0 0 0 0 0 0 0 0 0 0 0 0 0 0 0 0 0 0 0 0 0 0 0 1 0 0 0 0 0 0 0 0 0 0 0 0 0 0 0 0 0 0 0 0 0 0 0 0 0 0 0 0 0 0]
[2518099072295455798406925369570873376492047754713241821467592432168481926247550808938535245611205979425226074549622868437245876218313298441716958304290878050872544493926825256846174493473897558192394796320500491297950333051746875543034216820718960447448565895054094723446690381440835681024576434929895593991522126304776454108964880 0 0 0 0 0 0 0 0 0 0 0 0 0 0 0 0 0 0 0 0 0 0 0 0 0 0 0 0 0 0 0 0 0 0 0 0 0 0 0 0 0 0 0 0 0 0 0 0 0 0 0 0 0 0 0 0 0 0 0 0 0 0 0 0 0 0 0 0 0 0 0 0 0 0 0 0 0 0 0 1 0 0 0 0 0 0 0 0 0 0 0 0 0 0 0 0 0 0 0 0 0 0 0 0 0 0 0 0 0]
[4798833081065959170020386876069581377434261058227252765836289599691419162242395259629239039046516623867062913816666619237139236167399046124013332868445459159024838504568058565436287384066376229163199309569181615041297798212107912028936566112754276067459243048905090190202260339189416169617884478674031464411105616335647834764795295 0 0 0 0 0 0 0 0 0 0 0 0 0 0 0 0 0 0 0 0 0 0 0 0 0 0 0 0 0 0 0 0 0 0 0 0 0 0 0 0 0 0 0 0 0 0 0 0 0 0 0 0 0 0 0 0 0 0 0 0 0 0 0 0 0 0 0 0 0 0 0 0 0 0 0 0 0 0 0 0 1 0 0 0 0 0 0 0 0 0 0 0 0 0 0 0 0 0 0 0 0 0 0 0 0 0 0 0 0]
[6437651150630063124759081161350705318540180689348803838129200972716988520910023013250642410071839724612921152155151533533440666821463003450546458820796676863094280824183510973213918515888157795599903921702011209565584164531134361371126500081595002263966178704300959613234020364881032384908500492455133808967003393456715850138483645 0 0 0 0 0 0 0 0 0 0 0 0 0 0 0 0 0 0 0 0 0 0 0 0 0 0 0 0 0 0 0 0 0 0 0 0 0 0 0 0 0 0 0 0 0 0 0 0 0 0 0 0 0 0 0 0 0 0 0 0 0 0 0 0 0 0 0 0 0 0 0 0 0 0 0 0 0 0 0 0 0 1 0 0 0 0 0 0 0 0 0 0 0 0 0 0 0 0 0 0 0 0 0 0 0 0 0 0 0]
[5632241165096668240680780816864991998577687280732450620517923984011178343898610337758418325885235240708536801880626787051584441173635968712031578699506447545962469616793152971723818103097935273041130509942900921661170903807772481469693191535585346936832199462804442513710971195229108406182440281986780643864770309039602844218967098 0 0 0 0 0 0 0 0 0 0 0 0 0 0 0 0 0 0 0 0 0 0 0 0 0 0 0 0 0 0 0 0 0 0 0 0 0 0 0 0 0 0 0 0 0 0 0 0 0 0 0 0 0 0 0 0 0 0 0 0 0 0 0 0 0 0 0 0 0 0 0 0 0 0 0 0 0 0 0 0 0 0 1 0 0 0 0 0 0 0 0 0 0 0 0 0 0 0 0 0 0 0 0 0 0 0 0 0 0]
[5748370617582188495292453079629319490217460892606148552294775151673347595642334637367729013498021930714674061193093840811820785598488845278419854004828957105883363475133833952263034957223263483437622219214530355887032399748644766761858658830269640353928765580114200297863449870999669474036807132845838838978948273956244798900147540 0 0 0 0 0 0 0 0 0 0 0 0 0 0 0 0 0 0 0 0 0 0 0 0 0 0 0 0 0 0 0 0 0 0 0 0 0 0 0 0 0 0 0 0 0 0 0 0 0 0 0 0 0 0 0 0 0 0 0 0 0 0 0 0 0 0 0 0 0 0 0 0 0 0 0 0 0 0 0 0 0 0 0 1 0 0 0 0 0 0 0 0 0 0 0 0 0 0 0 0 0 0 0 0 0 0 0 0 0]
[2063000240747702690884708594165382246071928788263983627897627329368272477696633568349822000606166265305319908452858935232693610905175046335344884532275139961784963143800210911103286979159474535459126436545919359485715393187353352606147992867204650358124004123278670331088374280037283795316537117997487925798000751859465958405085892 0 0 0 0 0 0 0 0 0 0 0 0 0 0 0 0 0 0 0 0 0 0 0 0 0 0 0 0 0 0 0 0 0 0 0 0 0 0 0 0 0 0 0 0 0 0 0 0 0 0 0 0 0 0 0 0 0 0 0 0 0 0 0 0 0 0 0 0 0 0 0 0 0 0 0 0 0 0 0 0 0 0 0 0 1 0 0 0 0 0 0 0 0 0 0 0 0 0 0 0 0 0 0 0 0 0 0 0 0]
[2562775360617551606911980581952394962357828788841628476543623137512975427645777068157998641187240095387823874189324781144216754620481620369959742023727254899550947930681737276693742643500253278970833899665520894110933616601935687590730230175102038432712070201539411117029124314383400534302864404763439940014865381148076282170544914 0 0 0 0 0 0 0 0 0 0 0 0 0 0 0 0 0 0 0 0 0 0 0 0 0 0 0 0 0 0 0 0 0 0 0 0 0 0 0 0 0 0 0 0 0 0 0 0 0 0 0 0 0 0 0 0 0 0 0 0 0 0 0 0 0 0 0 0 0 0 0 0 0 0 0 0 0 0 0 0 0 0 0 0 0 1 0 0 0 0 0 0 0 0 0 0 0 0 0 0 0 0 0 0 0 0 0 0 0]
[2528011354954299013045002697900043237117544994394483428621688669047619864053802835177093395439004223519211138598872447980774522445720512105898278803337477297526379666939760655477458879238729600508736774630788092098545434696158268162099465277369560122655706710470587409685484252763770447272380779061265203606717774606455126327178126 0 0 0 0 0 0 0 0 0 0 0 0 0 0 0 0 0 0 0 0 0 0 0 0 0 0 0 0 0 0 0 0 0 0 0 0 0 0 0 0 0 0 0 0 0 0 0 0 0 0 0 0 0 0 0 0 0 0 0 0 0 0 0 0 0 0 0 0 0 0 0 0 0 0 0 0 0 0 0 0 0 0 0 0 0 0 1 0 0 0 0 0 0 0 0 0 0 0 0 0 0 0 0 0 0 0 0 0 0]
[7027140038971852785376294392018933990259691045756175619038561739577914721550203146885835749056217646693966982582575875086893952992133424202664964237756319771140567190565995245224581910175676686779894844278592014783473873239473722038812520398311709579777850171300114893744247495307139037747360822784442625041739154060625753772352018 0 0 0 0 0 0 0 0 0 0 0 0 0 0 0 0 0 0 0 0 0 0 0 0 0 0 0 0 0 0 0 0 0 0 0 0 0 0 0 0 0 0 0 0 0 0 0 0 0 0 0 0 0 0 0 0 0 0 0 0 0 0 0 0 0 0 0 0 0 0 0 0 0 0 0 0 0 0 0 0 0 0 0 0 0 0 0 1 0 0 0 0 0 0 0 0 0 0 0 0 0 0 0 0 0 0 0 0 0]
[2837649363475592344129308667982708660896284973314594445361580113363522191470134546677973984016808173546867560913889035536182965561656813070024666254451492389714698423635541399378363096294540374662268411499652033910909181928457915554241433820552334879688190733425429028981239961570457440154054736746017300185406507258248386022747434 0 0 0 0 0 0 0 0 0 0 0 0 0 0 0 0 0 0 0 0 0 0 0 0 0 0 0 0 0 0 0 0 0 0 0 0 0 0 0 0 0 0 0 0 0 0 0 0 0 0 0 0 0 0 0 0 0 0 0 0 0 0 0 0 0 0 0 0 0 0 0 0 0 0 0 0 0 0 0 0 0 0 0 0 0 0 0 0 1 0 0 0 0 0 0 0 0 0 0 0 0 0 0 0 0 0 0 0 0]
[4433970663796608709987093518374314331268022144472657434166901228964697443495569074737215690485435391779121373866312484741561430892944013753210665447940982482538360670898512502733261137137385261730888727556614437924780956952773803597920000831168746473225239927599790931807840216718165547624292219162137892146222203835571910435307299 0 0 0 0 0 0 0 0 0 0 0 0 0 0 0 0 0 0 0 0 0 0 0 0 0 0 0 0 0 0 0 0 0 0 0 0 0 0 0 0 0 0 0 0 0 0 0 0 0 0 0 0 0 0 0 0 0 0 0 0 0 0 0 0 0 0 0 0 0 0 0 0 0 0 0 0 0 0 0 0 0 0 0 0 0 0 0 0 0 1 0 0 0 0 0 0 0 0 0 0 0 0 0 0 0 0 0 0 0]
[893536795756206181231913485206056306912002140498989666978585519469282670522582883820294381025324186683332750704110532183866245237138169876750962592464376948749415875325936594320326647775929948487086789637705917053294962499263530460313667919033388096894871739617888150338500766058918225507862489551820789142864185830947928901717185 0 0 0 0 0 0 0 0 0 0 0 0 0 0 0 0 0 0 0 0 0 0 0 0 0 0 0 0 0 0 0 0 0 0 0 0 0 0 0 0 0 0 0 0 0 0 0 0 0 0 0 0 0 0 0 0 0 0 0 0 0 0 0 0 0 0 0 0 0 0 0 0 0 0 0 0 0 0 0 0 0 0 0 0 0 0 0 0 0 0 1 0 0 0 0 0 0 0 0 0 0 0 0 0 0 0 0 0 0]
[7450659733822310120360953341468945176916720330116746999365345731396345097412897563966678211819101225050541776992197006234789051219232850218774916839907125189541233396183965008204765728653216418497457690851465867400556492265467292346091995019286587037047446336182315682678747463831587323569413701531739830401358278831785771661926757 0 0 0 0 0 0 0 0 0 0 0 0 0 0 0 0 0 0 0 0 0 0 0 0 0 0 0 0 0 0 0 0 0 0 0 0 0 0 0 0 0 0 0 0 0 0 0 0 0 0 0 0 0 0 0 0 0 0 0 0 0 0 0 0 0 0 0 0 0 0 0 0 0 0 0 0 0 0 0 0 0 0 0 0 0 0 0 0 0 0 0 1 0 0 0 0 0 0 0 0 0 0 0 0 0 0 0 0 0]
[5955167260733276310291028829531593061076791658581273451490979165034509091908511898781897311987856306814696397993583343974199545993316560634047857425222688217877519784447984878756214581449493624240284228161290359784150148994937480514747819738108064401014610336121560418432428288876758962901166790737589070894464809107418305124298586 0 0 0 0 0 0 0 0 0 0 0 0 0 0 0 0 0 0 0 0 0 0 0 0 0 0 0 0 0 0 0 0 0 0 0 0 0 0 0 0 0 0 0 0 0 0 0 0 0 0 0 0 0 0 0 0 0 0 0 0 0 0 0 0 0 0 0 0 0 0 0 0 0 0 0 0 0 0 0 0 0 0 0 0 0 0 0 0 0 0 0 0 1 0 0 0 0 0 0 0 0 0 0 0 0 0 0 0 0]
[69633065065350109250020289185852169435491059967888703966086795102569578578161558946630996213085277892201132003668102878869270647130711034660450446600158940839640530008406521163599573156038661846422077624564442541173067566562355498631131980105540915285230315222925665277098683102405406496005573155185855277497683098175891442081408 0 0 0 0 0 0 0 0 0 0 0 0 0 0 0 0 0 0 0 0 0 0 0 0 0 0 0 0 0 0 0 0 0 0 0 0 0 0 0 0 0 0 0 0 0 0 0 0 0 0 0 0 0 0 0 0 0 0 0 0 0 0 0 0 0 0 0 0 0 0 0 0 0 0 0 0 0 0 0 0 0 0 0 0 0 0 0 0 0 0 0 0 0 1 0 0 0 0 0 0 0 0 0 0 0 0 0 0 0]
[3926343944727906712558580444117519151169642709913248654464366235907876592073908906670811855196554782024991479109987108230676900259752901062074953362740531847752762731755528795203650917124233560478293000496405094509558017491194922811569687764518879087118500453094472074439347238313242440591128457189170065014102296050028216531461831 0 0 0 0 0 0 0 0 0 0 0 0 0 0 0 0 0 0 0 0 0 0 0 0 0 0 0 0 0 0 0 0 0 0 0 0 0 0 0 0 0 0 0 0 0 0 0 0 0 0 0 0 0 0 0 0 0 0 0 0 0 0 0 0 0 0 0 0 0 0 0 0 0 0 0 0 0 0 0 0 0 0 0 0 0 0 0 0 0 0 0 0 0 0 1 0 0 0 0 0 0 0 0 0 0 0 0 0 0]
[1278412850321600483353003398589764776870028087348291472496066460932230059751320077808619984102406661539302876715651164819294597550212714101626440791501625316036819958414782065528232858921943825163892177878386660395654392055590638694523270607126255114861691144641859830882124177669007354550289061356116610998557179504382380056069531 0 0 0 0 0 0 0 0 0 0 0 0 0 0 0 0 0 0 0 0 0 0 0 0 0 0 0 0 0 0 0 0 0 0 0 0 0 0 0 0 0 0 0 0 0 0 0 0 0 0 0 0 0 0 0 0 0 0 0 0 0 0 0 0 0 0 0 0 0 0 0 0 0 0 0 0 0 0 0 0 0 0 0 0 0 0 0 0 0 0 0 0 0 0 0 1 0 0 0 0 0 0 0 0 0 0 0 0 0]
[7554332746395102023323667316383961190864527884502925885148006535622873839164386620162069902230640061737720525322300166739830142510671089289422660277317057894529833483263433616347007080873682545094823148405491035107193255792328348139701904678580543980200720363224024662540379199100624560095447617165449697565587915665469915900794125 0 0 0 0 0 0 0 0 0 0 0 0 0 0 0 0 0 0 0 0 0 0 0 0 0 0 0 0 0 0 0 0 0 0 0 0 0 0 0 0 0 0 0 0 0 0 0 0 0 0 0 0 0 0 0 0 0 0 0 0 0 0 0 0 0 0 0 0 0 0 0 0 0 0 0 0 0 0 0 0 0 0 0 0 0 0 0 0 0 0 0 0 0 0 0 0 1 0 0 0 0 0 0 0 0 0 0 0 0]
[6993982308977599458572354976049171368759027548420058869191468303992818513461399657457207360053020374065043862531490815763531169034941715514207347226051751534003739400827214605556821945282493381398245673884708347439803929954488282906958792112283048950483348328908170518715850473321060467262643210937179518230870060710257808159911428 0 0 0 0 0 0 0 0 0 0 0 0 0 0 0 0 0 0 0 0 0 0 0 0 0 0 0 0 0 0 0 0 0 0 0 0 0 0 0 0 0 0 0 0 0 0 0 0 0 0 0 0 0 0 0 0 0 0 0 0 0 0 0 0 0 0 0 0 0 0 0 0 0 0 0 0 0 0 0 0 0 0 0 0 0 0 0 0 0 0 0 0 0 0 0 0 0 1 0 0 0 0 0 0 0 0 0 0 0]
[3968609077651718854143377458034634617254853267838863370989786741696018918002468658727591772953586092425622762642936310997745747171521165330345238412252244397324565276591810057097705960215762859660624132094363349617120687933137882239289893085244199683742532005607917523999476800202080635982420445328024503335324485418441032073907098 0 0 0 0 0 0 0 0 0 0 0 0 0 0 0 0 0 0 0 0 0 0 0 0 0 0 0 0 0 0 0 0 0 0 0 0 0 0 0 0 0 0 0 0 0 0 0 0 0 0 0 0 0 0 0 0 0 0 0 0 0 0 0 0 0 0 0 0 0 0 0 0 0 0 0 0 0 0 0 0 0 0 0 0 0 0 0 0 0 0 0 0 0 0 0 0 0 0 1 0 0 0 0 0 0 0 0 0 0]
[1259499294236280863830413727324061685941907012854464832260004910944328922231757911166090989583064306303188634715320594971393477099044752466727699345474788299983511078981550604155083538779160176739655770493564964790850273786922765182565782139100686927450319279895890979902167501213204612948036496516504598277624825917464882160923856 0 0 0 0 0 0 0 0 0 0 0 0 0 0 0 0 0 0 0 0 0 0 0 0 0 0 0 0 0 0 0 0 0 0 0 0 0 0 0 0 0 0 0 0 0 0 0 0 0 0 0 0 0 0 0 0 0 0 0 0 0 0 0 0 0 0 0 0 0 0 0 0 0 0 0 0 0 0 0 0 0 0 0 0 0 0 0 0 0 0 0 0 0 0 0 0 0 0 0 1 0 0 0 0 0 0 0 0 0]
[564705467608580253969267225565156223749696297108821223536329492482199638023667206805059352627055773064823875007081741107189028952732741264046832229632626405085655271044364902620828373084074960475952930841762746362154516113141803356201478933066200223856567417877232596346731591370876244702583162264185479412406811867594030254089395 0 0 0 0 0 0 0 0 0 0 0 0 0 0 0 0 0 0 0 0 0 0 0 0 0 0 0 0 0 0 0 0 0 0 0 0 0 0 0 0 0 0 0 0 0 0 0 0 0 0 0 0 0 0 0 0 0 0 0 0 0 0 0 0 0 0 0 0 0 0 0 0 0 0 0 0 0 0 0 0 0 0 0 0 0 0 0 0 0 0 0 0 0 0 0 0 0 0 0 0 1 0 0 0 0 0 0 0 0]
[6452672788994958745175767889965966059858039244779634207917213707033847052128891975341098182630591283699676368393225569175004726281824296618019747166049690564980087814703230894232630927261593166725028942479960382026252629387572495039160613468381873645504712519479553826441852646819426159822019909176624869168623144906012168452649606 0 0 0 0 0 0 0 0 0 0 0 0 0 0 0 0 0 0 0 0 0 0 0 0 0 0 0 0 0 0 0 0 0 0 0 0 0 0 0 0 0 0 0 0 0 0 0 0 0 0 0 0 0 0 0 0 0 0 0 0 0 0 0 0 0 0 0 0 0 0 0 0 0 0 0 0 0 0 0 0 0 0 0 0 0 0 0 0 0 0 0 0 0 0 0 0 0 0 0 0 0 1 0 0 0 0 0 0 0]
[4881602089208287556529596355066124318883094038383158691462461022363074137627749154073326951681406547954826196994182156139705240562404441633033103717054652455323208417149810113551111562348424469762691106743610985017977015884367419985573675398668409019554929921080665369677136806267564977739831676859623761896397088773712418735127837 0 0 0 0 0 0 0 0 0 0 0 0 0 0 0 0 0 0 0 0 0 0 0 0 0 0 0 0 0 0 0 0 0 0 0 0 0 0 0 0 0 0 0 0 0 0 0 0 0 0 0 0 0 0 0 0 0 0 0 0 0 0 0 0 0 0 0 0 0 0 0 0 0 0 0 0 0 0 0 0 0 0 0 0 0 0 0 0 0 0 0 0 0 0 0 0 0 0 0 0 0 0 1 0 0 0 0 0 0]
[3107155424748630606733719433221122667575096550679281444371804353755366706337226256317026300158927344850134651865940289065195046385723613923993948028959429391716300262817629795146874050093712775938306113360739723469512304102826268934523615080789915103536017989320683986888246753837883650177699275611166086106580975609850868837554147 0 0 0 0 0 0 0 0 0 0 0 0 0 0 0 0 0 0 0 0 0 0 0 0 0 0 0 0 0 0 0 0 0 0 0 0 0 0 0 0 0 0 0 0 0 0 0 0 0 0 0 0 0 0 0 0 0 0 0 0 0 0 0 0 0 0 0 0 0 0 0 0 0 0 0 0 0 0 0 0 0 0 0 0 0 0 0 0 0 0 0 0 0 0 0 0 0 0 0 0 0 0 0 1 0 0 0 0 0]
[696645057469684745958437694595831223864492657920745806684917248876109702115598083518227455433908498364228319282327601912956882104600057850957713945667068645078304038647499406139996799380808612487370087316414290221493714745552163310913874279695908389659146138188982053008085771304482196868159157933639051780961506175175202730180507 0 0 0 0 0 0 0 0 0 0 0 0 0 0 0 0 0 0 0 0 0 0 0 0 0 0 0 0 0 0 0 0 0 0 0 0 0 0 0 0 0 0 0 0 0 0 0 0 0 0 0 0 0 0 0 0 0 0 0 0 0 0 0 0 0 0 0 0 0 0 0 0 0 0 0 0 0 0 0 0 0 0 0 0 0 0 0 0 0 0 0 0 0 0 0 0 0 0 0 0 0 0 0 0 1 0 0 0 0]
[2014264272141778182701825449761208315380594902685440231259898065543997154851672917246677033701789791573055443463541162705133712369713338710298554095663464716971997175957774873217688460952040127150923081925396108019211842284003500624081362653527777337449075706036740804021274227780436002969425861384364640465700502723338327806288047 0 0 0 0 0 0 0 0 0 0 0 0 0 0 0 0 0 0 0 0 0 0 0 0 0 0 0 0 0 0 0 0 0 0 0 0 0 0 0 0 0 0 0 0 0 0 0 0 0 0 0 0 0 0 0 0 0 0 0 0 0 0 0 0 0 0 0 0 0 0 0 0 0 0 0 0 0 0 0 0 0 0 0 0 0 0 0 0 0 0 0 0 0 0 0 0 0 0 0 0 0 0 0 0 0 1 0 0 0]
[6589175794772689255220355863843802429358557377101587190285350384580386595751584771396708243063996767837978261263854866377253309533829616638972249268099586823141327087870875931985399035996246311102741751474481762120874641546496680331981308972248654682678737109480150968825459274766318537809097733378187172872796421375622615503730404 0 0 0 0 0 0 0 0 0 0 0 0 0 0 0 0 0 0 0 0 0 0 0 0 0 0 0 0 0 0 0 0 0 0 0 0 0 0 0 0 0 0 0 0 0 0 0 0 0 0 0 0 0 0 0 0 0 0 0 0 0 0 0 0 0 0 0 0 0 0 0 0 0 0 0 0 0 0 0 0 0 0 0 0 0 0 0 0 0 0 0 0 0 0 0 0 0 0 0 0 0 0 0 0 0 0 1 0 0]
[3542917072250809052903925007534478652961279396479780941199522938092833522707448339636133171220480989710185273049640497033887062518819491812646048084969761077393906763117809356323195285762685424118794098042339372387048907866077638386844764439378303113287058190396025796171887149059785215020151167152383410129113082719645774506642840 0 0 0 0 0 0 0 0 0 0 0 0 0 0 0 0 0 0 0 0 0 0 0 0 0 0 0 0 0 0 0 0 0 0 0 0 0 0 0 0 0 0 0 0 0 0 0 0 0 0 0 0 0 0 0 0 0 0 0 0 0 0 0 0 0 0 0 0 0 0 0 0 0 0 0 0 0 0 0 0 0 0 0 0 0 0 0 0 0 0 0 0 0 0 0 0 0 0 0 0 0 0 0 0 0 0 0 1 0]
[4566239893758941648023352268827750428063681609020612234458400117977867735861921205279967238040581290330544907554698835140006099441661228389558447212507937353857230215682368115043188642653451661903197645666199540855521588355972580732199545893963442408410207360449567145739746815624396178571506592385128581846714250964167856248339068 0 0 0 0 0 0 0 0 0 0 0 0 0 0 0 0 0 0 0 0 0 0 0 0 0 0 0 0 0 0 0 0 0 0 0 0 0 0 0 0 0 0 0 0 0 0 0 0 0 0 0 0 0 0 0 0 0 0 0 0 0 0 0 0 0 0 0 0 0 0 0 0 0 0 0 0 0 0 0 0 0 0 0 0 0 0 0 0 0 0 0 0 0 0 0 0 0 0 0 0 0 0 0 0 0 0 0 0 1]
]
