[[11810854931953142758207076550649523241687358650372614136359209085694147096176354100798627626033973956710748008273076054782580827307014423629504228052639510359415714856395720897183269458034578781946705401266448622389805183110249306087504285312895156151101226152034874399034686884163688845804867998346291502930979839586344003030081301 0 0 0 0 0 0 0 0 0 0 0 0 0 0 0 0 0 0 0 0 0 0 0 0 0 0 0 0 0 0 0 0 0 0 0 0 0 0 0 0 0 0 0 0 0 0 0 0 0 0 0 0 0 0 0 0 0 0 0 0 0 0 0 0 0 0 0 0 0 0 0 0 0 0 0 0 0 0 0 0 0 0 0 0 0 0 0 0 0 0 0 0 0 0 0 0 0 0 0 0 0 0 0 0 0 0 0 0 0]
[2883480246879919804672628663778391419510448130460074714724851844083196198703973520599860298901199796566547850734948784629199600937624740858163993594949697261842570148886841721497334003040653859973735666807198376568800655071903115402176623336615308000415779666634249968356935542678058976169530770872929349381768460969546817416728802 1 0 0 0 0 0 0 0 0 0 0 0 0 0 0 0 0 0 0 0 0 0 0 0 0 0 0 0 0 0 0 0 0 0 0 0 0 0 0 0 0 0 0 0 0 0 0 0 0 0 0 0 0 0 0 0 0 0 0 0 0 0 0 0 0 0 0 0 0 0 0 0 0 0 0 0 0 0 0 0 0 0 0 0 0 0 0 0 0 0 0 0 0 0 0 0 0 0 0 0 0 0 0 0 0 0 0 0 0]
[2252809505606125611554004676519766254369506389949586307589458986807471944710759754311977245349257938487817586303065987831554319791999140907531827944305669600257669980304140502996250749662418104724282280578753566272986094711424241755260569778938060366318216109011721432387399107390059633177869244976975755613338888493115728081469885 0 1 0 0 0 0 0 0 0 0 0 0 0 0 0 0 0 0 0 0 0 0 0 0 0 0 0 0 0 0 0 0 0 0 0 0 0 0 0 0 0 0 0 0 0 0 0 0 0 0 0 0 0 0 0 0 0 0 0 0 0 0 0 0 0 0 0 0 0 0 0 0 0 0 0 0 0 0 0 0 0 0 0 0 0 0 0 0 0 0 0 0 0 0 0 0 0 0 0 0 0 0 0 0 0 0 0 0 0]
[3648524591485579162852813252539806356142269338570135351143733279537758121380463604892141744701783310994906304316030905548024735327719486024499345061629511440858247747326794457026138852779340391840239958757895361850377670278343471068545358379914125000089551056949794482262015110707695295606992638002947383571813734861284782210737248 0 0 1 0 0 0 0 0 0 0 0 0 0 0 0 0 0 0 0 0 0 0 0 0 0 0 0 0 0 0 0 0 0 0 0 0 0 0 0 0 0 0 0 0 0 0 0 0 0 0 0 0 0 0 0 0 0 0 0 0 0 0 0 0 0 0 0 0 0 0 0 0 0 0 0 0 0 0 0 0 0 0 0 0 0 0 0 0 0 0 0 0 0 0 0 0 0 0 0 0 0 0 0 0 0 0 0 0 0]
[3823207396757513682491178029655241174187908123313573744324951026287817099437929616960278825884283857542433075550328508403509859101355966197021007672276896547044044682456097107343876005860513929180564824186064022179919301118587497989179877607038858217485430580477157703114467719286995527065780451711938387035469294094422680800557949 0 0 0 1 0 0 0 0 0 0 0 0 0 0 0 0 0 0 0 0 0 0 0 0 0 0 0 0 0 0 0 0 0 0 0 0 0 0 0 0 0 0 0 0 0 0 0 0 0 0 0 0 0 0 0 0 0 0 0 0 0 0 0 0 0 0 0 0 0 0 0 0 0 0 0 0 0 0 0 0 0 0 0 0 0 0 0 0 0 0 0 0 0 0 0 0 0 0 0 0 0 0 0 0 0 0 0 0 0]
[5815738962597833704726782761173776648372370620403323790379525979458016781715145594226425293019159587305848491302682196638974567886390786133269231705186387162185183840961220090615104755444727372563487307609651289092687607505487381286354399271629317936255139662332432219860286462605942964994311339915876266575805706631027938087238396 0 0 0 0 1 0 0 0 0 0 0 0 0 0 0 0 0 0 0 0 0 0 0 0 0 0 0 0 0 0 0 0 0 0 0 0 0 0 0 0 0 0 0 0 0 0 0 0 0 0 0 0 0 0 0 0 0 0 0 0 0 0 0 0 0 0 0 0 0 0 0 0 0 0 0 0 0 0 0 0 0 0 0 0 0 0 0 0 0 0 0 0 0 0 0 0 0 0 0 0 0 0 0 0 0 0 0 0 0]
[3245499274750107289948900424597036555152454975381265267526430681645533223141659340917927699059784852093448279071493316084577534376890475346036597352493136100625189621795570734400158634387446112821865409726060113313898178462553423507220189809992192250747822382396948922337327744602927742435714357248771469754994153983428376803718108 0 0 0 0 0 1 0 0 0 0 0 0 0 0 0 0 0 0 0 0 0 0 0 0 0 0 0 0 0 0 0 0 0 0 0 0 0 0 0 0 0 0 0 0 0 0 0 0 0 0 0 0 0 0 0 0 0 0 0 0 0 0 0 0 0 0 0 0 0 0 0 0 0 0 0 0 0 0 0 0 0 0 0 0 0 0 0 0 0 0 0 0 0 0 0 0 0 0 0 0 0 0 0 0 0 0 0 0 0]
[4549528505157196667603574548765626544095572247566329495828472454549903832549439004353531750652429033032575670428672612625089498878612410489122675896595559589752382407002000034547580681011608856515092106038808791544268344691907646631861366977869997949318154253896534580747823676077236848192233421491090972161521095634892954052727498 0 0 0 0 0 0 1 0 0 0 0 0 0 0 0 0 0 0 0 0 0 0 0 0 0 0 0 0 0 0 0 0 0 0 0 0 0 0 0 0 0 0 0 0 0 0 0 0 0 0 0 0 0 0 0 0 0 0 0 0 0 0 0 0 0 0 0 0 0 0 0 0 0 0 0 0 0 0 0 0 0 0 0 0 0 0 0 0 0 0 0 0 0 0 0 0 0 0 0 0 0 0 0 0 0 0 0 0 0]
[2276429474961748169890800436749861039658868344056601451679255360439571238729562712423531447818914392349966029141148688347578812434592607213143631296969875353723202910837651001761415993697340538514149093072469029253151281975038187434177730640413821106190964774502226361164635998232952724822633602052824986883821263761490212539992736 0 0 0 0 0 0 0 1 0 0 0 0 0 0 0 0 0 0 0 0 0 0 0 0 0 0 0 0 0 0 0 0 0 0 0 0 0 0 0 0 0 0 0 0 0 0 0 0 0 0 0 0 0 0 0 0 0 0 0 0 0 0 0 0 0 0 0 0 0 0 0 0 0 0 0 0 0 0 0 0 0 0 0 0 0 0 0 0 0 0 0 0 0 0 0 0 0 0 0 0 0 0 0 0 0 0 0 0 0]
[10507883237243579772598655833094251889273406958238788772171766139255181613984024897949853770254341485022644170433279703610002122964259867880028974305064764654602111295398100246264697100795947435107476885725079982639593307455118442370674101676064660772097532524856408507744842292242241871032142927322291699652398128342043317822646363 0 0 0 0 0 0 0 0 1 0 0 0 0 0 0 0 0 0 0 0 0 0 0 0 0 0 0 0 0 0 0 0 0 0 0 0 0 0 0 0 0 0 0 0 0 0 0 0 0 0 0 0 0 0 0 0 0 0 0 0 0 0 0 0 0 0 0 0 0 0 0 0 0 0 0 0 0 0 0 0 0 0 0 0 0 0 0 0 0 0 0 0 0 0 0 0 0 0 0 0 0 0 0 0 0 0 0 0 0]
[645615226063124487461723568482605408065995685122043887904719241369515936917871717564836655805854659595410278873546592491060176434494575639602860265766706940599963788816852158491027193701433574110709236722763240049401389460037777770658997277863886399050199570707984731548873765862335646705263811820908521093311913355160066952466957 0 0 0 0 0 0 0 0 0 1 0 0 0 0 0 0 0 0 0 0 0 0 0 0 0 0 0 0 0 0 0 0 0 0 0 0 0 0 0 0 0 0 0 0 0 0 0 0 0 0 0 0 0 0 0 0 0 0 0 0 0 0 0 0 0 0 0 0 0 0 0 0 0 0 0 0 0 0 0 0 0 0 0 0 0 0 0 0 0 0 0 0 0 0 0 0 0 0 0 0 0 0 0 0 0 0 0 0 0]
[4245322290867241011581449025605767436077591286354551985115955204136080264885144231421454966776622634091462913783752791199899517989545241621003658393555392406449211002501988777825965271212125056264196802776116412316796823979320188533499522149506081040773644999318673583897816264175099940881699447464141531609598414289307866032655734 0 0 0 0 0 0 0 0 0 0 1 0 0 0 0 0 0 0 0 0 0 0 0 0 0 0 0 0 0 0 0 0 0 0 0 0 0 0 0 0 0 0 0 0 0 0 0 0 0 0 0 0 0 0 0 0 0 0 0 0 0 0 0 0 0 0 0 0 0 0 0 0 0 0 0 0 0 0 0 0 0 0 0 0 0 0 0 0 0 0 0 0 0 0 0 0 0 0 0 0 0 0 0 0 0 0 0 0 0]
[11531823314363653829612353679630902380125251044022795317018956457252919974781121417906821616365911356592780787012210096176884205554767782636104259147590453266081734527442437723859671570186930412088697276299949629527534122115125873679777781891157098739175868947322975778567230886124788644387262534415386344043710861660773362599728968 0 0 0 0 0 0 0 0 0 0 0 1 0 0 0 0 0 0 0 0 0 0 0 0 0 0 0 0 0 0 0 0 0 0 0 0 0 0 0 0 0 0 0 0 0 0 0 0 0 0 0 0 0 0 0 0 0 0 0 0 0 0 0 0 0 0 0 0 0 0 0 0 0 0 0 0 0 0 0 0 0 0 0 0 0 0 0 0 0 0 0 0 0 0 0 0 0 0 0 0 0 0 0 0 0 0 0 0 0]
[8287182582510217480305789580260468003774750365882779344042731993324788090208481826502204738772963963092797085501341721496940313384145455171047934482962865670904557808691292695734318646850970751019761460118555460619086076958064871038686053982566361789042369178129265847839695510246423871635159270912495529691628621560344199857753076 0 0 0 0 0 0 0 0 0 0 0 0 1 0 0 0 0 0 0 0 0 0 0 0 0 0 0 0 0 0 0 0 0 0 0 0 0 0 0 0 0 0 0 0 0 0 0 0 0 0 0 0 0 0 0 0 0 0 0 0 0 0 0 0 0 0 0 0 0 0 0 0 0 0 0 0 0 0 0 0 0 0 0 0 0 0 0 0 0 0 0 0 0 0 0 0 0 0 0 0 0 0 0 0 0 0 0 0 0]
[6747855342572634120004193290997592606523272132776632159625217748428206298847623882999662768522683826249698039664396255844153160269644266798620504379042783923125296617714072653631539370548054763604055146407776422571889748076284321490206924358745158972368068817723030346730082544794935340937485867942443219301173701504001496190436164 0 0 0 0 0 0 0 0 0 0 0 0 0 1 0 0 0 0 0 0 0 0 0 0 0 0 0 0 0 0 0 0 0 0 0 0 0 0 0 0 0 0 0 0 0 0 0 0 0 0 0 0 0 0 0 0 0 0 0 0 0 0 0 0 0 0 0 0 0 0 0 0 0 0 0 0 0 0 0 0 0 0 0 0 0 0 0 0 0 0 0 0 0 0 0 0 0 0 0 0 0 0 0 0 0 0 0 0 0]
[8302211514806903309950705756805391993949164824608581342787712348341768740197784857348619335298566849507179832069287911214754699164092562489475042041475312711562649040318087311543537069743442987561602364558659239056220350381803834589580825332173338500676910201175866734401856868762349988188797571760783153949906520686109179554761974 0 0 0 0 0 0 0 0 0 0 0 0 0 0 1 0 0 0 0 0 0 0 0 0 0 0 0 0 0 0 0 0 0 0 0 0 0 0 0 0 0 0 0 0 0 0 0 0 0 0 0 0 0 0 0 0 0 0 0 0 0 0 0 0 0 0 0 0 0 0 0 0 0 0 0 0 0 0 0 0 0 0 0 0 0 0 0 0 0 0 0 0 0 0 0 0 0 0 0 0 0 0 0 0 0 0 0 0 0]
[10528883601855025239867491451381564137157882973845870563963247161196464632843322617288510891682527846581702399841499217245774384518025600554536910592236265645726561407235622676739545109775409843931259568906166218017969123241947746282447606802375688254186066835710031751988908253340427562971045992823267778294090221681337220886870697 0 0 0 0 0 0 0 0 0 0 0 0 0 0 0 1 0 0 0 0 0 0 0 0 0 0 0 0 0 0 0 0 0 0 0 0 0 0 0 0 0 0 0 0 0 0 0 0 0 0 0 0 0 0 0 0 0 0 0 0 0 0 0 0 0 0 0 0 0 0 0 0 0 0 0 0 0 0 0 0 0 0 0 0 0 0 0 0 0 0 0 0 0 0 0 0 0 0 0 0 0 0 0 0 0 0 0 0 0]
[1255922638301895715043489825819400850249682822916924348678660133983569456596116456425054986929644852966300243321995661179873217800389089092227541641165393937054937915725916727706892025627316460399629766906689774275640178525481852548464150799207184588637116629290609678067621434771003110543501052037482095322433594636418537354221386 0 0 0 0 0 0 0 0 0 0 0 0 0 0 0 0 1 0 0 0 0 0 0 0 0 0 0 0 0 0 0 0 0 0 0 0 0 0 0 0 0 0 0 0 0 0 0 0 0 0 0 0 0 0 0 0 0 0 0 0 0 0 0 0 0 0 0 0 0 0 0 0 0 0 0 0 0 0 0 0 0 0 0 0 0 0 0 0 0 0 0 0 0 0 0 0 0 0 0 0 0 0 0 0 0 0 0 0 0]
[6816293584926375089531264374757506569602235427718907684830090846347046721935117450989621783480552535071841876750366727896521162643512763302460596011730392107008845709935467175055980794856036026205171190058170043179793418951998411086402838328763328990468861717770245348125738281039707255637453573961700536891027693711863627242154059 0 0 0 0 0 0 0 0 0 0 0 0 0 0 0 0 0 1 0 0 0 0 0 0 0 0 0 0 0 0 0 0 0 0 0 0 0 0 0 0 0 0 0 0 0 0 0 0 0 0 0 0 0 0 0 0 0 0 0 0 0 0 0 0 0 0 0 0 0 0 0 0 0 0 0 0 0 0 0 0 0 0 0 0 0 0 0 0 0 0 0 0 0 0 0 0 0 0 0 0 0 0 0 0 0 0 0 0 0]
[523511282416819176489583209303351848043237392855833851111487972319582492837556023726959683224951373035387360406736420442814897283126452015634174588532830213569166835025439658053020579971332509184398311045825083922219265193520960284320366636231412435925052584720769882563558223013729569795767402091042927116335311350875995201649317 0 0 0 0 0 0 0 0 0 0 0 0 0 0 0 0 0 0 1 0 0 0 0 0 0 0 0 0 0 0 0 0 0 0 0 0 0 0 0 0 0 0 0 0 0 0 0 0 0 0 0 0 0 0 0 0 0 0 0 0 0 0 0 0 0 0 0 0 0 0 0 0 0 0 0 0 0 0 0 0 0 0 0 0 0 0 0 0 0 0 0 0 0 0 0 0 0 0 0 0 0 0 0 0 0 0 0 0 0]
[6968217437852240853165533885289631546906607463461116234409203218085382303087458162690219793122817868734721032485377271174475647910012608517920209991137626574529142389128065270583435635848931546751581723896360072833846421549544729817517035950687234219904898927556373264340301776853913969496741505135727754926193401705162729018577685 0 0 0 0 0 0 0 0 0 0 0 0 0 0 0 0 0 0 0 1 0 0 0 0 0 0 0 0 0 0 0 0 0 0 0 0 0 0 0 0 0 0 0 0 0 0 0 0 0 0 0 0 0 0 0 0 0 0 0 0 0 0 0 0 0 0 0 0 0 0 0 0 0 0 0 0 0 0 0 0 0 0 0 0 0 0 0 0 0 0 0 0 0 0 0 0 0 0 0 0 0 0 0 0 0 0 0 0 0]
[140677203313871763679582294052332590335612028547382130747118609627062341203670110796210761261781750151592567673897760789719300418566956509734728772559139473271101635117140492763343804747296908066327776572281173436471163362475578708227240624963835763384443976685022554271807267697336671419058597932275637346886851262971267130860143 0 0 0 0 0 0 0 0 0 0 0 0 0 0 0 0 0 0 0 0 1 0 0 0 0 0 0 0 0 0 0 0 0 0 0 0 0 0 0 0 0 0 0 0 0 0 0 0 0 0 0 0 0 0 0 0 0 0 0 0 0 0 0 0 0 0 0 0 0 0 0 0 0 0 0 0 0 0 0 0 0 0 0 0 0 0 0 0 0 0 0 0 0 0 0 0 0 0 0 0 0 0 0 0 0 0 0 0 0]
[506441057155212040145352127471530037098113113374193203425561548584872093041673676980957357661608807052975403781210462517281029784740084129676427388615023524086309518676084831327987164471578054265725184033130509215024267018279380742931949062965515834046884721289756577761211971032437469709582129612815659603906298685579877439507637 0 0 0 0 0 0 0 0 0 0 0 0 0 0 0 0 0 0 0 0 0 1 0 0 0 0 0 0 0 0 0 0 0 0 0 0 0 0 0 0 0 0 0 0 0 0 0 0 0 0 0 0 0 0 0 0 0 0 0 0 0 0 0 0 0 0 0 0 0 0 0 0 0 0 0 0 0 0 0 0 0 0 0 0 0 0 0 0 0 0 0 0 0 0 0 0 0 0 0 0 0 0 0 0 0 0 0 0 0]
[3814439640031145808035035672919157751465064061876969940040520918564403236436370205779836092823517306377734360728144000516744992752607841697171982805863984495459007993431883215324451214290135772994523590496788630266822327423999045250331791611935390398994158388703889296356912866880912875556930132041936281179554925322492081878090930 0 0 0 0 0 0 0 0 0 0 0 0 0 0 0 0 0 0 0 0 0 0 1 0 0 0 0 0 0 0 0 0 0 0 0 0 0 0 0 0 0 0 0 0 0 0 0 0 0 0 0 0 0 0 0 0 0 0 0 0 0 0 0 0 0 0 0 0 0 0 0 0 0 0 0 0 0 0 0 0 0 0 0 0 0 0 0 0 0 0 0 0 0 0 0 0 0 0 0 0 0 0 0 0 0 0 0 0 0]
[5756869786101660819433141264097428013632324564630624930098144086168122815462011417947952733751209115751500313985422791198385050808814125618950134762584437975902813753615163957961438323274325846199622450962422290166694741436378265788587650763425249397194062142221156513115127851902800760256245102512428134375711719915917034624292179 0 0 0 0 0 0 0 0 0 0 0 0 0 0 0 0 0 0 0 0 0 0 0 1 0 0 0 0 0 0 0 0 0 0 0 0 0 0 0 0 0 0 0 0 0 0 0 0 0 0 0 0 0 0 0 0 0 0 0 0 0 0 0 0 0 0 0 0 0 0 0 0 0 0 0 0 0 0 0 0 0 0 0 0 0 0 0 0 0 0 0 0 0 0 0 0 0 0 0 0 0 0 0 0 0 0 0 0 0]
[1433488781053340460171880353603252267881422849523657483458189735729642341826959035629388054138246531050213498878210209794484065918382378884925101133295484751304763520947586576866185628635622351477385373319753294422966765116326897627747212530176714431893007593096926339953070556441151847741860945198690095303996012327910437521453200 0 0 0 0 0 0 0 0 0 0 0 0 0 0 0 0 0 0 0 0 0 0 0 0 1 0 0 0 0 0 0 0 0 0 0 0 0 0 0 0 0 0 0 0 0 0 0 0 0 0 0 0 0 0 0 0 0 0 0 0 0 0 0 0 0 0 0 0 0 0 0 0 0 0 0 0 0 0 0 0 0 0 0 0 0 0 0 0 0 0 0 0 0 0 0 0 0 0 0 0 0 0 0 0 0 0 0 0 0]
[11655760023854902298801097233335554321943382137661171359746542120845681063015915128358823306477669507682802996310856825290025675394527839163777865186290401510268187740634325026655217559527309161588013653210121330519413401625523395329868244378794764391755008105186867876980559209405262362087155798239705859610456243003788887914958968 0 0 0 0 0 0 0 0 0 0 0 0 0 0 0 0 0 0 0 0 0 0 0 0 0 1 0 0 0 0 0 0 0 0 0 0 0 0 0 0 0 0 0 0 0 0 0 0 0 0 0 0 0 0 0 0 0 0 0 0 0 0 0 0 0 0 0 0 0 0 0 0 0 0 0 0 0 0 0 0 0 0 0 0 0 0 0 0 0 0 0 0 0 0 0 0 0 0 0 0 0 0 0 0 0 0 0 0 0]
[6318363683394388410634591344194178871642757900902945705599143904359779094970703666548373615582115550434475086447920937849204095237011943931441872453083229890109803117476886744054024486945637974684068931763200493036751732534417192338774336282737730826212863431944861754866152884730594392581037686424042414361325846784313480013631462 0 0 0 0 0 0 0 0 0 0 0 0 0 0 0 0 0 0 0 0 0 0 0 0 0 0 1 0 0 0 0 0 0 0 0 0 0 0 0 0 0 0 0 0 0 0 0 0 0 0 0 0 0 0 0 0 0 0 0 0 0 0 0 0 0 0 0 0 0 0 0 0 0 0 0 0 0 0 0 0 0 0 0 0 0 0 0 0 0 0 0 0 0 0 0 0 0 0 0 0 0 0 0 0 0 0 0 0 0]
[48805396724328728670691309313683433174013113953124200125890462468242331274808704555597913642650354583524806900887236172521932237968214602678959261249673185802960509499338577636566075725012568459079790378318410001953075781585006451439553840870913019428166100963213312289926896875378004203560485518808435202618568325380471483578960 0 0 0 0 0 0 0 0 0 0 0 0 0 0 0 0 0 0 0 0 0 0 0 0 0 0 0 1 0 0 0 0 0 0 0 0 0 0 0 0 0 0 0 0 0 0 0 0 0 0 0 0 0 0 0 0 0 0 0 0 0 0 0 0 0 0 0 0 0 0 0 0 0 0 0 0 0 0 0 0 0 0 0 0 0 0 0 0 0 0 0 0 0 0 0 0 0 0 0 0 0 0 0 0 0 0 0 0 0]
[11171668984361444433356566668904635477802366320244381119104944834714704352615135752088234267915896135813810695213998983738523432536262863814989668540138896691400352770121675247910459303926944581044016694870874531368989816022195159410941244074387630325136795905701536686500028947486977587400177847865119530187192946297110083923165077 0 0 0 0 0 0 0 0 0 0 0 0 0 0 0 0 0 0 0 0 0 0 0 0 0 0 0 0 1 0 0 0 0 0 0 0 0 0 0 0 0 0 0 0 0 0 0 0 0 0 0 0 0 0 0 0 0 0 0 0 0 0 0 0 0 0 0 0 0 0 0 0 0 0 0 0 0 0 0 0 0 0 0 0 0 0 0 0 0 0 0 0 0 0 0 0 0 0 0 0 0 0 0 0 0 0 0 0 0]
[5512784611458158875660742829886897243772847599522027381801923171634266196805290075166518195114876130137216322580624833869033536887647116923674425317580140659109515539031394224427459225653894401904431187396348107574448339899376642745221943816583918948617792188381349209651871747990948115272411863182551741149839527507506984185918139 0 0 0 0 0 0 0 0 0 0 0 0 0 0 0 0 0 0 0 0 0 0 0 0 0 0 0 0 0 1 0 0 0 0 0 0 0 0 0 0 0 0 0 0 0 0 0 0 0 0 0 0 0 0 0 0 0 0 0 0 0 0 0 0 0 0 0 0 0 0 0 0 0 0 0 0 0 0 0 0 0 0 0 0 0 0 0 0 0 0 0 0 0 0 0 0 0 0 0 0 0 0 0 0 0 0 0 0 0]
[4566725631333904555871631665585041870703556731949755998156020700173465799239509020647775788607303338576180739094009544292473325540966845070150171651722593935997214980008599776617408256729578716454358578324338596740139084282665650975363629739587570619191284078850033684840849121487934046301882915002480366892580122751564394373914996 0 0 0 0 0 0 0 0 0 0 0 0 0 0 0 0 0 0 0 0 0 0 0 0 0 0 0 0 0 0 1 0 0 0 0 0 0 0 0 0 0 0 0 0 0 0 0 0 0 0 0 0 0 0 0 0 0 0 0 0 0 0 0 0 0 0 0 0 0 0 0 0 0 0 0 0 0 0 0 0 0 0 0 0 0 0 0 0 0 0 0 0 0 0 0 0 0 0 0 0 0 0 0 0 0 0 0 0 0]
[4765070502928763231826307657549200142577367830628164472945100430773839997022567614488670778714459336538894304266214180336962539602698695735027938777141121205476644755051900735108251909823682487160767606584513825820399539189280026951646231682507084200127347851340002102724435544798270620279958679772048780487733020545372742362407645 0 0 0 0 0 0 0 0 0 0 0 0 0 0 0 0 0 0 0 0 0 0 0 0 0 0 0 0 0 0 0 1 0 0 0 0 0 0 0 0 0 0 0 0 0 0 0 0 0 0 0 0 0 0 0 0 0 0 0 0 0 0 0 0 0 0 0 0 0 0 0 0 0 0 0 0 0 0 0 0 0 0 0 0 0 0 0 0 0 0 0 0 0 0 0 0 0 0 0 0 0 0 0 0 0 0 0 0 0]
[10895718809506249965267270645573597382825925613479589728030223040916508669133510880229837848966338474064978718775848561017451391692665927238421672167942623691217938989820332078121606312120815755116961607803786402450896407226303673159933908032234227137674978880019136493257920081704776964823423307555635135913704048837727745057594045 0 0 0 0 0 0 0 0 0 0 0 0 0 0 0 0 0 0 0 0 0 0 0 0 0 0 0 0 0 0 0 0 1 0 0 0 0 0 0 0 0 0 0 0 0 0 0 0 0 0 0 0 0 0 0 0 0 0 0 0 0 0 0 0 0 0 0 0 0 0 0 0 0 0 0 0 0 0 0 0 0 0 0 0 0 0 0 0 0 0 0 0 0 0 0 0 0 0 0 0 0 0 0 0 0 0 0 0 0]
[7522345215845727446724261220642634998610332288671741451593983858103498577520198679140839069147543106816469646443452728326292339618508977200009521449339610625144400807497327917872241997045735676852600251268536051239026187749305816626744536665580722796795906398067082308994707042206788492301770921263486477239283215895764149409512036 0 0 0 0 0 0 0 0 0 0 0 0 0 0 0 0 0 0 0 0 0 0 0 0 0 0 0 0 0 0 0 0 0 1 0 0 0 0 0 0 0 0 0 0 0 0 0 0 0 0 0 0 0 0 0 0 0 0 0 0 0 0 0 0 0 0 0 0 0 0 0 0 0 0 0 0 0 0 0 0 0 0 0 0 0 0 0 0 0 0 0 0 0 0 0 0 0 0 0 0 0 0 0 0 0 0 0 0 0]
[8504094584927117325913371259736172351937857609432759717481271994375316017294493811122788068058556966049105870144005201210736529961247856545861813950964206070106086533089751906048996316813244607532723384555070688411828454982176408027348512686600414092905056043087334441559731489387322661947505711363433945324679326633128556100282579 0 0 0 0 0 0 0 0 0 0 0 0 0 0 0 0 0 0 0 0 0 0 0 0 0 0 0 0 0 0 0 0 0 0 1 0 0 0 0 0 0 0 0 0 0 0 0 0 0 0 0 0 0 0 0 0 0 0 0 0 0 0 0 0 0 0 0 0 0 0 0 0 0 0 0 0 0 0 0 0 0 0 0 0 0 0 0 0 0 0 0 0 0 0 0 0 0 0 0 0 0 0 0 0 0 0 0 0 0]
[2106681401174768917196241199510690509036647809266838119414816646614827786674636359649040425372044217012600915365159281653641093666318570989347650253935543655685236912416750078255003138425895410984298414647985526752538838611319897497899731733752688907189755115127116937332470850679236889354347576479231695256742813292766045639265933 0 0 0 0 0 0 0 0 0 0 0 0 0 0 0 0 0 0 0 0 0 0 0 0 0 0 0 0 0 0 0 0 0 0 0 1 0 0 0 0 0 0 0 0 0 0 0 0 0 0 0 0 0 0 0 0 0 0 0 0 0 0 0 0 0 0 0 0 0 0 0 0 0 0 0 0 0 0 0 0 0 0 0 0 0 0 0 0 0 0 0 0 0 0 0 0 0 0 0 0 0 0 0 0 0 0 0 0 0]
[5186033745156668514314462892871394314305771337244355288530832601504692968332922359203933316507568045705579821784110234214150507963207145728177226616208339656155869004107445423396828847254184541303883903004008184418661380841728928260638076076044515582058001605591915163867906112923044178556931353380603561966380626714892091527710584 0 0 0 0 0 0 0 0 0 0 0 0 0 0 0 0 0 0 0 0 0 0 0 0 0 0 0 0 0 0 0 0 0 0 0 0 1 0 0 0 0 0 0 0 0 0 0 0 0 0 0 0 0 0 0 0 0 0 0 0 0 0 0 0 0 0 0 0 0 0 0 0 0 0 0 0 0 0 0 0 0 0 0 0 0 0 0 0 0 0 0 0 0 0 0 0 0 0 0 0 0 0 0 0 0 0 0 0 0]
[6162185475090051784157104400928817386356352380338622916636322498994985340668019356182109031679158435479977660090901431843523574899157266695571972782027444579322598945890092836505077237334582339745078576902603234774116589102649169276969670319456282534885247406949481158575141524333318509767029664994744052020493877043401272450233604 0 0 0 0 0 0 0 0 0 0 0 0 0 0 0 0 0 0 0 0 0 0 0 0 0 0 0 0 0 0 0 0 0 0 0 0 0 1 0 0 0 0 0 0 0 0 0 0 0 0 0 0 0 0 0 0 0 0 0 0 0 0 0 0 0 0 0 0 0 0 0 0 0 0 0 0 0 0 0 0 0 0 0 0 0 0 0 0 0 0 0 0 0 0 0 0 0 0 0 0 0 0 0 0 0 0 0 0 0]
[2163296969780404346189600627341302498527989241928422279163575126284101040880573293759901870445464925297821621338103775232879643992510032471438018095999537600292952564141633353796069155777786964029875155475457254872734401557511689956302071523096966113067882416941649184306450971917573534203696131428129368282088430801717612410613086 0 0 0 0 0 0 0 0 0 0 0 0 0 0 0 0 0 0 0 0 0 0 0 0 0 0 0 0 0 0 0 0 0 0 0 0 0 0 1 0 0 0 0 0 0 0 0 0 0 0 0 0 0 0 0 0 0 0 0 0 0 0 0 0 0 0 0 0 0 0 0 0 0 0 0 0 0 0 0 0 0 0 0 0 0 0 0 0 0 0 0 0 0 0 0 0 0 0 0 0 0 0 0 0 0 0 0 0 0]
[9447556230878586884361748490775320760600504796878273305699931369493439570440426140510816406211474932967704693449005688968859133489332289131558572388918214904386311033715099988854290597353281395605116289459745298804123534569582139852633707894917830745607293219233943935494291621250547863047489678523071401649447168456170821647130970 0 0 0 0 0 0 0 0 0 0 0 0 0 0 0 0 0 0 0 0 0 0 0 0 0 0 0 0 0 0 0 0 0 0 0 0 0 0 0 1 0 0 0 0 0 0 0 0 0 0 0 0 0 0 0 0 0 0 0 0 0 0 0 0 0 0 0 0 0 0 0 0 0 0 0 0 0 0 0 0 0 0 0 0 0 0 0 0 0 0 0 0 0 0 0 0 0 0 0 0 0 0 0 0 0 0 0 0 0]
[7677626099681868991503645838423326468558961514626812173830115379816257008090723700523103411610341009528408920955163291872533114807397830979969804253058047894123262946380608225473656802992392527451585153598750208303998893716112896966930437731345296958490388472629950403727448150864330797314461580899284396687437057015702529329427109 0 0 0 0 0 0 0 0 0 0 0 0 0 0 0 0 0 0 0 0 0 0 0 0 0 0 0 0 0 0 0 0 0 0 0 0 0 0 0 0 1 0 0 0 0 0 0 0 0 0 0 0 0 0 0 0 0 0 0 0 0 0 0 0 0 0 0 0 0 0 0 0 0 0 0 0 0 0 0 0 0 0 0 0 0 0 0 0 0 0 0 0 0 0 0 0 0 0 0 0 0 0 0 0 0 0 0 0 0]
[9297794122397233632707548472264471568475157502664173568850089658134074070680004843971364052150074265428895872614554882258855502037169824004332423526529441205371810385973007559718924167722768602370895638812772609422487385812313912814958251279604770321662199609120443461006457485405300519846765011961310743110380430708202398991331643 0 0 0 0 0 0 0 0 0 0 0 0 0 0 0 0 0 0 0 0 0 0 0 0 0 0 0 0 0 0 0 0 0 0 0 0 0 0 0 0 0 1 0 0 0 0 0 0 0 0 0 0 0 0 0 0 0 0 0 0 0 0 0 0 0 0 0 0 0 0 0 0 0 0 0 0 0 0 0 0 0 0 0 0 0 0 0 0 0 0 0 0 0 0 0 0 0 0 0 0 0 0 0 0 0 0 0 0 0]
[1331534077170460674995071978047729144617180914937104562619680025721559649490927824754229681773670980224035443332833247160603859873003863303389288505987999911280747730735142116386401672117381643401647876372996824943839447298295763229250498479944510877588018255076517955348553317366831675478924678064732654877511682529794671168764466 0 0 0 0 0 0 0 0 0 0 0 0 0 0 0 0 0 0 0 0 0 0 0 0 0 0 0 0 0 0 0 0 0 0 0 0 0 0 0 0 0 0 1 0 0 0 0 0 0 0 0 0 0 0 0 0 0 0 0 0 0 0 0 0 0 0 0 0 0 0 0 0 0 0 0 0 0 0 0 0 0 0 0 0 0 0 0 0 0 0 0 0 0 0 0 0 0 0 0 0 0 0 0 0 0 0 0 0 0]
[11807215857945106368770419276906808051000339466417212600731805391950990880846142503592725437126017400522739900831227506231000258294826837871013231380693730127914452978742321827134678050940704882589050265317718461205484314583802014109371137341388773051053565489497968089030236352489789165951473579340018245117961216221621929383915979 0 0 0 0 0 0 0 0 0 0 0 0 0 0 0 0 0 0 0 0 0 0 0 0 0 0 0 0 0 0 0 0 0 0 0 0 0 0 0 0 0 0 0 1 0 0 0 0 0 0 0 0 0 0 0 0 0 0 0 0 0 0 0 0 0 0 0 0 0 0 0 0 0 0 0 0 0 0 0 0 0 0 0 0 0 0 0 0 0 0 0 0 0 0 0 0 0 0 0 0 0 0 0 0 0 0 0 0 0]
[9903473479668977394339116812244447425797037235021682217292073354079144397308807264239936256479957175905384312293291926957086978530186119861178116866266496576264823619077574078885249326114656464417735838228792147969996169654406764957985681517881083734368312305488975734904959422973923067179375187750168608958597196376047537467256279 0 0 0 0 0 0 0 0 0 0 0 0 0 0 0 0 0 0 0 0 0 0 0 0 0 0 0 0 0 0 0 0 0 0 0 0 0 0 0 0 0 0 0 0 1 0 0 0 0 0 0 0 0 0 0 0 0 0 0 0 0 0 0 0 0 0 0 0 0 0 0 0 0 0 0 0 0 0 0 0 0 0 0 0 0 0 0 0 0 0 0 0 0 0 0 0 0 0 0 0 0 0 0 0 0 0 0 0 0]
[2072440775572445692833195792009725964500890991513772104021237632963845581348183246178870999539223570553227151759753457012381900358622642547150425797590934415964101988865861547281290983189516118519295348587716768558362469572912781823903772514860854212568821434651641458983947230872233127444485467461776590598196275120632656872818372 0 0 0 0 0 0 0 0 0 0 0 0 0 0 0 0 0 0 0 0 0 0 0 0 0 0 0 0 0 0 0 0 0 0 0 0 0 0 0 0 0 0 0 0 0 1 0 0 0 0 0 0 0 0 0 0 0 0 0 0 0 0 0 0 0 0 0 0 0 0 0 0 0 0 0 0 0 0 0 0 0 0 0 0 0 0 0 0 0 0 0 0 0 0 0 0 0 0 0 0 0 0 0 0 0 0 0 0 0]
[1201309822639719216829185102045737183531848997271915189583766923521805397148126659271225414553770353997921084017104108609857515176729902129240263329235297739712474286451269058285967768040926415054893579640251575830629979835259331570891688485923842528038620928655137388438264121259590350071880840070166641076058207548522952770980784 0 0 0 0 0 0 0 0 0 0 0 0 0 0 0 0 0 0 0 0 0 0 0 0 0 0 0 0 0 0 0 0 0 0 0 0 0 0 0 0 0 0 0 0 0 0 1 0 0 0 0 0 0 0 0 0 0 0 0 0 0 0 0 0 0 0 0 0 0 0 0 0 0 0 0 0 0 0 0 0 0 0 0 0 0 0 0 0 0 0 0 0 0 0 0 0 0 0 0 0 0 0 0 0 0 0 0 0 0]
[9259886929052210967451795762450092592716691704132608262146773420524947933452439352280621055291676244232240509738371202076740590285822359746597469461872588908713900620202401160371797173111386845109790860525023150283826647684615404358976748948394219478553026730256348106718352864364055678424893877112677873181783157236513605642927427 0 0 0 0 0 0 0 0 0 0 0 0 0 0 0 0 0 0 0 0 0 0 0 0 0 0 0 0 0 0 0 0 0 0 0 0 0 0 0 0 0 0 0 0 0 0 0 1 0 0 0 0 0 0 0 0 0 0 0 0 0 0 0 0 0 0 0 0 0 0 0 0 0 0 0 0 0 0 0 0 0 0 0 0 0 0 0 0 0 0 0 0 0 0 0 0 0 0 0 0 0 0 0 0 0 0 0 0 0]
[6387369427858026240065977761455492075219210745656821960336361590783062556270897486176490462309387084824237222361823588606515230678210084753661412716283879169938747097852994356749692463918637649879491254438020078818184079422243726592143145662583707426526327708523178489964853056694259657657321743720038535540011103769331285018902409 0 0 0 0 0 0 0 0 0 0 0 0 0 0 0 0 0 0 0 0 0 0 0 0 0 0 0 0 0 0 0 0 0 0 0 0 0 0 0 0 0 0 0 0 0 0 0 0 1 0 0 0 0 0 0 0 0 0 0 0 0 0 0 0 0 0 0 0 0 0 0 0 0 0 0 0 0 0 0 0 0 0 0 0 0 0 0 0 0 0 0 0 0 0 0 0 0 0 0 0 0 0 0 0 0 0 0 0 0]
[6252468572423019395677165346775384164829584096469539070799858489724789661218764864480994949712500377087185050165296503523993174919880706055151108813955994055558734500327760517892189449697446321206296546786228951872663450806630384884668934149997297917365975954739291650661705161966328728786216543449025661743326519128799766448666041 0 0 0 0 0 0 0 0 0 0 0 0 0 0 0 0 0 0 0 0 0 0 0 0 0 0 0 0 0 0 0 0 0 0 0 0 0 0 0 0 0 0 0 0 0 0 0 0 0 1 0 0 0 0 0 0 0 0 0 0 0 0 0 0 0 0 0 0 0 0 0 0 0 0 0 0 0 0 0 0 0 0 0 0 0 0 0 0 0 0 0 0 0 0 0 0 0 0 0 0 0 0 0 0 0 0 0 0 0]
[11212848527913181134210844774095692573885772523726746896633302722738280854198251500661018465796959735450673532903208409406876848065127464475118409349272709630872125023247746128360373524075968785747682831599524508708001074226768271741084636541751958144878903879683437823203365165062401590890396639429118594116344048089265577373964905 0 0 0 0 0 0 0 0 0 0 0 0 0 0 0 0 0 0 0 0 0 0 0 0 0 0 0 0 0 0 0 0 0 0 0 0 0 0 0 0 0 0 0 0 0 0 0 0 0 0 1 0 0 0 0 0 0 0 0 0 0 0 0 0 0 0 0 0 0 0 0 0 0 0 0 0 0 0 0 0 0 0 0 0 0 0 0 0 0 0 0 0 0 0 0 0 0 0 0 0 0 0 0 0 0 0 0 0 0]
[9970244426948745046111303334343320285825638367289371296642996893109138568579606374162484559789541717137058374961811236103037513946110301131991295730639563373924871260862163615393137137702589220270281407506735842567784040241876686616792751868726724306543009294400176374107964546222195471091067995279333515560849403513680140436666399 0 0 0 0 0 0 0 0 0 0 0 0 0 0 0 0 0 0 0 0 0 0 0 0 0 0 0 0 0 0 0 0 0 0 0 0 0 0 0 0 0 0 0 0 0 0 0 0 0 0 0 1 0 0 0 0 0 0 0 0 0 0 0 0 0 0 0 0 0 0 0 0 0 0 0 0 0 0 0 0 0 0 0 0 0 0 0 0 0 0 0 0 0 0 0 0 0 0 0 0 0 0 0 0 0 0 0 0 0]
[8403115769874765126338193366279329208395639396891795483856289707989053920392207412376227015520264234484599576574958034585206779414962351519150323020091802232232829342929719387509532873435227453895825142278635200296747724706396730727982449778681740296755744334365870987000604466293811627360341352515751177548332979899982852885301561 0 0 0 0 0 0 0 0 0 0 0 0 0 0 0 0 0 0 0 0 0 0 0 0 0 0 0 0 0 0 0 0 0 0 0 0 0 0 0 0 0 0 0 0 0 0 0 0 0 0 0 0 1 0 0 0 0 0 0 0 0 0 0 0 0 0 0 0 0 0 0 0 0 0 0 0 0 0 0 0 0 0 0 0 0 0 0 0 0 0 0 0 0 0 0 0 0 0 0 0 0 0 0 0 0 0 0 0 0]
[5976156344109833479975595857679627600580940726009346998506847314803786343027985760696252998634946122066603185599743354215004765351443262000840865070342414104369945624610307715191238937713893224676973595563588214357604221709931096519962563084218117965060102466809648690493790495971524343106369724997816525311723835136286915254156259 0 0 0 0 0 0 0 0 0 0 0 0 0 0 0 0 0 0 0 0 0 0 0 0 0 0 0 0 0 0 0 0 0 0 0 0 0 0 0 0 0 0 0 0 0 0 0 0 0 0 0 0 0 1 0 0 0 0 0 0 0 0 0 0 0 0 0 0 0 0 0 0 0 0 0 0 0 0 0 0 0 0 0 0 0 0 0 0 0 0 0 0 0 0 0 0 0 0 0 0 0 0 0 0 0 0 0 0 0]
[6228252542161200349900667562338364664167604867221362986441901980915762402116278928149339069102596908484379069808221002622597130663714059718567921369149995835359532634039137556784453551033295204694700531157624973316080963811758261569043950541651963800262149882757666695696707568822832755301085638161633674343604243438072361654134402 0 0 0 0 0 0 0 0 0 0 0 0 0 0 0 0 0 0 0 0 0 0 0 0 0 0 0 0 0 0 0 0 0 0 0 0 0 0 0 0 0 0 0 0 0 0 0 0 0 0 0 0 0 0 1 0 0 0 0 0 0 0 0 0 0 0 0 0 0 0 0 0 0 0 0 0 0 0 0 0 0 0 0 0 0 0 0 0 0 0 0 0 0 0 0 0 0 0 0 0 0 0 0 0 0 0 0 0 0]
[7651304227556729062271582283049161515540314920067018650036219637438579798381940393872387972196974850871748761906858614429058551782402025262047088950229674951572141456172383119371751607575415142849670108931603176523994405707231996837018958976047057485844871055831490088791868238446014401876059736233646985566553161306312694262163176 0 0 0 0 0 0 0 0 0 0 0 0 0 0 0 0 0 0 0 0 0 0 0 0 0 0 0 0 0 0 0 0 0 0 0 0 0 0 0 0 0 0 0 0 0 0 0 0 0 0 0 0 0 0 0 1 0 0 0 0 0 0 0 0 0 0 0 0 0 0 0 0 0 0 0 0 0 0 0 0 0 0 0 0 0 0 0 0 0 0 0 0 0 0 0 0 0 0 0 0 0 0 0 0 0 0 0 0 0]
[2228233875681548618018243000316991224942333240706394426531065397448294008264296278114947739901172260554883312193987873847314044088046083504561836182144558014739196890949686960156654845175197722141723050900962186533973401397294480204991006912561743495271077825105411752780972427422516293874247420984917620013443769082420067962660734 0 0 0 0 0 0 0 0 0 0 0 0 0 0 0 0 0 0 0 0 0 0 0 0 0 0 0 0 0 0 0 0 0 0 0 0 0 0 0 0 0 0 0 0 0 0 0 0 0 0 0 0 0 0 0 0 1 0 0 0 0 0 0 0 0 0 0 0 0 0 0 0 0 0 0 0 0 0 0 0 0 0 0 0 0 0 0 0 0 0 0 0 0 0 0 0 0 0 0 0 0 0 0 0 0 0 0 0 0]
[10633134097602535192972681537426455650604475876515074005190082678259541832405838426859379920916943449214719946391956110598343253204543668726729156677918324056283234299041306864050498300108531581202533082931765765512319431352109335139270697775417006981292978610671750219840008750760786168313288374995104322672771123375341416023962677 0 0 0 0 0 0 0 0 0 0 0 0 0 0 0 0 0 0 0 0 0 0 0 0 0 0 0 0 0 0 0 0 0 0 0 0 0 0 0 0 0 0 0 0 0 0 0 0 0 0 0 0 0 0 0 0 0 1 0 0 0 0 0 0 0 0 0 0 0 0 0 0 0 0 0 0 0 0 0 0 0 0 0 0 0 0 0 0 0 0 0 0 0 0 0 0 0 0 0 0 0 0 0 0 0 0 0 0 0]
[10664233748925043166822292964227879478254384456601659790490047386370975494656423799921918087950876062099020672412723853151165401288708102747924391522183835666087050205388407214978660670254140070007737938334291984778067279411253359345098003744151356658111818714629147889115411336500068808261615433218684388076296361517299673603383658 0 0 0 0 0 0 0 0 0 0 0 0 0 0 0 0 0 0 0 0 0 0 0 0 0 0 0 0 0 0 0 0 0 0 0 0 0 0 0 0 0 0 0 0 0 0 0 0 0 0 0 0 0 0 0 0 0 0 1 0 0 0 0 0 0 0 0 0 0 0 0 0 0 0 0 0 0 0 0 0 0 0 0 0 0 0 0 0 0 0 0 0 0 0 0 0 0 0 0 0 0 0 0 0 0 0 0 0 0]
[8197830212001985235392476014462366048500217344416450742722511338827892702377881110243091506115123678140399307351708867151830200521190101642749791483322384148781901719231536928366608896248850153284518079925128653347176438576641325729764890041140677591221192102958950517785783746656286677901954460139720118934297369263458324321509972 0 0 0 0 0 0 0 0 0 0 0 0 0 0 0 0 0 0 0 0 0 0 0 0 0 0 0 0 0 0 0 0 0 0 0 0 0 0 0 0 0 0 0 0 0 0 0 0 0 0 0 0 0 0 0 0 0 0 0 1 0 0 0 0 0 0 0 0 0 0 0 0 0 0 0 0 0 0 0 0 0 0 0 0 0 0 0 0 0 0 0 0 0 0 0 0 0 0 0 0 0 0 0 0 0 0 0 0 0]
[4263893144978758764611343883290341544861447762350099545030498578074315989321216384328594304099335795426473780135180664753022160150289965777684803588919198106152294173007681554079337977572170592707781123817128610956315731160472103348982689090237629727784774128047718338446111782803341948774460008206285616139879725245810143770870590 0 0 0 0 0 0 0 0 0 0 0 0 0 0 0 0 0 0 0 0 0 0 0 0 0 0 0 0 0 0 0 0 0 0 0 0 0 0 0 0 0 0 0 0 0 0 0 0 0 0 0 0 0 0 0 0 0 0 0 0 1 0 0 0 0 0 0 0 0 0 0 0 0 0 0 0 0 0 0 0 0 0 0 0 0 0 0 0 0 0 0 0 0 0 0 0 0 0 0 0 0 0 0 0 0 0 0 0 0]
[7047117209916105182995015589184853665299018696755340457727300159019830520740910122339762651483814918646603338104189008346035511884903749086186996908146925659020670867352468504137623073512887820012858878627973309663662423892822048182613960533951673432518317127791484918637138315700515948978370413633357479349619375682568293795970314 0 0 0 0 0 0 0 0 0 0 0 0 0 0 0 0 0 0 0 0 0 0 0 0 0 0 0 0 0 0 0 0 0 0 0 0 0 0 0 0 0 0 0 0 0 0 0 0 0 0 0 0 0 0 0 0 0 0 0 0 0 1 0 0 0 0 0 0 0 0 0 0 0 0 0 0 0 0 0 0 0 0 0 0 0 0 0 0 0 0 0 0 0 0 0 0 0 0 0 0 0 0 0 0 0 0 0 0 0]
[10467354620323231541728572879135936056420908599108560875346174556539587416766641294054077451506737018979467763875749959980623253568278848078674691871714637520818879690872294803366995673734715087716685022707113566936649095023965452719562911881632851005879316069638262184650918958303297706649063320311367742561017675997017480768237265 0 0 0 0 0 0 0 0 0 0 0 0 0 0 0 0 0 0 0 0 0 0 0 0 0 0 0 0 0 0 0 0 0 0 0 0 0 0 0 0 0 0 0 0 0 0 0 0 0 0 0 0 0 0 0 0 0 0 0 0 0 0 1 0 0 0 0 0 0 0 0 0 0 0 0 0 0 0 0 0 0 0 0 0 0 0 0 0 0 0 0 0 0 0 0 0 0 0 0 0 0 0 0 0 0 0 0 0 0]
[3243937166613441018324185055355220485417452109646999340500865693086254720908360862155958710673112291788025255531088457630149240085825833176531221488148770854791371699049870262473620531733344739515114726830167404481999622598927964947599229338598151624441260381958291570530989390596045759277935314496795177053059588761908253510574875 0 0 0 0 0 0 0 0 0 0 0 0 0 0 0 0 0 0 0 0 0 0 0 0 0 0 0 0 0 0 0 0 0 0 0 0 0 0 0 0 0 0 0 0 0 0 0 0 0 0 0 0 0 0 0 0 0 0 0 0 0 0 0 1 0 0 0 0 0 0 0 0 0 0 0 0 0 0 0 0 0 0 0 0 0 0 0 0 0 0 0 0 0 0 0 0 0 0 0 0 0 0 0 0 0 0 0 0 0]
[3793102812243319770840499965440463515602039577861607917642159937139057324121922499733100904556338043136511204411694826570986423107331761613890813058557494585183823710443363585139052189636212351625481680722462771440447266334070276211353461280663846942285907571648999883501932466695926515216206544928179368890486495362320931305848421 0 0 0 0 0 0 0 0 0 0 0 0 0 0 0 0 0 0 0 0 0 0 0 0 0 0 0 0 0 0 0 0 0 0 0 0 0 0 0 0 0 0 0 0 0 0 0 0 0 0 0 0 0 0 0 0 0 0 0 0 0 0 0 0 1 0 0 0 0 0 0 0 0 0 0 0 0 0 0 0 0 0 0 0 0 0 0 0 0 0 0 0 0 0 0 0 0 0 0 0 0 0 0 0 0 0 0 0 0]
[4421903673431828824849809000413272910391601465473731721566623720990258775851841850221869410842943849662232715333692661541302030213821348445172141579841047621819780603323528203153790536777349242568430866508596067332962591956786038936356125833674267760741162625896944863815706712248579803048744279346346863199289421601832645557387807 0 0 0 0 0 0 0 0 0 0 0 0 0 0 0 0 0 0 0 0 0 0 0 0 0 0 0 0 0 0 0 0 0 0 0 0 0 0 0 0 0 0 0 0 0 0 0 0 0 0 0 0 0 0 0 0 0 0 0 0 0 0 0 0 0 1 0 0 0 0 0 0 0 0 0 0 0 0 0 0 0 0 0 0 0 0 0 0 0 0 0 0 0 0 0 0 0 0 0 0 0 0 0 0 0 0 0 0 0]
[8402980157479885664643392301215882652212429870249283752335783780406032163119696693986939457733483062914950060282107166583222039907246498311464794573906538217200275459533592039451695897987433964159884494568756732792323889282155323969999450916717835067082175272559589939742319840127138329704731238361485845284264149492184485820961641 0 0 0 0 0 0 0 0 0 0 0 0 0 0 0 0 0 0 0 0 0 0 0 0 0 0 0 0 0 0 0 0 0 0 0 0 0 0 0 0 0 0 0 0 0 0 0 0 0 0 0 0 0 0 0 0 0 0 0 0 0 0 0 0 0 0 1 0 0 0 0 0 0 0 0 0 0 0 0 0 0 0 0 0 0 0 0 0 0 0 0 0 0 0 0 0 0 0 0 0 0 0 0 0 0 0 0 0 0]
[1514678598433190986706259613717995165494620213578647199014914308215912908051862757910104584204350905174765740947930811537549790168656193117570446703083337352400249026507924519080647642240035791999162380751591681500248814448284200749837360392092146037112014860234012136072599864841321291565930245646197983611904679560151383297621084 0 0 0 0 0 0 0 0 0 0 0 0 0 0 0 0 0 0 0 0 0 0 0 0 0 0 0 0 0 0 0 0 0 0 0 0 0 0 0 0 0 0 0 0 0 0 0 0 0 0 0 0 0 0 0 0 0 0 0 0 0 0 0 0 0 0 0 1 0 0 0 0 0 0 0 0 0 0 0 0 0 0 0 0 0 0 0 0 0 0 0 0 0 0 0 0 0 0 0 0 0 0 0 0 0 0 0 0 0]
[535388155313103881262669504125505625992358238628175674791170752251236870730827554656922458722633066404709591890340350046416088288612410758722949672256903491746291576405232205099986633915635031679798083962443041919994622494273010972147523063335421202899491745673926457292841373323501148711035223467799112540071477640381822055216745 0 0 0 0 0 0 0 0 0 0 0 0 0 0 0 0 0 0 0 0 0 0 0 0 0 0 0 0 0 0 0 0 0 0 0 0 0 0 0 0 0 0 0 0 0 0 0 0 0 0 0 0 0 0 0 0 0 0 0 0 0 0 0 0 0 0 0 0 1 0 0 0 0 0 0 0 0 0 0 0 0 0 0 0 0 0 0 0 0 0 0 0 0 0 0 0 0 0 0 0 0 0 0 0 0 0 0 0 0]
[1019055593408638609974569867004862380033484206645809550960045017444215724999799906426321921247245701260138443001292251820164487940774018198206011548765638323261025785592972063409870835561948875489603408871403615682256273196563936279745914061540904480610880622940039047056563512337906685819800350406015878291051094511376133568210301 0 0 0 0 0 0 0 0 0 0 0 0 0 0 0 0 0 0 0 0 0 0 0 0 0 0 0 0 0 0 0 0 0 0 0 0 0 0 0 0 0 0 0 0 0 0 0 0 0 0 0 0 0 0 0 0 0 0 0 0 0 0 0 0 0 0 0 0 0 1 0 0 0 0 0 0 0 0 0 0 0 0 0 0 0 0 0 0 0 0 0 0 0 0 0 0 0 0 0 0 0 0 0 0 0 0 0 0 0]
[5549394208373772437783899277368995377489214118209097760197696873432850423371586566250538432728531382987615740172541094499840450652625358975768384567495507200192094600877324183355182901745910452094339290497054491218905468937419897839128197007304184674015223580546015928809234369427157746339248621541262053796942299352193935884059739 0 0 0 0 0 0 0 0 0 0 0 0 0 0 0 0 0 0 0 0 0 0 0 0 0 0 0 0 0 0 0 0 0 0 0 0 0 0 0 0 0 0 0 0 0 0 0 0 0 0 0 0 0 0 0 0 0 0 0 0 0 0 0 0 0 0 0 0 0 0 1 0 0 0 0 0 0 0 0 0 0 0 0 0 0 0 0 0 0 0 0 0 0 0 0 0 0 0 0 0 0 0 0 0 0 0 0 0 0]
[8968283777392714871146108348897451995611341161651102719418086801035369738445580147251757934551174553541189579560714181938263507317996818531028931387004237110386533161492053649200261547415005743248300049680577701883214770380600852438144885744856036963610952511496576073646336111966195619268777926249401653901665812126400543590705892 0 0 0 0 0 0 0 0 0 0 0 0 0 0 0 0 0 0 0 0 0 0 0 0 0 0 0 0 0 0 0 0 0 0 0 0 0 0 0 0 0 0 0 0 0 0 0 0 0 0 0 0 0 0 0 0 0 0 0 0 0 0 0 0 0 0 0 0 0 0 0 1 0 0 0 0 0 0 0 0 0 0 0 0 0 0 0 0 0 0 0 0 0 0 0 0 0 0 0 0 0 0 0 0 0 0 0 0 0]
[458152253159921073735137726542730861716680393918572395646150058319461388596028948051082080733184522935876200115850522065233819891941267262891148114161625242916817729420144988183023831672158656647892103136084381851663196247287537832518255641132275743877282558715209502439563886468840662943247189275689752069740474127532538708833704 0 0 0 0 0 0 0 0 0 0 0 0 0 0 0 0 0 0 0 0 0 0 0 0 0 0 0 0 0 0 0 0 0 0 0 0 0 0 0 0 0 0 0 0 0 0 0 0 0 0 0 0 0 0 0 0 0 0 0 0 0 0 0 0 0 0 0 0 0 0 0 0 1 0 0 0 0 0 0 0 0 0 0 0 0 0 0 0 0 0 0 0 0 0 0 0 0 0 0 0 0 0 0 0 0 0 0 0 0]
[2928206929540859127281035918249506955675157743347647608008712697697475776409184726456048967034052735889711363683715660563248227306701928425937046739941546930177478815565835604782466019461462956300721708496635755098058147631015610212218318892304515966522760454827221468411176364961584168941759200306296739928506249628692568989171369 0 0 0 0 0 0 0 0 0 0 0 0 0 0 0 0 0 0 0 0 0 0 0 0 0 0 0 0 0 0 0 0 0 0 0 0 0 0 0 0 0 0 0 0 0 0 0 0 0 0 0 0 0 0 0 0 0 0 0 0 0 0 0 0 0 0 0 0 0 0 0 0 0 1 0 0 0 0 0 0 0 0 0 0 0 0 0 0 0 0 0 0 0 0 0 0 0 0 0 0 0 0 0 0 0 0 0 0 0]
[5414755505943527858607865125319938260971270824944546090709233696027579900359419429101156335858187090031465137661496104290973675546824922735072979621507335606916242546881274148814739900896777530894721570885889775236295742757869061227170677728117355761449757147899133696231810263435277119218860317081278880479931748480093035017580138 0 0 0 0 0 0 0 0 0 0 0 0 0 0 0 0 0 0 0 0 0 0 0 0 0 0 0 0 0 0 0 0 0 0 0 0 0 0 0 0 0 0 0 0 0 0 0 0 0 0 0 0 0 0 0 0 0 0 0 0 0 0 0 0 0 0 0 0 0 0 0 0 0 0 1 0 0 0 0 0 0 0 0 0 0 0 0 0 0 0 0 0 0 0 0 0 0 0 0 0 0 0 0 0 0 0 0 0 0]
[11158832137129320096468987222044450700634425110941593098088369353621719310014627551541791944094736192132287769803806496315242817081719020151833277989061381511797418455231237225737914736068985307614569194381958582023580614983738394414399454639616668208156173555620220053052623482475527915290578024371017703272018500966631988205282730 0 0 0 0 0 0 0 0 0 0 0 0 0 0 0 0 0 0 0 0 0 0 0 0 0 0 0 0 0 0 0 0 0 0 0 0 0 0 0 0 0 0 0 0 0 0 0 0 0 0 0 0 0 0 0 0 0 0 0 0 0 0 0 0 0 0 0 0 0 0 0 0 0 0 0 1 0 0 0 0 0 0 0 0 0 0 0 0 0 0 0 0 0 0 0 0 0 0 0 0 0 0 0 0 0 0 0 0 0]
[3325065834314035882652054937728244154383338311123400782578801179778295952237730606257751724686829053191880408328379879912412034262794745094023900079354270184320503523869704240796094648095208336411311669052991820192276983494536451779270534125409135315658960925911071193242213400815283933726186431234192390216071474675963842806465610 0 0 0 0 0 0 0 0 0 0 0 0 0 0 0 0 0 0 0 0 0 0 0 0 0 0 0 0 0 0 0 0 0 0 0 0 0 0 0 0 0 0 0 0 0 0 0 0 0 0 0 0 0 0 0 0 0 0 0 0 0 0 0 0 0 0 0 0 0 0 0 0 0 0 0 0 1 0 0 0 0 0 0 0 0 0 0 0 0 0 0 0 0 0 0 0 0 0 0 0 0 0 0 0 0 0 0 0 0]
[7822523786024223716151035643368159087372208470665160459898413488779271192768453437053209822757292283548590816035958641064817060408131538853557961488205903769001239839160830897241527109289393764547959173122822547633594512945628681746027471189228659798412020736870559466492935499366134058103021892186518661943439459289533906480922077 0 0 0 0 0 0 0 0 0 0 0 0 0 0 0 0 0 0 0 0 0 0 0 0 0 0 0 0 0 0 0 0 0 0 0 0 0 0 0 0 0 0 0 0 0 0 0 0 0 0 0 0 0 0 0 0 0 0 0 0 0 0 0 0 0 0 0 0 0 0 0 0 0 0 0 0 0 1 0 0 0 0 0 0 0 0 0 0 0 0 0 0 0 0 0 0 0 0 0 0 0 0 0 0 0 0 0 0 0]
[10984925438902087557591547753487393509924844434724892605110541295527494417898525353204652510342944460065422130261315986577946761718501467998953716342789624527322599784326976890306857845581300104496654979777327103984274070454475585312142714416618389892976567990895700602498339564269711755662824834613010470851288386038382308643309242 0 0 0 0 0 0 0 0 0 0 0 0 0 0 0 0 0 0 0 0 0 0 0 0 0 0 0 0 0 0 0 0 0 0 0 0 0 0 0 0 0 0 0 0 0 0 0 0 0 0 0 0 0 0 0 0 0 0 0 0 0 0 0 0 0 0 0 0 0 0 0 0 0 0 0 0 0 0 1 0 0 0 0 0 0 0 0 0 0 0 0 0 0 0 0 0 0 0 0 0 0 0 0 0 0 0 0 0 0]
[6537287090008912876605111392117331924146581342349113761921535680697661210788990421495860538549803572421172119548797174184901856446844012369246505532282018383798707230745547585096441325531511056416924234819467984166306743167901643353991484927267060993279566801524273414344319362339926732820870221666679591385823297187287675906132279 0 0 0 0 0 0 0 0 0 0 0 0 0 0 0 0 0 0 0 0 0 0 0 0 0 0 0 0 0 0 0 0 0 0 0 0 0 0 0 0 0 0 0 0 0 0 0 0 0 0 0 0 0 0 0 0 0 0 0 0 0 0 0 0 0 0 0 0 0 0 0 0 0 0 0 0 0 0 0 1 0 0 0 0 0 0 0 0 0 0 0 0 0 0 0 0 0 0 0 0 0 0 0 0 0 0 0 0 0]
[4243498407140501398008899238965503451263733585653045016513508531271230232641418815489619951772147723450052964492265219897331364049039216513884606081570449597132551149573591506991822013529668098829494184666309663532103802176327189292794179516848119812394715495053047064023521513931205717276575432040660790415679868391994723537039412 0 0 0 0 0 0 0 0 0 0 0 0 0 0 0 0 0 0 0 0 0 0 0 0 0 0 0 0 0 0 0 0 0 0 0 0 0 0 0 0 0 0 0 0 0 0 0 0 0 0 0 0 0 0 0 0 0 0 0 0 0 0 0 0 0 0 0 0 0 0 0 0 0 0 0 0 0 0 0 0 1 0 0 0 0 0 0 0 0 0 0 0 0 0 0 0 0 0 0 0 0 0 0 0 0 0 0 0 0]
[5860781373903210881797712988937513660998326607116366354620562380477931201229956917800490208520596330429674357795787547572022228522008343565680349887322068254589079060103009816416294911793358264516569759322795229304260453059320069205157988838915999077311764040063022655296669252947467475227098400157057968468692936196199643883038249 0 0 0 0 0 0 0 0 0 0 0 0 0 0 0 0 0 0 0 0 0 0 0 0 0 0 0 0 0 0 0 0 0 0 0 0 0 0 0 0 0 0 0 0 0 0 0 0 0 0 0 0 0 0 0 0 0 0 0 0 0 0 0 0 0 0 0 0 0 0 0 0 0 0 0 0 0 0 0 0 0 1 0 0 0 0 0 0 0 0 0 0 0 0 0 0 0 0 0 0 0 0 0 0 0 0 0 0 0]
[7436512024760025739190915556159576176771435448763652975067423109402158820210123134776838146086224824453544168419267106239603839078555399724885492963484619259283757956494936482243448250237073409225281991525926830303692174158957032617831284272993339310011958298201247045597710537510203371515923917869841565332829264921497810084760339 0 0 0 0 0 0 0 0 0 0 0 0 0 0 0 0 0 0 0 0 0 0 0 0 0 0 0 0 0 0 0 0 0 0 0 0 0 0 0 0 0 0 0 0 0 0 0 0 0 0 0 0 0 0 0 0 0 0 0 0 0 0 0 0 0 0 0 0 0 0 0 0 0 0 0 0 0 0 0 0 0 0 1 0 0 0 0 0 0 0 0 0 0 0 0 0 0 0 0 0 0 0 0 0 0 0 0 0 0]
[9759211645981049330917304217126333220659923123949335138029565708639181600852564150705119066311337457595159494561969882122608698119699934815785739713147790985777869713941316657233222099138971646732476166546667026978722360126455767573086468435203836378415926537049943634615324617165593596824537380811888218287648539136973400813194067 0 0 0 0 0 0 0 0 0 0 0 0 0 0 0 0 0 0 0 0 0 0 0 0 0 0 0 0 0 0 0 0 0 0 0 0 0 0 0 0 0 0 0 0 0 0 0 0 0 0 0 0 0 0 0 0 0 0 0 0 0 0 0 0 0 0 0 0 0 0 0 0 0 0 0 0 0 0 0 0 0 0 0 1 0 0 0 0 0 0 0 0 0 0 0 0 0 0 0 0 0 0 0 0 0 0 0 0 0]
[6149201577870191181456373769084902141363365696401029161662813412341734296367589665512717714554309755286160465291501891077189403160379111212423746978994343407570408001628335299897039251902491235477911707074458432076858744043877070805499898252744405344277664327585916864425117953209650900672308798952607601526592314428790504509643879 0 0 0 0 0 0 0 0 0 0 0 0 0 0 0 0 0 0 0 0 0 0 0 0 0 0 0 0 0 0 0 0 0 0 0 0 0 0 0 0 0 0 0 0 0 0 0 0 0 0 0 0 0 0 0 0 0 0 0 0 0 0 0 0 0 0 0 0 0 0 0 0 0 0 0 0 0 0 0 0 0 0 0 0 1 0 0 0 0 0 0 0 0 0 0 0 0 0 0 0 0 0 0 0 0 0 0 0 0]
[9798778422245634557062539028354834027262661121247804019645325265202048555075255914038723192011757098766749259958005530417235158097435038321226068034510534654542855879647624554406361389344613323961481172583239020785526142213094904681015111731153146412357729091958478348050546068457091241747071848902287596257329985506133379768377808 0 0 0 0 0 0 0 0 0 0 0 0 0 0 0 0 0 0 0 0 0 0 0 0 0 0 0 0 0 0 0 0 0 0 0 0 0 0 0 0 0 0 0 0 0 0 0 0 0 0 0 0 0 0 0 0 0 0 0 0 0 0 0 0 0 0 0 0 0 0 0 0 0 0 0 0 0 0 0 0 0 0 0 0 0 1 0 0 0 0 0 0 0 0 0 0 0 0 0 0 0 0 0 0 0 0 0 0 0]
[7123562999842950093153320441573324974504009796080765883361339615794981567806210697351442445198085009676119762600972455540200482310285296199463040649897048797753486819604727550057908664451815408146500792129160022313038572903189956644548545549897309401790113355571507759594252704566847128818255028762507290579153322445081495987882229 0 0 0 0 0 0 0 0 0 0 0 0 0 0 0 0 0 0 0 0 0 0 0 0 0 0 0 0 0 0 0 0 0 0 0 0 0 0 0 0 0 0 0 0 0 0 0 0 0 0 0 0 0 0 0 0 0 0 0 0 0 0 0 0 0 0 0 0 0 0 0 0 0 0 0 0 0 0 0 0 0 0 0 0 0 0 1 0 0 0 0 0 0 0 0 0 0 0 0 0 0 0 0 0 0 0 0 0 0]
[1971945397642564015893431916079338660675112299843061526552960627175675810165441538313522135508271021145841444636123105832073382007347264441248372237119260349649129326415109915362532462153426799846752938903547762550508658322205201346702752773517062556294013062086862762615750976155976012891631673098883922673770447544854784835038142 0 0 0 0 0 0 0 0 0 0 0 0 0 0 0 0 0 0 0 0 0 0 0 0 0 0 0 0 0 0 0 0 0 0 0 0 0 0 0 0 0 0 0 0 0 0 0 0 0 0 0 0 0 0 0 0 0 0 0 0 0 0 0 0 0 0 0 0 0 0 0 0 0 0 0 0 0 0 0 0 0 0 0 0 0 0 0 1 0 0 0 0 0 0 0 0 0 0 0 0 0 0 0 0 0 0 0 0 0]
[3479570027601022904030376506385576313010756577085161978507431998969637194725289065027177592098802439562265387333968529207683699233015930996152890495428659025093648183167349979358231883907961954410459550648414378114625650791797262763510188949015591321469014592761818258819988733191323945941648793611569488744094006404320194320373912 0 0 0 0 0 0 0 0 0 0 0 0 0 0 0 0 0 0 0 0 0 0 0 0 0 0 0 0 0 0 0 0 0 0 0 0 0 0 0 0 0 0 0 0 0 0 0 0 0 0 0 0 0 0 0 0 0 0 0 0 0 0 0 0 0 0 0 0 0 0 0 0 0 0 0 0 0 0 0 0 0 0 0 0 0 0 0 0 1 0 0 0 0 0 0 0 0 0 0 0 0 0 0 0 0 0 0 0 0]
[1656128368550493058945307618675160454222829809630126364397134958534906775311221880923955853484311521958022518655019429263506359384840280518297736319048074896771854262774079443864781213627636102612480771078125214708279722848312403152615419931242449454943746836661228484777268947557995360565087386103963713095601959485123431357448599 0 0 0 0 0 0 0 0 0 0 0 0 0 0 0 0 0 0 0 0 0 0 0 0 0 0 0 0 0 0 0 0 0 0 0 0 0 0 0 0 0 0 0 0 0 0 0 0 0 0 0 0 0 0 0 0 0 0 0 0 0 0 0 0 0 0 0 0 0 0 0 0 0 0 0 0 0 0 0 0 0 0 0 0 0 0 0 0 0 1 0 0 0 0 0 0 0 0 0 0 0 0 0 0 0 0 0 0 0]
[3893723662143391918930192540681924345755868024606944577930219397953255033670445487914408742498588401464119389813131051577518127474039618864564430761312712934228463893472945147614950969708665683316343230539309715722428459789809528944695229976448191504283464668743172877363672379249236744536875758334435009126936379198842441152909841 0 0 0 0 0 0 0 0 0 0 0 0 0 0 0 0 0 0 0 0 0 0 0 0 0 0 0 0 0 0 0 0 0 0 0 0 0 0 0 0 0 0 0 0 0 0 0 0 0 0 0 0 0 0 0 0 0 0 0 0 0 0 0 0 0 0 0 0 0 0 0 0 0 0 0 0 0 0 0 0 0 0 0 0 0 0 0 0 0 0 1 0 0 0 0 0 0 0 0 0 0 0 0 0 0 0 0 0 0]
[7929437206076416233815838004498940635593159883346207766798142855174534444021119561949994807011543360875923478576892977632376835370644554288614900810815997173552224200232173018519534080397236235621205439650650153212494798378829623808972432287462862335417496834089551679691894602708542292455357208313476209736597900417969134078597911 0 0 0 0 0 0 0 0 0 0 0 0 0 0 0 0 0 0 0 0 0 0 0 0 0 0 0 0 0 0 0 0 0 0 0 0 0 0 0 0 0 0 0 0 0 0 0 0 0 0 0 0 0 0 0 0 0 0 0 0 0 0 0 0 0 0 0 0 0 0 0 0 0 0 0 0 0 0 0 0 0 0 0 0 0 0 0 0 0 0 0 1 0 0 0 0 0 0 0 0 0 0 0 0 0 0 0 0 0]
[2269039511333947250613881804498652637426959799989059213091211904198711687485134794374782182473405409654373675121940135190197348759767595097008743117826074076045236640847992458549429003662850287823966345152095810600209105510681732167457642673774324374263399759818580445974968819319669785060959184111946705031134213934602871910541631 0 0 0 0 0 0 0 0 0 0 0 0 0 0 0 0 0 0 0 0 0 0 0 0 0 0 0 0 0 0 0 0 0 0 0 0 0 0 0 0 0 0 0 0 0 0 0 0 0 0 0 0 0 0 0 0 0 0 0 0 0 0 0 0 0 0 0 0 0 0 0 0 0 0 0 0 0 0 0 0 0 0 0 0 0 0 0 0 0 0 0 0 1 0 0 0 0 0 0 0 0 0 0 0 0 0 0 0 0]
[11500457439069629666397103790884656470623308081549789150638495034855205512343573125321263970399699478791161239004397209649742475498848640449931165827416421184995958293012854284116810380117778326004868089071184672877615089902282555589832583831642282568323823059028861437223526796383786112609862961976722939408829409833845303753073018 0 0 0 0 0 0 0 0 0 0 0 0 0 0 0 0 0 0 0 0 0 0 0 0 0 0 0 0 0 0 0 0 0 0 0 0 0 0 0 0 0 0 0 0 0 0 0 0 0 0 0 0 0 0 0 0 0 0 0 0 0 0 0 0 0 0 0 0 0 0 0 0 0 0 0 0 0 0 0 0 0 0 0 0 0 0 0 0 0 0 0 0 0 1 0 0 0 0 0 0 0 0 0 0 0 0 0 0 0]
[4057422831358529238253079114877078469902675919548236832447864669909421065484046739834101829953591913835114123595785738348555687639162708572245155933955920430987784150831885628023326624592309982714645652076335128172009443658772287850583648544939065469752993768653945677279194757736421360198710885538756983886549222691409919368493795 0 0 0 0 0 0 0 0 0 0 0 0 0 0 0 0 0 0 0 0 0 0 0 0 0 0 0 0 0 0 0 0 0 0 0 0 0 0 0 0 0 0 0 0 0 0 0 0 0 0 0 0 0 0 0 0 0 0 0 0 0 0 0 0 0 0 0 0 0 0 0 0 0 0 0 0 0 0 0 0 0 0 0 0 0 0 0 0 0 0 0 0 0 0 1 0 0 0 0 0 0 0 0 0 0 0 0 0 0]
[5447375006666143126167015609072631272462414989032763566111004776284887966436652066278055221739756084910820979861439252980684545169962597647947045483529539043476206301080309476703208269178794098212863175474822534068631504076765228907818549675664871025077885462564818880817043922791106357535295118377308019309444043806780751097923922 0 0 0 0 0 0 0 0 0 0 0 0 0 0 0 0 0 0 0 0 0 0 0 0 0 0 0 0 0 0 0 0 0 0 0 0 0 0 0 0 0 0 0 0 0 0 0 0 0 0 0 0 0 0 0 0 0 0 0 0 0 0 0 0 0 0 0 0 0 0 0 0 0 0 0 0 0 0 0 0 0 0 0 0 0 0 0 0 0 0 0 0 0 0 0 1 0 0 0 0 0 0 0 0 0 0 0 0 0]
[10522405772316328895022320073735508084325815874652549590542214834830960623004758034495794873464967967247033194474085078856977805351463984404642814023799536817557458556946013912092638225881847433509125676267836331266587321496862433257630945560577107594576340794116506841585341164972725834140974667462142632291985211403042916372909572 0 0 0 0 0 0 0 0 0 0 0 0 0 0 0 0 0 0 0 0 0 0 0 0 0 0 0 0 0 0 0 0 0 0 0 0 0 0 0 0 0 0 0 0 0 0 0 0 0 0 0 0 0 0 0 0 0 0 0 0 0 0 0 0 0 0 0 0 0 0 0 0 0 0 0 0 0 0 0 0 0 0 0 0 0 0 0 0 0 0 0 0 0 0 0 0 1 0 0 0 0 0 0 0 0 0 0 0 0]
[460652607440093930914138286720053679732896256401696871285118994315752211338026567155785026647350015882794112632458787982280287013310911956180709334614204414752591837872031547961050400681913670403150752187899843473198681876681561331352061825090126731703905042030717940422877691778608951584540534471912092675146422888921261015029676 0 0 0 0 0 0 0 0 0 0 0 0 0 0 0 0 0 0 0 0 0 0 0 0 0 0 0 0 0 0 0 0 0 0 0 0 0 0 0 0 0 0 0 0 0 0 0 0 0 0 0 0 0 0 0 0 0 0 0 0 0 0 0 0 0 0 0 0 0 0 0 0 0 0 0 0 0 0 0 0 0 0 0 0 0 0 0 0 0 0 0 0 0 0 0 0 0 1 0 0 0 0 0 0 0 0 0 0 0]
[3961698002078732487987081439678691895959147086106660251142750046142070664341436823973936125721922933430232924560765212862662794233380689409218212604873568741000030873800007309224735026062586565442831513977178829284662538733129038988349787863711732960578366126005528888178785460359684079318113049992878064797574578921196368897390129 0 0 0 0 0 0 0 0 0 0 0 0 0 0 0 0 0 0 0 0 0 0 0 0 0 0 0 0 0 0 0 0 0 0 0 0 0 0 0 0 0 0 0 0 0 0 0 0 0 0 0 0 0 0 0 0 0 0 0 0 0 0 0 0 0 0 0 0 0 0 0 0 0 0 0 0 0 0 0 0 0 0 0 0 0 0 0 0 0 0 0 0 0 0 0 0 0 0 1 0 0 0 0 0 0 0 0 0 0]
[8227414929177591499942566459266787467735780289803613951541095260695947387040172988825130264564963234216270370152373136668412790777316498796454346587302507449767077640644863302609094791028411039296857193752141658756705792556135839477059057627399842826778770977281377131701938413714140664390388150475791676916950195034273767709682705 0 0 0 0 0 0 0 0 0 0 0 0 0 0 0 0 0 0 0 0 0 0 0 0 0 0 0 0 0 0 0 0 0 0 0 0 0 0 0 0 0 0 0 0 0 0 0 0 0 0 0 0 0 0 0 0 0 0 0 0 0 0 0 0 0 0 0 0 0 0 0 0 0 0 0 0 0 0 0 0 0 0 0 0 0 0 0 0 0 0 0 0 0 0 0 0 0 0 0 1 0 0 0 0 0 0 0 0 0]
[557740508741719558280023040066480697234337749309802090576582005021562651971471528921677674426876106393396478598641575632594228461870287839798745744517736705644294338082332824182004561441823980066609768646461191216196726924165682200938929032635035428137083672435013108097830982786139107577838007797604990175617200689380263494063183 0 0 0 0 0 0 0 0 0 0 0 0 0 0 0 0 0 0 0 0 0 0 0 0 0 0 0 0 0 0 0 0 0 0 0 0 0 0 0 0 0 0 0 0 0 0 0 0 0 0 0 0 0 0 0 0 0 0 0 0 0 0 0 0 0 0 0 0 0 0 0 0 0 0 0 0 0 0 0 0 0 0 0 0 0 0 0 0 0 0 0 0 0 0 0 0 0 0 0 0 1 0 0 0 0 0 0 0 0]
[10692818004280297999103365531560389099015520219767698433046439962334159262365928674753015869876788601129421280641749679172344469108651669306327938413453093392531528255470610632788513465462588182679460637233368746483851079480607785778466157203601499770021876451190897399444703851530347624046567710652888001275432828416005625921625686 0 0 0 0 0 0 0 0 0 0 0 0 0 0 0 0 0 0 0 0 0 0 0 0 0 0 0 0 0 0 0 0 0 0 0 0 0 0 0 0 0 0 0 0 0 0 0 0 0 0 0 0 0 0 0 0 0 0 0 0 0 0 0 0 0 0 0 0 0 0 0 0 0 0 0 0 0 0 0 0 0 0 0 0 0 0 0 0 0 0 0 0 0 0 0 0 0 0 0 0 0 1 0 0 0 0 0 0 0]
[2419106301579586262361891253604562442945310946654471965834380949880034075998243673091508117252971614330300365429579151797622475082075602640646580438635572125981949535592959024830762060245341115393760910426752471168385970065086475718315318136487546256637078809163111603514885862285451216132476612627599633615600683208483428207520243 0 0 0 0 0 0 0 0 0 0 0 0 0 0 0 0 0 0 0 0 0 0 0 0 0 0 0 0 0 0 0 0 0 0 0 0 0 0 0 0 0 0 0 0 0 0 0 0 0 0 0 0 0 0 0 0 0 0 0 0 0 0 0 0 0 0 0 0 0 0 0 0 0 0 0 0 0 0 0 0 0 0 0 0 0 0 0 0 0 0 0 0 0 0 0 0 0 0 0 0 0 0 1 0 0 0 0 0 0]
[8651549274259251384987511575849681707234791865251333187125962157545532769142196224416053983353856744142564119292007081246929881187868087557722981650587490964462254461430728442638349036180655330895022604121129413812574935544996507598661021100017700296854949742972118946484560727730111495728555170220202755765957294109721164165593972 0 0 0 0 0 0 0 0 0 0 0 0 0 0 0 0 0 0 0 0 0 0 0 0 0 0 0 0 0 0 0 0 0 0 0 0 0 0 0 0 0 0 0 0 0 0 0 0 0 0 0 0 0 0 0 0 0 0 0 0 0 0 0 0 0 0 0 0 0 0 0 0 0 0 0 0 0 0 0 0 0 0 0 0 0 0 0 0 0 0 0 0 0 0 0 0 0 0 0 0 0 0 0 1 0 0 0 0 0]
[1183301052222280554213249505618053404519872227327941442679813181640818865231063336393664951214156171412894416036183029568927070635764989956625100410427857771424333604432845074475289018093947537865854375877185406809526494377558636635782293837281894926421460517834919218796170508501391607705698268852400944640415639942122985668871296 0 0 0 0 0 0 0 0 0 0 0 0 0 0 0 0 0 0 0 0 0 0 0 0 0 0 0 0 0 0 0 0 0 0 0 0 0 0 0 0 0 0 0 0 0 0 0 0 0 0 0 0 0 0 0 0 0 0 0 0 0 0 0 0 0 0 0 0 0 0 0 0 0 0 0 0 0 0 0 0 0 0 0 0 0 0 0 0 0 0 0 0 0 0 0 0 0 0 0 0 0 0 0 0 1 0 0 0 0]
[10482839000580276161359427372368864711939741177499572552708259062552081729353925243468763633947397608902894972105388730281939088993557926414565522534840189846120696351519406969937825806887399278788180702285705161800758503902596236929012707882939170865414457534911088279795479507425603050028194570030179607663307947991059429362428505 0 0 0 0 0 0 0 0 0 0 0 0 0 0 0 0 0 0 0 0 0 0 0 0 0 0 0 0 0 0 0 0 0 0 0 0 0 0 0 0 0 0 0 0 0 0 0 0 0 0 0 0 0 0 0 0 0 0 0 0 0 0 0 0 0 0 0 0 0 0 0 0 0 0 0 0 0 0 0 0 0 0 0 0 0 0 0 0 0 0 0 0 0 0 0 0 0 0 0 0 0 0 0 0 0 1 0 0 0]
[2966517368154962728915978416315399556607479601579264807191203238974376476516094623084068624496460864379128115940389305018494369930625478476003670177097460596026246326660923323593335384393204724383522612658751006467498934798727758674673768720656630207888133012583932712518839888541747633286979985569841585317622599847052529044441544 0 0 0 0 0 0 0 0 0 0 0 0 0 0 0 0 0 0 0 0 0 0 0 0 0 0 0 0 0 0 0 0 0 0 0 0 0 0 0 0 0 0 0 0 0 0 0 0 0 0 0 0 0 0 0 0 0 0 0 0 0 0 0 0 0 0 0 0 0 0 0 0 0 0 0 0 0 0 0 0 0 0 0 0 0 0 0 0 0 0 0 0 0 0 0 0 0 0 0 0 0 0 0 0 0 0 1 0 0]
[6262520368900927448094795656484546412440042329313904235561867362318887491815765630007836214839055284949723649836087936144101715429583433600399909507642784843605828823255550943088378148289312935397293099824486989934781149134289019277794517937192268206191161487588243385438944961362038085519930821156714370126269030468180245281166377 0 0 0 0 0 0 0 0 0 0 0 0 0 0 0 0 0 0 0 0 0 0 0 0 0 0 0 0 0 0 0 0 0 0 0 0 0 0 0 0 0 0 0 0 0 0 0 0 0 0 0 0 0 0 0 0 0 0 0 0 0 0 0 0 0 0 0 0 0 0 0 0 0 0 0 0 0 0 0 0 0 0 0 0 0 0 0 0 0 0 0 0 0 0 0 0 0 0 0 0 0 0 0 0 0 0 0 1 0]
[8592652949300148954119237163929894954545975342001082687394558511617709470006615381329539234842157938248651590618884674623050776171525849710333636108887368413090868371135702096604562326111108767134552479450455332601712440765356502141683235293228735538572305318572842468283564081639683732532276266042193298358104431281620316992861634 0 0 0 0 0 0 0 0 0 0 0 0 0 0 0 0 0 0 0 0 0 0 0 0 0 0 0 0 0 0 0 0 0 0 0 0 0 0 0 0 0 0 0 0 0 0 0 0 0 0 0 0 0 0 0 0 0 0 0 0 0 0 0 0 0 0 0 0 0 0 0 0 0 0 0 0 0 0 0 0 0 0 0 0 0 0 0 0 0 0 0 0 0 0 0 0 0 0 0 0 0 0 0 0 0 0 0 0 1]
]
