[[8167024226083715875175633225783156524454880361351630855196979667199685177358739806853466020252040971605846462820723883310242447511950754022106321765723355967272964006705197070389450786666529944842520336420294375525201484594718198348205348139158801479433400254326263590561708975114782401338596551697666466324103895814933301918581613 0 0 0 0 0 0 0 0 0 0 0 0 0 0 0 0 0 0 0 0 0 0 0 0 0 0 0 0 0 0 0 0 0 0 0 0 0 0 0 0 0 0 0 0 0 0 0 0 0 0 0 0 0 0 0 0 0 0 0 0 0 0 0 0 0 0 0 0 0 0 0 0 0 0 0 0 0 0 0 0 0 0 0 0 0 0 0 0 0 0 0 0 0 0 0 0 0 0 0 0 0 0 0 0 0 0 0 0 0]
[6137050523537667018635837830204998105257699453100045646359017761451755890616704044185879928249079437357124565173318084381196997655789813555130497494618290067091408838174919829001227743285296794808830271065785857758052051599458142905865974555819464372903651749991377522138011001299884412266423094931215613331503338838982352057718048 1 0 0 0 0 0 0 0 0 0 0 0 0 0 0 0 0 0 0 0 0 0 0 0 0 0 0 0 0 0 0 0 0 0 0 0 0 0 0 0 0 0 0 0 0 0 0 0 0 0 0 0 0 0 0 0 0 0 0 0 0 0 0 0 0 0 0 0 0 0 0 0 0 0 0 0 0 0 0 0 0 0 0 0 0 0 0 0 0 0 0 0 0 0 0 0 0 0 0 0 0 0 0 0 0 0 0 0 0]
[2980288855268384235205928715479985320819964345571562448983948312642413400802404109372956582035571546363560401169064638626450031093775482820867904890807804184661572308431819683161021970979543942743436448033274716485492262777322243763871728668393840276002653290970770759391442898688289179468787367959709985548176101788475759108115776 0 1 0 0 0 0 0 0 0 0 0 0 0 0 0 0 0 0 0 0 0 0 0 0 0 0 0 0 0 0 0 0 0 0 0 0 0 0 0 0 0 0 0 0 0 0 0 0 0 0 0 0 0 0 0 0 0 0 0 0 0 0 0 0 0 0 0 0 0 0 0 0 0 0 0 0 0 0 0 0 0 0 0 0 0 0 0 0 0 0 0 0 0 0 0 0 0 0 0 0 0 0 0 0 0 0 0 0 0]
[4681218662948403855679508651381128241771868782743891365387493936183291660855489690482533405298611780077036160563519673878445487724728527461424123998697979281985466128388651612034674116835274778412451821881952545437719005755502978122182118130340211045494485523630586965825978996870811911107351841081115403854319038309028271730703614 0 0 1 0 0 0 0 0 0 0 0 0 0 0 0 0 0 0 0 0 0 0 0 0 0 0 0 0 0 0 0 0 0 0 0 0 0 0 0 0 0 0 0 0 0 0 0 0 0 0 0 0 0 0 0 0 0 0 0 0 0 0 0 0 0 0 0 0 0 0 0 0 0 0 0 0 0 0 0 0 0 0 0 0 0 0 0 0 0 0 0 0 0 0 0 0 0 0 0 0 0 0 0 0 0 0 0 0 0]
[6876879641400041431325688612176944597751257302556224883817204429253667856112538069723264895457933621323522986095179359449588689187941661031087867358636327217300736868499665422199432643475368166496287317149469152789134925481715551299042086095611169741116097915282408752789397020723449795571061940652946399857045963846731139735802347 0 0 0 1 0 0 0 0 0 0 0 0 0 0 0 0 0 0 0 0 0 0 0 0 0 0 0 0 0 0 0 0 0 0 0 0 0 0 0 0 0 0 0 0 0 0 0 0 0 0 0 0 0 0 0 0 0 0 0 0 0 0 0 0 0 0 0 0 0 0 0 0 0 0 0 0 0 0 0 0 0 0 0 0 0 0 0 0 0 0 0 0 0 0 0 0 0 0 0 0 0 0 0 0 0 0 0 0 0]
[5178103439345565609911715954416515084302993875043643491281930201943293780878059731905553397597920464083655507668090210312624549634452786474761993938505430454303254505928983951713020789050422272982479136767306267080765726066391828954875007347676180279393928783530378461369839878497238790815924126264587133586156969310772061872064580 0 0 0 0 1 0 0 0 0 0 0 0 0 0 0 0 0 0 0 0 0 0 0 0 0 0 0 0 0 0 0 0 0 0 0 0 0 0 0 0 0 0 0 0 0 0 0 0 0 0 0 0 0 0 0 0 0 0 0 0 0 0 0 0 0 0 0 0 0 0 0 0 0 0 0 0 0 0 0 0 0 0 0 0 0 0 0 0 0 0 0 0 0 0 0 0 0 0 0 0 0 0 0 0 0 0 0 0 0]
[3739473248942800945246934469475850412280565498185489787301471842430869152106796424763945086314780000586588452942240084067594494882576133853561311505908904993879165346956058379773647028258529402261460838726497831602574341765396180892927094345567392425164664622364166687245438073593785547479856817660774802754189111325128392851613290 0 0 0 0 0 1 0 0 0 0 0 0 0 0 0 0 0 0 0 0 0 0 0 0 0 0 0 0 0 0 0 0 0 0 0 0 0 0 0 0 0 0 0 0 0 0 0 0 0 0 0 0 0 0 0 0 0 0 0 0 0 0 0 0 0 0 0 0 0 0 0 0 0 0 0 0 0 0 0 0 0 0 0 0 0 0 0 0 0 0 0 0 0 0 0 0 0 0 0 0 0 0 0 0 0 0 0 0 0]
[6474470878083386937267529564302998533584477243517646938634126054016403386286124340216147915415506178744874227000578744383816143947494311439660905528108292347613903342844862972712935202183114243240414536721713967052165629069692505174679920974802085926137501907493247939671375620339094941899177526815550360139361493599951947025410756 0 0 0 0 0 0 1 0 0 0 0 0 0 0 0 0 0 0 0 0 0 0 0 0 0 0 0 0 0 0 0 0 0 0 0 0 0 0 0 0 0 0 0 0 0 0 0 0 0 0 0 0 0 0 0 0 0 0 0 0 0 0 0 0 0 0 0 0 0 0 0 0 0 0 0 0 0 0 0 0 0 0 0 0 0 0 0 0 0 0 0 0 0 0 0 0 0 0 0 0 0 0 0 0 0 0 0 0 0]
[771109920551300671422346334868428039325794001848598560411267839423349546336347645998642992579313935761258824434430928645184360806701064956039775300017213720889921706536508151328390308394202233624942639590730805710969933296054970634956583421202490963879193839083829796902461315797278585831226442996201246894900947692587107141471657 0 0 0 0 0 0 0 1 0 0 0 0 0 0 0 0 0 0 0 0 0 0 0 0 0 0 0 0 0 0 0 0 0 0 0 0 0 0 0 0 0 0 0 0 0 0 0 0 0 0 0 0 0 0 0 0 0 0 0 0 0 0 0 0 0 0 0 0 0 0 0 0 0 0 0 0 0 0 0 0 0 0 0 0 0 0 0 0 0 0 0 0 0 0 0 0 0 0 0 0 0 0 0 0 0 0 0 0 0]
[8055338376433505810905364013633715491015012965148157741074538813356172483644389617330118585373145496936267069311469759138821533853747633033100203444202288378039399559383129386934710824263679611050726150768440742843577625116080697086703119070286869310380633272407505814752890266514965168812483850162236007537012512959271711835196370 0 0 0 0 0 0 0 0 1 0 0 0 0 0 0 0 0 0 0 0 0 0 0 0 0 0 0 0 0 0 0 0 0 0 0 0 0 0 0 0 0 0 0 0 0 0 0 0 0 0 0 0 0 0 0 0 0 0 0 0 0 0 0 0 0 0 0 0 0 0 0 0 0 0 0 0 0 0 0 0 0 0 0 0 0 0 0 0 0 0 0 0 0 0 0 0 0 0 0 0 0 0 0 0 0 0 0 0 0]
[6319595318938050753983782418649836276579664576947181464578324210343420473338891937007195623516614360477339595458066193356700276697353922319861215475655108920977754831179071750964446306346893996508503426415532085122946988662208679213891579578582223017654718818146571425919980125493216062402777537302680087880455023701526863938003570 0 0 0 0 0 0 0 0 0 1 0 0 0 0 0 0 0 0 0 0 0 0 0 0 0 0 0 0 0 0 0 0 0 0 0 0 0 0 0 0 0 0 0 0 0 0 0 0 0 0 0 0 0 0 0 0 0 0 0 0 0 0 0 0 0 0 0 0 0 0 0 0 0 0 0 0 0 0 0 0 0 0 0 0 0 0 0 0 0 0 0 0 0 0 0 0 0 0 0 0 0 0 0 0 0 0 0 0 0]
[1824295757043909402597630235074619945765957914046797115828626593131468464912348208327593030189389992351564588140635084585638289403271381458162481208316447816842781157428242719004839183896677939921454605978505772260509986315945373831890892427913367295637321755232615682983367164770163168479630321428626055051518244765989200861159331 0 0 0 0 0 0 0 0 0 0 1 0 0 0 0 0 0 0 0 0 0 0 0 0 0 0 0 0 0 0 0 0 0 0 0 0 0 0 0 0 0 0 0 0 0 0 0 0 0 0 0 0 0 0 0 0 0 0 0 0 0 0 0 0 0 0 0 0 0 0 0 0 0 0 0 0 0 0 0 0 0 0 0 0 0 0 0 0 0 0 0 0 0 0 0 0 0 0 0 0 0 0 0 0 0 0 0 0 0]
[4147762749232372073110385974403089579274447208984847318623077794213844138750607648626036566986509291369082961878734549029105959477748254259560311299709150403012152368597324772369115738243256871435692118806579061068198657599424980627283232076313799034394352080938656108339589719621892134506279593833742388936208813437230674542828022 0 0 0 0 0 0 0 0 0 0 0 1 0 0 0 0 0 0 0 0 0 0 0 0 0 0 0 0 0 0 0 0 0 0 0 0 0 0 0 0 0 0 0 0 0 0 0 0 0 0 0 0 0 0 0 0 0 0 0 0 0 0 0 0 0 0 0 0 0 0 0 0 0 0 0 0 0 0 0 0 0 0 0 0 0 0 0 0 0 0 0 0 0 0 0 0 0 0 0 0 0 0 0 0 0 0 0 0 0]
[56992203157300704339785956940814554035201675130638404119945826870682661795466700105950374872855644934882207665658717836092495814298090194896404324738138521134254938793392458339885071899915070717306627091774246061208327840591578434271065910415921222913615772197271711248565365830298357822589994953113465225889326898737123843391747 0 0 0 0 0 0 0 0 0 0 0 0 1 0 0 0 0 0 0 0 0 0 0 0 0 0 0 0 0 0 0 0 0 0 0 0 0 0 0 0 0 0 0 0 0 0 0 0 0 0 0 0 0 0 0 0 0 0 0 0 0 0 0 0 0 0 0 0 0 0 0 0 0 0 0 0 0 0 0 0 0 0 0 0 0 0 0 0 0 0 0 0 0 0 0 0 0 0 0 0 0 0 0 0 0 0 0 0 0]
[3676854985286111880996628592192300775847522265550210613291563775230700174804238302745028093452073671837425465617132479116035875785361285274128822340666450901279376771096937415529988175388540865765597993348372681394765392689456580187590099611416567603537909519272137672441078074311137928843027030320026215715528611185773119056849554 0 0 0 0 0 0 0 0 0 0 0 0 0 1 0 0 0 0 0 0 0 0 0 0 0 0 0 0 0 0 0 0 0 0 0 0 0 0 0 0 0 0 0 0 0 0 0 0 0 0 0 0 0 0 0 0 0 0 0 0 0 0 0 0 0 0 0 0 0 0 0 0 0 0 0 0 0 0 0 0 0 0 0 0 0 0 0 0 0 0 0 0 0 0 0 0 0 0 0 0 0 0 0 0 0 0 0 0 0]
[3771302679786592380491119767349772836586006231950476396174006823510789376340024942240760019168983195920864245631177622859554385771041800858208159814510963479655780800337857516511776722209364586343913587817914106749128043901516255777872725439076645833129433097775016021386224731025677634881594568888364538113762711434132094766641820 0 0 0 0 0 0 0 0 0 0 0 0 0 0 1 0 0 0 0 0 0 0 0 0 0 0 0 0 0 0 0 0 0 0 0 0 0 0 0 0 0 0 0 0 0 0 0 0 0 0 0 0 0 0 0 0 0 0 0 0 0 0 0 0 0 0 0 0 0 0 0 0 0 0 0 0 0 0 0 0 0 0 0 0 0 0 0 0 0 0 0 0 0 0 0 0 0 0 0 0 0 0 0 0 0 0 0 0 0]
[795910745785262305245829623426204922152866451970130682927510062341785471219930115757242842554447632548870273304978290866294279503659239974564157907129916584590616070739272910570412082342166361308179484223270889415325230263564200385159243891653042930933522140810551422049389669929192091492549482019905554633883654207019928009538665 0 0 0 0 0 0 0 0 0 0 0 0 0 0 0 1 0 0 0 0 0 0 0 0 0 0 0 0 0 0 0 0 0 0 0 0 0 0 0 0 0 0 0 0 0 0 0 0 0 0 0 0 0 0 0 0 0 0 0 0 0 0 0 0 0 0 0 0 0 0 0 0 0 0 0 0 0 0 0 0 0 0 0 0 0 0 0 0 0 0 0 0 0 0 0 0 0 0 0 0 0 0 0 0 0 0 0 0 0]
[2765576323494529793074996183763807055297520710538249513826794067869624199597612999966517082899955759328794305903459635361104985952238634827101570969609401617128073162515615730807540477256251614350272396226779352602955652884767498747978282343227522869502965696265653262615257801863918804508237191466216636331580022044954363457128246 0 0 0 0 0 0 0 0 0 0 0 0 0 0 0 0 1 0 0 0 0 0 0 0 0 0 0 0 0 0 0 0 0 0 0 0 0 0 0 0 0 0 0 0 0 0 0 0 0 0 0 0 0 0 0 0 0 0 0 0 0 0 0 0 0 0 0 0 0 0 0 0 0 0 0 0 0 0 0 0 0 0 0 0 0 0 0 0 0 0 0 0 0 0 0 0 0 0 0 0 0 0 0 0 0 0 0 0 0]
[5465319123955546347674635260901947329496017794206287514243427730523813977024896576603809467105685833304025553448097548358611290607463455294692577730844040036141792148930846536821499844857484626873254245633694342642981653573420602477364990191175406233603672125814117896961341406427362523294642200679467724845824077868303187817115903 0 0 0 0 0 0 0 0 0 0 0 0 0 0 0 0 0 1 0 0 0 0 0 0 0 0 0 0 0 0 0 0 0 0 0 0 0 0 0 0 0 0 0 0 0 0 0 0 0 0 0 0 0 0 0 0 0 0 0 0 0 0 0 0 0 0 0 0 0 0 0 0 0 0 0 0 0 0 0 0 0 0 0 0 0 0 0 0 0 0 0 0 0 0 0 0 0 0 0 0 0 0 0 0 0 0 0 0 0]
[2175162414590921126151212096154421878179740713755508538469464999174257758364074611430117953334440096010430117009641914204583991196211971776230422697794204674175606019151086331239742152199506014148236280221719073928806483082236525682562579398132866374679148770364371781138736180256087950480300944410021583432446565811521577397469383 0 0 0 0 0 0 0 0 0 0 0 0 0 0 0 0 0 0 1 0 0 0 0 0 0 0 0 0 0 0 0 0 0 0 0 0 0 0 0 0 0 0 0 0 0 0 0 0 0 0 0 0 0 0 0 0 0 0 0 0 0 0 0 0 0 0 0 0 0 0 0 0 0 0 0 0 0 0 0 0 0 0 0 0 0 0 0 0 0 0 0 0 0 0 0 0 0 0 0 0 0 0 0 0 0 0 0 0 0]
[4693843136830204040784623109614341367937265278241007146327223776684087599964520832650716851168390709542997496341389768729098203075887164791737337289328151702786215217959829665300994518697402318759781910437591787396589950167449162638593665449145361997873254768389853089617159891420676358422874124916780221435520067373359973817563084 0 0 0 0 0 0 0 0 0 0 0 0 0 0 0 0 0 0 0 1 0 0 0 0 0 0 0 0 0 0 0 0 0 0 0 0 0 0 0 0 0 0 0 0 0 0 0 0 0 0 0 0 0 0 0 0 0 0 0 0 0 0 0 0 0 0 0 0 0 0 0 0 0 0 0 0 0 0 0 0 0 0 0 0 0 0 0 0 0 0 0 0 0 0 0 0 0 0 0 0 0 0 0 0 0 0 0 0 0]
[4718822498760362784908127736719664151198305263087053387597321755976759518958737927926003752753030835976919124424750395796052711208693231314633372985523440484086201918130025422330201371732263810664387108089792170040271940515276593735723186841981550694284384322363676024061166638778551117244026669915601590493725475193598563115234166 0 0 0 0 0 0 0 0 0 0 0 0 0 0 0 0 0 0 0 0 1 0 0 0 0 0 0 0 0 0 0 0 0 0 0 0 0 0 0 0 0 0 0 0 0 0 0 0 0 0 0 0 0 0 0 0 0 0 0 0 0 0 0 0 0 0 0 0 0 0 0 0 0 0 0 0 0 0 0 0 0 0 0 0 0 0 0 0 0 0 0 0 0 0 0 0 0 0 0 0 0 0 0 0 0 0 0 0 0]
[655387589394914487790309606083370871866378415106969156245337445466082313047778090679904677201449979972200475755523494187307387715292221910492167183793461848153508210166318113989552034281629710367433527218812967976928072821052161401251730376297834206121382371825119021494454101950433003626758821036086705202281526722374693274032084 0 0 0 0 0 0 0 0 0 0 0 0 0 0 0 0 0 0 0 0 0 1 0 0 0 0 0 0 0 0 0 0 0 0 0 0 0 0 0 0 0 0 0 0 0 0 0 0 0 0 0 0 0 0 0 0 0 0 0 0 0 0 0 0 0 0 0 0 0 0 0 0 0 0 0 0 0 0 0 0 0 0 0 0 0 0 0 0 0 0 0 0 0 0 0 0 0 0 0 0 0 0 0 0 0 0 0 0 0]
[2490061286385706759947215645401713960304165404248223645476837455660236445521588753604882236002546875096419619487607780201350556897067435226013010646838879513303578930132450311536864852867506534207245669291342385164001106593458126426186343001380043869430104298385303579235884849892691258924187213169516239560591355108832556903000077 0 0 0 0 0 0 0 0 0 0 0 0 0 0 0 0 0 0 0 0 0 0 1 0 0 0 0 0 0 0 0 0 0 0 0 0 0 0 0 0 0 0 0 0 0 0 0 0 0 0 0 0 0 0 0 0 0 0 0 0 0 0 0 0 0 0 0 0 0 0 0 0 0 0 0 0 0 0 0 0 0 0 0 0 0 0 0 0 0 0 0 0 0 0 0 0 0 0 0 0 0 0 0 0 0 0 0 0 0]
[5993059539095952719834698173082169140814083862516681801521761054693534931808630977759168161893311141681044932770076473090221429379989272092555724828077064045028987574299758972329779635671782852559220767567542848883640587382301017466156677981428160327818333913054720410250849131183910367653454976783423074642908108046424366481982447 0 0 0 0 0 0 0 0 0 0 0 0 0 0 0 0 0 0 0 0 0 0 0 1 0 0 0 0 0 0 0 0 0 0 0 0 0 0 0 0 0 0 0 0 0 0 0 0 0 0 0 0 0 0 0 0 0 0 0 0 0 0 0 0 0 0 0 0 0 0 0 0 0 0 0 0 0 0 0 0 0 0 0 0 0 0 0 0 0 0 0 0 0 0 0 0 0 0 0 0 0 0 0 0 0 0 0 0 0]
[2842447369001515080334773870278936128763876874263535473308983515077225466330612228366620654770861686408082002135491823880524357639444490810083239259851740035251307385871110114336014997558011804462050469381576501967995339078833080753682621697050596898275595552526301837142619727531151257033242459034724513554750138329270185654269961 0 0 0 0 0 0 0 0 0 0 0 0 0 0 0 0 0 0 0 0 0 0 0 0 1 0 0 0 0 0 0 0 0 0 0 0 0 0 0 0 0 0 0 0 0 0 0 0 0 0 0 0 0 0 0 0 0 0 0 0 0 0 0 0 0 0 0 0 0 0 0 0 0 0 0 0 0 0 0 0 0 0 0 0 0 0 0 0 0 0 0 0 0 0 0 0 0 0 0 0 0 0 0 0 0 0 0 0 0]
[2667396447084282685901392574937690269008504918283409982081869711886184110247090914896706229562156199647498618796964288987470614807792608905795684686233597630171418476942810839110733616089453830753945570564083106228105894111921438763983573558172608319675984373718536200789447953452259381818273042672850063556461866491599901198812108 0 0 0 0 0 0 0 0 0 0 0 0 0 0 0 0 0 0 0 0 0 0 0 0 0 1 0 0 0 0 0 0 0 0 0 0 0 0 0 0 0 0 0 0 0 0 0 0 0 0 0 0 0 0 0 0 0 0 0 0 0 0 0 0 0 0 0 0 0 0 0 0 0 0 0 0 0 0 0 0 0 0 0 0 0 0 0 0 0 0 0 0 0 0 0 0 0 0 0 0 0 0 0 0 0 0 0 0 0]
[6769185237794126023138623510308368452976477748045201983661172121565975779274788808526808774730479332837166060153292874375372263360407461989587237163441489618007349561899179024974134071567401851796865069726214945697134062124382526235901458596067397054911533775358839454948493671494974978242688074370452481400620532247602961859028173 0 0 0 0 0 0 0 0 0 0 0 0 0 0 0 0 0 0 0 0 0 0 0 0 0 0 1 0 0 0 0 0 0 0 0 0 0 0 0 0 0 0 0 0 0 0 0 0 0 0 0 0 0 0 0 0 0 0 0 0 0 0 0 0 0 0 0 0 0 0 0 0 0 0 0 0 0 0 0 0 0 0 0 0 0 0 0 0 0 0 0 0 0 0 0 0 0 0 0 0 0 0 0 0 0 0 0 0 0]
[5186556556361708326639043584102203922258009892159294314693423426656920284289151338912998462187776953509757047044654168101276997337212302341548678525962205773387053707840955062689506253525295374703341152267747414837747645797281512524147789485195986197734211617211066422809431536935367041471503887102490246573697278194694421378131375 0 0 0 0 0 0 0 0 0 0 0 0 0 0 0 0 0 0 0 0 0 0 0 0 0 0 0 1 0 0 0 0 0 0 0 0 0 0 0 0 0 0 0 0 0 0 0 0 0 0 0 0 0 0 0 0 0 0 0 0 0 0 0 0 0 0 0 0 0 0 0 0 0 0 0 0 0 0 0 0 0 0 0 0 0 0 0 0 0 0 0 0 0 0 0 0 0 0 0 0 0 0 0 0 0 0 0 0 0]
[6372376865904788646040242366527120499797272918917348740625240778630121214931830354052775394695047614145960877592188738840651772910221472917719037735446298337444462049311330710811533138094120224280016965325539464643132160472597677161616250415423420516534105279179999210764043585187590116845346403753721010589069284887861733161666224 0 0 0 0 0 0 0 0 0 0 0 0 0 0 0 0 0 0 0 0 0 0 0 0 0 0 0 0 1 0 0 0 0 0 0 0 0 0 0 0 0 0 0 0 0 0 0 0 0 0 0 0 0 0 0 0 0 0 0 0 0 0 0 0 0 0 0 0 0 0 0 0 0 0 0 0 0 0 0 0 0 0 0 0 0 0 0 0 0 0 0 0 0 0 0 0 0 0 0 0 0 0 0 0 0 0 0 0 0]
[2016408473301535857763853420573681476444743469278984004514257260941181633131090361777276979339809738607743138502734477930013068830930119435904502372072095195007601418009698502869847347776415394415874650883400427272192838632857548615024234890993647306162640423609687081168958475755030846164485423639471947332291737277382874866524578 0 0 0 0 0 0 0 0 0 0 0 0 0 0 0 0 0 0 0 0 0 0 0 0 0 0 0 0 0 1 0 0 0 0 0 0 0 0 0 0 0 0 0 0 0 0 0 0 0 0 0 0 0 0 0 0 0 0 0 0 0 0 0 0 0 0 0 0 0 0 0 0 0 0 0 0 0 0 0 0 0 0 0 0 0 0 0 0 0 0 0 0 0 0 0 0 0 0 0 0 0 0 0 0 0 0 0 0 0]
[658334969342997136861625566109046595265738120281323179235900984973292062424222847106328926506184907975725851818545243012206047282331229019740985882168821598290938052421004422475276117794833932742899499694632282589942980262579919872508364116777780334223573529429647423385179404987017884654886150409125167170335239264693722978668368 0 0 0 0 0 0 0 0 0 0 0 0 0 0 0 0 0 0 0 0 0 0 0 0 0 0 0 0 0 0 1 0 0 0 0 0 0 0 0 0 0 0 0 0 0 0 0 0 0 0 0 0 0 0 0 0 0 0 0 0 0 0 0 0 0 0 0 0 0 0 0 0 0 0 0 0 0 0 0 0 0 0 0 0 0 0 0 0 0 0 0 0 0 0 0 0 0 0 0 0 0 0 0 0 0 0 0 0 0]
[1051729098536776904886466247143777918265687088918994676300044919632446953156893531420052032519969241161742524300514827914657127237486681927133242109365114653302037538887423867267895450904937323377827964129443394332309998739635657677963558767372752051078977207729772732336050507267896113860485398444733810864029776499972889785999191 0 0 0 0 0 0 0 0 0 0 0 0 0 0 0 0 0 0 0 0 0 0 0 0 0 0 0 0 0 0 0 1 0 0 0 0 0 0 0 0 0 0 0 0 0 0 0 0 0 0 0 0 0 0 0 0 0 0 0 0 0 0 0 0 0 0 0 0 0 0 0 0 0 0 0 0 0 0 0 0 0 0 0 0 0 0 0 0 0 0 0 0 0 0 0 0 0 0 0 0 0 0 0 0 0 0 0 0 0]
[4367129988561821239373466868356451208849792306988567670296235726718166035749993314430764438687206505523888036056242702663839419491583945594194195090764854675915004795708455108353082230840459855284757588809752428306785603781900615204278139843468236974892671694080180223836228530123490154469839527298832368102559711240426442489361387 0 0 0 0 0 0 0 0 0 0 0 0 0 0 0 0 0 0 0 0 0 0 0 0 0 0 0 0 0 0 0 0 1 0 0 0 0 0 0 0 0 0 0 0 0 0 0 0 0 0 0 0 0 0 0 0 0 0 0 0 0 0 0 0 0 0 0 0 0 0 0 0 0 0 0 0 0 0 0 0 0 0 0 0 0 0 0 0 0 0 0 0 0 0 0 0 0 0 0 0 0 0 0 0 0 0 0 0 0]
[1052236400297041203821480952994650952007540017335251113905545606937758121172717043504628014533351184353409305534340614227308554914023117874558721979474325462013385275761376144989462162015543241732405490719616799499904110549938556345453510171185862837276658897513640651811319388942291676144202407420311367969735513319096756961875433 0 0 0 0 0 0 0 0 0 0 0 0 0 0 0 0 0 0 0 0 0 0 0 0 0 0 0 0 0 0 0 0 0 1 0 0 0 0 0 0 0 0 0 0 0 0 0 0 0 0 0 0 0 0 0 0 0 0 0 0 0 0 0 0 0 0 0 0 0 0 0 0 0 0 0 0 0 0 0 0 0 0 0 0 0 0 0 0 0 0 0 0 0 0 0 0 0 0 0 0 0 0 0 0 0 0 0 0 0]
[7600914627629919342967733706349810966952543960213177176430219412462037748824355091109567815095130764395679524395172310890963383273654323194303530336639499804861862210539806764385405022869983539758479181659838643202209622971356245826561883392468587985582800879730533041366886831889945928292689262069426628901568663501620805661968820 0 0 0 0 0 0 0 0 0 0 0 0 0 0 0 0 0 0 0 0 0 0 0 0 0 0 0 0 0 0 0 0 0 0 1 0 0 0 0 0 0 0 0 0 0 0 0 0 0 0 0 0 0 0 0 0 0 0 0 0 0 0 0 0 0 0 0 0 0 0 0 0 0 0 0 0 0 0 0 0 0 0 0 0 0 0 0 0 0 0 0 0 0 0 0 0 0 0 0 0 0 0 0 0 0 0 0 0 0]
[2047377396481346179989840546109383286704795264768550338142184326361228449156449302677019595513995901424471871457079065408459526929182432899187560599947806373164848580080013008993509002222658648664797023734930295964544149567097892845398310564837496462108190832111527274783125963452147329305350302113034752411410287721291455093417571 0 0 0 0 0 0 0 0 0 0 0 0 0 0 0 0 0 0 0 0 0 0 0 0 0 0 0 0 0 0 0 0 0 0 0 1 0 0 0 0 0 0 0 0 0 0 0 0 0 0 0 0 0 0 0 0 0 0 0 0 0 0 0 0 0 0 0 0 0 0 0 0 0 0 0 0 0 0 0 0 0 0 0 0 0 0 0 0 0 0 0 0 0 0 0 0 0 0 0 0 0 0 0 0 0 0 0 0 0]
[6287203379896397585802501451993236801672659986226967013727226356942231880070098690933429187850585763766938285230506736587870911347591278744673323510334205226518610919524313616735397562022236552102115754489040625289735255666883635353016241443476538131451017599207895003751015150260357958957405577807157421557561402390519557199558017 0 0 0 0 0 0 0 0 0 0 0 0 0 0 0 0 0 0 0 0 0 0 0 0 0 0 0 0 0 0 0 0 0 0 0 0 1 0 0 0 0 0 0 0 0 0 0 0 0 0 0 0 0 0 0 0 0 0 0 0 0 0 0 0 0 0 0 0 0 0 0 0 0 0 0 0 0 0 0 0 0 0 0 0 0 0 0 0 0 0 0 0 0 0 0 0 0 0 0 0 0 0 0 0 0 0 0 0 0]
[1389885334114133863168034493087411540243113839583207547016453681981182610293811047669971807888920716968602965457100725308999863513347183290102515864305340329698736844487870302398078933095401226725057219125841290603568664915791722111977632144649688281808573262008208357391604777642451762358774899317259123855574922636098614202079355 0 0 0 0 0 0 0 0 0 0 0 0 0 0 0 0 0 0 0 0 0 0 0 0 0 0 0 0 0 0 0 0 0 0 0 0 0 1 0 0 0 0 0 0 0 0 0 0 0 0 0 0 0 0 0 0 0 0 0 0 0 0 0 0 0 0 0 0 0 0 0 0 0 0 0 0 0 0 0 0 0 0 0 0 0 0 0 0 0 0 0 0 0 0 0 0 0 0 0 0 0 0 0 0 0 0 0 0 0]
[279403412794639555621495569321796598809614232421974983747225266665129082446266070455716680868997054673012750824174446702935382208647628460444677521042328973433424480032856131355024380146724372007629751716755733459432403097144359309247769248771274563136127067468427727093957074991239518436715586049156768146733982675859465706435452 0 0 0 0 0 0 0 0 0 0 0 0 0 0 0 0 0 0 0 0 0 0 0 0 0 0 0 0 0 0 0 0 0 0 0 0 0 0 1 0 0 0 0 0 0 0 0 0 0 0 0 0 0 0 0 0 0 0 0 0 0 0 0 0 0 0 0 0 0 0 0 0 0 0 0 0 0 0 0 0 0 0 0 0 0 0 0 0 0 0 0 0 0 0 0 0 0 0 0 0 0 0 0 0 0 0 0 0 0]
[3502960113756358051310296429900899111999593139217318985336945666478902741652210282525656438459235565270504252444927774381134377896113151164939462647083309902194274709933569931824999674855123144596833625031966979383500539037071099158467868887298580222327404275214243331554903737462856590308121992536277375652922973375242461665821743 0 0 0 0 0 0 0 0 0 0 0 0 0 0 0 0 0 0 0 0 0 0 0 0 0 0 0 0 0 0 0 0 0 0 0 0 0 0 0 1 0 0 0 0 0 0 0 0 0 0 0 0 0 0 0 0 0 0 0 0 0 0 0 0 0 0 0 0 0 0 0 0 0 0 0 0 0 0 0 0 0 0 0 0 0 0 0 0 0 0 0 0 0 0 0 0 0 0 0 0 0 0 0 0 0 0 0 0 0]
[8097631247984146815514642579138677405219298025638926685431371432929731378227905679083765025498209612959329507034863523296680271847677850378195077797936108284098960396005842264818709724864224796570435998700927878158591176402032543444014435920606098969673296987857894756508111462852933425767122808882787599091424163535842469688616185 0 0 0 0 0 0 0 0 0 0 0 0 0 0 0 0 0 0 0 0 0 0 0 0 0 0 0 0 0 0 0 0 0 0 0 0 0 0 0 0 1 0 0 0 0 0 0 0 0 0 0 0 0 0 0 0 0 0 0 0 0 0 0 0 0 0 0 0 0 0 0 0 0 0 0 0 0 0 0 0 0 0 0 0 0 0 0 0 0 0 0 0 0 0 0 0 0 0 0 0 0 0 0 0 0 0 0 0 0]
[6430692957540792890626240355938937158856207088386329949270393224931373741878968488473151520555903569589657524344899803804190165661894191007673752409476074144792495055230871292719182894353905826987023359287760738041549834090885575638913862239585862969598667371215563597283099435077563915430417570498677228352038073779734284433810441 0 0 0 0 0 0 0 0 0 0 0 0 0 0 0 0 0 0 0 0 0 0 0 0 0 0 0 0 0 0 0 0 0 0 0 0 0 0 0 0 0 1 0 0 0 0 0 0 0 0 0 0 0 0 0 0 0 0 0 0 0 0 0 0 0 0 0 0 0 0 0 0 0 0 0 0 0 0 0 0 0 0 0 0 0 0 0 0 0 0 0 0 0 0 0 0 0 0 0 0 0 0 0 0 0 0 0 0 0]
[5869560586296451292322271783649852264969947005432744707389808715395630083741437417973986188319176447936248285729565074865941955544655328007326536067257557269752014855930440749855376618935751383919279671640580070052341478727779019129385137866673942918597720675081942536476561730253158285367824579819200329024226009713153169170339562 0 0 0 0 0 0 0 0 0 0 0 0 0 0 0 0 0 0 0 0 0 0 0 0 0 0 0 0 0 0 0 0 0 0 0 0 0 0 0 0 0 0 1 0 0 0 0 0 0 0 0 0 0 0 0 0 0 0 0 0 0 0 0 0 0 0 0 0 0 0 0 0 0 0 0 0 0 0 0 0 0 0 0 0 0 0 0 0 0 0 0 0 0 0 0 0 0 0 0 0 0 0 0 0 0 0 0 0 0]
[213145199100028657527389274089625319327711247632173638435700108485748136169735839663457101737869863578236720178533920625682255044904403265622826373805017008883360085902249550703283058993870276191054142505278204161506066894172755898434458799849565484828226069350207715000319611934636463222332618461963567121674414763634743842110101 0 0 0 0 0 0 0 0 0 0 0 0 0 0 0 0 0 0 0 0 0 0 0 0 0 0 0 0 0 0 0 0 0 0 0 0 0 0 0 0 0 0 0 1 0 0 0 0 0 0 0 0 0 0 0 0 0 0 0 0 0 0 0 0 0 0 0 0 0 0 0 0 0 0 0 0 0 0 0 0 0 0 0 0 0 0 0 0 0 0 0 0 0 0 0 0 0 0 0 0 0 0 0 0 0 0 0 0 0]
[2092316949524711157589166352949054892800397981025422527946772736860879522550387130977228503341901982690062125756607841513071525456270090612177790459173730533946684350535821201430478301332946364845040907746119061125580454762250373052111464556881617366543566983930885642299314083410662594436746322116158023890359301293686049186886632 0 0 0 0 0 0 0 0 0 0 0 0 0 0 0 0 0 0 0 0 0 0 0 0 0 0 0 0 0 0 0 0 0 0 0 0 0 0 0 0 0 0 0 0 1 0 0 0 0 0 0 0 0 0 0 0 0 0 0 0 0 0 0 0 0 0 0 0 0 0 0 0 0 0 0 0 0 0 0 0 0 0 0 0 0 0 0 0 0 0 0 0 0 0 0 0 0 0 0 0 0 0 0 0 0 0 0 0 0]
[5754574907325440308946078878732647506445865599750235524740486791028091111725908663293686146294411907562736296210688611140781108491076366779949907020981565960283984189285912877772473849936182544490440161751942612248246748181749683965954427375950985630280638605092495640686046105717064648722747919994417396498296979242288976816922700 0 0 0 0 0 0 0 0 0 0 0 0 0 0 0 0 0 0 0 0 0 0 0 0 0 0 0 0 0 0 0 0 0 0 0 0 0 0 0 0 0 0 0 0 0 1 0 0 0 0 0 0 0 0 0 0 0 0 0 0 0 0 0 0 0 0 0 0 0 0 0 0 0 0 0 0 0 0 0 0 0 0 0 0 0 0 0 0 0 0 0 0 0 0 0 0 0 0 0 0 0 0 0 0 0 0 0 0 0]
[2213985342846935750681176622464006839675763233305677422634310869914391243351492802862464064259720062965391280633697862907296392395606573789161567278995536922496430294436948891554417648655449921608917597699477445258479981110914427887170329451294744110522067823006696665424212320423890033281392307461400032004879042111369470036953889 0 0 0 0 0 0 0 0 0 0 0 0 0 0 0 0 0 0 0 0 0 0 0 0 0 0 0 0 0 0 0 0 0 0 0 0 0 0 0 0 0 0 0 0 0 0 1 0 0 0 0 0 0 0 0 0 0 0 0 0 0 0 0 0 0 0 0 0 0 0 0 0 0 0 0 0 0 0 0 0 0 0 0 0 0 0 0 0 0 0 0 0 0 0 0 0 0 0 0 0 0 0 0 0 0 0 0 0 0]
[2199551412306202378541877828258548974425507443904396389695451583312038282183704407714452650860291373731921508848642104088340444854854162485499161796054932207919138423630862267318758921057813794084825145787573520591730185690793715546932554862238396372312569316828096785773191646007974672724101387044203396558203002598927097952655292 0 0 0 0 0 0 0 0 0 0 0 0 0 0 0 0 0 0 0 0 0 0 0 0 0 0 0 0 0 0 0 0 0 0 0 0 0 0 0 0 0 0 0 0 0 0 0 1 0 0 0 0 0 0 0 0 0 0 0 0 0 0 0 0 0 0 0 0 0 0 0 0 0 0 0 0 0 0 0 0 0 0 0 0 0 0 0 0 0 0 0 0 0 0 0 0 0 0 0 0 0 0 0 0 0 0 0 0 0]
[2537247295415141727934521988102954680905052234559131205451076156248176042799171099273879277199557000564916939214711641804087348630432860286441960761725263302558753563250190636811575898956759403821626668922370733000627388153498078969830161719794555703406984460735577664871516484673832267424732661108102934934690515704740968998664330 0 0 0 0 0 0 0 0 0 0 0 0 0 0 0 0 0 0 0 0 0 0 0 0 0 0 0 0 0 0 0 0 0 0 0 0 0 0 0 0 0 0 0 0 0 0 0 0 1 0 0 0 0 0 0 0 0 0 0 0 0 0 0 0 0 0 0 0 0 0 0 0 0 0 0 0 0 0 0 0 0 0 0 0 0 0 0 0 0 0 0 0 0 0 0 0 0 0 0 0 0 0 0 0 0 0 0 0 0]
[1864803278262422935234140653016094843336562029108069899638562223940630258033183959105308344663603431385373896738268351394412869303754015755953748142919101911081397448711452202386961967568351228522644478722290953395648291930831783459004511925644962525529573219058833889865883891137345735845061512038954411572443118934572124203290954 0 0 0 0 0 0 0 0 0 0 0 0 0 0 0 0 0 0 0 0 0 0 0 0 0 0 0 0 0 0 0 0 0 0 0 0 0 0 0 0 0 0 0 0 0 0 0 0 0 1 0 0 0 0 0 0 0 0 0 0 0 0 0 0 0 0 0 0 0 0 0 0 0 0 0 0 0 0 0 0 0 0 0 0 0 0 0 0 0 0 0 0 0 0 0 0 0 0 0 0 0 0 0 0 0 0 0 0 0]
[6454274839751137183806329450206551642937113025919375904642324080403275963463192387452433156330697558100463638979331535259768098817307231714867026412864833256947216110831346354211370287661812394828846374398114036840214051758900730647163644135559564937988066294543787119034500331824951463291717332749374115751402428044391178741162929 0 0 0 0 0 0 0 0 0 0 0 0 0 0 0 0 0 0 0 0 0 0 0 0 0 0 0 0 0 0 0 0 0 0 0 0 0 0 0 0 0 0 0 0 0 0 0 0 0 0 1 0 0 0 0 0 0 0 0 0 0 0 0 0 0 0 0 0 0 0 0 0 0 0 0 0 0 0 0 0 0 0 0 0 0 0 0 0 0 0 0 0 0 0 0 0 0 0 0 0 0 0 0 0 0 0 0 0 0]
[5267530002524742922462565852082678482968296142609968424390356417309652906107796729882443841909303068661872939793860841407970358059770946059956577485694492858066334105309551218732661178123342138141118142617994464495714766882502590398600419222083547096016704932181742332190267889517828746231019492890136394778361344401670035047192570 0 0 0 0 0 0 0 0 0 0 0 0 0 0 0 0 0 0 0 0 0 0 0 0 0 0 0 0 0 0 0 0 0 0 0 0 0 0 0 0 0 0 0 0 0 0 0 0 0 0 0 1 0 0 0 0 0 0 0 0 0 0 0 0 0 0 0 0 0 0 0 0 0 0 0 0 0 0 0 0 0 0 0 0 0 0 0 0 0 0 0 0 0 0 0 0 0 0 0 0 0 0 0 0 0 0 0 0 0]
[7261995005432854885375297402888580888446040416720540656420488034480613308478883559453564685291258868367026834232912734489035723874108054811407250843208594915636001100541877221892964696479105105916817513516941319238778543975723121214125894057843326233139058543492725179755150717957533149243118230257218193799970059892168359387847850 0 0 0 0 0 0 0 0 0 0 0 0 0 0 0 0 0 0 0 0 0 0 0 0 0 0 0 0 0 0 0 0 0 0 0 0 0 0 0 0 0 0 0 0 0 0 0 0 0 0 0 0 1 0 0 0 0 0 0 0 0 0 0 0 0 0 0 0 0 0 0 0 0 0 0 0 0 0 0 0 0 0 0 0 0 0 0 0 0 0 0 0 0 0 0 0 0 0 0 0 0 0 0 0 0 0 0 0 0]
[4446194999651352353576925221739246266195635506300810813681786737360856644511066476466481388935761556571720678938015371397462169110937199959973746568429691843474549594064990738252004268154417326865965965754749673603574734618713408042151712835672400320726057197269764376947833227826323743314460374054691228898393648816021533281892205 0 0 0 0 0 0 0 0 0 0 0 0 0 0 0 0 0 0 0 0 0 0 0 0 0 0 0 0 0 0 0 0 0 0 0 0 0 0 0 0 0 0 0 0 0 0 0 0 0 0 0 0 0 1 0 0 0 0 0 0 0 0 0 0 0 0 0 0 0 0 0 0 0 0 0 0 0 0 0 0 0 0 0 0 0 0 0 0 0 0 0 0 0 0 0 0 0 0 0 0 0 0 0 0 0 0 0 0 0]
[1894919679687590384081473859104000180766999557207295427660689387636130420596540537496251205883331794674740988720267426523566324132834428101006569205610419709307603227695419407980324822656334647410822327331553665796768721114793967056415257582007523214596150833814393627578466650964649819943060432554621383715077029464454405809795201 0 0 0 0 0 0 0 0 0 0 0 0 0 0 0 0 0 0 0 0 0 0 0 0 0 0 0 0 0 0 0 0 0 0 0 0 0 0 0 0 0 0 0 0 0 0 0 0 0 0 0 0 0 0 1 0 0 0 0 0 0 0 0 0 0 0 0 0 0 0 0 0 0 0 0 0 0 0 0 0 0 0 0 0 0 0 0 0 0 0 0 0 0 0 0 0 0 0 0 0 0 0 0 0 0 0 0 0 0]
[6877460911134365542056936867339085019691909702964455852993579893187572493123043677402484471256403359215000066659012173279749464846573373405647928217921884149097111101466493008139938746824918200015557290330677489829958199324366148193172532519346672409235675690513747989840092205728309243452792269987315272144026940815267078978386834 0 0 0 0 0 0 0 0 0 0 0 0 0 0 0 0 0 0 0 0 0 0 0 0 0 0 0 0 0 0 0 0 0 0 0 0 0 0 0 0 0 0 0 0 0 0 0 0 0 0 0 0 0 0 0 1 0 0 0 0 0 0 0 0 0 0 0 0 0 0 0 0 0 0 0 0 0 0 0 0 0 0 0 0 0 0 0 0 0 0 0 0 0 0 0 0 0 0 0 0 0 0 0 0 0 0 0 0 0]
[2413259182586181393136942070824996181342520696550456347308216125292145305085020008799222720752778050630790684571060241562494942708919572974143260790403777244013418207400663103100301925885738583215255374971171651350535287098171198514060706006510520844167166029441634062860270380187657953976816231351879582163282658696550334236239175 0 0 0 0 0 0 0 0 0 0 0 0 0 0 0 0 0 0 0 0 0 0 0 0 0 0 0 0 0 0 0 0 0 0 0 0 0 0 0 0 0 0 0 0 0 0 0 0 0 0 0 0 0 0 0 0 1 0 0 0 0 0 0 0 0 0 0 0 0 0 0 0 0 0 0 0 0 0 0 0 0 0 0 0 0 0 0 0 0 0 0 0 0 0 0 0 0 0 0 0 0 0 0 0 0 0 0 0 0]
[1312573225498685050058078243853091240897243058739558290884229248027241376619836172759995780503520489979892558021903700689531728177670191666728857183190415092428515669360765791433465768607907533208635456756942080187633801435382841050283257966646562112631173187517803354485820436622589020090908356253083059917262040291646726299009578 0 0 0 0 0 0 0 0 0 0 0 0 0 0 0 0 0 0 0 0 0 0 0 0 0 0 0 0 0 0 0 0 0 0 0 0 0 0 0 0 0 0 0 0 0 0 0 0 0 0 0 0 0 0 0 0 0 1 0 0 0 0 0 0 0 0 0 0 0 0 0 0 0 0 0 0 0 0 0 0 0 0 0 0 0 0 0 0 0 0 0 0 0 0 0 0 0 0 0 0 0 0 0 0 0 0 0 0 0]
[2283393125068805160088487460942893805623443965921937280251224478478201879943123975575542032768805177956733803437027599623459918814796685229945336850778245859787232775322043605736535347068331470298694244388896888693740548403779225665578406866173313920123018038323737274546453580529737780582572386492723100507486514939937901685882875 0 0 0 0 0 0 0 0 0 0 0 0 0 0 0 0 0 0 0 0 0 0 0 0 0 0 0 0 0 0 0 0 0 0 0 0 0 0 0 0 0 0 0 0 0 0 0 0 0 0 0 0 0 0 0 0 0 0 1 0 0 0 0 0 0 0 0 0 0 0 0 0 0 0 0 0 0 0 0 0 0 0 0 0 0 0 0 0 0 0 0 0 0 0 0 0 0 0 0 0 0 0 0 0 0 0 0 0 0]
[7986239299143584735218746295062454704074808249337313222985677274304061892348212041711820439142281484692578020773464086364691245722702444965746805711028039175165829908898518046483802006828988142524479565131373780542232313215682754383773273407386205686868838137255168056195049755795582958482950714306999823610199718675104412364278079 0 0 0 0 0 0 0 0 0 0 0 0 0 0 0 0 0 0 0 0 0 0 0 0 0 0 0 0 0 0 0 0 0 0 0 0 0 0 0 0 0 0 0 0 0 0 0 0 0 0 0 0 0 0 0 0 0 0 0 1 0 0 0 0 0 0 0 0 0 0 0 0 0 0 0 0 0 0 0 0 0 0 0 0 0 0 0 0 0 0 0 0 0 0 0 0 0 0 0 0 0 0 0 0 0 0 0 0 0]
[3385950149084842503785899316893010147887539846953260448019822794405048904113750516591035466293320582632259229885714484926147582297479633828132248077554163774112405177723197306181884863383499737526948384573618797684364504879157759565047562378471308075474231968594250470830937055690409326743657205287287291421896250640566074056053567 0 0 0 0 0 0 0 0 0 0 0 0 0 0 0 0 0 0 0 0 0 0 0 0 0 0 0 0 0 0 0 0 0 0 0 0 0 0 0 0 0 0 0 0 0 0 0 0 0 0 0 0 0 0 0 0 0 0 0 0 1 0 0 0 0 0 0 0 0 0 0 0 0 0 0 0 0 0 0 0 0 0 0 0 0 0 0 0 0 0 0 0 0 0 0 0 0 0 0 0 0 0 0 0 0 0 0 0 0]
[3870213566152477370370602171274675081709262901496644843642674765455227751951335169107124761048537502828178138196209039971643371089043957150929816998038233543571908765200665484709294177223417902627997350911603252798420676919143397113925437086333232715439541456235602322215419693854678876645114562537037396120752637356719173961090257 0 0 0 0 0 0 0 0 0 0 0 0 0 0 0 0 0 0 0 0 0 0 0 0 0 0 0 0 0 0 0 0 0 0 0 0 0 0 0 0 0 0 0 0 0 0 0 0 0 0 0 0 0 0 0 0 0 0 0 0 0 1 0 0 0 0 0 0 0 0 0 0 0 0 0 0 0 0 0 0 0 0 0 0 0 0 0 0 0 0 0 0 0 0 0 0 0 0 0 0 0 0 0 0 0 0 0 0 0]
[4578041736658847698377836864433405351393497434498264099583789128562353396813601378864939128795225855691943201146252414297435905299433706452642824535820299357997201273241738040116821773077582309695876776999629063445310394845666324171081114768426073682769875758254421553416698180914901398235796254043766691068888178632539248704654118 0 0 0 0 0 0 0 0 0 0 0 0 0 0 0 0 0 0 0 0 0 0 0 0 0 0 0 0 0 0 0 0 0 0 0 0 0 0 0 0 0 0 0 0 0 0 0 0 0 0 0 0 0 0 0 0 0 0 0 0 0 0 1 0 0 0 0 0 0 0 0 0 0 0 0 0 0 0 0 0 0 0 0 0 0 0 0 0 0 0 0 0 0 0 0 0 0 0 0 0 0 0 0 0 0 0 0 0 0]
[145755546956635575291379968207049477230998632072173671323549170551062884485859252648999677072800397951394865089465124086925383622884764160413664989926426068435194188674112803626011797607290831516063688407339233703772579896296492667973430620912001059491344315208871984284708764677488096804331565232144217564381255663760619729336762 0 0 0 0 0 0 0 0 0 0 0 0 0 0 0 0 0 0 0 0 0 0 0 0 0 0 0 0 0 0 0 0 0 0 0 0 0 0 0 0 0 0 0 0 0 0 0 0 0 0 0 0 0 0 0 0 0 0 0 0 0 0 0 1 0 0 0 0 0 0 0 0 0 0 0 0 0 0 0 0 0 0 0 0 0 0 0 0 0 0 0 0 0 0 0 0 0 0 0 0 0 0 0 0 0 0 0 0 0]
[6164312970007609351782804185135115885567120150735625412454544112469188048453246756595291909155793898840424309849351121423874180034635691350718006510180044690210823640327377900217005004589485423449348594048266235436709781215424264350470109692126079377121694804287653255507681813389480893755915966517379422996729667375507959522541009 0 0 0 0 0 0 0 0 0 0 0 0 0 0 0 0 0 0 0 0 0 0 0 0 0 0 0 0 0 0 0 0 0 0 0 0 0 0 0 0 0 0 0 0 0 0 0 0 0 0 0 0 0 0 0 0 0 0 0 0 0 0 0 0 1 0 0 0 0 0 0 0 0 0 0 0 0 0 0 0 0 0 0 0 0 0 0 0 0 0 0 0 0 0 0 0 0 0 0 0 0 0 0 0 0 0 0 0 0]
[5673220794716642471787911996867377016949221171206208938677503575156335204807298867908012567890752176996513414896618345346482146509772114908262348238676696356438496422553920532786529597975902349777929261950638100827550292940205751125743769429758233993942348954198350760452135092907812819606391279121585589187059346381194269768113121 0 0 0 0 0 0 0 0 0 0 0 0 0 0 0 0 0 0 0 0 0 0 0 0 0 0 0 0 0 0 0 0 0 0 0 0 0 0 0 0 0 0 0 0 0 0 0 0 0 0 0 0 0 0 0 0 0 0 0 0 0 0 0 0 0 1 0 0 0 0 0 0 0 0 0 0 0 0 0 0 0 0 0 0 0 0 0 0 0 0 0 0 0 0 0 0 0 0 0 0 0 0 0 0 0 0 0 0 0]
[5447164612879731514403724244629403015604437484240632426911839033481787759858881691320651421311340277548313654300558875119325471936895646309981664905311576455096690165398151542778224538111727612476441054082305965573051276808621703193603470068929953691469319245776937255698009355604318628811751709415195030536011883420159212496456256 0 0 0 0 0 0 0 0 0 0 0 0 0 0 0 0 0 0 0 0 0 0 0 0 0 0 0 0 0 0 0 0 0 0 0 0 0 0 0 0 0 0 0 0 0 0 0 0 0 0 0 0 0 0 0 0 0 0 0 0 0 0 0 0 0 0 1 0 0 0 0 0 0 0 0 0 0 0 0 0 0 0 0 0 0 0 0 0 0 0 0 0 0 0 0 0 0 0 0 0 0 0 0 0 0 0 0 0 0]
[4010278406722085414213529860587254871272834364386881724481366858778193097046404868362027238930284297581340376318924227339088751942100779875430138665989360027988027459118818837959746605850237400191683203247089442806788023896808271184050691432249483089477843476987894532346873901443929536563052884142301598686247079704824937787709849 0 0 0 0 0 0 0 0 0 0 0 0 0 0 0 0 0 0 0 0 0 0 0 0 0 0 0 0 0 0 0 0 0 0 0 0 0 0 0 0 0 0 0 0 0 0 0 0 0 0 0 0 0 0 0 0 0 0 0 0 0 0 0 0 0 0 0 1 0 0 0 0 0 0 0 0 0 0 0 0 0 0 0 0 0 0 0 0 0 0 0 0 0 0 0 0 0 0 0 0 0 0 0 0 0 0 0 0 0]
[2631880352719575865164419510385143986419636091616270372064399293928817163892641868984033139863493484749566626741997796842505399948473098506078559681629652542159498743387499348474041520920140731477438293700106233586211844065510749727528981116307126858968506703392166209223372880517657298652351339012761440494832236504329327577258363 0 0 0 0 0 0 0 0 0 0 0 0 0 0 0 0 0 0 0 0 0 0 0 0 0 0 0 0 0 0 0 0 0 0 0 0 0 0 0 0 0 0 0 0 0 0 0 0 0 0 0 0 0 0 0 0 0 0 0 0 0 0 0 0 0 0 0 0 1 0 0 0 0 0 0 0 0 0 0 0 0 0 0 0 0 0 0 0 0 0 0 0 0 0 0 0 0 0 0 0 0 0 0 0 0 0 0 0 0]
[1123382524533875050888475583803136486533376200064092689325284702988744276767419230684609765622572558311603995782062775809087374211457922554403446838666012242961213850485235435419999597323646481681759877140390636554810427364288543391116232245996151525559403452049921566156089054045146935497865480843731088938056266682116718201645175 0 0 0 0 0 0 0 0 0 0 0 0 0 0 0 0 0 0 0 0 0 0 0 0 0 0 0 0 0 0 0 0 0 0 0 0 0 0 0 0 0 0 0 0 0 0 0 0 0 0 0 0 0 0 0 0 0 0 0 0 0 0 0 0 0 0 0 0 0 1 0 0 0 0 0 0 0 0 0 0 0 0 0 0 0 0 0 0 0 0 0 0 0 0 0 0 0 0 0 0 0 0 0 0 0 0 0 0 0]
[5491597539118607543783082755712170851366638159534658687447432501261678315954352827597504652757998736229107684318154292395312598995818227872569054199485203857002824810007429782689089396509336059364214664540284204553010091164437104367469716537641823666102598998537760750991897790719661152393787247244369633962384754988292379473599230 0 0 0 0 0 0 0 0 0 0 0 0 0 0 0 0 0 0 0 0 0 0 0 0 0 0 0 0 0 0 0 0 0 0 0 0 0 0 0 0 0 0 0 0 0 0 0 0 0 0 0 0 0 0 0 0 0 0 0 0 0 0 0 0 0 0 0 0 0 0 1 0 0 0 0 0 0 0 0 0 0 0 0 0 0 0 0 0 0 0 0 0 0 0 0 0 0 0 0 0 0 0 0 0 0 0 0 0 0]
[2848439812695116336900568518374087736306949721724420358568523057021066516011083769630950213318771638610553418739932250717584440758323402870740872471019861330313393960448194631711110248991817989579378366381080784343490444483468310249061621900648377585799505046682123414205062268860123546478341225432224715228992972967954950265935746 0 0 0 0 0 0 0 0 0 0 0 0 0 0 0 0 0 0 0 0 0 0 0 0 0 0 0 0 0 0 0 0 0 0 0 0 0 0 0 0 0 0 0 0 0 0 0 0 0 0 0 0 0 0 0 0 0 0 0 0 0 0 0 0 0 0 0 0 0 0 0 1 0 0 0 0 0 0 0 0 0 0 0 0 0 0 0 0 0 0 0 0 0 0 0 0 0 0 0 0 0 0 0 0 0 0 0 0 0]
[2855707746815158511572573284057959719601631018140356569586344240279569933788239343760435557397604009699921536898418312227799633911869697124133135651235088338972990183479573849319167255068597655517667981340924297965977278453444094993502043402522091990714162560520806849382320885288220393017171788808041727020147462029515857973852548 0 0 0 0 0 0 0 0 0 0 0 0 0 0 0 0 0 0 0 0 0 0 0 0 0 0 0 0 0 0 0 0 0 0 0 0 0 0 0 0 0 0 0 0 0 0 0 0 0 0 0 0 0 0 0 0 0 0 0 0 0 0 0 0 0 0 0 0 0 0 0 0 1 0 0 0 0 0 0 0 0 0 0 0 0 0 0 0 0 0 0 0 0 0 0 0 0 0 0 0 0 0 0 0 0 0 0 0 0]
[5002085158598867303459755347671564972225926466661438314053693137567115103378741611257687527927596670435596422916378611869616506669378873416957913628290012375350069897193729437767195647234263025382328830488718707844125930955992845046310618952977704737355155561970539346819123789918648356964174963182056296369629296513360058297235482 0 0 0 0 0 0 0 0 0 0 0 0 0 0 0 0 0 0 0 0 0 0 0 0 0 0 0 0 0 0 0 0 0 0 0 0 0 0 0 0 0 0 0 0 0 0 0 0 0 0 0 0 0 0 0 0 0 0 0 0 0 0 0 0 0 0 0 0 0 0 0 0 0 1 0 0 0 0 0 0 0 0 0 0 0 0 0 0 0 0 0 0 0 0 0 0 0 0 0 0 0 0 0 0 0 0 0 0 0]
[5179995886483389787477371777409694574568258928725233721951646720924523550433692661154150586195488713476572355212240967419791139499527916172336442354212138080508687460286633493885508566172132835256213596663301437470190823130475843540504958709707377327088512551760286153853916822620073970018525673786043563915177899352047903421306890 0 0 0 0 0 0 0 0 0 0 0 0 0 0 0 0 0 0 0 0 0 0 0 0 0 0 0 0 0 0 0 0 0 0 0 0 0 0 0 0 0 0 0 0 0 0 0 0 0 0 0 0 0 0 0 0 0 0 0 0 0 0 0 0 0 0 0 0 0 0 0 0 0 0 1 0 0 0 0 0 0 0 0 0 0 0 0 0 0 0 0 0 0 0 0 0 0 0 0 0 0 0 0 0 0 0 0 0 0]
[7955114207717032860384280816962511777159411763654203048458599301015253801595631729745021692557483514146767268247765881212472268324298235212483029292980085398091384386950180140310335311043772227370885333544371781281970352933144336690951991883568002528603332826970573060751748401074123448542433535592008164628249499066807097212132044 0 0 0 0 0 0 0 0 0 0 0 0 0 0 0 0 0 0 0 0 0 0 0 0 0 0 0 0 0 0 0 0 0 0 0 0 0 0 0 0 0 0 0 0 0 0 0 0 0 0 0 0 0 0 0 0 0 0 0 0 0 0 0 0 0 0 0 0 0 0 0 0 0 0 0 1 0 0 0 0 0 0 0 0 0 0 0 0 0 0 0 0 0 0 0 0 0 0 0 0 0 0 0 0 0 0 0 0 0]
[8069130492317046918159559445349944212484322096584848011596320693429517858776321228360865134889338921613395661360832092574438687915893148685223027059400687311955791643699513156496218407602258010503985574772283835065399534858879694652929940441689200877014439872433086446380067462465642825042939808971540999434283645687117365545862680 0 0 0 0 0 0 0 0 0 0 0 0 0 0 0 0 0 0 0 0 0 0 0 0 0 0 0 0 0 0 0 0 0 0 0 0 0 0 0 0 0 0 0 0 0 0 0 0 0 0 0 0 0 0 0 0 0 0 0 0 0 0 0 0 0 0 0 0 0 0 0 0 0 0 0 0 1 0 0 0 0 0 0 0 0 0 0 0 0 0 0 0 0 0 0 0 0 0 0 0 0 0 0 0 0 0 0 0 0]
[7851858969723288191677549321723171262492784460708704397637999194452259716552609344313655956598926111991833386690215109175813531692582157087161400046555722867589128532450233262897531110772599003126195226138317467333630079628461731939719125344641015276496026944392633566715872207637074753549557673497009833169853858627929579221349000 0 0 0 0 0 0 0 0 0 0 0 0 0 0 0 0 0 0 0 0 0 0 0 0 0 0 0 0 0 0 0 0 0 0 0 0 0 0 0 0 0 0 0 0 0 0 0 0 0 0 0 0 0 0 0 0 0 0 0 0 0 0 0 0 0 0 0 0 0 0 0 0 0 0 0 0 0 1 0 0 0 0 0 0 0 0 0 0 0 0 0 0 0 0 0 0 0 0 0 0 0 0 0 0 0 0 0 0 0]
[3022886632323645067183397569971765498142819747571145913357056619605894639986645085365560431018562678863984718826563462534136018771463246239116208985410014523571898859667765360525960134554198983444292663773776799595566322591667171316447962116141639670565434134603375523452349586997260024782933317585376480141557669082654345927493059 0 0 0 0 0 0 0 0 0 0 0 0 0 0 0 0 0 0 0 0 0 0 0 0 0 0 0 0 0 0 0 0 0 0 0 0 0 0 0 0 0 0 0 0 0 0 0 0 0 0 0 0 0 0 0 0 0 0 0 0 0 0 0 0 0 0 0 0 0 0 0 0 0 0 0 0 0 0 1 0 0 0 0 0 0 0 0 0 0 0 0 0 0 0 0 0 0 0 0 0 0 0 0 0 0 0 0 0 0]
[6812410287293556352911763898127608194514103650292491394532112746416582117508804916513811005211370980008294322959030072463632243051092643928104263262344340412733908639164730302407668140690577947694338720571530151077733594284423162115965280863445570746852501176269609121447457540905511498838762386060878407763563225048897782322181712 0 0 0 0 0 0 0 0 0 0 0 0 0 0 0 0 0 0 0 0 0 0 0 0 0 0 0 0 0 0 0 0 0 0 0 0 0 0 0 0 0 0 0 0 0 0 0 0 0 0 0 0 0 0 0 0 0 0 0 0 0 0 0 0 0 0 0 0 0 0 0 0 0 0 0 0 0 0 0 1 0 0 0 0 0 0 0 0 0 0 0 0 0 0 0 0 0 0 0 0 0 0 0 0 0 0 0 0 0]
[2103467543004107542458470644815139695007935486235389705777024647924942638942560982037422251277795943541202351066288777858723785171793506576012142619249236731184180666257005279879441843089541905426396329894518763392583386485739316719870011659086087151769466884446209852804351740807081253763996572554909927589021190349391976819384297 0 0 0 0 0 0 0 0 0 0 0 0 0 0 0 0 0 0 0 0 0 0 0 0 0 0 0 0 0 0 0 0 0 0 0 0 0 0 0 0 0 0 0 0 0 0 0 0 0 0 0 0 0 0 0 0 0 0 0 0 0 0 0 0 0 0 0 0 0 0 0 0 0 0 0 0 0 0 0 0 1 0 0 0 0 0 0 0 0 0 0 0 0 0 0 0 0 0 0 0 0 0 0 0 0 0 0 0 0]
[4966332756586304028519327727459660652417932091824254353667990064841431821274050945213226024483448090920266184207328303192200170591112900080073667030644154121727492650911326885723421760261625600966690698879886918676891702635289477725912681935954068484586082187982657831160742686672570587767828913126301189974101093501838678444311004 0 0 0 0 0 0 0 0 0 0 0 0 0 0 0 0 0 0 0 0 0 0 0 0 0 0 0 0 0 0 0 0 0 0 0 0 0 0 0 0 0 0 0 0 0 0 0 0 0 0 0 0 0 0 0 0 0 0 0 0 0 0 0 0 0 0 0 0 0 0 0 0 0 0 0 0 0 0 0 0 0 1 0 0 0 0 0 0 0 0 0 0 0 0 0 0 0 0 0 0 0 0 0 0 0 0 0 0 0]
[2550685110025344082968151925105605293638410425771929396791323997209792138272897908396396449701969585127744710328403851259077960652425216682311286166554538682381122569022316955896620047169086832670609620429450309632224798304695497991668355098359292487925087165494167576241900489184532457559043596394951963331991645625313432623458743 0 0 0 0 0 0 0 0 0 0 0 0 0 0 0 0 0 0 0 0 0 0 0 0 0 0 0 0 0 0 0 0 0 0 0 0 0 0 0 0 0 0 0 0 0 0 0 0 0 0 0 0 0 0 0 0 0 0 0 0 0 0 0 0 0 0 0 0 0 0 0 0 0 0 0 0 0 0 0 0 0 0 1 0 0 0 0 0 0 0 0 0 0 0 0 0 0 0 0 0 0 0 0 0 0 0 0 0 0]
[1263759022804276593338960389563620202208096185109000314529437470700287802560744992295622909902769728456981326894790727568433806394484671251304693707279570758276605521603976923165936126883440181362051468033472308921141043656052447939400716451351579057362522339210682273246593340716275842279387858628864292959580254132665311939154649 0 0 0 0 0 0 0 0 0 0 0 0 0 0 0 0 0 0 0 0 0 0 0 0 0 0 0 0 0 0 0 0 0 0 0 0 0 0 0 0 0 0 0 0 0 0 0 0 0 0 0 0 0 0 0 0 0 0 0 0 0 0 0 0 0 0 0 0 0 0 0 0 0 0 0 0 0 0 0 0 0 0 0 1 0 0 0 0 0 0 0 0 0 0 0 0 0 0 0 0 0 0 0 0 0 0 0 0 0]
[1962744212924857562598255347451997188589185811049703884654531600029847294571834033473730701103205627247600293892556756525229501660699220247967441919876734172416831774101419362019093617089941564263380357792001457487687704862988543446856500335936131019275712218433515420926803287692688750809707405251322719541079213184750347557750281 0 0 0 0 0 0 0 0 0 0 0 0 0 0 0 0 0 0 0 0 0 0 0 0 0 0 0 0 0 0 0 0 0 0 0 0 0 0 0 0 0 0 0 0 0 0 0 0 0 0 0 0 0 0 0 0 0 0 0 0 0 0 0 0 0 0 0 0 0 0 0 0 0 0 0 0 0 0 0 0 0 0 0 0 1 0 0 0 0 0 0 0 0 0 0 0 0 0 0 0 0 0 0 0 0 0 0 0 0]
[2558015451153054230805710686301189980203621287991739464671582034753518034782706475191839256589637168583483209846105412125286556322406211394119894123915713912654126444172792343921436023074395619278530778467921548436900826049941879535520508143318732932368128767638266895242274404920291142158659117352508899365938942345021081129772992 0 0 0 0 0 0 0 0 0 0 0 0 0 0 0 0 0 0 0 0 0 0 0 0 0 0 0 0 0 0 0 0 0 0 0 0 0 0 0 0 0 0 0 0 0 0 0 0 0 0 0 0 0 0 0 0 0 0 0 0 0 0 0 0 0 0 0 0 0 0 0 0 0 0 0 0 0 0 0 0 0 0 0 0 0 1 0 0 0 0 0 0 0 0 0 0 0 0 0 0 0 0 0 0 0 0 0 0 0]
[3987775358537360656115374400208034843270006506607186087489414736119736043476966374016937129038694182211846828569712128581598663034708505540664797839655540713570891644261829527043036483055254952377944334873820316678179184066458276438602201162480622229802618312692758382892388516698093451354795384957591237213609265321561885869977047 0 0 0 0 0 0 0 0 0 0 0 0 0 0 0 0 0 0 0 0 0 0 0 0 0 0 0 0 0 0 0 0 0 0 0 0 0 0 0 0 0 0 0 0 0 0 0 0 0 0 0 0 0 0 0 0 0 0 0 0 0 0 0 0 0 0 0 0 0 0 0 0 0 0 0 0 0 0 0 0 0 0 0 0 0 0 1 0 0 0 0 0 0 0 0 0 0 0 0 0 0 0 0 0 0 0 0 0 0]
[6639139328608504804625538052496621253626316861279993047717786077093162794078179010243243564081567537047633847565379840478085810920106559751662601646543100854668919550260957785105917295253913883293611581424170372984558309649068991821885285876397806317984208355964975908681093550005527399751792542951217656900369559657673239794337228 0 0 0 0 0 0 0 0 0 0 0 0 0 0 0 0 0 0 0 0 0 0 0 0 0 0 0 0 0 0 0 0 0 0 0 0 0 0 0 0 0 0 0 0 0 0 0 0 0 0 0 0 0 0 0 0 0 0 0 0 0 0 0 0 0 0 0 0 0 0 0 0 0 0 0 0 0 0 0 0 0 0 0 0 0 0 0 1 0 0 0 0 0 0 0 0 0 0 0 0 0 0 0 0 0 0 0 0 0]
[6034423871160657830433591599553332231691959455000515683984889424036083492449996932179113171198156785765133773806986618672121490757428968048981940229782918477663317488474563015441142100366915185393348977494608563431487298944168470760023889246816940805461040748191472784981649101404369982866813895647769896818552529623279909836310941 0 0 0 0 0 0 0 0 0 0 0 0 0 0 0 0 0 0 0 0 0 0 0 0 0 0 0 0 0 0 0 0 0 0 0 0 0 0 0 0 0 0 0 0 0 0 0 0 0 0 0 0 0 0 0 0 0 0 0 0 0 0 0 0 0 0 0 0 0 0 0 0 0 0 0 0 0 0 0 0 0 0 0 0 0 0 0 0 1 0 0 0 0 0 0 0 0 0 0 0 0 0 0 0 0 0 0 0 0]
[3590221502091398690222558615378301627823581125550178169145849681073191212754962100767908570660720255979576102657048897398839442676874565610187787249699777784385927008427195416224262978798952523801252103521547469687488780378841299750721913857375730897667919563661274614094592344677333703172312188379992631367936172072404279028367787 0 0 0 0 0 0 0 0 0 0 0 0 0 0 0 0 0 0 0 0 0 0 0 0 0 0 0 0 0 0 0 0 0 0 0 0 0 0 0 0 0 0 0 0 0 0 0 0 0 0 0 0 0 0 0 0 0 0 0 0 0 0 0 0 0 0 0 0 0 0 0 0 0 0 0 0 0 0 0 0 0 0 0 0 0 0 0 0 0 1 0 0 0 0 0 0 0 0 0 0 0 0 0 0 0 0 0 0 0]
[5068408601972499965546487016248263448905930748786991478060906505983837282420222568369381546038227828107987704780492947344835886659426276721960843391428821278975542246347677511329090254641360122473564033835166534031943067500005204983878103365766841347375775652653164739223067841286048709569338667057483279189130432049322720246739268 0 0 0 0 0 0 0 0 0 0 0 0 0 0 0 0 0 0 0 0 0 0 0 0 0 0 0 0 0 0 0 0 0 0 0 0 0 0 0 0 0 0 0 0 0 0 0 0 0 0 0 0 0 0 0 0 0 0 0 0 0 0 0 0 0 0 0 0 0 0 0 0 0 0 0 0 0 0 0 0 0 0 0 0 0 0 0 0 0 0 1 0 0 0 0 0 0 0 0 0 0 0 0 0 0 0 0 0 0]
[4661854642802016897062611691878758257755546484648734532744940123996406059628550387449368782578034802435149481092233021573116689874606854894468375042815865667142862110808618419132394457971269564625298990100555234191548063527772201054854117370911750664324312330554219308554922149833901763744451675719961729505261665099914821836144593 0 0 0 0 0 0 0 0 0 0 0 0 0 0 0 0 0 0 0 0 0 0 0 0 0 0 0 0 0 0 0 0 0 0 0 0 0 0 0 0 0 0 0 0 0 0 0 0 0 0 0 0 0 0 0 0 0 0 0 0 0 0 0 0 0 0 0 0 0 0 0 0 0 0 0 0 0 0 0 0 0 0 0 0 0 0 0 0 0 0 0 1 0 0 0 0 0 0 0 0 0 0 0 0 0 0 0 0 0]
[4952515458704188204645607898719336138288991218476328064227828079432646499974600448647157658182464024254350631636240259361286833644434166835322811095704452482131796121419482519442143605848111998902783141483516906087725338657911094756191521026791624263213850562175657537663986419909065708998432546904718842152787818928843423304237214 0 0 0 0 0 0 0 0 0 0 0 0 0 0 0 0 0 0 0 0 0 0 0 0 0 0 0 0 0 0 0 0 0 0 0 0 0 0 0 0 0 0 0 0 0 0 0 0 0 0 0 0 0 0 0 0 0 0 0 0 0 0 0 0 0 0 0 0 0 0 0 0 0 0 0 0 0 0 0 0 0 0 0 0 0 0 0 0 0 0 0 0 1 0 0 0 0 0 0 0 0 0 0 0 0 0 0 0 0]
[5973471115556824109175078033486861992747479207987428272074544904215701405079093585522976823715737165875947246380889338527636262339961899188617592462317314389648828908316601768411792948123744464120909559274703588131851030355302183026219040296378020396239384911244209137348094928355286169439096561452798952109271337919745759438678647 0 0 0 0 0 0 0 0 0 0 0 0 0 0 0 0 0 0 0 0 0 0 0 0 0 0 0 0 0 0 0 0 0 0 0 0 0 0 0 0 0 0 0 0 0 0 0 0 0 0 0 0 0 0 0 0 0 0 0 0 0 0 0 0 0 0 0 0 0 0 0 0 0 0 0 0 0 0 0 0 0 0 0 0 0 0 0 0 0 0 0 0 0 1 0 0 0 0 0 0 0 0 0 0 0 0 0 0 0]
[3569412736379291798080904273745237022649404600753210382216498027987616097268039581375756041163020265095747064440358779276681170627228794148188475204417488296776353108361576633466631487283133345384302105130096599743745103573018363569427069893715462118100333662986321830401325936125914526971484575952849006777792755840086053290580357 0 0 0 0 0 0 0 0 0 0 0 0 0 0 0 0 0 0 0 0 0 0 0 0 0 0 0 0 0 0 0 0 0 0 0 0 0 0 0 0 0 0 0 0 0 0 0 0 0 0 0 0 0 0 0 0 0 0 0 0 0 0 0 0 0 0 0 0 0 0 0 0 0 0 0 0 0 0 0 0 0 0 0 0 0 0 0 0 0 0 0 0 0 0 1 0 0 0 0 0 0 0 0 0 0 0 0 0 0]
[2657479174884834696011132105078349650163468018528348668910374674512760308416703197728167755428961372778753351905686555856663663968606847154964221212052075240178415512561799325669411865024116991235000392173518017944612936710480476389279576785092343978096841920060122641802852052700853788789910849764898348502091271844450457974498973 0 0 0 0 0 0 0 0 0 0 0 0 0 0 0 0 0 0 0 0 0 0 0 0 0 0 0 0 0 0 0 0 0 0 0 0 0 0 0 0 0 0 0 0 0 0 0 0 0 0 0 0 0 0 0 0 0 0 0 0 0 0 0 0 0 0 0 0 0 0 0 0 0 0 0 0 0 0 0 0 0 0 0 0 0 0 0 0 0 0 0 0 0 0 0 1 0 0 0 0 0 0 0 0 0 0 0 0 0]
[6018752895250978064685328374507127077121934177749465586159957665782613390291164759062884081849445832335803843101800295309470122594812143091202104179110694408436555042022309830858904359730839250732937541082852248218062569507225444816190431612074683366048390236323766387789668103805557470939543518527506517299500183639594096212874361 0 0 0 0 0 0 0 0 0 0 0 0 0 0 0 0 0 0 0 0 0 0 0 0 0 0 0 0 0 0 0 0 0 0 0 0 0 0 0 0 0 0 0 0 0 0 0 0 0 0 0 0 0 0 0 0 0 0 0 0 0 0 0 0 0 0 0 0 0 0 0 0 0 0 0 0 0 0 0 0 0 0 0 0 0 0 0 0 0 0 0 0 0 0 0 0 1 0 0 0 0 0 0 0 0 0 0 0 0]
[7300812253097406229382987401537055183923940879388334747866451178882362194006723761635525381772426886298913677807913451510758638154485100198246263123821233843849015555714158091426154888563863938872270893890726221165330288716066367933125466034427553023488803391057068465407854583297895606603080176905105807478924475136211265874301006 0 0 0 0 0 0 0 0 0 0 0 0 0 0 0 0 0 0 0 0 0 0 0 0 0 0 0 0 0 0 0 0 0 0 0 0 0 0 0 0 0 0 0 0 0 0 0 0 0 0 0 0 0 0 0 0 0 0 0 0 0 0 0 0 0 0 0 0 0 0 0 0 0 0 0 0 0 0 0 0 0 0 0 0 0 0 0 0 0 0 0 0 0 0 0 0 0 1 0 0 0 0 0 0 0 0 0 0 0]
[2459626877769726440788938769996083766393741915286448683726472885549184092251176705603269764465485781869242475604489655018097235297476985857744734617600052474734833336723750557432769019749648382111749992630709581446691395949725862336158042686016810150527994419301177335176089245144576939652018903573668511363756048887745795585243259 0 0 0 0 0 0 0 0 0 0 0 0 0 0 0 0 0 0 0 0 0 0 0 0 0 0 0 0 0 0 0 0 0 0 0 0 0 0 0 0 0 0 0 0 0 0 0 0 0 0 0 0 0 0 0 0 0 0 0 0 0 0 0 0 0 0 0 0 0 0 0 0 0 0 0 0 0 0 0 0 0 0 0 0 0 0 0 0 0 0 0 0 0 0 0 0 0 0 1 0 0 0 0 0 0 0 0 0 0]
[2847937968119174719990534061123209116354186309443209787565486441138402559052274156954222632432989509124501087231485385205002049699361116211901966755182182653505744731991862924952364326585605847636231901817773101747935309229997265460686190129455146452097271470143537481732867714495193998179705918811247732402577579723194015692208349 0 0 0 0 0 0 0 0 0 0 0 0 0 0 0 0 0 0 0 0 0 0 0 0 0 0 0 0 0 0 0 0 0 0 0 0 0 0 0 0 0 0 0 0 0 0 0 0 0 0 0 0 0 0 0 0 0 0 0 0 0 0 0 0 0 0 0 0 0 0 0 0 0 0 0 0 0 0 0 0 0 0 0 0 0 0 0 0 0 0 0 0 0 0 0 0 0 0 0 1 0 0 0 0 0 0 0 0 0]
[5890946684421219567365238715404335470125110474246779920173085546019123883865613214272915213540992883818966728432323925902445551897893306275677850749240899005037683149490521561577494683523572540073822934285555283408963687806492704379539074424018619617369986370526150764690347247494944216860163699596248013652311328888595120001745544 0 0 0 0 0 0 0 0 0 0 0 0 0 0 0 0 0 0 0 0 0 0 0 0 0 0 0 0 0 0 0 0 0 0 0 0 0 0 0 0 0 0 0 0 0 0 0 0 0 0 0 0 0 0 0 0 0 0 0 0 0 0 0 0 0 0 0 0 0 0 0 0 0 0 0 0 0 0 0 0 0 0 0 0 0 0 0 0 0 0 0 0 0 0 0 0 0 0 0 0 1 0 0 0 0 0 0 0 0]
[6300277541574561155942979772889848573072518148762525950626699802109249655534043735510582736049365837100433579283295900676060258734948470495020922940632650817584729935759986631169750276657987196993601804756521620741457347504456609646206155803832526460348798601864381620860472131894832059914664734430565778057924354187216892041264306 0 0 0 0 0 0 0 0 0 0 0 0 0 0 0 0 0 0 0 0 0 0 0 0 0 0 0 0 0 0 0 0 0 0 0 0 0 0 0 0 0 0 0 0 0 0 0 0 0 0 0 0 0 0 0 0 0 0 0 0 0 0 0 0 0 0 0 0 0 0 0 0 0 0 0 0 0 0 0 0 0 0 0 0 0 0 0 0 0 0 0 0 0 0 0 0 0 0 0 0 0 1 0 0 0 0 0 0 0]
[7801804898780745047577622709921321305727915255590712965239531728098367543092773809265492723834705240388171275136593749090196804373560478123589083979300019708063616640878960457574299767250899289164662279719041126208331573681431114047187792599135633030804043482053473050427279906801603343474193618624265205522985844895001094476525079 0 0 0 0 0 0 0 0 0 0 0 0 0 0 0 0 0 0 0 0 0 0 0 0 0 0 0 0 0 0 0 0 0 0 0 0 0 0 0 0 0 0 0 0 0 0 0 0 0 0 0 0 0 0 0 0 0 0 0 0 0 0 0 0 0 0 0 0 0 0 0 0 0 0 0 0 0 0 0 0 0 0 0 0 0 0 0 0 0 0 0 0 0 0 0 0 0 0 0 0 0 0 1 0 0 0 0 0 0]
[5401923512937753813091219279422600864022077459757503428777477241678241347784551221343272754636011190879361775154842617667942011237631076312980922585898043374328273161898888099057832574962762237513483297015874408207606057136916247680320376884898570936572080667572404990471545669348880047352688700315394208100595476575871557317702233 0 0 0 0 0 0 0 0 0 0 0 0 0 0 0 0 0 0 0 0 0 0 0 0 0 0 0 0 0 0 0 0 0 0 0 0 0 0 0 0 0 0 0 0 0 0 0 0 0 0 0 0 0 0 0 0 0 0 0 0 0 0 0 0 0 0 0 0 0 0 0 0 0 0 0 0 0 0 0 0 0 0 0 0 0 0 0 0 0 0 0 0 0 0 0 0 0 0 0 0 0 0 0 1 0 0 0 0 0]
[1362001874370668492911248401989985424777294106774011400469082645601308091816262984811543389513474843536388366769955575271547900431825728234149506511778399265390011006231288871399979933196452471755313558733800975362987563909406685045072155752632661305500671386151658396620632211475364034410326987406832440883053461425644480885691788 0 0 0 0 0 0 0 0 0 0 0 0 0 0 0 0 0 0 0 0 0 0 0 0 0 0 0 0 0 0 0 0 0 0 0 0 0 0 0 0 0 0 0 0 0 0 0 0 0 0 0 0 0 0 0 0 0 0 0 0 0 0 0 0 0 0 0 0 0 0 0 0 0 0 0 0 0 0 0 0 0 0 0 0 0 0 0 0 0 0 0 0 0 0 0 0 0 0 0 0 0 0 0 0 1 0 0 0 0]
[3230078355092974164957607993215379660474583568673860738485489453897842015165458317856959220515875379672535457622580782044974662484345509767838805345145461527333965338992164667762075811345935134489749150928596229896690991467493497885736203341998020389324869604010504888688090245503105004890318360875216922672657201661628336756812141 0 0 0 0 0 0 0 0 0 0 0 0 0 0 0 0 0 0 0 0 0 0 0 0 0 0 0 0 0 0 0 0 0 0 0 0 0 0 0 0 0 0 0 0 0 0 0 0 0 0 0 0 0 0 0 0 0 0 0 0 0 0 0 0 0 0 0 0 0 0 0 0 0 0 0 0 0 0 0 0 0 0 0 0 0 0 0 0 0 0 0 0 0 0 0 0 0 0 0 0 0 0 0 0 0 1 0 0 0]
[3922221099559661797020864152210012516974262598371784831007832220329141262740451278814095529448545179385271022192047346353667724441690725506962363100716586430059484617353180504742459076412609516867445650560480783188364253430639717936298008829252970185948751214788926011380072138987049452769884308138479114225237939601957390109452144 0 0 0 0 0 0 0 0 0 0 0 0 0 0 0 0 0 0 0 0 0 0 0 0 0 0 0 0 0 0 0 0 0 0 0 0 0 0 0 0 0 0 0 0 0 0 0 0 0 0 0 0 0 0 0 0 0 0 0 0 0 0 0 0 0 0 0 0 0 0 0 0 0 0 0 0 0 0 0 0 0 0 0 0 0 0 0 0 0 0 0 0 0 0 0 0 0 0 0 0 0 0 0 0 0 0 1 0 0]
[5484713066533359535801338400548669568932120149253276662885651808806297569772106268467933310038566643372325415783038876460793637528773053570834719469086284933633855020597887066021346841904965434101731295968628407451323186966754206723764477378351115970070304919008958810906207616836836299450556848770408381279562583759841738716095111 0 0 0 0 0 0 0 0 0 0 0 0 0 0 0 0 0 0 0 0 0 0 0 0 0 0 0 0 0 0 0 0 0 0 0 0 0 0 0 0 0 0 0 0 0 0 0 0 0 0 0 0 0 0 0 0 0 0 0 0 0 0 0 0 0 0 0 0 0 0 0 0 0 0 0 0 0 0 0 0 0 0 0 0 0 0 0 0 0 0 0 0 0 0 0 0 0 0 0 0 0 0 0 0 0 0 0 1 0]
[7999745282145723038492467676771042148115886166463361004918715569830666813667369231611775886366875974763099798551060486153320560745334090675705331565484054746350290938484698704303225667105490014119337368194865555686083075887878734002431329082800226114817000322779435695848508114308735921732533767988811441460093710055073440229908235 0 0 0 0 0 0 0 0 0 0 0 0 0 0 0 0 0 0 0 0 0 0 0 0 0 0 0 0 0 0 0 0 0 0 0 0 0 0 0 0 0 0 0 0 0 0 0 0 0 0 0 0 0 0 0 0 0 0 0 0 0 0 0 0 0 0 0 0 0 0 0 0 0 0 0 0 0 0 0 0 0 0 0 0 0 0 0 0 0 0 0 0 0 0 0 0 0 0 0 0 0 0 0 0 0 0 0 0 1]
]
