[[13476071742643398259103171180493194514489957247121280777017037111818947886198372803354526601026639578934041133141913748991928993684519789772656421789755088229682091077926012098785603250971043788192659224332645593142237508976643765401867964569327033931687406958665914776545559255294184975188631960768819264069785747817952659105246793 0 0 0 0 0 0 0 0 0 0 0 0 0 0 0 0 0 0 0 0 0 0 0 0 0 0 0 0 0 0 0 0 0 0 0 0 0 0 0 0 0 0 0 0 0 0 0 0 0 0 0 0 0 0 0 0 0 0 0 0 0 0 0 0 0 0 0 0 0 0 0 0 0 0 0 0 0 0 0 0 0 0 0 0 0 0 0 0 0 0 0 0 0 0 0 0 0 0 0 0 0 0 0 0 0 0 0 0 0]
[12019839195435369062314183984932811356084681954704911231534193210132831416631908423787694440393331894767752843615791923704327205155550512879938948080423345567678322735939119827961909243175207492117528525057359019534708214943473026342898193430001301723218034446509418910967319313650131009070227306125326371636532426507689275781394284 1 0 0 0 0 0 0 0 0 0 0 0 0 0 0 0 0 0 0 0 0 0 0 0 0 0 0 0 0 0 0 0 0 0 0 0 0 0 0 0 0 0 0 0 0 0 0 0 0 0 0 0 0 0 0 0 0 0 0 0 0 0 0 0 0 0 0 0 0 0 0 0 0 0 0 0 0 0 0 0 0 0 0 0 0 0 0 0 0 0 0 0 0 0 0 0 0 0 0 0 0 0 0 0 0 0 0 0 0]
[8436310019734240687987545086832629352663742805958862399581865670711169604571013860073279566491652625147577743042110012728564433196625919565818662837600358184480411017699743644043502886025112711713796095918473878163211512806191669307100254783734565620343038147642438489671437674915212715629659231387385495515829337051482827498444070 0 1 0 0 0 0 0 0 0 0 0 0 0 0 0 0 0 0 0 0 0 0 0 0 0 0 0 0 0 0 0 0 0 0 0 0 0 0 0 0 0 0 0 0 0 0 0 0 0 0 0 0 0 0 0 0 0 0 0 0 0 0 0 0 0 0 0 0 0 0 0 0 0 0 0 0 0 0 0 0 0 0 0 0 0 0 0 0 0 0 0 0 0 0 0 0 0 0 0 0 0 0 0 0 0 0 0 0 0]
[11249914492139490519591351875470358071061766263067842698257002007537629597842052419980454684626243980620554257644069850921646832248088171612927171138150067410585675057594725552577582424861484649361010025413171977433829171609871973092971839112415635425126056480730926982371050543285426932453322883913178802354654383041284794274168795 0 0 1 0 0 0 0 0 0 0 0 0 0 0 0 0 0 0 0 0 0 0 0 0 0 0 0 0 0 0 0 0 0 0 0 0 0 0 0 0 0 0 0 0 0 0 0 0 0 0 0 0 0 0 0 0 0 0 0 0 0 0 0 0 0 0 0 0 0 0 0 0 0 0 0 0 0 0 0 0 0 0 0 0 0 0 0 0 0 0 0 0 0 0 0 0 0 0 0 0 0 0 0 0 0 0 0 0 0]
[4763741313268132463416185175398506513750311126878085313492487970315287360779738294666952217923976477737429061391210784769158569969681182046115094377856636904860907042250783427425870277446361258657916978309034584948841656664974001882937237413844742849613903398881861948059525923447822784610671571515174070021960457280668672966673030 0 0 0 1 0 0 0 0 0 0 0 0 0 0 0 0 0 0 0 0 0 0 0 0 0 0 0 0 0 0 0 0 0 0 0 0 0 0 0 0 0 0 0 0 0 0 0 0 0 0 0 0 0 0 0 0 0 0 0 0 0 0 0 0 0 0 0 0 0 0 0 0 0 0 0 0 0 0 0 0 0 0 0 0 0 0 0 0 0 0 0 0 0 0 0 0 0 0 0 0 0 0 0 0 0 0 0 0 0]
[8000289308771523389902013724530675260796766998912603818662381899056854021860066457829689610743304852345933704523541910689324779490196532813302296050595770081162371851870308934038933057534212181543728824123205468920812916373957995829913414900627968005187963870701644241130075358519747060267913541924909315293842123223246350824116526 0 0 0 0 1 0 0 0 0 0 0 0 0 0 0 0 0 0 0 0 0 0 0 0 0 0 0 0 0 0 0 0 0 0 0 0 0 0 0 0 0 0 0 0 0 0 0 0 0 0 0 0 0 0 0 0 0 0 0 0 0 0 0 0 0 0 0 0 0 0 0 0 0 0 0 0 0 0 0 0 0 0 0 0 0 0 0 0 0 0 0 0 0 0 0 0 0 0 0 0 0 0 0 0 0 0 0 0 0]
[5232257079015985653534875871817614351606859737573407541068737230719166691514281381231186114669082242965002619874080234443867916778966257249778239538950256021968448109634261085896400662551428416460415980097096272763343856018342561767034531836869682191998867987166473252144167928082545784812309884375349317421677387947078021490732048 0 0 0 0 0 1 0 0 0 0 0 0 0 0 0 0 0 0 0 0 0 0 0 0 0 0 0 0 0 0 0 0 0 0 0 0 0 0 0 0 0 0 0 0 0 0 0 0 0 0 0 0 0 0 0 0 0 0 0 0 0 0 0 0 0 0 0 0 0 0 0 0 0 0 0 0 0 0 0 0 0 0 0 0 0 0 0 0 0 0 0 0 0 0 0 0 0 0 0 0 0 0 0 0 0 0 0 0 0]
[11667732264254645476326347603248282013698681528570658970306279182283556350563969499044901324065005871816891095601179808178590427307388395261560366991442321690839041025421994125334464609047001047377282494784540043414026948981381337695820596240081594266850383442107388880877677792878294114326649536463584245976850955098131876373235860 0 0 0 0 0 0 1 0 0 0 0 0 0 0 0 0 0 0 0 0 0 0 0 0 0 0 0 0 0 0 0 0 0 0 0 0 0 0 0 0 0 0 0 0 0 0 0 0 0 0 0 0 0 0 0 0 0 0 0 0 0 0 0 0 0 0 0 0 0 0 0 0 0 0 0 0 0 0 0 0 0 0 0 0 0 0 0 0 0 0 0 0 0 0 0 0 0 0 0 0 0 0 0 0 0 0 0 0 0]
[2848787217963805592896213328961253559998769944368707184977741445660513924548194791755986134286797126558161106961288465567642117487490304901525408744151141468404307621122417460809958044118763742115669165187256706041878930455921097316306905762317008373013328044102509193283649097274556380737648437141892491184772394495217990887002402 0 0 0 0 0 0 0 1 0 0 0 0 0 0 0 0 0 0 0 0 0 0 0 0 0 0 0 0 0 0 0 0 0 0 0 0 0 0 0 0 0 0 0 0 0 0 0 0 0 0 0 0 0 0 0 0 0 0 0 0 0 0 0 0 0 0 0 0 0 0 0 0 0 0 0 0 0 0 0 0 0 0 0 0 0 0 0 0 0 0 0 0 0 0 0 0 0 0 0 0 0 0 0 0 0 0 0 0 0]
[5400197454174382426046792172247319126291279096367176259294089891652662083985240643665348853675937552484898564630543746894314706041120269726942578569934172761457112541515703638705744450835025651850710330118930955127038424876451523258263099147777875335098359773640973668114222431991882189246063303678871420791420328185909617479828007 0 0 0 0 0 0 0 0 1 0 0 0 0 0 0 0 0 0 0 0 0 0 0 0 0 0 0 0 0 0 0 0 0 0 0 0 0 0 0 0 0 0 0 0 0 0 0 0 0 0 0 0 0 0 0 0 0 0 0 0 0 0 0 0 0 0 0 0 0 0 0 0 0 0 0 0 0 0 0 0 0 0 0 0 0 0 0 0 0 0 0 0 0 0 0 0 0 0 0 0 0 0 0 0 0 0 0 0 0]
[11757509057615949534538769667218641945899680095900386018590330303579316449135970806584981998410113735270261250216152669095224499976455412446801307501184226770774245093722579563135038183275518511088728124482606866611294815812631287979530798638150747956285300871961567894066695292196804407830536444677116189623847719064875431349421755 0 0 0 0 0 0 0 0 0 1 0 0 0 0 0 0 0 0 0 0 0 0 0 0 0 0 0 0 0 0 0 0 0 0 0 0 0 0 0 0 0 0 0 0 0 0 0 0 0 0 0 0 0 0 0 0 0 0 0 0 0 0 0 0 0 0 0 0 0 0 0 0 0 0 0 0 0 0 0 0 0 0 0 0 0 0 0 0 0 0 0 0 0 0 0 0 0 0 0 0 0 0 0 0 0 0 0 0 0]
[1173593032301410915508566798079209594773367926409324385987545490553699440207185108155638103435377717724166150659640659390530036500409455737931977707696317625173473491301743798174088944677064455489194377479532677718796344885175825122211884770256629113812817337259018244375565818681563147555989065456889111088889833025068839365578449 0 0 0 0 0 0 0 0 0 0 1 0 0 0 0 0 0 0 0 0 0 0 0 0 0 0 0 0 0 0 0 0 0 0 0 0 0 0 0 0 0 0 0 0 0 0 0 0 0 0 0 0 0 0 0 0 0 0 0 0 0 0 0 0 0 0 0 0 0 0 0 0 0 0 0 0 0 0 0 0 0 0 0 0 0 0 0 0 0 0 0 0 0 0 0 0 0 0 0 0 0 0 0 0 0 0 0 0 0]
[10350582197204337015905382798628108701642359159799421885368993482023513608594494089883696666464762788889204767260787705896543580296249187505212445036510157070377487069047533127422778696031978301066668000601413356123131833533507961114007006480769136499670626502988630296978715173201064152451039807997818745853764347715207405876515692 0 0 0 0 0 0 0 0 0 0 0 1 0 0 0 0 0 0 0 0 0 0 0 0 0 0 0 0 0 0 0 0 0 0 0 0 0 0 0 0 0 0 0 0 0 0 0 0 0 0 0 0 0 0 0 0 0 0 0 0 0 0 0 0 0 0 0 0 0 0 0 0 0 0 0 0 0 0 0 0 0 0 0 0 0 0 0 0 0 0 0 0 0 0 0 0 0 0 0 0 0 0 0 0 0 0 0 0 0]
[6327339142097434359830439684621245136573183705812295007477421839010051696968885083343845773195401914210618802714406182598910642667113061375410755346243450941979352725908567319751877417987818896520624849309190136745296130383263672548793404330525706484362509088998281874090236288598376894899347299107639502301407611820129850851169205 0 0 0 0 0 0 0 0 0 0 0 0 1 0 0 0 0 0 0 0 0 0 0 0 0 0 0 0 0 0 0 0 0 0 0 0 0 0 0 0 0 0 0 0 0 0 0 0 0 0 0 0 0 0 0 0 0 0 0 0 0 0 0 0 0 0 0 0 0 0 0 0 0 0 0 0 0 0 0 0 0 0 0 0 0 0 0 0 0 0 0 0 0 0 0 0 0 0 0 0 0 0 0 0 0 0 0 0 0]
[10304771487787656083713503536498109530125648175248046273420313024866116430352760311601348013929871369521341132771664017949955532325716747852598306823692502816920085248150473279388609640736117550157273444474456568962239267177998539493400352256637173585514002275038665730676354580292744907779583707088952846056020853270639491564221129 0 0 0 0 0 0 0 0 0 0 0 0 0 1 0 0 0 0 0 0 0 0 0 0 0 0 0 0 0 0 0 0 0 0 0 0 0 0 0 0 0 0 0 0 0 0 0 0 0 0 0 0 0 0 0 0 0 0 0 0 0 0 0 0 0 0 0 0 0 0 0 0 0 0 0 0 0 0 0 0 0 0 0 0 0 0 0 0 0 0 0 0 0 0 0 0 0 0 0 0 0 0 0 0 0 0 0 0 0]
[5321690971703615004770617614415964566894590199105545719637667208742853777307930326948705458864179606879953783728217338434141510151761622852967134953977943285989102072977317443339875987806076274328209452331178956697815186594786799967089600473711618971651736025058512289845080818442259354018508222809718261524645816094398383801349168 0 0 0 0 0 0 0 0 0 0 0 0 0 0 1 0 0 0 0 0 0 0 0 0 0 0 0 0 0 0 0 0 0 0 0 0 0 0 0 0 0 0 0 0 0 0 0 0 0 0 0 0 0 0 0 0 0 0 0 0 0 0 0 0 0 0 0 0 0 0 0 0 0 0 0 0 0 0 0 0 0 0 0 0 0 0 0 0 0 0 0 0 0 0 0 0 0 0 0 0 0 0 0 0 0 0 0 0 0]
[4366041534482182321463007451827483357539180571390620277846365852744549391421704359293461249043282888778631518627760619713528252006711155726770914393024400969901737513409084514361573174732093547926070671592925554412066018050786684614640019279656428251235354012375664561089014267543156881330720977864990845768699683371253653024826361 0 0 0 0 0 0 0 0 0 0 0 0 0 0 0 1 0 0 0 0 0 0 0 0 0 0 0 0 0 0 0 0 0 0 0 0 0 0 0 0 0 0 0 0 0 0 0 0 0 0 0 0 0 0 0 0 0 0 0 0 0 0 0 0 0 0 0 0 0 0 0 0 0 0 0 0 0 0 0 0 0 0 0 0 0 0 0 0 0 0 0 0 0 0 0 0 0 0 0 0 0 0 0 0 0 0 0 0 0]
[7202022443015291658736345666817838324878650767949070088451963648495419255809505552337408653805880173109316901700414224224764177372121610419102644812328705654989625293053356332553590541314322028301222371717456321965284315529106554524444093961700878970649078204250116874525786462104551694613882548274115824545134956175052899498003429 0 0 0 0 0 0 0 0 0 0 0 0 0 0 0 0 1 0 0 0 0 0 0 0 0 0 0 0 0 0 0 0 0 0 0 0 0 0 0 0 0 0 0 0 0 0 0 0 0 0 0 0 0 0 0 0 0 0 0 0 0 0 0 0 0 0 0 0 0 0 0 0 0 0 0 0 0 0 0 0 0 0 0 0 0 0 0 0 0 0 0 0 0 0 0 0 0 0 0 0 0 0 0 0 0 0 0 0 0]
[13445535557891147331791715272390654673574618495717143265148100129873148934369816279293928916142721436782585996635849679555218855776187525152227879995534506085037436621296271573416106582679045557901776106739323021005535866585204484394890762637070693420394032327031397589457117779747144405220216074107971184540627002713368694700673110 0 0 0 0 0 0 0 0 0 0 0 0 0 0 0 0 0 1 0 0 0 0 0 0 0 0 0 0 0 0 0 0 0 0 0 0 0 0 0 0 0 0 0 0 0 0 0 0 0 0 0 0 0 0 0 0 0 0 0 0 0 0 0 0 0 0 0 0 0 0 0 0 0 0 0 0 0 0 0 0 0 0 0 0 0 0 0 0 0 0 0 0 0 0 0 0 0 0 0 0 0 0 0 0 0 0 0 0 0]
[103547029787860317342557869931490442804603801837652999435571924412921039925187836696522119844533443171366403726401691981068552334632523070564780756148135654225413856506055668395256409805366223114824983324213972797759020247307636124108342356584086074391416377689390049747516132371376231833755867309223647072898783041930424505654617 0 0 0 0 0 0 0 0 0 0 0 0 0 0 0 0 0 0 1 0 0 0 0 0 0 0 0 0 0 0 0 0 0 0 0 0 0 0 0 0 0 0 0 0 0 0 0 0 0 0 0 0 0 0 0 0 0 0 0 0 0 0 0 0 0 0 0 0 0 0 0 0 0 0 0 0 0 0 0 0 0 0 0 0 0 0 0 0 0 0 0 0 0 0 0 0 0 0 0 0 0 0 0 0 0 0 0 0 0]
[1681695913312683952409094492746802371781502905880100707341501353180388763632567157748698644319224947950894125339917176826107732110353553962489056291600050856557757352703371437428398700765346699401728614403595608025801483573920315016152246317470581320641134425607898415699704151253286750492051880938223465379507623458502810016284735 0 0 0 0 0 0 0 0 0 0 0 0 0 0 0 0 0 0 0 1 0 0 0 0 0 0 0 0 0 0 0 0 0 0 0 0 0 0 0 0 0 0 0 0 0 0 0 0 0 0 0 0 0 0 0 0 0 0 0 0 0 0 0 0 0 0 0 0 0 0 0 0 0 0 0 0 0 0 0 0 0 0 0 0 0 0 0 0 0 0 0 0 0 0 0 0 0 0 0 0 0 0 0 0 0 0 0 0 0]
[4198676628678048810619918485391948757200465427412524826853005795043664499700200186077900417645967671193741699831435774423820082315908309649740901512756582064322586522501632254649881198627012760142430604400558415751134982715192305351819692701950489268548523515498814566548668661368493330507356002352622032755534559206951853367432856 0 0 0 0 0 0 0 0 0 0 0 0 0 0 0 0 0 0 0 0 1 0 0 0 0 0 0 0 0 0 0 0 0 0 0 0 0 0 0 0 0 0 0 0 0 0 0 0 0 0 0 0 0 0 0 0 0 0 0 0 0 0 0 0 0 0 0 0 0 0 0 0 0 0 0 0 0 0 0 0 0 0 0 0 0 0 0 0 0 0 0 0 0 0 0 0 0 0 0 0 0 0 0 0 0 0 0 0 0]
[11325465234410769323607833130336404097161615052769228847797050374142025834514623092359908006745248075359694325621397233551942342637082966107482192794360999026325477498205342880136689799831020264585224851276118761560571381025369138818742893042102757186687861546531200248874388820959465609224481454555212620659441961894898419359398556 0 0 0 0 0 0 0 0 0 0 0 0 0 0 0 0 0 0 0 0 0 1 0 0 0 0 0 0 0 0 0 0 0 0 0 0 0 0 0 0 0 0 0 0 0 0 0 0 0 0 0 0 0 0 0 0 0 0 0 0 0 0 0 0 0 0 0 0 0 0 0 0 0 0 0 0 0 0 0 0 0 0 0 0 0 0 0 0 0 0 0 0 0 0 0 0 0 0 0 0 0 0 0 0 0 0 0 0 0]
[1730987196569493825507804401868326745352305727744745247482543209856112745234494557590815811912629496387978206001830358700376075819926082877391562778480879484758395060354087892611453478224092716932530267070046446015247869827968269446224302412421225500979199548733854282409549270353425540666369688815081350896436446823504930153615237 0 0 0 0 0 0 0 0 0 0 0 0 0 0 0 0 0 0 0 0 0 0 1 0 0 0 0 0 0 0 0 0 0 0 0 0 0 0 0 0 0 0 0 0 0 0 0 0 0 0 0 0 0 0 0 0 0 0 0 0 0 0 0 0 0 0 0 0 0 0 0 0 0 0 0 0 0 0 0 0 0 0 0 0 0 0 0 0 0 0 0 0 0 0 0 0 0 0 0 0 0 0 0 0 0 0 0 0 0]
[1297234040197236996743194338927937388431660392318278114922821932673622997492029542916072509153693990848349587736284900431739578401976967004826665693803380758594871048842658151008971486616440325993087314986216890544679664323153089398054826738284569379852509068440728910858748442127948634726539292368065030267018603914525849618038378 0 0 0 0 0 0 0 0 0 0 0 0 0 0 0 0 0 0 0 0 0 0 0 1 0 0 0 0 0 0 0 0 0 0 0 0 0 0 0 0 0 0 0 0 0 0 0 0 0 0 0 0 0 0 0 0 0 0 0 0 0 0 0 0 0 0 0 0 0 0 0 0 0 0 0 0 0 0 0 0 0 0 0 0 0 0 0 0 0 0 0 0 0 0 0 0 0 0 0 0 0 0 0 0 0 0 0 0 0]
[13308977181595889561877704112167421297869624142686655974520299662230246271551542801130843392571167772496980428774713074437235995979145518687780355816694016288420556513272467897516655275324474946103084309141937344301572755701919755278386574708993525661629087832229187036708251244279023770316596423108671726684370807549691761802720693 0 0 0 0 0 0 0 0 0 0 0 0 0 0 0 0 0 0 0 0 0 0 0 0 1 0 0 0 0 0 0 0 0 0 0 0 0 0 0 0 0 0 0 0 0 0 0 0 0 0 0 0 0 0 0 0 0 0 0 0 0 0 0 0 0 0 0 0 0 0 0 0 0 0 0 0 0 0 0 0 0 0 0 0 0 0 0 0 0 0 0 0 0 0 0 0 0 0 0 0 0 0 0 0 0 0 0 0 0]
[2183373993472406221624692246408760133405794548926384518533239914736315804297719542008016607906106727789103060602811234488800102873927414898682875525860604539166620000372449477469707671444384838632059740932570770741080629067379585684786470831219228566646068247212116566493582217760351459750690985149167552398030314703576304117517588 0 0 0 0 0 0 0 0 0 0 0 0 0 0 0 0 0 0 0 0 0 0 0 0 0 1 0 0 0 0 0 0 0 0 0 0 0 0 0 0 0 0 0 0 0 0 0 0 0 0 0 0 0 0 0 0 0 0 0 0 0 0 0 0 0 0 0 0 0 0 0 0 0 0 0 0 0 0 0 0 0 0 0 0 0 0 0 0 0 0 0 0 0 0 0 0 0 0 0 0 0 0 0 0 0 0 0 0 0]
[140927735214603148992848280451878251296233066530105693936337170424473990243273801139448225198160873989134364945331940419259039716870001212380345916565156106731777181871975593853459455918779351040104509189238278464772946920092620520563969899105774370221155430161362871084092748690362400593085693775909957495174823483747443229003288 0 0 0 0 0 0 0 0 0 0 0 0 0 0 0 0 0 0 0 0 0 0 0 0 0 0 1 0 0 0 0 0 0 0 0 0 0 0 0 0 0 0 0 0 0 0 0 0 0 0 0 0 0 0 0 0 0 0 0 0 0 0 0 0 0 0 0 0 0 0 0 0 0 0 0 0 0 0 0 0 0 0 0 0 0 0 0 0 0 0 0 0 0 0 0 0 0 0 0 0 0 0 0 0 0 0 0 0 0]
[950969966834907761882414655536559397834850415355307483652848829140819537614775646169463256496341858162062767079765141068532006357690756384209432086182214201951641193310773178245935095019457942749999815163759937537353844917875388059039263458036881946329924248179878727121902157168975927334709450766894286168229381212013767115712626 0 0 0 0 0 0 0 0 0 0 0 0 0 0 0 0 0 0 0 0 0 0 0 0 0 0 0 1 0 0 0 0 0 0 0 0 0 0 0 0 0 0 0 0 0 0 0 0 0 0 0 0 0 0 0 0 0 0 0 0 0 0 0 0 0 0 0 0 0 0 0 0 0 0 0 0 0 0 0 0 0 0 0 0 0 0 0 0 0 0 0 0 0 0 0 0 0 0 0 0 0 0 0 0 0 0 0 0 0]
[6001693649230293924037235128131465093248087821497345975709619341302892642685664627606178204063956589238246721916949104104888442803896681668944882731581283038405685474162532295488401618729280211031407143496345915919758382800839120744848529084753656207800904181391306734840655643994360970726336071030903902319181276384902921375963555 0 0 0 0 0 0 0 0 0 0 0 0 0 0 0 0 0 0 0 0 0 0 0 0 0 0 0 0 1 0 0 0 0 0 0 0 0 0 0 0 0 0 0 0 0 0 0 0 0 0 0 0 0 0 0 0 0 0 0 0 0 0 0 0 0 0 0 0 0 0 0 0 0 0 0 0 0 0 0 0 0 0 0 0 0 0 0 0 0 0 0 0 0 0 0 0 0 0 0 0 0 0 0 0 0 0 0 0 0]
[3977081962015195693202948720716054839333307067553016948753200736534848013541899075050197489294531632717575475579669860567396194884882874199629832265149636459218328571929022218036314461284616030431982729264773226199179322156776838996503641279532646546326271939993810484689383849732505803799928240841733038406861391800294926104242899 0 0 0 0 0 0 0 0 0 0 0 0 0 0 0 0 0 0 0 0 0 0 0 0 0 0 0 0 0 1 0 0 0 0 0 0 0 0 0 0 0 0 0 0 0 0 0 0 0 0 0 0 0 0 0 0 0 0 0 0 0 0 0 0 0 0 0 0 0 0 0 0 0 0 0 0 0 0 0 0 0 0 0 0 0 0 0 0 0 0 0 0 0 0 0 0 0 0 0 0 0 0 0 0 0 0 0 0 0]
[4753772305558555599758115182365657509858600554713499989795942857290866491756384902578541384859094625183109338634804264258172326841404492410230264824694220411080489019246737802285001902306565967194060335002768157525750385967958197609131443302263869408599444807536630730619105835670746610676661633391972526123666396812800493855271417 0 0 0 0 0 0 0 0 0 0 0 0 0 0 0 0 0 0 0 0 0 0 0 0 0 0 0 0 0 0 1 0 0 0 0 0 0 0 0 0 0 0 0 0 0 0 0 0 0 0 0 0 0 0 0 0 0 0 0 0 0 0 0 0 0 0 0 0 0 0 0 0 0 0 0 0 0 0 0 0 0 0 0 0 0 0 0 0 0 0 0 0 0 0 0 0 0 0 0 0 0 0 0 0 0 0 0 0 0]
[9944658178680861239749072966451986836932658986086708865888796392449935485099931224717387662134739194652347665222514219280055610535535230142634036142236595910495573569104855914363794883685702832826210322430217807818185252524756795747609252531136489188890194202353319019548409548731577246172583242403465638501375992879941362163586992 0 0 0 0 0 0 0 0 0 0 0 0 0 0 0 0 0 0 0 0 0 0 0 0 0 0 0 0 0 0 0 1 0 0 0 0 0 0 0 0 0 0 0 0 0 0 0 0 0 0 0 0 0 0 0 0 0 0 0 0 0 0 0 0 0 0 0 0 0 0 0 0 0 0 0 0 0 0 0 0 0 0 0 0 0 0 0 0 0 0 0 0 0 0 0 0 0 0 0 0 0 0 0 0 0 0 0 0 0]
[7538694152334435882697352582139292150721229631744340431992042742881464599997187923410846834590703740354555916644003054754870733637263758105520068233508719692765116995691722638611354579820646539836469458331385826343637392521099287471177537644861734585067122616387288710344812923653628356941287805273904549008073250905468607758442202 0 0 0 0 0 0 0 0 0 0 0 0 0 0 0 0 0 0 0 0 0 0 0 0 0 0 0 0 0 0 0 0 1 0 0 0 0 0 0 0 0 0 0 0 0 0 0 0 0 0 0 0 0 0 0 0 0 0 0 0 0 0 0 0 0 0 0 0 0 0 0 0 0 0 0 0 0 0 0 0 0 0 0 0 0 0 0 0 0 0 0 0 0 0 0 0 0 0 0 0 0 0 0 0 0 0 0 0 0]
[5218930534160460197609940480400897903012148218994241054021703180509923636349244815388479334601374976866033610563551699691551886828739666196189108846026429826062057681895492154495842937903709304707494246954417278943569916189290186980123388875407436604169847511931372047531990528450115549867515986715235262281244080017020546465093458 0 0 0 0 0 0 0 0 0 0 0 0 0 0 0 0 0 0 0 0 0 0 0 0 0 0 0 0 0 0 0 0 0 1 0 0 0 0 0 0 0 0 0 0 0 0 0 0 0 0 0 0 0 0 0 0 0 0 0 0 0 0 0 0 0 0 0 0 0 0 0 0 0 0 0 0 0 0 0 0 0 0 0 0 0 0 0 0 0 0 0 0 0 0 0 0 0 0 0 0 0 0 0 0 0 0 0 0 0]
[9698477703692899169739336741796919871635854975378817366061950997712133142559155483994472800263551067563552030846289395070540824586382264121977504347774941426994160955554035458410752236589057180575401893988171103660273785824816493783149530110619977761097642371074642836376360561088539037473141891393592269445412635522240816109253216 0 0 0 0 0 0 0 0 0 0 0 0 0 0 0 0 0 0 0 0 0 0 0 0 0 0 0 0 0 0 0 0 0 0 1 0 0 0 0 0 0 0 0 0 0 0 0 0 0 0 0 0 0 0 0 0 0 0 0 0 0 0 0 0 0 0 0 0 0 0 0 0 0 0 0 0 0 0 0 0 0 0 0 0 0 0 0 0 0 0 0 0 0 0 0 0 0 0 0 0 0 0 0 0 0 0 0 0 0]
[8420008286534680124039182457547674833897742907909914571193915213477838925648171747341308137680489962936654647146876395776547902861975429417195044137542258994566852924741984656876599040140314271479296139628712566482393904922557042466845193809535390021709403766444725716232255047296134646688068453725379739450790383114243673671272304 0 0 0 0 0 0 0 0 0 0 0 0 0 0 0 0 0 0 0 0 0 0 0 0 0 0 0 0 0 0 0 0 0 0 0 1 0 0 0 0 0 0 0 0 0 0 0 0 0 0 0 0 0 0 0 0 0 0 0 0 0 0 0 0 0 0 0 0 0 0 0 0 0 0 0 0 0 0 0 0 0 0 0 0 0 0 0 0 0 0 0 0 0 0 0 0 0 0 0 0 0 0 0 0 0 0 0 0 0]
[5432030076786650467272181530869260342204841882200403349140688705044609712519639514159162857745767250209426073255597068792666914790470767289560552389078196475190713888469245422027526964244023483972586139101511445460654322702285996155118930364742127759637798005835190514117365419495857299622155235673146966189065563637136450225678998 0 0 0 0 0 0 0 0 0 0 0 0 0 0 0 0 0 0 0 0 0 0 0 0 0 0 0 0 0 0 0 0 0 0 0 0 1 0 0 0 0 0 0 0 0 0 0 0 0 0 0 0 0 0 0 0 0 0 0 0 0 0 0 0 0 0 0 0 0 0 0 0 0 0 0 0 0 0 0 0 0 0 0 0 0 0 0 0 0 0 0 0 0 0 0 0 0 0 0 0 0 0 0 0 0 0 0 0 0]
[7023302150157592075244216286115200881886106405697643887829911169029543867006665328612378495385944690958123193443297566825236061609279156117349184489015078826879183714771159315213666407714547271802309554834660827310682067961135348069264886897714470759919000798122054439114709492542662273705170612338634848683152334124303347136527925 0 0 0 0 0 0 0 0 0 0 0 0 0 0 0 0 0 0 0 0 0 0 0 0 0 0 0 0 0 0 0 0 0 0 0 0 0 1 0 0 0 0 0 0 0 0 0 0 0 0 0 0 0 0 0 0 0 0 0 0 0 0 0 0 0 0 0 0 0 0 0 0 0 0 0 0 0 0 0 0 0 0 0 0 0 0 0 0 0 0 0 0 0 0 0 0 0 0 0 0 0 0 0 0 0 0 0 0 0]
[13180849243454128517209397357334970557387452340604638256938331418306816330021344376135752438837876246003211857229225981890991087830871802889053432801834248995354953851130280012147975851095904464744909247094921582637567009316946491677317959712655716540512034473771646195055250122131223006360187542776545623484920048023293843442135316 0 0 0 0 0 0 0 0 0 0 0 0 0 0 0 0 0 0 0 0 0 0 0 0 0 0 0 0 0 0 0 0 0 0 0 0 0 0 1 0 0 0 0 0 0 0 0 0 0 0 0 0 0 0 0 0 0 0 0 0 0 0 0 0 0 0 0 0 0 0 0 0 0 0 0 0 0 0 0 0 0 0 0 0 0 0 0 0 0 0 0 0 0 0 0 0 0 0 0 0 0 0 0 0 0 0 0 0 0]
[10190566111282056500606193495336457861388798196468216257144927893221648743588664780260456127739589283120594582422574928480934582127132136583497845042595270924316145730216086035841170747483758676976418457220354831191740925670601303917343343086557098127032537658279437376691575439030071355874943131761395741540562193945490991529722468 0 0 0 0 0 0 0 0 0 0 0 0 0 0 0 0 0 0 0 0 0 0 0 0 0 0 0 0 0 0 0 0 0 0 0 0 0 0 0 1 0 0 0 0 0 0 0 0 0 0 0 0 0 0 0 0 0 0 0 0 0 0 0 0 0 0 0 0 0 0 0 0 0 0 0 0 0 0 0 0 0 0 0 0 0 0 0 0 0 0 0 0 0 0 0 0 0 0 0 0 0 0 0 0 0 0 0 0 0]
[4336922152856086513248590566297846609849977005358590084869234699562269386526659526807653829048970474809153847414078460877710033473418972377158702294827623469266708933468073548110939662370021617825594685300968932031120240898693481152982296737739051155572828781169478351058143531884083778447953849040456841181218462666910059069714776 0 0 0 0 0 0 0 0 0 0 0 0 0 0 0 0 0 0 0 0 0 0 0 0 0 0 0 0 0 0 0 0 0 0 0 0 0 0 0 0 1 0 0 0 0 0 0 0 0 0 0 0 0 0 0 0 0 0 0 0 0 0 0 0 0 0 0 0 0 0 0 0 0 0 0 0 0 0 0 0 0 0 0 0 0 0 0 0 0 0 0 0 0 0 0 0 0 0 0 0 0 0 0 0 0 0 0 0 0]
[7802110542796397028574530731654917905679537521023043365535190509497114446675590248107639510056496195115586282515684722909489085181280015925193180215647672495672877222398347398192512663738441768961698464010638487770075471772454117448480598218362623114098717852202627360116507450364265016724065238191709954807309022367542311767042142 0 0 0 0 0 0 0 0 0 0 0 0 0 0 0 0 0 0 0 0 0 0 0 0 0 0 0 0 0 0 0 0 0 0 0 0 0 0 0 0 0 1 0 0 0 0 0 0 0 0 0 0 0 0 0 0 0 0 0 0 0 0 0 0 0 0 0 0 0 0 0 0 0 0 0 0 0 0 0 0 0 0 0 0 0 0 0 0 0 0 0 0 0 0 0 0 0 0 0 0 0 0 0 0 0 0 0 0 0]
[922180657395785182677159228581085228180828590509848522113174011522164571342932905852110719775087628673581371995232321640589542031475869082797721623393635202674741051915342807871413078215385995490570702957530134204738434194958307639971334015864774367264233436066941576231877618169474900254989320208328315501395102242820543133539917 0 0 0 0 0 0 0 0 0 0 0 0 0 0 0 0 0 0 0 0 0 0 0 0 0 0 0 0 0 0 0 0 0 0 0 0 0 0 0 0 0 0 1 0 0 0 0 0 0 0 0 0 0 0 0 0 0 0 0 0 0 0 0 0 0 0 0 0 0 0 0 0 0 0 0 0 0 0 0 0 0 0 0 0 0 0 0 0 0 0 0 0 0 0 0 0 0 0 0 0 0 0 0 0 0 0 0 0 0]
[4344377189516107090459693931692408719423079081228791253621630654910460755174260324514133836743867582649430095042508492880599581398001114806170050172670059727929174941076225972751911572313932816221681268487938222650902563912597932593878342741860458285205312031169798148887807507915829210955840008488094535270825969301893069039626426 0 0 0 0 0 0 0 0 0 0 0 0 0 0 0 0 0 0 0 0 0 0 0 0 0 0 0 0 0 0 0 0 0 0 0 0 0 0 0 0 0 0 0 1 0 0 0 0 0 0 0 0 0 0 0 0 0 0 0 0 0 0 0 0 0 0 0 0 0 0 0 0 0 0 0 0 0 0 0 0 0 0 0 0 0 0 0 0 0 0 0 0 0 0 0 0 0 0 0 0 0 0 0 0 0 0 0 0 0]
[1344709631888214425756053598099282189116310238794968522528319704386459133755108209975691769031063856777203924708647670854643875239361748372502935309374941633726729411586851419679467406157774609411699992871003953140102394776781454558776634997797560785950431336000402864433609837567955807773894493337955069271364345994408074091437705 0 0 0 0 0 0 0 0 0 0 0 0 0 0 0 0 0 0 0 0 0 0 0 0 0 0 0 0 0 0 0 0 0 0 0 0 0 0 0 0 0 0 0 0 1 0 0 0 0 0 0 0 0 0 0 0 0 0 0 0 0 0 0 0 0 0 0 0 0 0 0 0 0 0 0 0 0 0 0 0 0 0 0 0 0 0 0 0 0 0 0 0 0 0 0 0 0 0 0 0 0 0 0 0 0 0 0 0 0]
[4966143318471779004952464124307244453113740220244074155617111034135550346991957513547059698094727865875031553720025924640958714719198835653799975219716145887013004590970558503684454107655083488157973297315429088724272165050156978347031044261823532086083546802413701382147276408504004902587589100041166477635453278100241911481499039 0 0 0 0 0 0 0 0 0 0 0 0 0 0 0 0 0 0 0 0 0 0 0 0 0 0 0 0 0 0 0 0 0 0 0 0 0 0 0 0 0 0 0 0 0 1 0 0 0 0 0 0 0 0 0 0 0 0 0 0 0 0 0 0 0 0 0 0 0 0 0 0 0 0 0 0 0 0 0 0 0 0 0 0 0 0 0 0 0 0 0 0 0 0 0 0 0 0 0 0 0 0 0 0 0 0 0 0 0]
[8501717784891068803591460845742197229114589610966305234267025789544840078196856958072786168496226638621402228507808813232707706636273906983297567793881942486362507650317559919031003138750618219869182172620080720629854903427245424418583805006267976161859238381463991244540971294254497861075493013067672760774206803532107376330199750 0 0 0 0 0 0 0 0 0 0 0 0 0 0 0 0 0 0 0 0 0 0 0 0 0 0 0 0 0 0 0 0 0 0 0 0 0 0 0 0 0 0 0 0 0 0 1 0 0 0 0 0 0 0 0 0 0 0 0 0 0 0 0 0 0 0 0 0 0 0 0 0 0 0 0 0 0 0 0 0 0 0 0 0 0 0 0 0 0 0 0 0 0 0 0 0 0 0 0 0 0 0 0 0 0 0 0 0 0]
[11565894101493870945690531136911809823032762196670726053899742812497842066119876255764502959597987255562036977239383691584346738685698027154147440955549178901999488307364772552516930187329813480851999773441797363892984505724498344398561289240877061183078272878087689438184312221575710980832485642781837595498592427938772003855052740 0 0 0 0 0 0 0 0 0 0 0 0 0 0 0 0 0 0 0 0 0 0 0 0 0 0 0 0 0 0 0 0 0 0 0 0 0 0 0 0 0 0 0 0 0 0 0 1 0 0 0 0 0 0 0 0 0 0 0 0 0 0 0 0 0 0 0 0 0 0 0 0 0 0 0 0 0 0 0 0 0 0 0 0 0 0 0 0 0 0 0 0 0 0 0 0 0 0 0 0 0 0 0 0 0 0 0 0 0]
[9243960409963363935524070520961554086602582818714300365385256204217841918975698741630558440458931354649158273697400964057534883277659974966650010181377070871515975353173299706419767612999369610029507234031891275823780663698690077401679157633075498441763240987583153510846940330437550808756245632906852107851444162685589406848099210 0 0 0 0 0 0 0 0 0 0 0 0 0 0 0 0 0 0 0 0 0 0 0 0 0 0 0 0 0 0 0 0 0 0 0 0 0 0 0 0 0 0 0 0 0 0 0 0 1 0 0 0 0 0 0 0 0 0 0 0 0 0 0 0 0 0 0 0 0 0 0 0 0 0 0 0 0 0 0 0 0 0 0 0 0 0 0 0 0 0 0 0 0 0 0 0 0 0 0 0 0 0 0 0 0 0 0 0 0]
[8363369820572137534880262298136894374196374293728356548622649236421840054820414146870201156172447765602426825429234226664036203622205105695443792286795931613616495999616372991740685223285254436687893580819671168885894083560170452810957885627264867635237820793271390063654991195756726780782055377724472713970829061671304616075809070 0 0 0 0 0 0 0 0 0 0 0 0 0 0 0 0 0 0 0 0 0 0 0 0 0 0 0 0 0 0 0 0 0 0 0 0 0 0 0 0 0 0 0 0 0 0 0 0 0 1 0 0 0 0 0 0 0 0 0 0 0 0 0 0 0 0 0 0 0 0 0 0 0 0 0 0 0 0 0 0 0 0 0 0 0 0 0 0 0 0 0 0 0 0 0 0 0 0 0 0 0 0 0 0 0 0 0 0 0]
[5369704496937645890136129904917361311754760261111095359512352945234727669829002866381609030756174247485662335685767488029832475197846702049028041131376025903310877592531908430017905267399084494759125782385574087798946439764348212031070364817782587605453231988380509448796157172173549372062183815021842683957886100438492654817933986 0 0 0 0 0 0 0 0 0 0 0 0 0 0 0 0 0 0 0 0 0 0 0 0 0 0 0 0 0 0 0 0 0 0 0 0 0 0 0 0 0 0 0 0 0 0 0 0 0 0 1 0 0 0 0 0 0 0 0 0 0 0 0 0 0 0 0 0 0 0 0 0 0 0 0 0 0 0 0 0 0 0 0 0 0 0 0 0 0 0 0 0 0 0 0 0 0 0 0 0 0 0 0 0 0 0 0 0 0]
[10141146970903502444768891558381180503376940355190192515947518224841944226884451921635591427290642784150485796203769474339703958316138733040706801450825636211225187143315646395739695616235840519693573425610987997607971329368715496517424987920540363976556077755543434466199669427918209907226313544502681069282625825911432076433727632 0 0 0 0 0 0 0 0 0 0 0 0 0 0 0 0 0 0 0 0 0 0 0 0 0 0 0 0 0 0 0 0 0 0 0 0 0 0 0 0 0 0 0 0 0 0 0 0 0 0 0 1 0 0 0 0 0 0 0 0 0 0 0 0 0 0 0 0 0 0 0 0 0 0 0 0 0 0 0 0 0 0 0 0 0 0 0 0 0 0 0 0 0 0 0 0 0 0 0 0 0 0 0 0 0 0 0 0 0]
[4064908004750466664134223681857237423680785314720464385419552117512195214051045160479923605608895175182226001732488710873582527031812327521013969107350962363605085630008844299012633701949499082247293113875242488817539391856602414994095512738496200386094736366846192415455897110269681947752027197200778863316956439336299682085009094 0 0 0 0 0 0 0 0 0 0 0 0 0 0 0 0 0 0 0 0 0 0 0 0 0 0 0 0 0 0 0 0 0 0 0 0 0 0 0 0 0 0 0 0 0 0 0 0 0 0 0 0 1 0 0 0 0 0 0 0 0 0 0 0 0 0 0 0 0 0 0 0 0 0 0 0 0 0 0 0 0 0 0 0 0 0 0 0 0 0 0 0 0 0 0 0 0 0 0 0 0 0 0 0 0 0 0 0 0]
[8769179023556668380034703341492703467822871776430268280655775851422861885884756275944358902428655719658872927692177331763769588212668826541764528942732566148748051749846146936169831902983656166283647224345411719662080321550756702468344468521091073932579247337416392890972894940117302586421567358851639208104014586085976079261733790 0 0 0 0 0 0 0 0 0 0 0 0 0 0 0 0 0 0 0 0 0 0 0 0 0 0 0 0 0 0 0 0 0 0 0 0 0 0 0 0 0 0 0 0 0 0 0 0 0 0 0 0 0 1 0 0 0 0 0 0 0 0 0 0 0 0 0 0 0 0 0 0 0 0 0 0 0 0 0 0 0 0 0 0 0 0 0 0 0 0 0 0 0 0 0 0 0 0 0 0 0 0 0 0 0 0 0 0 0]
[8259901692093079888005650239422125675821882311920098659109531402386561724919244921849455287260787502983623072070806574261031163705031026579208507240031172192028713672659966226879038392138534387990970558819732138470048414540271844901965477977256631233453424781503892674777762883279517289135298721667954908755719103380501569156429600 0 0 0 0 0 0 0 0 0 0 0 0 0 0 0 0 0 0 0 0 0 0 0 0 0 0 0 0 0 0 0 0 0 0 0 0 0 0 0 0 0 0 0 0 0 0 0 0 0 0 0 0 0 0 1 0 0 0 0 0 0 0 0 0 0 0 0 0 0 0 0 0 0 0 0 0 0 0 0 0 0 0 0 0 0 0 0 0 0 0 0 0 0 0 0 0 0 0 0 0 0 0 0 0 0 0 0 0 0]
[299566745819707680762585939376273412778346615659039889530802513320770252208969667232825858460832868389187272696711341861986479438030328095004677958277128101331096509324656409354502296875146390472270147030908323685641177083767147384543015327947859625389641018624601861526199628442645302623619768593368773939225087450348913279418267 0 0 0 0 0 0 0 0 0 0 0 0 0 0 0 0 0 0 0 0 0 0 0 0 0 0 0 0 0 0 0 0 0 0 0 0 0 0 0 0 0 0 0 0 0 0 0 0 0 0 0 0 0 0 0 1 0 0 0 0 0 0 0 0 0 0 0 0 0 0 0 0 0 0 0 0 0 0 0 0 0 0 0 0 0 0 0 0 0 0 0 0 0 0 0 0 0 0 0 0 0 0 0 0 0 0 0 0 0]
[6907540387501811484947774399521102520538368450116770696735846718766889443836384661250872677293291840926043382068591162270629168248663011334239192872305282693876400308053923118197035589116999342629019729102713620243661076069995659890810777981074698305809065950723375322131510898229290132275432134118383792488060596395650065274470769 0 0 0 0 0 0 0 0 0 0 0 0 0 0 0 0 0 0 0 0 0 0 0 0 0 0 0 0 0 0 0 0 0 0 0 0 0 0 0 0 0 0 0 0 0 0 0 0 0 0 0 0 0 0 0 0 1 0 0 0 0 0 0 0 0 0 0 0 0 0 0 0 0 0 0 0 0 0 0 0 0 0 0 0 0 0 0 0 0 0 0 0 0 0 0 0 0 0 0 0 0 0 0 0 0 0 0 0 0]
[11525954527461736422793005671249000339730904675476613921836518404319778239303959146089236798645461967970722804298044777061065788707227913401583413053556000982915872498415333130232407769322255479418489668188221294806464263843744590822570638209457474266215444062092869840974820614653461986408287961763336831485965688511048341595781069 0 0 0 0 0 0 0 0 0 0 0 0 0 0 0 0 0 0 0 0 0 0 0 0 0 0 0 0 0 0 0 0 0 0 0 0 0 0 0 0 0 0 0 0 0 0 0 0 0 0 0 0 0 0 0 0 0 1 0 0 0 0 0 0 0 0 0 0 0 0 0 0 0 0 0 0 0 0 0 0 0 0 0 0 0 0 0 0 0 0 0 0 0 0 0 0 0 0 0 0 0 0 0 0 0 0 0 0 0]
[4777000632856232983921284504429159655500143030067462534771457592150870311033763933037996580259115073993903392392672424898962713587245108187069592739056566608875103427496494030740613259146755995122752070085455609513611871962063918070836882449278586808729410649826371069575208504131802917633274265326192602624348307837754952408746013 0 0 0 0 0 0 0 0 0 0 0 0 0 0 0 0 0 0 0 0 0 0 0 0 0 0 0 0 0 0 0 0 0 0 0 0 0 0 0 0 0 0 0 0 0 0 0 0 0 0 0 0 0 0 0 0 0 0 1 0 0 0 0 0 0 0 0 0 0 0 0 0 0 0 0 0 0 0 0 0 0 0 0 0 0 0 0 0 0 0 0 0 0 0 0 0 0 0 0 0 0 0 0 0 0 0 0 0 0]
[4635895022764352734893746581261615950148805661478592783114318242414444217649099696621677124005445504805089285976561323568975289930868656063714097121935406009606692704954793246048180672056324113305456686978568074666969119720328490048502440575572590050258088456998391607948984382064757530699296973895506883669278756071067831776453889 0 0 0 0 0 0 0 0 0 0 0 0 0 0 0 0 0 0 0 0 0 0 0 0 0 0 0 0 0 0 0 0 0 0 0 0 0 0 0 0 0 0 0 0 0 0 0 0 0 0 0 0 0 0 0 0 0 0 0 1 0 0 0 0 0 0 0 0 0 0 0 0 0 0 0 0 0 0 0 0 0 0 0 0 0 0 0 0 0 0 0 0 0 0 0 0 0 0 0 0 0 0 0 0 0 0 0 0 0]
[11584130496050590278772461258354126867942491720405394696936224801006503253445667708471959741803624488685622241308890239105107112243598473057740145232014795503688495557118751362681919764328203950377071331403037190220567105372361985084364502573994076659640300296586401664725053677058586897641426366469972823414617041964232500553770658 0 0 0 0 0 0 0 0 0 0 0 0 0 0 0 0 0 0 0 0 0 0 0 0 0 0 0 0 0 0 0 0 0 0 0 0 0 0 0 0 0 0 0 0 0 0 0 0 0 0 0 0 0 0 0 0 0 0 0 0 1 0 0 0 0 0 0 0 0 0 0 0 0 0 0 0 0 0 0 0 0 0 0 0 0 0 0 0 0 0 0 0 0 0 0 0 0 0 0 0 0 0 0 0 0 0 0 0 0]
[2483754225769705455054317948611572182812848668331244267668286611508729534090637613867762881658878078327308832268676511749933378747328517722139095593540406089225652669599435338867867284289939884721551836910672166271542254743668161050753972118055846468136257285953025387578003171002865655594679150281681982715306868252694483940470509 0 0 0 0 0 0 0 0 0 0 0 0 0 0 0 0 0 0 0 0 0 0 0 0 0 0 0 0 0 0 0 0 0 0 0 0 0 0 0 0 0 0 0 0 0 0 0 0 0 0 0 0 0 0 0 0 0 0 0 0 0 1 0 0 0 0 0 0 0 0 0 0 0 0 0 0 0 0 0 0 0 0 0 0 0 0 0 0 0 0 0 0 0 0 0 0 0 0 0 0 0 0 0 0 0 0 0 0 0]
[12232955723724436926920132730905276697120240632062437748593746689642929330244707805810707595945478232723880559080831653948304551490198335838072522665633647741205865218418041605856558442417012079490892400039215168279758598307393743616034838448046622522951406493913214558383490242899238038430229307909254260104766183499508100925268264 0 0 0 0 0 0 0 0 0 0 0 0 0 0 0 0 0 0 0 0 0 0 0 0 0 0 0 0 0 0 0 0 0 0 0 0 0 0 0 0 0 0 0 0 0 0 0 0 0 0 0 0 0 0 0 0 0 0 0 0 0 0 1 0 0 0 0 0 0 0 0 0 0 0 0 0 0 0 0 0 0 0 0 0 0 0 0 0 0 0 0 0 0 0 0 0 0 0 0 0 0 0 0 0 0 0 0 0 0]
[2723388747834312523057121551587286990420530162762552194579640698038164329744466496065844428861423427954463529503322776680222601029255987726086509385310793680019215777165285344839059841529702808111749137841092295518721094008876377056460392159155557309248947795546388884844782606956131225494300482652712198746697951042829182321082816 0 0 0 0 0 0 0 0 0 0 0 0 0 0 0 0 0 0 0 0 0 0 0 0 0 0 0 0 0 0 0 0 0 0 0 0 0 0 0 0 0 0 0 0 0 0 0 0 0 0 0 0 0 0 0 0 0 0 0 0 0 0 0 1 0 0 0 0 0 0 0 0 0 0 0 0 0 0 0 0 0 0 0 0 0 0 0 0 0 0 0 0 0 0 0 0 0 0 0 0 0 0 0 0 0 0 0 0 0]
[7050844217790519170785081313291817354294091452151956030771919478684494639129407066469614935561572016525759042307308638210009208361988744120891185404075592409147807776798272830235191581592028507652049009260854021336588999406127127880207760183801737092223574846760298947167175708380550918086051824348226608885341432149424057942546961 0 0 0 0 0 0 0 0 0 0 0 0 0 0 0 0 0 0 0 0 0 0 0 0 0 0 0 0 0 0 0 0 0 0 0 0 0 0 0 0 0 0 0 0 0 0 0 0 0 0 0 0 0 0 0 0 0 0 0 0 0 0 0 0 1 0 0 0 0 0 0 0 0 0 0 0 0 0 0 0 0 0 0 0 0 0 0 0 0 0 0 0 0 0 0 0 0 0 0 0 0 0 0 0 0 0 0 0 0]
[5002403291216995781880225018274416781429162376644151058495262764591359307023710046551499348832859078978342150844432785709416748847579088490859440406837793502503691171621938511562521560585262603124405621215614272152165736515082298217909815974940336585259819231498657445905212307416542884320550330238034577149839972101952093464677485 0 0 0 0 0 0 0 0 0 0 0 0 0 0 0 0 0 0 0 0 0 0 0 0 0 0 0 0 0 0 0 0 0 0 0 0 0 0 0 0 0 0 0 0 0 0 0 0 0 0 0 0 0 0 0 0 0 0 0 0 0 0 0 0 0 1 0 0 0 0 0 0 0 0 0 0 0 0 0 0 0 0 0 0 0 0 0 0 0 0 0 0 0 0 0 0 0 0 0 0 0 0 0 0 0 0 0 0 0]
[7723971991349006051465097761390342374969982451544070252689636820771832038428935060283997769080680311734469813737391762086268271234197091106768213663373762298194019622021097752281139038822886048306462671449730264130604658537231084601935577237556147002197832304109316973159556835433882277968096920373784898525501996030426812484940574 0 0 0 0 0 0 0 0 0 0 0 0 0 0 0 0 0 0 0 0 0 0 0 0 0 0 0 0 0 0 0 0 0 0 0 0 0 0 0 0 0 0 0 0 0 0 0 0 0 0 0 0 0 0 0 0 0 0 0 0 0 0 0 0 0 0 1 0 0 0 0 0 0 0 0 0 0 0 0 0 0 0 0 0 0 0 0 0 0 0 0 0 0 0 0 0 0 0 0 0 0 0 0 0 0 0 0 0 0]
[10072814853377235705269005812361294063222261580079337482616842931539940595696614773159601385753186509758439874623313869787348013955412134535816884646198972686133299649997906507661568871202570327747699173450124399812394837722281092537955669405845863411390849991137452834358622088855920796627751406595022091475738769800075874056923674 0 0 0 0 0 0 0 0 0 0 0 0 0 0 0 0 0 0 0 0 0 0 0 0 0 0 0 0 0 0 0 0 0 0 0 0 0 0 0 0 0 0 0 0 0 0 0 0 0 0 0 0 0 0 0 0 0 0 0 0 0 0 0 0 0 0 0 1 0 0 0 0 0 0 0 0 0 0 0 0 0 0 0 0 0 0 0 0 0 0 0 0 0 0 0 0 0 0 0 0 0 0 0 0 0 0 0 0 0]
[6535950026448688780156278375746430824530017442232079533141312520843612821246931555774665248588394779253081277635501699942802563837443795927900033779975264815727659208525594663829084854940725230327419952577211166687966759196621954998084649288740848894452553476625745086050201916903405064011509451811268527512436225252647526263393119 0 0 0 0 0 0 0 0 0 0 0 0 0 0 0 0 0 0 0 0 0 0 0 0 0 0 0 0 0 0 0 0 0 0 0 0 0 0 0 0 0 0 0 0 0 0 0 0 0 0 0 0 0 0 0 0 0 0 0 0 0 0 0 0 0 0 0 0 1 0 0 0 0 0 0 0 0 0 0 0 0 0 0 0 0 0 0 0 0 0 0 0 0 0 0 0 0 0 0 0 0 0 0 0 0 0 0 0 0]
[8760457665358800319207879284517653705599013125835026456660007590663168635506054608321271428368612839901883184970423183934964493017458770603688308575439479958691704258970606970550292899391399501453113345007393918380885130450709325072440924876901301407609369557705363504089663022616769553265756899315525270807083471381791326658495024 0 0 0 0 0 0 0 0 0 0 0 0 0 0 0 0 0 0 0 0 0 0 0 0 0 0 0 0 0 0 0 0 0 0 0 0 0 0 0 0 0 0 0 0 0 0 0 0 0 0 0 0 0 0 0 0 0 0 0 0 0 0 0 0 0 0 0 0 0 1 0 0 0 0 0 0 0 0 0 0 0 0 0 0 0 0 0 0 0 0 0 0 0 0 0 0 0 0 0 0 0 0 0 0 0 0 0 0 0]
[7219296103659058272668860237889318968049812486460466702310604545077467597545397062371127115319916909570721179138825941116480795741116286710728749344239957576789212000193493628503062054468422055351664042634872412561146272792378462972505351726032289643336403393412402095923072652080362106312583355738584851732631209250819703928966896 0 0 0 0 0 0 0 0 0 0 0 0 0 0 0 0 0 0 0 0 0 0 0 0 0 0 0 0 0 0 0 0 0 0 0 0 0 0 0 0 0 0 0 0 0 0 0 0 0 0 0 0 0 0 0 0 0 0 0 0 0 0 0 0 0 0 0 0 0 0 1 0 0 0 0 0 0 0 0 0 0 0 0 0 0 0 0 0 0 0 0 0 0 0 0 0 0 0 0 0 0 0 0 0 0 0 0 0 0]
[11640837623551782669402607169531004751043027640439555336112316834781443562712795908312550620649015898880340302626592308501650187321618959298310073731566873790175763843232805107665815021185491123981881108482413301304976753709089010493345875323408614640147733206792813496462206373155720390905814669150382193737547918078433942430340725 0 0 0 0 0 0 0 0 0 0 0 0 0 0 0 0 0 0 0 0 0 0 0 0 0 0 0 0 0 0 0 0 0 0 0 0 0 0 0 0 0 0 0 0 0 0 0 0 0 0 0 0 0 0 0 0 0 0 0 0 0 0 0 0 0 0 0 0 0 0 0 1 0 0 0 0 0 0 0 0 0 0 0 0 0 0 0 0 0 0 0 0 0 0 0 0 0 0 0 0 0 0 0 0 0 0 0 0 0]
[9218809048916362086543277510769462366797709170209508661006356625141762643339710101792352953519931730014074449986434771900897350175214329391657028586377796337706826516003798406726976215568930091954261842108309832902296189146474701118903634340576692442175383319918715371226366150007127220471647014041073180250773934020208950547950824 0 0 0 0 0 0 0 0 0 0 0 0 0 0 0 0 0 0 0 0 0 0 0 0 0 0 0 0 0 0 0 0 0 0 0 0 0 0 0 0 0 0 0 0 0 0 0 0 0 0 0 0 0 0 0 0 0 0 0 0 0 0 0 0 0 0 0 0 0 0 0 0 1 0 0 0 0 0 0 0 0 0 0 0 0 0 0 0 0 0 0 0 0 0 0 0 0 0 0 0 0 0 0 0 0 0 0 0 0]
[13452729210910541563309943106992654006877638339345820778746567095627975306698168703537741026307083558766277403661275628648334464780606513239776304614131825806128140055266411960892018240034856890078313927796418432721883810828920645671506307061458989349338552269349638816453038403150628722985226390407400995296137016441629495384770465 0 0 0 0 0 0 0 0 0 0 0 0 0 0 0 0 0 0 0 0 0 0 0 0 0 0 0 0 0 0 0 0 0 0 0 0 0 0 0 0 0 0 0 0 0 0 0 0 0 0 0 0 0 0 0 0 0 0 0 0 0 0 0 0 0 0 0 0 0 0 0 0 0 1 0 0 0 0 0 0 0 0 0 0 0 0 0 0 0 0 0 0 0 0 0 0 0 0 0 0 0 0 0 0 0 0 0 0 0]
[10421475999050980511266473068473076779177019404003426637812533564513464238202188401267682702777711296887815497902265715353215463199841399696031749141214714761341883954585810291821819462965176750029646644070955267142640486047044306177853695104023717623519061304672667347538013944465526669408736211811882342544817121000895602430861603 0 0 0 0 0 0 0 0 0 0 0 0 0 0 0 0 0 0 0 0 0 0 0 0 0 0 0 0 0 0 0 0 0 0 0 0 0 0 0 0 0 0 0 0 0 0 0 0 0 0 0 0 0 0 0 0 0 0 0 0 0 0 0 0 0 0 0 0 0 0 0 0 0 0 1 0 0 0 0 0 0 0 0 0 0 0 0 0 0 0 0 0 0 0 0 0 0 0 0 0 0 0 0 0 0 0 0 0 0]
[11038115663623358101654167598105270461245533632571832889393234557383410686279904634751798964776134312250232676951149836423933039852971429991530949093827440006466816524781381368779211520463439345883231196196994788055152960598914942573331235059197760894131834270387826870632090194912353182327742592975494604935500983412588897810294749 0 0 0 0 0 0 0 0 0 0 0 0 0 0 0 0 0 0 0 0 0 0 0 0 0 0 0 0 0 0 0 0 0 0 0 0 0 0 0 0 0 0 0 0 0 0 0 0 0 0 0 0 0 0 0 0 0 0 0 0 0 0 0 0 0 0 0 0 0 0 0 0 0 0 0 1 0 0 0 0 0 0 0 0 0 0 0 0 0 0 0 0 0 0 0 0 0 0 0 0 0 0 0 0 0 0 0 0 0]
[11833219341090201797479587889994709639569037238425007646023746287835399788550749471845065285386439100811300286705143075619752686385087077418455001068864692220330350758695777898915851215170146535790794963158930891760347594911144195365915017483331408986295374555147103408534550652624861126762370962068104298518836023566720587572305561 0 0 0 0 0 0 0 0 0 0 0 0 0 0 0 0 0 0 0 0 0 0 0 0 0 0 0 0 0 0 0 0 0 0 0 0 0 0 0 0 0 0 0 0 0 0 0 0 0 0 0 0 0 0 0 0 0 0 0 0 0 0 0 0 0 0 0 0 0 0 0 0 0 0 0 0 1 0 0 0 0 0 0 0 0 0 0 0 0 0 0 0 0 0 0 0 0 0 0 0 0 0 0 0 0 0 0 0 0]
[9520068229664597009865180134830437602831620288929479047236962332526908122335804160503989283580979742873975762272358015635217850528065128751776181608733256537292707408121918530626403246206134947844757490675345946372241563452630186184131059827174199662576707726386322670989518862083057473811095060384506044353988845204009150344689242 0 0 0 0 0 0 0 0 0 0 0 0 0 0 0 0 0 0 0 0 0 0 0 0 0 0 0 0 0 0 0 0 0 0 0 0 0 0 0 0 0 0 0 0 0 0 0 0 0 0 0 0 0 0 0 0 0 0 0 0 0 0 0 0 0 0 0 0 0 0 0 0 0 0 0 0 0 1 0 0 0 0 0 0 0 0 0 0 0 0 0 0 0 0 0 0 0 0 0 0 0 0 0 0 0 0 0 0 0]
[741931697023384418974895019390165397145176502326734864723926245993124491262010050923082463615862272676536608102724848364299912251119773940391514745088761353936718181518761133147792170359695462485749147568410857635172903849088751487242772619135273677622420120485042423473305807749513041095963119531682204806915414834386931586945148 0 0 0 0 0 0 0 0 0 0 0 0 0 0 0 0 0 0 0 0 0 0 0 0 0 0 0 0 0 0 0 0 0 0 0 0 0 0 0 0 0 0 0 0 0 0 0 0 0 0 0 0 0 0 0 0 0 0 0 0 0 0 0 0 0 0 0 0 0 0 0 0 0 0 0 0 0 0 1 0 0 0 0 0 0 0 0 0 0 0 0 0 0 0 0 0 0 0 0 0 0 0 0 0 0 0 0 0 0]
[809827335032206405503312513073338420635790980992081312836729757538889518020909745625721429558380499565022597608115220406861274875395155511469066122326714466456752560052085150675445678718854927139230657640767843232787498106172083375845272984718013234203484994943473454623661987153531573548986682511155547250509200633185751207553209 0 0 0 0 0 0 0 0 0 0 0 0 0 0 0 0 0 0 0 0 0 0 0 0 0 0 0 0 0 0 0 0 0 0 0 0 0 0 0 0 0 0 0 0 0 0 0 0 0 0 0 0 0 0 0 0 0 0 0 0 0 0 0 0 0 0 0 0 0 0 0 0 0 0 0 0 0 0 0 1 0 0 0 0 0 0 0 0 0 0 0 0 0 0 0 0 0 0 0 0 0 0 0 0 0 0 0 0 0]
[10088467049433884916349238117557237498492520107547186769731271532894837344987338760267970802384159132107721122777129683950605698104432027895067533834625043031991519512562491513204980856651846620142365887169315522125097807922322969519083281362813379700739411497305087212260746644831343157377161873869572184753245536857587751743075809 0 0 0 0 0 0 0 0 0 0 0 0 0 0 0 0 0 0 0 0 0 0 0 0 0 0 0 0 0 0 0 0 0 0 0 0 0 0 0 0 0 0 0 0 0 0 0 0 0 0 0 0 0 0 0 0 0 0 0 0 0 0 0 0 0 0 0 0 0 0 0 0 0 0 0 0 0 0 0 0 1 0 0 0 0 0 0 0 0 0 0 0 0 0 0 0 0 0 0 0 0 0 0 0 0 0 0 0 0]
[12779564785808523905001993946142544683820591302465739626485662776983336285944019544387812409312699497438515258889191447595204153486381218220958575917241575904969751409308217675470044043676797282291449406209528919979767823290511226706360634565068743692915851027276908962435680875598800156249268538327540075426444048797399455904326638 0 0 0 0 0 0 0 0 0 0 0 0 0 0 0 0 0 0 0 0 0 0 0 0 0 0 0 0 0 0 0 0 0 0 0 0 0 0 0 0 0 0 0 0 0 0 0 0 0 0 0 0 0 0 0 0 0 0 0 0 0 0 0 0 0 0 0 0 0 0 0 0 0 0 0 0 0 0 0 0 0 1 0 0 0 0 0 0 0 0 0 0 0 0 0 0 0 0 0 0 0 0 0 0 0 0 0 0 0]
[10927769619962038057750625159061763584819922666518731198040361614605997826372634425275681640569966575958923645325297299822768044409290154972557463742085235713060088946692599620067284320681514806888904299597439505542653397175929058730064029937143742311986856808875085703888135844267887562021880961088053535324621580780463775625109140 0 0 0 0 0 0 0 0 0 0 0 0 0 0 0 0 0 0 0 0 0 0 0 0 0 0 0 0 0 0 0 0 0 0 0 0 0 0 0 0 0 0 0 0 0 0 0 0 0 0 0 0 0 0 0 0 0 0 0 0 0 0 0 0 0 0 0 0 0 0 0 0 0 0 0 0 0 0 0 0 0 0 1 0 0 0 0 0 0 0 0 0 0 0 0 0 0 0 0 0 0 0 0 0 0 0 0 0 0]
[2738309626168365870374994991325460187209289669438615661719415157649266584341204699469743844162105847592634395285815764064302125949365009172005412117293132325577861603055432287193009133056201315087757433310643560886516004579581883662700078303445182894138323836717525444037979325458521889922540916464700927051092045550585265735260358 0 0 0 0 0 0 0 0 0 0 0 0 0 0 0 0 0 0 0 0 0 0 0 0 0 0 0 0 0 0 0 0 0 0 0 0 0 0 0 0 0 0 0 0 0 0 0 0 0 0 0 0 0 0 0 0 0 0 0 0 0 0 0 0 0 0 0 0 0 0 0 0 0 0 0 0 0 0 0 0 0 0 0 1 0 0 0 0 0 0 0 0 0 0 0 0 0 0 0 0 0 0 0 0 0 0 0 0 0]
[7619097547927034674522491948910885348093045619422404078672677288646734030847411859778301966612176812167740416414099868696609602954763777161721218994352749139899010735248385250823899839151804454224510481110914995437900482526167909795509432690113736239337561587289304410756767604342699196186508626691871263064129514578977590532903299 0 0 0 0 0 0 0 0 0 0 0 0 0 0 0 0 0 0 0 0 0 0 0 0 0 0 0 0 0 0 0 0 0 0 0 0 0 0 0 0 0 0 0 0 0 0 0 0 0 0 0 0 0 0 0 0 0 0 0 0 0 0 0 0 0 0 0 0 0 0 0 0 0 0 0 0 0 0 0 0 0 0 0 0 1 0 0 0 0 0 0 0 0 0 0 0 0 0 0 0 0 0 0 0 0 0 0 0 0]
[5017761748346938834492079533256374731052988363847049412194213261431754156531912185206701642035867647886268260450054061552699777533788287398603052539209260827066997252382378246331015368164300988522966335066740472169297914511726825139531784846600172394258959833212936219614252705733268299109695460419902829305226058568581293342538178 0 0 0 0 0 0 0 0 0 0 0 0 0 0 0 0 0 0 0 0 0 0 0 0 0 0 0 0 0 0 0 0 0 0 0 0 0 0 0 0 0 0 0 0 0 0 0 0 0 0 0 0 0 0 0 0 0 0 0 0 0 0 0 0 0 0 0 0 0 0 0 0 0 0 0 0 0 0 0 0 0 0 0 0 0 1 0 0 0 0 0 0 0 0 0 0 0 0 0 0 0 0 0 0 0 0 0 0 0]
[11491335761687857554312804699391643619418094234234880274759906118515083283716444210138157139562528788929004826177697620031975174088192127078981088786772303146071279776738619208304673723270024085703657944166468837691080070203681171721469762764407280455223662659604615486172635662696974578783805416660455911221442742148854980268164412 0 0 0 0 0 0 0 0 0 0 0 0 0 0 0 0 0 0 0 0 0 0 0 0 0 0 0 0 0 0 0 0 0 0 0 0 0 0 0 0 0 0 0 0 0 0 0 0 0 0 0 0 0 0 0 0 0 0 0 0 0 0 0 0 0 0 0 0 0 0 0 0 0 0 0 0 0 0 0 0 0 0 0 0 0 0 1 0 0 0 0 0 0 0 0 0 0 0 0 0 0 0 0 0 0 0 0 0 0]
[4516957404949072946712436854169058725816171584275909346926936312600271905078355843724261800074534358466948590455156893635791018904223870538214232127875763185429472631537294163779310029405700111894930732394510235563870404048140683467269459953167937984985423228903202281590504547302471971687252907560862098585414783447084345558913185 0 0 0 0 0 0 0 0 0 0 0 0 0 0 0 0 0 0 0 0 0 0 0 0 0 0 0 0 0 0 0 0 0 0 0 0 0 0 0 0 0 0 0 0 0 0 0 0 0 0 0 0 0 0 0 0 0 0 0 0 0 0 0 0 0 0 0 0 0 0 0 0 0 0 0 0 0 0 0 0 0 0 0 0 0 0 0 1 0 0 0 0 0 0 0 0 0 0 0 0 0 0 0 0 0 0 0 0 0]
[9815268150030830783049347251100415166170385054331343951819261460145803617459257875803697092987362101062905174440272991517430256810930963343788721628807746784988324892611075203114679332709759748844595101968597712043508077106701943293801446167354971183475051610782744162749714495648799060272193293802514564974893502821965019714586940 0 0 0 0 0 0 0 0 0 0 0 0 0 0 0 0 0 0 0 0 0 0 0 0 0 0 0 0 0 0 0 0 0 0 0 0 0 0 0 0 0 0 0 0 0 0 0 0 0 0 0 0 0 0 0 0 0 0 0 0 0 0 0 0 0 0 0 0 0 0 0 0 0 0 0 0 0 0 0 0 0 0 0 0 0 0 0 0 1 0 0 0 0 0 0 0 0 0 0 0 0 0 0 0 0 0 0 0 0]
[7538679352922273137164074430849087041245955086388976863047262066052580693488132233314243944897401035730060318785680866746230882282518900120150166188311814233400266607013278152436601145811717631005353919481243413519434674509929881423919259705146834650758676520453815229349245812702539143489467266686742910135433848005799537708795978 0 0 0 0 0 0 0 0 0 0 0 0 0 0 0 0 0 0 0 0 0 0 0 0 0 0 0 0 0 0 0 0 0 0 0 0 0 0 0 0 0 0 0 0 0 0 0 0 0 0 0 0 0 0 0 0 0 0 0 0 0 0 0 0 0 0 0 0 0 0 0 0 0 0 0 0 0 0 0 0 0 0 0 0 0 0 0 0 0 1 0 0 0 0 0 0 0 0 0 0 0 0 0 0 0 0 0 0 0]
[4285988078334858391137476329880271834482310368093276762954314896856534526259649589914985057628452065691212445457788443262372028453679890897823806348421606768985102673025803421933773728460721619560997775409024121349653515755609242511680560654934801758374435915980086802181331066820942927890114608059700652200316376737011130160113281 0 0 0 0 0 0 0 0 0 0 0 0 0 0 0 0 0 0 0 0 0 0 0 0 0 0 0 0 0 0 0 0 0 0 0 0 0 0 0 0 0 0 0 0 0 0 0 0 0 0 0 0 0 0 0 0 0 0 0 0 0 0 0 0 0 0 0 0 0 0 0 0 0 0 0 0 0 0 0 0 0 0 0 0 0 0 0 0 0 0 1 0 0 0 0 0 0 0 0 0 0 0 0 0 0 0 0 0 0]
[8092229133893223093207613697704852986087064576744208198312772896226376842950901572850753783649331490111503190339615051972162751304486883591840479331248452617410652010430176868196779632220585558268748974660631509160224474700014964121785907070903688995717666143701001422642520117855330861467156591111688637866158695266406261051355521 0 0 0 0 0 0 0 0 0 0 0 0 0 0 0 0 0 0 0 0 0 0 0 0 0 0 0 0 0 0 0 0 0 0 0 0 0 0 0 0 0 0 0 0 0 0 0 0 0 0 0 0 0 0 0 0 0 0 0 0 0 0 0 0 0 0 0 0 0 0 0 0 0 0 0 0 0 0 0 0 0 0 0 0 0 0 0 0 0 0 0 1 0 0 0 0 0 0 0 0 0 0 0 0 0 0 0 0 0]
[6678863587387191378662708615169432745377872429765303171015337529907068371856172846435951718077572364170198533866411275720648896961169254198042761183630873441268364050236771911369326734029576616532524663702646438885193076158714919548188259555219526970138049816612319430332195915408483174134935798932570473540632240478021676269535814 0 0 0 0 0 0 0 0 0 0 0 0 0 0 0 0 0 0 0 0 0 0 0 0 0 0 0 0 0 0 0 0 0 0 0 0 0 0 0 0 0 0 0 0 0 0 0 0 0 0 0 0 0 0 0 0 0 0 0 0 0 0 0 0 0 0 0 0 0 0 0 0 0 0 0 0 0 0 0 0 0 0 0 0 0 0 0 0 0 0 0 0 1 0 0 0 0 0 0 0 0 0 0 0 0 0 0 0 0]
[4745259436216817985849814850396726004111221683449725574671578013073308007970684234350579100000600251373849932590323772978516613210579566403512871367538572634675171731100455218263624174774915025108821426334748227624767840886428931614765329302577882430719704726709874695857132726507295190141506123102768723505141679796027059109308507 0 0 0 0 0 0 0 0 0 0 0 0 0 0 0 0 0 0 0 0 0 0 0 0 0 0 0 0 0 0 0 0 0 0 0 0 0 0 0 0 0 0 0 0 0 0 0 0 0 0 0 0 0 0 0 0 0 0 0 0 0 0 0 0 0 0 0 0 0 0 0 0 0 0 0 0 0 0 0 0 0 0 0 0 0 0 0 0 0 0 0 0 0 1 0 0 0 0 0 0 0 0 0 0 0 0 0 0 0]
[2616145168807164080534870905824838307284538869955402848724012200623331420441093453575524751810492905343869782333476155744286384307996399256807473369414795152418794432076780047951849638070638552654174356411811636800267614192121884876267742163101304932315783412681311427812605611192197929134440338491124198796908041497121207733385003 0 0 0 0 0 0 0 0 0 0 0 0 0 0 0 0 0 0 0 0 0 0 0 0 0 0 0 0 0 0 0 0 0 0 0 0 0 0 0 0 0 0 0 0 0 0 0 0 0 0 0 0 0 0 0 0 0 0 0 0 0 0 0 0 0 0 0 0 0 0 0 0 0 0 0 0 0 0 0 0 0 0 0 0 0 0 0 0 0 0 0 0 0 0 1 0 0 0 0 0 0 0 0 0 0 0 0 0 0]
[738689119189165930973286607267573851219536267423363921955673655441975169221643403245612605797088077750921954616788385755645101805920167138160076802233543399684578343205591199504910631286310849096801193180248712554489160878612227087236553010351573311706549547666079704115575497440604198034433446969303544936605926292328246399141992 0 0 0 0 0 0 0 0 0 0 0 0 0 0 0 0 0 0 0 0 0 0 0 0 0 0 0 0 0 0 0 0 0 0 0 0 0 0 0 0 0 0 0 0 0 0 0 0 0 0 0 0 0 0 0 0 0 0 0 0 0 0 0 0 0 0 0 0 0 0 0 0 0 0 0 0 0 0 0 0 0 0 0 0 0 0 0 0 0 0 0 0 0 0 0 1 0 0 0 0 0 0 0 0 0 0 0 0 0]
[4617024315716901905278097450017311993411076098812041695578326361616461435799085242487097625807440604633769037058928565578747286279708527201313439165881264143963340243601504854974730590648075903259538800341363152318098124647858659167076318285391432510060114301385895884133722626427419510372751768573472019196925652377853987236703518 0 0 0 0 0 0 0 0 0 0 0 0 0 0 0 0 0 0 0 0 0 0 0 0 0 0 0 0 0 0 0 0 0 0 0 0 0 0 0 0 0 0 0 0 0 0 0 0 0 0 0 0 0 0 0 0 0 0 0 0 0 0 0 0 0 0 0 0 0 0 0 0 0 0 0 0 0 0 0 0 0 0 0 0 0 0 0 0 0 0 0 0 0 0 0 0 1 0 0 0 0 0 0 0 0 0 0 0 0]
[8588166734852538866527813086936273186074576830479127392506020004504817904971053578596326118025689414377502417469149830861155842767554713952177025071048717654963420947291792461731816634079119083078867089295172344663206546696196392365827056822671455063850757467658309716757196026713888153334486664069049975196217856885617905619184633 0 0 0 0 0 0 0 0 0 0 0 0 0 0 0 0 0 0 0 0 0 0 0 0 0 0 0 0 0 0 0 0 0 0 0 0 0 0 0 0 0 0 0 0 0 0 0 0 0 0 0 0 0 0 0 0 0 0 0 0 0 0 0 0 0 0 0 0 0 0 0 0 0 0 0 0 0 0 0 0 0 0 0 0 0 0 0 0 0 0 0 0 0 0 0 0 0 1 0 0 0 0 0 0 0 0 0 0 0]
[1444347126861412519200993379016302579820986831271169777498828391721985542039213771202431867771110689582503532845015022145606678454524208651547158841397336729553425275191410308206130310199233879255880232659249245245102354717469865156143131603638509675107649964228263712613937089112517818659160606219462259288616314560115023581010509 0 0 0 0 0 0 0 0 0 0 0 0 0 0 0 0 0 0 0 0 0 0 0 0 0 0 0 0 0 0 0 0 0 0 0 0 0 0 0 0 0 0 0 0 0 0 0 0 0 0 0 0 0 0 0 0 0 0 0 0 0 0 0 0 0 0 0 0 0 0 0 0 0 0 0 0 0 0 0 0 0 0 0 0 0 0 0 0 0 0 0 0 0 0 0 0 0 0 1 0 0 0 0 0 0 0 0 0 0]
[4414289739443397428229625097819012187653041873071729046819380917496243194716838110916043079647696632832838679050382144681067199732415892834302887222947090049861300561629489705285107364676386994585143671827861888992467998764833793500662122496900947021337918179973238105542559503247345603232707619448833215782040728049357208544347752 0 0 0 0 0 0 0 0 0 0 0 0 0 0 0 0 0 0 0 0 0 0 0 0 0 0 0 0 0 0 0 0 0 0 0 0 0 0 0 0 0 0 0 0 0 0 0 0 0 0 0 0 0 0 0 0 0 0 0 0 0 0 0 0 0 0 0 0 0 0 0 0 0 0 0 0 0 0 0 0 0 0 0 0 0 0 0 0 0 0 0 0 0 0 0 0 0 0 0 1 0 0 0 0 0 0 0 0 0]
[7382846195934206706090036802808848871918567658042507875830617804444917983741952795489305695697279670002385264470600610658173707658452720449396067447263234534402136194098952259339812751570518863323608376715339769403639879289017678076179258517485273316204487861461988279267516486721804337410957109465575380488410101046128098865499399 0 0 0 0 0 0 0 0 0 0 0 0 0 0 0 0 0 0 0 0 0 0 0 0 0 0 0 0 0 0 0 0 0 0 0 0 0 0 0 0 0 0 0 0 0 0 0 0 0 0 0 0 0 0 0 0 0 0 0 0 0 0 0 0 0 0 0 0 0 0 0 0 0 0 0 0 0 0 0 0 0 0 0 0 0 0 0 0 0 0 0 0 0 0 0 0 0 0 0 0 1 0 0 0 0 0 0 0 0]
[4323717082312585497897905387523388010432270656073737542876469583642331132980403778663641295151512380646591278243833946182407667800282158550247387744962310678287802009782455888443519663200318082520691462795206923447946964718418130718796924057086048531753619119879648247109431196213771315012704106699166937567366919191163405182207182 0 0 0 0 0 0 0 0 0 0 0 0 0 0 0 0 0 0 0 0 0 0 0 0 0 0 0 0 0 0 0 0 0 0 0 0 0 0 0 0 0 0 0 0 0 0 0 0 0 0 0 0 0 0 0 0 0 0 0 0 0 0 0 0 0 0 0 0 0 0 0 0 0 0 0 0 0 0 0 0 0 0 0 0 0 0 0 0 0 0 0 0 0 0 0 0 0 0 0 0 0 1 0 0 0 0 0 0 0]
[5322345938955136953116913919284107532965103908742775042186913305894542352886651373936245347655003093941709958614622657872093113895577890547600676407390766601260935197391884812674567550077789546651695149613326519383378671747206728230492789997595681485489075907866445884658369811303311176038929186393139327474961661278471485352715644 0 0 0 0 0 0 0 0 0 0 0 0 0 0 0 0 0 0 0 0 0 0 0 0 0 0 0 0 0 0 0 0 0 0 0 0 0 0 0 0 0 0 0 0 0 0 0 0 0 0 0 0 0 0 0 0 0 0 0 0 0 0 0 0 0 0 0 0 0 0 0 0 0 0 0 0 0 0 0 0 0 0 0 0 0 0 0 0 0 0 0 0 0 0 0 0 0 0 0 0 0 0 1 0 0 0 0 0 0]
[140676789417095890639250733151081711740519243905077110786943581392386915248569119737210417393397504300888307921570605590878486544959474209393110671565200951342916228211015167487571441329255842125804727363801345666890745443000023837434436288861399810969497960435764237246260128980218235361314314954586514523111346882243934130257256 0 0 0 0 0 0 0 0 0 0 0 0 0 0 0 0 0 0 0 0 0 0 0 0 0 0 0 0 0 0 0 0 0 0 0 0 0 0 0 0 0 0 0 0 0 0 0 0 0 0 0 0 0 0 0 0 0 0 0 0 0 0 0 0 0 0 0 0 0 0 0 0 0 0 0 0 0 0 0 0 0 0 0 0 0 0 0 0 0 0 0 0 0 0 0 0 0 0 0 0 0 0 0 1 0 0 0 0 0]
[3620233100700762264092932814424894412755905999734710042153556521550737960324686506631776182372360538399364876489407960021071440520532216927044334880581252572477268226376759299614911855144755458809975929254711092847804788978206347082334109594205798164526772437283495047938568534795091087362633164842973961133771711638970243856737318 0 0 0 0 0 0 0 0 0 0 0 0 0 0 0 0 0 0 0 0 0 0 0 0 0 0 0 0 0 0 0 0 0 0 0 0 0 0 0 0 0 0 0 0 0 0 0 0 0 0 0 0 0 0 0 0 0 0 0 0 0 0 0 0 0 0 0 0 0 0 0 0 0 0 0 0 0 0 0 0 0 0 0 0 0 0 0 0 0 0 0 0 0 0 0 0 0 0 0 0 0 0 0 0 1 0 0 0 0]
[6689611720624190618049331550344979179619183476681420184709755479309284419983525644279782892283504098533681535172323584192648326772064002142750892585868720715802615325968116981843345718824478086799165357408211383262267985762071218414032345535260870548606592224998353567974687787335339390278457043284874864241347151754695310521861690 0 0 0 0 0 0 0 0 0 0 0 0 0 0 0 0 0 0 0 0 0 0 0 0 0 0 0 0 0 0 0 0 0 0 0 0 0 0 0 0 0 0 0 0 0 0 0 0 0 0 0 0 0 0 0 0 0 0 0 0 0 0 0 0 0 0 0 0 0 0 0 0 0 0 0 0 0 0 0 0 0 0 0 0 0 0 0 0 0 0 0 0 0 0 0 0 0 0 0 0 0 0 0 0 0 1 0 0 0]
[8243817856167021180043177510317328872687370467947815261017380396994583161270366429182098230254918127033377718151396612759306866683779724390980324999872899256864290730205176204334639627132863023285966477051859436784379922663018095151104617994541186340181754438900558166919510570290291381002316643019459172903278737936945783031489266 0 0 0 0 0 0 0 0 0 0 0 0 0 0 0 0 0 0 0 0 0 0 0 0 0 0 0 0 0 0 0 0 0 0 0 0 0 0 0 0 0 0 0 0 0 0 0 0 0 0 0 0 0 0 0 0 0 0 0 0 0 0 0 0 0 0 0 0 0 0 0 0 0 0 0 0 0 0 0 0 0 0 0 0 0 0 0 0 0 0 0 0 0 0 0 0 0 0 0 0 0 0 0 0 0 0 1 0 0]
[3371257220410203427108217946049441536538015909885774826625348323745079360315393887327344740421930161265086131717097132027491692518421488112580746932831624045218173236185154793590054122976444275677523848266067297308508988065124356083528724484094225028032856284993498733214749829207646896884915936596502041260715820648382886412701820 0 0 0 0 0 0 0 0 0 0 0 0 0 0 0 0 0 0 0 0 0 0 0 0 0 0 0 0 0 0 0 0 0 0 0 0 0 0 0 0 0 0 0 0 0 0 0 0 0 0 0 0 0 0 0 0 0 0 0 0 0 0 0 0 0 0 0 0 0 0 0 0 0 0 0 0 0 0 0 0 0 0 0 0 0 0 0 0 0 0 0 0 0 0 0 0 0 0 0 0 0 0 0 0 0 0 0 1 0]
[4403206664926169944990206049455172302750692853618866018865459454122505907361403234997634352164803675319762420699701099517347264907262213099741645348196608369402577466658350706206072989919561230135186496442946620236139777285152711449646681595786019418415508500255545891147925182138862214076095578987583441086030995824417904508933160 0 0 0 0 0 0 0 0 0 0 0 0 0 0 0 0 0 0 0 0 0 0 0 0 0 0 0 0 0 0 0 0 0 0 0 0 0 0 0 0 0 0 0 0 0 0 0 0 0 0 0 0 0 0 0 0 0 0 0 0 0 0 0 0 0 0 0 0 0 0 0 0 0 0 0 0 0 0 0 0 0 0 0 0 0 0 0 0 0 0 0 0 0 0 0 0 0 0 0 0 0 0 0 0 0 0 0 0 1]
]
