[[12105993713118002964695943649140219534880044682629655638669233221295270902363862209534672588945210768406975138204864788129131563646485204033440052050920574746958806149088044072480561299169795966853376490448438521398982228417699306419919599382951475225332177454733744455272868698506893174453405090652127925231066563152040234300053573 0 0 0 0 0 0 0 0 0 0 0 0 0 0 0 0 0 0 0 0 0 0 0 0 0 0 0 0 0 0 0 0 0 0 0 0 0 0 0 0 0 0 0 0 0 0 0 0 0 0 0 0 0 0 0 0 0 0 0 0 0 0 0 0 0 0 0 0 0 0 0 0 0 0 0 0 0 0 0 0 0 0 0 0 0 0 0 0 0 0 0 0 0 0 0 0 0 0 0 0 0 0 0 0 0 0 0 0 0]
[7848636756588103073252820886887129080195873893985343394105724915858243824987315636303382808143480174868546295105243673521707922221475975969226524901686845726083476496816001425245805705914448149445284159402151204620656540626976040074513661853686165621855686988884425045876446946077703720352215750011198360901674984998212987015021404 1 0 0 0 0 0 0 0 0 0 0 0 0 0 0 0 0 0 0 0 0 0 0 0 0 0 0 0 0 0 0 0 0 0 0 0 0 0 0 0 0 0 0 0 0 0 0 0 0 0 0 0 0 0 0 0 0 0 0 0 0 0 0 0 0 0 0 0 0 0 0 0 0 0 0 0 0 0 0 0 0 0 0 0 0 0 0 0 0 0 0 0 0 0 0 0 0 0 0 0 0 0 0 0 0 0 0 0 0]
[7363422830543237212955869815879631137168615879198441263136969434863156768129954993032779906350168164299607656765208561470906114405789344139817189133021129697794127878795637430661192916092750509110382133488022470962211206134830667934260390687183802168978136559587939897798237358863379871147852182700171713902868421291065708652294412 0 1 0 0 0 0 0 0 0 0 0 0 0 0 0 0 0 0 0 0 0 0 0 0 0 0 0 0 0 0 0 0 0 0 0 0 0 0 0 0 0 0 0 0 0 0 0 0 0 0 0 0 0 0 0 0 0 0 0 0 0 0 0 0 0 0 0 0 0 0 0 0 0 0 0 0 0 0 0 0 0 0 0 0 0 0 0 0 0 0 0 0 0 0 0 0 0 0 0 0 0 0 0 0 0 0 0 0 0]
[8644776016185741130213551715126924273799650829061739132902355032839704935379399621951776760010455311797875381709247696973081923247832742635550218170965237707845400465857708829717764681813001216131592231966793249610975480628669228421261204862856502334483573493870581505494083838698968049342549418458626092568988446426992290783806643 0 0 1 0 0 0 0 0 0 0 0 0 0 0 0 0 0 0 0 0 0 0 0 0 0 0 0 0 0 0 0 0 0 0 0 0 0 0 0 0 0 0 0 0 0 0 0 0 0 0 0 0 0 0 0 0 0 0 0 0 0 0 0 0 0 0 0 0 0 0 0 0 0 0 0 0 0 0 0 0 0 0 0 0 0 0 0 0 0 0 0 0 0 0 0 0 0 0 0 0 0 0 0 0 0 0 0 0 0]
[3232219074289479697615770854543634567668246803391239964047471176061001878852794698368865485566743465512939858458740594939469848738644291368944513190533893313938855705949956131479035370680443661761462976437663359387770133748933525219399117699328675238857707498535189482412693353093784518020533309434587959123509412415204422829725666 0 0 0 1 0 0 0 0 0 0 0 0 0 0 0 0 0 0 0 0 0 0 0 0 0 0 0 0 0 0 0 0 0 0 0 0 0 0 0 0 0 0 0 0 0 0 0 0 0 0 0 0 0 0 0 0 0 0 0 0 0 0 0 0 0 0 0 0 0 0 0 0 0 0 0 0 0 0 0 0 0 0 0 0 0 0 0 0 0 0 0 0 0 0 0 0 0 0 0 0 0 0 0 0 0 0 0 0 0]
[6496066992877067014095441118224414545998110662292657701320531288275602855613056079589920810552695637490286957601212643795333400175923516980596213144618893741882293224669827276848581865221173586741916463662007329250745283898521112340218840440028157928920737560785294407993984554505799868817799164187195823496354503043295762108272709 0 0 0 0 1 0 0 0 0 0 0 0 0 0 0 0 0 0 0 0 0 0 0 0 0 0 0 0 0 0 0 0 0 0 0 0 0 0 0 0 0 0 0 0 0 0 0 0 0 0 0 0 0 0 0 0 0 0 0 0 0 0 0 0 0 0 0 0 0 0 0 0 0 0 0 0 0 0 0 0 0 0 0 0 0 0 0 0 0 0 0 0 0 0 0 0 0 0 0 0 0 0 0 0 0 0 0 0 0]
[2580147829901254654248942483429879253165519521401925428834141613115712336613061168715732659080743205229012681431018578335199693348326094479077136217140956536594041994545144296488069830547620920904062145538949609343184873425272637955948288889861768310649465574210610020105655776527700447562585188392328918019255700109309305745733563 0 0 0 0 0 1 0 0 0 0 0 0 0 0 0 0 0 0 0 0 0 0 0 0 0 0 0 0 0 0 0 0 0 0 0 0 0 0 0 0 0 0 0 0 0 0 0 0 0 0 0 0 0 0 0 0 0 0 0 0 0 0 0 0 0 0 0 0 0 0 0 0 0 0 0 0 0 0 0 0 0 0 0 0 0 0 0 0 0 0 0 0 0 0 0 0 0 0 0 0 0 0 0 0 0 0 0 0 0]
[966455308646453919518346871213867759084898417863450459311340779093230308957098774400760364814549212706716038062586353866755869560653919962151068804778770399546917890663272444197886052827627128229269699903343187757428641312998867771573704771242058780384082267029237054582226745743993022681766021638330554413454926908722715551366833 0 0 0 0 0 0 1 0 0 0 0 0 0 0 0 0 0 0 0 0 0 0 0 0 0 0 0 0 0 0 0 0 0 0 0 0 0 0 0 0 0 0 0 0 0 0 0 0 0 0 0 0 0 0 0 0 0 0 0 0 0 0 0 0 0 0 0 0 0 0 0 0 0 0 0 0 0 0 0 0 0 0 0 0 0 0 0 0 0 0 0 0 0 0 0 0 0 0 0 0 0 0 0 0 0 0 0 0 0]
[3145456494467859297909626642018987992930288922215829393805472873672311099269844280831547112520788663566603239433478885544178646519839029249129732284116679451431975626943276100046453366268490813185146212526677952156883889675059412176082022487554508027487968679081346884935023595730580626989340610051870947166619073856543542615735729 0 0 0 0 0 0 0 1 0 0 0 0 0 0 0 0 0 0 0 0 0 0 0 0 0 0 0 0 0 0 0 0 0 0 0 0 0 0 0 0 0 0 0 0 0 0 0 0 0 0 0 0 0 0 0 0 0 0 0 0 0 0 0 0 0 0 0 0 0 0 0 0 0 0 0 0 0 0 0 0 0 0 0 0 0 0 0 0 0 0 0 0 0 0 0 0 0 0 0 0 0 0 0 0 0 0 0 0 0]
[11697853389868690947775509499052626702467859939653285693842937084135804962922919758017152252098978163702678244995038048471003276565726526888305518683947815986017504050563410939357807822442288049817198126627499790171380708043333179539569432781696989938450236812065628794736706736173430804072854613866699693807294426770978688883012753 0 0 0 0 0 0 0 0 1 0 0 0 0 0 0 0 0 0 0 0 0 0 0 0 0 0 0 0 0 0 0 0 0 0 0 0 0 0 0 0 0 0 0 0 0 0 0 0 0 0 0 0 0 0 0 0 0 0 0 0 0 0 0 0 0 0 0 0 0 0 0 0 0 0 0 0 0 0 0 0 0 0 0 0 0 0 0 0 0 0 0 0 0 0 0 0 0 0 0 0 0 0 0 0 0 0 0 0 0]
[5322670589342844800207610041785063134367294152450385294894543925345443011122541116360678195655269141962004457484382671778278823002798411753716703667104394031556789031673799337294266385879489645348442694920225584140871108015694362059163482709858092735594510668867913814362803208682934478559351155490913528522558437604287944588703817 0 0 0 0 0 0 0 0 0 1 0 0 0 0 0 0 0 0 0 0 0 0 0 0 0 0 0 0 0 0 0 0 0 0 0 0 0 0 0 0 0 0 0 0 0 0 0 0 0 0 0 0 0 0 0 0 0 0 0 0 0 0 0 0 0 0 0 0 0 0 0 0 0 0 0 0 0 0 0 0 0 0 0 0 0 0 0 0 0 0 0 0 0 0 0 0 0 0 0 0 0 0 0 0 0 0 0 0 0]
[4113990307487981184739890102314748589470973687309465045474496024962913712845147383903457496223421592874563108295487141241282973352134805035091495673307120669265035012053355698331122973345381254628150689879267107644433893415612053388751759237224891169905002400076512932515541703299487340816865610715353913623389933651390454169791003 0 0 0 0 0 0 0 0 0 0 1 0 0 0 0 0 0 0 0 0 0 0 0 0 0 0 0 0 0 0 0 0 0 0 0 0 0 0 0 0 0 0 0 0 0 0 0 0 0 0 0 0 0 0 0 0 0 0 0 0 0 0 0 0 0 0 0 0 0 0 0 0 0 0 0 0 0 0 0 0 0 0 0 0 0 0 0 0 0 0 0 0 0 0 0 0 0 0 0 0 0 0 0 0 0 0 0 0 0]
[9359256013366985058807790274977507715663560140033014606996454882894858152547749433962958500070825308467254240610189253205124375398925109210967446413469054095815052081195710169205255175414279214166043883984418440465451891506518018299873166568515683209054899928996447780925405741093928118110782137028622479626214811844427244073662690 0 0 0 0 0 0 0 0 0 0 0 1 0 0 0 0 0 0 0 0 0 0 0 0 0 0 0 0 0 0 0 0 0 0 0 0 0 0 0 0 0 0 0 0 0 0 0 0 0 0 0 0 0 0 0 0 0 0 0 0 0 0 0 0 0 0 0 0 0 0 0 0 0 0 0 0 0 0 0 0 0 0 0 0 0 0 0 0 0 0 0 0 0 0 0 0 0 0 0 0 0 0 0 0 0 0 0 0 0]
[4868862520357678970384570361083559572260024529282860982446322676577367381064935352004216997583103185395962562940480213766557926838886512583317021045648774688657125264235401246750056139897232263069692641603338135986071525778421824229434673846610216926581916066430793218796026370010179862150169661267749858498209671343512221942698062 0 0 0 0 0 0 0 0 0 0 0 0 1 0 0 0 0 0 0 0 0 0 0 0 0 0 0 0 0 0 0 0 0 0 0 0 0 0 0 0 0 0 0 0 0 0 0 0 0 0 0 0 0 0 0 0 0 0 0 0 0 0 0 0 0 0 0 0 0 0 0 0 0 0 0 0 0 0 0 0 0 0 0 0 0 0 0 0 0 0 0 0 0 0 0 0 0 0 0 0 0 0 0 0 0 0 0 0 0]
[421347105977689875294869191371660573143650806391465529840331730859013487848138540039955999079778547517994817594592730245185105112380814440019174852471635369837284479555097560496671910715040063002241932128117971157968327298562810981004715401389186570676073564589846338069024056433159227092083725841170960458892109496392665623252842 0 0 0 0 0 0 0 0 0 0 0 0 0 1 0 0 0 0 0 0 0 0 0 0 0 0 0 0 0 0 0 0 0 0 0 0 0 0 0 0 0 0 0 0 0 0 0 0 0 0 0 0 0 0 0 0 0 0 0 0 0 0 0 0 0 0 0 0 0 0 0 0 0 0 0 0 0 0 0 0 0 0 0 0 0 0 0 0 0 0 0 0 0 0 0 0 0 0 0 0 0 0 0 0 0 0 0 0 0]
[7469121498227376132536228849859777633522508221513583407822793886269348530225696308761480817805294142255108724476731594732177806194652557453158580539401315331946597573707430328369205113624145962935490054493011813153646287543282565413409226081339241788333571508433838746126256642633285418113651026052937951946427072822325649249077137 0 0 0 0 0 0 0 0 0 0 0 0 0 0 1 0 0 0 0 0 0 0 0 0 0 0 0 0 0 0 0 0 0 0 0 0 0 0 0 0 0 0 0 0 0 0 0 0 0 0 0 0 0 0 0 0 0 0 0 0 0 0 0 0 0 0 0 0 0 0 0 0 0 0 0 0 0 0 0 0 0 0 0 0 0 0 0 0 0 0 0 0 0 0 0 0 0 0 0 0 0 0 0 0 0 0 0 0 0]
[3783504565858321495390791039158769929362450634797887975594849210214124098536137821937078872856459064982407798239737838152652359196764346111403466392807997252359016827086371445208380946850589503779373899973067042254159450400279698816322927581881644194002120780702825769125864871806523835134097288885422300498032468435295099672754969 0 0 0 0 0 0 0 0 0 0 0 0 0 0 0 1 0 0 0 0 0 0 0 0 0 0 0 0 0 0 0 0 0 0 0 0 0 0 0 0 0 0 0 0 0 0 0 0 0 0 0 0 0 0 0 0 0 0 0 0 0 0 0 0 0 0 0 0 0 0 0 0 0 0 0 0 0 0 0 0 0 0 0 0 0 0 0 0 0 0 0 0 0 0 0 0 0 0 0 0 0 0 0 0 0 0 0 0 0]
[456869905807996388480459626916189919982739057971535204415766685118833722668760169091402934399003894273515823911228433256974134934897218619363935674787672401587765967237295041026278170878536327542280057104700004927938312066578831702556033564828813980627302410549009342986299546560278290818891612591789892867260398048146959491679347 0 0 0 0 0 0 0 0 0 0 0 0 0 0 0 0 1 0 0 0 0 0 0 0 0 0 0 0 0 0 0 0 0 0 0 0 0 0 0 0 0 0 0 0 0 0 0 0 0 0 0 0 0 0 0 0 0 0 0 0 0 0 0 0 0 0 0 0 0 0 0 0 0 0 0 0 0 0 0 0 0 0 0 0 0 0 0 0 0 0 0 0 0 0 0 0 0 0 0 0 0 0 0 0 0 0 0 0 0]
[5150897192012894130490394615652053271501325381796954766946852595372594595219475400787352038117627235504804307978634790520201353075628912936591206194114391127003236151038551129100982933356480971273964360081214132586381887569266897616070635691238058241721998010825313337283294642139480025424192326931845803027231815653092827506847975 0 0 0 0 0 0 0 0 0 0 0 0 0 0 0 0 0 1 0 0 0 0 0 0 0 0 0 0 0 0 0 0 0 0 0 0 0 0 0 0 0 0 0 0 0 0 0 0 0 0 0 0 0 0 0 0 0 0 0 0 0 0 0 0 0 0 0 0 0 0 0 0 0 0 0 0 0 0 0 0 0 0 0 0 0 0 0 0 0 0 0 0 0 0 0 0 0 0 0 0 0 0 0 0 0 0 0 0 0]
[9518333260965721536824172801117731812382196825975982958966901317464663079463942475867412404271462374421586592212512837924233058409699441910682022472487415243565628640125897379543330220505253531862855689423067876367807530788928147277151972996670251949763955813076308880746218680575841814555693179143977714613227463293297563200662755 0 0 0 0 0 0 0 0 0 0 0 0 0 0 0 0 0 0 1 0 0 0 0 0 0 0 0 0 0 0 0 0 0 0 0 0 0 0 0 0 0 0 0 0 0 0 0 0 0 0 0 0 0 0 0 0 0 0 0 0 0 0 0 0 0 0 0 0 0 0 0 0 0 0 0 0 0 0 0 0 0 0 0 0 0 0 0 0 0 0 0 0 0 0 0 0 0 0 0 0 0 0 0 0 0 0 0 0 0]
[11779543110841140784382458141791344176627752992886163539463895804092503842968223634457556101441776870831160691589537953591849920841790379866733643914453477465124330533652961228461977589752938260817629904548463675755166245370382532303203977296013111411093955495426212412899619826442733536490671214563096606162315490080378870292171063 0 0 0 0 0 0 0 0 0 0 0 0 0 0 0 0 0 0 0 1 0 0 0 0 0 0 0 0 0 0 0 0 0 0 0 0 0 0 0 0 0 0 0 0 0 0 0 0 0 0 0 0 0 0 0 0 0 0 0 0 0 0 0 0 0 0 0 0 0 0 0 0 0 0 0 0 0 0 0 0 0 0 0 0 0 0 0 0 0 0 0 0 0 0 0 0 0 0 0 0 0 0 0 0 0 0 0 0 0]
[4042900832779788396379379824494966794008124709375323514638250492571071682387233393566934036213778538398087240571565939228832700443982422923675161098412487164242297990898053103688786311449781897834904328575923796829771622730214367348884787597071083606362865447141049436017495433729147230957079732203084412236845341943805996567492541 0 0 0 0 0 0 0 0 0 0 0 0 0 0 0 0 0 0 0 0 1 0 0 0 0 0 0 0 0 0 0 0 0 0 0 0 0 0 0 0 0 0 0 0 0 0 0 0 0 0 0 0 0 0 0 0 0 0 0 0 0 0 0 0 0 0 0 0 0 0 0 0 0 0 0 0 0 0 0 0 0 0 0 0 0 0 0 0 0 0 0 0 0 0 0 0 0 0 0 0 0 0 0 0 0 0 0 0 0]
[8765744489057659557025028277064344066184183028046828708918377518206058427459281770812223983519279109557805806019616979175028625825340235555187416606307679491743254324378282145943359006981362596967407674722399477511075347213111346402200059358144379274692060580018866441370868132361814931154927358810878256737234214027382722424471245 0 0 0 0 0 0 0 0 0 0 0 0 0 0 0 0 0 0 0 0 0 1 0 0 0 0 0 0 0 0 0 0 0 0 0 0 0 0 0 0 0 0 0 0 0 0 0 0 0 0 0 0 0 0 0 0 0 0 0 0 0 0 0 0 0 0 0 0 0 0 0 0 0 0 0 0 0 0 0 0 0 0 0 0 0 0 0 0 0 0 0 0 0 0 0 0 0 0 0 0 0 0 0 0 0 0 0 0 0]
[1911965157778485094457795639253790435402463916482522734383989736880592993923753743863098160212764418246999852129907478393461241306206974400015756402324189685029004510109965933459305401830295509392213004852510527354426563541278278589640595967596912012488924661982979081970008031778041086007292495231690237557840493575749796237472397 0 0 0 0 0 0 0 0 0 0 0 0 0 0 0 0 0 0 0 0 0 0 1 0 0 0 0 0 0 0 0 0 0 0 0 0 0 0 0 0 0 0 0 0 0 0 0 0 0 0 0 0 0 0 0 0 0 0 0 0 0 0 0 0 0 0 0 0 0 0 0 0 0 0 0 0 0 0 0 0 0 0 0 0 0 0 0 0 0 0 0 0 0 0 0 0 0 0 0 0 0 0 0 0 0 0 0 0 0]
[7365941274637899707645923742412748343995211570013368336460448978736134168815123261105736242754759044816476972103516306026808001151693815818352419751736963642088888991462059051732870822782320754419257632416682422193819540017846259392523532927888788797978123935546012571503893477168765189150174789692539939295320707200623648694299968 0 0 0 0 0 0 0 0 0 0 0 0 0 0 0 0 0 0 0 0 0 0 0 1 0 0 0 0 0 0 0 0 0 0 0 0 0 0 0 0 0 0 0 0 0 0 0 0 0 0 0 0 0 0 0 0 0 0 0 0 0 0 0 0 0 0 0 0 0 0 0 0 0 0 0 0 0 0 0 0 0 0 0 0 0 0 0 0 0 0 0 0 0 0 0 0 0 0 0 0 0 0 0 0 0 0 0 0 0]
[11427198165071084670352662255367005084934867754090585074905017541010650454571481607800829256251815963560781601045270104215761503038940532129082638706247141764150037500285823369998092314345519785707259761818173134536669246866483405821362770927453245293728020641174927722039266351071113362201037280945744899047449681918675986143310188 0 0 0 0 0 0 0 0 0 0 0 0 0 0 0 0 0 0 0 0 0 0 0 0 1 0 0 0 0 0 0 0 0 0 0 0 0 0 0 0 0 0 0 0 0 0 0 0 0 0 0 0 0 0 0 0 0 0 0 0 0 0 0 0 0 0 0 0 0 0 0 0 0 0 0 0 0 0 0 0 0 0 0 0 0 0 0 0 0 0 0 0 0 0 0 0 0 0 0 0 0 0 0 0 0 0 0 0 0]
[2330580834882313228083678718375498238306140241537836126803803710571222218379201667690595840274271632434027770065938624610065750600818631850199736541962108094849598568230194524337706944569611406737407499479682024430423152187422509998293339855957473296530658051699661815732293887301913175980878281964299548078438521481177288050003099 0 0 0 0 0 0 0 0 0 0 0 0 0 0 0 0 0 0 0 0 0 0 0 0 0 1 0 0 0 0 0 0 0 0 0 0 0 0 0 0 0 0 0 0 0 0 0 0 0 0 0 0 0 0 0 0 0 0 0 0 0 0 0 0 0 0 0 0 0 0 0 0 0 0 0 0 0 0 0 0 0 0 0 0 0 0 0 0 0 0 0 0 0 0 0 0 0 0 0 0 0 0 0 0 0 0 0 0 0]
[3617320183763405050325276213333199459999160020797610303059523964262115212095449735989588440227304281770429525655117053765754944443783013632100724702740584466965375893199251836818821658946379848211108297457306429793138747646559155794506618582080432715099132293881948562276201060175111784598769732337609842398259359959684231616556763 0 0 0 0 0 0 0 0 0 0 0 0 0 0 0 0 0 0 0 0 0 0 0 0 0 0 1 0 0 0 0 0 0 0 0 0 0 0 0 0 0 0 0 0 0 0 0 0 0 0 0 0 0 0 0 0 0 0 0 0 0 0 0 0 0 0 0 0 0 0 0 0 0 0 0 0 0 0 0 0 0 0 0 0 0 0 0 0 0 0 0 0 0 0 0 0 0 0 0 0 0 0 0 0 0 0 0 0 0]
[1747356797080304646351353487778903346027930653752920146009665046434207974830502555519023106407519274670158690271598932527599779631236625317334442547008203991139995853844360456212963485805687065010363594428435929204517582846442639686104734934663471312093003536820755146062028108921778282523085744284717155714527704550186599320158217 0 0 0 0 0 0 0 0 0 0 0 0 0 0 0 0 0 0 0 0 0 0 0 0 0 0 0 1 0 0 0 0 0 0 0 0 0 0 0 0 0 0 0 0 0 0 0 0 0 0 0 0 0 0 0 0 0 0 0 0 0 0 0 0 0 0 0 0 0 0 0 0 0 0 0 0 0 0 0 0 0 0 0 0 0 0 0 0 0 0 0 0 0 0 0 0 0 0 0 0 0 0 0 0 0 0 0 0 0]
[6983083817361218573381706380085638638225086345570781297151057522037785582439383618774086758512321636128467109813264855203560595184277635164842418063763396422917151321858393914805792468292661798491642071974234690720577779166814359195988731768261870501179938315374332195231328274163590270853976927089187640648855999774017690278379962 0 0 0 0 0 0 0 0 0 0 0 0 0 0 0 0 0 0 0 0 0 0 0 0 0 0 0 0 1 0 0 0 0 0 0 0 0 0 0 0 0 0 0 0 0 0 0 0 0 0 0 0 0 0 0 0 0 0 0 0 0 0 0 0 0 0 0 0 0 0 0 0 0 0 0 0 0 0 0 0 0 0 0 0 0 0 0 0 0 0 0 0 0 0 0 0 0 0 0 0 0 0 0 0 0 0 0 0 0]
[2525058295200740006035291818750871146735047757455949599021484511755575410046703371556472731007848561890211890860978606661986661221117325565222985656858506414409279142833993172987767275215378400600933552898994525848721192661280389796070100399435733196802499656467901447573591711070615565372109922484804769843548345204083304641283114 0 0 0 0 0 0 0 0 0 0 0 0 0 0 0 0 0 0 0 0 0 0 0 0 0 0 0 0 0 1 0 0 0 0 0 0 0 0 0 0 0 0 0 0 0 0 0 0 0 0 0 0 0 0 0 0 0 0 0 0 0 0 0 0 0 0 0 0 0 0 0 0 0 0 0 0 0 0 0 0 0 0 0 0 0 0 0 0 0 0 0 0 0 0 0 0 0 0 0 0 0 0 0 0 0 0 0 0 0]
[551191451046573295446828869861306931185476386525612804733384534778582792921605581489294328507032362713520413266357209068009000125630564169838051724288458034611618947739543442664345699163170143669841225613019998625323725612563649863845406675955700572182559652600943749406582140628173958847542264801425661131897561829966498406659579 0 0 0 0 0 0 0 0 0 0 0 0 0 0 0 0 0 0 0 0 0 0 0 0 0 0 0 0 0 0 1 0 0 0 0 0 0 0 0 0 0 0 0 0 0 0 0 0 0 0 0 0 0 0 0 0 0 0 0 0 0 0 0 0 0 0 0 0 0 0 0 0 0 0 0 0 0 0 0 0 0 0 0 0 0 0 0 0 0 0 0 0 0 0 0 0 0 0 0 0 0 0 0 0 0 0 0 0 0]
[6022454101493894531516281378873956540229848985438186285336549857707732601581341507756082984103548506137005724757956223941969701005981942732748684030665596314306212444993014935914420809235811768766868941069931330585846289706202796493745557458972891377198488965682064386424073732060807130298519063118825189272476801553078666836321594 0 0 0 0 0 0 0 0 0 0 0 0 0 0 0 0 0 0 0 0 0 0 0 0 0 0 0 0 0 0 0 1 0 0 0 0 0 0 0 0 0 0 0 0 0 0 0 0 0 0 0 0 0 0 0 0 0 0 0 0 0 0 0 0 0 0 0 0 0 0 0 0 0 0 0 0 0 0 0 0 0 0 0 0 0 0 0 0 0 0 0 0 0 0 0 0 0 0 0 0 0 0 0 0 0 0 0 0 0]
[2139916855715785409571177928283912411095779430250448684307312102021633966005415141616040240193787069823942641893087489596056212038299756471735024049221145187126950319932652168085599729214759347799123663140907285627983225660629976391335491140036647452125797639971976650033710824385063737026915016660951494967892103785985766254210659 0 0 0 0 0 0 0 0 0 0 0 0 0 0 0 0 0 0 0 0 0 0 0 0 0 0 0 0 0 0 0 0 1 0 0 0 0 0 0 0 0 0 0 0 0 0 0 0 0 0 0 0 0 0 0 0 0 0 0 0 0 0 0 0 0 0 0 0 0 0 0 0 0 0 0 0 0 0 0 0 0 0 0 0 0 0 0 0 0 0 0 0 0 0 0 0 0 0 0 0 0 0 0 0 0 0 0 0 0]
[11556598031938649553565721507600679414525433949034171734288688051710661601693124327416869961351790720408374574545488074166738736711229207230963125174048660634854014602964520343788897311294933898365707124964705721109665062078282349588349505881578912465111118537260648171095027653524770318695765800690616618377724164912948409013652466 0 0 0 0 0 0 0 0 0 0 0 0 0 0 0 0 0 0 0 0 0 0 0 0 0 0 0 0 0 0 0 0 0 1 0 0 0 0 0 0 0 0 0 0 0 0 0 0 0 0 0 0 0 0 0 0 0 0 0 0 0 0 0 0 0 0 0 0 0 0 0 0 0 0 0 0 0 0 0 0 0 0 0 0 0 0 0 0 0 0 0 0 0 0 0 0 0 0 0 0 0 0 0 0 0 0 0 0 0]
[1437684232055840335231868437593239059176456299267299136516947849216602006888454550565606349163097125736594302273476041105510144415509364345302488100817336698592031809635075933695305729708851250999840028200025971226424869640527501870148911392250689719622527257093912085062096049535066621311693047841975655555473378822395155655988169 0 0 0 0 0 0 0 0 0 0 0 0 0 0 0 0 0 0 0 0 0 0 0 0 0 0 0 0 0 0 0 0 0 0 1 0 0 0 0 0 0 0 0 0 0 0 0 0 0 0 0 0 0 0 0 0 0 0 0 0 0 0 0 0 0 0 0 0 0 0 0 0 0 0 0 0 0 0 0 0 0 0 0 0 0 0 0 0 0 0 0 0 0 0 0 0 0 0 0 0 0 0 0 0 0 0 0 0 0]
[7141022477639600788572910695927506670826737632574725178474181695539326093303398094169944082562807597960395180483193703592447487627679895188594828824777967292591536721093792734972462269471098000869517433462642320732143795769198013782350378220050796602856794136658695881406629313517353442812854266317122103820809842236254530593441811 0 0 0 0 0 0 0 0 0 0 0 0 0 0 0 0 0 0 0 0 0 0 0 0 0 0 0 0 0 0 0 0 0 0 0 1 0 0 0 0 0 0 0 0 0 0 0 0 0 0 0 0 0 0 0 0 0 0 0 0 0 0 0 0 0 0 0 0 0 0 0 0 0 0 0 0 0 0 0 0 0 0 0 0 0 0 0 0 0 0 0 0 0 0 0 0 0 0 0 0 0 0 0 0 0 0 0 0 0]
[2142158588258112210218108137251286673241822778261213635125397300049342175513150631067549417777009927383244426836187964467776088857371113938000194812193173914720214909129639034246754917094909864082400926976429260104916725359397301928755016780945427109469061699628657099662902077745294565801143752346225129941285522548208669658198965 0 0 0 0 0 0 0 0 0 0 0 0 0 0 0 0 0 0 0 0 0 0 0 0 0 0 0 0 0 0 0 0 0 0 0 0 1 0 0 0 0 0 0 0 0 0 0 0 0 0 0 0 0 0 0 0 0 0 0 0 0 0 0 0 0 0 0 0 0 0 0 0 0 0 0 0 0 0 0 0 0 0 0 0 0 0 0 0 0 0 0 0 0 0 0 0 0 0 0 0 0 0 0 0 0 0 0 0 0]
[3381749501522897101654736055566823800009993772817359553150934094779782023033103763532182740621200999680593085756672584279009776509930729188831001266688352464927216066162717033771076912484490260925441994530375784892896747600141572410899101477170342586149731435746080930468819389729445224381260344809183478244446582857258038779145337 0 0 0 0 0 0 0 0 0 0 0 0 0 0 0 0 0 0 0 0 0 0 0 0 0 0 0 0 0 0 0 0 0 0 0 0 0 1 0 0 0 0 0 0 0 0 0 0 0 0 0 0 0 0 0 0 0 0 0 0 0 0 0 0 0 0 0 0 0 0 0 0 0 0 0 0 0 0 0 0 0 0 0 0 0 0 0 0 0 0 0 0 0 0 0 0 0 0 0 0 0 0 0 0 0 0 0 0 0]
[6990248672770796114435150762233334594771592847437743281038786522835424168085253419711469498978128293184013686394256053129079936210598717167537050610572873382298723045447185125114771265865552499853484867252974276974408778139503854281931284961494140362788401030637577855082529763808839591709733321743900184326580990289397308486967426 0 0 0 0 0 0 0 0 0 0 0 0 0 0 0 0 0 0 0 0 0 0 0 0 0 0 0 0 0 0 0 0 0 0 0 0 0 0 1 0 0 0 0 0 0 0 0 0 0 0 0 0 0 0 0 0 0 0 0 0 0 0 0 0 0 0 0 0 0 0 0 0 0 0 0 0 0 0 0 0 0 0 0 0 0 0 0 0 0 0 0 0 0 0 0 0 0 0 0 0 0 0 0 0 0 0 0 0 0]
[3214331331943381788824674389627543741128951533687292164836121851085658967938152790429343971220813128677401214735038771719877870660192710899048475906350323760910393551024160269065575899536314213950932329402650932111920938800592340471447494203687158704104911551850358932860134101100413578148825708996184460157061137611957475887092577 0 0 0 0 0 0 0 0 0 0 0 0 0 0 0 0 0 0 0 0 0 0 0 0 0 0 0 0 0 0 0 0 0 0 0 0 0 0 0 1 0 0 0 0 0 0 0 0 0 0 0 0 0 0 0 0 0 0 0 0 0 0 0 0 0 0 0 0 0 0 0 0 0 0 0 0 0 0 0 0 0 0 0 0 0 0 0 0 0 0 0 0 0 0 0 0 0 0 0 0 0 0 0 0 0 0 0 0 0]
[8998644689441473294352482424364739212361357923592571615435389488699566861746147413747454449270074880709067529758250547330714855908164438063490849793959526054755289987144825780574245980742219852959493486642750616253427290701863503613865533303188898434444157582620775905087878910571610727203787065355128239195255718146880911017486180 0 0 0 0 0 0 0 0 0 0 0 0 0 0 0 0 0 0 0 0 0 0 0 0 0 0 0 0 0 0 0 0 0 0 0 0 0 0 0 0 1 0 0 0 0 0 0 0 0 0 0 0 0 0 0 0 0 0 0 0 0 0 0 0 0 0 0 0 0 0 0 0 0 0 0 0 0 0 0 0 0 0 0 0 0 0 0 0 0 0 0 0 0 0 0 0 0 0 0 0 0 0 0 0 0 0 0 0 0]
[4949394454178164365336081707819108727995123502411514890516244100559012254705491742533656889463800041396912726711238522399670766477295495304870411424369790789666973611818834177356373267839467978381564783041388307733730628263895913730063670766782758623204996634871725098795222751434208779036852037854033170101790155019640429212808146 0 0 0 0 0 0 0 0 0 0 0 0 0 0 0 0 0 0 0 0 0 0 0 0 0 0 0 0 0 0 0 0 0 0 0 0 0 0 0 0 0 1 0 0 0 0 0 0 0 0 0 0 0 0 0 0 0 0 0 0 0 0 0 0 0 0 0 0 0 0 0 0 0 0 0 0 0 0 0 0 0 0 0 0 0 0 0 0 0 0 0 0 0 0 0 0 0 0 0 0 0 0 0 0 0 0 0 0 0]
[2505699342578871492935414873967251238345372300577306855064317212256785004335684038660570428455706211106742994853961607365670581139701298464570583473946238601564161463384654370260007468842723473668687674097847505300055694847432928961782593921370873491762117394614656067773888053504963814198310431774901965710468102325736577423715273 0 0 0 0 0 0 0 0 0 0 0 0 0 0 0 0 0 0 0 0 0 0 0 0 0 0 0 0 0 0 0 0 0 0 0 0 0 0 0 0 0 0 1 0 0 0 0 0 0 0 0 0 0 0 0 0 0 0 0 0 0 0 0 0 0 0 0 0 0 0 0 0 0 0 0 0 0 0 0 0 0 0 0 0 0 0 0 0 0 0 0 0 0 0 0 0 0 0 0 0 0 0 0 0 0 0 0 0 0]
[2620753730145950880554016912726953044834020665245422138692172901710697332198457728470733411278881753881930676773475930083632040373294668044604290283766655791062949440110176831780819408657002794417609228729575138332664842892623689501143193943796138427042850940296908067891060462641526896672825504859263761349672649510153491361471273 0 0 0 0 0 0 0 0 0 0 0 0 0 0 0 0 0 0 0 0 0 0 0 0 0 0 0 0 0 0 0 0 0 0 0 0 0 0 0 0 0 0 0 1 0 0 0 0 0 0 0 0 0 0 0 0 0 0 0 0 0 0 0 0 0 0 0 0 0 0 0 0 0 0 0 0 0 0 0 0 0 0 0 0 0 0 0 0 0 0 0 0 0 0 0 0 0 0 0 0 0 0 0 0 0 0 0 0 0]
[6402826053366412728509572942206027277028019933829724814615400773133853717154564945868182497625688684655581648418041058985809048858756866665803368806103888320549595142375829697143946479963858618243680028370388915153685780197495545708290794614362517483116757885632836599460454355997908291830293799415554422989801776510388051406933430 0 0 0 0 0 0 0 0 0 0 0 0 0 0 0 0 0 0 0 0 0 0 0 0 0 0 0 0 0 0 0 0 0 0 0 0 0 0 0 0 0 0 0 0 1 0 0 0 0 0 0 0 0 0 0 0 0 0 0 0 0 0 0 0 0 0 0 0 0 0 0 0 0 0 0 0 0 0 0 0 0 0 0 0 0 0 0 0 0 0 0 0 0 0 0 0 0 0 0 0 0 0 0 0 0 0 0 0 0]
[1109037772673339886214264247980837276127456488700037871803999584982691083509059191322819030124674414478046092505002045470860506114204285433021735968452558360468169407669639840746939647098793905746357871406511085085218687912457528120137196831472056313861473881806636919268179396376990779341919316663384380846783325407890678118850519 0 0 0 0 0 0 0 0 0 0 0 0 0 0 0 0 0 0 0 0 0 0 0 0 0 0 0 0 0 0 0 0 0 0 0 0 0 0 0 0 0 0 0 0 0 1 0 0 0 0 0 0 0 0 0 0 0 0 0 0 0 0 0 0 0 0 0 0 0 0 0 0 0 0 0 0 0 0 0 0 0 0 0 0 0 0 0 0 0 0 0 0 0 0 0 0 0 0 0 0 0 0 0 0 0 0 0 0 0]
[9702121840675365443334424492928259504132596007209419458840780507553348006291459689178416977136553890334764366743168161886824832087276894637893635719918948003962317391645744942493850954015624950831582949538786972806503979418398049865534622925455069918548172939806954789473390028602628188971942305314747628947876945314073003412527905 0 0 0 0 0 0 0 0 0 0 0 0 0 0 0 0 0 0 0 0 0 0 0 0 0 0 0 0 0 0 0 0 0 0 0 0 0 0 0 0 0 0 0 0 0 0 1 0 0 0 0 0 0 0 0 0 0 0 0 0 0 0 0 0 0 0 0 0 0 0 0 0 0 0 0 0 0 0 0 0 0 0 0 0 0 0 0 0 0 0 0 0 0 0 0 0 0 0 0 0 0 0 0 0 0 0 0 0 0]
[11511130396154554694737758392356998551886824031269864277991776212375555969457600702514882351673198808929654482578611553472307900396009414881900161212332603561025861374115039031623087262363873444210519966142625520819797405316711722682698106363514802800496205790158861005442991298621180853450444426299313446542827772489302320027511743 0 0 0 0 0 0 0 0 0 0 0 0 0 0 0 0 0 0 0 0 0 0 0 0 0 0 0 0 0 0 0 0 0 0 0 0 0 0 0 0 0 0 0 0 0 0 0 1 0 0 0 0 0 0 0 0 0 0 0 0 0 0 0 0 0 0 0 0 0 0 0 0 0 0 0 0 0 0 0 0 0 0 0 0 0 0 0 0 0 0 0 0 0 0 0 0 0 0 0 0 0 0 0 0 0 0 0 0 0]
[70763753047060205461820691797387474713849662010766878960108298433508017203757045783270879996019834061967442699215665729535394763078425691757700991197109128661394716426302829832844508862066811398692317874754889542772523970196498309854613906056391605022708424845535728170645051299668474347108600809784172057965333234722879301200971 0 0 0 0 0 0 0 0 0 0 0 0 0 0 0 0 0 0 0 0 0 0 0 0 0 0 0 0 0 0 0 0 0 0 0 0 0 0 0 0 0 0 0 0 0 0 0 0 1 0 0 0 0 0 0 0 0 0 0 0 0 0 0 0 0 0 0 0 0 0 0 0 0 0 0 0 0 0 0 0 0 0 0 0 0 0 0 0 0 0 0 0 0 0 0 0 0 0 0 0 0 0 0 0 0 0 0 0 0]
[6577187601099043532940951237484009966533318947302475184128696019867148635265773893775124498277365156487814603284868328830797599737738577859803498018532079104793747188008951882573943034305436176320922533970713500259643644992126951538331320282925202586312267910420585329545208417540884643008408556971288950612632250104680785177136450 0 0 0 0 0 0 0 0 0 0 0 0 0 0 0 0 0 0 0 0 0 0 0 0 0 0 0 0 0 0 0 0 0 0 0 0 0 0 0 0 0 0 0 0 0 0 0 0 0 1 0 0 0 0 0 0 0 0 0 0 0 0 0 0 0 0 0 0 0 0 0 0 0 0 0 0 0 0 0 0 0 0 0 0 0 0 0 0 0 0 0 0 0 0 0 0 0 0 0 0 0 0 0 0 0 0 0 0 0]
[7491509860708382837906878755556740069679930968229045549156664627895932417400792645927148279239580968912482929621240458633753131986759088515857363186517798520878603082403139275901516955962199715708820534474168355169433106275778536433620491372754346017758659314788198984315844646145155678291657022819918037841356004723560616059803045 0 0 0 0 0 0 0 0 0 0 0 0 0 0 0 0 0 0 0 0 0 0 0 0 0 0 0 0 0 0 0 0 0 0 0 0 0 0 0 0 0 0 0 0 0 0 0 0 0 0 1 0 0 0 0 0 0 0 0 0 0 0 0 0 0 0 0 0 0 0 0 0 0 0 0 0 0 0 0 0 0 0 0 0 0 0 0 0 0 0 0 0 0 0 0 0 0 0 0 0 0 0 0 0 0 0 0 0 0]
[5465514745713044782801258920961100877459058493993140622222775127813855260390742599057743219983561759280571311118778673199370473853224811382143292316518576171006802201543100107786345322641446242462571211133542014854429211590535940094808265678547857883139058260004665065010803999116458189017518320767510687950638103426905667153194339 0 0 0 0 0 0 0 0 0 0 0 0 0 0 0 0 0 0 0 0 0 0 0 0 0 0 0 0 0 0 0 0 0 0 0 0 0 0 0 0 0 0 0 0 0 0 0 0 0 0 0 1 0 0 0 0 0 0 0 0 0 0 0 0 0 0 0 0 0 0 0 0 0 0 0 0 0 0 0 0 0 0 0 0 0 0 0 0 0 0 0 0 0 0 0 0 0 0 0 0 0 0 0 0 0 0 0 0 0]
[10747161328777906321140257132746525243700072415503242770302098117990477655155895878595743716126535563571949794262711543071189702036176345409181400231570563683253425372874021651048405473763417686767462849936574001232351739320047697177975309348891949828818598029464207844053760954329989695461050572435352730906303399364647502418753630 0 0 0 0 0 0 0 0 0 0 0 0 0 0 0 0 0 0 0 0 0 0 0 0 0 0 0 0 0 0 0 0 0 0 0 0 0 0 0 0 0 0 0 0 0 0 0 0 0 0 0 0 1 0 0 0 0 0 0 0 0 0 0 0 0 0 0 0 0 0 0 0 0 0 0 0 0 0 0 0 0 0 0 0 0 0 0 0 0 0 0 0 0 0 0 0 0 0 0 0 0 0 0 0 0 0 0 0 0]
[705580952320447010807618023959703266086235302860255734493733456746213340441950645136377537564534677021160233495523360258725648557591658556531176955267312747600240112884160778803764809782376130948907086881002340516133512320446543592934838957302849779981116885207110371099484656077950472347796192262351687809165064562368264112832051 0 0 0 0 0 0 0 0 0 0 0 0 0 0 0 0 0 0 0 0 0 0 0 0 0 0 0 0 0 0 0 0 0 0 0 0 0 0 0 0 0 0 0 0 0 0 0 0 0 0 0 0 0 1 0 0 0 0 0 0 0 0 0 0 0 0 0 0 0 0 0 0 0 0 0 0 0 0 0 0 0 0 0 0 0 0 0 0 0 0 0 0 0 0 0 0 0 0 0 0 0 0 0 0 0 0 0 0 0]
[11003373222968170881107301985099878980776307580443587990125632656848473150608937682567501955740209240148417300304677338746854269892570320224020930777584848201248692709561974092577993207225558303212660486848657390697637257562055553753992487823811999519073711620131446419052402081494745426891716392764495008345865819561504205759073877 0 0 0 0 0 0 0 0 0 0 0 0 0 0 0 0 0 0 0 0 0 0 0 0 0 0 0 0 0 0 0 0 0 0 0 0 0 0 0 0 0 0 0 0 0 0 0 0 0 0 0 0 0 0 1 0 0 0 0 0 0 0 0 0 0 0 0 0 0 0 0 0 0 0 0 0 0 0 0 0 0 0 0 0 0 0 0 0 0 0 0 0 0 0 0 0 0 0 0 0 0 0 0 0 0 0 0 0 0]
[3954031538512142104233547319711687075015018217582664134076196146850044066537051402416104324100599199394736338352958025035074730577677055673703113573783199849060131880344537264716882349798327244998589535723154805127222064129898340437868044148688740338652247081438989366610105212647209974864728411889896608511492368425114737649814105 0 0 0 0 0 0 0 0 0 0 0 0 0 0 0 0 0 0 0 0 0 0 0 0 0 0 0 0 0 0 0 0 0 0 0 0 0 0 0 0 0 0 0 0 0 0 0 0 0 0 0 0 0 0 0 1 0 0 0 0 0 0 0 0 0 0 0 0 0 0 0 0 0 0 0 0 0 0 0 0 0 0 0 0 0 0 0 0 0 0 0 0 0 0 0 0 0 0 0 0 0 0 0 0 0 0 0 0 0]
[9879435212074602352414019836307733613880334849435488000449976942220433728207193698303579035325706655294293778943249946359673380485083754205703991360628042557727088797785391816032993751964577111076310499087501539450369489607569683055856846207436363549992794777107610305160073548245408643750932128934714282525040541687787098406578883 0 0 0 0 0 0 0 0 0 0 0 0 0 0 0 0 0 0 0 0 0 0 0 0 0 0 0 0 0 0 0 0 0 0 0 0 0 0 0 0 0 0 0 0 0 0 0 0 0 0 0 0 0 0 0 0 1 0 0 0 0 0 0 0 0 0 0 0 0 0 0 0 0 0 0 0 0 0 0 0 0 0 0 0 0 0 0 0 0 0 0 0 0 0 0 0 0 0 0 0 0 0 0 0 0 0 0 0 0]
[10258874280316895344350730281792355691259495841673438887072957071790163860494657260538768016752071040648989012957603459903845025432693482177138665202880904771469661138739043781433593735577209825879085125472878448076574113543435150077107068238574128970283588153381909632890484841825564523599513633672655951874777768295754459339996846 0 0 0 0 0 0 0 0 0 0 0 0 0 0 0 0 0 0 0 0 0 0 0 0 0 0 0 0 0 0 0 0 0 0 0 0 0 0 0 0 0 0 0 0 0 0 0 0 0 0 0 0 0 0 0 0 0 1 0 0 0 0 0 0 0 0 0 0 0 0 0 0 0 0 0 0 0 0 0 0 0 0 0 0 0 0 0 0 0 0 0 0 0 0 0 0 0 0 0 0 0 0 0 0 0 0 0 0 0]
[11879735336721973512172872942098881322626090401545628767077900359800166607825886706198207931040228176784153890688796631538548376823329663657699370879014744350470912567233038710295786829634718282326688598482136674866977696521342036523314687167981734047602393198180137231138603431047749068775473681346415028794024658222536577084026917 0 0 0 0 0 0 0 0 0 0 0 0 0 0 0 0 0 0 0 0 0 0 0 0 0 0 0 0 0 0 0 0 0 0 0 0 0 0 0 0 0 0 0 0 0 0 0 0 0 0 0 0 0 0 0 0 0 0 1 0 0 0 0 0 0 0 0 0 0 0 0 0 0 0 0 0 0 0 0 0 0 0 0 0 0 0 0 0 0 0 0 0 0 0 0 0 0 0 0 0 0 0 0 0 0 0 0 0 0]
[9302748101107876061434409261456103776397763437071339432307276854917373124210760260648503173916781684030492436933891906548707975560893762785484490557655623488569148719301432214029714877029375559580003909384671915359392242286344584310517713863023471622247153528964029489335031091241604096085913307692931198373541805740346302801953471 0 0 0 0 0 0 0 0 0 0 0 0 0 0 0 0 0 0 0 0 0 0 0 0 0 0 0 0 0 0 0 0 0 0 0 0 0 0 0 0 0 0 0 0 0 0 0 0 0 0 0 0 0 0 0 0 0 0 0 1 0 0 0 0 0 0 0 0 0 0 0 0 0 0 0 0 0 0 0 0 0 0 0 0 0 0 0 0 0 0 0 0 0 0 0 0 0 0 0 0 0 0 0 0 0 0 0 0 0]
[4306492644101159908450359281823174216880827683713004306454940648199016361346109815373535638572971640158090059953956117864491387441705582338051190793220994279919393106061090424372618864551712716039284776410855463753564497580154120149177351961159539274751929600335599020453522268820866891918926619442148621137886001060867340525496783 0 0 0 0 0 0 0 0 0 0 0 0 0 0 0 0 0 0 0 0 0 0 0 0 0 0 0 0 0 0 0 0 0 0 0 0 0 0 0 0 0 0 0 0 0 0 0 0 0 0 0 0 0 0 0 0 0 0 0 0 1 0 0 0 0 0 0 0 0 0 0 0 0 0 0 0 0 0 0 0 0 0 0 0 0 0 0 0 0 0 0 0 0 0 0 0 0 0 0 0 0 0 0 0 0 0 0 0 0]
[10930461921101000747945238397743129538024781354592184294932369481185199302964925895019077862808963426265905769465133808093626823190020117726052083876064442521132854753038402693504740542297367476700429085442115617042660741677531751954497751050153651960440012967295394981471310805832028004519052985242296553392787466549892418662734253 0 0 0 0 0 0 0 0 0 0 0 0 0 0 0 0 0 0 0 0 0 0 0 0 0 0 0 0 0 0 0 0 0 0 0 0 0 0 0 0 0 0 0 0 0 0 0 0 0 0 0 0 0 0 0 0 0 0 0 0 0 1 0 0 0 0 0 0 0 0 0 0 0 0 0 0 0 0 0 0 0 0 0 0 0 0 0 0 0 0 0 0 0 0 0 0 0 0 0 0 0 0 0 0 0 0 0 0 0]
[5747564622210427178570489993984050869579399449043132123627220374713429564357345000462605755826070768356522776716072126125274084427420377921884741468995492709328613466583987206540654991827001913295745086632658791003063344357810732766677015719047221916773097824478301273466548230555991234028009281992208736440054041795365454010874636 0 0 0 0 0 0 0 0 0 0 0 0 0 0 0 0 0 0 0 0 0 0 0 0 0 0 0 0 0 0 0 0 0 0 0 0 0 0 0 0 0 0 0 0 0 0 0 0 0 0 0 0 0 0 0 0 0 0 0 0 0 0 1 0 0 0 0 0 0 0 0 0 0 0 0 0 0 0 0 0 0 0 0 0 0 0 0 0 0 0 0 0 0 0 0 0 0 0 0 0 0 0 0 0 0 0 0 0 0]
[8404172360356347160321732506875469685040103464948551027904887900145220182914182012014515928586034402646346889538385533773021331538741550165874741656779762667347763769948264162190845531794300664297734597331226628450957596707010666480626016043753381117926231477078900074669003581046417402793243948631498928970863247108076358359918555 0 0 0 0 0 0 0 0 0 0 0 0 0 0 0 0 0 0 0 0 0 0 0 0 0 0 0 0 0 0 0 0 0 0 0 0 0 0 0 0 0 0 0 0 0 0 0 0 0 0 0 0 0 0 0 0 0 0 0 0 0 0 0 1 0 0 0 0 0 0 0 0 0 0 0 0 0 0 0 0 0 0 0 0 0 0 0 0 0 0 0 0 0 0 0 0 0 0 0 0 0 0 0 0 0 0 0 0 0]
[519672605985704767664130482462951960263699518495390912727098088404310110398470974386055032400161114464074779801374375521016853524237644240335259577533489185794495569041398024720176228640139912151769884912923352543069552958228279251840339815271607912491960315425086512377589370472036662783839096774629758104676159365007320642510688 0 0 0 0 0 0 0 0 0 0 0 0 0 0 0 0 0 0 0 0 0 0 0 0 0 0 0 0 0 0 0 0 0 0 0 0 0 0 0 0 0 0 0 0 0 0 0 0 0 0 0 0 0 0 0 0 0 0 0 0 0 0 0 0 1 0 0 0 0 0 0 0 0 0 0 0 0 0 0 0 0 0 0 0 0 0 0 0 0 0 0 0 0 0 0 0 0 0 0 0 0 0 0 0 0 0 0 0 0]
[10582728856387693688584613989559237584949727448348930465904608914121661948971797964106079959283724210646710672069627116110301431006314817735478553276785660565924487344267522216515639828717937586104222890241266161641875199725346730160187851024331587578274087220311473202637457647710651411479924523048088132192176322118343773268890728 0 0 0 0 0 0 0 0 0 0 0 0 0 0 0 0 0 0 0 0 0 0 0 0 0 0 0 0 0 0 0 0 0 0 0 0 0 0 0 0 0 0 0 0 0 0 0 0 0 0 0 0 0 0 0 0 0 0 0 0 0 0 0 0 0 1 0 0 0 0 0 0 0 0 0 0 0 0 0 0 0 0 0 0 0 0 0 0 0 0 0 0 0 0 0 0 0 0 0 0 0 0 0 0 0 0 0 0 0]
[9776735775876300197933323141384854898773348567963804245378842369547644717016168447617473061680587030686376093560163000704343007095409419684681261733120822633281530820787466483574061822060612774850117692580955511513663604516019704143677693636207725818681548524150978216856253276718554055706206711054327495265394952677779282479153199 0 0 0 0 0 0 0 0 0 0 0 0 0 0 0 0 0 0 0 0 0 0 0 0 0 0 0 0 0 0 0 0 0 0 0 0 0 0 0 0 0 0 0 0 0 0 0 0 0 0 0 0 0 0 0 0 0 0 0 0 0 0 0 0 0 0 1 0 0 0 0 0 0 0 0 0 0 0 0 0 0 0 0 0 0 0 0 0 0 0 0 0 0 0 0 0 0 0 0 0 0 0 0 0 0 0 0 0 0]
[3232545039595045317789861923778765189392019637401130986588395722255610629254184236330134418149502843410564669565207467733327491222511073115911470425071746403196535555177187626472506597114418537788387230585658991026907412781117445428138126183958648244350818273651095569746199259546987907470043686944899389717879852606631807636476335 0 0 0 0 0 0 0 0 0 0 0 0 0 0 0 0 0 0 0 0 0 0 0 0 0 0 0 0 0 0 0 0 0 0 0 0 0 0 0 0 0 0 0 0 0 0 0 0 0 0 0 0 0 0 0 0 0 0 0 0 0 0 0 0 0 0 0 1 0 0 0 0 0 0 0 0 0 0 0 0 0 0 0 0 0 0 0 0 0 0 0 0 0 0 0 0 0 0 0 0 0 0 0 0 0 0 0 0 0]
[9330095949314864095790204697328093414503201195274080410613463689583216257592503749610871317442899542041486078728947418089868932208785149933672130632848098252212183889625067839247177582931301833034094808682133849119775275057611469516450556680614349894540080524982263361877582790474900750596934084885531106333392239646629977742857489 0 0 0 0 0 0 0 0 0 0 0 0 0 0 0 0 0 0 0 0 0 0 0 0 0 0 0 0 0 0 0 0 0 0 0 0 0 0 0 0 0 0 0 0 0 0 0 0 0 0 0 0 0 0 0 0 0 0 0 0 0 0 0 0 0 0 0 0 1 0 0 0 0 0 0 0 0 0 0 0 0 0 0 0 0 0 0 0 0 0 0 0 0 0 0 0 0 0 0 0 0 0 0 0 0 0 0 0 0]
[8443571313392311853285504426508611975573650694305837247903379798132267344269241809776139896795045237449861326839636100537111500331647973531194692789567846106865824907812527047564495900519847491867183409060303988905087328744029313925539190951265975228767377593597542005195780402730095302902649361563594318932567821955851580952710067 0 0 0 0 0 0 0 0 0 0 0 0 0 0 0 0 0 0 0 0 0 0 0 0 0 0 0 0 0 0 0 0 0 0 0 0 0 0 0 0 0 0 0 0 0 0 0 0 0 0 0 0 0 0 0 0 0 0 0 0 0 0 0 0 0 0 0 0 0 1 0 0 0 0 0 0 0 0 0 0 0 0 0 0 0 0 0 0 0 0 0 0 0 0 0 0 0 0 0 0 0 0 0 0 0 0 0 0 0]
[8525591846983844179759085279154870073705454499001539467179047548486679116983175333962772256144023986868998418907923588861358711106724170015940499904793234024091309400298746817004254274158577980157211146709183786018423515324760848587154498566158451345058328204929397524479260682317656008326043922489577159510824963924595449997664465 0 0 0 0 0 0 0 0 0 0 0 0 0 0 0 0 0 0 0 0 0 0 0 0 0 0 0 0 0 0 0 0 0 0 0 0 0 0 0 0 0 0 0 0 0 0 0 0 0 0 0 0 0 0 0 0 0 0 0 0 0 0 0 0 0 0 0 0 0 0 1 0 0 0 0 0 0 0 0 0 0 0 0 0 0 0 0 0 0 0 0 0 0 0 0 0 0 0 0 0 0 0 0 0 0 0 0 0 0]
[3486467859880147477188673568910962877504716822079879428494607591011269422518180092639643117600338397874575093700733141624672898470731752018535938869979866877138478810414953304554592846012361485087644218396079055942297387401844688919263929260446401241285148634639984483274569746850739354302911816620443727770528150695925503080667518 0 0 0 0 0 0 0 0 0 0 0 0 0 0 0 0 0 0 0 0 0 0 0 0 0 0 0 0 0 0 0 0 0 0 0 0 0 0 0 0 0 0 0 0 0 0 0 0 0 0 0 0 0 0 0 0 0 0 0 0 0 0 0 0 0 0 0 0 0 0 0 1 0 0 0 0 0 0 0 0 0 0 0 0 0 0 0 0 0 0 0 0 0 0 0 0 0 0 0 0 0 0 0 0 0 0 0 0 0]
[71906203579901502194806546836863113588338828589072684146039530138349475010935135719809362201856092199853413315011876871089840777623593727280617273683736504790636138927806963045888223063820358292556699731821931102488238188298688978376095219631694803704130163169524189031806926464800064703639841300436722217827206454350647553595127 0 0 0 0 0 0 0 0 0 0 0 0 0 0 0 0 0 0 0 0 0 0 0 0 0 0 0 0 0 0 0 0 0 0 0 0 0 0 0 0 0 0 0 0 0 0 0 0 0 0 0 0 0 0 0 0 0 0 0 0 0 0 0 0 0 0 0 0 0 0 0 0 1 0 0 0 0 0 0 0 0 0 0 0 0 0 0 0 0 0 0 0 0 0 0 0 0 0 0 0 0 0 0 0 0 0 0 0 0]
[3196755332937359212393775885859295398655305651794996833124896737487723770177701505286907095023718140127146466112210972289362137188042677578520552424418965601999256616512508215340239266677603152239857245272594896810339675061392459747828245760874924099675565025305700680910245809514568046814411222728864892058342162301760181000814858 0 0 0 0 0 0 0 0 0 0 0 0 0 0 0 0 0 0 0 0 0 0 0 0 0 0 0 0 0 0 0 0 0 0 0 0 0 0 0 0 0 0 0 0 0 0 0 0 0 0 0 0 0 0 0 0 0 0 0 0 0 0 0 0 0 0 0 0 0 0 0 0 0 1 0 0 0 0 0 0 0 0 0 0 0 0 0 0 0 0 0 0 0 0 0 0 0 0 0 0 0 0 0 0 0 0 0 0 0]
[7428371539963475181146434909445315520456194382020908830242753933750150887133004612634344282713529200770124829321221087283750969097235165555182445586927158919127362281202337968253286995681956910008030549661559755444689577843209705001400368123470685060384082714210661794395741827574680037166070362648242116174557483375333389826089099 0 0 0 0 0 0 0 0 0 0 0 0 0 0 0 0 0 0 0 0 0 0 0 0 0 0 0 0 0 0 0 0 0 0 0 0 0 0 0 0 0 0 0 0 0 0 0 0 0 0 0 0 0 0 0 0 0 0 0 0 0 0 0 0 0 0 0 0 0 0 0 0 0 0 1 0 0 0 0 0 0 0 0 0 0 0 0 0 0 0 0 0 0 0 0 0 0 0 0 0 0 0 0 0 0 0 0 0 0]
[8713828231572900366058441216763066411355813960779279752545177324947544740828923978231709836611371957178086066589086848995766996127151686072570578178147478903529220630799103417452760654653748257518438260258768655971407340068309907498687709904954595864011746246623186916069275779807129841227718336194760730244715011830036172217748293 0 0 0 0 0 0 0 0 0 0 0 0 0 0 0 0 0 0 0 0 0 0 0 0 0 0 0 0 0 0 0 0 0 0 0 0 0 0 0 0 0 0 0 0 0 0 0 0 0 0 0 0 0 0 0 0 0 0 0 0 0 0 0 0 0 0 0 0 0 0 0 0 0 0 0 1 0 0 0 0 0 0 0 0 0 0 0 0 0 0 0 0 0 0 0 0 0 0 0 0 0 0 0 0 0 0 0 0 0]
[1933296047287524004347853994780282818898397259767156375405320166261377373217471119290650883507199392451204093376053139101313502603727184600247003140127739803768272117567420366330214533165256817732081890633738372729537238042490554129137982550723631197175937041766125040466778035794061156703050545407870635927745179572657922422119811 0 0 0 0 0 0 0 0 0 0 0 0 0 0 0 0 0 0 0 0 0 0 0 0 0 0 0 0 0 0 0 0 0 0 0 0 0 0 0 0 0 0 0 0 0 0 0 0 0 0 0 0 0 0 0 0 0 0 0 0 0 0 0 0 0 0 0 0 0 0 0 0 0 0 0 0 1 0 0 0 0 0 0 0 0 0 0 0 0 0 0 0 0 0 0 0 0 0 0 0 0 0 0 0 0 0 0 0 0]
[1148862863539587684898074885388981257243568121094498855046006732454506087758539293761572968617201055756522831903705751096668160479507682354658051600402946494591078287341755686833229981596876351591924974602856601656614799338142215333760713070477337492659467420730339659653079315539633571375428919084090071966883398596447509615801910 0 0 0 0 0 0 0 0 0 0 0 0 0 0 0 0 0 0 0 0 0 0 0 0 0 0 0 0 0 0 0 0 0 0 0 0 0 0 0 0 0 0 0 0 0 0 0 0 0 0 0 0 0 0 0 0 0 0 0 0 0 0 0 0 0 0 0 0 0 0 0 0 0 0 0 0 0 1 0 0 0 0 0 0 0 0 0 0 0 0 0 0 0 0 0 0 0 0 0 0 0 0 0 0 0 0 0 0 0]
[3708139735210766667762169576589364810549611662043154748099435272343055518294445168988053126543168222908518377508550966578660556489744619923133415486653350116870352787158512752863394040557682261166523215584960703959754979983749711379303711342199426775442563570521695479506064925944521189283698844352902602964901243773536210119913452 0 0 0 0 0 0 0 0 0 0 0 0 0 0 0 0 0 0 0 0 0 0 0 0 0 0 0 0 0 0 0 0 0 0 0 0 0 0 0 0 0 0 0 0 0 0 0 0 0 0 0 0 0 0 0 0 0 0 0 0 0 0 0 0 0 0 0 0 0 0 0 0 0 0 0 0 0 0 1 0 0 0 0 0 0 0 0 0 0 0 0 0 0 0 0 0 0 0 0 0 0 0 0 0 0 0 0 0 0]
[10088923549929801482096397156738311207850950091531286420652108408277368961726390021282193284033626867543360164862674931393343126280334356561222588253056256602892253095902162076795704782509785286357152319018806227535963091166717133640036155262289405746526018929211987832662392453729398011845315148681741444119747425598328619640108896 0 0 0 0 0 0 0 0 0 0 0 0 0 0 0 0 0 0 0 0 0 0 0 0 0 0 0 0 0 0 0 0 0 0 0 0 0 0 0 0 0 0 0 0 0 0 0 0 0 0 0 0 0 0 0 0 0 0 0 0 0 0 0 0 0 0 0 0 0 0 0 0 0 0 0 0 0 0 0 1 0 0 0 0 0 0 0 0 0 0 0 0 0 0 0 0 0 0 0 0 0 0 0 0 0 0 0 0 0]
[11968684173945320625461663575222756601726767035238878060037464108150304781135911841816847199290814400153233921625412659163618833883702660363807497070491403671330279885511933286227254473084396957479956923571873628115657096337806346435858729529966758583922751345091493601093156263674567718335452255636998827322506920796044360064184043 0 0 0 0 0 0 0 0 0 0 0 0 0 0 0 0 0 0 0 0 0 0 0 0 0 0 0 0 0 0 0 0 0 0 0 0 0 0 0 0 0 0 0 0 0 0 0 0 0 0 0 0 0 0 0 0 0 0 0 0 0 0 0 0 0 0 0 0 0 0 0 0 0 0 0 0 0 0 0 0 1 0 0 0 0 0 0 0 0 0 0 0 0 0 0 0 0 0 0 0 0 0 0 0 0 0 0 0 0]
[9691577907705469107543113970272949593342933671155393861833904103867357384624656103703278209978589171295685599060719913658914522994999195618346911531419634771686807323167256875891784952670554502749933151204347425601462519813134801981032965120052156810220529866328193214631685738183543362050407895438977255759080130822774538095291005 0 0 0 0 0 0 0 0 0 0 0 0 0 0 0 0 0 0 0 0 0 0 0 0 0 0 0 0 0 0 0 0 0 0 0 0 0 0 0 0 0 0 0 0 0 0 0 0 0 0 0 0 0 0 0 0 0 0 0 0 0 0 0 0 0 0 0 0 0 0 0 0 0 0 0 0 0 0 0 0 0 1 0 0 0 0 0 0 0 0 0 0 0 0 0 0 0 0 0 0 0 0 0 0 0 0 0 0 0]
[182185452941893915237316826662856358550631167343062681797272629941835164270221928618655811548668810274843231012783044747575879138228888507350304152988811188324972100518357463209618081661147403139519756863092257856550285057032213983982643403289235051156386292097552684850846699293354006220955354344083499288271062678173094220184067 0 0 0 0 0 0 0 0 0 0 0 0 0 0 0 0 0 0 0 0 0 0 0 0 0 0 0 0 0 0 0 0 0 0 0 0 0 0 0 0 0 0 0 0 0 0 0 0 0 0 0 0 0 0 0 0 0 0 0 0 0 0 0 0 0 0 0 0 0 0 0 0 0 0 0 0 0 0 0 0 0 0 1 0 0 0 0 0 0 0 0 0 0 0 0 0 0 0 0 0 0 0 0 0 0 0 0 0 0]
[8106882008490278504365643438514475210493261237506976790112925129401483685476234933349377406399501185219293240088299941960002292719213169530822689642163891123142967392957787559082066528920973507515122638566026467539495512457904441054402277892221509635446172218503020901670777229114135108707404369097608056233724729472393011052093124 0 0 0 0 0 0 0 0 0 0 0 0 0 0 0 0 0 0 0 0 0 0 0 0 0 0 0 0 0 0 0 0 0 0 0 0 0 0 0 0 0 0 0 0 0 0 0 0 0 0 0 0 0 0 0 0 0 0 0 0 0 0 0 0 0 0 0 0 0 0 0 0 0 0 0 0 0 0 0 0 0 0 0 1 0 0 0 0 0 0 0 0 0 0 0 0 0 0 0 0 0 0 0 0 0 0 0 0 0]
[11527740138418091461092061190476110254048753517250764941371032632496999533301123314844836284651753986717208137482385778446462599916970006199151613642991511978857913121974244845430032024862273333901674440445056516721105071964825803702332800633854041658966937836986064034112636318502828800646581394124760850375327161915455834583850727 0 0 0 0 0 0 0 0 0 0 0 0 0 0 0 0 0 0 0 0 0 0 0 0 0 0 0 0 0 0 0 0 0 0 0 0 0 0 0 0 0 0 0 0 0 0 0 0 0 0 0 0 0 0 0 0 0 0 0 0 0 0 0 0 0 0 0 0 0 0 0 0 0 0 0 0 0 0 0 0 0 0 0 0 1 0 0 0 0 0 0 0 0 0 0 0 0 0 0 0 0 0 0 0 0 0 0 0 0]
[4218813699576307586169415074434291164926053480236493365200569650890629338301976035179179922842778861912436911728055869630320206495927546643533885830360167145593225391654522070252088406684276560584885136359011375511101028624802462227120380467209778994320811408394380369864915420904299717422043639651188896438869314110078416652027490 0 0 0 0 0 0 0 0 0 0 0 0 0 0 0 0 0 0 0 0 0 0 0 0 0 0 0 0 0 0 0 0 0 0 0 0 0 0 0 0 0 0 0 0 0 0 0 0 0 0 0 0 0 0 0 0 0 0 0 0 0 0 0 0 0 0 0 0 0 0 0 0 0 0 0 0 0 0 0 0 0 0 0 0 0 1 0 0 0 0 0 0 0 0 0 0 0 0 0 0 0 0 0 0 0 0 0 0 0]
[10040639393804307703331366856220816393835594771681507952787173637265409574620688363291380203086667261518415508685688746339073045802098877866987532213957084555548510520664814469534474007519383615852695007447134628366419407736701655330942318557795199769882051628131440672387541987289393310162780093987904857351006369195605147672953889 0 0 0 0 0 0 0 0 0 0 0 0 0 0 0 0 0 0 0 0 0 0 0 0 0 0 0 0 0 0 0 0 0 0 0 0 0 0 0 0 0 0 0 0 0 0 0 0 0 0 0 0 0 0 0 0 0 0 0 0 0 0 0 0 0 0 0 0 0 0 0 0 0 0 0 0 0 0 0 0 0 0 0 0 0 0 1 0 0 0 0 0 0 0 0 0 0 0 0 0 0 0 0 0 0 0 0 0 0]
[877328143800929617299864852030892300298036696988058745812693022715574086832425625104619979397392445015862457893721753668127682485316191411669877205228968247568111895041868863322430686553689517910772975082426383666242859534444330845384455208120438571647513634663663031677134403271602642073838089703043052146762836264921458334793564 0 0 0 0 0 0 0 0 0 0 0 0 0 0 0 0 0 0 0 0 0 0 0 0 0 0 0 0 0 0 0 0 0 0 0 0 0 0 0 0 0 0 0 0 0 0 0 0 0 0 0 0 0 0 0 0 0 0 0 0 0 0 0 0 0 0 0 0 0 0 0 0 0 0 0 0 0 0 0 0 0 0 0 0 0 0 0 1 0 0 0 0 0 0 0 0 0 0 0 0 0 0 0 0 0 0 0 0 0]
[8449817854034597326021858803440615518045675526512386314849217234432239347623298835131645400037702003033934105682054840897523198271946448756222940334754300798036118590569707999214471216874969102779294804655386969216057407799634194870701021486131206008393324058458217288107991425385266388745694138266251051971575642767045658711733675 0 0 0 0 0 0 0 0 0 0 0 0 0 0 0 0 0 0 0 0 0 0 0 0 0 0 0 0 0 0 0 0 0 0 0 0 0 0 0 0 0 0 0 0 0 0 0 0 0 0 0 0 0 0 0 0 0 0 0 0 0 0 0 0 0 0 0 0 0 0 0 0 0 0 0 0 0 0 0 0 0 0 0 0 0 0 0 0 1 0 0 0 0 0 0 0 0 0 0 0 0 0 0 0 0 0 0 0 0]
[1873944212754338944085762996006590869222306628148115029815405586718560135381011505649356415874190650668111617090735021385833142505972672320974649329047981122080251747582211700324393660663625208277743793964026225198593977117640027045903266865223699505777218608530948797972877090898066530579557411033874057336846684959755244937909666 0 0 0 0 0 0 0 0 0 0 0 0 0 0 0 0 0 0 0 0 0 0 0 0 0 0 0 0 0 0 0 0 0 0 0 0 0 0 0 0 0 0 0 0 0 0 0 0 0 0 0 0 0 0 0 0 0 0 0 0 0 0 0 0 0 0 0 0 0 0 0 0 0 0 0 0 0 0 0 0 0 0 0 0 0 0 0 0 0 1 0 0 0 0 0 0 0 0 0 0 0 0 0 0 0 0 0 0 0]
[7813913552024446534231283077058493006348655264024203484331865772980587000049570918784480318289066821345468945903447985209505758042465778748762118302937450983808285153591123582860259934676965309034948706158501638550623902824165043055575500448012225794448394262734042504445537660637848983925207902355896485332948520390643025878326510 0 0 0 0 0 0 0 0 0 0 0 0 0 0 0 0 0 0 0 0 0 0 0 0 0 0 0 0 0 0 0 0 0 0 0 0 0 0 0 0 0 0 0 0 0 0 0 0 0 0 0 0 0 0 0 0 0 0 0 0 0 0 0 0 0 0 0 0 0 0 0 0 0 0 0 0 0 0 0 0 0 0 0 0 0 0 0 0 0 0 1 0 0 0 0 0 0 0 0 0 0 0 0 0 0 0 0 0 0]
[6266457752028473643921433917280722631807323751109204966294514145892009443734737034237554200994350730141867877248966640800653372164355961524079209698000994783070567324241163745273911010798200851350319400487209068702564767955793400361605473787548372879595171491543447261783429643894885211625300732294053534566578312612356089975036028 0 0 0 0 0 0 0 0 0 0 0 0 0 0 0 0 0 0 0 0 0 0 0 0 0 0 0 0 0 0 0 0 0 0 0 0 0 0 0 0 0 0 0 0 0 0 0 0 0 0 0 0 0 0 0 0 0 0 0 0 0 0 0 0 0 0 0 0 0 0 0 0 0 0 0 0 0 0 0 0 0 0 0 0 0 0 0 0 0 0 0 1 0 0 0 0 0 0 0 0 0 0 0 0 0 0 0 0 0]
[1002574011221245187041674311776235444296375027687017308090710455740655294737913925765506855832083257660219812564028982320013791308128385637868818624893819662017008762350717776699627113868929393992382415800243618752566956375333455854811929009662467598753910931647562181496370693993181654620509569846407807051734244383918708769960270 0 0 0 0 0 0 0 0 0 0 0 0 0 0 0 0 0 0 0 0 0 0 0 0 0 0 0 0 0 0 0 0 0 0 0 0 0 0 0 0 0 0 0 0 0 0 0 0 0 0 0 0 0 0 0 0 0 0 0 0 0 0 0 0 0 0 0 0 0 0 0 0 0 0 0 0 0 0 0 0 0 0 0 0 0 0 0 0 0 0 0 0 1 0 0 0 0 0 0 0 0 0 0 0 0 0 0 0 0]
[7101290375093257407057443321498450773675790187187475807532090594785391000583789516110324374709812841983678937689123086997362368453541042009141283364120706897660219764904261405753164512031268391936285391443836786241085459941009136294365433017099119609000436133769995970732190050170438323739089914053342970126124681934260478115976621 0 0 0 0 0 0 0 0 0 0 0 0 0 0 0 0 0 0 0 0 0 0 0 0 0 0 0 0 0 0 0 0 0 0 0 0 0 0 0 0 0 0 0 0 0 0 0 0 0 0 0 0 0 0 0 0 0 0 0 0 0 0 0 0 0 0 0 0 0 0 0 0 0 0 0 0 0 0 0 0 0 0 0 0 0 0 0 0 0 0 0 0 0 1 0 0 0 0 0 0 0 0 0 0 0 0 0 0 0]
[8873147952677380633996451621043749709298377178164118223479450675305334382797613861494021604674400952294685197654552762575421660839113766307259635334758104132463773142061640114712151224131401418421553446076725253420378343393067865017716811125609094196068472794907848613445393870673448864471497662988168544955179136997240203238060962 0 0 0 0 0 0 0 0 0 0 0 0 0 0 0 0 0 0 0 0 0 0 0 0 0 0 0 0 0 0 0 0 0 0 0 0 0 0 0 0 0 0 0 0 0 0 0 0 0 0 0 0 0 0 0 0 0 0 0 0 0 0 0 0 0 0 0 0 0 0 0 0 0 0 0 0 0 0 0 0 0 0 0 0 0 0 0 0 0 0 0 0 0 0 1 0 0 0 0 0 0 0 0 0 0 0 0 0 0]
[3036791257311330953147101285777291051255505504793315709262392113771243263176897371787876113995538595884694428783723369028070855968165353925774352484387708422891187998874916539411136611863134730122818799242283825552921568741548597234668461794109600018826647037720401191386593968081243943727843466575503550537394708910804130485810181 0 0 0 0 0 0 0 0 0 0 0 0 0 0 0 0 0 0 0 0 0 0 0 0 0 0 0 0 0 0 0 0 0 0 0 0 0 0 0 0 0 0 0 0 0 0 0 0 0 0 0 0 0 0 0 0 0 0 0 0 0 0 0 0 0 0 0 0 0 0 0 0 0 0 0 0 0 0 0 0 0 0 0 0 0 0 0 0 0 0 0 0 0 0 0 1 0 0 0 0 0 0 0 0 0 0 0 0 0]
[241004171733850585763995361637350372474006495007252839696784405368171683262958494888305717217360586298956147642834231176762259278601286895167255932029626074628898605758346352568544033771456728754544358710473548917145647636860119498531347171949091386040472470746086911999630309576558920267615849047436743187380078866726947012147370 0 0 0 0 0 0 0 0 0 0 0 0 0 0 0 0 0 0 0 0 0 0 0 0 0 0 0 0 0 0 0 0 0 0 0 0 0 0 0 0 0 0 0 0 0 0 0 0 0 0 0 0 0 0 0 0 0 0 0 0 0 0 0 0 0 0 0 0 0 0 0 0 0 0 0 0 0 0 0 0 0 0 0 0 0 0 0 0 0 0 0 0 0 0 0 0 1 0 0 0 0 0 0 0 0 0 0 0 0]
[3833748278206616241550196000905232098323111097886261534096698295907900256285173376444456939308010512726187410485825217213274740278958639751876218124953876752900810594008704196787055958352889995178390421041201316554515272092405239423250477276621177570530367780278022658403097133439738941209087534286786537197783983994863977863894361 0 0 0 0 0 0 0 0 0 0 0 0 0 0 0 0 0 0 0 0 0 0 0 0 0 0 0 0 0 0 0 0 0 0 0 0 0 0 0 0 0 0 0 0 0 0 0 0 0 0 0 0 0 0 0 0 0 0 0 0 0 0 0 0 0 0 0 0 0 0 0 0 0 0 0 0 0 0 0 0 0 0 0 0 0 0 0 0 0 0 0 0 0 0 0 0 0 1 0 0 0 0 0 0 0 0 0 0 0]
[5453639012220892708093614680078755386857948589171615441809056576413343569561291549733923765919404096538234304106114986826188322070204420498859299590369123611062717347303077480451626855553997928407224350971335646599847033817371672964662504548189870208009259696280142967997134309529762069097245436021221357728904894595460792081707634 0 0 0 0 0 0 0 0 0 0 0 0 0 0 0 0 0 0 0 0 0 0 0 0 0 0 0 0 0 0 0 0 0 0 0 0 0 0 0 0 0 0 0 0 0 0 0 0 0 0 0 0 0 0 0 0 0 0 0 0 0 0 0 0 0 0 0 0 0 0 0 0 0 0 0 0 0 0 0 0 0 0 0 0 0 0 0 0 0 0 0 0 0 0 0 0 0 0 1 0 0 0 0 0 0 0 0 0 0]
[9006971536892970011511106017364129903274610395246905245566859235606803730511480762594159355365203744391955660824375008891529143975734181313928199183776676897761440218450609611167160470525877885657804359961822817531589224466291820473678807067871696694358562782176373475957879237401268672684283496554673053094569654167359012270444058 0 0 0 0 0 0 0 0 0 0 0 0 0 0 0 0 0 0 0 0 0 0 0 0 0 0 0 0 0 0 0 0 0 0 0 0 0 0 0 0 0 0 0 0 0 0 0 0 0 0 0 0 0 0 0 0 0 0 0 0 0 0 0 0 0 0 0 0 0 0 0 0 0 0 0 0 0 0 0 0 0 0 0 0 0 0 0 0 0 0 0 0 0 0 0 0 0 0 0 1 0 0 0 0 0 0 0 0 0]
[8630828341934109976175066326859711955953743750021790729825370890416297689239095904705743446549744135082405465955610520262917107358863829390288269037407027563979336750457779991063999012085086884868669683286991943295612543004788630885808374461836302772263125722329712511829174192711834865354111034072806304713221181850477265671303919 0 0 0 0 0 0 0 0 0 0 0 0 0 0 0 0 0 0 0 0 0 0 0 0 0 0 0 0 0 0 0 0 0 0 0 0 0 0 0 0 0 0 0 0 0 0 0 0 0 0 0 0 0 0 0 0 0 0 0 0 0 0 0 0 0 0 0 0 0 0 0 0 0 0 0 0 0 0 0 0 0 0 0 0 0 0 0 0 0 0 0 0 0 0 0 0 0 0 0 0 1 0 0 0 0 0 0 0 0]
[10911002764894263768941231516486369585782489442464831458599090345704810312352115086250051094054641538926003488170465993508172089286911569706909779593352391351587865421680287506897684314169549950941178374683020182230772834635233780983256355605638037585267729525497875214547720270919231001477664801216342672491227153651685954285333079 0 0 0 0 0 0 0 0 0 0 0 0 0 0 0 0 0 0 0 0 0 0 0 0 0 0 0 0 0 0 0 0 0 0 0 0 0 0 0 0 0 0 0 0 0 0 0 0 0 0 0 0 0 0 0 0 0 0 0 0 0 0 0 0 0 0 0 0 0 0 0 0 0 0 0 0 0 0 0 0 0 0 0 0 0 0 0 0 0 0 0 0 0 0 0 0 0 0 0 0 0 1 0 0 0 0 0 0 0]
[8347984610161262227886412535690779095666059680614152346008709635597503064432874865384849030804237843912952833860526471796774568844764641014462938347911046985644720498865557691285570368332500345310942187399082498020234796846861169651886599458669665262480285073884604838975378980566627354201724926182429996427606418579638206049789840 0 0 0 0 0 0 0 0 0 0 0 0 0 0 0 0 0 0 0 0 0 0 0 0 0 0 0 0 0 0 0 0 0 0 0 0 0 0 0 0 0 0 0 0 0 0 0 0 0 0 0 0 0 0 0 0 0 0 0 0 0 0 0 0 0 0 0 0 0 0 0 0 0 0 0 0 0 0 0 0 0 0 0 0 0 0 0 0 0 0 0 0 0 0 0 0 0 0 0 0 0 0 1 0 0 0 0 0 0]
[7780963819726115488898702523836354479959286275163061704519825763332147787247976073032556575660593302907292432718415284392578125334226539295422626979940435785998928980918131780173344462522150678035317024947237176368415929871836170929870007199351583051348298317557273284090216219442730060835751567517017152050821478269047150012506285 0 0 0 0 0 0 0 0 0 0 0 0 0 0 0 0 0 0 0 0 0 0 0 0 0 0 0 0 0 0 0 0 0 0 0 0 0 0 0 0 0 0 0 0 0 0 0 0 0 0 0 0 0 0 0 0 0 0 0 0 0 0 0 0 0 0 0 0 0 0 0 0 0 0 0 0 0 0 0 0 0 0 0 0 0 0 0 0 0 0 0 0 0 0 0 0 0 0 0 0 0 0 0 1 0 0 0 0 0]
[7719534406297284494088778560586351007069128769462356471732388532357631935027138558598846116807518751134522205943528984283654520315333392616531900593114755262347631754338990131993294380585730805932155167135755550845773180500536062207855935104331908107388196447788704899255694734239804068152940008074644716572346344636245511153919119 0 0 0 0 0 0 0 0 0 0 0 0 0 0 0 0 0 0 0 0 0 0 0 0 0 0 0 0 0 0 0 0 0 0 0 0 0 0 0 0 0 0 0 0 0 0 0 0 0 0 0 0 0 0 0 0 0 0 0 0 0 0 0 0 0 0 0 0 0 0 0 0 0 0 0 0 0 0 0 0 0 0 0 0 0 0 0 0 0 0 0 0 0 0 0 0 0 0 0 0 0 0 0 0 1 0 0 0 0]
[2539429568366067609937903425586679041244235367128904021534457018527670079884393441708393793752779490290083768517963750363003066083593580871138469424233605933027014020205821466466661260936593075244922820293682385886076413419424506157048221780900849319602203833147542326688040171476565691184263260583565209327827129383077619252973903 0 0 0 0 0 0 0 0 0 0 0 0 0 0 0 0 0 0 0 0 0 0 0 0 0 0 0 0 0 0 0 0 0 0 0 0 0 0 0 0 0 0 0 0 0 0 0 0 0 0 0 0 0 0 0 0 0 0 0 0 0 0 0 0 0 0 0 0 0 0 0 0 0 0 0 0 0 0 0 0 0 0 0 0 0 0 0 0 0 0 0 0 0 0 0 0 0 0 0 0 0 0 0 0 0 1 0 0 0]
[3841448110751369206582901486660344733673122575487450513573278736530332894250118924689503843284061427370884049878874638406198623311067517193864037809988838532861889452324512122497471232255660345901140632075790089731350570708642838340615124938617610224897565772594893241023541056289363835908175972134607384245494263498899629823283889 0 0 0 0 0 0 0 0 0 0 0 0 0 0 0 0 0 0 0 0 0 0 0 0 0 0 0 0 0 0 0 0 0 0 0 0 0 0 0 0 0 0 0 0 0 0 0 0 0 0 0 0 0 0 0 0 0 0 0 0 0 0 0 0 0 0 0 0 0 0 0 0 0 0 0 0 0 0 0 0 0 0 0 0 0 0 0 0 0 0 0 0 0 0 0 0 0 0 0 0 0 0 0 0 0 0 1 0 0]
[4661835805670424829302809545584540680414695534821326196148818054692740266741198359150499007609160309289475654285980638283749426476608622927675630305459100283118700523404534494919427814715693839827531846202621792784229099565522593027401708748322328268397626973587665346398618391406190746586210153104496561465174357896717971213155913 0 0 0 0 0 0 0 0 0 0 0 0 0 0 0 0 0 0 0 0 0 0 0 0 0 0 0 0 0 0 0 0 0 0 0 0 0 0 0 0 0 0 0 0 0 0 0 0 0 0 0 0 0 0 0 0 0 0 0 0 0 0 0 0 0 0 0 0 0 0 0 0 0 0 0 0 0 0 0 0 0 0 0 0 0 0 0 0 0 0 0 0 0 0 0 0 0 0 0 0 0 0 0 0 0 0 0 1 0]
[1694398009262123915079051016291602230803520999543207636161906502373746278030543145465066847572319587709899868066004518441550741772551882260132192102582426332478879123400247290471320417311390920216208764441785211111390746177439574141765684297899299312577472386486635879470361969210430103649956601523860579051247241557486590771857538 0 0 0 0 0 0 0 0 0 0 0 0 0 0 0 0 0 0 0 0 0 0 0 0 0 0 0 0 0 0 0 0 0 0 0 0 0 0 0 0 0 0 0 0 0 0 0 0 0 0 0 0 0 0 0 0 0 0 0 0 0 0 0 0 0 0 0 0 0 0 0 0 0 0 0 0 0 0 0 0 0 0 0 0 0 0 0 0 0 0 0 0 0 0 0 0 0 0 0 0 0 0 0 0 0 0 0 0 1]
]
