[[8512411192503215550747596692638059860328996018339641372142938239482938008651889356655509424768259667428306410594485376342744278965295467411482777945444321277206300467293585806721126140992030465596270386485077404323015004321682423603711006770958061271139002911363858599108624260051852507522072415233376743717844164695597527497092563 0 0 0 0 0 0 0 0 0 0 0 0 0 0 0 0 0 0 0 0 0 0 0 0 0 0 0 0 0 0 0 0 0 0 0 0 0 0 0 0 0 0 0 0 0 0 0 0 0 0 0 0 0 0 0 0 0 0 0 0 0 0 0 0 0 0 0 0 0 0 0 0 0 0 0 0 0 0 0 0 0 0 0 0 0 0 0 0 0 0 0 0 0 0 0 0 0 0 0 0 0 0 0 0 0 0 0 0 0]
[4218521184940202210231860014084613089569695490252553371895739033382128934818421484227918719227955967784816582063367073978961642121689200431351119851997598662904876073130834863819648355493357364011513203983351624352790791140795306928803569850122457779616200202704594364970844374333969171167126597545314516817926263031237230420308777 1 0 0 0 0 0 0 0 0 0 0 0 0 0 0 0 0 0 0 0 0 0 0 0 0 0 0 0 0 0 0 0 0 0 0 0 0 0 0 0 0 0 0 0 0 0 0 0 0 0 0 0 0 0 0 0 0 0 0 0 0 0 0 0 0 0 0 0 0 0 0 0 0 0 0 0 0 0 0 0 0 0 0 0 0 0 0 0 0 0 0 0 0 0 0 0 0 0 0 0 0 0 0 0 0 0 0 0 0]
[3448305450043603660519595580048648558690003063831753534595762581981593395513057976050929463098408350947758691359497867453090392043219309741428932580468302756695416991393071545235697632030656220633569794008015336471664949585135027654563723645681767115248886372249075381823736649702844179973129041774241904776417378951955158143450751 0 1 0 0 0 0 0 0 0 0 0 0 0 0 0 0 0 0 0 0 0 0 0 0 0 0 0 0 0 0 0 0 0 0 0 0 0 0 0 0 0 0 0 0 0 0 0 0 0 0 0 0 0 0 0 0 0 0 0 0 0 0 0 0 0 0 0 0 0 0 0 0 0 0 0 0 0 0 0 0 0 0 0 0 0 0 0 0 0 0 0 0 0 0 0 0 0 0 0 0 0 0 0 0 0 0 0 0 0]
[6430274383680607466337787572741782190703660519376499802809343517567573854467178006381229771257615424497422621459178454092451881086513937085029863706231367676133805518018949176335062385742407115147631741415167460192383652854117290981788234946178544371693329178938608348715099497284574248688815945745395334215650848466608221690491192 0 0 1 0 0 0 0 0 0 0 0 0 0 0 0 0 0 0 0 0 0 0 0 0 0 0 0 0 0 0 0 0 0 0 0 0 0 0 0 0 0 0 0 0 0 0 0 0 0 0 0 0 0 0 0 0 0 0 0 0 0 0 0 0 0 0 0 0 0 0 0 0 0 0 0 0 0 0 0 0 0 0 0 0 0 0 0 0 0 0 0 0 0 0 0 0 0 0 0 0 0 0 0 0 0 0 0 0 0]
[2082002938757798667790663700115646954968846162412720704883036589461999920401843190368220730078163628395633580645638722230638307792357153024576631179719829136595955740161062762130424552367406765078518765778081676113149818132561656445816357691188332397983486453293430448009219279234102130163993695641157129483221899387177645128679690 0 0 0 1 0 0 0 0 0 0 0 0 0 0 0 0 0 0 0 0 0 0 0 0 0 0 0 0 0 0 0 0 0 0 0 0 0 0 0 0 0 0 0 0 0 0 0 0 0 0 0 0 0 0 0 0 0 0 0 0 0 0 0 0 0 0 0 0 0 0 0 0 0 0 0 0 0 0 0 0 0 0 0 0 0 0 0 0 0 0 0 0 0 0 0 0 0 0 0 0 0 0 0 0 0 0 0 0 0]
[4107076208589106557606372545531593295826513077071764317852019634922216267325264828269227686110288989174645669496044883216586463117163542408373468623967567530174256163492495134922426514455048500758315302080843559353468370046480958652921915008470442329310484252608123625596793163260574217178568202560164131260723602950643784838484158 0 0 0 0 1 0 0 0 0 0 0 0 0 0 0 0 0 0 0 0 0 0 0 0 0 0 0 0 0 0 0 0 0 0 0 0 0 0 0 0 0 0 0 0 0 0 0 0 0 0 0 0 0 0 0 0 0 0 0 0 0 0 0 0 0 0 0 0 0 0 0 0 0 0 0 0 0 0 0 0 0 0 0 0 0 0 0 0 0 0 0 0 0 0 0 0 0 0 0 0 0 0 0 0 0 0 0 0 0]
[5568312106562503331502708105712359655732283027875800480630200524373464254556536151971636177431645907669530235521602134492610352113420304155037855201617599645637591169945818650152525889357576097878179726322677939530526775613557700136129582119321251483979475627106952918744681324565131581424543799816376769239364326507917632939052562 0 0 0 0 0 1 0 0 0 0 0 0 0 0 0 0 0 0 0 0 0 0 0 0 0 0 0 0 0 0 0 0 0 0 0 0 0 0 0 0 0 0 0 0 0 0 0 0 0 0 0 0 0 0 0 0 0 0 0 0 0 0 0 0 0 0 0 0 0 0 0 0 0 0 0 0 0 0 0 0 0 0 0 0 0 0 0 0 0 0 0 0 0 0 0 0 0 0 0 0 0 0 0 0 0 0 0 0 0]
[2281151960308808784625082551009271778966067554284946806750281319137828279700718779113180317431635297397391171599995552710189999917954689906811959322252499383742662518088822189241490993014211622299578829940886586205943883927039887605560889115113495265191133696349288035813774445416937428941280412400163525501345142376001180771989927 0 0 0 0 0 0 1 0 0 0 0 0 0 0 0 0 0 0 0 0 0 0 0 0 0 0 0 0 0 0 0 0 0 0 0 0 0 0 0 0 0 0 0 0 0 0 0 0 0 0 0 0 0 0 0 0 0 0 0 0 0 0 0 0 0 0 0 0 0 0 0 0 0 0 0 0 0 0 0 0 0 0 0 0 0 0 0 0 0 0 0 0 0 0 0 0 0 0 0 0 0 0 0 0 0 0 0 0 0]
[3511260370790731035101460574481639730954681359734000037170922193275671918328583958677561534802421146110883576658615480054501113953633950681260949376691456429136848765200286912262530513222545314932042970943847165405345497999048623396397007831661528958273193767023178879015327818176925148266263387960316856035460380844966244766099318 0 0 0 0 0 0 0 1 0 0 0 0 0 0 0 0 0 0 0 0 0 0 0 0 0 0 0 0 0 0 0 0 0 0 0 0 0 0 0 0 0 0 0 0 0 0 0 0 0 0 0 0 0 0 0 0 0 0 0 0 0 0 0 0 0 0 0 0 0 0 0 0 0 0 0 0 0 0 0 0 0 0 0 0 0 0 0 0 0 0 0 0 0 0 0 0 0 0 0 0 0 0 0 0 0 0 0 0 0]
[4069022526567398726656755808743552685674840495585920571181681156181320607596960903500300844457338102806551569686536113659142027464263350158001878442571851167842862941780066924919574283870733191719386910668658031139502750682083183179671798958337683111168184493825605101133041504800947740825124564698466998418077144503450995471446304 0 0 0 0 0 0 0 0 1 0 0 0 0 0 0 0 0 0 0 0 0 0 0 0 0 0 0 0 0 0 0 0 0 0 0 0 0 0 0 0 0 0 0 0 0 0 0 0 0 0 0 0 0 0 0 0 0 0 0 0 0 0 0 0 0 0 0 0 0 0 0 0 0 0 0 0 0 0 0 0 0 0 0 0 0 0 0 0 0 0 0 0 0 0 0 0 0 0 0 0 0 0 0 0 0 0 0 0 0]
[6223131026854280779287224813492721235447201082919062595978785531445093785658514689774371868249735177253278696912874845817571247449585033400700804609728009774215182094430142829143586656774624679378215272022595216802441909017678476570814197800848163730805266428397857216072127132250264062594743141782747952807382266369469861361489679 0 0 0 0 0 0 0 0 0 1 0 0 0 0 0 0 0 0 0 0 0 0 0 0 0 0 0 0 0 0 0 0 0 0 0 0 0 0 0 0 0 0 0 0 0 0 0 0 0 0 0 0 0 0 0 0 0 0 0 0 0 0 0 0 0 0 0 0 0 0 0 0 0 0 0 0 0 0 0 0 0 0 0 0 0 0 0 0 0 0 0 0 0 0 0 0 0 0 0 0 0 0 0 0 0 0 0 0 0]
[3691648533791869554559052091128961897047174901574855349616818829417663916133942670136913651487810782837032944434670719508726613787679254711021841641650578785746921774128585861656205202367981522698295202725112362589193816051494225670889145315884350268213157787831785511682417033856317832167746713911422573412584741748841889693340820 0 0 0 0 0 0 0 0 0 0 1 0 0 0 0 0 0 0 0 0 0 0 0 0 0 0 0 0 0 0 0 0 0 0 0 0 0 0 0 0 0 0 0 0 0 0 0 0 0 0 0 0 0 0 0 0 0 0 0 0 0 0 0 0 0 0 0 0 0 0 0 0 0 0 0 0 0 0 0 0 0 0 0 0 0 0 0 0 0 0 0 0 0 0 0 0 0 0 0 0 0 0 0 0 0 0 0 0 0]
[5941376729708759197528350673500434988913642594981614694161025896857947348957044924400278209899735686769700372226970908371760958845577641623010386944117827756838684812591403595313640386924534828753302761870879524381504620806201581383225890509434013943919810949343042551548297270585282682367712476660257999636695524734485902001850681 0 0 0 0 0 0 0 0 0 0 0 1 0 0 0 0 0 0 0 0 0 0 0 0 0 0 0 0 0 0 0 0 0 0 0 0 0 0 0 0 0 0 0 0 0 0 0 0 0 0 0 0 0 0 0 0 0 0 0 0 0 0 0 0 0 0 0 0 0 0 0 0 0 0 0 0 0 0 0 0 0 0 0 0 0 0 0 0 0 0 0 0 0 0 0 0 0 0 0 0 0 0 0 0 0 0 0 0 0]
[3432710464527506418901276569419319659860363043101745797264280534800520281265448468475101500046906408032974691812571111047778848971917689156537821613354791470988664982927143021420370996947827359790428900919834458413502461263675560117657778859978523644048626429932878224687028452952890977016466776952722956995843588395765808540303702 0 0 0 0 0 0 0 0 0 0 0 0 1 0 0 0 0 0 0 0 0 0 0 0 0 0 0 0 0 0 0 0 0 0 0 0 0 0 0 0 0 0 0 0 0 0 0 0 0 0 0 0 0 0 0 0 0 0 0 0 0 0 0 0 0 0 0 0 0 0 0 0 0 0 0 0 0 0 0 0 0 0 0 0 0 0 0 0 0 0 0 0 0 0 0 0 0 0 0 0 0 0 0 0 0 0 0 0 0]
[7883789488718838425911721031308882649027621774652859781653692156807260944352668550082454210855769963953278688157140724066766680873303061759065824792323433470808684430916368615719480394772608544967642525341812717036916593988767609154635354780141609647175109516189750865962867067699256184755466656228212663444527014539345968116156230 0 0 0 0 0 0 0 0 0 0 0 0 0 1 0 0 0 0 0 0 0 0 0 0 0 0 0 0 0 0 0 0 0 0 0 0 0 0 0 0 0 0 0 0 0 0 0 0 0 0 0 0 0 0 0 0 0 0 0 0 0 0 0 0 0 0 0 0 0 0 0 0 0 0 0 0 0 0 0 0 0 0 0 0 0 0 0 0 0 0 0 0 0 0 0 0 0 0 0 0 0 0 0 0 0 0 0 0 0]
[1687371614333574275013463047399846718945451223603610492663265795368083793679769078407442846624174333768378381636942125938581190059775814359854553671155607598499268158720365362758866949119031748946089666014927783583718006451436590672042567978401147898869899120316124161820114020192125414072541257956483737853045760651844723322462204 0 0 0 0 0 0 0 0 0 0 0 0 0 0 1 0 0 0 0 0 0 0 0 0 0 0 0 0 0 0 0 0 0 0 0 0 0 0 0 0 0 0 0 0 0 0 0 0 0 0 0 0 0 0 0 0 0 0 0 0 0 0 0 0 0 0 0 0 0 0 0 0 0 0 0 0 0 0 0 0 0 0 0 0 0 0 0 0 0 0 0 0 0 0 0 0 0 0 0 0 0 0 0 0 0 0 0 0 0]
[4039440171037633928213255411298503048300164234953756155246566902411997296453093180972364410505624850066835280500788400775294014385169359763797761808652725098058158167581245777031176259643967270322660792739215019153028969947361701100610357877407150394868449775323014457815044810464509593365313464432620238104163589805676277087228692 0 0 0 0 0 0 0 0 0 0 0 0 0 0 0 1 0 0 0 0 0 0 0 0 0 0 0 0 0 0 0 0 0 0 0 0 0 0 0 0 0 0 0 0 0 0 0 0 0 0 0 0 0 0 0 0 0 0 0 0 0 0 0 0 0 0 0 0 0 0 0 0 0 0 0 0 0 0 0 0 0 0 0 0 0 0 0 0 0 0 0 0 0 0 0 0 0 0 0 0 0 0 0 0 0 0 0 0 0]
[992573023424662305574224969567544778853410687718662500126512116977181148858488493165563494964948064113925963032692242498138364749518098692378655518764025679365737512244844903736550000874728276193114926834620024750520710545497841551173175847569658686264967207360258182648992233961658835510508156745967727021058208461745691701713390 0 0 0 0 0 0 0 0 0 0 0 0 0 0 0 0 1 0 0 0 0 0 0 0 0 0 0 0 0 0 0 0 0 0 0 0 0 0 0 0 0 0 0 0 0 0 0 0 0 0 0 0 0 0 0 0 0 0 0 0 0 0 0 0 0 0 0 0 0 0 0 0 0 0 0 0 0 0 0 0 0 0 0 0 0 0 0 0 0 0 0 0 0 0 0 0 0 0 0 0 0 0 0 0 0 0 0 0 0]
[6385376720176743311827580211194786405096249893693820998715247151336611365619886157391704904889158799847774453711099526092257007908361858565077899055108430904223963462423687256703089926217432266457041464140219248631329631044932158171060351499107116644466844223316220070373190208565091587515996636635285418055893193318657876107166380 0 0 0 0 0 0 0 0 0 0 0 0 0 0 0 0 0 1 0 0 0 0 0 0 0 0 0 0 0 0 0 0 0 0 0 0 0 0 0 0 0 0 0 0 0 0 0 0 0 0 0 0 0 0 0 0 0 0 0 0 0 0 0 0 0 0 0 0 0 0 0 0 0 0 0 0 0 0 0 0 0 0 0 0 0 0 0 0 0 0 0 0 0 0 0 0 0 0 0 0 0 0 0 0 0 0 0 0 0]
[4686101095911467734652433490023982467304218501956681513504178583130572182581277342992181280753942909511486464136858553525793205919344964568132421167542575189161105209271516276632379874672929767332417706490952856748717097472126632334012739278205304741705352770477407088256051915514293335804415379812978179688132814030171958073963940 0 0 0 0 0 0 0 0 0 0 0 0 0 0 0 0 0 0 1 0 0 0 0 0 0 0 0 0 0 0 0 0 0 0 0 0 0 0 0 0 0 0 0 0 0 0 0 0 0 0 0 0 0 0 0 0 0 0 0 0 0 0 0 0 0 0 0 0 0 0 0 0 0 0 0 0 0 0 0 0 0 0 0 0 0 0 0 0 0 0 0 0 0 0 0 0 0 0 0 0 0 0 0 0 0 0 0 0 0]
[3096366998739384735188963789363377923941442999160315565717090740160615801132343383163851890189632535955230595443210874451466261436257103127739213839945886441221479165903121085005729907297314725367523507054639176367411913201812069138712714388583036288465005156331975296885099639285655408961708662622929951875756010364049718265776721 0 0 0 0 0 0 0 0 0 0 0 0 0 0 0 0 0 0 0 1 0 0 0 0 0 0 0 0 0 0 0 0 0 0 0 0 0 0 0 0 0 0 0 0 0 0 0 0 0 0 0 0 0 0 0 0 0 0 0 0 0 0 0 0 0 0 0 0 0 0 0 0 0 0 0 0 0 0 0 0 0 0 0 0 0 0 0 0 0 0 0 0 0 0 0 0 0 0 0 0 0 0 0 0 0 0 0 0 0]
[133881794046425673867225708170846470337540172991623144321464696503772178901343136349729256117096472872720601891315272083448989319586284808102572672310317158041092663500643538508565035398038174366634012356093728927790640522454066396730081699817416376331549678943641807909413293937852167344445534960225784285145678888472308513213918 0 0 0 0 0 0 0 0 0 0 0 0 0 0 0 0 0 0 0 0 1 0 0 0 0 0 0 0 0 0 0 0 0 0 0 0 0 0 0 0 0 0 0 0 0 0 0 0 0 0 0 0 0 0 0 0 0 0 0 0 0 0 0 0 0 0 0 0 0 0 0 0 0 0 0 0 0 0 0 0 0 0 0 0 0 0 0 0 0 0 0 0 0 0 0 0 0 0 0 0 0 0 0 0 0 0 0 0 0]
[2137516808487097196176730260209112501046664447249848005889820418769076086615416589646134904553119781845287720699292535304242701323424476408119422860101266065148642691052309977991473384763986772576059563356552041550300406424436155719880053846293534773773436897546726790204336161312628283944842504870193766346294016606995445377442753 0 0 0 0 0 0 0 0 0 0 0 0 0 0 0 0 0 0 0 0 0 1 0 0 0 0 0 0 0 0 0 0 0 0 0 0 0 0 0 0 0 0 0 0 0 0 0 0 0 0 0 0 0 0 0 0 0 0 0 0 0 0 0 0 0 0 0 0 0 0 0 0 0 0 0 0 0 0 0 0 0 0 0 0 0 0 0 0 0 0 0 0 0 0 0 0 0 0 0 0 0 0 0 0 0 0 0 0 0]
[6298822008571528435933115355362786334004052385100803126833069569909811586571110964840290004304118342723977919308895721866648480727062000039879648503765255913672338127600593170093509105754661428188101187642438295216355268561033503653881309811139751550900298847458366399723707629464455861134776575864237484525290180564532020016571943 0 0 0 0 0 0 0 0 0 0 0 0 0 0 0 0 0 0 0 0 0 0 1 0 0 0 0 0 0 0 0 0 0 0 0 0 0 0 0 0 0 0 0 0 0 0 0 0 0 0 0 0 0 0 0 0 0 0 0 0 0 0 0 0 0 0 0 0 0 0 0 0 0 0 0 0 0 0 0 0 0 0 0 0 0 0 0 0 0 0 0 0 0 0 0 0 0 0 0 0 0 0 0 0 0 0 0 0 0]
[869579163430062891082007728358406253368865356814607214953609603148686823601506626508896277696288139507441493451424191023617482284350074678799753652710900192300566226138928238561713214677232143431579362343969303153347704021869182686370129882117969102363154279040291944685193412112606546637757768105111298786645954273120848195063755 0 0 0 0 0 0 0 0 0 0 0 0 0 0 0 0 0 0 0 0 0 0 0 1 0 0 0 0 0 0 0 0 0 0 0 0 0 0 0 0 0 0 0 0 0 0 0 0 0 0 0 0 0 0 0 0 0 0 0 0 0 0 0 0 0 0 0 0 0 0 0 0 0 0 0 0 0 0 0 0 0 0 0 0 0 0 0 0 0 0 0 0 0 0 0 0 0 0 0 0 0 0 0 0 0 0 0 0 0]
[4814146279250626202463325606330755837730487174455153233634000602699830820792046275081868035389054024708345456243403161401497782288740300215876265004104379806687499683379207439687962630762710541059222377407720996450826640998752123390328963322263613779673938534198831097407043055503670224294216134846417695276563197862580507708255188 0 0 0 0 0 0 0 0 0 0 0 0 0 0 0 0 0 0 0 0 0 0 0 0 1 0 0 0 0 0 0 0 0 0 0 0 0 0 0 0 0 0 0 0 0 0 0 0 0 0 0 0 0 0 0 0 0 0 0 0 0 0 0 0 0 0 0 0 0 0 0 0 0 0 0 0 0 0 0 0 0 0 0 0 0 0 0 0 0 0 0 0 0 0 0 0 0 0 0 0 0 0 0 0 0 0 0 0 0]
[8108620073238925204242317755769808060793404958655783454505781639865495083514515009382473129109525523724134540364943915453059667449234775678928104604487717806958822222162591199779446588216935472126795670510558276742193928770502310065199960272809975776560794051349654210063391735553217302354690958427723740827120201204640317038339939 0 0 0 0 0 0 0 0 0 0 0 0 0 0 0 0 0 0 0 0 0 0 0 0 0 1 0 0 0 0 0 0 0 0 0 0 0 0 0 0 0 0 0 0 0 0 0 0 0 0 0 0 0 0 0 0 0 0 0 0 0 0 0 0 0 0 0 0 0 0 0 0 0 0 0 0 0 0 0 0 0 0 0 0 0 0 0 0 0 0 0 0 0 0 0 0 0 0 0 0 0 0 0 0 0 0 0 0 0]
[4318856092094852160531527511267879561190596517602645545018234947894894558603431020187989654955269722946957148316160661207332888653333665110521930476117854666417618891610456641278512574225075448355378600072251694996892726209050486807986557732450508513911131252260372881593902078215592558920076981766929429643549906878570894308505799 0 0 0 0 0 0 0 0 0 0 0 0 0 0 0 0 0 0 0 0 0 0 0 0 0 0 1 0 0 0 0 0 0 0 0 0 0 0 0 0 0 0 0 0 0 0 0 0 0 0 0 0 0 0 0 0 0 0 0 0 0 0 0 0 0 0 0 0 0 0 0 0 0 0 0 0 0 0 0 0 0 0 0 0 0 0 0 0 0 0 0 0 0 0 0 0 0 0 0 0 0 0 0 0 0 0 0 0 0]
[5748061548322847388959128690563868765558493282523004498652968039359722190696691694292307447988694583156316162923953154922699565367309449187808458204407504021591169456655905424737847952583763700110384549251531862768403078604084952254698360680977736124392753545542833731223874913738710814487365862156418142700451129992398011450054654 0 0 0 0 0 0 0 0 0 0 0 0 0 0 0 0 0 0 0 0 0 0 0 0 0 0 0 1 0 0 0 0 0 0 0 0 0 0 0 0 0 0 0 0 0 0 0 0 0 0 0 0 0 0 0 0 0 0 0 0 0 0 0 0 0 0 0 0 0 0 0 0 0 0 0 0 0 0 0 0 0 0 0 0 0 0 0 0 0 0 0 0 0 0 0 0 0 0 0 0 0 0 0 0 0 0 0 0 0]
[5633484743201180368704064156176944581107988869200141473567037453679479479087790576005739955551780324581866660839259028009891765563772922648116372657386265913377737593285556588857485989877605237086604513729027631562763748810855911022362356473812332785836257639780140905398566865645630410115449017412423503032491356502707285809987155 0 0 0 0 0 0 0 0 0 0 0 0 0 0 0 0 0 0 0 0 0 0 0 0 0 0 0 0 1 0 0 0 0 0 0 0 0 0 0 0 0 0 0 0 0 0 0 0 0 0 0 0 0 0 0 0 0 0 0 0 0 0 0 0 0 0 0 0 0 0 0 0 0 0 0 0 0 0 0 0 0 0 0 0 0 0 0 0 0 0 0 0 0 0 0 0 0 0 0 0 0 0 0 0 0 0 0 0 0]
[6310015544006280527058838142520516090925818186566322746596957206058827884341264640514920679038488287608621026882572471869297635569990865736750489496430770339909202063109072624500588679734656885771321125844079022394458944451285413130148132316323504049234583779686991142063030352495347114033805926831577101655866105063495954655481741 0 0 0 0 0 0 0 0 0 0 0 0 0 0 0 0 0 0 0 0 0 0 0 0 0 0 0 0 0 1 0 0 0 0 0 0 0 0 0 0 0 0 0 0 0 0 0 0 0 0 0 0 0 0 0 0 0 0 0 0 0 0 0 0 0 0 0 0 0 0 0 0 0 0 0 0 0 0 0 0 0 0 0 0 0 0 0 0 0 0 0 0 0 0 0 0 0 0 0 0 0 0 0 0 0 0 0 0 0]
[4965458800655122057690289260681756652093487261655926967305629578379255615244892337341253469424854231799084285685668400900702751981438202980436708552661747295654040095159022507174219947067975680833664925368007902221968567436900739517696199005536586244846441096573893137569554008724174506720500168388314537811997795590839290086843050 0 0 0 0 0 0 0 0 0 0 0 0 0 0 0 0 0 0 0 0 0 0 0 0 0 0 0 0 0 0 1 0 0 0 0 0 0 0 0 0 0 0 0 0 0 0 0 0 0 0 0 0 0 0 0 0 0 0 0 0 0 0 0 0 0 0 0 0 0 0 0 0 0 0 0 0 0 0 0 0 0 0 0 0 0 0 0 0 0 0 0 0 0 0 0 0 0 0 0 0 0 0 0 0 0 0 0 0 0]
[3818743315318259675770658496800475266620908885168653992072362143434478848228939463101099374442499623003124700461555322291971024729758804447172585138172306923367834691402269280755168684347600232958891731582956547880079917845948136248946648730342750927714522000770986198699498895921915460097251546371901418194775635569605381199587073 0 0 0 0 0 0 0 0 0 0 0 0 0 0 0 0 0 0 0 0 0 0 0 0 0 0 0 0 0 0 0 1 0 0 0 0 0 0 0 0 0 0 0 0 0 0 0 0 0 0 0 0 0 0 0 0 0 0 0 0 0 0 0 0 0 0 0 0 0 0 0 0 0 0 0 0 0 0 0 0 0 0 0 0 0 0 0 0 0 0 0 0 0 0 0 0 0 0 0 0 0 0 0 0 0 0 0 0 0]
[4262733852428911821509936992455024337984075747641599571530712614039294953763065783558009886182184599594062441027151552029291036071598044487272788955114492808612207232740744259581298242526358081281301695269545256829215381026206143325535723741769216436639896876253001442187451226135713291182603043311455727706107776752221451924362305 0 0 0 0 0 0 0 0 0 0 0 0 0 0 0 0 0 0 0 0 0 0 0 0 0 0 0 0 0 0 0 0 1 0 0 0 0 0 0 0 0 0 0 0 0 0 0 0 0 0 0 0 0 0 0 0 0 0 0 0 0 0 0 0 0 0 0 0 0 0 0 0 0 0 0 0 0 0 0 0 0 0 0 0 0 0 0 0 0 0 0 0 0 0 0 0 0 0 0 0 0 0 0 0 0 0 0 0 0]
[808536326305991891372508489418927579324076699185804323358837038141585548201606679098330766314707929561581602958603512781533709244424887589743726859005251699397665075784742607394744338139885131968023946413468876710782339581789763693894982518227937649384470178775510326916074988223117952796551574057449850472025366982554502800757050 0 0 0 0 0 0 0 0 0 0 0 0 0 0 0 0 0 0 0 0 0 0 0 0 0 0 0 0 0 0 0 0 0 1 0 0 0 0 0 0 0 0 0 0 0 0 0 0 0 0 0 0 0 0 0 0 0 0 0 0 0 0 0 0 0 0 0 0 0 0 0 0 0 0 0 0 0 0 0 0 0 0 0 0 0 0 0 0 0 0 0 0 0 0 0 0 0 0 0 0 0 0 0 0 0 0 0 0 0]
[2579344185040907247526072537075357764229076931603360664830829967729906734780721120535165083786291953190865796549236947629132181323801587684900328855394632031582332322497185466985379910685290634198153517650742038219520371975535054179149425070185804203157466435543847790994509626278071468096161756640079541842934142454739577497500663 0 0 0 0 0 0 0 0 0 0 0 0 0 0 0 0 0 0 0 0 0 0 0 0 0 0 0 0 0 0 0 0 0 0 1 0 0 0 0 0 0 0 0 0 0 0 0 0 0 0 0 0 0 0 0 0 0 0 0 0 0 0 0 0 0 0 0 0 0 0 0 0 0 0 0 0 0 0 0 0 0 0 0 0 0 0 0 0 0 0 0 0 0 0 0 0 0 0 0 0 0 0 0 0 0 0 0 0 0]
[7345056071145829969295476582250364734915187899380354202412647189789089354676174252287391815625036285347131619667808399848840928693001305992316985765339079425988464613404708669537712452473554529524484510405587411892115190079909217359049423651688690796285253064141641372845357801232739628759594406895407695688217004501455621339211485 0 0 0 0 0 0 0 0 0 0 0 0 0 0 0 0 0 0 0 0 0 0 0 0 0 0 0 0 0 0 0 0 0 0 0 1 0 0 0 0 0 0 0 0 0 0 0 0 0 0 0 0 0 0 0 0 0 0 0 0 0 0 0 0 0 0 0 0 0 0 0 0 0 0 0 0 0 0 0 0 0 0 0 0 0 0 0 0 0 0 0 0 0 0 0 0 0 0 0 0 0 0 0 0 0 0 0 0 0]
[4846029123446513212358142878376134849134710081270528665716972061505438674529681417040195729840826631108875721302515880530459000443682428912588922555762972913974793468557201376552208317401647956966413077878486740039579913888367584410023028640486280589998840312469486889393267480818652057096113687265082696872922181527874551402662721 0 0 0 0 0 0 0 0 0 0 0 0 0 0 0 0 0 0 0 0 0 0 0 0 0 0 0 0 0 0 0 0 0 0 0 0 1 0 0 0 0 0 0 0 0 0 0 0 0 0 0 0 0 0 0 0 0 0 0 0 0 0 0 0 0 0 0 0 0 0 0 0 0 0 0 0 0 0 0 0 0 0 0 0 0 0 0 0 0 0 0 0 0 0 0 0 0 0 0 0 0 0 0 0 0 0 0 0 0]
[60063212077739184147703920935672428468603843605335845660977009668766566686877830626055759551743406830389562301728091889236641558574447566441893627726729241825369263410656919874221687425211297861931816528443123505011999967018129811030503853621695391572830173058154065543996698555027390985548914441407659280137296461696466234106067 0 0 0 0 0 0 0 0 0 0 0 0 0 0 0 0 0 0 0 0 0 0 0 0 0 0 0 0 0 0 0 0 0 0 0 0 0 1 0 0 0 0 0 0 0 0 0 0 0 0 0 0 0 0 0 0 0 0 0 0 0 0 0 0 0 0 0 0 0 0 0 0 0 0 0 0 0 0 0 0 0 0 0 0 0 0 0 0 0 0 0 0 0 0 0 0 0 0 0 0 0 0 0 0 0 0 0 0 0]
[1252229909721164215872852134828880997419947835032140096191622206374050165344774024692957136251432575967756699962507064173192908254179314754905221356192037767660267059977657693827263773555609270953501054606701007606616772864922229292871078017307066871509516174362390518359591214050513703822251343081861106604319017290598032140797734 0 0 0 0 0 0 0 0 0 0 0 0 0 0 0 0 0 0 0 0 0 0 0 0 0 0 0 0 0 0 0 0 0 0 0 0 0 0 1 0 0 0 0 0 0 0 0 0 0 0 0 0 0 0 0 0 0 0 0 0 0 0 0 0 0 0 0 0 0 0 0 0 0 0 0 0 0 0 0 0 0 0 0 0 0 0 0 0 0 0 0 0 0 0 0 0 0 0 0 0 0 0 0 0 0 0 0 0 0]
[832107019504749377072706062395972006712962429377004351631245118281646135119744584272487794670670348586459121654829249849768696125884440366459080699313102775717650846048202410564381387114705178787948292446111580126474166495678560166749317285777830426527987246888856439209911660872010404463081736063222784327832013251981628745486919 0 0 0 0 0 0 0 0 0 0 0 0 0 0 0 0 0 0 0 0 0 0 0 0 0 0 0 0 0 0 0 0 0 0 0 0 0 0 0 1 0 0 0 0 0 0 0 0 0 0 0 0 0 0 0 0 0 0 0 0 0 0 0 0 0 0 0 0 0 0 0 0 0 0 0 0 0 0 0 0 0 0 0 0 0 0 0 0 0 0 0 0 0 0 0 0 0 0 0 0 0 0 0 0 0 0 0 0 0]
[1047534429307042464234039288293697787867135077162303874766347468948368984249878777488491293537738415532544790089976087980322851868297189029544249735838340379578010409133813693001191375707591234772984254090702263402528741677013465903970721076356481994084043588139361944788484371642566092410522820331237171573992655970721771811326738 0 0 0 0 0 0 0 0 0 0 0 0 0 0 0 0 0 0 0 0 0 0 0 0 0 0 0 0 0 0 0 0 0 0 0 0 0 0 0 0 1 0 0 0 0 0 0 0 0 0 0 0 0 0 0 0 0 0 0 0 0 0 0 0 0 0 0 0 0 0 0 0 0 0 0 0 0 0 0 0 0 0 0 0 0 0 0 0 0 0 0 0 0 0 0 0 0 0 0 0 0 0 0 0 0 0 0 0 0]
[5370011962316751574615002688035934519616619894556159886623967108746130149326360886793650948531395139400744912825351254426847582966377652190067903485985572048771180629600459971755707784333364240792940332751271881472495513270276478074824155332286403868013029999991321254286859500596981133529494661609270101474950736028980729941665402 0 0 0 0 0 0 0 0 0 0 0 0 0 0 0 0 0 0 0 0 0 0 0 0 0 0 0 0 0 0 0 0 0 0 0 0 0 0 0 0 0 1 0 0 0 0 0 0 0 0 0 0 0 0 0 0 0 0 0 0 0 0 0 0 0 0 0 0 0 0 0 0 0 0 0 0 0 0 0 0 0 0 0 0 0 0 0 0 0 0 0 0 0 0 0 0 0 0 0 0 0 0 0 0 0 0 0 0 0]
[6446905446296298678876389956657347530669709852516623714866640334325793003360033803352739173444270748902148309694469630820670119950419521495083517383677933555409635870306029982308023001390829523858720953423667436998345605833445999848390147060632476607726668932988256774572470648782835826028782385426648895434042051509584481590309803 0 0 0 0 0 0 0 0 0 0 0 0 0 0 0 0 0 0 0 0 0 0 0 0 0 0 0 0 0 0 0 0 0 0 0 0 0 0 0 0 0 0 1 0 0 0 0 0 0 0 0 0 0 0 0 0 0 0 0 0 0 0 0 0 0 0 0 0 0 0 0 0 0 0 0 0 0 0 0 0 0 0 0 0 0 0 0 0 0 0 0 0 0 0 0 0 0 0 0 0 0 0 0 0 0 0 0 0 0]
[3420291864863093923455730393641886625448626998195265723179650509360860393353824485270966794182550409284658670211197585257455226822089264904990191585511287268537469348723790236861037294850355730786817032254627615854891679539132769239473155779671291485346882765318271918548015239161178799350561585380676743078683940634893325751980699 0 0 0 0 0 0 0 0 0 0 0 0 0 0 0 0 0 0 0 0 0 0 0 0 0 0 0 0 0 0 0 0 0 0 0 0 0 0 0 0 0 0 0 1 0 0 0 0 0 0 0 0 0 0 0 0 0 0 0 0 0 0 0 0 0 0 0 0 0 0 0 0 0 0 0 0 0 0 0 0 0 0 0 0 0 0 0 0 0 0 0 0 0 0 0 0 0 0 0 0 0 0 0 0 0 0 0 0 0]
[5021043499425302640931309419933776959854140754151331033524087873247317505218143693499291570315674497957573859430090103082678145904337474442216900235731048982960956334864431595857449201385707333235658046713586554604537269445859608048270890600738395181874015347293192935117578698073003393366354778675038534177339176558515960701268340 0 0 0 0 0 0 0 0 0 0 0 0 0 0 0 0 0 0 0 0 0 0 0 0 0 0 0 0 0 0 0 0 0 0 0 0 0 0 0 0 0 0 0 0 1 0 0 0 0 0 0 0 0 0 0 0 0 0 0 0 0 0 0 0 0 0 0 0 0 0 0 0 0 0 0 0 0 0 0 0 0 0 0 0 0 0 0 0 0 0 0 0 0 0 0 0 0 0 0 0 0 0 0 0 0 0 0 0 0]
[5674286395214012304331774193849275084050859612508420914459017860270458917080838298414140621248465540232526582677890356434939719965186115453230960616799114469401414725918086871607274979616319742321299631365969470661065801098080847677717999396377926625021947093732311209972193607472517658103627093868346837344798227890469203353794199 0 0 0 0 0 0 0 0 0 0 0 0 0 0 0 0 0 0 0 0 0 0 0 0 0 0 0 0 0 0 0 0 0 0 0 0 0 0 0 0 0 0 0 0 0 1 0 0 0 0 0 0 0 0 0 0 0 0 0 0 0 0 0 0 0 0 0 0 0 0 0 0 0 0 0 0 0 0 0 0 0 0 0 0 0 0 0 0 0 0 0 0 0 0 0 0 0 0 0 0 0 0 0 0 0 0 0 0 0]
[8363895966731186996690190166384302339621069807029481468744279627669806313222863634100410962336511616107837690354189245562924668425086673844282853262790707686319424896874083099445533674591505337649733450398867179238094583670169710787761944369571255631958609332483532050532202355363131423883458832887932347215847866860632949980008223 0 0 0 0 0 0 0 0 0 0 0 0 0 0 0 0 0 0 0 0 0 0 0 0 0 0 0 0 0 0 0 0 0 0 0 0 0 0 0 0 0 0 0 0 0 0 1 0 0 0 0 0 0 0 0 0 0 0 0 0 0 0 0 0 0 0 0 0 0 0 0 0 0 0 0 0 0 0 0 0 0 0 0 0 0 0 0 0 0 0 0 0 0 0 0 0 0 0 0 0 0 0 0 0 0 0 0 0 0]
[7209365266807343132469200004837445179615276382293826564865921873172366230246301722842141887045914401672304724799587997254704533534881613542666975019468346374671513212963033179745047392472680369337828763612990942186288186789319143185710705321022636512106644095441976121900811527681041014202547909951651101566414412506646491226720233 0 0 0 0 0 0 0 0 0 0 0 0 0 0 0 0 0 0 0 0 0 0 0 0 0 0 0 0 0 0 0 0 0 0 0 0 0 0 0 0 0 0 0 0 0 0 0 1 0 0 0 0 0 0 0 0 0 0 0 0 0 0 0 0 0 0 0 0 0 0 0 0 0 0 0 0 0 0 0 0 0 0 0 0 0 0 0 0 0 0 0 0 0 0 0 0 0 0 0 0 0 0 0 0 0 0 0 0 0]
[8476542202582965962416809133730607505671027697176040238600045285929558611074225616311524645340277542139415552495521966641601622545670281982964067132269799768114496261830525002983529507057247315318802253137595045420195644062512962342970297799378903668689736049694641838091689528310993112040785904205617054914051822438956463964786235 0 0 0 0 0 0 0 0 0 0 0 0 0 0 0 0 0 0 0 0 0 0 0 0 0 0 0 0 0 0 0 0 0 0 0 0 0 0 0 0 0 0 0 0 0 0 0 0 1 0 0 0 0 0 0 0 0 0 0 0 0 0 0 0 0 0 0 0 0 0 0 0 0 0 0 0 0 0 0 0 0 0 0 0 0 0 0 0 0 0 0 0 0 0 0 0 0 0 0 0 0 0 0 0 0 0 0 0 0]
[7775532577635195030395314046697684829426027725255462583254390205727656679526949870133139692335781413099186433347990171808528722479193828263768246572173023372458380426227039478485687535076600245948151147136764709079227774868164540280520322920947077701611345153460423727130563450665443018399425891265496144248628605434099203681333697 0 0 0 0 0 0 0 0 0 0 0 0 0 0 0 0 0 0 0 0 0 0 0 0 0 0 0 0 0 0 0 0 0 0 0 0 0 0 0 0 0 0 0 0 0 0 0 0 0 1 0 0 0 0 0 0 0 0 0 0 0 0 0 0 0 0 0 0 0 0 0 0 0 0 0 0 0 0 0 0 0 0 0 0 0 0 0 0 0 0 0 0 0 0 0 0 0 0 0 0 0 0 0 0 0 0 0 0 0]
[5088882412849280379971000401045940945656921805715128378039844387194130558262541090726979282706966215343740759151174761014532195977418197406292154879202985288220699002250399997832847070492174111630407914610820994418027453053196927595834421794921202716016109561654122125960859103351328848897316936587807881330108695414033233946094776 0 0 0 0 0 0 0 0 0 0 0 0 0 0 0 0 0 0 0 0 0 0 0 0 0 0 0 0 0 0 0 0 0 0 0 0 0 0 0 0 0 0 0 0 0 0 0 0 0 0 1 0 0 0 0 0 0 0 0 0 0 0 0 0 0 0 0 0 0 0 0 0 0 0 0 0 0 0 0 0 0 0 0 0 0 0 0 0 0 0 0 0 0 0 0 0 0 0 0 0 0 0 0 0 0 0 0 0 0]
[4368153858121356662293292942733581229439489626196258185711447142443195413032799931025009610824691100860024272367972455787202437279495016138584828306015789412569620364791368720975027533860512784596100271704432941787985303233954468255033379984294734626498605220880872345567155281426180851910635754974086621487743157635293006111519343 0 0 0 0 0 0 0 0 0 0 0 0 0 0 0 0 0 0 0 0 0 0 0 0 0 0 0 0 0 0 0 0 0 0 0 0 0 0 0 0 0 0 0 0 0 0 0 0 0 0 0 1 0 0 0 0 0 0 0 0 0 0 0 0 0 0 0 0 0 0 0 0 0 0 0 0 0 0 0 0 0 0 0 0 0 0 0 0 0 0 0 0 0 0 0 0 0 0 0 0 0 0 0 0 0 0 0 0 0]
[385754486134685706502054103736795367729567075627784736530511425890643643132952870628770451432640453263111515203838362841914104638316449571365619292829150876215044899058272101000304062878869396709457395855878414921175452939829785149522042276461952008789315887693711324735133791099676621302719124367779996180152791731745938480052083 0 0 0 0 0 0 0 0 0 0 0 0 0 0 0 0 0 0 0 0 0 0 0 0 0 0 0 0 0 0 0 0 0 0 0 0 0 0 0 0 0 0 0 0 0 0 0 0 0 0 0 0 1 0 0 0 0 0 0 0 0 0 0 0 0 0 0 0 0 0 0 0 0 0 0 0 0 0 0 0 0 0 0 0 0 0 0 0 0 0 0 0 0 0 0 0 0 0 0 0 0 0 0 0 0 0 0 0 0]
[2780788759213431037822291642350807940256408012132019211298747371222021590430507469704601292157024191111426264553187335953150829185165971610793265298784025647698112625561468630734603347653202438100740809096026177727037369990957490091402283884681570209796976043974576315973823426537352711817846125388848794378001426399728595554779764 0 0 0 0 0 0 0 0 0 0 0 0 0 0 0 0 0 0 0 0 0 0 0 0 0 0 0 0 0 0 0 0 0 0 0 0 0 0 0 0 0 0 0 0 0 0 0 0 0 0 0 0 0 1 0 0 0 0 0 0 0 0 0 0 0 0 0 0 0 0 0 0 0 0 0 0 0 0 0 0 0 0 0 0 0 0 0 0 0 0 0 0 0 0 0 0 0 0 0 0 0 0 0 0 0 0 0 0 0]
[6072828290432121607099446786670705193779479119330639832654433481329214078386998700439269567066798129070288206611470402413673345520762418156888578765305719327702657741345736682565804355732467142660928847146606420963239420233851838196190936792828131526786300459912513372706459853904856477526722201923769949155325744038231462022712123 0 0 0 0 0 0 0 0 0 0 0 0 0 0 0 0 0 0 0 0 0 0 0 0 0 0 0 0 0 0 0 0 0 0 0 0 0 0 0 0 0 0 0 0 0 0 0 0 0 0 0 0 0 0 1 0 0 0 0 0 0 0 0 0 0 0 0 0 0 0 0 0 0 0 0 0 0 0 0 0 0 0 0 0 0 0 0 0 0 0 0 0 0 0 0 0 0 0 0 0 0 0 0 0 0 0 0 0 0]
[4310511028076430620814808345607936237044423392375073674316547923544745425500351202336423963529700068634390123869296166297104566998191099067191533495681738023972090956068583008388628977190836244493126056158462671810784215042362813420272901167989531877034414491837305399208770931089672744597056433010734008218520060932710094757740358 0 0 0 0 0 0 0 0 0 0 0 0 0 0 0 0 0 0 0 0 0 0 0 0 0 0 0 0 0 0 0 0 0 0 0 0 0 0 0 0 0 0 0 0 0 0 0 0 0 0 0 0 0 0 0 1 0 0 0 0 0 0 0 0 0 0 0 0 0 0 0 0 0 0 0 0 0 0 0 0 0 0 0 0 0 0 0 0 0 0 0 0 0 0 0 0 0 0 0 0 0 0 0 0 0 0 0 0 0]
[2617906953485248248494392161614464544150415726334044131197962443950338164365232629247370607336022841865894962189706241808769027519859997937777973382549954120804075856533536437651532136405673778272839428151066890773909211659857996193961093577666523494047996235981747394211514420044793974177510179042837695448953599267795047976475883 0 0 0 0 0 0 0 0 0 0 0 0 0 0 0 0 0 0 0 0 0 0 0 0 0 0 0 0 0 0 0 0 0 0 0 0 0 0 0 0 0 0 0 0 0 0 0 0 0 0 0 0 0 0 0 0 1 0 0 0 0 0 0 0 0 0 0 0 0 0 0 0 0 0 0 0 0 0 0 0 0 0 0 0 0 0 0 0 0 0 0 0 0 0 0 0 0 0 0 0 0 0 0 0 0 0 0 0 0]
[7021954993654805901593911138217927923054116921320743444586065260921789284110274316454077706134049158791308624552902888055606997452381087813905563165752867889708438980657773445458279023579644259219885966139428171174220929815526620601518765762274586933953624982892797364332901809749450694069626382710315048633575156832894163402332257 0 0 0 0 0 0 0 0 0 0 0 0 0 0 0 0 0 0 0 0 0 0 0 0 0 0 0 0 0 0 0 0 0 0 0 0 0 0 0 0 0 0 0 0 0 0 0 0 0 0 0 0 0 0 0 0 0 1 0 0 0 0 0 0 0 0 0 0 0 0 0 0 0 0 0 0 0 0 0 0 0 0 0 0 0 0 0 0 0 0 0 0 0 0 0 0 0 0 0 0 0 0 0 0 0 0 0 0 0]
[7329014878905931107899443028522610288604190989848148189225030451335777027222217879681529444920490529059869373760132589256836109697901458374281266920338968535579519279310700598241685052062942550731774952707691262559515650547892675473007912810707854193526147980061214647799621468925036563355438637658630536415515927268010177812140190 0 0 0 0 0 0 0 0 0 0 0 0 0 0 0 0 0 0 0 0 0 0 0 0 0 0 0 0 0 0 0 0 0 0 0 0 0 0 0 0 0 0 0 0 0 0 0 0 0 0 0 0 0 0 0 0 0 0 1 0 0 0 0 0 0 0 0 0 0 0 0 0 0 0 0 0 0 0 0 0 0 0 0 0 0 0 0 0 0 0 0 0 0 0 0 0 0 0 0 0 0 0 0 0 0 0 0 0 0]
[1246322921458334637331021545511060952390821421971880914725176046206925961152879385028411856978909229565793797843062978446893350637648081530131251162814675737831647933828815737637691475614211905288196554516451335461201027593632752068099182156354991649024433421159525152507165510187145604010275824323317924706104055844172654698054981 0 0 0 0 0 0 0 0 0 0 0 0 0 0 0 0 0 0 0 0 0 0 0 0 0 0 0 0 0 0 0 0 0 0 0 0 0 0 0 0 0 0 0 0 0 0 0 0 0 0 0 0 0 0 0 0 0 0 0 1 0 0 0 0 0 0 0 0 0 0 0 0 0 0 0 0 0 0 0 0 0 0 0 0 0 0 0 0 0 0 0 0 0 0 0 0 0 0 0 0 0 0 0 0 0 0 0 0 0]
[4800266924130434897111634715012671145185615239411492305258129526137983906149754611211559570279724627037479084679957033887468612859059630914821729002018330200072316273289535078366598878664182377290600186230505988032944851860826700309578276023733090074126740922424355989337222031893540891775263501915103301527527412369473546924239910 0 0 0 0 0 0 0 0 0 0 0 0 0 0 0 0 0 0 0 0 0 0 0 0 0 0 0 0 0 0 0 0 0 0 0 0 0 0 0 0 0 0 0 0 0 0 0 0 0 0 0 0 0 0 0 0 0 0 0 0 1 0 0 0 0 0 0 0 0 0 0 0 0 0 0 0 0 0 0 0 0 0 0 0 0 0 0 0 0 0 0 0 0 0 0 0 0 0 0 0 0 0 0 0 0 0 0 0 0]
[2929636842459617993184469312803343576013456436695815325600320432140844882509565629088192662938392174596348885838640612169709362765286381450798841418843480600707322254938653921527195151420758135569718434672103765936512538680458082359467452054745892545215103273450026296670966161923329398225990303867663627410879406646178204005883514 0 0 0 0 0 0 0 0 0 0 0 0 0 0 0 0 0 0 0 0 0 0 0 0 0 0 0 0 0 0 0 0 0 0 0 0 0 0 0 0 0 0 0 0 0 0 0 0 0 0 0 0 0 0 0 0 0 0 0 0 0 1 0 0 0 0 0 0 0 0 0 0 0 0 0 0 0 0 0 0 0 0 0 0 0 0 0 0 0 0 0 0 0 0 0 0 0 0 0 0 0 0 0 0 0 0 0 0 0]
[595350926914202700045217589263490194590496089254041843969453430678815870202308417957030525214475250088150052432471400856762427783936358630119233901355572444301692746844050943602548010995524969078604628790663886858575171268926138273194926573563636809415665724448694177248234002083145586115859782756553403209158838395223718741214571 0 0 0 0 0 0 0 0 0 0 0 0 0 0 0 0 0 0 0 0 0 0 0 0 0 0 0 0 0 0 0 0 0 0 0 0 0 0 0 0 0 0 0 0 0 0 0 0 0 0 0 0 0 0 0 0 0 0 0 0 0 0 1 0 0 0 0 0 0 0 0 0 0 0 0 0 0 0 0 0 0 0 0 0 0 0 0 0 0 0 0 0 0 0 0 0 0 0 0 0 0 0 0 0 0 0 0 0 0]
[1122499986448369544218938883145739279518645084384518645207536192443869884603014026337734670565801611991869588323551020308542378553060422127681446956931566293883619737183546988962595665949418980338024007391700658098784658489472299335001781980453600162519719876952147152238352447160841055344355767214780767031949061543515081789551822 0 0 0 0 0 0 0 0 0 0 0 0 0 0 0 0 0 0 0 0 0 0 0 0 0 0 0 0 0 0 0 0 0 0 0 0 0 0 0 0 0 0 0 0 0 0 0 0 0 0 0 0 0 0 0 0 0 0 0 0 0 0 0 1 0 0 0 0 0 0 0 0 0 0 0 0 0 0 0 0 0 0 0 0 0 0 0 0 0 0 0 0 0 0 0 0 0 0 0 0 0 0 0 0 0 0 0 0 0]
[857141006140474178400846254442168923059288250017040243467267246655851305553818122699043202248571127184969668744676637682883036693145149174558362452879702319391812599889261389728018723105102999550372888138233417235402899617158510599785394224352393828066216853821982174042881792942697138533137725693453550170163302699294239044185356 0 0 0 0 0 0 0 0 0 0 0 0 0 0 0 0 0 0 0 0 0 0 0 0 0 0 0 0 0 0 0 0 0 0 0 0 0 0 0 0 0 0 0 0 0 0 0 0 0 0 0 0 0 0 0 0 0 0 0 0 0 0 0 0 1 0 0 0 0 0 0 0 0 0 0 0 0 0 0 0 0 0 0 0 0 0 0 0 0 0 0 0 0 0 0 0 0 0 0 0 0 0 0 0 0 0 0 0 0]
[113903114693638669691538631870791083619893185013861777357516107396667912559522070140395475999407610202992768911533196838726788567395349592664345968507819045798902206443851871816991666379067825449893016372447052068029538233080951958215196113470117451815456610866322506546867208882981878390511397910901475320657487432632581804343642 0 0 0 0 0 0 0 0 0 0 0 0 0 0 0 0 0 0 0 0 0 0 0 0 0 0 0 0 0 0 0 0 0 0 0 0 0 0 0 0 0 0 0 0 0 0 0 0 0 0 0 0 0 0 0 0 0 0 0 0 0 0 0 0 0 1 0 0 0 0 0 0 0 0 0 0 0 0 0 0 0 0 0 0 0 0 0 0 0 0 0 0 0 0 0 0 0 0 0 0 0 0 0 0 0 0 0 0 0]
[8034302884341234381608058134599758193690455189540186698837107055639187361579040722727550011577288893441580774727340990772249486343951589291864640364370709702097665478331908092875482065615369407479182765700954952991643958068811479177985968795070003782316744410545014069334894295501810611640813256118183115493188298748780512249068945 0 0 0 0 0 0 0 0 0 0 0 0 0 0 0 0 0 0 0 0 0 0 0 0 0 0 0 0 0 0 0 0 0 0 0 0 0 0 0 0 0 0 0 0 0 0 0 0 0 0 0 0 0 0 0 0 0 0 0 0 0 0 0 0 0 0 1 0 0 0 0 0 0 0 0 0 0 0 0 0 0 0 0 0 0 0 0 0 0 0 0 0 0 0 0 0 0 0 0 0 0 0 0 0 0 0 0 0 0]
[5186851108946063566946577224474908709313515621669814509498477922787245635942211570747165569058389760937628218801345280922419835235926195316056468616073238230187927557474305580046044663739820363364544992353379617307519463909988539788437674549814215085465239021976586359001146260967498874706109659868704515137661408013784434084312454 0 0 0 0 0 0 0 0 0 0 0 0 0 0 0 0 0 0 0 0 0 0 0 0 0 0 0 0 0 0 0 0 0 0 0 0 0 0 0 0 0 0 0 0 0 0 0 0 0 0 0 0 0 0 0 0 0 0 0 0 0 0 0 0 0 0 0 1 0 0 0 0 0 0 0 0 0 0 0 0 0 0 0 0 0 0 0 0 0 0 0 0 0 0 0 0 0 0 0 0 0 0 0 0 0 0 0 0 0]
[6457096154442365336449461290066358530785739823299611343935306102017358164267544114834663864191896423610031623347917919367325581284646071355950879868696964144874337781475325978695107142455937501288266103265272189271010787140654498502755481157155681174121471971075387130905200317530383008793331125131464959230155909708391875486653885 0 0 0 0 0 0 0 0 0 0 0 0 0 0 0 0 0 0 0 0 0 0 0 0 0 0 0 0 0 0 0 0 0 0 0 0 0 0 0 0 0 0 0 0 0 0 0 0 0 0 0 0 0 0 0 0 0 0 0 0 0 0 0 0 0 0 0 0 1 0 0 0 0 0 0 0 0 0 0 0 0 0 0 0 0 0 0 0 0 0 0 0 0 0 0 0 0 0 0 0 0 0 0 0 0 0 0 0 0]
[2103881098004824206903239844434660861451353978806547104002688350924926763622638022112873418554666762800281354104892522644810435419488262757626099792506803336970159701549928386077688183031301211211856925909168301136033534966357611040013534068093909127439639864256350673868900074987113382641739357221835363884569865129396072658511687 0 0 0 0 0 0 0 0 0 0 0 0 0 0 0 0 0 0 0 0 0 0 0 0 0 0 0 0 0 0 0 0 0 0 0 0 0 0 0 0 0 0 0 0 0 0 0 0 0 0 0 0 0 0 0 0 0 0 0 0 0 0 0 0 0 0 0 0 0 1 0 0 0 0 0 0 0 0 0 0 0 0 0 0 0 0 0 0 0 0 0 0 0 0 0 0 0 0 0 0 0 0 0 0 0 0 0 0 0]
[3560981618631879878133317863192650156574840207462063598042944841740582724091699487132305247313907589969491534401974330124357952154097932679485441965285260402261578199173101993780694379983257658858333111865868468000365983824666582543066053347198110723546196547988584460431141702848921437908987722795911598107521069692846472368187310 0 0 0 0 0 0 0 0 0 0 0 0 0 0 0 0 0 0 0 0 0 0 0 0 0 0 0 0 0 0 0 0 0 0 0 0 0 0 0 0 0 0 0 0 0 0 0 0 0 0 0 0 0 0 0 0 0 0 0 0 0 0 0 0 0 0 0 0 0 0 1 0 0 0 0 0 0 0 0 0 0 0 0 0 0 0 0 0 0 0 0 0 0 0 0 0 0 0 0 0 0 0 0 0 0 0 0 0 0]
[621554300318182641296318358147761260887845220327866202816911178814524024889182611615281761989343861982409379270075721311401805686955230260846589144696183531408988890454518763795799935988355210716338587739719102007114597638889182026718427935559333814368344575615785429767633824088702234668684765814240882477336384043048899406632377 0 0 0 0 0 0 0 0 0 0 0 0 0 0 0 0 0 0 0 0 0 0 0 0 0 0 0 0 0 0 0 0 0 0 0 0 0 0 0 0 0 0 0 0 0 0 0 0 0 0 0 0 0 0 0 0 0 0 0 0 0 0 0 0 0 0 0 0 0 0 0 1 0 0 0 0 0 0 0 0 0 0 0 0 0 0 0 0 0 0 0 0 0 0 0 0 0 0 0 0 0 0 0 0 0 0 0 0 0]
[7827506013136083728447951101586142530790458011208253649255872294963075913340893577339501547151384199358668946584096004554040913690348599304581374746915109931812411116217583680861695443323398539187836801177054088112454956600850389730659794030805484281722896007740757594282672644488599438834479329165079591266048466949109975654928325 0 0 0 0 0 0 0 0 0 0 0 0 0 0 0 0 0 0 0 0 0 0 0 0 0 0 0 0 0 0 0 0 0 0 0 0 0 0 0 0 0 0 0 0 0 0 0 0 0 0 0 0 0 0 0 0 0 0 0 0 0 0 0 0 0 0 0 0 0 0 0 0 1 0 0 0 0 0 0 0 0 0 0 0 0 0 0 0 0 0 0 0 0 0 0 0 0 0 0 0 0 0 0 0 0 0 0 0 0]
[1022346719675216570307046529893512589034141251093831698690307275520915716549743276391867862019402885983910488080965037219579700329064192731651859622134683398132252534787344907055713567081119329245878984444574811148032379066680281470009046661919329814340272636026252228277263388071311041264669383141757561772440560386927630043644308 0 0 0 0 0 0 0 0 0 0 0 0 0 0 0 0 0 0 0 0 0 0 0 0 0 0 0 0 0 0 0 0 0 0 0 0 0 0 0 0 0 0 0 0 0 0 0 0 0 0 0 0 0 0 0 0 0 0 0 0 0 0 0 0 0 0 0 0 0 0 0 0 0 1 0 0 0 0 0 0 0 0 0 0 0 0 0 0 0 0 0 0 0 0 0 0 0 0 0 0 0 0 0 0 0 0 0 0 0]
[6822374562650834776990222840955198433285905379033388587682337356627850338184398386403928287287142775523438839459489836979860450191035904227370026580933631151515303123609238750632752063928246525364675667083905436440420130815638918421432503298618939310223201880507945205951292405883798773574529968464251415362619006931373452151823365 0 0 0 0 0 0 0 0 0 0 0 0 0 0 0 0 0 0 0 0 0 0 0 0 0 0 0 0 0 0 0 0 0 0 0 0 0 0 0 0 0 0 0 0 0 0 0 0 0 0 0 0 0 0 0 0 0 0 0 0 0 0 0 0 0 0 0 0 0 0 0 0 0 0 1 0 0 0 0 0 0 0 0 0 0 0 0 0 0 0 0 0 0 0 0 0 0 0 0 0 0 0 0 0 0 0 0 0 0]
[1709633028122368820700661444509313738027924576707546324555714749409513610965436863775607713698151820609271791876370861370246272038212630859292251293025679851450637613219493192307195399127581323748411583756016881785644808340647381866289707342228829869378147098140892670817368434146960589356555012347833133931595605267894506139103514 0 0 0 0 0 0 0 0 0 0 0 0 0 0 0 0 0 0 0 0 0 0 0 0 0 0 0 0 0 0 0 0 0 0 0 0 0 0 0 0 0 0 0 0 0 0 0 0 0 0 0 0 0 0 0 0 0 0 0 0 0 0 0 0 0 0 0 0 0 0 0 0 0 0 0 1 0 0 0 0 0 0 0 0 0 0 0 0 0 0 0 0 0 0 0 0 0 0 0 0 0 0 0 0 0 0 0 0 0]
[3363190413208047912106706029669506887288457066558145776011749238638236839484102860166836382743747509905366931391179451426834772095414695964179194442798309927747834833330360654756035678381005390159319102426554823455722856466009704913368073733250901114933693061462030174023031435200257930065749988266152918833384033098460186274907947 0 0 0 0 0 0 0 0 0 0 0 0 0 0 0 0 0 0 0 0 0 0 0 0 0 0 0 0 0 0 0 0 0 0 0 0 0 0 0 0 0 0 0 0 0 0 0 0 0 0 0 0 0 0 0 0 0 0 0 0 0 0 0 0 0 0 0 0 0 0 0 0 0 0 0 0 1 0 0 0 0 0 0 0 0 0 0 0 0 0 0 0 0 0 0 0 0 0 0 0 0 0 0 0 0 0 0 0 0]
[7663018137757588135063979073632546308234912271433923234225374879810964837160503361607989094147709063706808916026085521162316503578889074363363217804276738523283678679292155034473750821700014250363862013319902487060925055504628233484969469466670050795841128191709401735621872920748756851497996085582988653940239480554421902353135354 0 0 0 0 0 0 0 0 0 0 0 0 0 0 0 0 0 0 0 0 0 0 0 0 0 0 0 0 0 0 0 0 0 0 0 0 0 0 0 0 0 0 0 0 0 0 0 0 0 0 0 0 0 0 0 0 0 0 0 0 0 0 0 0 0 0 0 0 0 0 0 0 0 0 0 0 0 1 0 0 0 0 0 0 0 0 0 0 0 0 0 0 0 0 0 0 0 0 0 0 0 0 0 0 0 0 0 0 0]
[579117062943934484280623192317684078012906401925170302690254977576569525640406400893772672227672357811615195925495670712932727290783188134550843774192124703955188768254776549394962358410792810800903277475004529624605238353447534244899326296374802867864778695678525612213305732741368633574564665423000939632515968934510895867730201 0 0 0 0 0 0 0 0 0 0 0 0 0 0 0 0 0 0 0 0 0 0 0 0 0 0 0 0 0 0 0 0 0 0 0 0 0 0 0 0 0 0 0 0 0 0 0 0 0 0 0 0 0 0 0 0 0 0 0 0 0 0 0 0 0 0 0 0 0 0 0 0 0 0 0 0 0 0 1 0 0 0 0 0 0 0 0 0 0 0 0 0 0 0 0 0 0 0 0 0 0 0 0 0 0 0 0 0 0]
[207479698442269441575756137024380560243327371346426895611214219982245974262295930732555456811100507054822554318594742545622865153154630480814658629693914543149077323303984990211387690949132258397437893805657159295681314644177657704522730051549086221017513222492280824650282450160108842167465465807149666292583351857270285492109402 0 0 0 0 0 0 0 0 0 0 0 0 0 0 0 0 0 0 0 0 0 0 0 0 0 0 0 0 0 0 0 0 0 0 0 0 0 0 0 0 0 0 0 0 0 0 0 0 0 0 0 0 0 0 0 0 0 0 0 0 0 0 0 0 0 0 0 0 0 0 0 0 0 0 0 0 0 0 0 1 0 0 0 0 0 0 0 0 0 0 0 0 0 0 0 0 0 0 0 0 0 0 0 0 0 0 0 0 0]
[1358732597168197590230231629398744934698946767140609403549527292400154869897327978769435666781065803805704331807635321316269650247058082079726428081575742076201736762012021831392381900424509563648632641899972572564368881487775723653093648334489478545428211422971144871851647399455136353498623158460664716236711748833661572588731792 0 0 0 0 0 0 0 0 0 0 0 0 0 0 0 0 0 0 0 0 0 0 0 0 0 0 0 0 0 0 0 0 0 0 0 0 0 0 0 0 0 0 0 0 0 0 0 0 0 0 0 0 0 0 0 0 0 0 0 0 0 0 0 0 0 0 0 0 0 0 0 0 0 0 0 0 0 0 0 0 1 0 0 0 0 0 0 0 0 0 0 0 0 0 0 0 0 0 0 0 0 0 0 0 0 0 0 0 0]
[1672709104981512460283775411669681766638356165974955458447367283666139760713295326070474365051468926388135224022106131198810589370603147197694252843595464495316370188485132440143623876941685920180663435054149142099613848333540782931754885375058194536625535625177253771308344299008682141421187899318057139514618742571221068064465095 0 0 0 0 0 0 0 0 0 0 0 0 0 0 0 0 0 0 0 0 0 0 0 0 0 0 0 0 0 0 0 0 0 0 0 0 0 0 0 0 0 0 0 0 0 0 0 0 0 0 0 0 0 0 0 0 0 0 0 0 0 0 0 0 0 0 0 0 0 0 0 0 0 0 0 0 0 0 0 0 0 1 0 0 0 0 0 0 0 0 0 0 0 0 0 0 0 0 0 0 0 0 0 0 0 0 0 0 0]
[1978365623181971517304242204013404771174677589843343462927342986021142140217948482982428388076271184141789790129609029542204053490873509542547442907280831845768206122504020002059066530556289141043871192542892643067798261624387139563515097532513175919835141515787750931140768749054136698502929660723993078215788440322716062842407597 0 0 0 0 0 0 0 0 0 0 0 0 0 0 0 0 0 0 0 0 0 0 0 0 0 0 0 0 0 0 0 0 0 0 0 0 0 0 0 0 0 0 0 0 0 0 0 0 0 0 0 0 0 0 0 0 0 0 0 0 0 0 0 0 0 0 0 0 0 0 0 0 0 0 0 0 0 0 0 0 0 0 1 0 0 0 0 0 0 0 0 0 0 0 0 0 0 0 0 0 0 0 0 0 0 0 0 0 0]
[1192562762978309518199319084054459720474135852000783638752879502829579073051159170724826428822763719516950258171430948455804331731524194244762761746212049934917190223872026299642918100373434057417003923159600808297872573288376184585045749285290507949764849879312732583687530680683584918260096488953125983159063871773087267956962093 0 0 0 0 0 0 0 0 0 0 0 0 0 0 0 0 0 0 0 0 0 0 0 0 0 0 0 0 0 0 0 0 0 0 0 0 0 0 0 0 0 0 0 0 0 0 0 0 0 0 0 0 0 0 0 0 0 0 0 0 0 0 0 0 0 0 0 0 0 0 0 0 0 0 0 0 0 0 0 0 0 0 0 1 0 0 0 0 0 0 0 0 0 0 0 0 0 0 0 0 0 0 0 0 0 0 0 0 0]
[3580894369623811640135153437225679691473195488139642412177870572846149728626363950299558882566038583824913989320183795516205163378901502834126900361557880996583097432278958351332337593227971387915932585876253682679902382630800733845204360175373890837114617120887799362406563696025063854832619666109784898706882806455496755172061487 0 0 0 0 0 0 0 0 0 0 0 0 0 0 0 0 0 0 0 0 0 0 0 0 0 0 0 0 0 0 0 0 0 0 0 0 0 0 0 0 0 0 0 0 0 0 0 0 0 0 0 0 0 0 0 0 0 0 0 0 0 0 0 0 0 0 0 0 0 0 0 0 0 0 0 0 0 0 0 0 0 0 0 0 1 0 0 0 0 0 0 0 0 0 0 0 0 0 0 0 0 0 0 0 0 0 0 0 0]
[7189185842806677985390641413904102041322533683203662591802433090482811428671999905179424731639414025318854183704129525780830423998349077681339114170302655056779584876425622702653173929620354141788580342693427492768988689176864542354205887734492616778575323697704409662251312067230765776837414951017573612422903698220228283512272075 0 0 0 0 0 0 0 0 0 0 0 0 0 0 0 0 0 0 0 0 0 0 0 0 0 0 0 0 0 0 0 0 0 0 0 0 0 0 0 0 0 0 0 0 0 0 0 0 0 0 0 0 0 0 0 0 0 0 0 0 0 0 0 0 0 0 0 0 0 0 0 0 0 0 0 0 0 0 0 0 0 0 0 0 0 1 0 0 0 0 0 0 0 0 0 0 0 0 0 0 0 0 0 0 0 0 0 0 0]
[2918096327474997537589383472793091609931121654322630620977478868482665681222764929408240471037105955760673220151424568144925432009519236348323271517109059852009780132563319658817273406901895470335591339657987781371938771145034185616916789155877359736610302843648645745658488634773025096928700258505073117231783761246293419338733120 0 0 0 0 0 0 0 0 0 0 0 0 0 0 0 0 0 0 0 0 0 0 0 0 0 0 0 0 0 0 0 0 0 0 0 0 0 0 0 0 0 0 0 0 0 0 0 0 0 0 0 0 0 0 0 0 0 0 0 0 0 0 0 0 0 0 0 0 0 0 0 0 0 0 0 0 0 0 0 0 0 0 0 0 0 0 1 0 0 0 0 0 0 0 0 0 0 0 0 0 0 0 0 0 0 0 0 0 0]
[2557533858737718958635064303752298073888195883350512720298811142734971508444366960780662077365189130278062479766373345491711850177851853338079537872233091411132252297727645161545854258919961215561036559874632541474624807463287856939696730487930046399011212837761090788299560906765275890223467941846794705586876279468870673227288991 0 0 0 0 0 0 0 0 0 0 0 0 0 0 0 0 0 0 0 0 0 0 0 0 0 0 0 0 0 0 0 0 0 0 0 0 0 0 0 0 0 0 0 0 0 0 0 0 0 0 0 0 0 0 0 0 0 0 0 0 0 0 0 0 0 0 0 0 0 0 0 0 0 0 0 0 0 0 0 0 0 0 0 0 0 0 0 1 0 0 0 0 0 0 0 0 0 0 0 0 0 0 0 0 0 0 0 0 0]
[398488181905590608328763060610435287181095610448251571890601527501193302733757328550756108536419760073721694766706930785987753544284631187592212889578079899416670105243458918745283300371940589961446483881549652722622875701155204449966017343749096239646263437219279090576423509692810565058732773478963519090972018156383917261532169 0 0 0 0 0 0 0 0 0 0 0 0 0 0 0 0 0 0 0 0 0 0 0 0 0 0 0 0 0 0 0 0 0 0 0 0 0 0 0 0 0 0 0 0 0 0 0 0 0 0 0 0 0 0 0 0 0 0 0 0 0 0 0 0 0 0 0 0 0 0 0 0 0 0 0 0 0 0 0 0 0 0 0 0 0 0 0 0 1 0 0 0 0 0 0 0 0 0 0 0 0 0 0 0 0 0 0 0 0]
[305942824684973915518476247476784862551373910374966114602153087682278184800159830818732132570870797200603989090058227481511842028306214194759451028266749414973342233068203238082030339759022043568983855935621498698801839534080540778610852276481779598509468280829371601341857672434327272538136600484347404053944438369610146525695322 0 0 0 0 0 0 0 0 0 0 0 0 0 0 0 0 0 0 0 0 0 0 0 0 0 0 0 0 0 0 0 0 0 0 0 0 0 0 0 0 0 0 0 0 0 0 0 0 0 0 0 0 0 0 0 0 0 0 0 0 0 0 0 0 0 0 0 0 0 0 0 0 0 0 0 0 0 0 0 0 0 0 0 0 0 0 0 0 0 1 0 0 0 0 0 0 0 0 0 0 0 0 0 0 0 0 0 0 0]
[7341698286055073501495444646088028347518304803062873869318106209475419044788144472613643028853929902579380813536049605663679173563226713350877398740230938750573192944453145469358284116629514270170359238904226948597831747147924890382567589844094646223678338121103193113359898515401638508181465739418669658065672143793693738861744908 0 0 0 0 0 0 0 0 0 0 0 0 0 0 0 0 0 0 0 0 0 0 0 0 0 0 0 0 0 0 0 0 0 0 0 0 0 0 0 0 0 0 0 0 0 0 0 0 0 0 0 0 0 0 0 0 0 0 0 0 0 0 0 0 0 0 0 0 0 0 0 0 0 0 0 0 0 0 0 0 0 0 0 0 0 0 0 0 0 0 1 0 0 0 0 0 0 0 0 0 0 0 0 0 0 0 0 0 0]
[7510191529982763378567119862482413938249290358647725506608375106275747669979284861513543438426562114140953009103380883076325641626417730296529063704816484701620202628015694221105343287618513014534469587383554942643412154850544212566442890133872615237400190827595339139127878149553295032645611120031736485372052495575403832196002005 0 0 0 0 0 0 0 0 0 0 0 0 0 0 0 0 0 0 0 0 0 0 0 0 0 0 0 0 0 0 0 0 0 0 0 0 0 0 0 0 0 0 0 0 0 0 0 0 0 0 0 0 0 0 0 0 0 0 0 0 0 0 0 0 0 0 0 0 0 0 0 0 0 0 0 0 0 0 0 0 0 0 0 0 0 0 0 0 0 0 0 1 0 0 0 0 0 0 0 0 0 0 0 0 0 0 0 0 0]
[557001355390658754840755994223105349196230191453463283407153534721724600257193932788573851880657968563817512868186900142047600955397586160021183587829710335277239063032230231113186777202248377462327417341789245505657745263567788835945730984557665598469362740954444727052152266326951106973474563413183203975201331595457070225636898 0 0 0 0 0 0 0 0 0 0 0 0 0 0 0 0 0 0 0 0 0 0 0 0 0 0 0 0 0 0 0 0 0 0 0 0 0 0 0 0 0 0 0 0 0 0 0 0 0 0 0 0 0 0 0 0 0 0 0 0 0 0 0 0 0 0 0 0 0 0 0 0 0 0 0 0 0 0 0 0 0 0 0 0 0 0 0 0 0 0 0 0 1 0 0 0 0 0 0 0 0 0 0 0 0 0 0 0 0]
[6625324959315781128939549071528909084326754494016008450530448663212101037300624238209664680594114589714191971933978527762023611050124774832474044119104233246596567748175233549207906647727023806582436720363312825924855822410687301812349224671721294854148791490716165021180455482459987942652869043777365524001486821626426409467061373 0 0 0 0 0 0 0 0 0 0 0 0 0 0 0 0 0 0 0 0 0 0 0 0 0 0 0 0 0 0 0 0 0 0 0 0 0 0 0 0 0 0 0 0 0 0 0 0 0 0 0 0 0 0 0 0 0 0 0 0 0 0 0 0 0 0 0 0 0 0 0 0 0 0 0 0 0 0 0 0 0 0 0 0 0 0 0 0 0 0 0 0 0 1 0 0 0 0 0 0 0 0 0 0 0 0 0 0 0]
[1928487081177997101387335686724096752388114578228314121684317176953099542112489338933092114734461227138614575240535684425230439218627032475845044904140574571430807148274251540699754159430473196921326552555159813470355012876131690542099040990533105730250913407059623363559325260961738013426956537084866699772335188891256289042446144 0 0 0 0 0 0 0 0 0 0 0 0 0 0 0 0 0 0 0 0 0 0 0 0 0 0 0 0 0 0 0 0 0 0 0 0 0 0 0 0 0 0 0 0 0 0 0 0 0 0 0 0 0 0 0 0 0 0 0 0 0 0 0 0 0 0 0 0 0 0 0 0 0 0 0 0 0 0 0 0 0 0 0 0 0 0 0 0 0 0 0 0 0 0 1 0 0 0 0 0 0 0 0 0 0 0 0 0 0]
[5761958204497853517636521027310703704383014424157754357498764347282064852549629072297372919585020647455987242128061018094982179511822960600249911927011781750215447125743669938831492319702434478040452924697785482997622381400002081107239687729846138110406046459270993077692477995726707212712198375608104686250544179990671322785256951 0 0 0 0 0 0 0 0 0 0 0 0 0 0 0 0 0 0 0 0 0 0 0 0 0 0 0 0 0 0 0 0 0 0 0 0 0 0 0 0 0 0 0 0 0 0 0 0 0 0 0 0 0 0 0 0 0 0 0 0 0 0 0 0 0 0 0 0 0 0 0 0 0 0 0 0 0 0 0 0 0 0 0 0 0 0 0 0 0 0 0 0 0 0 0 1 0 0 0 0 0 0 0 0 0 0 0 0 0]
[63454740258919133525293349746042162446403352811755632762694742635729251306095489677924678473122239616195498261197891546322624855394742234375427751774051432585212699618792145247508478311378330498673626510354029477811686314998548846073977987978126238518338816959101874547260237043735778759131673690043389181054093185454110003453227 0 0 0 0 0 0 0 0 0 0 0 0 0 0 0 0 0 0 0 0 0 0 0 0 0 0 0 0 0 0 0 0 0 0 0 0 0 0 0 0 0 0 0 0 0 0 0 0 0 0 0 0 0 0 0 0 0 0 0 0 0 0 0 0 0 0 0 0 0 0 0 0 0 0 0 0 0 0 0 0 0 0 0 0 0 0 0 0 0 0 0 0 0 0 0 0 1 0 0 0 0 0 0 0 0 0 0 0 0]
[7632722148161229754646704135944354360811134649259907656447159770064280579385845424198918472906013612778057990653529543949665087705360156438905129430595546561607530870634857780624690223051013630503986494404075491301574160548367708862872600715599966456492013025122855820043537884090397832511902978392201247814289213062633151380129946 0 0 0 0 0 0 0 0 0 0 0 0 0 0 0 0 0 0 0 0 0 0 0 0 0 0 0 0 0 0 0 0 0 0 0 0 0 0 0 0 0 0 0 0 0 0 0 0 0 0 0 0 0 0 0 0 0 0 0 0 0 0 0 0 0 0 0 0 0 0 0 0 0 0 0 0 0 0 0 0 0 0 0 0 0 0 0 0 0 0 0 0 0 0 0 0 0 1 0 0 0 0 0 0 0 0 0 0 0]
[2388861341961851837792665712283600219690814187719716433987207535090724708000439191533458311893318264504842717784351013998319083166793116305942761002252881625391196273722516463529069467962184743910341996442337878926003694282584778882608480323851642317707856946287312172151889932353111588424437657603779111351165125587591822198993474 0 0 0 0 0 0 0 0 0 0 0 0 0 0 0 0 0 0 0 0 0 0 0 0 0 0 0 0 0 0 0 0 0 0 0 0 0 0 0 0 0 0 0 0 0 0 0 0 0 0 0 0 0 0 0 0 0 0 0 0 0 0 0 0 0 0 0 0 0 0 0 0 0 0 0 0 0 0 0 0 0 0 0 0 0 0 0 0 0 0 0 0 0 0 0 0 0 0 1 0 0 0 0 0 0 0 0 0 0]
[4248404127832121265861820215763652880544099001458966711567637683774761375643431929398270584077010576526874624154035335600833629400259071969810213314656879642828056311713839926193031871695205501247742992917926376695034895541044175508550584891453957033368264645078235813377693655241311721687021247403274933161542404425663763847960086 0 0 0 0 0 0 0 0 0 0 0 0 0 0 0 0 0 0 0 0 0 0 0 0 0 0 0 0 0 0 0 0 0 0 0 0 0 0 0 0 0 0 0 0 0 0 0 0 0 0 0 0 0 0 0 0 0 0 0 0 0 0 0 0 0 0 0 0 0 0 0 0 0 0 0 0 0 0 0 0 0 0 0 0 0 0 0 0 0 0 0 0 0 0 0 0 0 0 0 1 0 0 0 0 0 0 0 0 0]
[2707406753353204198873107928744232923216718901225245954954151955505506362328316067137113065700053150886069577711869203247658645513047343275632120522022894113980437433996396245691814453939821751659185897548497500741969760987430244549153161217290901361429114120914146963033706588624262912471132569394872504313152393260443581944554960 0 0 0 0 0 0 0 0 0 0 0 0 0 0 0 0 0 0 0 0 0 0 0 0 0 0 0 0 0 0 0 0 0 0 0 0 0 0 0 0 0 0 0 0 0 0 0 0 0 0 0 0 0 0 0 0 0 0 0 0 0 0 0 0 0 0 0 0 0 0 0 0 0 0 0 0 0 0 0 0 0 0 0 0 0 0 0 0 0 0 0 0 0 0 0 0 0 0 0 0 1 0 0 0 0 0 0 0 0]
[1508757431586193114612741475434066927217177693104006777921672764567427421514758096458276456728104067871726617977963478074854337975599027400816295883491656477899519961095281373864451408717240895125519418975711594264893294221884768105781061146423861188963496693551966690534631778477256492206193305127169149643780828541138503756822300 0 0 0 0 0 0 0 0 0 0 0 0 0 0 0 0 0 0 0 0 0 0 0 0 0 0 0 0 0 0 0 0 0 0 0 0 0 0 0 0 0 0 0 0 0 0 0 0 0 0 0 0 0 0 0 0 0 0 0 0 0 0 0 0 0 0 0 0 0 0 0 0 0 0 0 0 0 0 0 0 0 0 0 0 0 0 0 0 0 0 0 0 0 0 0 0 0 0 0 0 0 1 0 0 0 0 0 0 0]
[4505026786978199394853951188797958192205445851902631822123986071250844696977877668266716911265879540653315367635956768022093774252894159350619452461741267527658452926167342512351197656435636462162906329773323483836122340108646176621583037790790971314183747895115204941934108278485739336562601967337348258794063251999550272019868173 0 0 0 0 0 0 0 0 0 0 0 0 0 0 0 0 0 0 0 0 0 0 0 0 0 0 0 0 0 0 0 0 0 0 0 0 0 0 0 0 0 0 0 0 0 0 0 0 0 0 0 0 0 0 0 0 0 0 0 0 0 0 0 0 0 0 0 0 0 0 0 0 0 0 0 0 0 0 0 0 0 0 0 0 0 0 0 0 0 0 0 0 0 0 0 0 0 0 0 0 0 0 1 0 0 0 0 0 0]
[5726294256095630296969354872119509322675143859413872255988148818817219333540563474148128156062521134480365172329825633225282139176558574539270208865000729752758596424188349599843236117508767995017492356849842180583470383481955180549346960687684171267460690751013905751545892484765334459741484755558646293423585796597213712483856332 0 0 0 0 0 0 0 0 0 0 0 0 0 0 0 0 0 0 0 0 0 0 0 0 0 0 0 0 0 0 0 0 0 0 0 0 0 0 0 0 0 0 0 0 0 0 0 0 0 0 0 0 0 0 0 0 0 0 0 0 0 0 0 0 0 0 0 0 0 0 0 0 0 0 0 0 0 0 0 0 0 0 0 0 0 0 0 0 0 0 0 0 0 0 0 0 0 0 0 0 0 0 0 1 0 0 0 0 0]
[7255179708807174698858817973779571160174424271888411196137470494252943332612084349416973774320010654635380888743031323936128649448792022932145909576238846283058440919926577447244511379526664889584640198789448152495332625769660001037256700175570293099487751709839684313816484460390097770305612347046170983714852475386718824837489251 0 0 0 0 0 0 0 0 0 0 0 0 0 0 0 0 0 0 0 0 0 0 0 0 0 0 0 0 0 0 0 0 0 0 0 0 0 0 0 0 0 0 0 0 0 0 0 0 0 0 0 0 0 0 0 0 0 0 0 0 0 0 0 0 0 0 0 0 0 0 0 0 0 0 0 0 0 0 0 0 0 0 0 0 0 0 0 0 0 0 0 0 0 0 0 0 0 0 0 0 0 0 0 0 1 0 0 0 0]
[6488048434353210707203224364788014125805711223820587056781851399564613670943866178869805203970061360005879030344665188105002146930157687392952812038295843157885958803812412137045157398684958743872487936422803344079017073533846766762196911897071073071786950581757146497919801798959242911797047515915101435875946964206007402561430671 0 0 0 0 0 0 0 0 0 0 0 0 0 0 0 0 0 0 0 0 0 0 0 0 0 0 0 0 0 0 0 0 0 0 0 0 0 0 0 0 0 0 0 0 0 0 0 0 0 0 0 0 0 0 0 0 0 0 0 0 0 0 0 0 0 0 0 0 0 0 0 0 0 0 0 0 0 0 0 0 0 0 0 0 0 0 0 0 0 0 0 0 0 0 0 0 0 0 0 0 0 0 0 0 0 1 0 0 0]
[7382073223300007185256968278125328552944415479936281265928396616634936797218530242299586087294249066659448835246911349720708099890421627199855017566604014646087489088197277679770646445461088200707847391499487029097443931301162000367110609393683987258653837466457660286067331047032301658923514359534327734319374176435259251424077447 0 0 0 0 0 0 0 0 0 0 0 0 0 0 0 0 0 0 0 0 0 0 0 0 0 0 0 0 0 0 0 0 0 0 0 0 0 0 0 0 0 0 0 0 0 0 0 0 0 0 0 0 0 0 0 0 0 0 0 0 0 0 0 0 0 0 0 0 0 0 0 0 0 0 0 0 0 0 0 0 0 0 0 0 0 0 0 0 0 0 0 0 0 0 0 0 0 0 0 0 0 0 0 0 0 0 1 0 0]
[3356906651174547116530301486125339128528269173235923285457745157000524639127244162185202306397546296084008333619388977360937281661098990075473449536000184033102297000353687366884920440381349902840538912919925194355328067024251193154725278896271232655029748188237363589833420663714694968852488657192637584296054496745556475511768017 0 0 0 0 0 0 0 0 0 0 0 0 0 0 0 0 0 0 0 0 0 0 0 0 0 0 0 0 0 0 0 0 0 0 0 0 0 0 0 0 0 0 0 0 0 0 0 0 0 0 0 0 0 0 0 0 0 0 0 0 0 0 0 0 0 0 0 0 0 0 0 0 0 0 0 0 0 0 0 0 0 0 0 0 0 0 0 0 0 0 0 0 0 0 0 0 0 0 0 0 0 0 0 0 0 0 0 1 0]
[5829046965060833260724387286702213000146376032203810659777282675240209210972331844483272173652482471944497817423824571647045656708467897941126880065084855574480667583199192966949250360211287875631793410195823559925464669870308217879390370476553123379601355012010789990965669062330156600173783646660175141988389664837577371966865524 0 0 0 0 0 0 0 0 0 0 0 0 0 0 0 0 0 0 0 0 0 0 0 0 0 0 0 0 0 0 0 0 0 0 0 0 0 0 0 0 0 0 0 0 0 0 0 0 0 0 0 0 0 0 0 0 0 0 0 0 0 0 0 0 0 0 0 0 0 0 0 0 0 0 0 0 0 0 0 0 0 0 0 0 0 0 0 0 0 0 0 0 0 0 0 0 0 0 0 0 0 0 0 0 0 0 0 0 1]
]
