[[11648274202155387600155764864594255890631308321686964314840520656929749786829024707355638668936465666299027288881260879017230495472435628392299667417440865623555074137867047637117126514425195421103345861657172084165839788682732393694071431892257777540914993322771341681423147742843152864097809375847499755781556656051409488321705053 0 0 0 0 0 0 0 0 0 0 0 0 0 0 0 0 0 0 0 0 0 0 0 0 0 0 0 0 0 0 0 0 0 0 0 0 0 0 0 0 0 0 0 0 0 0 0 0 0 0 0 0 0 0 0 0 0 0 0 0 0 0 0 0 0 0 0 0 0 0 0 0 0 0 0 0 0 0 0 0 0 0 0 0 0 0 0 0 0 0 0 0 0 0 0 0 0 0 0 0 0 0 0 0 0 0 0 0 0]
[9384747753597493607366731789783518735938773458203452481232410064776257202667789209744583689303870308053746090951671866737221507411801007908751851175070779064320844791486104792635781955708226345664127531449979894172687846126418680890652039430433298661227007599829721742201619472176335052571754722122100719014402801462677025157310367 1 0 0 0 0 0 0 0 0 0 0 0 0 0 0 0 0 0 0 0 0 0 0 0 0 0 0 0 0 0 0 0 0 0 0 0 0 0 0 0 0 0 0 0 0 0 0 0 0 0 0 0 0 0 0 0 0 0 0 0 0 0 0 0 0 0 0 0 0 0 0 0 0 0 0 0 0 0 0 0 0 0 0 0 0 0 0 0 0 0 0 0 0 0 0 0 0 0 0 0 0 0 0 0 0 0 0 0 0]
[3019076751235737846456010201871515070888455174018083466241078412258569599882918701146362524901432433516993584838442097130294047395160572248447858761942557479535499842436563967584846149469855232668735232470711894742939860613661251707053437684057124998061673001271482690375029774840196940744391198097232954920432393949154823566566521 0 1 0 0 0 0 0 0 0 0 0 0 0 0 0 0 0 0 0 0 0 0 0 0 0 0 0 0 0 0 0 0 0 0 0 0 0 0 0 0 0 0 0 0 0 0 0 0 0 0 0 0 0 0 0 0 0 0 0 0 0 0 0 0 0 0 0 0 0 0 0 0 0 0 0 0 0 0 0 0 0 0 0 0 0 0 0 0 0 0 0 0 0 0 0 0 0 0 0 0 0 0 0 0 0 0 0 0 0]
[11507322437424192184954996919258814972490212783899488936516441637182286582544700080682582605476454843151272927796455852218896176006525231928426379833685981808765807179877133350917498743696896452534083520323911341606757316107478727293688253237640651046523235224648325396407795769238830041696942714513437567647207774607086462895831700 0 0 1 0 0 0 0 0 0 0 0 0 0 0 0 0 0 0 0 0 0 0 0 0 0 0 0 0 0 0 0 0 0 0 0 0 0 0 0 0 0 0 0 0 0 0 0 0 0 0 0 0 0 0 0 0 0 0 0 0 0 0 0 0 0 0 0 0 0 0 0 0 0 0 0 0 0 0 0 0 0 0 0 0 0 0 0 0 0 0 0 0 0 0 0 0 0 0 0 0 0 0 0 0 0 0 0 0 0]
[4390677111182358939759115473562080842380883640372251890259834522986280771495401883407908688004553122569064747284286161033455485659683031670127802203590082670472294013917930599588757814229943778030943454864288046771859560115581454070791975936594963602909272767996895457716156335967603939436076270337821773869766232318157904868554669 0 0 0 1 0 0 0 0 0 0 0 0 0 0 0 0 0 0 0 0 0 0 0 0 0 0 0 0 0 0 0 0 0 0 0 0 0 0 0 0 0 0 0 0 0 0 0 0 0 0 0 0 0 0 0 0 0 0 0 0 0 0 0 0 0 0 0 0 0 0 0 0 0 0 0 0 0 0 0 0 0 0 0 0 0 0 0 0 0 0 0 0 0 0 0 0 0 0 0 0 0 0 0 0 0 0 0 0 0]
[2017247211558242968258230730989949578126504994247550763904945875982542901357211757892237172215261401823923362954671572220456969425128485116880201158184927469174982934196824501410883758967371842089026507672472992697304350062039252199152136417551344861323565180457565278728474709406111280498717151655264029525028912202548702747014862 0 0 0 0 1 0 0 0 0 0 0 0 0 0 0 0 0 0 0 0 0 0 0 0 0 0 0 0 0 0 0 0 0 0 0 0 0 0 0 0 0 0 0 0 0 0 0 0 0 0 0 0 0 0 0 0 0 0 0 0 0 0 0 0 0 0 0 0 0 0 0 0 0 0 0 0 0 0 0 0 0 0 0 0 0 0 0 0 0 0 0 0 0 0 0 0 0 0 0 0 0 0 0 0 0 0 0 0 0]
[8776670257142180250647322253150474349106128311800376991719017656003264102268097106720724982138671378015453525597019541071613433566363043894165729355121915733568176390294796948469256376905598209846520922917043771549604780457486923701745544392520086176811006000648680193194775054199388616544388777906263713679545036264975029632430740 0 0 0 0 0 1 0 0 0 0 0 0 0 0 0 0 0 0 0 0 0 0 0 0 0 0 0 0 0 0 0 0 0 0 0 0 0 0 0 0 0 0 0 0 0 0 0 0 0 0 0 0 0 0 0 0 0 0 0 0 0 0 0 0 0 0 0 0 0 0 0 0 0 0 0 0 0 0 0 0 0 0 0 0 0 0 0 0 0 0 0 0 0 0 0 0 0 0 0 0 0 0 0 0 0 0 0 0 0]
[5145106157871306261925072062436478632681553496368539909036155999880327176031865893673644287726353030861105460926167190330847865816580352483992995920644862684439761907058202537931319219362498880305601909105594730313810181605191482100822266158296854502499757633597425791402515458962380940017381950106247365050915616114972765362426401 0 0 0 0 0 0 1 0 0 0 0 0 0 0 0 0 0 0 0 0 0 0 0 0 0 0 0 0 0 0 0 0 0 0 0 0 0 0 0 0 0 0 0 0 0 0 0 0 0 0 0 0 0 0 0 0 0 0 0 0 0 0 0 0 0 0 0 0 0 0 0 0 0 0 0 0 0 0 0 0 0 0 0 0 0 0 0 0 0 0 0 0 0 0 0 0 0 0 0 0 0 0 0 0 0 0 0 0 0]
[8890216059227382530962007348159220383071876752991539653045493644207562042064124659275360201488396387737274736342007220068286771480266095103908748225012487695787967084648583084247517646576083904611811265516746723343514028012957749241839034392746209504169976367417398721027993901855518441924895062451184887738260149762896402147671028 0 0 0 0 0 0 0 1 0 0 0 0 0 0 0 0 0 0 0 0 0 0 0 0 0 0 0 0 0 0 0 0 0 0 0 0 0 0 0 0 0 0 0 0 0 0 0 0 0 0 0 0 0 0 0 0 0 0 0 0 0 0 0 0 0 0 0 0 0 0 0 0 0 0 0 0 0 0 0 0 0 0 0 0 0 0 0 0 0 0 0 0 0 0 0 0 0 0 0 0 0 0 0 0 0 0 0 0 0]
[3226533100044508766157024514863969481934595740355504695557066395968139077944117416916274984715081111698092164865390068648487691175766208484488040709256620035307924917560600829547669017984331253375604235027548170469893652963197422749239460579656825075441391220448808424801748970414215200010675953869162410718335978950172307166222512 0 0 0 0 0 0 0 0 1 0 0 0 0 0 0 0 0 0 0 0 0 0 0 0 0 0 0 0 0 0 0 0 0 0 0 0 0 0 0 0 0 0 0 0 0 0 0 0 0 0 0 0 0 0 0 0 0 0 0 0 0 0 0 0 0 0 0 0 0 0 0 0 0 0 0 0 0 0 0 0 0 0 0 0 0 0 0 0 0 0 0 0 0 0 0 0 0 0 0 0 0 0 0 0 0 0 0 0 0]
[8894442393218662806097727415975006617528877874018785521187617196765885069191217249925028645078218677598585193931952988582732226465387438706120498626728958258754089885976310991774534131143289582697720930544259973911092984147800514738190615413399266634571446026638118776673428822335312334306410685298296929264236779590720957667145592 0 0 0 0 0 0 0 0 0 1 0 0 0 0 0 0 0 0 0 0 0 0 0 0 0 0 0 0 0 0 0 0 0 0 0 0 0 0 0 0 0 0 0 0 0 0 0 0 0 0 0 0 0 0 0 0 0 0 0 0 0 0 0 0 0 0 0 0 0 0 0 0 0 0 0 0 0 0 0 0 0 0 0 0 0 0 0 0 0 0 0 0 0 0 0 0 0 0 0 0 0 0 0 0 0 0 0 0 0]
[9571139375905458012800080024788582829400751979132335859842999342421631185273086511664903912035877615792208369890802317640212275719713974833529406234236530666682169762852944302151129344358987040440672736870043041820017101743009092782768698307236524631183405777596249483464243143200526521003029211769963929337973401176274215137606552 0 0 0 0 0 0 0 0 0 0 1 0 0 0 0 0 0 0 0 0 0 0 0 0 0 0 0 0 0 0 0 0 0 0 0 0 0 0 0 0 0 0 0 0 0 0 0 0 0 0 0 0 0 0 0 0 0 0 0 0 0 0 0 0 0 0 0 0 0 0 0 0 0 0 0 0 0 0 0 0 0 0 0 0 0 0 0 0 0 0 0 0 0 0 0 0 0 0 0 0 0 0 0 0 0 0 0 0 0]
[7691224954888808179809459690230492101424206140724526059694564493503972584337408802044566813680078223888837351977692196800820056948068232019771049037630345592789300800618140506117949654531435752250888847336391324525734592236886531605795337322112737038605451016116127736226393804822907107488417523586232824694951748772406304376026887 0 0 0 0 0 0 0 0 0 0 0 1 0 0 0 0 0 0 0 0 0 0 0 0 0 0 0 0 0 0 0 0 0 0 0 0 0 0 0 0 0 0 0 0 0 0 0 0 0 0 0 0 0 0 0 0 0 0 0 0 0 0 0 0 0 0 0 0 0 0 0 0 0 0 0 0 0 0 0 0 0 0 0 0 0 0 0 0 0 0 0 0 0 0 0 0 0 0 0 0 0 0 0 0 0 0 0 0 0]
[3216128886083060814141225087640080396180456709314417485339392430733662509643857099848029811612312793683500980837839651472802696412495670557001102686228754186708676013655775647906277623416746592556419067310968675622542417152211826448023246180113447676818068087503258823007640339343076080259092881123325268760195797915498125943270065 0 0 0 0 0 0 0 0 0 0 0 0 1 0 0 0 0 0 0 0 0 0 0 0 0 0 0 0 0 0 0 0 0 0 0 0 0 0 0 0 0 0 0 0 0 0 0 0 0 0 0 0 0 0 0 0 0 0 0 0 0 0 0 0 0 0 0 0 0 0 0 0 0 0 0 0 0 0 0 0 0 0 0 0 0 0 0 0 0 0 0 0 0 0 0 0 0 0 0 0 0 0 0 0 0 0 0 0 0]
[102627252744854145782398568875239803952251003323243816614161446605872126451721202246748675013378450415912723651118655645563810936961220661598784965838230713543086034181263612634847005116791733944290637631290194691922276031401511602103236588774892217502826979057538953456721359817050304885754466153184137537083799402930393370249183 0 0 0 0 0 0 0 0 0 0 0 0 0 1 0 0 0 0 0 0 0 0 0 0 0 0 0 0 0 0 0 0 0 0 0 0 0 0 0 0 0 0 0 0 0 0 0 0 0 0 0 0 0 0 0 0 0 0 0 0 0 0 0 0 0 0 0 0 0 0 0 0 0 0 0 0 0 0 0 0 0 0 0 0 0 0 0 0 0 0 0 0 0 0 0 0 0 0 0 0 0 0 0 0 0 0 0 0 0]
[500907862201090316135030111664659933676993913263210553649827266237403377430917203162617142737746637431708453972361046005855061370188831488038163751984097516761392471736633119483763098938235861772009777333730606250407991081647379270461854939082369601382246871825502464280299165748380134616845973909523248971390102840888146589420409 0 0 0 0 0 0 0 0 0 0 0 0 0 0 1 0 0 0 0 0 0 0 0 0 0 0 0 0 0 0 0 0 0 0 0 0 0 0 0 0 0 0 0 0 0 0 0 0 0 0 0 0 0 0 0 0 0 0 0 0 0 0 0 0 0 0 0 0 0 0 0 0 0 0 0 0 0 0 0 0 0 0 0 0 0 0 0 0 0 0 0 0 0 0 0 0 0 0 0 0 0 0 0 0 0 0 0 0 0]
[7359266073318184384059551658370478052812051624997072063914903150014542089294265717254451901578375549689101810993409670915795777045887536088710608112895756206729168186125550809489150447796543868992711842417109365870908742948301762630274282162708418418369344491176246744751990153944755158549504573128553381817965659906359819925030029 0 0 0 0 0 0 0 0 0 0 0 0 0 0 0 1 0 0 0 0 0 0 0 0 0 0 0 0 0 0 0 0 0 0 0 0 0 0 0 0 0 0 0 0 0 0 0 0 0 0 0 0 0 0 0 0 0 0 0 0 0 0 0 0 0 0 0 0 0 0 0 0 0 0 0 0 0 0 0 0 0 0 0 0 0 0 0 0 0 0 0 0 0 0 0 0 0 0 0 0 0 0 0 0 0 0 0 0 0]
[5127911863448805177669493519606491842761033490163415102700626620516659281416087198133601447865582592525025993188020102105245978226491000968691314759806462993150143105801844334619384128931151466190293456462388173457373003159492972698967313392095091271394145679164109688790737936638083767000742814491483765648789958460706376284708999 0 0 0 0 0 0 0 0 0 0 0 0 0 0 0 0 1 0 0 0 0 0 0 0 0 0 0 0 0 0 0 0 0 0 0 0 0 0 0 0 0 0 0 0 0 0 0 0 0 0 0 0 0 0 0 0 0 0 0 0 0 0 0 0 0 0 0 0 0 0 0 0 0 0 0 0 0 0 0 0 0 0 0 0 0 0 0 0 0 0 0 0 0 0 0 0 0 0 0 0 0 0 0 0 0 0 0 0 0]
[2918596723950642729730356191273026468166885725065140189622672330507667465550045285513905303927980560500113031848633664472993111117400995086926217867248451511947963627817661835629543740559657640237223595197053924739547672430236177367672546055891439820691511433960754679094222927984560960210308263484058760015980053542091840620240080 0 0 0 0 0 0 0 0 0 0 0 0 0 0 0 0 0 1 0 0 0 0 0 0 0 0 0 0 0 0 0 0 0 0 0 0 0 0 0 0 0 0 0 0 0 0 0 0 0 0 0 0 0 0 0 0 0 0 0 0 0 0 0 0 0 0 0 0 0 0 0 0 0 0 0 0 0 0 0 0 0 0 0 0 0 0 0 0 0 0 0 0 0 0 0 0 0 0 0 0 0 0 0 0 0 0 0 0 0]
[7774957275365963912912543100650835176572292360181043305024672978929201285824968540073056424518285410349626624625094355962495376120583689151322312683487015158343188028279885295521287178907224411974233799685549554653671769001122362552158317815955821920942964203906625779543488352046242761778142088144611096328379214547044193778970620 0 0 0 0 0 0 0 0 0 0 0 0 0 0 0 0 0 0 1 0 0 0 0 0 0 0 0 0 0 0 0 0 0 0 0 0 0 0 0 0 0 0 0 0 0 0 0 0 0 0 0 0 0 0 0 0 0 0 0 0 0 0 0 0 0 0 0 0 0 0 0 0 0 0 0 0 0 0 0 0 0 0 0 0 0 0 0 0 0 0 0 0 0 0 0 0 0 0 0 0 0 0 0 0 0 0 0 0 0]
[3097543501495535191899736325213646252213088889787228285716100758792418954247757568339835450202946473972012015938893975290272231871887527174176124476274925701959685059158336657697660397417846935383255920290897857737690219635774385078148329047406835359789666865485087174127794486256060950418346464101532974813455687475430744670416069 0 0 0 0 0 0 0 0 0 0 0 0 0 0 0 0 0 0 0 1 0 0 0 0 0 0 0 0 0 0 0 0 0 0 0 0 0 0 0 0 0 0 0 0 0 0 0 0 0 0 0 0 0 0 0 0 0 0 0 0 0 0 0 0 0 0 0 0 0 0 0 0 0 0 0 0 0 0 0 0 0 0 0 0 0 0 0 0 0 0 0 0 0 0 0 0 0 0 0 0 0 0 0 0 0 0 0 0 0]
[6766485106172927946305313067800384399011186425632834376019818249101765984057378727810771284197589850335330205680083523827715970336602379478798988513839802283978727351487233759228845960687170844435359679634927271820069387810622404617334759063508214343213586862082721998263283199116150811338640433328563244774109015843638585864456184 0 0 0 0 0 0 0 0 0 0 0 0 0 0 0 0 0 0 0 0 1 0 0 0 0 0 0 0 0 0 0 0 0 0 0 0 0 0 0 0 0 0 0 0 0 0 0 0 0 0 0 0 0 0 0 0 0 0 0 0 0 0 0 0 0 0 0 0 0 0 0 0 0 0 0 0 0 0 0 0 0 0 0 0 0 0 0 0 0 0 0 0 0 0 0 0 0 0 0 0 0 0 0 0 0 0 0 0 0]
[144142877391959616229930403769542694474869577979167226393761324337242928825565342543719529730108917318562636126578354119012763550415806790160733431053392820271255225780097802717429508832859833080135557035591964066135547673473833119437510427507706418036638498179707002252700051688716476565646152405170189487601762559181791223386239 0 0 0 0 0 0 0 0 0 0 0 0 0 0 0 0 0 0 0 0 0 1 0 0 0 0 0 0 0 0 0 0 0 0 0 0 0 0 0 0 0 0 0 0 0 0 0 0 0 0 0 0 0 0 0 0 0 0 0 0 0 0 0 0 0 0 0 0 0 0 0 0 0 0 0 0 0 0 0 0 0 0 0 0 0 0 0 0 0 0 0 0 0 0 0 0 0 0 0 0 0 0 0 0 0 0 0 0 0]
[7894125587053782934122832372096442368772789462020295572533403905208564170877133912188777364438575778092038085770286444600190641505052661559295778970989315420175067327324318018857296941117880474660280381167472940458572936641749459185024051317211172005432461691799350201391803023954141681666301182788439963351217958828135777910868055 0 0 0 0 0 0 0 0 0 0 0 0 0 0 0 0 0 0 0 0 0 0 1 0 0 0 0 0 0 0 0 0 0 0 0 0 0 0 0 0 0 0 0 0 0 0 0 0 0 0 0 0 0 0 0 0 0 0 0 0 0 0 0 0 0 0 0 0 0 0 0 0 0 0 0 0 0 0 0 0 0 0 0 0 0 0 0 0 0 0 0 0 0 0 0 0 0 0 0 0 0 0 0 0 0 0 0 0 0]
[8841867625604977287076799488488478086165419006297173274096334329392718656301191317902929893507742088989077316655094999988574663855429720583846724627828347914570688276471466758553422692298408058070110190974624120412971556676087761892081252782848360110478440534486161835719841703773224138346191989893519921599992365088900899274193244 0 0 0 0 0 0 0 0 0 0 0 0 0 0 0 0 0 0 0 0 0 0 0 1 0 0 0 0 0 0 0 0 0 0 0 0 0 0 0 0 0 0 0 0 0 0 0 0 0 0 0 0 0 0 0 0 0 0 0 0 0 0 0 0 0 0 0 0 0 0 0 0 0 0 0 0 0 0 0 0 0 0 0 0 0 0 0 0 0 0 0 0 0 0 0 0 0 0 0 0 0 0 0 0 0 0 0 0 0]
[1822269039129939665923344219119085773063737751751990147294473503027806805384654507104591644876351889582717476235440771311103738364102922378706434509917140637382046177834457493210030202744519742505889964239713830947652335220247422723049019258587702665246514500994451883857616241813729884709409947999764138880463070250441199552746184 0 0 0 0 0 0 0 0 0 0 0 0 0 0 0 0 0 0 0 0 0 0 0 0 1 0 0 0 0 0 0 0 0 0 0 0 0 0 0 0 0 0 0 0 0 0 0 0 0 0 0 0 0 0 0 0 0 0 0 0 0 0 0 0 0 0 0 0 0 0 0 0 0 0 0 0 0 0 0 0 0 0 0 0 0 0 0 0 0 0 0 0 0 0 0 0 0 0 0 0 0 0 0 0 0 0 0 0 0]
[2008083982439355419803770444594107517726904245799102366063921221537463531411157111119931847289131409096450055155520736706783530257744227887570250463503085830845544742214733503401361515750684530357746920343677873205625873692751054678698517348659066273656397670295187962731604989594171963431464905333784469356932812807389660726292548 0 0 0 0 0 0 0 0 0 0 0 0 0 0 0 0 0 0 0 0 0 0 0 0 0 1 0 0 0 0 0 0 0 0 0 0 0 0 0 0 0 0 0 0 0 0 0 0 0 0 0 0 0 0 0 0 0 0 0 0 0 0 0 0 0 0 0 0 0 0 0 0 0 0 0 0 0 0 0 0 0 0 0 0 0 0 0 0 0 0 0 0 0 0 0 0 0 0 0 0 0 0 0 0 0 0 0 0 0]
[1838139250689695827484225076190576102856082500188615466781341831392346304435100793768935588243663316163786346482304721235248946175819210897781668029937981622583287133370976168415493584208883282695016072908865942690799449708294943905492193885663041320653050497798055071940291941334311544517344831947702971398331608568026585195218262 0 0 0 0 0 0 0 0 0 0 0 0 0 0 0 0 0 0 0 0 0 0 0 0 0 0 1 0 0 0 0 0 0 0 0 0 0 0 0 0 0 0 0 0 0 0 0 0 0 0 0 0 0 0 0 0 0 0 0 0 0 0 0 0 0 0 0 0 0 0 0 0 0 0 0 0 0 0 0 0 0 0 0 0 0 0 0 0 0 0 0 0 0 0 0 0 0 0 0 0 0 0 0 0 0 0 0 0 0]
[2435248949509849895016428906792554659254975491387469973845664312897258293752881443128397145228713029514129146389130416957868105082223251111177790700807708614038051929062468916159944310130932348725520405007102052174007041725174993088100369150621747776333576854582657904538266979223399173559399940864819359073749942800211540391984368 0 0 0 0 0 0 0 0 0 0 0 0 0 0 0 0 0 0 0 0 0 0 0 0 0 0 0 1 0 0 0 0 0 0 0 0 0 0 0 0 0 0 0 0 0 0 0 0 0 0 0 0 0 0 0 0 0 0 0 0 0 0 0 0 0 0 0 0 0 0 0 0 0 0 0 0 0 0 0 0 0 0 0 0 0 0 0 0 0 0 0 0 0 0 0 0 0 0 0 0 0 0 0 0 0 0 0 0 0]
[4768535372875239902539554491846618884416247651149335757804144313313882543369352895596210126717489888506076622920658009957250875618744923569710688337626027695895933030070010694312618279321994795167808944685244669623155116592770167255653266673697032844517301278504625893431503078870614001341742254270657257726713570978175113469964811 0 0 0 0 0 0 0 0 0 0 0 0 0 0 0 0 0 0 0 0 0 0 0 0 0 0 0 0 1 0 0 0 0 0 0 0 0 0 0 0 0 0 0 0 0 0 0 0 0 0 0 0 0 0 0 0 0 0 0 0 0 0 0 0 0 0 0 0 0 0 0 0 0 0 0 0 0 0 0 0 0 0 0 0 0 0 0 0 0 0 0 0 0 0 0 0 0 0 0 0 0 0 0 0 0 0 0 0 0]
[7550493969123573495601998070988696559966824877992994897932324594270715966764675518947422672490563905263332449493607902162244656832725918686983669465005787900328228045114777079239342797740845083171237293353728448704241151222361405506923693979181288283386869415397216141346613441941736799033346281206596122755068611663187471765651617 0 0 0 0 0 0 0 0 0 0 0 0 0 0 0 0 0 0 0 0 0 0 0 0 0 0 0 0 0 1 0 0 0 0 0 0 0 0 0 0 0 0 0 0 0 0 0 0 0 0 0 0 0 0 0 0 0 0 0 0 0 0 0 0 0 0 0 0 0 0 0 0 0 0 0 0 0 0 0 0 0 0 0 0 0 0 0 0 0 0 0 0 0 0 0 0 0 0 0 0 0 0 0 0 0 0 0 0 0]
[2408712129006537118853284203130085502319007255739921862084411517594861389735377228695530871050570804133058036821895921734884858167697966460882457488260549603195576106910428343058243348217989291256162355287981975055998125997570699789548932355797699770130140399965499068206275837486004456837593162047564611981220374293859687495796591 0 0 0 0 0 0 0 0 0 0 0 0 0 0 0 0 0 0 0 0 0 0 0 0 0 0 0 0 0 0 1 0 0 0 0 0 0 0 0 0 0 0 0 0 0 0 0 0 0 0 0 0 0 0 0 0 0 0 0 0 0 0 0 0 0 0 0 0 0 0 0 0 0 0 0 0 0 0 0 0 0 0 0 0 0 0 0 0 0 0 0 0 0 0 0 0 0 0 0 0 0 0 0 0 0 0 0 0 0]
[9990667134123694372475670149672957113134951940076716656362041170291528841356867412047410231711908265744904009808433725613194532754724819849390341946624956802641451700861559038989881591858304463590615960277534046146110856539866186224985462831571861767241566815262911191205357756796779091278265074036176898692970677655295239133705754 0 0 0 0 0 0 0 0 0 0 0 0 0 0 0 0 0 0 0 0 0 0 0 0 0 0 0 0 0 0 0 1 0 0 0 0 0 0 0 0 0 0 0 0 0 0 0 0 0 0 0 0 0 0 0 0 0 0 0 0 0 0 0 0 0 0 0 0 0 0 0 0 0 0 0 0 0 0 0 0 0 0 0 0 0 0 0 0 0 0 0 0 0 0 0 0 0 0 0 0 0 0 0 0 0 0 0 0 0]
[3324458780969725473194336404846187718694161711814749384712598432618406807971194917494337973987083280164569926384756501497261894626913887509490714236384232225786169406480882889863700529522607602158356813218069281884828818689611048188492231119077628011088289476515958892893140251598603982698816225895014196710585335096352321029330051 0 0 0 0 0 0 0 0 0 0 0 0 0 0 0 0 0 0 0 0 0 0 0 0 0 0 0 0 0 0 0 0 1 0 0 0 0 0 0 0 0 0 0 0 0 0 0 0 0 0 0 0 0 0 0 0 0 0 0 0 0 0 0 0 0 0 0 0 0 0 0 0 0 0 0 0 0 0 0 0 0 0 0 0 0 0 0 0 0 0 0 0 0 0 0 0 0 0 0 0 0 0 0 0 0 0 0 0 0]
[5269552645841186078752747834260576439756057315314101259398620307646207647225626759138888788447668274780481060614941651996602103750165986950146222099467618325709383450678317665506981603177990308980220261410679955366521465242101438522871570578780674927574541803115303314616832542965072927430901153395284116777094037889933780225887076 0 0 0 0 0 0 0 0 0 0 0 0 0 0 0 0 0 0 0 0 0 0 0 0 0 0 0 0 0 0 0 0 0 1 0 0 0 0 0 0 0 0 0 0 0 0 0 0 0 0 0 0 0 0 0 0 0 0 0 0 0 0 0 0 0 0 0 0 0 0 0 0 0 0 0 0 0 0 0 0 0 0 0 0 0 0 0 0 0 0 0 0 0 0 0 0 0 0 0 0 0 0 0 0 0 0 0 0 0]
[5759395854912100281295574206329308196797883917872534682968668451681468117017678811343986277949044204085923236531433198602195547238881135818906602353745499513942025897433336468235116883546072352734752101953443081346062614563703501236672534377208841987955281118662089303751889118732918256323681289071505913154045941689435705418133294 0 0 0 0 0 0 0 0 0 0 0 0 0 0 0 0 0 0 0 0 0 0 0 0 0 0 0 0 0 0 0 0 0 0 1 0 0 0 0 0 0 0 0 0 0 0 0 0 0 0 0 0 0 0 0 0 0 0 0 0 0 0 0 0 0 0 0 0 0 0 0 0 0 0 0 0 0 0 0 0 0 0 0 0 0 0 0 0 0 0 0 0 0 0 0 0 0 0 0 0 0 0 0 0 0 0 0 0 0]
[292506557924958782450991973796562701117175803976739283882063161781806936186736081665968821976335294141943224654705503593699165551869861893826371048451821058616283730179739973495177517776101065061104691279460840888879479373174730193277608250598011664308034932121740266673620395039108268903968403775777909712118381693955785285815386 0 0 0 0 0 0 0 0 0 0 0 0 0 0 0 0 0 0 0 0 0 0 0 0 0 0 0 0 0 0 0 0 0 0 0 1 0 0 0 0 0 0 0 0 0 0 0 0 0 0 0 0 0 0 0 0 0 0 0 0 0 0 0 0 0 0 0 0 0 0 0 0 0 0 0 0 0 0 0 0 0 0 0 0 0 0 0 0 0 0 0 0 0 0 0 0 0 0 0 0 0 0 0 0 0 0 0 0 0]
[11062493659630298053968500682237074445608016383121220455931565781389296835086422787373099487605233165331170922103299225210622671513718587854107681157869369209463262694129484526891905896944467403157841258621993751013094044244521100617314615246065139162831405119122651934877609588109313047168030557758460106668679289189248092498231201 0 0 0 0 0 0 0 0 0 0 0 0 0 0 0 0 0 0 0 0 0 0 0 0 0 0 0 0 0 0 0 0 0 0 0 0 1 0 0 0 0 0 0 0 0 0 0 0 0 0 0 0 0 0 0 0 0 0 0 0 0 0 0 0 0 0 0 0 0 0 0 0 0 0 0 0 0 0 0 0 0 0 0 0 0 0 0 0 0 0 0 0 0 0 0 0 0 0 0 0 0 0 0 0 0 0 0 0 0]
[8217086620358318308421045293580507150195004310430286365311101375773603657691941154176138329088707686439988557790905954916024436961299028101798720867844049140142978592046145873570240666647461170108156553218361671452384492791644377364433155227589201974258724333691570298121107448903615301826967907516557650153748257968565833013219425 0 0 0 0 0 0 0 0 0 0 0 0 0 0 0 0 0 0 0 0 0 0 0 0 0 0 0 0 0 0 0 0 0 0 0 0 0 1 0 0 0 0 0 0 0 0 0 0 0 0 0 0 0 0 0 0 0 0 0 0 0 0 0 0 0 0 0 0 0 0 0 0 0 0 0 0 0 0 0 0 0 0 0 0 0 0 0 0 0 0 0 0 0 0 0 0 0 0 0 0 0 0 0 0 0 0 0 0 0]
[4399000327165954333257950265185883506034205876163783357749803162674922177929564440973845232022493258111776864665970188721534966527124387905783117597699967061058036222599873126895420465814728954784609890857299455133253513149093812598007026523253132702681871271594726704186348710437568282438948648645765781950769077190881208125919527 0 0 0 0 0 0 0 0 0 0 0 0 0 0 0 0 0 0 0 0 0 0 0 0 0 0 0 0 0 0 0 0 0 0 0 0 0 0 1 0 0 0 0 0 0 0 0 0 0 0 0 0 0 0 0 0 0 0 0 0 0 0 0 0 0 0 0 0 0 0 0 0 0 0 0 0 0 0 0 0 0 0 0 0 0 0 0 0 0 0 0 0 0 0 0 0 0 0 0 0 0 0 0 0 0 0 0 0 0]
[11423800095468533320480203327015396456942273704774623008279338281252041511201489532993821852852244458793811628889437520260133599530190715596549888064776128850917325839545183731995048162003372566728910676459539504744349795292633589711030317585109547963560466617923401420490582502703767193952805530014117153688863430258092452538766219 0 0 0 0 0 0 0 0 0 0 0 0 0 0 0 0 0 0 0 0 0 0 0 0 0 0 0 0 0 0 0 0 0 0 0 0 0 0 0 1 0 0 0 0 0 0 0 0 0 0 0 0 0 0 0 0 0 0 0 0 0 0 0 0 0 0 0 0 0 0 0 0 0 0 0 0 0 0 0 0 0 0 0 0 0 0 0 0 0 0 0 0 0 0 0 0 0 0 0 0 0 0 0 0 0 0 0 0 0]
[1747107439033351956178213630327160339110644447158969417897912411072234624970730975665476263664335122080675265485418297659599712535935556795979706589807293566278278099616821812654689542979873044182592680774084994578962365906751402325986017977370519811083829284253302390074090054250691635479627550957300899493421086389296145864126792 0 0 0 0 0 0 0 0 0 0 0 0 0 0 0 0 0 0 0 0 0 0 0 0 0 0 0 0 0 0 0 0 0 0 0 0 0 0 0 0 1 0 0 0 0 0 0 0 0 0 0 0 0 0 0 0 0 0 0 0 0 0 0 0 0 0 0 0 0 0 0 0 0 0 0 0 0 0 0 0 0 0 0 0 0 0 0 0 0 0 0 0 0 0 0 0 0 0 0 0 0 0 0 0 0 0 0 0 0]
[2199750580245723028491013936679828907200902307818694604986033962082430470483541130713579280298668024421739341246924569360102693761460509951528848003897712701664397424793656611521132558119007727280166992089352456099954330784824599920588416989703731103010927184522755746321461170965584394682158713308029754082168577427639104868284057 0 0 0 0 0 0 0 0 0 0 0 0 0 0 0 0 0 0 0 0 0 0 0 0 0 0 0 0 0 0 0 0 0 0 0 0 0 0 0 0 0 1 0 0 0 0 0 0 0 0 0 0 0 0 0 0 0 0 0 0 0 0 0 0 0 0 0 0 0 0 0 0 0 0 0 0 0 0 0 0 0 0 0 0 0 0 0 0 0 0 0 0 0 0 0 0 0 0 0 0 0 0 0 0 0 0 0 0 0]
[2490410934880528333352881358311500491196698753462765255949733087573862380537844107788611569727919620689521471068894383532813947689026817459890088328243427648250643055100248576777544289634573548520629984244467994513621810661072139593525713086716380269035188983261914635055138018600647795085003638647628230404428275529263090993148955 0 0 0 0 0 0 0 0 0 0 0 0 0 0 0 0 0 0 0 0 0 0 0 0 0 0 0 0 0 0 0 0 0 0 0 0 0 0 0 0 0 0 1 0 0 0 0 0 0 0 0 0 0 0 0 0 0 0 0 0 0 0 0 0 0 0 0 0 0 0 0 0 0 0 0 0 0 0 0 0 0 0 0 0 0 0 0 0 0 0 0 0 0 0 0 0 0 0 0 0 0 0 0 0 0 0 0 0 0]
[1077397324928643897127394289687251812555039957834845425911409584711651979350342370056896465331971233492897900570077358024704065647729603290543713987067291928559064314368494634361544917752866539460227381547799987667283418108511954005861868020392279823212310669266863146774631313304149599587156428890543196910431141604495662541115522 0 0 0 0 0 0 0 0 0 0 0 0 0 0 0 0 0 0 0 0 0 0 0 0 0 0 0 0 0 0 0 0 0 0 0 0 0 0 0 0 0 0 0 1 0 0 0 0 0 0 0 0 0 0 0 0 0 0 0 0 0 0 0 0 0 0 0 0 0 0 0 0 0 0 0 0 0 0 0 0 0 0 0 0 0 0 0 0 0 0 0 0 0 0 0 0 0 0 0 0 0 0 0 0 0 0 0 0 0]
[9120372754554843042303619310150276011215564396455444133264889013216933844344307841606693222791677859826100897002255998735668921200310087996214349425097991213628674977090471387122718870697540229175827513066670869275045785505890696781187030028357468634043684374592634756308679516117365427798859014690881833712206969487972903974573683 0 0 0 0 0 0 0 0 0 0 0 0 0 0 0 0 0 0 0 0 0 0 0 0 0 0 0 0 0 0 0 0 0 0 0 0 0 0 0 0 0 0 0 0 1 0 0 0 0 0 0 0 0 0 0 0 0 0 0 0 0 0 0 0 0 0 0 0 0 0 0 0 0 0 0 0 0 0 0 0 0 0 0 0 0 0 0 0 0 0 0 0 0 0 0 0 0 0 0 0 0 0 0 0 0 0 0 0 0]
[1959414529089963765897867061382328616049197965986801275102403118520213741135260669752737546935667325418343271811700583252894088311415784503425083421686545685237322391368797918392134043887618745431086352651745820684551290758336233140241432651009344078781020671694852463220554290548129636539758759736310129373809365702349677713778817 0 0 0 0 0 0 0 0 0 0 0 0 0 0 0 0 0 0 0 0 0 0 0 0 0 0 0 0 0 0 0 0 0 0 0 0 0 0 0 0 0 0 0 0 0 1 0 0 0 0 0 0 0 0 0 0 0 0 0 0 0 0 0 0 0 0 0 0 0 0 0 0 0 0 0 0 0 0 0 0 0 0 0 0 0 0 0 0 0 0 0 0 0 0 0 0 0 0 0 0 0 0 0 0 0 0 0 0 0]
[8357828801856306776340878063399217417319757234439969536602928093128153026618048407372119881459558347383264882494583891026897799233862413361735369200123970587003131074154910954009198276832121306967669460002289178576828334056773443492763628076219168586937983844256805457226579446902582289780130620388166567358848993414800576442206834 0 0 0 0 0 0 0 0 0 0 0 0 0 0 0 0 0 0 0 0 0 0 0 0 0 0 0 0 0 0 0 0 0 0 0 0 0 0 0 0 0 0 0 0 0 0 1 0 0 0 0 0 0 0 0 0 0 0 0 0 0 0 0 0 0 0 0 0 0 0 0 0 0 0 0 0 0 0 0 0 0 0 0 0 0 0 0 0 0 0 0 0 0 0 0 0 0 0 0 0 0 0 0 0 0 0 0 0 0]
[684471199400374755410724585004291477513056003113302965196545582783520377381076642252407607552334715268217060452340025056262871337022502042012066804889597904107541582360503152544367421154078739712089322030754434072806226324593053649493317206621011893014563296420875427190015163571204027452676960704870988364095147473185507724778967 0 0 0 0 0 0 0 0 0 0 0 0 0 0 0 0 0 0 0 0 0 0 0 0 0 0 0 0 0 0 0 0 0 0 0 0 0 0 0 0 0 0 0 0 0 0 0 1 0 0 0 0 0 0 0 0 0 0 0 0 0 0 0 0 0 0 0 0 0 0 0 0 0 0 0 0 0 0 0 0 0 0 0 0 0 0 0 0 0 0 0 0 0 0 0 0 0 0 0 0 0 0 0 0 0 0 0 0 0]
[5988128759162244220021128171366913953835890466671500183021127507116046851516577200341159399316874372315954196151653416686579876531447911801818523754476473209850446071347531760846281536687984057001727971753256652382987208248685600891289017890963348523786376593804539112827183883588783589179973200391970127966275780462223488098543525 0 0 0 0 0 0 0 0 0 0 0 0 0 0 0 0 0 0 0 0 0 0 0 0 0 0 0 0 0 0 0 0 0 0 0 0 0 0 0 0 0 0 0 0 0 0 0 0 1 0 0 0 0 0 0 0 0 0 0 0 0 0 0 0 0 0 0 0 0 0 0 0 0 0 0 0 0 0 0 0 0 0 0 0 0 0 0 0 0 0 0 0 0 0 0 0 0 0 0 0 0 0 0 0 0 0 0 0 0]
[1219064975439696212372898811798680359017333388728812481542220502809764379825755757515502426266949012961526919339960631748727832662108258323247601798983079500479367050486098430040476175472416352684346954599869348017754311482542532026157141109880397626244655679378211435193085967582115669329724851845088531566904155455068896674390883 0 0 0 0 0 0 0 0 0 0 0 0 0 0 0 0 0 0 0 0 0 0 0 0 0 0 0 0 0 0 0 0 0 0 0 0 0 0 0 0 0 0 0 0 0 0 0 0 0 1 0 0 0 0 0 0 0 0 0 0 0 0 0 0 0 0 0 0 0 0 0 0 0 0 0 0 0 0 0 0 0 0 0 0 0 0 0 0 0 0 0 0 0 0 0 0 0 0 0 0 0 0 0 0 0 0 0 0 0]
[5369909482513670630380039472070131426489154890654024954163698502597644792462911768396086530225038075431277244571447269919994216331958276696504268763525042596291819173997685201975058387856752783026652164215021135285042486728897914185809919309144102192507032858149058388088056491514722000370557284819428558143475797449934644124141238 0 0 0 0 0 0 0 0 0 0 0 0 0 0 0 0 0 0 0 0 0 0 0 0 0 0 0 0 0 0 0 0 0 0 0 0 0 0 0 0 0 0 0 0 0 0 0 0 0 0 1 0 0 0 0 0 0 0 0 0 0 0 0 0 0 0 0 0 0 0 0 0 0 0 0 0 0 0 0 0 0 0 0 0 0 0 0 0 0 0 0 0 0 0 0 0 0 0 0 0 0 0 0 0 0 0 0 0 0]
[5769314021701124445211467754787795574909657257065564463082713954364951032260900388999401461169236552985510297030079543338400926048440023725596904944866924324019088517589518589689649482478206538122339423310939332365033369148693351086993866266243313796034177528927326467177064270482998809776702318745614022476577403622748178001013552 0 0 0 0 0 0 0 0 0 0 0 0 0 0 0 0 0 0 0 0 0 0 0 0 0 0 0 0 0 0 0 0 0 0 0 0 0 0 0 0 0 0 0 0 0 0 0 0 0 0 0 1 0 0 0 0 0 0 0 0 0 0 0 0 0 0 0 0 0 0 0 0 0 0 0 0 0 0 0 0 0 0 0 0 0 0 0 0 0 0 0 0 0 0 0 0 0 0 0 0 0 0 0 0 0 0 0 0 0]
[5031360767385715755472746285069516102278284325287416470346228438436151392761840275075303353122259947104467890126228641818280653293752958060152491840523820964101153196867926071803119914621948464012146512060820921150662113038164727765190409768149163334639008977130970139800025951733577579428041097751843001299857340743282895891902843 0 0 0 0 0 0 0 0 0 0 0 0 0 0 0 0 0 0 0 0 0 0 0 0 0 0 0 0 0 0 0 0 0 0 0 0 0 0 0 0 0 0 0 0 0 0 0 0 0 0 0 0 1 0 0 0 0 0 0 0 0 0 0 0 0 0 0 0 0 0 0 0 0 0 0 0 0 0 0 0 0 0 0 0 0 0 0 0 0 0 0 0 0 0 0 0 0 0 0 0 0 0 0 0 0 0 0 0 0]
[1093257236577513346550788217350037916109389831662081905536193935380049165564193412295602606567807743741522998351808392037446027558353272221685245272651156839773438423948727971272927806657786370872417740790059212863047653036211959008642640230427733750910947334556175911022657488122039806557833714916017505503555494869520237373004576 0 0 0 0 0 0 0 0 0 0 0 0 0 0 0 0 0 0 0 0 0 0 0 0 0 0 0 0 0 0 0 0 0 0 0 0 0 0 0 0 0 0 0 0 0 0 0 0 0 0 0 0 0 1 0 0 0 0 0 0 0 0 0 0 0 0 0 0 0 0 0 0 0 0 0 0 0 0 0 0 0 0 0 0 0 0 0 0 0 0 0 0 0 0 0 0 0 0 0 0 0 0 0 0 0 0 0 0 0]
[2944772652488599491825187592140304949331493707225473600145739398320385579788427120765365120701686273112209811231845846031656895644623795496405097138484522690034339294682808184001037246877577046604888919763248258452741910831795042281667133044756357354147681503317449887122279442985161717904770078764642196730461757355626729513419319 0 0 0 0 0 0 0 0 0 0 0 0 0 0 0 0 0 0 0 0 0 0 0 0 0 0 0 0 0 0 0 0 0 0 0 0 0 0 0 0 0 0 0 0 0 0 0 0 0 0 0 0 0 0 1 0 0 0 0 0 0 0 0 0 0 0 0 0 0 0 0 0 0 0 0 0 0 0 0 0 0 0 0 0 0 0 0 0 0 0 0 0 0 0 0 0 0 0 0 0 0 0 0 0 0 0 0 0 0]
[6510180774214749286588965363192710987105646401840111498770858207996037505971038180211316573095642323472308292106315636931148686426746965239343423896107990227760680721800690919817543921650970908449577744986279583619927881002126639736880484893441843483682684376177793644722614187188913968849579621534513429151701229367742521708207348 0 0 0 0 0 0 0 0 0 0 0 0 0 0 0 0 0 0 0 0 0 0 0 0 0 0 0 0 0 0 0 0 0 0 0 0 0 0 0 0 0 0 0 0 0 0 0 0 0 0 0 0 0 0 0 1 0 0 0 0 0 0 0 0 0 0 0 0 0 0 0 0 0 0 0 0 0 0 0 0 0 0 0 0 0 0 0 0 0 0 0 0 0 0 0 0 0 0 0 0 0 0 0 0 0 0 0 0 0]
[2089008901840563978922509827451156643953087896964382064784035588132125871053043152932230471577544238728527590705948739759639317406161576299565429253929190199007758207437646711352240670821353849004056804712883418360582938043777264994698849827616064886449093881317481490255356359553957265032860676112373148913693689889977443663578869 0 0 0 0 0 0 0 0 0 0 0 0 0 0 0 0 0 0 0 0 0 0 0 0 0 0 0 0 0 0 0 0 0 0 0 0 0 0 0 0 0 0 0 0 0 0 0 0 0 0 0 0 0 0 0 0 1 0 0 0 0 0 0 0 0 0 0 0 0 0 0 0 0 0 0 0 0 0 0 0 0 0 0 0 0 0 0 0 0 0 0 0 0 0 0 0 0 0 0 0 0 0 0 0 0 0 0 0 0]
[1660320340134437810507760490578862540537781076897916590916179637226493811704869496207488411479906055874646229696525426417435211578347397566849411535699687993524678432896213084816025906624238612507875838830612551946741669251684149451913779041525174311562401421840423909094235552957309861068694061079704511190604691660274227541203607 0 0 0 0 0 0 0 0 0 0 0 0 0 0 0 0 0 0 0 0 0 0 0 0 0 0 0 0 0 0 0 0 0 0 0 0 0 0 0 0 0 0 0 0 0 0 0 0 0 0 0 0 0 0 0 0 0 1 0 0 0 0 0 0 0 0 0 0 0 0 0 0 0 0 0 0 0 0 0 0 0 0 0 0 0 0 0 0 0 0 0 0 0 0 0 0 0 0 0 0 0 0 0 0 0 0 0 0 0]
[7861808464178792123227657799479304854461080206038296200264690735677812494765450090609630464002314802669918072030281134419615881913112602600184976316569118313169666856411903759717871251568814376136315693059108816872132112541364069667199881637059092746232650936130663665920181685761453465013688753644166554162662023456933642400692385 0 0 0 0 0 0 0 0 0 0 0 0 0 0 0 0 0 0 0 0 0 0 0 0 0 0 0 0 0 0 0 0 0 0 0 0 0 0 0 0 0 0 0 0 0 0 0 0 0 0 0 0 0 0 0 0 0 0 1 0 0 0 0 0 0 0 0 0 0 0 0 0 0 0 0 0 0 0 0 0 0 0 0 0 0 0 0 0 0 0 0 0 0 0 0 0 0 0 0 0 0 0 0 0 0 0 0 0 0]
[5351189551364162811388691149542676119207516441093824228035770918240840223843229635405113074459002732760483459150699460571214620614027872031854559591791522511322753513869766426731077549092235430318320185702516504694343987769731465392117545406716852576205957458286147278728841512886389329866937052750754157331375144449935159407820687 0 0 0 0 0 0 0 0 0 0 0 0 0 0 0 0 0 0 0 0 0 0 0 0 0 0 0 0 0 0 0 0 0 0 0 0 0 0 0 0 0 0 0 0 0 0 0 0 0 0 0 0 0 0 0 0 0 0 0 1 0 0 0 0 0 0 0 0 0 0 0 0 0 0 0 0 0 0 0 0 0 0 0 0 0 0 0 0 0 0 0 0 0 0 0 0 0 0 0 0 0 0 0 0 0 0 0 0 0]
[7237344154688193159519875328581550248645208139946729631048414984392974766755151809473898499143423182737622754328441355005437528291290217665235999126367302448856012216931433051360478026658267171969741618557345481775047665679155962815236448731607731454721925688585853011558800053388812539298763940318597250731347710947198327441635834 0 0 0 0 0 0 0 0 0 0 0 0 0 0 0 0 0 0 0 0 0 0 0 0 0 0 0 0 0 0 0 0 0 0 0 0 0 0 0 0 0 0 0 0 0 0 0 0 0 0 0 0 0 0 0 0 0 0 0 0 1 0 0 0 0 0 0 0 0 0 0 0 0 0 0 0 0 0 0 0 0 0 0 0 0 0 0 0 0 0 0 0 0 0 0 0 0 0 0 0 0 0 0 0 0 0 0 0 0]
[6442509428230955336080869593843226716827582795565087802566489014429363011776731614271985861172870659042230016131062827312205350806036314295816288249206470899586712309193247384322483344666621945755983866873910273563463624831234052644245528727194139309546498380856479601363555002645288064988077067568287290953261748822186645065083770 0 0 0 0 0 0 0 0 0 0 0 0 0 0 0 0 0 0 0 0 0 0 0 0 0 0 0 0 0 0 0 0 0 0 0 0 0 0 0 0 0 0 0 0 0 0 0 0 0 0 0 0 0 0 0 0 0 0 0 0 0 1 0 0 0 0 0 0 0 0 0 0 0 0 0 0 0 0 0 0 0 0 0 0 0 0 0 0 0 0 0 0 0 0 0 0 0 0 0 0 0 0 0 0 0 0 0 0 0]
[1663695962326434680857924546212523704693427238245069532464049698057029339538480726756623176529776097134167096769042833816808391786959879380804246058611887437093335160684192582156036489541517525856682783632710566319222319630232046746527926819276842793278468748369344713296763342723201828025033416241736430685455762176287662961585405 0 0 0 0 0 0 0 0 0 0 0 0 0 0 0 0 0 0 0 0 0 0 0 0 0 0 0 0 0 0 0 0 0 0 0 0 0 0 0 0 0 0 0 0 0 0 0 0 0 0 0 0 0 0 0 0 0 0 0 0 0 0 1 0 0 0 0 0 0 0 0 0 0 0 0 0 0 0 0 0 0 0 0 0 0 0 0 0 0 0 0 0 0 0 0 0 0 0 0 0 0 0 0 0 0 0 0 0 0]
[2081264685720862609862942930792957016126368860789913283747218387726412694100709127651651918925361118548977176402230559870174444179563505489403655651949133297319823934940551453383301589878210726962008429855210361378759198794027055159257464591050738742035654152739402082833940162117615447996006205491962394253433956486989085521169369 0 0 0 0 0 0 0 0 0 0 0 0 0 0 0 0 0 0 0 0 0 0 0 0 0 0 0 0 0 0 0 0 0 0 0 0 0 0 0 0 0 0 0 0 0 0 0 0 0 0 0 0 0 0 0 0 0 0 0 0 0 0 0 1 0 0 0 0 0 0 0 0 0 0 0 0 0 0 0 0 0 0 0 0 0 0 0 0 0 0 0 0 0 0 0 0 0 0 0 0 0 0 0 0 0 0 0 0 0]
[8534897830911735324100155056675544568689213143782337452878064095273838511397508525058999859065118881091781730671920797508434006079457106915431340312547812175686572684023060483268301525870371933791178196274010765218452206822646561146571026818238089817125745485611928568846559687198538492494410261062248683739004692257486278043343664 0 0 0 0 0 0 0 0 0 0 0 0 0 0 0 0 0 0 0 0 0 0 0 0 0 0 0 0 0 0 0 0 0 0 0 0 0 0 0 0 0 0 0 0 0 0 0 0 0 0 0 0 0 0 0 0 0 0 0 0 0 0 0 0 1 0 0 0 0 0 0 0 0 0 0 0 0 0 0 0 0 0 0 0 0 0 0 0 0 0 0 0 0 0 0 0 0 0 0 0 0 0 0 0 0 0 0 0 0]
[1602443180467548240944958086171414794817344065373967975884021012075969629025354790468685011087478795320526147272693579438569834211471448987398978969300617328209494521553528848641761535236766244456478966278351758268779581587656531014049790178808113363834873982767586240413692700719635593791332535001153010432698127372126966902049496 0 0 0 0 0 0 0 0 0 0 0 0 0 0 0 0 0 0 0 0 0 0 0 0 0 0 0 0 0 0 0 0 0 0 0 0 0 0 0 0 0 0 0 0 0 0 0 0 0 0 0 0 0 0 0 0 0 0 0 0 0 0 0 0 0 1 0 0 0 0 0 0 0 0 0 0 0 0 0 0 0 0 0 0 0 0 0 0 0 0 0 0 0 0 0 0 0 0 0 0 0 0 0 0 0 0 0 0 0]
[6895043966395798781395288623965790761417387374676850029944809820034889594450367191159120807144111763600011353252393735360192738950087082300197541837162888591112721686439194409815753475312621144252410931843586897205364354437787798274701455458819046570453482496261379863126132545779135628264967813716412535761879591038620058561723147 0 0 0 0 0 0 0 0 0 0 0 0 0 0 0 0 0 0 0 0 0 0 0 0 0 0 0 0 0 0 0 0 0 0 0 0 0 0 0 0 0 0 0 0 0 0 0 0 0 0 0 0 0 0 0 0 0 0 0 0 0 0 0 0 0 0 1 0 0 0 0 0 0 0 0 0 0 0 0 0 0 0 0 0 0 0 0 0 0 0 0 0 0 0 0 0 0 0 0 0 0 0 0 0 0 0 0 0 0]
[2922131280860708363274855154676713821567064428910173108250743418616358894274400981258237345691584147850980191967161629765932835974812863305183884712910859728145077294235349781109318496315102377473291541233541639691874394085507166472038482674374857040541983645484534693010559716249090702401717693318972131753346057093876546955782668 0 0 0 0 0 0 0 0 0 0 0 0 0 0 0 0 0 0 0 0 0 0 0 0 0 0 0 0 0 0 0 0 0 0 0 0 0 0 0 0 0 0 0 0 0 0 0 0 0 0 0 0 0 0 0 0 0 0 0 0 0 0 0 0 0 0 0 1 0 0 0 0 0 0 0 0 0 0 0 0 0 0 0 0 0 0 0 0 0 0 0 0 0 0 0 0 0 0 0 0 0 0 0 0 0 0 0 0 0]
[7249439420219521668728046664512758408246232374432553652759454596086706139913492738380471176875830984580168874013825790359136370927613781746337918458736819168066737136651896312546407510340915546769155644711465651306906906926770087441112693770850939830900787154378117765763770223836964517175311280321915707275467844546125787397274676 0 0 0 0 0 0 0 0 0 0 0 0 0 0 0 0 0 0 0 0 0 0 0 0 0 0 0 0 0 0 0 0 0 0 0 0 0 0 0 0 0 0 0 0 0 0 0 0 0 0 0 0 0 0 0 0 0 0 0 0 0 0 0 0 0 0 0 0 1 0 0 0 0 0 0 0 0 0 0 0 0 0 0 0 0 0 0 0 0 0 0 0 0 0 0 0 0 0 0 0 0 0 0 0 0 0 0 0 0]
[7740219337269994226663668965240823769252916778200396899468721271733226005081411930134630699452694648085932578718602027567096631345740000043492956141013537871619367888415725053654917771941558068192713567608390305629985452153071036833725368838742359289126107381901473241127328253886335044009353084422019942809202223032599388713553239 0 0 0 0 0 0 0 0 0 0 0 0 0 0 0 0 0 0 0 0 0 0 0 0 0 0 0 0 0 0 0 0 0 0 0 0 0 0 0 0 0 0 0 0 0 0 0 0 0 0 0 0 0 0 0 0 0 0 0 0 0 0 0 0 0 0 0 0 0 1 0 0 0 0 0 0 0 0 0 0 0 0 0 0 0 0 0 0 0 0 0 0 0 0 0 0 0 0 0 0 0 0 0 0 0 0 0 0 0]
[10408762046024573935394953365355279328372555365913647066977328418862588406498218875514623288157685365398658367152444861201499026263772371358587118015850281943306067157817608933462303547233703628326745172872844951158427917243540453529939722947804226903825133442902382242470175510564725593944441355308455041322500595193440450823085266 0 0 0 0 0 0 0 0 0 0 0 0 0 0 0 0 0 0 0 0 0 0 0 0 0 0 0 0 0 0 0 0 0 0 0 0 0 0 0 0 0 0 0 0 0 0 0 0 0 0 0 0 0 0 0 0 0 0 0 0 0 0 0 0 0 0 0 0 0 0 1 0 0 0 0 0 0 0 0 0 0 0 0 0 0 0 0 0 0 0 0 0 0 0 0 0 0 0 0 0 0 0 0 0 0 0 0 0 0]
[663281757538588325915956863163332604811760421901340911255015334589291601485686935660305244779277014080851968897681320410066601094675474623861784886861687670472135365331644028667219049038164110773136202032791167914421481403496936404597014829474052471705774633722876117508616534441962350332614170439729759114326881024151537026987797 0 0 0 0 0 0 0 0 0 0 0 0 0 0 0 0 0 0 0 0 0 0 0 0 0 0 0 0 0 0 0 0 0 0 0 0 0 0 0 0 0 0 0 0 0 0 0 0 0 0 0 0 0 0 0 0 0 0 0 0 0 0 0 0 0 0 0 0 0 0 0 1 0 0 0 0 0 0 0 0 0 0 0 0 0 0 0 0 0 0 0 0 0 0 0 0 0 0 0 0 0 0 0 0 0 0 0 0 0]
[6904862016233580076728016821560855494731738701149153042709421854699449342362073185699148418744003865191447261017856896117114706651617618679514931171788728427539967151502113600278154225632145876950775283312119138414902977348733939482586457188955158248976153548771434379971872034649729453685742895558893756966329744538850641011684056 0 0 0 0 0 0 0 0 0 0 0 0 0 0 0 0 0 0 0 0 0 0 0 0 0 0 0 0 0 0 0 0 0 0 0 0 0 0 0 0 0 0 0 0 0 0 0 0 0 0 0 0 0 0 0 0 0 0 0 0 0 0 0 0 0 0 0 0 0 0 0 0 1 0 0 0 0 0 0 0 0 0 0 0 0 0 0 0 0 0 0 0 0 0 0 0 0 0 0 0 0 0 0 0 0 0 0 0 0]
[769201082755228472317258232067607315109079394768506297253308164165357838677723793455650950031608161510022271169375909598710895857448408653600461402526622611233836302418438882202092591112201450554417507905555365536889126228007166391570248537355977968615806993219670350314677021434714715839111910660712593292284734075211468116554745 0 0 0 0 0 0 0 0 0 0 0 0 0 0 0 0 0 0 0 0 0 0 0 0 0 0 0 0 0 0 0 0 0 0 0 0 0 0 0 0 0 0 0 0 0 0 0 0 0 0 0 0 0 0 0 0 0 0 0 0 0 0 0 0 0 0 0 0 0 0 0 0 0 1 0 0 0 0 0 0 0 0 0 0 0 0 0 0 0 0 0 0 0 0 0 0 0 0 0 0 0 0 0 0 0 0 0 0 0]
[4630813493460398470663599796370355644619313995070158481187597557313665242939827166778648200472649050216398792608861542275741172347214545698757749076538813230453100216862287037323367604243935231306041518999699994099485686651874380354103989216760590065452847562390214819936745674603509386095813551916338004985565076317042649593848231 0 0 0 0 0 0 0 0 0 0 0 0 0 0 0 0 0 0 0 0 0 0 0 0 0 0 0 0 0 0 0 0 0 0 0 0 0 0 0 0 0 0 0 0 0 0 0 0 0 0 0 0 0 0 0 0 0 0 0 0 0 0 0 0 0 0 0 0 0 0 0 0 0 0 1 0 0 0 0 0 0 0 0 0 0 0 0 0 0 0 0 0 0 0 0 0 0 0 0 0 0 0 0 0 0 0 0 0 0]
[6252175007701116239393645423606422635535720686726595131871620974050542401447496225401270116553554965346794428266149502097176063453223421427803527143760869888987803457271712710352725473904142792514807276319355765903620003991479182943886050357021197893309496382986061330238319717758213494692930756268751787253338181644321593993490230 0 0 0 0 0 0 0 0 0 0 0 0 0 0 0 0 0 0 0 0 0 0 0 0 0 0 0 0 0 0 0 0 0 0 0 0 0 0 0 0 0 0 0 0 0 0 0 0 0 0 0 0 0 0 0 0 0 0 0 0 0 0 0 0 0 0 0 0 0 0 0 0 0 0 0 1 0 0 0 0 0 0 0 0 0 0 0 0 0 0 0 0 0 0 0 0 0 0 0 0 0 0 0 0 0 0 0 0 0]
[2964452293464337438829502416218870406113358020464448585641309633827109708319420068123298558324227493068536288502089856538729053719396786723106284699888079777476094260958185889745560121196553336828338867985536712188786360455257400337975821919070106854015551090239040451733428683140347410362794555438864700627612124593412422557441243 0 0 0 0 0 0 0 0 0 0 0 0 0 0 0 0 0 0 0 0 0 0 0 0 0 0 0 0 0 0 0 0 0 0 0 0 0 0 0 0 0 0 0 0 0 0 0 0 0 0 0 0 0 0 0 0 0 0 0 0 0 0 0 0 0 0 0 0 0 0 0 0 0 0 0 0 1 0 0 0 0 0 0 0 0 0 0 0 0 0 0 0 0 0 0 0 0 0 0 0 0 0 0 0 0 0 0 0 0]
[2436040230382990027876084201227040796667597324628023090727027045230249703440472773655807210454925263930789220088247162890658405355254621960782382346387348744988260233593199982494598357540714589082862372860260280563112903338757852174784971227410983799499670956315304249615350162128086792923686838360958913172388325028115440890820438 0 0 0 0 0 0 0 0 0 0 0 0 0 0 0 0 0 0 0 0 0 0 0 0 0 0 0 0 0 0 0 0 0 0 0 0 0 0 0 0 0 0 0 0 0 0 0 0 0 0 0 0 0 0 0 0 0 0 0 0 0 0 0 0 0 0 0 0 0 0 0 0 0 0 0 0 0 1 0 0 0 0 0 0 0 0 0 0 0 0 0 0 0 0 0 0 0 0 0 0 0 0 0 0 0 0 0 0 0]
[11066908238594483452967623460396763884916864369453242798482654925378386112940621433355504259299449186532483676187641047845283813969421257937567335410125049201117840425416624204364591612550376646179663293897426956977493065280529411532507665156273361227225623513336803889693715093116865982822948671895715649643789923860800600883326947 0 0 0 0 0 0 0 0 0 0 0 0 0 0 0 0 0 0 0 0 0 0 0 0 0 0 0 0 0 0 0 0 0 0 0 0 0 0 0 0 0 0 0 0 0 0 0 0 0 0 0 0 0 0 0 0 0 0 0 0 0 0 0 0 0 0 0 0 0 0 0 0 0 0 0 0 0 0 1 0 0 0 0 0 0 0 0 0 0 0 0 0 0 0 0 0 0 0 0 0 0 0 0 0 0 0 0 0 0]
[756247244396541535341337972329388677658633621994710012287711808351906385492595247189237825263639129851213915822914097856808912518471088949055978719054440892526030108078950189603370986977369692656775524006872156312096047508422344856436754564048349785444020628783205816692161602705529471787030511656759042492788321767105773796245192 0 0 0 0 0 0 0 0 0 0 0 0 0 0 0 0 0 0 0 0 0 0 0 0 0 0 0 0 0 0 0 0 0 0 0 0 0 0 0 0 0 0 0 0 0 0 0 0 0 0 0 0 0 0 0 0 0 0 0 0 0 0 0 0 0 0 0 0 0 0 0 0 0 0 0 0 0 0 0 1 0 0 0 0 0 0 0 0 0 0 0 0 0 0 0 0 0 0 0 0 0 0 0 0 0 0 0 0 0]
[2765426022879631378720350634019078327640514242696877539167310162435882082422394802558046212015069161574075983587539946972324662263426316323839775536655513301837557870190326501182180615893959826918116595469320395602984125144484637656709153424725504429429103892072393612635652948847438418190073405556908076126747601137381346697081275 0 0 0 0 0 0 0 0 0 0 0 0 0 0 0 0 0 0 0 0 0 0 0 0 0 0 0 0 0 0 0 0 0 0 0 0 0 0 0 0 0 0 0 0 0 0 0 0 0 0 0 0 0 0 0 0 0 0 0 0 0 0 0 0 0 0 0 0 0 0 0 0 0 0 0 0 0 0 0 0 1 0 0 0 0 0 0 0 0 0 0 0 0 0 0 0 0 0 0 0 0 0 0 0 0 0 0 0 0]
[1280552781172162855162437428783225690516294526282170093415798094136870342610461638706702427402937880946893921942194710669365802209973681662053076346542123727920997260919852530846539983706896436611390376907925308754572415690363974142731727962287616353511774979892373018534458157750852593204735389722616073566686380195788470168278954 0 0 0 0 0 0 0 0 0 0 0 0 0 0 0 0 0 0 0 0 0 0 0 0 0 0 0 0 0 0 0 0 0 0 0 0 0 0 0 0 0 0 0 0 0 0 0 0 0 0 0 0 0 0 0 0 0 0 0 0 0 0 0 0 0 0 0 0 0 0 0 0 0 0 0 0 0 0 0 0 0 1 0 0 0 0 0 0 0 0 0 0 0 0 0 0 0 0 0 0 0 0 0 0 0 0 0 0 0]
[10292016249568034354600979724983671247265862372660236830389513011380258039153681168281157199228214132234963426019532751421384317074461767627817215989146279326817203160247175071653170373291706483623639205865722078490458293114113436685823964150153344678622968299210643273294543195144531346156714424292834904581088753666133181816770244 0 0 0 0 0 0 0 0 0 0 0 0 0 0 0 0 0 0 0 0 0 0 0 0 0 0 0 0 0 0 0 0 0 0 0 0 0 0 0 0 0 0 0 0 0 0 0 0 0 0 0 0 0 0 0 0 0 0 0 0 0 0 0 0 0 0 0 0 0 0 0 0 0 0 0 0 0 0 0 0 0 0 1 0 0 0 0 0 0 0 0 0 0 0 0 0 0 0 0 0 0 0 0 0 0 0 0 0 0]
[4979538554534470803108496199868995738660958268084782159723192226966047098053294927562058688788114553198852502474261385709216091824916566567368131133893779277348158226627823760370933191452502829040474531818596934277296407505990327636048304448110648458854219188577021897608525453038609504870942718548304431053550333373658854042144188 0 0 0 0 0 0 0 0 0 0 0 0 0 0 0 0 0 0 0 0 0 0 0 0 0 0 0 0 0 0 0 0 0 0 0 0 0 0 0 0 0 0 0 0 0 0 0 0 0 0 0 0 0 0 0 0 0 0 0 0 0 0 0 0 0 0 0 0 0 0 0 0 0 0 0 0 0 0 0 0 0 0 0 1 0 0 0 0 0 0 0 0 0 0 0 0 0 0 0 0 0 0 0 0 0 0 0 0 0]
[1856604457775543721875179619335049255688425177927236761083728254187332258544713629254958448987811775974517803869836559449673912708739043047371379785434315565819448511959399884457450297430574740182347921189141773445340480962562952845278400848770933179146429537723908193648110797715358737847673826604100329360739522481937913888835023 0 0 0 0 0 0 0 0 0 0 0 0 0 0 0 0 0 0 0 0 0 0 0 0 0 0 0 0 0 0 0 0 0 0 0 0 0 0 0 0 0 0 0 0 0 0 0 0 0 0 0 0 0 0 0 0 0 0 0 0 0 0 0 0 0 0 0 0 0 0 0 0 0 0 0 0 0 0 0 0 0 0 0 0 1 0 0 0 0 0 0 0 0 0 0 0 0 0 0 0 0 0 0 0 0 0 0 0 0]
[10863900730526696547588845319826035117885895175259612868244249417523152668562879194984429821547076340425343020274331976097693951469488756409935631879990456273837041886638814968899147829356897097217249333048967615626802378076182411067558748674215128922498408650821823799753190898816294756639384933990279456831909084604393295756974231 0 0 0 0 0 0 0 0 0 0 0 0 0 0 0 0 0 0 0 0 0 0 0 0 0 0 0 0 0 0 0 0 0 0 0 0 0 0 0 0 0 0 0 0 0 0 0 0 0 0 0 0 0 0 0 0 0 0 0 0 0 0 0 0 0 0 0 0 0 0 0 0 0 0 0 0 0 0 0 0 0 0 0 0 0 1 0 0 0 0 0 0 0 0 0 0 0 0 0 0 0 0 0 0 0 0 0 0 0]
[6398418033348517587746378483975853423404922707972899481655674601036180939964121968295247165799153398398559200773346966074463524653070526573286205186134538103897640514270969439712831687261550778988465551867379012358742319561347984976201056399331172673734911711919842641217253405312913397498052970071809989870942790572141909576409131 0 0 0 0 0 0 0 0 0 0 0 0 0 0 0 0 0 0 0 0 0 0 0 0 0 0 0 0 0 0 0 0 0 0 0 0 0 0 0 0 0 0 0 0 0 0 0 0 0 0 0 0 0 0 0 0 0 0 0 0 0 0 0 0 0 0 0 0 0 0 0 0 0 0 0 0 0 0 0 0 0 0 0 0 0 0 1 0 0 0 0 0 0 0 0 0 0 0 0 0 0 0 0 0 0 0 0 0 0]
[9941002263818682491691064379380581360520865762674879892987478366812155414311306158240563143063096219401302830842209951109003663300737344439404778305104395247821177401775175333372762688621436763088842049726558527849934285855458566118462624394269011308600029934018754264090837448390990981592524012184711988360639282157227592345799917 0 0 0 0 0 0 0 0 0 0 0 0 0 0 0 0 0 0 0 0 0 0 0 0 0 0 0 0 0 0 0 0 0 0 0 0 0 0 0 0 0 0 0 0 0 0 0 0 0 0 0 0 0 0 0 0 0 0 0 0 0 0 0 0 0 0 0 0 0 0 0 0 0 0 0 0 0 0 0 0 0 0 0 0 0 0 0 1 0 0 0 0 0 0 0 0 0 0 0 0 0 0 0 0 0 0 0 0 0]
[7874044297967726964435135203462381551324820062700030485951824806025667525855111307809385068241505180021723823950619202957088848171619940294178656867518275019155242921127580721033576939328717281278144926817570323581297846197968530087373479924284838795737840625501358692492721500291739654422968717881804073159017279820644638506056587 0 0 0 0 0 0 0 0 0 0 0 0 0 0 0 0 0 0 0 0 0 0 0 0 0 0 0 0 0 0 0 0 0 0 0 0 0 0 0 0 0 0 0 0 0 0 0 0 0 0 0 0 0 0 0 0 0 0 0 0 0 0 0 0 0 0 0 0 0 0 0 0 0 0 0 0 0 0 0 0 0 0 0 0 0 0 0 0 1 0 0 0 0 0 0 0 0 0 0 0 0 0 0 0 0 0 0 0 0]
[9663492065353536806596617740258270064453153379265140057743944597649138947704688275208495233558035902001457295448673378186529314804820779972701442651759855096394675571403069485196977499096963955216186918491426423325680833404850013476246244607025636555346303058178710928938533326771378625068823202432823370991246927955799264285863318 0 0 0 0 0 0 0 0 0 0 0 0 0 0 0 0 0 0 0 0 0 0 0 0 0 0 0 0 0 0 0 0 0 0 0 0 0 0 0 0 0 0 0 0 0 0 0 0 0 0 0 0 0 0 0 0 0 0 0 0 0 0 0 0 0 0 0 0 0 0 0 0 0 0 0 0 0 0 0 0 0 0 0 0 0 0 0 0 0 1 0 0 0 0 0 0 0 0 0 0 0 0 0 0 0 0 0 0 0]
[6213801673903829010299290010252781937570884563317635726842945856827869099248016558920542984065269745967025132034881883916822114881303500328038901016209303986040986330002430042113125830356108937095118030679415205282734391474763794446326789567663832703048804536820218362072504213166389122583077985592675216438730143091482648195149136 0 0 0 0 0 0 0 0 0 0 0 0 0 0 0 0 0 0 0 0 0 0 0 0 0 0 0 0 0 0 0 0 0 0 0 0 0 0 0 0 0 0 0 0 0 0 0 0 0 0 0 0 0 0 0 0 0 0 0 0 0 0 0 0 0 0 0 0 0 0 0 0 0 0 0 0 0 0 0 0 0 0 0 0 0 0 0 0 0 0 1 0 0 0 0 0 0 0 0 0 0 0 0 0 0 0 0 0 0]
[10613556365583172703104970790116574165491641804187414953898157955029678844378866867940179958753423639672025002648409321873301740101239828137497005770306539675818043571280427734095481798562925249957957411670877280954489608330086155166196867494422406635671303696595131100188791656658233011112270111555926989282620145075619792993220231 0 0 0 0 0 0 0 0 0 0 0 0 0 0 0 0 0 0 0 0 0 0 0 0 0 0 0 0 0 0 0 0 0 0 0 0 0 0 0 0 0 0 0 0 0 0 0 0 0 0 0 0 0 0 0 0 0 0 0 0 0 0 0 0 0 0 0 0 0 0 0 0 0 0 0 0 0 0 0 0 0 0 0 0 0 0 0 0 0 0 0 1 0 0 0 0 0 0 0 0 0 0 0 0 0 0 0 0 0]
[9927158421564029342456456446845855180363441285997660919699746450687255713156486476162959153319278096036008676375767790467997483775281961422017298084536433803265595744502077221578657863319720196764066317012490121717493082962606304741240693580741987486001595787592432908129074316723841958103451263616180033721826252584239966776997601 0 0 0 0 0 0 0 0 0 0 0 0 0 0 0 0 0 0 0 0 0 0 0 0 0 0 0 0 0 0 0 0 0 0 0 0 0 0 0 0 0 0 0 0 0 0 0 0 0 0 0 0 0 0 0 0 0 0 0 0 0 0 0 0 0 0 0 0 0 0 0 0 0 0 0 0 0 0 0 0 0 0 0 0 0 0 0 0 0 0 0 0 1 0 0 0 0 0 0 0 0 0 0 0 0 0 0 0 0]
[5492323419199908550939453065133118226623813430831453866316896213221467281646895082734374748717368972222075642602577974482446545111538068463344717446538266812776451646312035252283212024075958898646101773235858171502821730004197274200096367961732678759513487541795244803912538277860537948810704447918253407394065223731591046352030681 0 0 0 0 0 0 0 0 0 0 0 0 0 0 0 0 0 0 0 0 0 0 0 0 0 0 0 0 0 0 0 0 0 0 0 0 0 0 0 0 0 0 0 0 0 0 0 0 0 0 0 0 0 0 0 0 0 0 0 0 0 0 0 0 0 0 0 0 0 0 0 0 0 0 0 0 0 0 0 0 0 0 0 0 0 0 0 0 0 0 0 0 0 1 0 0 0 0 0 0 0 0 0 0 0 0 0 0 0]
[775044612536288012194091086642859378464152247229265471658485938467572927422553446776354538935876684865654436193273991394066211145454520375925274251871842685902407172045975204417704188502059979706083354146789633345118513304894691772815964629734393772275662281348856232757895601494666952412944125912360551258996273019758409473361215 0 0 0 0 0 0 0 0 0 0 0 0 0 0 0 0 0 0 0 0 0 0 0 0 0 0 0 0 0 0 0 0 0 0 0 0 0 0 0 0 0 0 0 0 0 0 0 0 0 0 0 0 0 0 0 0 0 0 0 0 0 0 0 0 0 0 0 0 0 0 0 0 0 0 0 0 0 0 0 0 0 0 0 0 0 0 0 0 0 0 0 0 0 0 1 0 0 0 0 0 0 0 0 0 0 0 0 0 0]
[3548409295349811049314190055573999113148184837490016507717474440237825287178386015793837665964458673737824530414199345056119098699691043128889653547019453848735253192497103728808622345765734465218293617673087003161503279469999662083290110257589425125456438996090229644199504726226702003970306066706022032995430942762545584421989450 0 0 0 0 0 0 0 0 0 0 0 0 0 0 0 0 0 0 0 0 0 0 0 0 0 0 0 0 0 0 0 0 0 0 0 0 0 0 0 0 0 0 0 0 0 0 0 0 0 0 0 0 0 0 0 0 0 0 0 0 0 0 0 0 0 0 0 0 0 0 0 0 0 0 0 0 0 0 0 0 0 0 0 0 0 0 0 0 0 0 0 0 0 0 0 1 0 0 0 0 0 0 0 0 0 0 0 0 0]
[2655051186927246590518704021793795621091900199445745660856789959763649156682593790172503960767245140791744558828066237677107633228605314779582825620129450050316856427827009626022226361977646707327782250726439812595452838818792099974465982843738025076608624820665036109700178059442469580660925059079492817638441998203006024291458095 0 0 0 0 0 0 0 0 0 0 0 0 0 0 0 0 0 0 0 0 0 0 0 0 0 0 0 0 0 0 0 0 0 0 0 0 0 0 0 0 0 0 0 0 0 0 0 0 0 0 0 0 0 0 0 0 0 0 0 0 0 0 0 0 0 0 0 0 0 0 0 0 0 0 0 0 0 0 0 0 0 0 0 0 0 0 0 0 0 0 0 0 0 0 0 0 1 0 0 0 0 0 0 0 0 0 0 0 0]
[665916804581092657315318249343801120599175760013858642004763463423088737711161292851983317027928189197350226539814748991805826742641161637658089364143669107820296021934402293344688590507403689476362287308453316478493628099968897372666252205775453262107844135378611288859665346923302554004761739519034068485066924201987070949916696 0 0 0 0 0 0 0 0 0 0 0 0 0 0 0 0 0 0 0 0 0 0 0 0 0 0 0 0 0 0 0 0 0 0 0 0 0 0 0 0 0 0 0 0 0 0 0 0 0 0 0 0 0 0 0 0 0 0 0 0 0 0 0 0 0 0 0 0 0 0 0 0 0 0 0 0 0 0 0 0 0 0 0 0 0 0 0 0 0 0 0 0 0 0 0 0 0 1 0 0 0 0 0 0 0 0 0 0 0]
[10599935047291699519822041717395948740446472574052823894951783856221548560282738252509992005327632851494591981500142730977496759621951204477701937323407878667537040454322747413848381008496594425931145405966820284729840206683625784293994260078804294873080697307482007637066559708142740899871098694089805780183811664346906313307423933 0 0 0 0 0 0 0 0 0 0 0 0 0 0 0 0 0 0 0 0 0 0 0 0 0 0 0 0 0 0 0 0 0 0 0 0 0 0 0 0 0 0 0 0 0 0 0 0 0 0 0 0 0 0 0 0 0 0 0 0 0 0 0 0 0 0 0 0 0 0 0 0 0 0 0 0 0 0 0 0 0 0 0 0 0 0 0 0 0 0 0 0 0 0 0 0 0 0 1 0 0 0 0 0 0 0 0 0 0]
[5026954963545621828604575835643508046162912693420023200603460153092828539645460419647799026805941132641735658797720248776952697687030002415481167313798742657636464238850939245157917705114768449568806844193375334208868607860156665785925825250185138716689550549705428929441957861125115281474312373057741381889436596396936616888371643 0 0 0 0 0 0 0 0 0 0 0 0 0 0 0 0 0 0 0 0 0 0 0 0 0 0 0 0 0 0 0 0 0 0 0 0 0 0 0 0 0 0 0 0 0 0 0 0 0 0 0 0 0 0 0 0 0 0 0 0 0 0 0 0 0 0 0 0 0 0 0 0 0 0 0 0 0 0 0 0 0 0 0 0 0 0 0 0 0 0 0 0 0 0 0 0 0 0 0 1 0 0 0 0 0 0 0 0 0]
[9688850098474342370300252284875427195145561542276351011624074118257846006724264734812357640629640502301119379606089209416654009613016551619371500627748383107024803166022099237941655415291988887348206893062096411724527536437113184018634928750800779912474291290205193059978991969737545968170335829986384515720172273549584519054708350 0 0 0 0 0 0 0 0 0 0 0 0 0 0 0 0 0 0 0 0 0 0 0 0 0 0 0 0 0 0 0 0 0 0 0 0 0 0 0 0 0 0 0 0 0 0 0 0 0 0 0 0 0 0 0 0 0 0 0 0 0 0 0 0 0 0 0 0 0 0 0 0 0 0 0 0 0 0 0 0 0 0 0 0 0 0 0 0 0 0 0 0 0 0 0 0 0 0 0 0 1 0 0 0 0 0 0 0 0]
[809532025785448991366183138329915775311878596219582020637848830104966041708159086475513123933775187942116440445475387875224543231159064272866926389003060933187779705690507990146632365856602704508002876295160602123672359176952291063130811706269651141265624447210051945243558621911781760925463771035852393609794763010670191197154413 0 0 0 0 0 0 0 0 0 0 0 0 0 0 0 0 0 0 0 0 0 0 0 0 0 0 0 0 0 0 0 0 0 0 0 0 0 0 0 0 0 0 0 0 0 0 0 0 0 0 0 0 0 0 0 0 0 0 0 0 0 0 0 0 0 0 0 0 0 0 0 0 0 0 0 0 0 0 0 0 0 0 0 0 0 0 0 0 0 0 0 0 0 0 0 0 0 0 0 0 0 1 0 0 0 0 0 0 0]
[2783550666160558905963966946389529716478274947692129805911918485185619945774805476726838415293121564890125300126127488801756669305681684106108118299555930807068488801686014162508500409703656326447492887209602997933857481380127773708652787003246703680803027024114434420591246315586853089241188263254598613128465724133759314748643652 0 0 0 0 0 0 0 0 0 0 0 0 0 0 0 0 0 0 0 0 0 0 0 0 0 0 0 0 0 0 0 0 0 0 0 0 0 0 0 0 0 0 0 0 0 0 0 0 0 0 0 0 0 0 0 0 0 0 0 0 0 0 0 0 0 0 0 0 0 0 0 0 0 0 0 0 0 0 0 0 0 0 0 0 0 0 0 0 0 0 0 0 0 0 0 0 0 0 0 0 0 0 1 0 0 0 0 0 0]
[259612300817316464767269005484932195287795105815896408730437354791564813913599199823204572506318818999696151015612255812528953813912998198797917973845939243311673130350613408881810789214579712828357616933175560795979221632281131895542749894875465690004994571487845634842986662476046802237798705644538489203638617201988998582207398 0 0 0 0 0 0 0 0 0 0 0 0 0 0 0 0 0 0 0 0 0 0 0 0 0 0 0 0 0 0 0 0 0 0 0 0 0 0 0 0 0 0 0 0 0 0 0 0 0 0 0 0 0 0 0 0 0 0 0 0 0 0 0 0 0 0 0 0 0 0 0 0 0 0 0 0 0 0 0 0 0 0 0 0 0 0 0 0 0 0 0 0 0 0 0 0 0 0 0 0 0 0 0 1 0 0 0 0 0]
[1777059316359710143846514192298392728414342102365050063920209020442290054586063649322962816045663909033772863391124752243145730438633772107148262943092870138043158647174840558418189301420455259572929232473841902487936736240377556025628551581101482410651000855723033423477579594748232674546991762121104401887019701890974367846265132 0 0 0 0 0 0 0 0 0 0 0 0 0 0 0 0 0 0 0 0 0 0 0 0 0 0 0 0 0 0 0 0 0 0 0 0 0 0 0 0 0 0 0 0 0 0 0 0 0 0 0 0 0 0 0 0 0 0 0 0 0 0 0 0 0 0 0 0 0 0 0 0 0 0 0 0 0 0 0 0 0 0 0 0 0 0 0 0 0 0 0 0 0 0 0 0 0 0 0 0 0 0 0 0 1 0 0 0 0]
[634120861422040027848812221496936028811286019856812133470095771321270720288229661808317862532233611197877268038213200259701348093344349400137798334312777811327105449142806506065964967526642691927402592131004375780593737041725706688621667251662576807231588385719939004499409907432373900952651911034746783858681399453534019413462789 0 0 0 0 0 0 0 0 0 0 0 0 0 0 0 0 0 0 0 0 0 0 0 0 0 0 0 0 0 0 0 0 0 0 0 0 0 0 0 0 0 0 0 0 0 0 0 0 0 0 0 0 0 0 0 0 0 0 0 0 0 0 0 0 0 0 0 0 0 0 0 0 0 0 0 0 0 0 0 0 0 0 0 0 0 0 0 0 0 0 0 0 0 0 0 0 0 0 0 0 0 0 0 0 0 1 0 0 0]
[1787810296503992280668531077081441140418158350146465649506056776430579619554676717520003076434727462303642821825554431789009057587093065961380545821744475371460396657033606203267034958922826600762122056420781373816796943488982486708840662562117239594167669568609693054075156366803712994127018285544871036335957981689056124709532155 0 0 0 0 0 0 0 0 0 0 0 0 0 0 0 0 0 0 0 0 0 0 0 0 0 0 0 0 0 0 0 0 0 0 0 0 0 0 0 0 0 0 0 0 0 0 0 0 0 0 0 0 0 0 0 0 0 0 0 0 0 0 0 0 0 0 0 0 0 0 0 0 0 0 0 0 0 0 0 0 0 0 0 0 0 0 0 0 0 0 0 0 0 0 0 0 0 0 0 0 0 0 0 0 0 0 1 0 0]
[1285484502647990542351413533975182239149873238077514066510753166429173269591178775390193772089953639915219453993513846110142780704313418749866997561404752248988664721890901867422191210092285032401751758369634449965458305825045040181892069064540316192418929463719968962251580922832677182171780639259640295796164569930491612889038146 0 0 0 0 0 0 0 0 0 0 0 0 0 0 0 0 0 0 0 0 0 0 0 0 0 0 0 0 0 0 0 0 0 0 0 0 0 0 0 0 0 0 0 0 0 0 0 0 0 0 0 0 0 0 0 0 0 0 0 0 0 0 0 0 0 0 0 0 0 0 0 0 0 0 0 0 0 0 0 0 0 0 0 0 0 0 0 0 0 0 0 0 0 0 0 0 0 0 0 0 0 0 0 0 0 0 0 1 0]
[8195133040048284869811704087563025369274230242121695360131577806910911586637202454649989942178494629729720535092854526257499033722619889764662814084620454683761095672220982858913541100462519756699191385134626764330857776936019891068445218947196538658455223207533535972305544308927734377184162254733334379366415933222532228967848647 0 0 0 0 0 0 0 0 0 0 0 0 0 0 0 0 0 0 0 0 0 0 0 0 0 0 0 0 0 0 0 0 0 0 0 0 0 0 0 0 0 0 0 0 0 0 0 0 0 0 0 0 0 0 0 0 0 0 0 0 0 0 0 0 0 0 0 0 0 0 0 0 0 0 0 0 0 0 0 0 0 0 0 0 0 0 0 0 0 0 0 0 0 0 0 0 0 0 0 0 0 0 0 0 0 0 0 0 1]
]
