[[9454674524953887701459036428329447918175359843558119861344875162982014216383541919690844484501637258391267603646386343680497529839758063640785844149637225798692946576668272424763186643148232125333939309686708230346386934365177490720251430499679568327478199024383354248009045270865264143661134857229879915734110842823922013093629409 0 0 0 0 0 0 0 0 0 0 0 0 0 0 0 0 0 0 0 0 0 0 0 0 0 0 0 0 0 0 0 0 0 0 0 0 0 0 0 0 0 0 0 0 0 0 0 0 0 0 0 0 0 0 0 0 0 0 0 0 0 0 0 0 0 0 0 0 0 0 0 0 0 0 0 0 0 0 0 0 0 0 0 0 0 0 0 0 0 0 0 0 0 0 0 0 0 0 0 0 0 0 0 0 0 0 0 0 0]
[3166858550122046736423902040841213950201296310601952669703501077197659077092213823470431227850429111838520563044226147093080562334508309574324005126700888366514363293068358049430008884114589640882117801327534955370225829584064789343922690332528784156204211990716222937493069455814922669922743152153067495863416305351241291932845103 1 0 0 0 0 0 0 0 0 0 0 0 0 0 0 0 0 0 0 0 0 0 0 0 0 0 0 0 0 0 0 0 0 0 0 0 0 0 0 0 0 0 0 0 0 0 0 0 0 0 0 0 0 0 0 0 0 0 0 0 0 0 0 0 0 0 0 0 0 0 0 0 0 0 0 0 0 0 0 0 0 0 0 0 0 0 0 0 0 0 0 0 0 0 0 0 0 0 0 0 0 0 0 0 0 0 0 0 0]
[6405223754579307181884032180306428684453259795776433273379914823062066458974870065269721736246485414037255387658659006243277721433635135837371454231322542583976903286624258674341153923036946407506390894831408563079477040509158569547424445128049298330452179208346758130052891032243842125924420783559781792913521743499905509173322607 0 1 0 0 0 0 0 0 0 0 0 0 0 0 0 0 0 0 0 0 0 0 0 0 0 0 0 0 0 0 0 0 0 0 0 0 0 0 0 0 0 0 0 0 0 0 0 0 0 0 0 0 0 0 0 0 0 0 0 0 0 0 0 0 0 0 0 0 0 0 0 0 0 0 0 0 0 0 0 0 0 0 0 0 0 0 0 0 0 0 0 0 0 0 0 0 0 0 0 0 0 0 0 0 0 0 0 0 0]
[1318046155149366385630625135984717248291764031779756903827053551930931995440849357471891626893881128302965622231325358155307770619046680229159277333874216499482009011604867389323614633223266139154240745168744444543528714933202850057196934922483568728871707867470075791027577338780155369843258000311924254927724905920300942819209353 0 0 1 0 0 0 0 0 0 0 0 0 0 0 0 0 0 0 0 0 0 0 0 0 0 0 0 0 0 0 0 0 0 0 0 0 0 0 0 0 0 0 0 0 0 0 0 0 0 0 0 0 0 0 0 0 0 0 0 0 0 0 0 0 0 0 0 0 0 0 0 0 0 0 0 0 0 0 0 0 0 0 0 0 0 0 0 0 0 0 0 0 0 0 0 0 0 0 0 0 0 0 0 0 0 0 0 0 0]
[9052449289504949745154022529675540313461235892893474414133430499746775916457714402024893207462721911974905194683740449562395113053022001208847360054772084436194564521624289247233638710039222047372639220554791238675907148179684985939136050739527964389331922560933431397541712881726216516406314529992395374211919660539227953638471245 0 0 0 1 0 0 0 0 0 0 0 0 0 0 0 0 0 0 0 0 0 0 0 0 0 0 0 0 0 0 0 0 0 0 0 0 0 0 0 0 0 0 0 0 0 0 0 0 0 0 0 0 0 0 0 0 0 0 0 0 0 0 0 0 0 0 0 0 0 0 0 0 0 0 0 0 0 0 0 0 0 0 0 0 0 0 0 0 0 0 0 0 0 0 0 0 0 0 0 0 0 0 0 0 0 0 0 0 0]
[9139052222982945577805920957552413290627429161890783513195245897044817960779937897197837994355559647256270464611664724969647932906486717434194759941220057477777213130747717318585985782322820350923166287419227461863665601018188607367434922602316771217554957433914105859735180461198982043190226351094102612817371510181837755533121365 0 0 0 0 1 0 0 0 0 0 0 0 0 0 0 0 0 0 0 0 0 0 0 0 0 0 0 0 0 0 0 0 0 0 0 0 0 0 0 0 0 0 0 0 0 0 0 0 0 0 0 0 0 0 0 0 0 0 0 0 0 0 0 0 0 0 0 0 0 0 0 0 0 0 0 0 0 0 0 0 0 0 0 0 0 0 0 0 0 0 0 0 0 0 0 0 0 0 0 0 0 0 0 0 0 0 0 0 0]
[991745409961457488824237354596419096306038424580201039018822377394535787622870127143915222415928634776752811160544494463597721241737656565882167566853930205900941532351091562691977488132242628987035265053725149311423066835458684501174058281522356055161786545379199324350931496733748205964360323056868510710222848289171242146035203 0 0 0 0 0 1 0 0 0 0 0 0 0 0 0 0 0 0 0 0 0 0 0 0 0 0 0 0 0 0 0 0 0 0 0 0 0 0 0 0 0 0 0 0 0 0 0 0 0 0 0 0 0 0 0 0 0 0 0 0 0 0 0 0 0 0 0 0 0 0 0 0 0 0 0 0 0 0 0 0 0 0 0 0 0 0 0 0 0 0 0 0 0 0 0 0 0 0 0 0 0 0 0 0 0 0 0 0 0]
[6770245904242839496518207104107258890591960059490764856227834162620635754969091517364179415082137891078865711831381475857233949202016370436941565563669437079648521320469691974159811183292395682517605853061434095415582255011638557725747084062619655566252480805250322986023689483056859450586788307594677042656199665909891295095485207 0 0 0 0 0 0 1 0 0 0 0 0 0 0 0 0 0 0 0 0 0 0 0 0 0 0 0 0 0 0 0 0 0 0 0 0 0 0 0 0 0 0 0 0 0 0 0 0 0 0 0 0 0 0 0 0 0 0 0 0 0 0 0 0 0 0 0 0 0 0 0 0 0 0 0 0 0 0 0 0 0 0 0 0 0 0 0 0 0 0 0 0 0 0 0 0 0 0 0 0 0 0 0 0 0 0 0 0 0]
[721384003714662607234039788660030331061492171747484718909726098766231435728255880019472324936778576907964096313480558586318255512126566035219505524788470376614615347773684627262029177441095351445914165960258788826725021389607850154235107427092598471740997012105712294582186163151723144412026894288953986363406583469822929010223195 0 0 0 0 0 0 0 1 0 0 0 0 0 0 0 0 0 0 0 0 0 0 0 0 0 0 0 0 0 0 0 0 0 0 0 0 0 0 0 0 0 0 0 0 0 0 0 0 0 0 0 0 0 0 0 0 0 0 0 0 0 0 0 0 0 0 0 0 0 0 0 0 0 0 0 0 0 0 0 0 0 0 0 0 0 0 0 0 0 0 0 0 0 0 0 0 0 0 0 0 0 0 0 0 0 0 0 0 0]
[7603951282118396650094352384452150136899439613691664410714015829734593555182907623695530662638634605092407085347795755670874630070043282461541204918385101974984290041193756887169301832784267563521852381204173857077501218508405292562599465555860495585389154119247481503827126173557662294934761449364156178045712492463111149319147669 0 0 0 0 0 0 0 0 1 0 0 0 0 0 0 0 0 0 0 0 0 0 0 0 0 0 0 0 0 0 0 0 0 0 0 0 0 0 0 0 0 0 0 0 0 0 0 0 0 0 0 0 0 0 0 0 0 0 0 0 0 0 0 0 0 0 0 0 0 0 0 0 0 0 0 0 0 0 0 0 0 0 0 0 0 0 0 0 0 0 0 0 0 0 0 0 0 0 0 0 0 0 0 0 0 0 0 0 0]
[8065248255220221865851075863070485232330978542345182415271131674234208979322230131230622964890519412647922055079518715591835839029371531893889228520043372404213430427582866713931407860025967314368679669611220708723278116808154204353746196759923645901169881487604581874963291024670302852600726749945323527426943219135115729471712587 0 0 0 0 0 0 0 0 0 1 0 0 0 0 0 0 0 0 0 0 0 0 0 0 0 0 0 0 0 0 0 0 0 0 0 0 0 0 0 0 0 0 0 0 0 0 0 0 0 0 0 0 0 0 0 0 0 0 0 0 0 0 0 0 0 0 0 0 0 0 0 0 0 0 0 0 0 0 0 0 0 0 0 0 0 0 0 0 0 0 0 0 0 0 0 0 0 0 0 0 0 0 0 0 0 0 0 0 0]
[4540352784416647269813958671806557643699839154124978058557000822239093280002257839747358566933279966227476377694146895781994055545381841846104458241990712625047737915293606933983125770983633588511849450324883976196005569039503021168366016280974959061666285597372594060551425517804426119204689124672729143713065636623065326029273422 0 0 0 0 0 0 0 0 0 0 1 0 0 0 0 0 0 0 0 0 0 0 0 0 0 0 0 0 0 0 0 0 0 0 0 0 0 0 0 0 0 0 0 0 0 0 0 0 0 0 0 0 0 0 0 0 0 0 0 0 0 0 0 0 0 0 0 0 0 0 0 0 0 0 0 0 0 0 0 0 0 0 0 0 0 0 0 0 0 0 0 0 0 0 0 0 0 0 0 0 0 0 0 0 0 0 0 0 0]
[8026839281183412219493195028976976502269741283433153040223218100846147045252974939166542627570321797463556284457122317343367547277762190415267019976693408066318728777329935314544306384368892097248629674552717411695811405316294530675898199234628508807830974299202520463258999089096620911235807506877373096249008269503413133668120522 0 0 0 0 0 0 0 0 0 0 0 1 0 0 0 0 0 0 0 0 0 0 0 0 0 0 0 0 0 0 0 0 0 0 0 0 0 0 0 0 0 0 0 0 0 0 0 0 0 0 0 0 0 0 0 0 0 0 0 0 0 0 0 0 0 0 0 0 0 0 0 0 0 0 0 0 0 0 0 0 0 0 0 0 0 0 0 0 0 0 0 0 0 0 0 0 0 0 0 0 0 0 0 0 0 0 0 0 0]
[5386468801225994803518821985631506411780276672872255568712486591988543741447496738689347934505792608533800553342781442409045758804037099959551681422998820743880033013234685753708678699277129094175433497577782064069693750143079334734558235841297731881660430261257983722083289601906580538790025949377438251689347600801862436165637598 0 0 0 0 0 0 0 0 0 0 0 0 1 0 0 0 0 0 0 0 0 0 0 0 0 0 0 0 0 0 0 0 0 0 0 0 0 0 0 0 0 0 0 0 0 0 0 0 0 0 0 0 0 0 0 0 0 0 0 0 0 0 0 0 0 0 0 0 0 0 0 0 0 0 0 0 0 0 0 0 0 0 0 0 0 0 0 0 0 0 0 0 0 0 0 0 0 0 0 0 0 0 0 0 0 0 0 0 0]
[2574998584071882301684858173829731364993110632994767888302140037672435173581905873071132902837739487600154207885463724240555062539635686896917407385807750264934399108825795537428594745607189936338397590243852684506583115618924741406685795782299793333295849755736612054250533499097234158566084049276940544234634791197143751171103011 0 0 0 0 0 0 0 0 0 0 0 0 0 1 0 0 0 0 0 0 0 0 0 0 0 0 0 0 0 0 0 0 0 0 0 0 0 0 0 0 0 0 0 0 0 0 0 0 0 0 0 0 0 0 0 0 0 0 0 0 0 0 0 0 0 0 0 0 0 0 0 0 0 0 0 0 0 0 0 0 0 0 0 0 0 0 0 0 0 0 0 0 0 0 0 0 0 0 0 0 0 0 0 0 0 0 0 0 0]
[1649118960942561371578050812747802131700802663353561191182549584168336495721033357696683184619193396430180959772599830263874164947560102042860253491909985164425737594080538347998241054696848251516848925458547061856869425082532184418991153809018823524793799994386375685607860710659176776277578170039869213974835595297391829695415652 0 0 0 0 0 0 0 0 0 0 0 0 0 0 1 0 0 0 0 0 0 0 0 0 0 0 0 0 0 0 0 0 0 0 0 0 0 0 0 0 0 0 0 0 0 0 0 0 0 0 0 0 0 0 0 0 0 0 0 0 0 0 0 0 0 0 0 0 0 0 0 0 0 0 0 0 0 0 0 0 0 0 0 0 0 0 0 0 0 0 0 0 0 0 0 0 0 0 0 0 0 0 0 0 0 0 0 0 0]
[7404488013620735579824705839478039844492587891899654966760307945303816168291149134254513371390483530986313724423464433786549785277921323743106784107667091465545704699234311542123951772622256976672435825115272113404414706820787359998523042826385893906121830080805494054389313558769772416417053136797295509951295456224114712323836071 0 0 0 0 0 0 0 0 0 0 0 0 0 0 0 1 0 0 0 0 0 0 0 0 0 0 0 0 0 0 0 0 0 0 0 0 0 0 0 0 0 0 0 0 0 0 0 0 0 0 0 0 0 0 0 0 0 0 0 0 0 0 0 0 0 0 0 0 0 0 0 0 0 0 0 0 0 0 0 0 0 0 0 0 0 0 0 0 0 0 0 0 0 0 0 0 0 0 0 0 0 0 0 0 0 0 0 0 0]
[8742492229894139576703797309005630493519750662822653385191055022523124302808426353052197313541614145804457550077156212383415271662777528940704795345155952063436054249525189624503481193850588053575119822483501351943181314754135142049115300740709380383111941117610785326305213336092351973035680830519329034142130165230282012984235833 0 0 0 0 0 0 0 0 0 0 0 0 0 0 0 0 1 0 0 0 0 0 0 0 0 0 0 0 0 0 0 0 0 0 0 0 0 0 0 0 0 0 0 0 0 0 0 0 0 0 0 0 0 0 0 0 0 0 0 0 0 0 0 0 0 0 0 0 0 0 0 0 0 0 0 0 0 0 0 0 0 0 0 0 0 0 0 0 0 0 0 0 0 0 0 0 0 0 0 0 0 0 0 0 0 0 0 0 0]
[2424155730548201853851990714747948241387815875899937943544280653772331340333644388369534605427902376366310113571254909590021225086983447829026222038524625727064969315400206667700814806131100962130951779908134251994655076228420768697913913273051054908996748972882001001992182371295869142375285699740446747427847639217431913513728284 0 0 0 0 0 0 0 0 0 0 0 0 0 0 0 0 0 1 0 0 0 0 0 0 0 0 0 0 0 0 0 0 0 0 0 0 0 0 0 0 0 0 0 0 0 0 0 0 0 0 0 0 0 0 0 0 0 0 0 0 0 0 0 0 0 0 0 0 0 0 0 0 0 0 0 0 0 0 0 0 0 0 0 0 0 0 0 0 0 0 0 0 0 0 0 0 0 0 0 0 0 0 0 0 0 0 0 0 0]
[4236758939316124653879619282489374557364503859372278366064724277951589209535221153143573661603255710907748766163731504242638574456861857309942647479577320221450156148574786813173655619137729355980602381511035052462803442239084938504699098044475197626653136286651952670922273857341157516488152595179689150988959438574893087995356965 0 0 0 0 0 0 0 0 0 0 0 0 0 0 0 0 0 0 1 0 0 0 0 0 0 0 0 0 0 0 0 0 0 0 0 0 0 0 0 0 0 0 0 0 0 0 0 0 0 0 0 0 0 0 0 0 0 0 0 0 0 0 0 0 0 0 0 0 0 0 0 0 0 0 0 0 0 0 0 0 0 0 0 0 0 0 0 0 0 0 0 0 0 0 0 0 0 0 0 0 0 0 0 0 0 0 0 0 0]
[5821866248761897640410224397808485264775918856451798986977424831841109416976948501001349855024083857916846722255451942237699147411306709351387094286507895483916881408668563903425663550288884800896884068346378682017403629346034281701844115710976556021926174627647376831875984002652006020071058470126733345610961467402952649668482074 0 0 0 0 0 0 0 0 0 0 0 0 0 0 0 0 0 0 0 1 0 0 0 0 0 0 0 0 0 0 0 0 0 0 0 0 0 0 0 0 0 0 0 0 0 0 0 0 0 0 0 0 0 0 0 0 0 0 0 0 0 0 0 0 0 0 0 0 0 0 0 0 0 0 0 0 0 0 0 0 0 0 0 0 0 0 0 0 0 0 0 0 0 0 0 0 0 0 0 0 0 0 0 0 0 0 0 0 0]
[2763247285372025795304623987931816803514570164359164874649395256906878925900013164155035839912341675337430771437325155665730277816893064338932044731092034358902090562428898553846529108502631109226105593280483795823905764947979070017830795045073951592081120829914713138557378425360691347009053932013477695219608881239093098782344299 0 0 0 0 0 0 0 0 0 0 0 0 0 0 0 0 0 0 0 0 1 0 0 0 0 0 0 0 0 0 0 0 0 0 0 0 0 0 0 0 0 0 0 0 0 0 0 0 0 0 0 0 0 0 0 0 0 0 0 0 0 0 0 0 0 0 0 0 0 0 0 0 0 0 0 0 0 0 0 0 0 0 0 0 0 0 0 0 0 0 0 0 0 0 0 0 0 0 0 0 0 0 0 0 0 0 0 0 0]
[1921818779812727971463130797061096897403535721813865236800550087366037646559010665984710740862990238960682727197058001021670579196703185950390164623166526432783112544903416126962784113272685133329933439854148277401124310893035804766026694966687619955277781052873984331176870955252294560966246541689649051814315938423302609948517379 0 0 0 0 0 0 0 0 0 0 0 0 0 0 0 0 0 0 0 0 0 1 0 0 0 0 0 0 0 0 0 0 0 0 0 0 0 0 0 0 0 0 0 0 0 0 0 0 0 0 0 0 0 0 0 0 0 0 0 0 0 0 0 0 0 0 0 0 0 0 0 0 0 0 0 0 0 0 0 0 0 0 0 0 0 0 0 0 0 0 0 0 0 0 0 0 0 0 0 0 0 0 0 0 0 0 0 0 0]
[7138894404209661963432972730317052226142366722927536068688364555654075372120872256057136703865251220900361807347991387749989558397224567815264002267217070351328303755510519176808920918755600383030573589819970239191161226799561943562006484537243521881530658111196730819881519343961441439814757175601324923301624205583084749979296235 0 0 0 0 0 0 0 0 0 0 0 0 0 0 0 0 0 0 0 0 0 0 1 0 0 0 0 0 0 0 0 0 0 0 0 0 0 0 0 0 0 0 0 0 0 0 0 0 0 0 0 0 0 0 0 0 0 0 0 0 0 0 0 0 0 0 0 0 0 0 0 0 0 0 0 0 0 0 0 0 0 0 0 0 0 0 0 0 0 0 0 0 0 0 0 0 0 0 0 0 0 0 0 0 0 0 0 0 0]
[8457883212287276796048712068099932436983506994090612507752751931190767126419584337624757353461893064393353186240237630531974512769316889510979342989842010402311410031628578132881083192340998779078471300805936304761198356410665144932361313375572761978907305506539249130412868414669455279817659323253524326134126039367943357464055884 0 0 0 0 0 0 0 0 0 0 0 0 0 0 0 0 0 0 0 0 0 0 0 1 0 0 0 0 0 0 0 0 0 0 0 0 0 0 0 0 0 0 0 0 0 0 0 0 0 0 0 0 0 0 0 0 0 0 0 0 0 0 0 0 0 0 0 0 0 0 0 0 0 0 0 0 0 0 0 0 0 0 0 0 0 0 0 0 0 0 0 0 0 0 0 0 0 0 0 0 0 0 0 0 0 0 0 0 0]
[5617371010316444403659011101781188362338676782326631186746120265719955650024713284761275780058066316863645724306573549602468281240007855077146947361520645933459832287054380985897622703319081827459738138247088311466356670708201986749896673773019122574595897295196369851814343264906699678671099993189920984741530100221585815468400307 0 0 0 0 0 0 0 0 0 0 0 0 0 0 0 0 0 0 0 0 0 0 0 0 1 0 0 0 0 0 0 0 0 0 0 0 0 0 0 0 0 0 0 0 0 0 0 0 0 0 0 0 0 0 0 0 0 0 0 0 0 0 0 0 0 0 0 0 0 0 0 0 0 0 0 0 0 0 0 0 0 0 0 0 0 0 0 0 0 0 0 0 0 0 0 0 0 0 0 0 0 0 0 0 0 0 0 0 0]
[6659371125877294480359022298636924047571001595542459960502288817897723151098178516170212285244263386347685004621370278743815549649213326455406961986233188302159377599772227663340106096343367425780058219933152886784972957555585307375182962740328955263178666904441310639837576767413009732034008421694103312162344463550848195907251932 0 0 0 0 0 0 0 0 0 0 0 0 0 0 0 0 0 0 0 0 0 0 0 0 0 1 0 0 0 0 0 0 0 0 0 0 0 0 0 0 0 0 0 0 0 0 0 0 0 0 0 0 0 0 0 0 0 0 0 0 0 0 0 0 0 0 0 0 0 0 0 0 0 0 0 0 0 0 0 0 0 0 0 0 0 0 0 0 0 0 0 0 0 0 0 0 0 0 0 0 0 0 0 0 0 0 0 0 0]
[2896192008603657386447335811046824860743705617141243109994576252942695266977259887652494195287964197661089206656242026326845157877358200088200725942198517323243328961508452870962016805504064122053677125647948869338665095193835723190775740470075769677689289860473894823255531233620062155938171366715083993908125861738116183262770815 0 0 0 0 0 0 0 0 0 0 0 0 0 0 0 0 0 0 0 0 0 0 0 0 0 0 1 0 0 0 0 0 0 0 0 0 0 0 0 0 0 0 0 0 0 0 0 0 0 0 0 0 0 0 0 0 0 0 0 0 0 0 0 0 0 0 0 0 0 0 0 0 0 0 0 0 0 0 0 0 0 0 0 0 0 0 0 0 0 0 0 0 0 0 0 0 0 0 0 0 0 0 0 0 0 0 0 0 0]
[1237460700321745295911617709603329804314815613481212538854145791341986574778871713367000687027013956861749860954882778163261085175619167619607749048928273648804720727913563508979576301382465445969165862866328624351921092449241484349543021389324300215896485687110733687668355497594501011665894075742616846974739433571242727083589718 0 0 0 0 0 0 0 0 0 0 0 0 0 0 0 0 0 0 0 0 0 0 0 0 0 0 0 1 0 0 0 0 0 0 0 0 0 0 0 0 0 0 0 0 0 0 0 0 0 0 0 0 0 0 0 0 0 0 0 0 0 0 0 0 0 0 0 0 0 0 0 0 0 0 0 0 0 0 0 0 0 0 0 0 0 0 0 0 0 0 0 0 0 0 0 0 0 0 0 0 0 0 0 0 0 0 0 0 0]
[2298631911571626503669059047396105482306675106459294204113052876336134327458614343692707699924852784650044108701995355428918981409857214438747055918309574524592446535536625285548547580107227072554980474905802438886556295439807495673853298042827875690069094696775466095785604529745636544816710995130514840096345072088506900811306493 0 0 0 0 0 0 0 0 0 0 0 0 0 0 0 0 0 0 0 0 0 0 0 0 0 0 0 0 1 0 0 0 0 0 0 0 0 0 0 0 0 0 0 0 0 0 0 0 0 0 0 0 0 0 0 0 0 0 0 0 0 0 0 0 0 0 0 0 0 0 0 0 0 0 0 0 0 0 0 0 0 0 0 0 0 0 0 0 0 0 0 0 0 0 0 0 0 0 0 0 0 0 0 0 0 0 0 0 0]
[8624489260470378736030234086573397948294158932764485686562465890742058410435034209280472759939062507405544865099742076758958069839175532602100104900747098499100052181606297243965808685550336238628986665797183315157892763475420223272264066364666946919211781204777745804354588263887419163021774790279136153791522075587337035067683949 0 0 0 0 0 0 0 0 0 0 0 0 0 0 0 0 0 0 0 0 0 0 0 0 0 0 0 0 0 1 0 0 0 0 0 0 0 0 0 0 0 0 0 0 0 0 0 0 0 0 0 0 0 0 0 0 0 0 0 0 0 0 0 0 0 0 0 0 0 0 0 0 0 0 0 0 0 0 0 0 0 0 0 0 0 0 0 0 0 0 0 0 0 0 0 0 0 0 0 0 0 0 0 0 0 0 0 0 0]
[3877084907439079748122314652615316585176124749388627049031522052303715374148485485618223632267855632626292918853180429305773008394784248924854317894201390327439263050003522941923782473754187034848485187231840454642289716195981583821671891087302816767299551327088779858014453234340457077514521945561728243144389678268772175262631022 0 0 0 0 0 0 0 0 0 0 0 0 0 0 0 0 0 0 0 0 0 0 0 0 0 0 0 0 0 0 1 0 0 0 0 0 0 0 0 0 0 0 0 0 0 0 0 0 0 0 0 0 0 0 0 0 0 0 0 0 0 0 0 0 0 0 0 0 0 0 0 0 0 0 0 0 0 0 0 0 0 0 0 0 0 0 0 0 0 0 0 0 0 0 0 0 0 0 0 0 0 0 0 0 0 0 0 0 0]
[1445827756496552642717697263909113283816209609561961945831964137667937046696425248156438027070718696698790278164737678080684772168820027772877969266067885653673616984778698796101725712609572518846799293440711661033687477004082262488168396088595653453373870603765991456306604653414945391213389989750208771192102718107357442042963272 0 0 0 0 0 0 0 0 0 0 0 0 0 0 0 0 0 0 0 0 0 0 0 0 0 0 0 0 0 0 0 1 0 0 0 0 0 0 0 0 0 0 0 0 0 0 0 0 0 0 0 0 0 0 0 0 0 0 0 0 0 0 0 0 0 0 0 0 0 0 0 0 0 0 0 0 0 0 0 0 0 0 0 0 0 0 0 0 0 0 0 0 0 0 0 0 0 0 0 0 0 0 0 0 0 0 0 0 0]
[635119159861093521814421695133945025722221055293889923995806245143828794511012465976188903835568753660997995021460136917842343581711655033851024513762305582334822333437164512062433969630552070919446725784621767370412530186062266632325281535086484909712211086766611566707077284753724562886305813522033765641056153722277216813148043 0 0 0 0 0 0 0 0 0 0 0 0 0 0 0 0 0 0 0 0 0 0 0 0 0 0 0 0 0 0 0 0 1 0 0 0 0 0 0 0 0 0 0 0 0 0 0 0 0 0 0 0 0 0 0 0 0 0 0 0 0 0 0 0 0 0 0 0 0 0 0 0 0 0 0 0 0 0 0 0 0 0 0 0 0 0 0 0 0 0 0 0 0 0 0 0 0 0 0 0 0 0 0 0 0 0 0 0 0]
[8120460907002057625674762103570075575292651969798331015711380452695324119097929066215696433403780113904004576072143391434036312386831969343532390139058517651333531599621332104426231361478935107411442122210194657885205049046890971717888577358166556554033755834722313804652244899397695526215878695990241435811398407843636639634044273 0 0 0 0 0 0 0 0 0 0 0 0 0 0 0 0 0 0 0 0 0 0 0 0 0 0 0 0 0 0 0 0 0 1 0 0 0 0 0 0 0 0 0 0 0 0 0 0 0 0 0 0 0 0 0 0 0 0 0 0 0 0 0 0 0 0 0 0 0 0 0 0 0 0 0 0 0 0 0 0 0 0 0 0 0 0 0 0 0 0 0 0 0 0 0 0 0 0 0 0 0 0 0 0 0 0 0 0 0]
[7726824410375166192401280146530970788615224242909555381915305894938103266878346245123831087616818023191701243645758423933134645473894227868783200769786197399610110656843468973625467833715551540256317659052975710593241394113120776743017791256352201221192918182467045097441771368612172990882707913654881055526045789354560550799455667 0 0 0 0 0 0 0 0 0 0 0 0 0 0 0 0 0 0 0 0 0 0 0 0 0 0 0 0 0 0 0 0 0 0 1 0 0 0 0 0 0 0 0 0 0 0 0 0 0 0 0 0 0 0 0 0 0 0 0 0 0 0 0 0 0 0 0 0 0 0 0 0 0 0 0 0 0 0 0 0 0 0 0 0 0 0 0 0 0 0 0 0 0 0 0 0 0 0 0 0 0 0 0 0 0 0 0 0 0]
[964079403590655028151323271450415630613224024284719507050874250257349705601597438207065158526264708919474867962825229669078943250852990313198419596840982021775588093506356345621934173866213556501922734289259483865298199293830094768978971385758087077963184203327913955107106266737000290988445671389994174013384268169137748619738690 0 0 0 0 0 0 0 0 0 0 0 0 0 0 0 0 0 0 0 0 0 0 0 0 0 0 0 0 0 0 0 0 0 0 0 1 0 0 0 0 0 0 0 0 0 0 0 0 0 0 0 0 0 0 0 0 0 0 0 0 0 0 0 0 0 0 0 0 0 0 0 0 0 0 0 0 0 0 0 0 0 0 0 0 0 0 0 0 0 0 0 0 0 0 0 0 0 0 0 0 0 0 0 0 0 0 0 0 0]
[2418034162057701406105492829195268479857668939945928599025311503239520443032620421239491923053665106621145374726706002683805900152403996559954206823132470949756244337552780866701979189951406233852675247474997755901325638940180167681886265256017237784991503684672616513878817454302733494449465023872424024296327889252000077312509642 0 0 0 0 0 0 0 0 0 0 0 0 0 0 0 0 0 0 0 0 0 0 0 0 0 0 0 0 0 0 0 0 0 0 0 0 1 0 0 0 0 0 0 0 0 0 0 0 0 0 0 0 0 0 0 0 0 0 0 0 0 0 0 0 0 0 0 0 0 0 0 0 0 0 0 0 0 0 0 0 0 0 0 0 0 0 0 0 0 0 0 0 0 0 0 0 0 0 0 0 0 0 0 0 0 0 0 0 0]
[4765822308128459932336019387474251606851862505083720768595452542173381329571777734080960610586717696150611087097873158315159124400694399584230891172986135015489526293431109122770010855066367356058683676901499818340681894925695351066533559356790759235074389853342799182211034110871281137062533168716829505970338668927346265776801174 0 0 0 0 0 0 0 0 0 0 0 0 0 0 0 0 0 0 0 0 0 0 0 0 0 0 0 0 0 0 0 0 0 0 0 0 0 1 0 0 0 0 0 0 0 0 0 0 0 0 0 0 0 0 0 0 0 0 0 0 0 0 0 0 0 0 0 0 0 0 0 0 0 0 0 0 0 0 0 0 0 0 0 0 0 0 0 0 0 0 0 0 0 0 0 0 0 0 0 0 0 0 0 0 0 0 0 0 0]
[3494612245587740523512076147655511220821200967426608180944471668996485066396773524903562190547505904395015279985435926944672290466407300646123206909970742530295964622279381882012794070977773329248701662326239980760929521370944745669336757691104825969768558822298454735588053670735031361844559401449864279323849026238067900884619032 0 0 0 0 0 0 0 0 0 0 0 0 0 0 0 0 0 0 0 0 0 0 0 0 0 0 0 0 0 0 0 0 0 0 0 0 0 0 1 0 0 0 0 0 0 0 0 0 0 0 0 0 0 0 0 0 0 0 0 0 0 0 0 0 0 0 0 0 0 0 0 0 0 0 0 0 0 0 0 0 0 0 0 0 0 0 0 0 0 0 0 0 0 0 0 0 0 0 0 0 0 0 0 0 0 0 0 0 0]
[24468450433798388303253614111862273925386600703350279680188466192484543305387732823854105702982096830227002392948541728767696705988030648496518724269562244779252831006396654187761364316045962470875028461839008401114566102217788428068360436647960291781170163976103792832294437961820495759893442847035217499660624617878517060665341 0 0 0 0 0 0 0 0 0 0 0 0 0 0 0 0 0 0 0 0 0 0 0 0 0 0 0 0 0 0 0 0 0 0 0 0 0 0 0 1 0 0 0 0 0 0 0 0 0 0 0 0 0 0 0 0 0 0 0 0 0 0 0 0 0 0 0 0 0 0 0 0 0 0 0 0 0 0 0 0 0 0 0 0 0 0 0 0 0 0 0 0 0 0 0 0 0 0 0 0 0 0 0 0 0 0 0 0 0]
[1967217094734094413895760212683439816701277276475144857976128801107891150901106450076625610187669619149584778518716868217286106397555143987345228089385463216584313882442699355544282054262675556141760755366472241705889547931034776960150404083644367978345220519966325210466453182145035809680984022690000972517636578629783108732951957 0 0 0 0 0 0 0 0 0 0 0 0 0 0 0 0 0 0 0 0 0 0 0 0 0 0 0 0 0 0 0 0 0 0 0 0 0 0 0 0 1 0 0 0 0 0 0 0 0 0 0 0 0 0 0 0 0 0 0 0 0 0 0 0 0 0 0 0 0 0 0 0 0 0 0 0 0 0 0 0 0 0 0 0 0 0 0 0 0 0 0 0 0 0 0 0 0 0 0 0 0 0 0 0 0 0 0 0 0]
[5493768413455982293887411152298280467412048834559805314201021375980609630084670697136779307441940658815049865374999655469691892292575248674992758941567059947875693797333378004451354070418715671207482753983017495695132394610967521117279363776847172727195219639801202231078143988495945298064259031434095827259958416604799718421923655 0 0 0 0 0 0 0 0 0 0 0 0 0 0 0 0 0 0 0 0 0 0 0 0 0 0 0 0 0 0 0 0 0 0 0 0 0 0 0 0 0 1 0 0 0 0 0 0 0 0 0 0 0 0 0 0 0 0 0 0 0 0 0 0 0 0 0 0 0 0 0 0 0 0 0 0 0 0 0 0 0 0 0 0 0 0 0 0 0 0 0 0 0 0 0 0 0 0 0 0 0 0 0 0 0 0 0 0 0]
[2671225921210459884603548055374494627010798434145552637871574468167844128457900570812260546756302272989611754620112328352078239570056905122060434014553999360560302281759475911849510439595992818920241164704798792150592047555384154436544782573843399140056008010181274432961639578034829898619854168606122866273243973444041633017120005 0 0 0 0 0 0 0 0 0 0 0 0 0 0 0 0 0 0 0 0 0 0 0 0 0 0 0 0 0 0 0 0 0 0 0 0 0 0 0 0 0 0 1 0 0 0 0 0 0 0 0 0 0 0 0 0 0 0 0 0 0 0 0 0 0 0 0 0 0 0 0 0 0 0 0 0 0 0 0 0 0 0 0 0 0 0 0 0 0 0 0 0 0 0 0 0 0 0 0 0 0 0 0 0 0 0 0 0 0]
[7837459080801877193108178652193895036670799256421639512470890185010892896753003909212205743013432985850423107721095127364130988083061969591738059088576035190482863996702137304755884069122515208179666207489402695005737932163191640497408327640856857688430200499764793600005570861300780252507186462062087441574134585275255486409620345 0 0 0 0 0 0 0 0 0 0 0 0 0 0 0 0 0 0 0 0 0 0 0 0 0 0 0 0 0 0 0 0 0 0 0 0 0 0 0 0 0 0 0 1 0 0 0 0 0 0 0 0 0 0 0 0 0 0 0 0 0 0 0 0 0 0 0 0 0 0 0 0 0 0 0 0 0 0 0 0 0 0 0 0 0 0 0 0 0 0 0 0 0 0 0 0 0 0 0 0 0 0 0 0 0 0 0 0 0]
[8742195306191421684409455666576209591027372173552809331457271576817817694433204708844360742876481237794002084521918853750541933688714770125106905317907940378564386982995899654574310685269747024816630030158299469560595873073640567160635899304696528875733230290908457922319137813680138275413421524435118421710269086525955923011560206 0 0 0 0 0 0 0 0 0 0 0 0 0 0 0 0 0 0 0 0 0 0 0 0 0 0 0 0 0 0 0 0 0 0 0 0 0 0 0 0 0 0 0 0 1 0 0 0 0 0 0 0 0 0 0 0 0 0 0 0 0 0 0 0 0 0 0 0 0 0 0 0 0 0 0 0 0 0 0 0 0 0 0 0 0 0 0 0 0 0 0 0 0 0 0 0 0 0 0 0 0 0 0 0 0 0 0 0 0]
[1941841010585563225981851823958098760539068118961143934473208157919733549369124476184619324485210493655983749362975109627338875084887371379388669247859869305551609737835761409562771499033508948993076473173769710188381852104886397496024980318744148563270486402803370180056127917320805647995067286533168709416317022247059016043456302 0 0 0 0 0 0 0 0 0 0 0 0 0 0 0 0 0 0 0 0 0 0 0 0 0 0 0 0 0 0 0 0 0 0 0 0 0 0 0 0 0 0 0 0 0 1 0 0 0 0 0 0 0 0 0 0 0 0 0 0 0 0 0 0 0 0 0 0 0 0 0 0 0 0 0 0 0 0 0 0 0 0 0 0 0 0 0 0 0 0 0 0 0 0 0 0 0 0 0 0 0 0 0 0 0 0 0 0 0]
[4010916129639656525588822569150262580757360354415412746230793400455301562405324168749541559734379332398060458080595196298535424028238806475047912367183057532840860127820512452346407394547283238552725856205002124284764863168424179431780538479733218960967472812604918045866402515570674308630765996372421533880986802196886752315722760 0 0 0 0 0 0 0 0 0 0 0 0 0 0 0 0 0 0 0 0 0 0 0 0 0 0 0 0 0 0 0 0 0 0 0 0 0 0 0 0 0 0 0 0 0 0 1 0 0 0 0 0 0 0 0 0 0 0 0 0 0 0 0 0 0 0 0 0 0 0 0 0 0 0 0 0 0 0 0 0 0 0 0 0 0 0 0 0 0 0 0 0 0 0 0 0 0 0 0 0 0 0 0 0 0 0 0 0 0]
[969527839919015060585516343146167193768597651099557710937570741035436374655540150837462584005648089789393894873294524106648570844973557607404518924363989182453423680495394933955817753092941589853947037797567557344148530210983124385235211475354210417784595399233030638502772433034254125473550190781023554607514328242071155124527546 0 0 0 0 0 0 0 0 0 0 0 0 0 0 0 0 0 0 0 0 0 0 0 0 0 0 0 0 0 0 0 0 0 0 0 0 0 0 0 0 0 0 0 0 0 0 0 1 0 0 0 0 0 0 0 0 0 0 0 0 0 0 0 0 0 0 0 0 0 0 0 0 0 0 0 0 0 0 0 0 0 0 0 0 0 0 0 0 0 0 0 0 0 0 0 0 0 0 0 0 0 0 0 0 0 0 0 0 0]
[304685088211877621261786331405544991476750491450831694858665908184803411532719699684950360268504209324228426450775909708271162495853867867653117859574708045310382230035738529493790375283603212053905295562706193156534319183758411933277493966036558859566745686980078062135105657370895001045022543276929547696428523354899881840230218 0 0 0 0 0 0 0 0 0 0 0 0 0 0 0 0 0 0 0 0 0 0 0 0 0 0 0 0 0 0 0 0 0 0 0 0 0 0 0 0 0 0 0 0 0 0 0 0 1 0 0 0 0 0 0 0 0 0 0 0 0 0 0 0 0 0 0 0 0 0 0 0 0 0 0 0 0 0 0 0 0 0 0 0 0 0 0 0 0 0 0 0 0 0 0 0 0 0 0 0 0 0 0 0 0 0 0 0 0]
[8178446730170694925486257093842235488840259345591204558485272275929036770373105891471319985977005995824759194421154332714899770554978152448660920662671702535819208617617120791799344159263903482947714720785337187659995968604898637336341553338369610256788267820615519370159875232259790310883386585840630332669023058459806914200521945 0 0 0 0 0 0 0 0 0 0 0 0 0 0 0 0 0 0 0 0 0 0 0 0 0 0 0 0 0 0 0 0 0 0 0 0 0 0 0 0 0 0 0 0 0 0 0 0 0 1 0 0 0 0 0 0 0 0 0 0 0 0 0 0 0 0 0 0 0 0 0 0 0 0 0 0 0 0 0 0 0 0 0 0 0 0 0 0 0 0 0 0 0 0 0 0 0 0 0 0 0 0 0 0 0 0 0 0 0]
[2938297269414357737993687530177733692466079827216324722446338649832218822669941401630606457219718500808246821368658035231191812931958562732629356668356919300417828345644912811226200145453927030778219110313492642365969014395258288994078134637252787082679855172802139559221542515759478807818799968045135915389900886613578940276297323 0 0 0 0 0 0 0 0 0 0 0 0 0 0 0 0 0 0 0 0 0 0 0 0 0 0 0 0 0 0 0 0 0 0 0 0 0 0 0 0 0 0 0 0 0 0 0 0 0 0 1 0 0 0 0 0 0 0 0 0 0 0 0 0 0 0 0 0 0 0 0 0 0 0 0 0 0 0 0 0 0 0 0 0 0 0 0 0 0 0 0 0 0 0 0 0 0 0 0 0 0 0 0 0 0 0 0 0 0]
[2768038705030737967060881414636024399576751506242930189404412135229210227368440996211544303769889397048545847663608209038812322981197694958766065342116025102564621317171793277902667410899473321165635657800081458864679393932148471647408727768773891366405671724796367418862828190680864844377262859062577580270810356964304820905162767 0 0 0 0 0 0 0 0 0 0 0 0 0 0 0 0 0 0 0 0 0 0 0 0 0 0 0 0 0 0 0 0 0 0 0 0 0 0 0 0 0 0 0 0 0 0 0 0 0 0 0 1 0 0 0 0 0 0 0 0 0 0 0 0 0 0 0 0 0 0 0 0 0 0 0 0 0 0 0 0 0 0 0 0 0 0 0 0 0 0 0 0 0 0 0 0 0 0 0 0 0 0 0 0 0 0 0 0 0]
[306188961365391308128076436322135525127860798844719912492624603504266894397500086998406743008112564906177752938848530410662001491244780303677348551727178728486629611998158558446455286914075467615572771530044287184642157198558048213040584248417600890551453931333427270377315325974953990449298279136992502559824107973677057809723046 0 0 0 0 0 0 0 0 0 0 0 0 0 0 0 0 0 0 0 0 0 0 0 0 0 0 0 0 0 0 0 0 0 0 0 0 0 0 0 0 0 0 0 0 0 0 0 0 0 0 0 0 1 0 0 0 0 0 0 0 0 0 0 0 0 0 0 0 0 0 0 0 0 0 0 0 0 0 0 0 0 0 0 0 0 0 0 0 0 0 0 0 0 0 0 0 0 0 0 0 0 0 0 0 0 0 0 0 0]
[5244827175179707596540261101069562756346459705566468173205233438053242138052151250397603653801652645237480972846563505527049572561288905141493428997155746307723665055027355902824552378367845591728221814016771589201796413931584008802317135550648549630390049997399509295845821371797208041638166488962891919308858389152047161451330539 0 0 0 0 0 0 0 0 0 0 0 0 0 0 0 0 0 0 0 0 0 0 0 0 0 0 0 0 0 0 0 0 0 0 0 0 0 0 0 0 0 0 0 0 0 0 0 0 0 0 0 0 0 1 0 0 0 0 0 0 0 0 0 0 0 0 0 0 0 0 0 0 0 0 0 0 0 0 0 0 0 0 0 0 0 0 0 0 0 0 0 0 0 0 0 0 0 0 0 0 0 0 0 0 0 0 0 0 0]
[7521578281169663053199623851443452506619441681671014108078357552217460319023546417799406846666975158041065657905158052654314934527785684269603174452846856401760885949043326597428348358631369489755347602657373198919388234743302051242697601764226859377383936575899451808391957028638900916275619773463408162556820512886725853762707847 0 0 0 0 0 0 0 0 0 0 0 0 0 0 0 0 0 0 0 0 0 0 0 0 0 0 0 0 0 0 0 0 0 0 0 0 0 0 0 0 0 0 0 0 0 0 0 0 0 0 0 0 0 0 1 0 0 0 0 0 0 0 0 0 0 0 0 0 0 0 0 0 0 0 0 0 0 0 0 0 0 0 0 0 0 0 0 0 0 0 0 0 0 0 0 0 0 0 0 0 0 0 0 0 0 0 0 0 0]
[9194651123270584355540316010315021177841145381058366894464582083920403907694082362040529762568474880329945336973841107866019134397294846844147175296793115463838644100775819810126885355347797784927006435327833838618433582776465803131531045274745501332548743552558677223225560588051984226632703621881871622349938618117369980348438864 0 0 0 0 0 0 0 0 0 0 0 0 0 0 0 0 0 0 0 0 0 0 0 0 0 0 0 0 0 0 0 0 0 0 0 0 0 0 0 0 0 0 0 0 0 0 0 0 0 0 0 0 0 0 0 1 0 0 0 0 0 0 0 0 0 0 0 0 0 0 0 0 0 0 0 0 0 0 0 0 0 0 0 0 0 0 0 0 0 0 0 0 0 0 0 0 0 0 0 0 0 0 0 0 0 0 0 0 0]
[6628731879135140313736925807629621404506430491344847355472446816239328199076117105618616001212584857218531846943302626654830762357257931974446457305325558894067605265361920433922031393530658867668517253565957927429438180581978158098056022066255673480847694310427753880151005832290701268087721400368629638202421723769521938479698725 0 0 0 0 0 0 0 0 0 0 0 0 0 0 0 0 0 0 0 0 0 0 0 0 0 0 0 0 0 0 0 0 0 0 0 0 0 0 0 0 0 0 0 0 0 0 0 0 0 0 0 0 0 0 0 0 1 0 0 0 0 0 0 0 0 0 0 0 0 0 0 0 0 0 0 0 0 0 0 0 0 0 0 0 0 0 0 0 0 0 0 0 0 0 0 0 0 0 0 0 0 0 0 0 0 0 0 0 0]
[550310437975185676950647688180421157660586244969854706352842364758290930206770556727566555359735786184710417803515573456602104648363532028260395275085368142662763820874451203126284617534135823552530956513131121507835706535463325441549132932821122466211144216664335567241263642761844260946620254072054913481779912199611866015354276 0 0 0 0 0 0 0 0 0 0 0 0 0 0 0 0 0 0 0 0 0 0 0 0 0 0 0 0 0 0 0 0 0 0 0 0 0 0 0 0 0 0 0 0 0 0 0 0 0 0 0 0 0 0 0 0 0 1 0 0 0 0 0 0 0 0 0 0 0 0 0 0 0 0 0 0 0 0 0 0 0 0 0 0 0 0 0 0 0 0 0 0 0 0 0 0 0 0 0 0 0 0 0 0 0 0 0 0 0]
[5297324478760169152026755594979420662653624166751425802342708017760689413230017780411339503955563238178417668302782736777095277623901602159625177813925987823849626645971601518128101556990217690687306814175607719035950469007462158175564936373390790784077151288740631486219486214226324111206943162735467671187755577557523245321918564 0 0 0 0 0 0 0 0 0 0 0 0 0 0 0 0 0 0 0 0 0 0 0 0 0 0 0 0 0 0 0 0 0 0 0 0 0 0 0 0 0 0 0 0 0 0 0 0 0 0 0 0 0 0 0 0 0 0 1 0 0 0 0 0 0 0 0 0 0 0 0 0 0 0 0 0 0 0 0 0 0 0 0 0 0 0 0 0 0 0 0 0 0 0 0 0 0 0 0 0 0 0 0 0 0 0 0 0 0]
[3625293030030650947863002947588775695821347800482732026010775201667018736912246514230493488785921153614143906826589711703725471407462539238210766263693189143646362167167055929183376558873219981471626568969946467075656818001970779125409265980505743036331700910806932357594083453231269124570389643083777015742351443740326117021581607 0 0 0 0 0 0 0 0 0 0 0 0 0 0 0 0 0 0 0 0 0 0 0 0 0 0 0 0 0 0 0 0 0 0 0 0 0 0 0 0 0 0 0 0 0 0 0 0 0 0 0 0 0 0 0 0 0 0 0 1 0 0 0 0 0 0 0 0 0 0 0 0 0 0 0 0 0 0 0 0 0 0 0 0 0 0 0 0 0 0 0 0 0 0 0 0 0 0 0 0 0 0 0 0 0 0 0 0 0]
[2145364154888791181948355821331298529566911607256284055953332708974231002606915787136741459255335321251243867352960560522687884030523370162982247407236434727278304974201684684572532610434403857988343608073722466684170453055174579046475883656221522323640252384449683637135632054511419163706144326168835076647252734352751509101338625 0 0 0 0 0 0 0 0 0 0 0 0 0 0 0 0 0 0 0 0 0 0 0 0 0 0 0 0 0 0 0 0 0 0 0 0 0 0 0 0 0 0 0 0 0 0 0 0 0 0 0 0 0 0 0 0 0 0 0 0 1 0 0 0 0 0 0 0 0 0 0 0 0 0 0 0 0 0 0 0 0 0 0 0 0 0 0 0 0 0 0 0 0 0 0 0 0 0 0 0 0 0 0 0 0 0 0 0 0]
[3164141508834921962621354109207047385497282720776176105042059751677075496843338536448929426266905489114218573375657020294947491710003435104348863839085228477653462139693281768543414775352541387657873641293102837706755632654525603553507897662814437146978524064246179151297096193132922153913557928245624521455488599689517159683010651 0 0 0 0 0 0 0 0 0 0 0 0 0 0 0 0 0 0 0 0 0 0 0 0 0 0 0 0 0 0 0 0 0 0 0 0 0 0 0 0 0 0 0 0 0 0 0 0 0 0 0 0 0 0 0 0 0 0 0 0 0 1 0 0 0 0 0 0 0 0 0 0 0 0 0 0 0 0 0 0 0 0 0 0 0 0 0 0 0 0 0 0 0 0 0 0 0 0 0 0 0 0 0 0 0 0 0 0 0]
[963285797606599125876897260659475697356871565760744253298998877816393836785288016569316244609683203771073991705748325114192513853887475511599949834474875939390945787293512148603964689990296119064664557856900500960715425595106223802597344665007925515875157899643258942259503366621189500160090657911776617958988463371985462007172430 0 0 0 0 0 0 0 0 0 0 0 0 0 0 0 0 0 0 0 0 0 0 0 0 0 0 0 0 0 0 0 0 0 0 0 0 0 0 0 0 0 0 0 0 0 0 0 0 0 0 0 0 0 0 0 0 0 0 0 0 0 0 1 0 0 0 0 0 0 0 0 0 0 0 0 0 0 0 0 0 0 0 0 0 0 0 0 0 0 0 0 0 0 0 0 0 0 0 0 0 0 0 0 0 0 0 0 0 0]
[2213911852805880992140742460922683804315932949309698065752706151169544781100031578411423013719172845219335801531530647693515305818405851851827725499093332343634072810304677538387383987184660321826930165472874005838457685132542476519079216641172526226242181332824123227911521667556003181636799077295859258043289027564041606695494725 0 0 0 0 0 0 0 0 0 0 0 0 0 0 0 0 0 0 0 0 0 0 0 0 0 0 0 0 0 0 0 0 0 0 0 0 0 0 0 0 0 0 0 0 0 0 0 0 0 0 0 0 0 0 0 0 0 0 0 0 0 0 0 1 0 0 0 0 0 0 0 0 0 0 0 0 0 0 0 0 0 0 0 0 0 0 0 0 0 0 0 0 0 0 0 0 0 0 0 0 0 0 0 0 0 0 0 0 0]
[7451620297550838171827411430458891032865533217421109110748917882840384915697748039754638146369248436479799255768556466656366663690594717826983603912960512084339248000529350861811753556781091099196129763437145641473633234689121953205832590709920633454697387778237511871208653102842837332817028000599939486704252634544981109540480897 0 0 0 0 0 0 0 0 0 0 0 0 0 0 0 0 0 0 0 0 0 0 0 0 0 0 0 0 0 0 0 0 0 0 0 0 0 0 0 0 0 0 0 0 0 0 0 0 0 0 0 0 0 0 0 0 0 0 0 0 0 0 0 0 1 0 0 0 0 0 0 0 0 0 0 0 0 0 0 0 0 0 0 0 0 0 0 0 0 0 0 0 0 0 0 0 0 0 0 0 0 0 0 0 0 0 0 0 0]
[3618984476530326275849102580096829596680472456071059474521441258281338661152526583604222141217880144410355174572234153415607429214026066712132051043563841721896017707979451874492085326071943705300643481029835701497979612293986049524723472129642127515817872903208204853077506009812001579792217658994262525561480255668697815278882474 0 0 0 0 0 0 0 0 0 0 0 0 0 0 0 0 0 0 0 0 0 0 0 0 0 0 0 0 0 0 0 0 0 0 0 0 0 0 0 0 0 0 0 0 0 0 0 0 0 0 0 0 0 0 0 0 0 0 0 0 0 0 0 0 0 1 0 0 0 0 0 0 0 0 0 0 0 0 0 0 0 0 0 0 0 0 0 0 0 0 0 0 0 0 0 0 0 0 0 0 0 0 0 0 0 0 0 0 0]
[2864707111962955375896434163238929167036563102007770876306807551218422390641918077550078823463760035636359380129459861356234829984683165246956619840724344605778027929107259040523540916519453132054228145214466014509926006586293368803424152151878676179763966803224792111827026771648437077975642826573075653983677045988922023014780368 0 0 0 0 0 0 0 0 0 0 0 0 0 0 0 0 0 0 0 0 0 0 0 0 0 0 0 0 0 0 0 0 0 0 0 0 0 0 0 0 0 0 0 0 0 0 0 0 0 0 0 0 0 0 0 0 0 0 0 0 0 0 0 0 0 0 1 0 0 0 0 0 0 0 0 0 0 0 0 0 0 0 0 0 0 0 0 0 0 0 0 0 0 0 0 0 0 0 0 0 0 0 0 0 0 0 0 0 0]
[5904363112782231013513472369749232893956679369232133690204706571698900177586039597613654216254001329397865338246477340682747704719828912302350390458819203910292007963281740569650094529327436154419905150721583473168325798751941045661054319564216139136500897687096187058500387735558503326764078217023079335915479318779214930224091598 0 0 0 0 0 0 0 0 0 0 0 0 0 0 0 0 0 0 0 0 0 0 0 0 0 0 0 0 0 0 0 0 0 0 0 0 0 0 0 0 0 0 0 0 0 0 0 0 0 0 0 0 0 0 0 0 0 0 0 0 0 0 0 0 0 0 0 1 0 0 0 0 0 0 0 0 0 0 0 0 0 0 0 0 0 0 0 0 0 0 0 0 0 0 0 0 0 0 0 0 0 0 0 0 0 0 0 0 0]
[5332283210736604028303063274620898006939951732743303944631882498306641443302737114741619615634631119823006726876477980017262944013409562230919690536486905174844743825249612957675182136033120342213988381135666360723686132921214234644343680084423092965481774569443427167509297219376930591429606912092355522751071871665558417438196177 0 0 0 0 0 0 0 0 0 0 0 0 0 0 0 0 0 0 0 0 0 0 0 0 0 0 0 0 0 0 0 0 0 0 0 0 0 0 0 0 0 0 0 0 0 0 0 0 0 0 0 0 0 0 0 0 0 0 0 0 0 0 0 0 0 0 0 0 1 0 0 0 0 0 0 0 0 0 0 0 0 0 0 0 0 0 0 0 0 0 0 0 0 0 0 0 0 0 0 0 0 0 0 0 0 0 0 0 0]
[5743619599790010621524440734152566950309495156931727373087358340414257330119169992776471155208352337296632760503721847062942530047840867532096327084487864942010378554640521170405876099039730705302270987925699910059625630924877747385283067506908005511013120313215226025870602403243120066237408336089927238106383313303446523217988963 0 0 0 0 0 0 0 0 0 0 0 0 0 0 0 0 0 0 0 0 0 0 0 0 0 0 0 0 0 0 0 0 0 0 0 0 0 0 0 0 0 0 0 0 0 0 0 0 0 0 0 0 0 0 0 0 0 0 0 0 0 0 0 0 0 0 0 0 0 1 0 0 0 0 0 0 0 0 0 0 0 0 0 0 0 0 0 0 0 0 0 0 0 0 0 0 0 0 0 0 0 0 0 0 0 0 0 0 0]
[3000337177424391900070472824220484800521355395342565550510974975347675974973481753963498509897948183518846564310794471242681251263733042845737241111130711973020839386499537226828882855200782018118008457983699979933540280722861462035529181481836596043420489053143448926555329230430199781313308289574177454064310717306838408187583401 0 0 0 0 0 0 0 0 0 0 0 0 0 0 0 0 0 0 0 0 0 0 0 0 0 0 0 0 0 0 0 0 0 0 0 0 0 0 0 0 0 0 0 0 0 0 0 0 0 0 0 0 0 0 0 0 0 0 0 0 0 0 0 0 0 0 0 0 0 0 1 0 0 0 0 0 0 0 0 0 0 0 0 0 0 0 0 0 0 0 0 0 0 0 0 0 0 0 0 0 0 0 0 0 0 0 0 0 0]
[8483461947361957402265817071424571718277026371733855232040688777542889827530927018206855094722811244806039234511904862187964393601249481490833139530149611969601636740389150757370719765118418097617616255644735476718809341699380351589623806402657229508301777881887614011613420752141143206316146698112452625469271833479403516942342782 0 0 0 0 0 0 0 0 0 0 0 0 0 0 0 0 0 0 0 0 0 0 0 0 0 0 0 0 0 0 0 0 0 0 0 0 0 0 0 0 0 0 0 0 0 0 0 0 0 0 0 0 0 0 0 0 0 0 0 0 0 0 0 0 0 0 0 0 0 0 0 1 0 0 0 0 0 0 0 0 0 0 0 0 0 0 0 0 0 0 0 0 0 0 0 0 0 0 0 0 0 0 0 0 0 0 0 0 0]
[6600599895395303658486274529185278150892524959688890422309919846469090054609246016315176244507477821819022039510456790260796519437008760142125609724502378656812028917175665933975383130499755720701858332194344017926244461844254293146812708983314097145112157610206792005629583926244491511958940445666762289169905704784328742210016892 0 0 0 0 0 0 0 0 0 0 0 0 0 0 0 0 0 0 0 0 0 0 0 0 0 0 0 0 0 0 0 0 0 0 0 0 0 0 0 0 0 0 0 0 0 0 0 0 0 0 0 0 0 0 0 0 0 0 0 0 0 0 0 0 0 0 0 0 0 0 0 0 1 0 0 0 0 0 0 0 0 0 0 0 0 0 0 0 0 0 0 0 0 0 0 0 0 0 0 0 0 0 0 0 0 0 0 0 0]
[8454211278346475524789111054346762576284445898012160700161764340974370835544292109186338058665613711975452069696912878550683546615988856603156097161185177097447230788870671277993120403425509403142677044452128210090941818562925198330444666779096301201356692180136335576098725459361226783669935016607957835063376310599232974713310895 0 0 0 0 0 0 0 0 0 0 0 0 0 0 0 0 0 0 0 0 0 0 0 0 0 0 0 0 0 0 0 0 0 0 0 0 0 0 0 0 0 0 0 0 0 0 0 0 0 0 0 0 0 0 0 0 0 0 0 0 0 0 0 0 0 0 0 0 0 0 0 0 0 1 0 0 0 0 0 0 0 0 0 0 0 0 0 0 0 0 0 0 0 0 0 0 0 0 0 0 0 0 0 0 0 0 0 0 0]
[3965024027079931260292502181665261835138137937249505525770607939051631703692305852311887713867205431687256960171577039875939775371540082881626450790211366276253718179839072351415561755713872968285590600082632486164524311847959318178097502385352893482264322961175673452099613932911319837361376703985444457202477171657161515400715125 0 0 0 0 0 0 0 0 0 0 0 0 0 0 0 0 0 0 0 0 0 0 0 0 0 0 0 0 0 0 0 0 0 0 0 0 0 0 0 0 0 0 0 0 0 0 0 0 0 0 0 0 0 0 0 0 0 0 0 0 0 0 0 0 0 0 0 0 0 0 0 0 0 0 1 0 0 0 0 0 0 0 0 0 0 0 0 0 0 0 0 0 0 0 0 0 0 0 0 0 0 0 0 0 0 0 0 0 0]
[6341125369534317547933099140911503231196556243495269221141447045745672813481373580323575623229581141235753760137465495173330301973147812106869668527394004487031066719699838763024369592938595292092995334858760701756702649186774275598594561205868763094742609770290183546100377313102046959727124514558834198351492861311534961393774301 0 0 0 0 0 0 0 0 0 0 0 0 0 0 0 0 0 0 0 0 0 0 0 0 0 0 0 0 0 0 0 0 0 0 0 0 0 0 0 0 0 0 0 0 0 0 0 0 0 0 0 0 0 0 0 0 0 0 0 0 0 0 0 0 0 0 0 0 0 0 0 0 0 0 0 1 0 0 0 0 0 0 0 0 0 0 0 0 0 0 0 0 0 0 0 0 0 0 0 0 0 0 0 0 0 0 0 0 0]
[4915311321059479632256714585116219518682623868078494043554052629357094205578776031191031789355904177242336551968036144256853923533361630491288288815144955264360408800033602794411289802240856251704036651231976984137031026364546472368012893252213059991202915154561867180808663361361643319047245557291081891631527883571608819199152407 0 0 0 0 0 0 0 0 0 0 0 0 0 0 0 0 0 0 0 0 0 0 0 0 0 0 0 0 0 0 0 0 0 0 0 0 0 0 0 0 0 0 0 0 0 0 0 0 0 0 0 0 0 0 0 0 0 0 0 0 0 0 0 0 0 0 0 0 0 0 0 0 0 0 0 0 1 0 0 0 0 0 0 0 0 0 0 0 0 0 0 0 0 0 0 0 0 0 0 0 0 0 0 0 0 0 0 0 0]
[5292665686222890174526723056104991272115894283918450133687777117758198263184787724780741922500629003109568044901242710066049319031605288454885168730613647276519429928498519637529601040647816990719367320158449485724467033862689694371467291802746854023228187527468978466504797487597076316508494599342106259040696656028385505206363454 0 0 0 0 0 0 0 0 0 0 0 0 0 0 0 0 0 0 0 0 0 0 0 0 0 0 0 0 0 0 0 0 0 0 0 0 0 0 0 0 0 0 0 0 0 0 0 0 0 0 0 0 0 0 0 0 0 0 0 0 0 0 0 0 0 0 0 0 0 0 0 0 0 0 0 0 0 1 0 0 0 0 0 0 0 0 0 0 0 0 0 0 0 0 0 0 0 0 0 0 0 0 0 0 0 0 0 0 0]
[2373714356065835832248918651371807833363959368001386972966687419755142136893365034212156730889962587761141412125162017254478546104724984451138400591119978643941955168221827975254543553362416487238957390760219852129985399585740982894113609562247960254408168007386381069317015408434242210319188568294358111979152511037698432657655210 0 0 0 0 0 0 0 0 0 0 0 0 0 0 0 0 0 0 0 0 0 0 0 0 0 0 0 0 0 0 0 0 0 0 0 0 0 0 0 0 0 0 0 0 0 0 0 0 0 0 0 0 0 0 0 0 0 0 0 0 0 0 0 0 0 0 0 0 0 0 0 0 0 0 0 0 0 0 1 0 0 0 0 0 0 0 0 0 0 0 0 0 0 0 0 0 0 0 0 0 0 0 0 0 0 0 0 0 0]
[6860469055815572339863783813073289357880561865232531453939556330330269251525350397204642736226639631918546464575207346689520843008468890931791476200760039106294102357630782494778749895239925508094816996832185161420471667708457002769747138524139650317383827191731176719833862850774640405863353693403435737571028193971491264248854209 0 0 0 0 0 0 0 0 0 0 0 0 0 0 0 0 0 0 0 0 0 0 0 0 0 0 0 0 0 0 0 0 0 0 0 0 0 0 0 0 0 0 0 0 0 0 0 0 0 0 0 0 0 0 0 0 0 0 0 0 0 0 0 0 0 0 0 0 0 0 0 0 0 0 0 0 0 0 0 1 0 0 0 0 0 0 0 0 0 0 0 0 0 0 0 0 0 0 0 0 0 0 0 0 0 0 0 0 0]
[8007727972422770624693713505443976261276900555841108949953908422636689560849947340373068730252067063555030338460492026948016310329788834499889862372880410975825947312339376109947814830364412260272588927077183405664174327754292415369249734936837196356353688544702543412158808481520701709347944534340513103924937810860979632481993516 0 0 0 0 0 0 0 0 0 0 0 0 0 0 0 0 0 0 0 0 0 0 0 0 0 0 0 0 0 0 0 0 0 0 0 0 0 0 0 0 0 0 0 0 0 0 0 0 0 0 0 0 0 0 0 0 0 0 0 0 0 0 0 0 0 0 0 0 0 0 0 0 0 0 0 0 0 0 0 0 1 0 0 0 0 0 0 0 0 0 0 0 0 0 0 0 0 0 0 0 0 0 0 0 0 0 0 0 0]
[4277813559321269602392523651411004411705748507433540284854829658917021954171842700570509885113182945266736712510816171065502931283058424523045264044558028975374005162564182568119100647708955253947203733874103967386002416555913519403587227226605620955043716353004246763668283404198099518224784633892248708420732778155909000081798303 0 0 0 0 0 0 0 0 0 0 0 0 0 0 0 0 0 0 0 0 0 0 0 0 0 0 0 0 0 0 0 0 0 0 0 0 0 0 0 0 0 0 0 0 0 0 0 0 0 0 0 0 0 0 0 0 0 0 0 0 0 0 0 0 0 0 0 0 0 0 0 0 0 0 0 0 0 0 0 0 0 1 0 0 0 0 0 0 0 0 0 0 0 0 0 0 0 0 0 0 0 0 0 0 0 0 0 0 0]
[4419020443778244684464758161256336320410949255912375502889296342160859492340182415897197110487850567419095991757016502558881934284212840045682554118899926594161334756284250032815576929092874936876566986909343260052027990845217100965899864953949173516283407735498523265663510355795943304988104212660321437839930845785087458576350495 0 0 0 0 0 0 0 0 0 0 0 0 0 0 0 0 0 0 0 0 0 0 0 0 0 0 0 0 0 0 0 0 0 0 0 0 0 0 0 0 0 0 0 0 0 0 0 0 0 0 0 0 0 0 0 0 0 0 0 0 0 0 0 0 0 0 0 0 0 0 0 0 0 0 0 0 0 0 0 0 0 0 1 0 0 0 0 0 0 0 0 0 0 0 0 0 0 0 0 0 0 0 0 0 0 0 0 0 0]
[4493359708236410539896101843226302160082995755613520425194365082546000209786141051625440979018286932807374035770088192997889937346559353998977154268141383806254950415026916149966827628027418783080297091285998758720849664332394432367815186544703487694939019862462375394679670325105408824630101973088000638376874329346599179112938417 0 0 0 0 0 0 0 0 0 0 0 0 0 0 0 0 0 0 0 0 0 0 0 0 0 0 0 0 0 0 0 0 0 0 0 0 0 0 0 0 0 0 0 0 0 0 0 0 0 0 0 0 0 0 0 0 0 0 0 0 0 0 0 0 0 0 0 0 0 0 0 0 0 0 0 0 0 0 0 0 0 0 0 1 0 0 0 0 0 0 0 0 0 0 0 0 0 0 0 0 0 0 0 0 0 0 0 0 0]
[1713492573045861199802401750624142217608271927430250937234552012710867697607045273803580529927584415249381977933961088310460343233745614839500604834086847641330361765377945003974671434488549534889348233321914865649860490528189498818085785421984888414686519123967321153447315531475143901670719222292049729377486477285465462570375660 0 0 0 0 0 0 0 0 0 0 0 0 0 0 0 0 0 0 0 0 0 0 0 0 0 0 0 0 0 0 0 0 0 0 0 0 0 0 0 0 0 0 0 0 0 0 0 0 0 0 0 0 0 0 0 0 0 0 0 0 0 0 0 0 0 0 0 0 0 0 0 0 0 0 0 0 0 0 0 0 0 0 0 0 1 0 0 0 0 0 0 0 0 0 0 0 0 0 0 0 0 0 0 0 0 0 0 0 0]
[824151412284648869171461093228724018505707245266220022182421219898995663535520984802730624856395968085097836896857090362337508645338674987575028744360150290600103548448839116390469443276917529546890846346455445906090693376453585196996102680229825410378272084902792471870737118391196128252522349628029312727180900568860296695208369 0 0 0 0 0 0 0 0 0 0 0 0 0 0 0 0 0 0 0 0 0 0 0 0 0 0 0 0 0 0 0 0 0 0 0 0 0 0 0 0 0 0 0 0 0 0 0 0 0 0 0 0 0 0 0 0 0 0 0 0 0 0 0 0 0 0 0 0 0 0 0 0 0 0 0 0 0 0 0 0 0 0 0 0 0 1 0 0 0 0 0 0 0 0 0 0 0 0 0 0 0 0 0 0 0 0 0 0 0]
[8587307992666824646067352093369029523543344972106212795357923854749155558096480283553625472823602480955208471429226645736157772307583131176780165483395081019769397988598377886165003392104230618890133022954773507614964142516318981626066888714471301800271536715721682995417413559182209142879705201281094153013003767222840294272324086 0 0 0 0 0 0 0 0 0 0 0 0 0 0 0 0 0 0 0 0 0 0 0 0 0 0 0 0 0 0 0 0 0 0 0 0 0 0 0 0 0 0 0 0 0 0 0 0 0 0 0 0 0 0 0 0 0 0 0 0 0 0 0 0 0 0 0 0 0 0 0 0 0 0 0 0 0 0 0 0 0 0 0 0 0 0 1 0 0 0 0 0 0 0 0 0 0 0 0 0 0 0 0 0 0 0 0 0 0]
[7350324953788824867792951645159964664736787240698719730875657382339517083504747082051670534804722901735312471964368327751446541398268824392166367439869802248404216096465695857214595884417525496410975055857711925497529147267453730017361421275294408387665297765907988190584180139820494237669278255062283925190968545378040912415520960 0 0 0 0 0 0 0 0 0 0 0 0 0 0 0 0 0 0 0 0 0 0 0 0 0 0 0 0 0 0 0 0 0 0 0 0 0 0 0 0 0 0 0 0 0 0 0 0 0 0 0 0 0 0 0 0 0 0 0 0 0 0 0 0 0 0 0 0 0 0 0 0 0 0 0 0 0 0 0 0 0 0 0 0 0 0 0 1 0 0 0 0 0 0 0 0 0 0 0 0 0 0 0 0 0 0 0 0 0]
[2726532231862747276137882350899403326729132555389409541398544619205063911121476572460409507553842892392571651960323837450191598213759649105663495212672563799792467114808896014543308618869778565783239327368984103334100069250411015165793941915696247941982919358413643262924510031262118425890747342244783629101475760606603650605005048 0 0 0 0 0 0 0 0 0 0 0 0 0 0 0 0 0 0 0 0 0 0 0 0 0 0 0 0 0 0 0 0 0 0 0 0 0 0 0 0 0 0 0 0 0 0 0 0 0 0 0 0 0 0 0 0 0 0 0 0 0 0 0 0 0 0 0 0 0 0 0 0 0 0 0 0 0 0 0 0 0 0 0 0 0 0 0 0 1 0 0 0 0 0 0 0 0 0 0 0 0 0 0 0 0 0 0 0 0]
[2911645555778376180554523847432811012039397419128432114987196588133212488678626040552593753061426987209034646265113449427285937833214684579315381605177060544518306962781414439380985576847843371640683598029692135352348310224948971249774970858588170673637288294133494573011962670087970103463572248652033661207529155016089042106866407 0 0 0 0 0 0 0 0 0 0 0 0 0 0 0 0 0 0 0 0 0 0 0 0 0 0 0 0 0 0 0 0 0 0 0 0 0 0 0 0 0 0 0 0 0 0 0 0 0 0 0 0 0 0 0 0 0 0 0 0 0 0 0 0 0 0 0 0 0 0 0 0 0 0 0 0 0 0 0 0 0 0 0 0 0 0 0 0 0 1 0 0 0 0 0 0 0 0 0 0 0 0 0 0 0 0 0 0 0]
[6243532436472702166470874917650732080635286042513875771174600863349257523040511959726356627960184882516269171467530568540016745358374751550259671210830237825355148024293975665673593380806845991613961412926410367054353239210485352834316479526342849080306009119073900060482209265379939676629355148068736579509306687946512082828418110 0 0 0 0 0 0 0 0 0 0 0 0 0 0 0 0 0 0 0 0 0 0 0 0 0 0 0 0 0 0 0 0 0 0 0 0 0 0 0 0 0 0 0 0 0 0 0 0 0 0 0 0 0 0 0 0 0 0 0 0 0 0 0 0 0 0 0 0 0 0 0 0 0 0 0 0 0 0 0 0 0 0 0 0 0 0 0 0 0 0 1 0 0 0 0 0 0 0 0 0 0 0 0 0 0 0 0 0 0]
[333089299262154776985022432749651179154913336958394192515915035737789371903486370380724283668960560101921748908666043656674886005450494350225779981268554616900103992003997779322787475434771520622907214666744215980744195826511368460251722570841565373498644129332773979983396276902797900620906390783543282007297907865266893658402896 0 0 0 0 0 0 0 0 0 0 0 0 0 0 0 0 0 0 0 0 0 0 0 0 0 0 0 0 0 0 0 0 0 0 0 0 0 0 0 0 0 0 0 0 0 0 0 0 0 0 0 0 0 0 0 0 0 0 0 0 0 0 0 0 0 0 0 0 0 0 0 0 0 0 0 0 0 0 0 0 0 0 0 0 0 0 0 0 0 0 0 1 0 0 0 0 0 0 0 0 0 0 0 0 0 0 0 0 0]
[6850694357824691495000621207128893462594901692115601518695180040548175163975257366324812006399964674323973922660897664014576457825843650079623282352550382427150936608244557315736372940629674683837327764914061068263333404999861957352165396375707181644876640688213121182311175272959226046827330366937043132308099680207633321567531710 0 0 0 0 0 0 0 0 0 0 0 0 0 0 0 0 0 0 0 0 0 0 0 0 0 0 0 0 0 0 0 0 0 0 0 0 0 0 0 0 0 0 0 0 0 0 0 0 0 0 0 0 0 0 0 0 0 0 0 0 0 0 0 0 0 0 0 0 0 0 0 0 0 0 0 0 0 0 0 0 0 0 0 0 0 0 0 0 0 0 0 0 1 0 0 0 0 0 0 0 0 0 0 0 0 0 0 0 0]
[2473482013061705947650289053400010169364576188784892523349666246961381018345375193833649380963227733465760226833520139739191378678013183452301228326042728801285628935087184383795374433373179707540326890764665057590819135711196157080854329285397474672851778928620748014815269290861800063277717470218511395826549375879196623184159053 0 0 0 0 0 0 0 0 0 0 0 0 0 0 0 0 0 0 0 0 0 0 0 0 0 0 0 0 0 0 0 0 0 0 0 0 0 0 0 0 0 0 0 0 0 0 0 0 0 0 0 0 0 0 0 0 0 0 0 0 0 0 0 0 0 0 0 0 0 0 0 0 0 0 0 0 0 0 0 0 0 0 0 0 0 0 0 0 0 0 0 0 0 1 0 0 0 0 0 0 0 0 0 0 0 0 0 0 0]
[5118096275897609549911686361603445454912345714586214316006439442467453188510951950339052834079147193485377659879003803005998596017841898869029395189995726468888160158582499145653748636742650788745184371495816027818772334679399546789409045209206118147829245401155739849787252025945914623625663414913036651929428580889109206823815574 0 0 0 0 0 0 0 0 0 0 0 0 0 0 0 0 0 0 0 0 0 0 0 0 0 0 0 0 0 0 0 0 0 0 0 0 0 0 0 0 0 0 0 0 0 0 0 0 0 0 0 0 0 0 0 0 0 0 0 0 0 0 0 0 0 0 0 0 0 0 0 0 0 0 0 0 0 0 0 0 0 0 0 0 0 0 0 0 0 0 0 0 0 0 1 0 0 0 0 0 0 0 0 0 0 0 0 0 0]
[2263275465473986150025284412656793417810537887478674248475349360214844911771694434653793060191637945742562825065897456663249306205436782147084619821138071158272449877653350616479169475114847849079118522327996165160830900347470477665836092116528418929872096610265047922993571110583722502097227672660073460847442206265331821121140282 0 0 0 0 0 0 0 0 0 0 0 0 0 0 0 0 0 0 0 0 0 0 0 0 0 0 0 0 0 0 0 0 0 0 0 0 0 0 0 0 0 0 0 0 0 0 0 0 0 0 0 0 0 0 0 0 0 0 0 0 0 0 0 0 0 0 0 0 0 0 0 0 0 0 0 0 0 0 0 0 0 0 0 0 0 0 0 0 0 0 0 0 0 0 0 1 0 0 0 0 0 0 0 0 0 0 0 0 0]
[8204964842535962656169816110906001936124210581125735797399913484692055270174641821078472572408389204737680430639813487509807810827523546209146496682064138455830417220848077534679425590195563907524176970907222794880494848566002373769493205148910964573304532329167536197231984500962269944682373826216623852465687210311644526579818775 0 0 0 0 0 0 0 0 0 0 0 0 0 0 0 0 0 0 0 0 0 0 0 0 0 0 0 0 0 0 0 0 0 0 0 0 0 0 0 0 0 0 0 0 0 0 0 0 0 0 0 0 0 0 0 0 0 0 0 0 0 0 0 0 0 0 0 0 0 0 0 0 0 0 0 0 0 0 0 0 0 0 0 0 0 0 0 0 0 0 0 0 0 0 0 0 1 0 0 0 0 0 0 0 0 0 0 0 0]
[6264367951611934546485324251513689047618883480608065076024833316114407332485289661739564732239604456541995676601874763787199135996138234988480097765928549188039961470788028904690011560363024473646689594399825538788209931723596596485384415159726256655676860321526902344777827403099084908809714802401249457711675139994234995175125752 0 0 0 0 0 0 0 0 0 0 0 0 0 0 0 0 0 0 0 0 0 0 0 0 0 0 0 0 0 0 0 0 0 0 0 0 0 0 0 0 0 0 0 0 0 0 0 0 0 0 0 0 0 0 0 0 0 0 0 0 0 0 0 0 0 0 0 0 0 0 0 0 0 0 0 0 0 0 0 0 0 0 0 0 0 0 0 0 0 0 0 0 0 0 0 0 0 1 0 0 0 0 0 0 0 0 0 0 0]
[8707139971116839576518945500815181795769389242358420254090269716350027686988102372216990989326312545613718450428227438801995588208343759752132690632584215718586582165989116835729090048249572761221540145109410964196982994400174450949176091487489765865895987679088751557270474437455777507526330828647327608794638894424976665924160320 0 0 0 0 0 0 0 0 0 0 0 0 0 0 0 0 0 0 0 0 0 0 0 0 0 0 0 0 0 0 0 0 0 0 0 0 0 0 0 0 0 0 0 0 0 0 0 0 0 0 0 0 0 0 0 0 0 0 0 0 0 0 0 0 0 0 0 0 0 0 0 0 0 0 0 0 0 0 0 0 0 0 0 0 0 0 0 0 0 0 0 0 0 0 0 0 0 0 1 0 0 0 0 0 0 0 0 0 0]
[2792153154422080652536530191026780431937569534583871692376352077124545080538382517833118954858076955048890404907041630891237338489417549752781487428198190908249935833405148656341999813514120837051373885533949243043082090228612069486050620783303831969833819580697551394115358023333974964060916130180696366807627188933508977244337802 0 0 0 0 0 0 0 0 0 0 0 0 0 0 0 0 0 0 0 0 0 0 0 0 0 0 0 0 0 0 0 0 0 0 0 0 0 0 0 0 0 0 0 0 0 0 0 0 0 0 0 0 0 0 0 0 0 0 0 0 0 0 0 0 0 0 0 0 0 0 0 0 0 0 0 0 0 0 0 0 0 0 0 0 0 0 0 0 0 0 0 0 0 0 0 0 0 0 0 1 0 0 0 0 0 0 0 0 0]
[6472443641351676303931982596527992287997183768795304751402499164609046967225372961614131824119679696011826798355462877546546041792354897918684344468078650656328375318268163941630453856938083536330554310420787554745902325539752796143386756612904784565462974185611841467159388441964564125557477545386600138712113090532561046489021564 0 0 0 0 0 0 0 0 0 0 0 0 0 0 0 0 0 0 0 0 0 0 0 0 0 0 0 0 0 0 0 0 0 0 0 0 0 0 0 0 0 0 0 0 0 0 0 0 0 0 0 0 0 0 0 0 0 0 0 0 0 0 0 0 0 0 0 0 0 0 0 0 0 0 0 0 0 0 0 0 0 0 0 0 0 0 0 0 0 0 0 0 0 0 0 0 0 0 0 0 1 0 0 0 0 0 0 0 0]
[1365670023528957909479031830829633749618915006861134531939351481481167512274170300103083541312388646692530604582456221121371336573894849389987941226684044875307801885780268466236065972688193308294509199676709455991663690239846687626421391582815499042692115308137265836123600291599786269063566841793772214155808666290252032470751068 0 0 0 0 0 0 0 0 0 0 0 0 0 0 0 0 0 0 0 0 0 0 0 0 0 0 0 0 0 0 0 0 0 0 0 0 0 0 0 0 0 0 0 0 0 0 0 0 0 0 0 0 0 0 0 0 0 0 0 0 0 0 0 0 0 0 0 0 0 0 0 0 0 0 0 0 0 0 0 0 0 0 0 0 0 0 0 0 0 0 0 0 0 0 0 0 0 0 0 0 0 1 0 0 0 0 0 0 0]
[1182751581015327453474668081954664844489813229430793819647324936787138343056137296602463401830128007782606451628613029820668021599101577600143560697460828720243646461898725228407861448676135256873220399319726629008413750829469821739022641969872875116495036397298393931207258143803602977957419257118026879371641890912327609527346318 0 0 0 0 0 0 0 0 0 0 0 0 0 0 0 0 0 0 0 0 0 0 0 0 0 0 0 0 0 0 0 0 0 0 0 0 0 0 0 0 0 0 0 0 0 0 0 0 0 0 0 0 0 0 0 0 0 0 0 0 0 0 0 0 0 0 0 0 0 0 0 0 0 0 0 0 0 0 0 0 0 0 0 0 0 0 0 0 0 0 0 0 0 0 0 0 0 0 0 0 0 0 1 0 0 0 0 0 0]
[794408750000640063903823633491531719098357852464159675746114392551595083920135053198566970687764696874113999478314503535717325663225235342175444560702531304917629212133232669745730402276371691706623966870347563400457447794664300994268250561340886403004108779944441840087575018023801216773023798398344318972385673036758018065295419 0 0 0 0 0 0 0 0 0 0 0 0 0 0 0 0 0 0 0 0 0 0 0 0 0 0 0 0 0 0 0 0 0 0 0 0 0 0 0 0 0 0 0 0 0 0 0 0 0 0 0 0 0 0 0 0 0 0 0 0 0 0 0 0 0 0 0 0 0 0 0 0 0 0 0 0 0 0 0 0 0 0 0 0 0 0 0 0 0 0 0 0 0 0 0 0 0 0 0 0 0 0 0 1 0 0 0 0 0]
[7775309182705764503680604939110165067865263629715250122194146360674391093860312744380995022163134052360210937894202426104517983994407276593378848709810391440703605042198996035662380101444600380052705330868152549833125987375689024761804947755166280129081093882510275199599172059765052270487763331185542790885103122593378294442744257 0 0 0 0 0 0 0 0 0 0 0 0 0 0 0 0 0 0 0 0 0 0 0 0 0 0 0 0 0 0 0 0 0 0 0 0 0 0 0 0 0 0 0 0 0 0 0 0 0 0 0 0 0 0 0 0 0 0 0 0 0 0 0 0 0 0 0 0 0 0 0 0 0 0 0 0 0 0 0 0 0 0 0 0 0 0 0 0 0 0 0 0 0 0 0 0 0 0 0 0 0 0 0 0 1 0 0 0 0]
[5133046191284382380722403982507894015808126830457348527986623558466045384929614270068933242844800034157050478156233675871217520418317212558763225763486404527597773890410824582678207108091877310292833619577302375081013475576617539118269874664871382013084297590002938810442090945793134697292648684225311247266824804326356164771462700 0 0 0 0 0 0 0 0 0 0 0 0 0 0 0 0 0 0 0 0 0 0 0 0 0 0 0 0 0 0 0 0 0 0 0 0 0 0 0 0 0 0 0 0 0 0 0 0 0 0 0 0 0 0 0 0 0 0 0 0 0 0 0 0 0 0 0 0 0 0 0 0 0 0 0 0 0 0 0 0 0 0 0 0 0 0 0 0 0 0 0 0 0 0 0 0 0 0 0 0 0 0 0 0 0 1 0 0 0]
[6606431262258707556842538131266750047108747160412164784861316222949106255914527679889521165793382301551776925034563759391122479197486340815285535438006471803524253469166327222711107757850016093048065495812869896880583202007837425496579694603085038299814648597146613247741633629671806167259408412411366532936750875570484504380952574 0 0 0 0 0 0 0 0 0 0 0 0 0 0 0 0 0 0 0 0 0 0 0 0 0 0 0 0 0 0 0 0 0 0 0 0 0 0 0 0 0 0 0 0 0 0 0 0 0 0 0 0 0 0 0 0 0 0 0 0 0 0 0 0 0 0 0 0 0 0 0 0 0 0 0 0 0 0 0 0 0 0 0 0 0 0 0 0 0 0 0 0 0 0 0 0 0 0 0 0 0 0 0 0 0 0 1 0 0]
[4262101073484484094402131862008992912031875498121648375451248607995858921775954707934673308071640329029655824548740319098839871734072993086994372615619754624192630010072879589065761746165605789111693718215211936677731660961818118220022636627687101430029683465762761480008495522053389411931366991313242200720698891987165309780624927 0 0 0 0 0 0 0 0 0 0 0 0 0 0 0 0 0 0 0 0 0 0 0 0 0 0 0 0 0 0 0 0 0 0 0 0 0 0 0 0 0 0 0 0 0 0 0 0 0 0 0 0 0 0 0 0 0 0 0 0 0 0 0 0 0 0 0 0 0 0 0 0 0 0 0 0 0 0 0 0 0 0 0 0 0 0 0 0 0 0 0 0 0 0 0 0 0 0 0 0 0 0 0 0 0 0 0 1 0]
[8279246751552941318899666307270725383009482130716416733176673498104767349096328181838202842431238724177273834455339726617516815711713121890465281265811232765969132953338976589963697550025010515439780167609284124212538325851598342777683829006700174758483468290560948874443100206055536326846147072587260212282790464979988911167971235 0 0 0 0 0 0 0 0 0 0 0 0 0 0 0 0 0 0 0 0 0 0 0 0 0 0 0 0 0 0 0 0 0 0 0 0 0 0 0 0 0 0 0 0 0 0 0 0 0 0 0 0 0 0 0 0 0 0 0 0 0 0 0 0 0 0 0 0 0 0 0 0 0 0 0 0 0 0 0 0 0 0 0 0 0 0 0 0 0 0 0 0 0 0 0 0 0 0 0 0 0 0 0 0 0 0 0 0 1]
]
