[[7740806688943980094706517080768611163907805595825711261098327599429159272804295178556839467791387162650715247042064359145546415312342912857443499334222237847699561900331522846567543669223044510420896660931370359515948518601796446269237840295998377028894683922921532075013758714540807537773154102824143 0 0 0 0 0 0 0 0 0 0 0 0 0 0 0 0 0 0 0 0 0 0 0 0 0 0 0 0 0 0 0 0 0 0 0 0 0 0 0 0 0 0 0 0 0 0 0 0 0 0 0 0 0 0 0 0 0 0 0 0 0 0 0 0 0 0 0 0 0 0 0 0 0 0 0 0 0 0 0 0 0 0 0 0 0 0 0 0 0 0 0 0 0 0 0 0 0 0 0]
[6264876357131960449359365609622633197078246299054720869144567519263623741645790470585696663645382405524006571429713802553817449395023175919797994734902417432640765009063103192471660730410620964359019686605067985908996247247511535630025648392250015201548459555232772082936276393779460442649529680276584 1 0 0 0 0 0 0 0 0 0 0 0 0 0 0 0 0 0 0 0 0 0 0 0 0 0 0 0 0 0 0 0 0 0 0 0 0 0 0 0 0 0 0 0 0 0 0 0 0 0 0 0 0 0 0 0 0 0 0 0 0 0 0 0 0 0 0 0 0 0 0 0 0 0 0 0 0 0 0 0 0 0 0 0 0 0 0 0 0 0 0 0 0 0 0 0 0 0 0]
[1346736043869538627255119060957116041173765215279851369665727925007258659745544326496849421569407034386903776801316864206446855293295437770400726111055952254025562889207996009781437482388107546476954201599286772414438739143614755839985985043956887071532444252385714019638103821839756514506802520777557 0 1 0 0 0 0 0 0 0 0 0 0 0 0 0 0 0 0 0 0 0 0 0 0 0 0 0 0 0 0 0 0 0 0 0 0 0 0 0 0 0 0 0 0 0 0 0 0 0 0 0 0 0 0 0 0 0 0 0 0 0 0 0 0 0 0 0 0 0 0 0 0 0 0 0 0 0 0 0 0 0 0 0 0 0 0 0 0 0 0 0 0 0 0 0 0 0 0 0]
[3089272421604797545255751303018083265545836384005638182225168684503618708515075960406380466387926993083333397105003057123191010538574391275246549754542672077833820746782054172775733605016362556850734281470046013655845878155907952954051501955686278195746669659204015414547286709368768615733084226504230 0 0 1 0 0 0 0 0 0 0 0 0 0 0 0 0 0 0 0 0 0 0 0 0 0 0 0 0 0 0 0 0 0 0 0 0 0 0 0 0 0 0 0 0 0 0 0 0 0 0 0 0 0 0 0 0 0 0 0 0 0 0 0 0 0 0 0 0 0 0 0 0 0 0 0 0 0 0 0 0 0 0 0 0 0 0 0 0 0 0 0 0 0 0 0 0 0 0 0]
[6849140221139149224408924716342516400152636622411836952255217906827424262958964868778111683396163602583151148197464590091119626558133581251790828849476847793034426062669762916254180662185714256359132278324916643577729015531591518741051795266984300046520824750278165567072513095903599559720668505179589 0 0 0 1 0 0 0 0 0 0 0 0 0 0 0 0 0 0 0 0 0 0 0 0 0 0 0 0 0 0 0 0 0 0 0 0 0 0 0 0 0 0 0 0 0 0 0 0 0 0 0 0 0 0 0 0 0 0 0 0 0 0 0 0 0 0 0 0 0 0 0 0 0 0 0 0 0 0 0 0 0 0 0 0 0 0 0 0 0 0 0 0 0 0 0 0 0 0 0]
[1727986553420723438667424465750419748466239366411030473596211522652765570400828570822266456449324742873898782949414650165626023813868739762760820244785104587122826876380214440338355430304256763371905545327032387941899163178521575133389943303231465653599233881919894012602333208628434714167051946755749 0 0 0 0 1 0 0 0 0 0 0 0 0 0 0 0 0 0 0 0 0 0 0 0 0 0 0 0 0 0 0 0 0 0 0 0 0 0 0 0 0 0 0 0 0 0 0 0 0 0 0 0 0 0 0 0 0 0 0 0 0 0 0 0 0 0 0 0 0 0 0 0 0 0 0 0 0 0 0 0 0 0 0 0 0 0 0 0 0 0 0 0 0 0 0 0 0 0 0]
[427656484745583055279648816963749574018986131086814954348806813048920107383232379504204575219214187653959986022068241785080569425665998837119713067334825375635927610662381705281089850171545095761366634817435509361082937315496409170980351782501928620149041651675834770679852546197758256259205384758433 0 0 0 0 0 1 0 0 0 0 0 0 0 0 0 0 0 0 0 0 0 0 0 0 0 0 0 0 0 0 0 0 0 0 0 0 0 0 0 0 0 0 0 0 0 0 0 0 0 0 0 0 0 0 0 0 0 0 0 0 0 0 0 0 0 0 0 0 0 0 0 0 0 0 0 0 0 0 0 0 0 0 0 0 0 0 0 0 0 0 0 0 0 0 0 0 0 0 0]
[1663133518341445695864487959249698202468414045030854253609155487478340356978847973563811749578746698596200008710360689790798957553039909771347437185357572839899372126678974223791407816759824183877414840063678966429398799008989505702911495945708307117728134070088734116744006171417290953654747926384594 0 0 0 0 0 0 1 0 0 0 0 0 0 0 0 0 0 0 0 0 0 0 0 0 0 0 0 0 0 0 0 0 0 0 0 0 0 0 0 0 0 0 0 0 0 0 0 0 0 0 0 0 0 0 0 0 0 0 0 0 0 0 0 0 0 0 0 0 0 0 0 0 0 0 0 0 0 0 0 0 0 0 0 0 0 0 0 0 0 0 0 0 0 0 0 0 0 0 0]
[5241774055040793082302444093713994287741989641011987534260224654405888201191966698108399991106801482801047384879969832712191064826433053065759443948322115222861358308272941895955172290075189292905331972572880249752217538473675128814469774569451720974582022060408581818762576943996646732483712382079787 0 0 0 0 0 0 0 1 0 0 0 0 0 0 0 0 0 0 0 0 0 0 0 0 0 0 0 0 0 0 0 0 0 0 0 0 0 0 0 0 0 0 0 0 0 0 0 0 0 0 0 0 0 0 0 0 0 0 0 0 0 0 0 0 0 0 0 0 0 0 0 0 0 0 0 0 0 0 0 0 0 0 0 0 0 0 0 0 0 0 0 0 0 0 0 0 0 0 0]
[1864258028269746585212686670882442217711364684285835958986179488568147578244673469426937502848052244581167641896098469730312656440854801906192030980263611807197478091511952238761371400215428805020553835664672334362117129859303272405302488385688112359720379199683848585901910475646714847763498564678260 0 0 0 0 0 0 0 0 1 0 0 0 0 0 0 0 0 0 0 0 0 0 0 0 0 0 0 0 0 0 0 0 0 0 0 0 0 0 0 0 0 0 0 0 0 0 0 0 0 0 0 0 0 0 0 0 0 0 0 0 0 0 0 0 0 0 0 0 0 0 0 0 0 0 0 0 0 0 0 0 0 0 0 0 0 0 0 0 0 0 0 0 0 0 0 0 0 0 0]
[6440525802957290940800957348207999645992589763624855668374093287953526635067061135189352584333409039507174103338375545525213843853619712895590565650776227255387158292713397975104895543011246491808330812544560755437971980748241711228994777307868597004566693056698153065180181057336294559975381963222930 0 0 0 0 0 0 0 0 0 1 0 0 0 0 0 0 0 0 0 0 0 0 0 0 0 0 0 0 0 0 0 0 0 0 0 0 0 0 0 0 0 0 0 0 0 0 0 0 0 0 0 0 0 0 0 0 0 0 0 0 0 0 0 0 0 0 0 0 0 0 0 0 0 0 0 0 0 0 0 0 0 0 0 0 0 0 0 0 0 0 0 0 0 0 0 0 0 0 0]
[1218049072601806619119159425647621554355110242358455723563379529698685666410854298278785595281246104496783674416318580202387977371759913045560831715708978279756913400645620815830421291448985457345565008722085174889289461521760939502494323698270457201363732339455899928326090193028275304141527115977821 0 0 0 0 0 0 0 0 0 0 1 0 0 0 0 0 0 0 0 0 0 0 0 0 0 0 0 0 0 0 0 0 0 0 0 0 0 0 0 0 0 0 0 0 0 0 0 0 0 0 0 0 0 0 0 0 0 0 0 0 0 0 0 0 0 0 0 0 0 0 0 0 0 0 0 0 0 0 0 0 0 0 0 0 0 0 0 0 0 0 0 0 0 0 0 0 0 0 0]
[7705345627184305486498496189986820038485951847596756949383300315446148219118455747180936259637129763841122321725970045988463128485574315000812586382289832011441539643047014732600947823592985343258624491369246615523477028021311662811097219063567280344946746496937314095042806205650601880096246551472093 0 0 0 0 0 0 0 0 0 0 0 1 0 0 0 0 0 0 0 0 0 0 0 0 0 0 0 0 0 0 0 0 0 0 0 0 0 0 0 0 0 0 0 0 0 0 0 0 0 0 0 0 0 0 0 0 0 0 0 0 0 0 0 0 0 0 0 0 0 0 0 0 0 0 0 0 0 0 0 0 0 0 0 0 0 0 0 0 0 0 0 0 0 0 0 0 0 0 0]
[344240331565768859762485775214249009997782218993717584637049835369055221642312062721920714839161194833197049968080654497307775524382259174393066907262204247764741374361782626377308158268375403651093708871548660474317421498497286902840495115909907025871774919278888329464628002263134908454154334365478 0 0 0 0 0 0 0 0 0 0 0 0 1 0 0 0 0 0 0 0 0 0 0 0 0 0 0 0 0 0 0 0 0 0 0 0 0 0 0 0 0 0 0 0 0 0 0 0 0 0 0 0 0 0 0 0 0 0 0 0 0 0 0 0 0 0 0 0 0 0 0 0 0 0 0 0 0 0 0 0 0 0 0 0 0 0 0 0 0 0 0 0 0 0 0 0 0 0 0]
[1626325271399477769222162134485033532969136462176216590665595138235167984606569619768989344850153974532731449003457033801029730487672696133088722405174300817193959044585439976496744478817678520708273511203256044291168569511804104824999999012913933505242417186622568043370121088798988914554745823149430 0 0 0 0 0 0 0 0 0 0 0 0 0 1 0 0 0 0 0 0 0 0 0 0 0 0 0 0 0 0 0 0 0 0 0 0 0 0 0 0 0 0 0 0 0 0 0 0 0 0 0 0 0 0 0 0 0 0 0 0 0 0 0 0 0 0 0 0 0 0 0 0 0 0 0 0 0 0 0 0 0 0 0 0 0 0 0 0 0 0 0 0 0 0 0 0 0 0 0]
[3765896931714748519367551598827238192956894092487837412445291871933665599501727547960778724874544205464679570093343972703809169833852066428415809909199328672708368209153067565037031100510736042526029448381471270643044259890681330052446993473160992458900925851163301172350182972470815716615467485120540 0 0 0 0 0 0 0 0 0 0 0 0 0 0 1 0 0 0 0 0 0 0 0 0 0 0 0 0 0 0 0 0 0 0 0 0 0 0 0 0 0 0 0 0 0 0 0 0 0 0 0 0 0 0 0 0 0 0 0 0 0 0 0 0 0 0 0 0 0 0 0 0 0 0 0 0 0 0 0 0 0 0 0 0 0 0 0 0 0 0 0 0 0 0 0 0 0 0 0]
[79061032760055892046573491593849720494848327660993564570840122523439323044042319043219449789121223396336610326999691319926689532910408913577776029521789623521485160489175684086697843263859603667130913967563424996000699232240084099998981891608119257336132339382209542320584895759664972771700454999285 0 0 0 0 0 0 0 0 0 0 0 0 0 0 0 1 0 0 0 0 0 0 0 0 0 0 0 0 0 0 0 0 0 0 0 0 0 0 0 0 0 0 0 0 0 0 0 0 0 0 0 0 0 0 0 0 0 0 0 0 0 0 0 0 0 0 0 0 0 0 0 0 0 0 0 0 0 0 0 0 0 0 0 0 0 0 0 0 0 0 0 0 0 0 0 0 0 0 0]
[321021971779212576850817859268436797703712570594981185982141086847042664612597549537596215396943251152462106850632029541791698627121149252323128526989992240350925189921157515946952054255392493601055969961149294228044010630136362562100600291824833670300306802801820579974511894989834775206516206732967 0 0 0 0 0 0 0 0 0 0 0 0 0 0 0 0 1 0 0 0 0 0 0 0 0 0 0 0 0 0 0 0 0 0 0 0 0 0 0 0 0 0 0 0 0 0 0 0 0 0 0 0 0 0 0 0 0 0 0 0 0 0 0 0 0 0 0 0 0 0 0 0 0 0 0 0 0 0 0 0 0 0 0 0 0 0 0 0 0 0 0 0 0 0 0 0 0 0 0]
[4646342653102263821065293589581690842574959307204513927134673577081323374854143586965644150378884266616527773487376651895958505797783723353255882386341283824706718769676777626022207722258001713208697602183882594828219845115327499929375609499517966319293871742188601835590002035061372464582764445998896 0 0 0 0 0 0 0 0 0 0 0 0 0 0 0 0 0 1 0 0 0 0 0 0 0 0 0 0 0 0 0 0 0 0 0 0 0 0 0 0 0 0 0 0 0 0 0 0 0 0 0 0 0 0 0 0 0 0 0 0 0 0 0 0 0 0 0 0 0 0 0 0 0 0 0 0 0 0 0 0 0 0 0 0 0 0 0 0 0 0 0 0 0 0 0 0 0 0 0]
[4984251627328618053518606716524648454146322294284350142888734356114437409144399815579303820230315808069837749543648698236056919921080498081888458577864976014334089359547783369392055504441918591134817632511739840500529703305431376596227298177142670392073665336924314229377289136313603980648790803797632 0 0 0 0 0 0 0 0 0 0 0 0 0 0 0 0 0 0 1 0 0 0 0 0 0 0 0 0 0 0 0 0 0 0 0 0 0 0 0 0 0 0 0 0 0 0 0 0 0 0 0 0 0 0 0 0 0 0 0 0 0 0 0 0 0 0 0 0 0 0 0 0 0 0 0 0 0 0 0 0 0 0 0 0 0 0 0 0 0 0 0 0 0 0 0 0 0 0 0]
[917782923193878449112754411424519161228098572178208186589479323378610839010680302213509397677174117294980682631357668260793405850390892342564207504848177235175195980203984962860180036381044899143229245820408747919150709296289626360898238963132905568550084826104761843476855772197466074470696153903764 0 0 0 0 0 0 0 0 0 0 0 0 0 0 0 0 0 0 0 1 0 0 0 0 0 0 0 0 0 0 0 0 0 0 0 0 0 0 0 0 0 0 0 0 0 0 0 0 0 0 0 0 0 0 0 0 0 0 0 0 0 0 0 0 0 0 0 0 0 0 0 0 0 0 0 0 0 0 0 0 0 0 0 0 0 0 0 0 0 0 0 0 0 0 0 0 0 0 0]
[3405790073574752491568426456943018650896922728964942129795775665392343019496828691908021963627442901858142117456800233400496917720763463193715585928903171024134326937550243726137086209994747866560896583949717636277284876133262200690082145327405624913179716412083835807642108842881722239879542849609152 0 0 0 0 0 0 0 0 0 0 0 0 0 0 0 0 0 0 0 0 1 0 0 0 0 0 0 0 0 0 0 0 0 0 0 0 0 0 0 0 0 0 0 0 0 0 0 0 0 0 0 0 0 0 0 0 0 0 0 0 0 0 0 0 0 0 0 0 0 0 0 0 0 0 0 0 0 0 0 0 0 0 0 0 0 0 0 0 0 0 0 0 0 0 0 0 0 0 0]
[972371268956296053356543860133096632104163223164377634367139000011512390223825778069835466763495913597575447142424844993131690578939984485231176541928442149844855109767327688633546190198959885373229759579000183371789934503259646185968752366979767478169810383926252980360825769174221436725696814832544 0 0 0 0 0 0 0 0 0 0 0 0 0 0 0 0 0 0 0 0 0 1 0 0 0 0 0 0 0 0 0 0 0 0 0 0 0 0 0 0 0 0 0 0 0 0 0 0 0 0 0 0 0 0 0 0 0 0 0 0 0 0 0 0 0 0 0 0 0 0 0 0 0 0 0 0 0 0 0 0 0 0 0 0 0 0 0 0 0 0 0 0 0 0 0 0 0 0 0]
[4288919013570205129831901803376782984294803480811535875175122899836124611417232203279056706701603740891721724779284690177365648628075086973704310826845803687263562951227575761405150075330567327840343477199348478138988224429443178420061543279469771437564186572244427388791929877500166649572875493605908 0 0 0 0 0 0 0 0 0 0 0 0 0 0 0 0 0 0 0 0 0 0 1 0 0 0 0 0 0 0 0 0 0 0 0 0 0 0 0 0 0 0 0 0 0 0 0 0 0 0 0 0 0 0 0 0 0 0 0 0 0 0 0 0 0 0 0 0 0 0 0 0 0 0 0 0 0 0 0 0 0 0 0 0 0 0 0 0 0 0 0 0 0 0 0 0 0 0 0]
[4254682485054675127126946368388683232069205223126980398240051810297384445836126285065738281058502852898648887294137346659052652269019228809987268553440155701369986747478967228967569802747282006049266538002999674878154963839738141924869757252618316052230184007498913258316124702648727681781038412934269 0 0 0 0 0 0 0 0 0 0 0 0 0 0 0 0 0 0 0 0 0 0 0 1 0 0 0 0 0 0 0 0 0 0 0 0 0 0 0 0 0 0 0 0 0 0 0 0 0 0 0 0 0 0 0 0 0 0 0 0 0 0 0 0 0 0 0 0 0 0 0 0 0 0 0 0 0 0 0 0 0 0 0 0 0 0 0 0 0 0 0 0 0 0 0 0 0 0 0]
[458494466714287693299573796683234050020168116820442899862447069175167338455671575322531227267678139605004201227546705975036883883466705763845863550866478461787858689832126824982472607756695862099291125695944374584206285641911682126842009531973665208557588233347606849247838126110073588742235552919093 0 0 0 0 0 0 0 0 0 0 0 0 0 0 0 0 0 0 0 0 0 0 0 0 1 0 0 0 0 0 0 0 0 0 0 0 0 0 0 0 0 0 0 0 0 0 0 0 0 0 0 0 0 0 0 0 0 0 0 0 0 0 0 0 0 0 0 0 0 0 0 0 0 0 0 0 0 0 0 0 0 0 0 0 0 0 0 0 0 0 0 0 0 0 0 0 0 0 0]
[4743865331425641404540235124622224707382939640115731081804521733377382444672991527454933571835732706101515207306627890312790673146446321156948658471322580126594713032193041577588389655534026988210085602426176631099735093923710579212787988948101703471616694158221259645269741361439441180157293400446072 0 0 0 0 0 0 0 0 0 0 0 0 0 0 0 0 0 0 0 0 0 0 0 0 0 1 0 0 0 0 0 0 0 0 0 0 0 0 0 0 0 0 0 0 0 0 0 0 0 0 0 0 0 0 0 0 0 0 0 0 0 0 0 0 0 0 0 0 0 0 0 0 0 0 0 0 0 0 0 0 0 0 0 0 0 0 0 0 0 0 0 0 0 0 0 0 0 0 0]
[4484417731345694220679572168810484363829105601645793311754191941046970900499135521285237409435507201962297296706980787936255982884368451109174096866222074235921101014212386286327421739646561279313235692545048065573433486034823895167213715899372957983356612240961614705075078366016001754362080663750025 0 0 0 0 0 0 0 0 0 0 0 0 0 0 0 0 0 0 0 0 0 0 0 0 0 0 1 0 0 0 0 0 0 0 0 0 0 0 0 0 0 0 0 0 0 0 0 0 0 0 0 0 0 0 0 0 0 0 0 0 0 0 0 0 0 0 0 0 0 0 0 0 0 0 0 0 0 0 0 0 0 0 0 0 0 0 0 0 0 0 0 0 0 0 0 0 0 0 0]
[5017362059466312079827044642892388366280709526883322531626769255680837680727967849973292913156352820075110270366082373089917483088086302051973398301917278295804257300484548337238898077132862626458088598881012720281246341705172627923305049854472708106667479512340170472105261202534517535452133828347758 0 0 0 0 0 0 0 0 0 0 0 0 0 0 0 0 0 0 0 0 0 0 0 0 0 0 0 1 0 0 0 0 0 0 0 0 0 0 0 0 0 0 0 0 0 0 0 0 0 0 0 0 0 0 0 0 0 0 0 0 0 0 0 0 0 0 0 0 0 0 0 0 0 0 0 0 0 0 0 0 0 0 0 0 0 0 0 0 0 0 0 0 0 0 0 0 0 0 0]
[6676790164242480589552328772491476745246112884679913204566243247442003457659996642909322033807033429820289703917902393744111574558222618707829242993765437666909727508043604256310469493968630355575946973171830604000848135610742080696361524243185465309135818976484340779924826447323891092854992684258789 0 0 0 0 0 0 0 0 0 0 0 0 0 0 0 0 0 0 0 0 0 0 0 0 0 0 0 0 1 0 0 0 0 0 0 0 0 0 0 0 0 0 0 0 0 0 0 0 0 0 0 0 0 0 0 0 0 0 0 0 0 0 0 0 0 0 0 0 0 0 0 0 0 0 0 0 0 0 0 0 0 0 0 0 0 0 0 0 0 0 0 0 0 0 0 0 0 0 0]
[6998035369249570603986848128905531388557071023213241480775816203528978850456402630463678851868346906873432786433538295228512739667468045940161069179641443943400432103512272396398448341264389400433389257416099555886807048584867353076635644261697006677152837187094232883443918487698676908844168841158568 0 0 0 0 0 0 0 0 0 0 0 0 0 0 0 0 0 0 0 0 0 0 0 0 0 0 0 0 0 1 0 0 0 0 0 0 0 0 0 0 0 0 0 0 0 0 0 0 0 0 0 0 0 0 0 0 0 0 0 0 0 0 0 0 0 0 0 0 0 0 0 0 0 0 0 0 0 0 0 0 0 0 0 0 0 0 0 0 0 0 0 0 0 0 0 0 0 0 0]
[3688976899473311698262160848937386923896287288412115419916793215079209197212643764961048621486933960307022572447599057023505188011042400705816893529858063405403291004428337386335957154818524991163494269128850972099681445043763083281483518047140482116983278666342086717149139048170447821700110685876349 0 0 0 0 0 0 0 0 0 0 0 0 0 0 0 0 0 0 0 0 0 0 0 0 0 0 0 0 0 0 1 0 0 0 0 0 0 0 0 0 0 0 0 0 0 0 0 0 0 0 0 0 0 0 0 0 0 0 0 0 0 0 0 0 0 0 0 0 0 0 0 0 0 0 0 0 0 0 0 0 0 0 0 0 0 0 0 0 0 0 0 0 0 0 0 0 0 0 0]
[2044677608301173812193761857181069018371457350596318541275236936787692062716516877418681754157058951387690487426661632337322357893635048781650507143478327603085520201578091576723487162468612354103971834693628781613055777481424158797804871180480080681081401429861592193738937447402034496033554588539882 0 0 0 0 0 0 0 0 0 0 0 0 0 0 0 0 0 0 0 0 0 0 0 0 0 0 0 0 0 0 0 1 0 0 0 0 0 0 0 0 0 0 0 0 0 0 0 0 0 0 0 0 0 0 0 0 0 0 0 0 0 0 0 0 0 0 0 0 0 0 0 0 0 0 0 0 0 0 0 0 0 0 0 0 0 0 0 0 0 0 0 0 0 0 0 0 0 0 0]
[3190670287479667669897659459982725488320110374908968066886332344214476415184120644287201833057406802856474463675242586904144920924156172281061798104190664399052645465478977660631804582670569304861490908613277998517850537566605274145552513821296384403349975840313695236741879404489562600170375150248579 0 0 0 0 0 0 0 0 0 0 0 0 0 0 0 0 0 0 0 0 0 0 0 0 0 0 0 0 0 0 0 0 1 0 0 0 0 0 0 0 0 0 0 0 0 0 0 0 0 0 0 0 0 0 0 0 0 0 0 0 0 0 0 0 0 0 0 0 0 0 0 0 0 0 0 0 0 0 0 0 0 0 0 0 0 0 0 0 0 0 0 0 0 0 0 0 0 0 0]
[3058707881797053668937134335078207443671653706244699571121858773690903989630786879614288331961499803708237941515211630942296313598310399702387992150687307827183693829167406603192914673925534218088225442791631244904017731383504462064326824110435027833646119211267433502825796865259258762995764335473083 0 0 0 0 0 0 0 0 0 0 0 0 0 0 0 0 0 0 0 0 0 0 0 0 0 0 0 0 0 0 0 0 0 1 0 0 0 0 0 0 0 0 0 0 0 0 0 0 0 0 0 0 0 0 0 0 0 0 0 0 0 0 0 0 0 0 0 0 0 0 0 0 0 0 0 0 0 0 0 0 0 0 0 0 0 0 0 0 0 0 0 0 0 0 0 0 0 0 0]
[7541827650041019433778318355055417647163912819036237271743355386770449810322191592877614387930312934480202388971403259084260860086391334113014703168451739931831453382164341472305535887254981180749115226324077173198834898095970130134405576902809115990198017028363241439465358277884571798422475465826140 0 0 0 0 0 0 0 0 0 0 0 0 0 0 0 0 0 0 0 0 0 0 0 0 0 0 0 0 0 0 0 0 0 0 1 0 0 0 0 0 0 0 0 0 0 0 0 0 0 0 0 0 0 0 0 0 0 0 0 0 0 0 0 0 0 0 0 0 0 0 0 0 0 0 0 0 0 0 0 0 0 0 0 0 0 0 0 0 0 0 0 0 0 0 0 0 0 0 0]
[73120334963520326405846201606939966516319038281804889011596773576882546051660997128846805996525589798981375083212528513227933334908344395989766818464393874318507165716966567908225412820994903589072803943928708968420753247431608135916140414993005961925856148142391331646136312895505791171559996396427 0 0 0 0 0 0 0 0 0 0 0 0 0 0 0 0 0 0 0 0 0 0 0 0 0 0 0 0 0 0 0 0 0 0 0 1 0 0 0 0 0 0 0 0 0 0 0 0 0 0 0 0 0 0 0 0 0 0 0 0 0 0 0 0 0 0 0 0 0 0 0 0 0 0 0 0 0 0 0 0 0 0 0 0 0 0 0 0 0 0 0 0 0 0 0 0 0 0 0]
[4489224870359284031199669268769320911669894121413637101265265025505718470571320162752550713845940504789810519924050320076493987871582782456886792368294020330273930516099314626637789626615064661592941519456497671150729113669847632539429969127783992634490066477433288613600323256918482020587814342743034 0 0 0 0 0 0 0 0 0 0 0 0 0 0 0 0 0 0 0 0 0 0 0 0 0 0 0 0 0 0 0 0 0 0 0 0 1 0 0 0 0 0 0 0 0 0 0 0 0 0 0 0 0 0 0 0 0 0 0 0 0 0 0 0 0 0 0 0 0 0 0 0 0 0 0 0 0 0 0 0 0 0 0 0 0 0 0 0 0 0 0 0 0 0 0 0 0 0 0]
[2030758456472460388413370903978050262194892623164746698717009945748768544034464832429494860831678934494802969088842218987162045024472624039420262161178913773529157833019189696059021155684338756941282335892777735572550797063479487013845639778076662358542561699900753060788262628308319851170821334528590 0 0 0 0 0 0 0 0 0 0 0 0 0 0 0 0 0 0 0 0 0 0 0 0 0 0 0 0 0 0 0 0 0 0 0 0 0 1 0 0 0 0 0 0 0 0 0 0 0 0 0 0 0 0 0 0 0 0 0 0 0 0 0 0 0 0 0 0 0 0 0 0 0 0 0 0 0 0 0 0 0 0 0 0 0 0 0 0 0 0 0 0 0 0 0 0 0 0 0]
[2357260407714781773547924570769451302682243239973914599777063312674378943956498199813659742693023690816249784342642118001727816471935674348094142158982535758626512495567349629493567804672802107684205311604367571250257113280038974222314787287490260931583643364837017061217838574661732816001137431784224 0 0 0 0 0 0 0 0 0 0 0 0 0 0 0 0 0 0 0 0 0 0 0 0 0 0 0 0 0 0 0 0 0 0 0 0 0 0 1 0 0 0 0 0 0 0 0 0 0 0 0 0 0 0 0 0 0 0 0 0 0 0 0 0 0 0 0 0 0 0 0 0 0 0 0 0 0 0 0 0 0 0 0 0 0 0 0 0 0 0 0 0 0 0 0 0 0 0 0]
[933233427660860865269806793381883184300715682882104224679408076578326833069276056216635990157513312746594725878718328019594433989326288662475478191282311884585955759743576146733957229407178812201043531660503853950069039165887563005363908794192203903312841848113057441788168637043316727842206452354991 0 0 0 0 0 0 0 0 0 0 0 0 0 0 0 0 0 0 0 0 0 0 0 0 0 0 0 0 0 0 0 0 0 0 0 0 0 0 0 1 0 0 0 0 0 0 0 0 0 0 0 0 0 0 0 0 0 0 0 0 0 0 0 0 0 0 0 0 0 0 0 0 0 0 0 0 0 0 0 0 0 0 0 0 0 0 0 0 0 0 0 0 0 0 0 0 0 0 0]
[461866020167464418218943156978289027528653704526708901691907792180446607871423950353256197337683053274414679847672354492505827817540240549712171108225790744969195934952798373842412388590730848118313594841952548716926933664504286851858748937717540219660605692071662227409226904221593864062779062349948 0 0 0 0 0 0 0 0 0 0 0 0 0 0 0 0 0 0 0 0 0 0 0 0 0 0 0 0 0 0 0 0 0 0 0 0 0 0 0 0 1 0 0 0 0 0 0 0 0 0 0 0 0 0 0 0 0 0 0 0 0 0 0 0 0 0 0 0 0 0 0 0 0 0 0 0 0 0 0 0 0 0 0 0 0 0 0 0 0 0 0 0 0 0 0 0 0 0 0]
[4712536327339552248452248840792140272214396366188653025293656006317695473099456037435508436808788887759791168858989228616414007779663182295627984562905046199958294850216053475898408246659156674900629582412805244581468611801410654152282722356622602609731963872232555581500419838091332498578635196746653 0 0 0 0 0 0 0 0 0 0 0 0 0 0 0 0 0 0 0 0 0 0 0 0 0 0 0 0 0 0 0 0 0 0 0 0 0 0 0 0 0 1 0 0 0 0 0 0 0 0 0 0 0 0 0 0 0 0 0 0 0 0 0 0 0 0 0 0 0 0 0 0 0 0 0 0 0 0 0 0 0 0 0 0 0 0 0 0 0 0 0 0 0 0 0 0 0 0 0]
[97046658062207256454384579155027111160085856427049493620377351086303742087069804316039835954394265059380944938303509333779443646238970273984856152962347876032486191700944585784749472532072993765426474813014326493833924411433314502504587829081889870550436296700350616816255552086181939017450131748810 0 0 0 0 0 0 0 0 0 0 0 0 0 0 0 0 0 0 0 0 0 0 0 0 0 0 0 0 0 0 0 0 0 0 0 0 0 0 0 0 0 0 1 0 0 0 0 0 0 0 0 0 0 0 0 0 0 0 0 0 0 0 0 0 0 0 0 0 0 0 0 0 0 0 0 0 0 0 0 0 0 0 0 0 0 0 0 0 0 0 0 0 0 0 0 0 0 0 0]
[6935889021077178974801910428160147072742499757724412751125232644608783205192945332117207555325752450119116307758279339825968909387961271196562773889047236911778911593381612257007940431968546821175151807238296427378090337678489097377470523283876972249863471721282501719542063966678463442186924835690993 0 0 0 0 0 0 0 0 0 0 0 0 0 0 0 0 0 0 0 0 0 0 0 0 0 0 0 0 0 0 0 0 0 0 0 0 0 0 0 0 0 0 0 1 0 0 0 0 0 0 0 0 0 0 0 0 0 0 0 0 0 0 0 0 0 0 0 0 0 0 0 0 0 0 0 0 0 0 0 0 0 0 0 0 0 0 0 0 0 0 0 0 0 0 0 0 0 0 0]
[5169606431390639352618457999748804515644807616423115441430428418101398199061747472425893426628882041453981400769451820468975946736909812168265123170206811291742927538427562092656513167635631419461572670298141061368658840474229247660438130166002352702554417330431666806721425729694118588518433187862291 0 0 0 0 0 0 0 0 0 0 0 0 0 0 0 0 0 0 0 0 0 0 0 0 0 0 0 0 0 0 0 0 0 0 0 0 0 0 0 0 0 0 0 0 1 0 0 0 0 0 0 0 0 0 0 0 0 0 0 0 0 0 0 0 0 0 0 0 0 0 0 0 0 0 0 0 0 0 0 0 0 0 0 0 0 0 0 0 0 0 0 0 0 0 0 0 0 0 0]
[1674544839122357221296943797364293867878409189692814328833128573833923508987878006132285038653650482732933234632052242675178683431087628437449393893954938851060313277212329307614410870166896247002909587394871881426464327513784576534579632144915319035571212106268840025984595502878008662041538586129841 0 0 0 0 0 0 0 0 0 0 0 0 0 0 0 0 0 0 0 0 0 0 0 0 0 0 0 0 0 0 0 0 0 0 0 0 0 0 0 0 0 0 0 0 0 1 0 0 0 0 0 0 0 0 0 0 0 0 0 0 0 0 0 0 0 0 0 0 0 0 0 0 0 0 0 0 0 0 0 0 0 0 0 0 0 0 0 0 0 0 0 0 0 0 0 0 0 0 0]
[2034531845801573665365508842849907950115851682636036450331492900073846839252234292075755365776794951273640849320593212421483972489005011629119536729533654981983647827154737518534411663874398752811398852220574620937110868019106446544896966202794267028568162844016607399638399376547683583175426111725536 0 0 0 0 0 0 0 0 0 0 0 0 0 0 0 0 0 0 0 0 0 0 0 0 0 0 0 0 0 0 0 0 0 0 0 0 0 0 0 0 0 0 0 0 0 0 1 0 0 0 0 0 0 0 0 0 0 0 0 0 0 0 0 0 0 0 0 0 0 0 0 0 0 0 0 0 0 0 0 0 0 0 0 0 0 0 0 0 0 0 0 0 0 0 0 0 0 0 0]
[4573730824861046874451395527838242247344435509085124218596795994546084448977445278013371313251196066880684127367554103740710126452532432786402586575894113996300449520146258868230094764010597273912953410861269569567296517164087637080399857528681177820373872416784737008161366813265917316311922888317323 0 0 0 0 0 0 0 0 0 0 0 0 0 0 0 0 0 0 0 0 0 0 0 0 0 0 0 0 0 0 0 0 0 0 0 0 0 0 0 0 0 0 0 0 0 0 0 1 0 0 0 0 0 0 0 0 0 0 0 0 0 0 0 0 0 0 0 0 0 0 0 0 0 0 0 0 0 0 0 0 0 0 0 0 0 0 0 0 0 0 0 0 0 0 0 0 0 0 0]
[5848736352160979257186776942457840790190679942892959525038420066112894677567037468697266753340341073164389205615495597325445930030559099284303496479563274901386235199673417870195948293068374481450342325211784896281213170527415172951414768402927302505419296647610124573672585080163513000016642333198468 0 0 0 0 0 0 0 0 0 0 0 0 0 0 0 0 0 0 0 0 0 0 0 0 0 0 0 0 0 0 0 0 0 0 0 0 0 0 0 0 0 0 0 0 0 0 0 0 1 0 0 0 0 0 0 0 0 0 0 0 0 0 0 0 0 0 0 0 0 0 0 0 0 0 0 0 0 0 0 0 0 0 0 0 0 0 0 0 0 0 0 0 0 0 0 0 0 0 0]
[3512491310766226736004119480368973763675214529519349623089655228407417623746491847555426547730796770303136972904622476999073785131701439350085451257162492167917427961224565861685898728097333422836620481406727474133707184498601449431263891208317438707233238035100233249817844152377211561835199448094336 0 0 0 0 0 0 0 0 0 0 0 0 0 0 0 0 0 0 0 0 0 0 0 0 0 0 0 0 0 0 0 0 0 0 0 0 0 0 0 0 0 0 0 0 0 0 0 0 0 1 0 0 0 0 0 0 0 0 0 0 0 0 0 0 0 0 0 0 0 0 0 0 0 0 0 0 0 0 0 0 0 0 0 0 0 0 0 0 0 0 0 0 0 0 0 0 0 0 0]
[62891670671266667519634116741285971553540740373435615200615564121084802505932182183115237439872790444564349640750425378860056752685264839916151436847318251836316898756804770762376449821272596125825507796369920219654795220139240875281092757649500864325124741910696951426681418043345426364636002626274 0 0 0 0 0 0 0 0 0 0 0 0 0 0 0 0 0 0 0 0 0 0 0 0 0 0 0 0 0 0 0 0 0 0 0 0 0 0 0 0 0 0 0 0 0 0 0 0 0 0 1 0 0 0 0 0 0 0 0 0 0 0 0 0 0 0 0 0 0 0 0 0 0 0 0 0 0 0 0 0 0 0 0 0 0 0 0 0 0 0 0 0 0 0 0 0 0 0 0]
[7243433435502572020877644766041011476049449389004441348152644094912073130105830481222915661374539895277258638234457109681294910389844448453423773752896245134728006045610444626610998152042081996734311960072871902641077726737449654849730414046862802363547031735930137064470827904916116332180258414849277 0 0 0 0 0 0 0 0 0 0 0 0 0 0 0 0 0 0 0 0 0 0 0 0 0 0 0 0 0 0 0 0 0 0 0 0 0 0 0 0 0 0 0 0 0 0 0 0 0 0 0 1 0 0 0 0 0 0 0 0 0 0 0 0 0 0 0 0 0 0 0 0 0 0 0 0 0 0 0 0 0 0 0 0 0 0 0 0 0 0 0 0 0 0 0 0 0 0 0]
[2608868444689054593038241082395340204643294786313625639207790902246692224143771577492642599215733978676218323104910789530289821622994275911038369000150661244053360426416794014055376535590069693329951992728778847958315018176559344571732141842998112853876016177904624428093228269695536055650392950282347 0 0 0 0 0 0 0 0 0 0 0 0 0 0 0 0 0 0 0 0 0 0 0 0 0 0 0 0 0 0 0 0 0 0 0 0 0 0 0 0 0 0 0 0 0 0 0 0 0 0 0 0 1 0 0 0 0 0 0 0 0 0 0 0 0 0 0 0 0 0 0 0 0 0 0 0 0 0 0 0 0 0 0 0 0 0 0 0 0 0 0 0 0 0 0 0 0 0 0]
[157878337173265456184108312770950061767499044028508600765421612155040189480863960727116662439233480175328746542457087450148392545894278031163167756518132936364761083069490385408675057447610320399923557722193179070643681395846443400442358230446369111150212763988983927545806355175616729636058019765623 0 0 0 0 0 0 0 0 0 0 0 0 0 0 0 0 0 0 0 0 0 0 0 0 0 0 0 0 0 0 0 0 0 0 0 0 0 0 0 0 0 0 0 0 0 0 0 0 0 0 0 0 0 1 0 0 0 0 0 0 0 0 0 0 0 0 0 0 0 0 0 0 0 0 0 0 0 0 0 0 0 0 0 0 0 0 0 0 0 0 0 0 0 0 0 0 0 0 0]
[6090150020756457238883057265750142456479511391222694266445531829856676069684604952608216450740338641568089221954610661281132020995457991535356413984953046323710367217174491770228687773752112343436887926560479292518071862716427278997282232820370660736351508033787692754018071932626260762460607992832440 0 0 0 0 0 0 0 0 0 0 0 0 0 0 0 0 0 0 0 0 0 0 0 0 0 0 0 0 0 0 0 0 0 0 0 0 0 0 0 0 0 0 0 0 0 0 0 0 0 0 0 0 0 0 1 0 0 0 0 0 0 0 0 0 0 0 0 0 0 0 0 0 0 0 0 0 0 0 0 0 0 0 0 0 0 0 0 0 0 0 0 0 0 0 0 0 0 0 0]
[4476829204790354763758291207956240554585644383213923712450305793337310194934050738360683996629311020744514603620953196304016222559608373019459797823950320828964953765431629092730621245707602081390692612620089402499046628836589864525222531458997899581545015078929102846976517013162934806077502766435574 0 0 0 0 0 0 0 0 0 0 0 0 0 0 0 0 0 0 0 0 0 0 0 0 0 0 0 0 0 0 0 0 0 0 0 0 0 0 0 0 0 0 0 0 0 0 0 0 0 0 0 0 0 0 0 1 0 0 0 0 0 0 0 0 0 0 0 0 0 0 0 0 0 0 0 0 0 0 0 0 0 0 0 0 0 0 0 0 0 0 0 0 0 0 0 0 0 0 0]
[4069925186251131361826168058623163262824130581248140766049978561864220995016329764888386538537877152328744930558509733484963621751564450677367051832646196526800900159781554465923904192728049905814477223575579882584407444172678272572289711939928883197587122325285382282844565879792934488897775852585388 0 0 0 0 0 0 0 0 0 0 0 0 0 0 0 0 0 0 0 0 0 0 0 0 0 0 0 0 0 0 0 0 0 0 0 0 0 0 0 0 0 0 0 0 0 0 0 0 0 0 0 0 0 0 0 0 1 0 0 0 0 0 0 0 0 0 0 0 0 0 0 0 0 0 0 0 0 0 0 0 0 0 0 0 0 0 0 0 0 0 0 0 0 0 0 0 0 0 0]
[432628159045750851365642711974091870293804706546911771345396884658866668582857076129230701655134803598168232445755094520054443291438163712443063355548627372941263384667085625283398467030506306174547335337052657127504615405790318032798033718591882642336590138738537237478262275684393016307147826284362 0 0 0 0 0 0 0 0 0 0 0 0 0 0 0 0 0 0 0 0 0 0 0 0 0 0 0 0 0 0 0 0 0 0 0 0 0 0 0 0 0 0 0 0 0 0 0 0 0 0 0 0 0 0 0 0 0 1 0 0 0 0 0 0 0 0 0 0 0 0 0 0 0 0 0 0 0 0 0 0 0 0 0 0 0 0 0 0 0 0 0 0 0 0 0 0 0 0 0]
[399211931922052911320026740743602465452114409844896171385503896253299733904099194565879788867531038011067167943594583275458748370104771227850883867989719475843515707485589251630271712849859648852924886903245107649868028519557162534370000306780578160517965216492026748033982553171383764574614258554788 0 0 0 0 0 0 0 0 0 0 0 0 0 0 0 0 0 0 0 0 0 0 0 0 0 0 0 0 0 0 0 0 0 0 0 0 0 0 0 0 0 0 0 0 0 0 0 0 0 0 0 0 0 0 0 0 0 0 1 0 0 0 0 0 0 0 0 0 0 0 0 0 0 0 0 0 0 0 0 0 0 0 0 0 0 0 0 0 0 0 0 0 0 0 0 0 0 0 0]
[172911093073777704707786046261815242335066896828307435411598381399798599926950051532828619598003467002135806400370039021346120692387699699541561824028948163383170374509350183546629160561568618910867624590394232767955511400172200216940451828632440233975855866451239078289553053336566946580883652052730 0 0 0 0 0 0 0 0 0 0 0 0 0 0 0 0 0 0 0 0 0 0 0 0 0 0 0 0 0 0 0 0 0 0 0 0 0 0 0 0 0 0 0 0 0 0 0 0 0 0 0 0 0 0 0 0 0 0 0 1 0 0 0 0 0 0 0 0 0 0 0 0 0 0 0 0 0 0 0 0 0 0 0 0 0 0 0 0 0 0 0 0 0 0 0 0 0 0 0]
[1982339406098980754116841240855898983449385930156031373342224394759218593004055598522761899837764039111168994901789561198172646422169729877926902900994152905524497359884227618951153548435055190813261383142529435393771924776569764760659467575426519868618627580522437249887798824062663985363278581104465 0 0 0 0 0 0 0 0 0 0 0 0 0 0 0 0 0 0 0 0 0 0 0 0 0 0 0 0 0 0 0 0 0 0 0 0 0 0 0 0 0 0 0 0 0 0 0 0 0 0 0 0 0 0 0 0 0 0 0 0 1 0 0 0 0 0 0 0 0 0 0 0 0 0 0 0 0 0 0 0 0 0 0 0 0 0 0 0 0 0 0 0 0 0 0 0 0 0 0]
[1872403286324427224553200331350909005894806680366877339688502078408865657449385578598953845192203502245911471532835301736434188046704192451352814521568208887481369241121091885493075112294707170582258749864421222824736174005466169727889670721540292538168021408651055430264952267670372319506120336921820 0 0 0 0 0 0 0 0 0 0 0 0 0 0 0 0 0 0 0 0 0 0 0 0 0 0 0 0 0 0 0 0 0 0 0 0 0 0 0 0 0 0 0 0 0 0 0 0 0 0 0 0 0 0 0 0 0 0 0 0 0 1 0 0 0 0 0 0 0 0 0 0 0 0 0 0 0 0 0 0 0 0 0 0 0 0 0 0 0 0 0 0 0 0 0 0 0 0 0]
[7492552173066688276962353737791937596678160871630987520097777556151315613569154186442137304147249453914762075112873073309570443026524304737855989204589368707409706213111862474279230459841754381590651585152503331184588462300144931034067916441471633663841298589165104163322997461463435418477898850026559 0 0 0 0 0 0 0 0 0 0 0 0 0 0 0 0 0 0 0 0 0 0 0 0 0 0 0 0 0 0 0 0 0 0 0 0 0 0 0 0 0 0 0 0 0 0 0 0 0 0 0 0 0 0 0 0 0 0 0 0 0 0 1 0 0 0 0 0 0 0 0 0 0 0 0 0 0 0 0 0 0 0 0 0 0 0 0 0 0 0 0 0 0 0 0 0 0 0 0]
[850950851366785899052724972412797283420669426987334713728013530614667945586994125493007875235384767244848208533483630261142260140118946946144787398618760993155734887315994117109974586428945616567011332458163422394203097190597458557081702704406925074318487221945115995653900248952770540953831869076734 0 0 0 0 0 0 0 0 0 0 0 0 0 0 0 0 0 0 0 0 0 0 0 0 0 0 0 0 0 0 0 0 0 0 0 0 0 0 0 0 0 0 0 0 0 0 0 0 0 0 0 0 0 0 0 0 0 0 0 0 0 0 0 1 0 0 0 0 0 0 0 0 0 0 0 0 0 0 0 0 0 0 0 0 0 0 0 0 0 0 0 0 0 0 0 0 0 0 0]
[4741245081716296942118434007629900573868117154223223289771402977582193723989473832925968010037934575097276757201918613533160565256650452592743629284167415879826626977414932597135677439885214800311204032540132280955278702605224168621116833246135832053455617592635890439267079301973856237813777770034772 0 0 0 0 0 0 0 0 0 0 0 0 0 0 0 0 0 0 0 0 0 0 0 0 0 0 0 0 0 0 0 0 0 0 0 0 0 0 0 0 0 0 0 0 0 0 0 0 0 0 0 0 0 0 0 0 0 0 0 0 0 0 0 0 1 0 0 0 0 0 0 0 0 0 0 0 0 0 0 0 0 0 0 0 0 0 0 0 0 0 0 0 0 0 0 0 0 0 0]
[1598937196559436969554893624479375821323014358096907858208079382425897886143927334143938859395478493393130703631173070630824181032144227838211354388331758785745323167383874622331572734186686611531228235118798850240658189685767309167809837983066185199869299246747263326448372318199194016330802554956524 0 0 0 0 0 0 0 0 0 0 0 0 0 0 0 0 0 0 0 0 0 0 0 0 0 0 0 0 0 0 0 0 0 0 0 0 0 0 0 0 0 0 0 0 0 0 0 0 0 0 0 0 0 0 0 0 0 0 0 0 0 0 0 0 0 1 0 0 0 0 0 0 0 0 0 0 0 0 0 0 0 0 0 0 0 0 0 0 0 0 0 0 0 0 0 0 0 0 0]
[4232745579287951210679942143418214226813451134017281083124533640876625990880725179703686983916153208254024233707404572964607383466669773108087730135920888019588962928933846959112877710540193083181335698188752528481420153098518472370868763818779362992092751458524672426249514473008243242715171378291557 0 0 0 0 0 0 0 0 0 0 0 0 0 0 0 0 0 0 0 0 0 0 0 0 0 0 0 0 0 0 0 0 0 0 0 0 0 0 0 0 0 0 0 0 0 0 0 0 0 0 0 0 0 0 0 0 0 0 0 0 0 0 0 0 0 0 1 0 0 0 0 0 0 0 0 0 0 0 0 0 0 0 0 0 0 0 0 0 0 0 0 0 0 0 0 0 0 0 0]
[7324594750403533213310568468323538067770993949773406271842097842558302928815313084476170791404928647534524240343234046227451159568648436851590972612969761659369102520726356364059896349890540461237392079095879865322770967146335936596930340752107941036373043316438511221313850407997790762167971144833143 0 0 0 0 0 0 0 0 0 0 0 0 0 0 0 0 0 0 0 0 0 0 0 0 0 0 0 0 0 0 0 0 0 0 0 0 0 0 0 0 0 0 0 0 0 0 0 0 0 0 0 0 0 0 0 0 0 0 0 0 0 0 0 0 0 0 0 1 0 0 0 0 0 0 0 0 0 0 0 0 0 0 0 0 0 0 0 0 0 0 0 0 0 0 0 0 0 0 0]
[1158622583504375871462141497287380893854427587897832169391698339724949297595905349889566471007208480936477447525794666857471660096120617666263532057059526749505367664348593028530876770288213701426606815257925007170878697823350504449689053310894351796754803517875815188195084502030161213530404529314703 0 0 0 0 0 0 0 0 0 0 0 0 0 0 0 0 0 0 0 0 0 0 0 0 0 0 0 0 0 0 0 0 0 0 0 0 0 0 0 0 0 0 0 0 0 0 0 0 0 0 0 0 0 0 0 0 0 0 0 0 0 0 0 0 0 0 0 0 1 0 0 0 0 0 0 0 0 0 0 0 0 0 0 0 0 0 0 0 0 0 0 0 0 0 0 0 0 0 0]
[5039725219187498534655077565734609710028953948314801040502639798489637102567508472527966521321892710626856658428297378164289098696102396748037139918969009363641649983965926142198305402622986958424022724143084299322821921798627418871025955342006276974183523888757659111064265907904346236480415429903008 0 0 0 0 0 0 0 0 0 0 0 0 0 0 0 0 0 0 0 0 0 0 0 0 0 0 0 0 0 0 0 0 0 0 0 0 0 0 0 0 0 0 0 0 0 0 0 0 0 0 0 0 0 0 0 0 0 0 0 0 0 0 0 0 0 0 0 0 0 1 0 0 0 0 0 0 0 0 0 0 0 0 0 0 0 0 0 0 0 0 0 0 0 0 0 0 0 0 0]
[3933234621310217647381881295897658946868827210859657293380195803852701354011007317180504255787931907116521167224873702130356942075364560572516399724754199451424256780101704526319272821073317016726315600353621409912617567817693958556900321092502609505433677750443268536089463252153506107336806720037846 0 0 0 0 0 0 0 0 0 0 0 0 0 0 0 0 0 0 0 0 0 0 0 0 0 0 0 0 0 0 0 0 0 0 0 0 0 0 0 0 0 0 0 0 0 0 0 0 0 0 0 0 0 0 0 0 0 0 0 0 0 0 0 0 0 0 0 0 0 0 1 0 0 0 0 0 0 0 0 0 0 0 0 0 0 0 0 0 0 0 0 0 0 0 0 0 0 0 0]
[2171965813204110840006575138721301948532758986510178557740982125494533240674328428984273253948781591538589782311863473926018722036145859918765282348137003907555594785727568892538359245654695590853401817048165126409536576423444875615183797223680356191147348693361890791094809108960560312478907683007324 0 0 0 0 0 0 0 0 0 0 0 0 0 0 0 0 0 0 0 0 0 0 0 0 0 0 0 0 0 0 0 0 0 0 0 0 0 0 0 0 0 0 0 0 0 0 0 0 0 0 0 0 0 0 0 0 0 0 0 0 0 0 0 0 0 0 0 0 0 0 0 1 0 0 0 0 0 0 0 0 0 0 0 0 0 0 0 0 0 0 0 0 0 0 0 0 0 0 0]
[6216029716324088964093944281855435599489978608799465757287915999316241488070772996230509284218704405953364243249463119734151806845771118883999988357840810349440752126326164455965438302868610975858103677053590041890647264056832042460115002498428980884491115495315079019396920104503941855203812240121036 0 0 0 0 0 0 0 0 0 0 0 0 0 0 0 0 0 0 0 0 0 0 0 0 0 0 0 0 0 0 0 0 0 0 0 0 0 0 0 0 0 0 0 0 0 0 0 0 0 0 0 0 0 0 0 0 0 0 0 0 0 0 0 0 0 0 0 0 0 0 0 0 1 0 0 0 0 0 0 0 0 0 0 0 0 0 0 0 0 0 0 0 0 0 0 0 0 0 0]
[2559232249120258057695034869419032651270090297555747650309500325326721293087817002162164851109387473815766507861720010634026335431488976072984494162445780354533931444071391834079535219398276977623441026661753353949447630356946937763039881952853298295996771611368825367012883610837418262038601379879357 0 0 0 0 0 0 0 0 0 0 0 0 0 0 0 0 0 0 0 0 0 0 0 0 0 0 0 0 0 0 0 0 0 0 0 0 0 0 0 0 0 0 0 0 0 0 0 0 0 0 0 0 0 0 0 0 0 0 0 0 0 0 0 0 0 0 0 0 0 0 0 0 0 1 0 0 0 0 0 0 0 0 0 0 0 0 0 0 0 0 0 0 0 0 0 0 0 0 0]
[401370553945433905693130834809460077801326523319373475790316892621493265691474241578961593606280031188639945922481930129804154863118736380154487705094589193575590499899451015506643912495812982255411276615438126657619942822838841924427341958450052944565204088086175526822232773293669456509780034959118 0 0 0 0 0 0 0 0 0 0 0 0 0 0 0 0 0 0 0 0 0 0 0 0 0 0 0 0 0 0 0 0 0 0 0 0 0 0 0 0 0 0 0 0 0 0 0 0 0 0 0 0 0 0 0 0 0 0 0 0 0 0 0 0 0 0 0 0 0 0 0 0 0 0 1 0 0 0 0 0 0 0 0 0 0 0 0 0 0 0 0 0 0 0 0 0 0 0 0]
[5171186999225831782711743391122829977617420417647480018365755758530680209775780605754278427021664435941745488453054158032302295098936674444920328598599627104395665044819776051927506475918744720841738038162723874403177243614522408028538918331125891547952757205450844396389205504625138967849899874658162 0 0 0 0 0 0 0 0 0 0 0 0 0 0 0 0 0 0 0 0 0 0 0 0 0 0 0 0 0 0 0 0 0 0 0 0 0 0 0 0 0 0 0 0 0 0 0 0 0 0 0 0 0 0 0 0 0 0 0 0 0 0 0 0 0 0 0 0 0 0 0 0 0 0 0 1 0 0 0 0 0 0 0 0 0 0 0 0 0 0 0 0 0 0 0 0 0 0 0]
[6006167927789304013166197591288327307502976283835740533745237040493424824863807246835009823441177251220806398578526201450643815992564272934053048968496884901321479160621130600790269378169683950569616334883629697314278409547727731979272100525062511332287005657594924283549276288804572523405068229670714 0 0 0 0 0 0 0 0 0 0 0 0 0 0 0 0 0 0 0 0 0 0 0 0 0 0 0 0 0 0 0 0 0 0 0 0 0 0 0 0 0 0 0 0 0 0 0 0 0 0 0 0 0 0 0 0 0 0 0 0 0 0 0 0 0 0 0 0 0 0 0 0 0 0 0 0 1 0 0 0 0 0 0 0 0 0 0 0 0 0 0 0 0 0 0 0 0 0 0]
[6753038804882761628013081389315189939755079825284611756016051487438047346810423023782373671778910986561547593987058115236725269063542560617913603013599900067789593412448062896690805345617096077245312321296442664820693648089948221721708950004957710421761914432755694565237216901850230132618933313762350 0 0 0 0 0 0 0 0 0 0 0 0 0 0 0 0 0 0 0 0 0 0 0 0 0 0 0 0 0 0 0 0 0 0 0 0 0 0 0 0 0 0 0 0 0 0 0 0 0 0 0 0 0 0 0 0 0 0 0 0 0 0 0 0 0 0 0 0 0 0 0 0 0 0 0 0 0 1 0 0 0 0 0 0 0 0 0 0 0 0 0 0 0 0 0 0 0 0 0]
[7046127145700536800452884524395366083403232549096543097162119373755362552594853537979639900266671248357532528985575447980428296299694943042371406084374026603559892872656139953627508119226842320904760518582008046630378995180660043798556131435701254930121049637258352626396035069565505486411725163055683 0 0 0 0 0 0 0 0 0 0 0 0 0 0 0 0 0 0 0 0 0 0 0 0 0 0 0 0 0 0 0 0 0 0 0 0 0 0 0 0 0 0 0 0 0 0 0 0 0 0 0 0 0 0 0 0 0 0 0 0 0 0 0 0 0 0 0 0 0 0 0 0 0 0 0 0 0 0 1 0 0 0 0 0 0 0 0 0 0 0 0 0 0 0 0 0 0 0 0]
[2714380809200502069857672261239301489520509266842299928725226482672609083294926241369868884751785531948547129766909998716509632330123537855759723682338654388619415501856816553616832359573428263373211858038194191176790949821989870022313330301777481407655340884226678746996822547878352666086309029182974 0 0 0 0 0 0 0 0 0 0 0 0 0 0 0 0 0 0 0 0 0 0 0 0 0 0 0 0 0 0 0 0 0 0 0 0 0 0 0 0 0 0 0 0 0 0 0 0 0 0 0 0 0 0 0 0 0 0 0 0 0 0 0 0 0 0 0 0 0 0 0 0 0 0 0 0 0 0 0 1 0 0 0 0 0 0 0 0 0 0 0 0 0 0 0 0 0 0 0]
[3905657764473368857819636492560928397240176609931110804535563988663786096034845708779549815890477839491750875631774424720401681080590316242422327652995646171725887177745759761130991711829384566961039524849931252121643392426485318340406196112413816536485360798073040612144383442748156264118687614392497 0 0 0 0 0 0 0 0 0 0 0 0 0 0 0 0 0 0 0 0 0 0 0 0 0 0 0 0 0 0 0 0 0 0 0 0 0 0 0 0 0 0 0 0 0 0 0 0 0 0 0 0 0 0 0 0 0 0 0 0 0 0 0 0 0 0 0 0 0 0 0 0 0 0 0 0 0 0 0 0 1 0 0 0 0 0 0 0 0 0 0 0 0 0 0 0 0 0 0]
[4729136846045608653336064465095664427897257666652975676368945969201318180154011261269957722718302205251976036596770449082450382733427183984988049773848025122834038297651933198224834919621286888551218837769828302588746976165519655547761341807416096410114307893580410138387307491567797975629140969289728 0 0 0 0 0 0 0 0 0 0 0 0 0 0 0 0 0 0 0 0 0 0 0 0 0 0 0 0 0 0 0 0 0 0 0 0 0 0 0 0 0 0 0 0 0 0 0 0 0 0 0 0 0 0 0 0 0 0 0 0 0 0 0 0 0 0 0 0 0 0 0 0 0 0 0 0 0 0 0 0 0 1 0 0 0 0 0 0 0 0 0 0 0 0 0 0 0 0 0]
[2249949357259720994117967396614555543117545395158639289925561510653434818416601194167738360662621939556501166618354371960875772032697587617241314070743584275449911428679046416972623506402310288137495081287102349183588631631282802592420795174240077817512109658593727951275432294636742710998063906485606 0 0 0 0 0 0 0 0 0 0 0 0 0 0 0 0 0 0 0 0 0 0 0 0 0 0 0 0 0 0 0 0 0 0 0 0 0 0 0 0 0 0 0 0 0 0 0 0 0 0 0 0 0 0 0 0 0 0 0 0 0 0 0 0 0 0 0 0 0 0 0 0 0 0 0 0 0 0 0 0 0 0 1 0 0 0 0 0 0 0 0 0 0 0 0 0 0 0 0]
[6248283235583625488837202899249487634266412865822460724242926330920963723949504860428867135160663016506727545153642683306629846129199802530232422309241373967859165618924542835395016786923090896836349823514478824961504051891244341214985763809040243816454361407049156377783850184607744249719852708480802 0 0 0 0 0 0 0 0 0 0 0 0 0 0 0 0 0 0 0 0 0 0 0 0 0 0 0 0 0 0 0 0 0 0 0 0 0 0 0 0 0 0 0 0 0 0 0 0 0 0 0 0 0 0 0 0 0 0 0 0 0 0 0 0 0 0 0 0 0 0 0 0 0 0 0 0 0 0 0 0 0 0 0 1 0 0 0 0 0 0 0 0 0 0 0 0 0 0 0]
[2476974242950296686175413541354714424210047667906270280946765637711220402287790013412889113800274981457765864778341437414012714612943353720671806801860999795092113747126800017408788555498713485769071598194032362546000067507695053029348852961337557970578683342844000686526053181781980275699514014206221 0 0 0 0 0 0 0 0 0 0 0 0 0 0 0 0 0 0 0 0 0 0 0 0 0 0 0 0 0 0 0 0 0 0 0 0 0 0 0 0 0 0 0 0 0 0 0 0 0 0 0 0 0 0 0 0 0 0 0 0 0 0 0 0 0 0 0 0 0 0 0 0 0 0 0 0 0 0 0 0 0 0 0 0 1 0 0 0 0 0 0 0 0 0 0 0 0 0 0]
[5391309900751851885910310648380079385430616761275058897471948974769624671994075341167640583924259746479969084092146581753707273746630244198746681363145686965000585814308697876263020457830457622125300256600760353504909268444267344860365710286834892589421099758279665314886937384846108041423694870072934 0 0 0 0 0 0 0 0 0 0 0 0 0 0 0 0 0 0 0 0 0 0 0 0 0 0 0 0 0 0 0 0 0 0 0 0 0 0 0 0 0 0 0 0 0 0 0 0 0 0 0 0 0 0 0 0 0 0 0 0 0 0 0 0 0 0 0 0 0 0 0 0 0 0 0 0 0 0 0 0 0 0 0 0 0 1 0 0 0 0 0 0 0 0 0 0 0 0 0]
[3184791104373734024706598710526090565529408528350114152101981039664867415385246871895243354365810345289918698879544568405354261084888187348064159309366571789227454834716498041307973712254774852003238667968673517362831504861655952206636638376706097375910039019997379808878974517212212384010164588376411 0 0 0 0 0 0 0 0 0 0 0 0 0 0 0 0 0 0 0 0 0 0 0 0 0 0 0 0 0 0 0 0 0 0 0 0 0 0 0 0 0 0 0 0 0 0 0 0 0 0 0 0 0 0 0 0 0 0 0 0 0 0 0 0 0 0 0 0 0 0 0 0 0 0 0 0 0 0 0 0 0 0 0 0 0 0 1 0 0 0 0 0 0 0 0 0 0 0 0]
[5499540955266407151171336431125953521487477164170901351577277612180809553708732193261681444802480045650551123769264431886434764975537669700315261980847775378171208101875032316310704217456048773533110199614950756576046051771124209236291440770480329872701452107137206597883290215244998979281975867035599 0 0 0 0 0 0 0 0 0 0 0 0 0 0 0 0 0 0 0 0 0 0 0 0 0 0 0 0 0 0 0 0 0 0 0 0 0 0 0 0 0 0 0 0 0 0 0 0 0 0 0 0 0 0 0 0 0 0 0 0 0 0 0 0 0 0 0 0 0 0 0 0 0 0 0 0 0 0 0 0 0 0 0 0 0 0 0 1 0 0 0 0 0 0 0 0 0 0 0]
[1869159703995079434248755592314391530672393922632029877721906157089075277172247903183136659247129489863744365271599553465424835343974136278501166318762203186798106320934311917004228857604120574163694848577563382669190152403772433446624503949033505428233542747850830131870040797222017320948460480639238 0 0 0 0 0 0 0 0 0 0 0 0 0 0 0 0 0 0 0 0 0 0 0 0 0 0 0 0 0 0 0 0 0 0 0 0 0 0 0 0 0 0 0 0 0 0 0 0 0 0 0 0 0 0 0 0 0 0 0 0 0 0 0 0 0 0 0 0 0 0 0 0 0 0 0 0 0 0 0 0 0 0 0 0 0 0 0 0 1 0 0 0 0 0 0 0 0 0 0]
[1750228531536152973072683765512284624152184616508409726983396829292117025459278428396357845101634677020162284164455460750317864443595132010786703259119762329165122043680354369361525725322660908835511094609617605745367222371645060330518399388464669823794382995980574440290667487048993056142421337599098 0 0 0 0 0 0 0 0 0 0 0 0 0 0 0 0 0 0 0 0 0 0 0 0 0 0 0 0 0 0 0 0 0 0 0 0 0 0 0 0 0 0 0 0 0 0 0 0 0 0 0 0 0 0 0 0 0 0 0 0 0 0 0 0 0 0 0 0 0 0 0 0 0 0 0 0 0 0 0 0 0 0 0 0 0 0 0 0 0 1 0 0 0 0 0 0 0 0 0]
[6114350056983666698614133428017490506990296340022167104462715750192272438249969834040088310067428605369835337521267724441590659792665405308499803023727028227940723405145401293899158978109246149530864209738893579362769630719082325776680948630947904002868953044830345256149113959658210859248132430679142 0 0 0 0 0 0 0 0 0 0 0 0 0 0 0 0 0 0 0 0 0 0 0 0 0 0 0 0 0 0 0 0 0 0 0 0 0 0 0 0 0 0 0 0 0 0 0 0 0 0 0 0 0 0 0 0 0 0 0 0 0 0 0 0 0 0 0 0 0 0 0 0 0 0 0 0 0 0 0 0 0 0 0 0 0 0 0 0 0 0 1 0 0 0 0 0 0 0 0]
[2784115525744423701612182608742681185917663173332497155926214241690865835246831184077300176624899348470195597403144265797928830090018079718346270607651267027940095619156537719242352721522647028712996444171064182068754485015819982028224005488330261604677032491331183543256264240380662067089270605604555 0 0 0 0 0 0 0 0 0 0 0 0 0 0 0 0 0 0 0 0 0 0 0 0 0 0 0 0 0 0 0 0 0 0 0 0 0 0 0 0 0 0 0 0 0 0 0 0 0 0 0 0 0 0 0 0 0 0 0 0 0 0 0 0 0 0 0 0 0 0 0 0 0 0 0 0 0 0 0 0 0 0 0 0 0 0 0 0 0 0 0 1 0 0 0 0 0 0 0]
[1781966612874759298675583866068141384560575701345647517207200416963084723688732338564671895019415638283742780871565465110933303080744249104011037217823372846388869746265227018500382022363035155644327920512333319899333516046574030173821036152496386377448324396413204124583741142740887437802599003641111 0 0 0 0 0 0 0 0 0 0 0 0 0 0 0 0 0 0 0 0 0 0 0 0 0 0 0 0 0 0 0 0 0 0 0 0 0 0 0 0 0 0 0 0 0 0 0 0 0 0 0 0 0 0 0 0 0 0 0 0 0 0 0 0 0 0 0 0 0 0 0 0 0 0 0 0 0 0 0 0 0 0 0 0 0 0 0 0 0 0 0 0 1 0 0 0 0 0 0]
[2394456481810767734243475220679140953611817515555947405497292246944416874329232737676094794183989221103114819204367374884459310089456717921387297472635303615521519115517301902121921191871440085452541052616796500638139398027781766838469220774985258744410298555320669779164022840311510958143777471499861 0 0 0 0 0 0 0 0 0 0 0 0 0 0 0 0 0 0 0 0 0 0 0 0 0 0 0 0 0 0 0 0 0 0 0 0 0 0 0 0 0 0 0 0 0 0 0 0 0 0 0 0 0 0 0 0 0 0 0 0 0 0 0 0 0 0 0 0 0 0 0 0 0 0 0 0 0 0 0 0 0 0 0 0 0 0 0 0 0 0 0 0 0 1 0 0 0 0 0]
[6028664061841543021047445494874478314158540621481554088429622152063451901338146325759943190244366209512993277056014850842427950499156375234973241963897410214735361520885420429356480891382813834128648360510463731906833918583430795570967943699802574415290583877094557647782968212837459164378130534027322 0 0 0 0 0 0 0 0 0 0 0 0 0 0 0 0 0 0 0 0 0 0 0 0 0 0 0 0 0 0 0 0 0 0 0 0 0 0 0 0 0 0 0 0 0 0 0 0 0 0 0 0 0 0 0 0 0 0 0 0 0 0 0 0 0 0 0 0 0 0 0 0 0 0 0 0 0 0 0 0 0 0 0 0 0 0 0 0 0 0 0 0 0 0 1 0 0 0 0]
[3971072307810890963195865500534402535123483220452544779308228859049736468232834102086801476221076694828152394761066578723208696029477647353662148766328474941361281555733629586536564775186348418499439794192972157224723023780096974320472593458846405694723566246270621297753381594139967611559977087164180 0 0 0 0 0 0 0 0 0 0 0 0 0 0 0 0 0 0 0 0 0 0 0 0 0 0 0 0 0 0 0 0 0 0 0 0 0 0 0 0 0 0 0 0 0 0 0 0 0 0 0 0 0 0 0 0 0 0 0 0 0 0 0 0 0 0 0 0 0 0 0 0 0 0 0 0 0 0 0 0 0 0 0 0 0 0 0 0 0 0 0 0 0 0 0 1 0 0 0]
[5091918316526688041030650849593845405420018603673383551302761374319190307704036238361506987791035384907822935736262032026586723282731886360148290938548946352486868335796997056887032864898626471733664728086195967366326099833319779955029777660123629169560255797135648196637413574652894960523104757772270 0 0 0 0 0 0 0 0 0 0 0 0 0 0 0 0 0 0 0 0 0 0 0 0 0 0 0 0 0 0 0 0 0 0 0 0 0 0 0 0 0 0 0 0 0 0 0 0 0 0 0 0 0 0 0 0 0 0 0 0 0 0 0 0 0 0 0 0 0 0 0 0 0 0 0 0 0 0 0 0 0 0 0 0 0 0 0 0 0 0 0 0 0 0 0 0 1 0 0]
[7246413008185057923475524499902549600786369174841175192084760348916429978057335890201107291262311379125675032576325330300755251281358314597197013896859415737772033502302435336480603722485936232864312247283158643574526291421644591647266156247713614279981834931364724584631617990566269484092528335792709 0 0 0 0 0 0 0 0 0 0 0 0 0 0 0 0 0 0 0 0 0 0 0 0 0 0 0 0 0 0 0 0 0 0 0 0 0 0 0 0 0 0 0 0 0 0 0 0 0 0 0 0 0 0 0 0 0 0 0 0 0 0 0 0 0 0 0 0 0 0 0 0 0 0 0 0 0 0 0 0 0 0 0 0 0 0 0 0 0 0 0 0 0 0 0 0 0 1 0]
[7662622217053107721048610312520514800882889607912919419043841092313404312751681629427674588680035540198714117639997342463158855793937542168273228272611814281826593175544878024270208207708851218335329667228433981330002156568770732263726335419898021761020391162429260576735923150830646660441404890498956 0 0 0 0 0 0 0 0 0 0 0 0 0 0 0 0 0 0 0 0 0 0 0 0 0 0 0 0 0 0 0 0 0 0 0 0 0 0 0 0 0 0 0 0 0 0 0 0 0 0 0 0 0 0 0 0 0 0 0 0 0 0 0 0 0 0 0 0 0 0 0 0 0 0 0 0 0 0 0 0 0 0 0 0 0 0 0 0 0 0 0 0 0 0 0 0 0 0 1]
]
