[[8806720344248400749543857355283589795061828134511178420657708312573865627966470509681194115313849054161750934112342640762583409674707207957808086342124059592468042378133129736963857377685904846075652309211675712725167274435163643849731712899641146048547430335238395792152821239655751697228189442177723 0 0 0 0 0 0 0 0 0 0 0 0 0 0 0 0 0 0 0 0 0 0 0 0 0 0 0 0 0 0 0 0 0 0 0 0 0 0 0 0 0 0 0 0 0 0 0 0 0 0 0 0 0 0 0 0 0 0 0 0 0 0 0 0 0 0 0 0 0 0 0 0 0 0 0 0 0 0 0 0 0 0 0 0 0 0 0 0 0 0 0 0 0 0 0 0 0 0 0]
[3053132287536543307548612513905283228331256059431060679967774661760948048562360060726003975046854570771885574654910161008172644352366777090046794212691677848757059168394135586944626867601095990015391227071905790041577838709521127255498081616594876903913639660677049018280132848610118337904803721959100 1 0 0 0 0 0 0 0 0 0 0 0 0 0 0 0 0 0 0 0 0 0 0 0 0 0 0 0 0 0 0 0 0 0 0 0 0 0 0 0 0 0 0 0 0 0 0 0 0 0 0 0 0 0 0 0 0 0 0 0 0 0 0 0 0 0 0 0 0 0 0 0 0 0 0 0 0 0 0 0 0 0 0 0 0 0 0 0 0 0 0 0 0 0 0 0 0 0 0]
[1435918781898911504360811639505056490323297483128716024176607393755209792904081436255452725441090233817073395994222917042135854493540258237705214901970456221230858645946151574489613667605495119811892898893812000194060376094756191478038295905186701216183644630998917516153155625325622871596646145363997 0 1 0 0 0 0 0 0 0 0 0 0 0 0 0 0 0 0 0 0 0 0 0 0 0 0 0 0 0 0 0 0 0 0 0 0 0 0 0 0 0 0 0 0 0 0 0 0 0 0 0 0 0 0 0 0 0 0 0 0 0 0 0 0 0 0 0 0 0 0 0 0 0 0 0 0 0 0 0 0 0 0 0 0 0 0 0 0 0 0 0 0 0 0 0 0 0 0 0]
[608982758498844018954248573209702521812691431199411471044962163213299829098922432009313492966044010701442537054352504895803408100735357163174896355749270721826069697421634095890394996729256196340056268111544163279549268132501453555064805094142062572938351944610836642627737498912350565463454397880459 0 0 1 0 0 0 0 0 0 0 0 0 0 0 0 0 0 0 0 0 0 0 0 0 0 0 0 0 0 0 0 0 0 0 0 0 0 0 0 0 0 0 0 0 0 0 0 0 0 0 0 0 0 0 0 0 0 0 0 0 0 0 0 0 0 0 0 0 0 0 0 0 0 0 0 0 0 0 0 0 0 0 0 0 0 0 0 0 0 0 0 0 0 0 0 0 0 0 0]
[3483820559663892436626028546411852610381999307925931374659605668008309522467512881127145062781693436233375888113213396210986737110846891976025177192857521360675697646984743521627131959785577698486944324292744559799925615095092260992287316687553441774282618308491667357989696719377511415765073132288394 0 0 0 1 0 0 0 0 0 0 0 0 0 0 0 0 0 0 0 0 0 0 0 0 0 0 0 0 0 0 0 0 0 0 0 0 0 0 0 0 0 0 0 0 0 0 0 0 0 0 0 0 0 0 0 0 0 0 0 0 0 0 0 0 0 0 0 0 0 0 0 0 0 0 0 0 0 0 0 0 0 0 0 0 0 0 0 0 0 0 0 0 0 0 0 0 0 0 0]
[5522054990928360093164690836083378182660468479042736534040671495431419649440515558080461087863771600299808267766466186397261985025586227728445183144887850991686914295961649567848093333413995787480941874517993542385524888735112397384499269814084001027839839703117172393338748700813887684043747835714344 0 0 0 0 1 0 0 0 0 0 0 0 0 0 0 0 0 0 0 0 0 0 0 0 0 0 0 0 0 0 0 0 0 0 0 0 0 0 0 0 0 0 0 0 0 0 0 0 0 0 0 0 0 0 0 0 0 0 0 0 0 0 0 0 0 0 0 0 0 0 0 0 0 0 0 0 0 0 0 0 0 0 0 0 0 0 0 0 0 0 0 0 0 0 0 0 0 0 0]
[7793581076264910056803491437822059730522145923462193532308226063402429755154094884896090894791468371644643683035545378269560453288395137076941711316711730429005792554617589114098968430778352035750643033505275441021730045215871688317922518565739628808604124654649297301377279915552264636782264804273317 0 0 0 0 0 1 0 0 0 0 0 0 0 0 0 0 0 0 0 0 0 0 0 0 0 0 0 0 0 0 0 0 0 0 0 0 0 0 0 0 0 0 0 0 0 0 0 0 0 0 0 0 0 0 0 0 0 0 0 0 0 0 0 0 0 0 0 0 0 0 0 0 0 0 0 0 0 0 0 0 0 0 0 0 0 0 0 0 0 0 0 0 0 0 0 0 0 0 0]
[180878038132017855537761617818107757283307398848980781467670138751737390499968451765856740326378191790858064317406145249485055111605029560297252718148617936211715549252340486224281342189123182377252548898385809528743353322885102525125943447773092507622127323028017318496931772310522161158413479242499 0 0 0 0 0 0 1 0 0 0 0 0 0 0 0 0 0 0 0 0 0 0 0 0 0 0 0 0 0 0 0 0 0 0 0 0 0 0 0 0 0 0 0 0 0 0 0 0 0 0 0 0 0 0 0 0 0 0 0 0 0 0 0 0 0 0 0 0 0 0 0 0 0 0 0 0 0 0 0 0 0 0 0 0 0 0 0 0 0 0 0 0 0 0 0 0 0 0 0]
[6289820902400846622594452912910644353032062062790474099255349195053528842925457580756985294738818964156138284677666269180766314051723469357307335991248371993928410622360033521650916150556436052297778639366282133162794451704628663560065098269101280060926552609089125089517690032590192493087646114353795 0 0 0 0 0 0 0 1 0 0 0 0 0 0 0 0 0 0 0 0 0 0 0 0 0 0 0 0 0 0 0 0 0 0 0 0 0 0 0 0 0 0 0 0 0 0 0 0 0 0 0 0 0 0 0 0 0 0 0 0 0 0 0 0 0 0 0 0 0 0 0 0 0 0 0 0 0 0 0 0 0 0 0 0 0 0 0 0 0 0 0 0 0 0 0 0 0 0 0]
[371111934059137850436831461715270681957982324899224913132999856596513559145425143465806761133051618357484653384670129998904382753627713411399217400691645750230621219082136759029689962962185013656986061638430823570142025258131674313753823286978442629828602002818728288136081487011333137631749102553176 0 0 0 0 0 0 0 0 1 0 0 0 0 0 0 0 0 0 0 0 0 0 0 0 0 0 0 0 0 0 0 0 0 0 0 0 0 0 0 0 0 0 0 0 0 0 0 0 0 0 0 0 0 0 0 0 0 0 0 0 0 0 0 0 0 0 0 0 0 0 0 0 0 0 0 0 0 0 0 0 0 0 0 0 0 0 0 0 0 0 0 0 0 0 0 0 0 0 0]
[4314365300774661490615309922969581055710801720587099169818933853748690810299231050954545741488128290429222063867969633149907879735556589937005931759035137567746232619531978538106989897706160632848417090349479118116674963428697665336685919384359340963709474038448527724852768985751566868534393796746621 0 0 0 0 0 0 0 0 0 1 0 0 0 0 0 0 0 0 0 0 0 0 0 0 0 0 0 0 0 0 0 0 0 0 0 0 0 0 0 0 0 0 0 0 0 0 0 0 0 0 0 0 0 0 0 0 0 0 0 0 0 0 0 0 0 0 0 0 0 0 0 0 0 0 0 0 0 0 0 0 0 0 0 0 0 0 0 0 0 0 0 0 0 0 0 0 0 0 0]
[8665148109813232574470113876182252164888893975906249202317688896185237610098752030491057975120031822726157865268338436057555807759543593521881217798249671439719267417531116105844634316878831810735278148242346560220923665551109147971052388651559203132660514482686718637245318636999539665768765619037310 0 0 0 0 0 0 0 0 0 0 1 0 0 0 0 0 0 0 0 0 0 0 0 0 0 0 0 0 0 0 0 0 0 0 0 0 0 0 0 0 0 0 0 0 0 0 0 0 0 0 0 0 0 0 0 0 0 0 0 0 0 0 0 0 0 0 0 0 0 0 0 0 0 0 0 0 0 0 0 0 0 0 0 0 0 0 0 0 0 0 0 0 0 0 0 0 0 0 0]
[6932533160425947201790752815754680682328764415569226026666585245803101412999852902353893216388919411480923643863962578584253895157510772043516742130800467969094039090336075447486421701860952225250058137323788505251920134441364735353595374406754955879136918046278438666379628428097330466136128506848185 0 0 0 0 0 0 0 0 0 0 0 1 0 0 0 0 0 0 0 0 0 0 0 0 0 0 0 0 0 0 0 0 0 0 0 0 0 0 0 0 0 0 0 0 0 0 0 0 0 0 0 0 0 0 0 0 0 0 0 0 0 0 0 0 0 0 0 0 0 0 0 0 0 0 0 0 0 0 0 0 0 0 0 0 0 0 0 0 0 0 0 0 0 0 0 0 0 0 0]
[6861601879549489048189654837152308821203731528222327233863090880003138607503082971852992906810181823000612387954125104929293832263896545893020528573338956203760348546792913840338299594594525748992943599523505888405124317175698077719378836055690294182475170243038156377989733394195811501243223965820748 0 0 0 0 0 0 0 0 0 0 0 0 1 0 0 0 0 0 0 0 0 0 0 0 0 0 0 0 0 0 0 0 0 0 0 0 0 0 0 0 0 0 0 0 0 0 0 0 0 0 0 0 0 0 0 0 0 0 0 0 0 0 0 0 0 0 0 0 0 0 0 0 0 0 0 0 0 0 0 0 0 0 0 0 0 0 0 0 0 0 0 0 0 0 0 0 0 0 0]
[254999232187025448045580464306727117512363433779898773440446751508157604833519798952590368933386033402021420768772943943396034420060909113452425445001843434142233725918574861430656885576711624344897174980071230513739110936250836471119563099298232099773741443022513700167034694811789623765788427795806 0 0 0 0 0 0 0 0 0 0 0 0 0 1 0 0 0 0 0 0 0 0 0 0 0 0 0 0 0 0 0 0 0 0 0 0 0 0 0 0 0 0 0 0 0 0 0 0 0 0 0 0 0 0 0 0 0 0 0 0 0 0 0 0 0 0 0 0 0 0 0 0 0 0 0 0 0 0 0 0 0 0 0 0 0 0 0 0 0 0 0 0 0 0 0 0 0 0 0]
[447422099505374646543823056807713172886293992786888608314802288222090662183835245196644914337909520595076850610163955758220823745852148975134171919693065673964231250915265844440164308085495638173332294591625628560225857384839850846269153199952783434520576000724475933130183945425884443470078555511546 0 0 0 0 0 0 0 0 0 0 0 0 0 0 1 0 0 0 0 0 0 0 0 0 0 0 0 0 0 0 0 0 0 0 0 0 0 0 0 0 0 0 0 0 0 0 0 0 0 0 0 0 0 0 0 0 0 0 0 0 0 0 0 0 0 0 0 0 0 0 0 0 0 0 0 0 0 0 0 0 0 0 0 0 0 0 0 0 0 0 0 0 0 0 0 0 0 0 0]
[6214111451252022042822293804296865622686494635855482601453862293450054818123721798856163487125594645044657970993166857202562150934127645745443461879494207631603037706284051673910928269798260712117427299573027557201492591746878987465472142423655003091950566747854719709132572513463202015475511737192744 0 0 0 0 0 0 0 0 0 0 0 0 0 0 0 1 0 0 0 0 0 0 0 0 0 0 0 0 0 0 0 0 0 0 0 0 0 0 0 0 0 0 0 0 0 0 0 0 0 0 0 0 0 0 0 0 0 0 0 0 0 0 0 0 0 0 0 0 0 0 0 0 0 0 0 0 0 0 0 0 0 0 0 0 0 0 0 0 0 0 0 0 0 0 0 0 0 0 0]
[831253288638096005034508217966630859858642635980369391423722056283999082020410974460659923337299542236761520822578748790308766180796394606880073488696137296853356274834904744744949759010169614745070111388096987396653696023784580030245650656918540792392659938905395119642715956312848791052392358669450 0 0 0 0 0 0 0 0 0 0 0 0 0 0 0 0 1 0 0 0 0 0 0 0 0 0 0 0 0 0 0 0 0 0 0 0 0 0 0 0 0 0 0 0 0 0 0 0 0 0 0 0 0 0 0 0 0 0 0 0 0 0 0 0 0 0 0 0 0 0 0 0 0 0 0 0 0 0 0 0 0 0 0 0 0 0 0 0 0 0 0 0 0 0 0 0 0 0 0]
[305855674851327629696983931529944113551034832062446775853652877488044035981524918271300171593633737529060380805478589508985148197211030131054444588186412157564797306544018362544243623187618939495867983636805814262659569445389072548827369597498481867288482899784803635795493805053498058764195361198306 0 0 0 0 0 0 0 0 0 0 0 0 0 0 0 0 0 1 0 0 0 0 0 0 0 0 0 0 0 0 0 0 0 0 0 0 0 0 0 0 0 0 0 0 0 0 0 0 0 0 0 0 0 0 0 0 0 0 0 0 0 0 0 0 0 0 0 0 0 0 0 0 0 0 0 0 0 0 0 0 0 0 0 0 0 0 0 0 0 0 0 0 0 0 0 0 0 0 0]
[8465799077455530477876798499644615775474435433946042784275018479141839545890999985210606221852575031165400187203365933402261807610579104064773464145374662647988575075455733623596803862645269490348767843045226441630569123312594702108183165876436970414600303006574372703212813613112383978326431460309147 0 0 0 0 0 0 0 0 0 0 0 0 0 0 0 0 0 0 1 0 0 0 0 0 0 0 0 0 0 0 0 0 0 0 0 0 0 0 0 0 0 0 0 0 0 0 0 0 0 0 0 0 0 0 0 0 0 0 0 0 0 0 0 0 0 0 0 0 0 0 0 0 0 0 0 0 0 0 0 0 0 0 0 0 0 0 0 0 0 0 0 0 0 0 0 0 0 0 0]
[4838745720137514601599914062201782225925539231528550485018029268119709726097815405347420653840983962539445557772095934428069898190214621858047840041539650024485256110418822827002390701020709696036835423938537268309250927198326188504323605312852783492532759741697799229908029414691446470863354776352092 0 0 0 0 0 0 0 0 0 0 0 0 0 0 0 0 0 0 0 1 0 0 0 0 0 0 0 0 0 0 0 0 0 0 0 0 0 0 0 0 0 0 0 0 0 0 0 0 0 0 0 0 0 0 0 0 0 0 0 0 0 0 0 0 0 0 0 0 0 0 0 0 0 0 0 0 0 0 0 0 0 0 0 0 0 0 0 0 0 0 0 0 0 0 0 0 0 0 0]
[3925381838732965318206881981100476028405045815033652400789287143506172301410617867987031838650836465125297416214042852812825698808776248131060830864993651943939358787836012204979844118596009079473829079992099157499000872934833293851980291363689708536291495100082231838560378139073878282903614078620825 0 0 0 0 0 0 0 0 0 0 0 0 0 0 0 0 0 0 0 0 1 0 0 0 0 0 0 0 0 0 0 0 0 0 0 0 0 0 0 0 0 0 0 0 0 0 0 0 0 0 0 0 0 0 0 0 0 0 0 0 0 0 0 0 0 0 0 0 0 0 0 0 0 0 0 0 0 0 0 0 0 0 0 0 0 0 0 0 0 0 0 0 0 0 0 0 0 0 0]
[2295032617292396626785578533969179790858217996388579406405736045661248732683370414899012282670512457088645848688615440007014387594916250947464447065382213956059004023438328358852656849838872006531906269861916423620428345748469927602278026983944487353544910200398490281542755868208357527098521357940580 0 0 0 0 0 0 0 0 0 0 0 0 0 0 0 0 0 0 0 0 0 1 0 0 0 0 0 0 0 0 0 0 0 0 0 0 0 0 0 0 0 0 0 0 0 0 0 0 0 0 0 0 0 0 0 0 0 0 0 0 0 0 0 0 0 0 0 0 0 0 0 0 0 0 0 0 0 0 0 0 0 0 0 0 0 0 0 0 0 0 0 0 0 0 0 0 0 0 0]
[7488963354150201759279335609630310113990597541155507213557767007205962683177539674568592714644634633873376557032497339896687230367562465519648038473114896634371243268789922155109776907912831322162953910598578965397777454834147545499108032597415699235462591646161687325103460513643138155096053921653278 0 0 0 0 0 0 0 0 0 0 0 0 0 0 0 0 0 0 0 0 0 0 1 0 0 0 0 0 0 0 0 0 0 0 0 0 0 0 0 0 0 0 0 0 0 0 0 0 0 0 0 0 0 0 0 0 0 0 0 0 0 0 0 0 0 0 0 0 0 0 0 0 0 0 0 0 0 0 0 0 0 0 0 0 0 0 0 0 0 0 0 0 0 0 0 0 0 0 0]
[3590890342981729777897908466726582018472778318140506467653385445505600178444533629007167168463379089340049055444555617596298399760131821338412189407438009915721571899790470269569460235511799554562854734243062803545305349186971040694064996452260872097390896126468671184712223411290044142584375267703302 0 0 0 0 0 0 0 0 0 0 0 0 0 0 0 0 0 0 0 0 0 0 0 1 0 0 0 0 0 0 0 0 0 0 0 0 0 0 0 0 0 0 0 0 0 0 0 0 0 0 0 0 0 0 0 0 0 0 0 0 0 0 0 0 0 0 0 0 0 0 0 0 0 0 0 0 0 0 0 0 0 0 0 0 0 0 0 0 0 0 0 0 0 0 0 0 0 0 0]
[4466188381703457594009033633075681974265729214991713853387829482364353053426572104036573251177446942207101646762724619225803776684058495913803137100303439131475944067278977065351343334680652231768149452609684632880193528786790447910665969462601556911903771241497191978726974680878175588612456338975753 0 0 0 0 0 0 0 0 0 0 0 0 0 0 0 0 0 0 0 0 0 0 0 0 1 0 0 0 0 0 0 0 0 0 0 0 0 0 0 0 0 0 0 0 0 0 0 0 0 0 0 0 0 0 0 0 0 0 0 0 0 0 0 0 0 0 0 0 0 0 0 0 0 0 0 0 0 0 0 0 0 0 0 0 0 0 0 0 0 0 0 0 0 0 0 0 0 0 0]
[5205521939136106967094270101734135235727590592181579565144704866972904769871869963201842939044208232559610857672955820077891348815614249858152201194581289832213974314087651529206498914919114285528632177530709005863265043639771202091074598379935860154967636875522732094198557884979066166537527396809472 0 0 0 0 0 0 0 0 0 0 0 0 0 0 0 0 0 0 0 0 0 0 0 0 0 1 0 0 0 0 0 0 0 0 0 0 0 0 0 0 0 0 0 0 0 0 0 0 0 0 0 0 0 0 0 0 0 0 0 0 0 0 0 0 0 0 0 0 0 0 0 0 0 0 0 0 0 0 0 0 0 0 0 0 0 0 0 0 0 0 0 0 0 0 0 0 0 0 0]
[7426781541811615464208453046568154302236501626753980476745713308586252449664594117921842054871565585095352693840421355068265354989485507757925676812338839301722093234015043698976626662812219326746686686012763059925329280983120857955441613090100941646106712505727228286542147192823811445916260020197461 0 0 0 0 0 0 0 0 0 0 0 0 0 0 0 0 0 0 0 0 0 0 0 0 0 0 1 0 0 0 0 0 0 0 0 0 0 0 0 0 0 0 0 0 0 0 0 0 0 0 0 0 0 0 0 0 0 0 0 0 0 0 0 0 0 0 0 0 0 0 0 0 0 0 0 0 0 0 0 0 0 0 0 0 0 0 0 0 0 0 0 0 0 0 0 0 0 0 0]
[3616698207659399998762482378955172746611365742195984133267166920682145648187593313835173657031206857417638717154284570712851658883598771013250462591414299927230201395313670733610421865589032326457243062809774323758451784468755427297923405269016920019346978043233092042630651445243850761241185650399241 0 0 0 0 0 0 0 0 0 0 0 0 0 0 0 0 0 0 0 0 0 0 0 0 0 0 0 1 0 0 0 0 0 0 0 0 0 0 0 0 0 0 0 0 0 0 0 0 0 0 0 0 0 0 0 0 0 0 0 0 0 0 0 0 0 0 0 0 0 0 0 0 0 0 0 0 0 0 0 0 0 0 0 0 0 0 0 0 0 0 0 0 0 0 0 0 0 0 0]
[1476942542068482358959953343934886261768938564811653057497043094490666093080983906364361098093631398332533403788608353708060522980201358230102450636842778325972750816094024120180265517000387457340299800125904012163686328427937198971928656374045655140989123300039092492880233223326825491196881684815146 0 0 0 0 0 0 0 0 0 0 0 0 0 0 0 0 0 0 0 0 0 0 0 0 0 0 0 0 1 0 0 0 0 0 0 0 0 0 0 0 0 0 0 0 0 0 0 0 0 0 0 0 0 0 0 0 0 0 0 0 0 0 0 0 0 0 0 0 0 0 0 0 0 0 0 0 0 0 0 0 0 0 0 0 0 0 0 0 0 0 0 0 0 0 0 0 0 0 0]
[4647623398807151431883366925056653905236097656988916893719487976204371246781204651257277273583342951889926871712633138624589257713489623246296106635583603375231481252651910014138752193944699693417970646060850835841349002391558451410947978470385770669162469503522615982224812350434254206217455011649646 0 0 0 0 0 0 0 0 0 0 0 0 0 0 0 0 0 0 0 0 0 0 0 0 0 0 0 0 0 1 0 0 0 0 0 0 0 0 0 0 0 0 0 0 0 0 0 0 0 0 0 0 0 0 0 0 0 0 0 0 0 0 0 0 0 0 0 0 0 0 0 0 0 0 0 0 0 0 0 0 0 0 0 0 0 0 0 0 0 0 0 0 0 0 0 0 0 0 0]
[6430734755304186351951686007689675937054321881031133938322199924227063616485896922865050274526804048871686456110766465052697532133606413477147582859100775057671431211812771792344401683803375006890215806557094798129628382203771558142540617021219873640588840474392655704313538562265454384935089208143539 0 0 0 0 0 0 0 0 0 0 0 0 0 0 0 0 0 0 0 0 0 0 0 0 0 0 0 0 0 0 1 0 0 0 0 0 0 0 0 0 0 0 0 0 0 0 0 0 0 0 0 0 0 0 0 0 0 0 0 0 0 0 0 0 0 0 0 0 0 0 0 0 0 0 0 0 0 0 0 0 0 0 0 0 0 0 0 0 0 0 0 0 0 0 0 0 0 0 0]
[1421757275149939317540939070221334354581025817670717750740414582333273784377856185680387105546085843867419195840360974977934748888332921925909274985255207711879847822509191550742167036857810085804007993659044989041781671583103483876801198814373661808000230869239527380554608545540041043095789526683257 0 0 0 0 0 0 0 0 0 0 0 0 0 0 0 0 0 0 0 0 0 0 0 0 0 0 0 0 0 0 0 1 0 0 0 0 0 0 0 0 0 0 0 0 0 0 0 0 0 0 0 0 0 0 0 0 0 0 0 0 0 0 0 0 0 0 0 0 0 0 0 0 0 0 0 0 0 0 0 0 0 0 0 0 0 0 0 0 0 0 0 0 0 0 0 0 0 0 0]
[2977715756503805875216791008981574358339777742287724689694895147886309597322708650110099436307704805030830333267117773808783797663148913717266100463904324966490755794907638328478333206623444759697211471482191950854218076266020959117361342380531561510391880217035639590877246877061739665344780716120881 0 0 0 0 0 0 0 0 0 0 0 0 0 0 0 0 0 0 0 0 0 0 0 0 0 0 0 0 0 0 0 0 1 0 0 0 0 0 0 0 0 0 0 0 0 0 0 0 0 0 0 0 0 0 0 0 0 0 0 0 0 0 0 0 0 0 0 0 0 0 0 0 0 0 0 0 0 0 0 0 0 0 0 0 0 0 0 0 0 0 0 0 0 0 0 0 0 0 0]
[4582317745256254304742459850464457597763032928215715599736649798990962186283754537284957103687225876194824461256611355324704194711751814784372290142622252083787416729130523106782756992162513935657644792226366783152055568063612946029289715635003351627652161020057806285901333871209707284380458971712005 0 0 0 0 0 0 0 0 0 0 0 0 0 0 0 0 0 0 0 0 0 0 0 0 0 0 0 0 0 0 0 0 0 1 0 0 0 0 0 0 0 0 0 0 0 0 0 0 0 0 0 0 0 0 0 0 0 0 0 0 0 0 0 0 0 0 0 0 0 0 0 0 0 0 0 0 0 0 0 0 0 0 0 0 0 0 0 0 0 0 0 0 0 0 0 0 0 0 0]
[7108723384327947963077699103743897165193507821091800251900258017513669036115915173613215312628208815312433780407133872011612777134065443010536852471055150398011059222597412095343802628192368882583664098167260740116408811748883037208320317040721433692304536598556620141528015400733894893766507657500692 0 0 0 0 0 0 0 0 0 0 0 0 0 0 0 0 0 0 0 0 0 0 0 0 0 0 0 0 0 0 0 0 0 0 1 0 0 0 0 0 0 0 0 0 0 0 0 0 0 0 0 0 0 0 0 0 0 0 0 0 0 0 0 0 0 0 0 0 0 0 0 0 0 0 0 0 0 0 0 0 0 0 0 0 0 0 0 0 0 0 0 0 0 0 0 0 0 0 0]
[3705101664103311054198189532526951358934736497000016818108570620098589522798764356800334937238232092941729513898882085721742017330259845857412284896295145105813201111855686827358465735616699088729071979708433140409765597289968128008584897719989758796422878017970944228340062255306799908960731217680452 0 0 0 0 0 0 0 0 0 0 0 0 0 0 0 0 0 0 0 0 0 0 0 0 0 0 0 0 0 0 0 0 0 0 0 1 0 0 0 0 0 0 0 0 0 0 0 0 0 0 0 0 0 0 0 0 0 0 0 0 0 0 0 0 0 0 0 0 0 0 0 0 0 0 0 0 0 0 0 0 0 0 0 0 0 0 0 0 0 0 0 0 0 0 0 0 0 0 0]
[7406688853925524017347213565034689954141109425088001464175467409369806584029823573517697485978333989588452471794873987885408173921074660591276682500168414025405499409974557570748144832255649487218708033555692874996522875082423957900295087140873590706652736949165637968339631904185005655792968773296553 0 0 0 0 0 0 0 0 0 0 0 0 0 0 0 0 0 0 0 0 0 0 0 0 0 0 0 0 0 0 0 0 0 0 0 0 1 0 0 0 0 0 0 0 0 0 0 0 0 0 0 0 0 0 0 0 0 0 0 0 0 0 0 0 0 0 0 0 0 0 0 0 0 0 0 0 0 0 0 0 0 0 0 0 0 0 0 0 0 0 0 0 0 0 0 0 0 0 0]
[232107592435249417975973193275014832678257152818298774125747651776485989626568693306721317098407832191493727142105872325510004556836315033177972094542256502809889155635649506730883216502827821622760381499455528331872716243609813641688219277834698320760256711488147677675129082768031702503827746141570 0 0 0 0 0 0 0 0 0 0 0 0 0 0 0 0 0 0 0 0 0 0 0 0 0 0 0 0 0 0 0 0 0 0 0 0 0 1 0 0 0 0 0 0 0 0 0 0 0 0 0 0 0 0 0 0 0 0 0 0 0 0 0 0 0 0 0 0 0 0 0 0 0 0 0 0 0 0 0 0 0 0 0 0 0 0 0 0 0 0 0 0 0 0 0 0 0 0 0]
[1208262272392994359709864796644002301897439956738458398714784906650810204726209292663018877788723419803913462633484814259275252921391801574561743687844024208383707306668527670228091663425798104690152226291084115097276652745051184083447092602102103688378373022572850238771667851525033455486915881458749 0 0 0 0 0 0 0 0 0 0 0 0 0 0 0 0 0 0 0 0 0 0 0 0 0 0 0 0 0 0 0 0 0 0 0 0 0 0 1 0 0 0 0 0 0 0 0 0 0 0 0 0 0 0 0 0 0 0 0 0 0 0 0 0 0 0 0 0 0 0 0 0 0 0 0 0 0 0 0 0 0 0 0 0 0 0 0 0 0 0 0 0 0 0 0 0 0 0 0]
[2426250392191745510819493075538737299208820529149560848249054794898453204366547026586169061904022876773596637013774696435427693246119502369499365338215589129429163747723013417296802875958752963976536445516197638378677980617554130225203150754453738663333733324487400814985258761077117333835825666147348 0 0 0 0 0 0 0 0 0 0 0 0 0 0 0 0 0 0 0 0 0 0 0 0 0 0 0 0 0 0 0 0 0 0 0 0 0 0 0 1 0 0 0 0 0 0 0 0 0 0 0 0 0 0 0 0 0 0 0 0 0 0 0 0 0 0 0 0 0 0 0 0 0 0 0 0 0 0 0 0 0 0 0 0 0 0 0 0 0 0 0 0 0 0 0 0 0 0 0]
[2675338496627062169517080732126599066121090331660174311793417022550989674322596642397653852976802973926111142795098291590048458621966641152445492031709163054637049882886190417782125650743169544629507393142962550733191106891477404735561956880418462275216770449286804375242880388206411919078538429807613 0 0 0 0 0 0 0 0 0 0 0 0 0 0 0 0 0 0 0 0 0 0 0 0 0 0 0 0 0 0 0 0 0 0 0 0 0 0 0 0 1 0 0 0 0 0 0 0 0 0 0 0 0 0 0 0 0 0 0 0 0 0 0 0 0 0 0 0 0 0 0 0 0 0 0 0 0 0 0 0 0 0 0 0 0 0 0 0 0 0 0 0 0 0 0 0 0 0 0]
[5199528294025913758349819822034445560362030828542713630770326202915975218138106643277515208499529243703655638986651132271869990814263127278078883747466411711307358189750641694846440801113168104025133861538681332090041592078731977821376656700488093095938662503126635408246744269701712859010888733088700 0 0 0 0 0 0 0 0 0 0 0 0 0 0 0 0 0 0 0 0 0 0 0 0 0 0 0 0 0 0 0 0 0 0 0 0 0 0 0 0 0 1 0 0 0 0 0 0 0 0 0 0 0 0 0 0 0 0 0 0 0 0 0 0 0 0 0 0 0 0 0 0 0 0 0 0 0 0 0 0 0 0 0 0 0 0 0 0 0 0 0 0 0 0 0 0 0 0 0]
[4735194036844224067196459944407870135187089576296572394430377607127095390580578123620934986989724051717787613084767113884973577185172901652284240489028969413327326480872619568254007783158668278978477412542971959973091824738914047167927600850379801840059275176225995046294517655738803216151248075431563 0 0 0 0 0 0 0 0 0 0 0 0 0 0 0 0 0 0 0 0 0 0 0 0 0 0 0 0 0 0 0 0 0 0 0 0 0 0 0 0 0 0 1 0 0 0 0 0 0 0 0 0 0 0 0 0 0 0 0 0 0 0 0 0 0 0 0 0 0 0 0 0 0 0 0 0 0 0 0 0 0 0 0 0 0 0 0 0 0 0 0 0 0 0 0 0 0 0 0]
[2487059427032228495616519333166688293741026182927481198201762687033312004889306839255212097927514533668227944702940011510758851172204204699711406547379663173671768459677865484415590937028381318944696396821928168160824914081459837771699780170283775884393097463413985666682382971797201594647807747390262 0 0 0 0 0 0 0 0 0 0 0 0 0 0 0 0 0 0 0 0 0 0 0 0 0 0 0 0 0 0 0 0 0 0 0 0 0 0 0 0 0 0 0 1 0 0 0 0 0 0 0 0 0 0 0 0 0 0 0 0 0 0 0 0 0 0 0 0 0 0 0 0 0 0 0 0 0 0 0 0 0 0 0 0 0 0 0 0 0 0 0 0 0 0 0 0 0 0 0]
[7475566952027873808734039872099921152926464655438651998426042015483504525374740051384159935752937468099972275324260991609996249262936802529733210595326176837173468232338482046262673647447404597301012383883346283101043383449884206633991833276647855012467917370198693896085804571754655677549342475366109 0 0 0 0 0 0 0 0 0 0 0 0 0 0 0 0 0 0 0 0 0 0 0 0 0 0 0 0 0 0 0 0 0 0 0 0 0 0 0 0 0 0 0 0 1 0 0 0 0 0 0 0 0 0 0 0 0 0 0 0 0 0 0 0 0 0 0 0 0 0 0 0 0 0 0 0 0 0 0 0 0 0 0 0 0 0 0 0 0 0 0 0 0 0 0 0 0 0 0]
[756952853676730710898834239631787949246870142381323195961344796317775123907471201174432405067053402405193592779399912420802409010017925543480528670711022351288551743237625674480343165705365202777839163721037884343551056410000510116316719179715739704113394074743367600335076783140157093942132235044646 0 0 0 0 0 0 0 0 0 0 0 0 0 0 0 0 0 0 0 0 0 0 0 0 0 0 0 0 0 0 0 0 0 0 0 0 0 0 0 0 0 0 0 0 0 1 0 0 0 0 0 0 0 0 0 0 0 0 0 0 0 0 0 0 0 0 0 0 0 0 0 0 0 0 0 0 0 0 0 0 0 0 0 0 0 0 0 0 0 0 0 0 0 0 0 0 0 0 0]
[6320969221246441793971877187574371127590294903809233521803164757307611914459180655820445029184136247325047747809243114318466317665518450807535405652846115570418842900712645940469417933066018420185610738543843839314503230972102942272033466633565114976295695192423266110106636141765578240963526561528935 0 0 0 0 0 0 0 0 0 0 0 0 0 0 0 0 0 0 0 0 0 0 0 0 0 0 0 0 0 0 0 0 0 0 0 0 0 0 0 0 0 0 0 0 0 0 1 0 0 0 0 0 0 0 0 0 0 0 0 0 0 0 0 0 0 0 0 0 0 0 0 0 0 0 0 0 0 0 0 0 0 0 0 0 0 0 0 0 0 0 0 0 0 0 0 0 0 0 0]
[5685087805131551721949894912695854639634997760331950010964784627866192251914358047138951286768902934446168377860304334003091070955075915431126690449386999380077649820605919394776522969536148223994886335539471246359829643091267210522415243843621694601361865212415399103715188301722043483406166506639365 0 0 0 0 0 0 0 0 0 0 0 0 0 0 0 0 0 0 0 0 0 0 0 0 0 0 0 0 0 0 0 0 0 0 0 0 0 0 0 0 0 0 0 0 0 0 0 1 0 0 0 0 0 0 0 0 0 0 0 0 0 0 0 0 0 0 0 0 0 0 0 0 0 0 0 0 0 0 0 0 0 0 0 0 0 0 0 0 0 0 0 0 0 0 0 0 0 0 0]
[2057005665142108415799401993080683435760211577325049845033234560424940404194178093748355019094953360582541962748197437381482243150898243053988232243189780122129147204330683710036777385411247979024243652345493192891917394992827235093071229384755256810658408344777680011048823390420416678361199803310745 0 0 0 0 0 0 0 0 0 0 0 0 0 0 0 0 0 0 0 0 0 0 0 0 0 0 0 0 0 0 0 0 0 0 0 0 0 0 0 0 0 0 0 0 0 0 0 0 1 0 0 0 0 0 0 0 0 0 0 0 0 0 0 0 0 0 0 0 0 0 0 0 0 0 0 0 0 0 0 0 0 0 0 0 0 0 0 0 0 0 0 0 0 0 0 0 0 0 0]
[3735296393716543380274051929049339105917209510117884382293242304048467294789934543123416698410285041036752572836523270583245859887630878961102842076491359397941312715005915855188697124781436668188899953478152525310003240770386232425223488437133385228845942162174588360909538431934368779911538420478968 0 0 0 0 0 0 0 0 0 0 0 0 0 0 0 0 0 0 0 0 0 0 0 0 0 0 0 0 0 0 0 0 0 0 0 0 0 0 0 0 0 0 0 0 0 0 0 0 0 1 0 0 0 0 0 0 0 0 0 0 0 0 0 0 0 0 0 0 0 0 0 0 0 0 0 0 0 0 0 0 0 0 0 0 0 0 0 0 0 0 0 0 0 0 0 0 0 0 0]
[3396792682932193862112005430145983887817578715445437570349476934406578111320610147398811960640473323389897094798561455825110711234348717933117885790681440871644362869558415947152857206818214817122948966294502311626918907657591466057594105976309381658984741460655655415598831240462137397358989386925855 0 0 0 0 0 0 0 0 0 0 0 0 0 0 0 0 0 0 0 0 0 0 0 0 0 0 0 0 0 0 0 0 0 0 0 0 0 0 0 0 0 0 0 0 0 0 0 0 0 0 1 0 0 0 0 0 0 0 0 0 0 0 0 0 0 0 0 0 0 0 0 0 0 0 0 0 0 0 0 0 0 0 0 0 0 0 0 0 0 0 0 0 0 0 0 0 0 0 0]
[7623033214122861830185468929933430509355798788956724194051736891829514215038258570471479645379029325385529577161089588212737213668709468632589007219574591567369864789006740045503332500342777993071149503372118704661252788044335956147561617170390719015028762282449019735184082118491491375600088026373240 0 0 0 0 0 0 0 0 0 0 0 0 0 0 0 0 0 0 0 0 0 0 0 0 0 0 0 0 0 0 0 0 0 0 0 0 0 0 0 0 0 0 0 0 0 0 0 0 0 0 0 1 0 0 0 0 0 0 0 0 0 0 0 0 0 0 0 0 0 0 0 0 0 0 0 0 0 0 0 0 0 0 0 0 0 0 0 0 0 0 0 0 0 0 0 0 0 0 0]
[2578378056849411713539176080104434397825991898819032501977046265234084155244010938106382494700130145384443369943064945974295529347722149553360039357888562510271096380918035069910088896195144195242253530941536594770401394475450325825146991718176440008446686593529270358929520894709684239616822547013106 0 0 0 0 0 0 0 0 0 0 0 0 0 0 0 0 0 0 0 0 0 0 0 0 0 0 0 0 0 0 0 0 0 0 0 0 0 0 0 0 0 0 0 0 0 0 0 0 0 0 0 0 1 0 0 0 0 0 0 0 0 0 0 0 0 0 0 0 0 0 0 0 0 0 0 0 0 0 0 0 0 0 0 0 0 0 0 0 0 0 0 0 0 0 0 0 0 0 0]
[6139106557964834823465067447436484433001723650384913828955128437118539682331878834570211463812636643071509959106978554305635479532553481098043505546567660984980655206022482335899603984711537812631976751301919095753934861505474179957207900419974988876985116218041441693081123139121613333845182702040875 0 0 0 0 0 0 0 0 0 0 0 0 0 0 0 0 0 0 0 0 0 0 0 0 0 0 0 0 0 0 0 0 0 0 0 0 0 0 0 0 0 0 0 0 0 0 0 0 0 0 0 0 0 1 0 0 0 0 0 0 0 0 0 0 0 0 0 0 0 0 0 0 0 0 0 0 0 0 0 0 0 0 0 0 0 0 0 0 0 0 0 0 0 0 0 0 0 0 0]
[4577765111155097846248899824693514588157578701193037612926473624901136985942022451604879809818959699440570679902466957557255649950146265704513177908718937389789884847660633639049456012535931228849887663670347872087555042708327303766052118115702601212976304328536543071586214125629176801284358403035272 0 0 0 0 0 0 0 0 0 0 0 0 0 0 0 0 0 0 0 0 0 0 0 0 0 0 0 0 0 0 0 0 0 0 0 0 0 0 0 0 0 0 0 0 0 0 0 0 0 0 0 0 0 0 1 0 0 0 0 0 0 0 0 0 0 0 0 0 0 0 0 0 0 0 0 0 0 0 0 0 0 0 0 0 0 0 0 0 0 0 0 0 0 0 0 0 0 0 0]
[5252509004607403819046696505164707582189379280157055314191269505824143849351066036915834276667024697416662441372526912813817374418122156393547288501493384161890064602779221691071171551353518876630784956134098309446373204369509236546294272478676228947346765386157265738023288715132152932121552750820817 0 0 0 0 0 0 0 0 0 0 0 0 0 0 0 0 0 0 0 0 0 0 0 0 0 0 0 0 0 0 0 0 0 0 0 0 0 0 0 0 0 0 0 0 0 0 0 0 0 0 0 0 0 0 0 1 0 0 0 0 0 0 0 0 0 0 0 0 0 0 0 0 0 0 0 0 0 0 0 0 0 0 0 0 0 0 0 0 0 0 0 0 0 0 0 0 0 0 0]
[6077450677349962871934471447711108384843799851895550863824452049595901527908856678257295913410830332942162334134585303310185228386509419685135877484962554852932033587656688755980182359998479645942778261247411158560652830998770641157226204098002649908660815697919013839315274490959697420596346293936417 0 0 0 0 0 0 0 0 0 0 0 0 0 0 0 0 0 0 0 0 0 0 0 0 0 0 0 0 0 0 0 0 0 0 0 0 0 0 0 0 0 0 0 0 0 0 0 0 0 0 0 0 0 0 0 0 1 0 0 0 0 0 0 0 0 0 0 0 0 0 0 0 0 0 0 0 0 0 0 0 0 0 0 0 0 0 0 0 0 0 0 0 0 0 0 0 0 0 0]
[1548457055111268424929461550826241777925695538432753088206006480384732984550072280085106364130232047970318273006419319707618460609801988028935705028769386112583534678830129097509264635878390624875477900578917712059399229389102178392286519853457777101686039533338117042208439098467127066051907168487625 0 0 0 0 0 0 0 0 0 0 0 0 0 0 0 0 0 0 0 0 0 0 0 0 0 0 0 0 0 0 0 0 0 0 0 0 0 0 0 0 0 0 0 0 0 0 0 0 0 0 0 0 0 0 0 0 0 1 0 0 0 0 0 0 0 0 0 0 0 0 0 0 0 0 0 0 0 0 0 0 0 0 0 0 0 0 0 0 0 0 0 0 0 0 0 0 0 0 0]
[6009058053320768729274447812908688706553070307368546683053962668516342008910271210161650682924282150914946699370650887799948283609252931832920548025342819644189130993812964518503176412505243352170627970828195360262384346670125187506446393503138156653638459219126103325680461987019918940692579970587577 0 0 0 0 0 0 0 0 0 0 0 0 0 0 0 0 0 0 0 0 0 0 0 0 0 0 0 0 0 0 0 0 0 0 0 0 0 0 0 0 0 0 0 0 0 0 0 0 0 0 0 0 0 0 0 0 0 0 1 0 0 0 0 0 0 0 0 0 0 0 0 0 0 0 0 0 0 0 0 0 0 0 0 0 0 0 0 0 0 0 0 0 0 0 0 0 0 0 0]
[7990156249579897794501330170529301128655515945262530410565444590520204672993731526104038618799280075455068648005784126186375203507757051540236626978514023003360719712820907771693544555775064304967191075118835172397660740233070071029046790749780245339658588086018679155266647033810349007231212307654473 0 0 0 0 0 0 0 0 0 0 0 0 0 0 0 0 0 0 0 0 0 0 0 0 0 0 0 0 0 0 0 0 0 0 0 0 0 0 0 0 0 0 0 0 0 0 0 0 0 0 0 0 0 0 0 0 0 0 0 1 0 0 0 0 0 0 0 0 0 0 0 0 0 0 0 0 0 0 0 0 0 0 0 0 0 0 0 0 0 0 0 0 0 0 0 0 0 0 0]
[7057836898544051744327910175375765026521643939725466932265458714622570452010231326382511928838885518310675274263234356298640106877385354800647918634215742368383752408705325054737128658499886583364290234092467090221268191762723702842825107827751983966778539417486243837563245984173662197755769142162728 0 0 0 0 0 0 0 0 0 0 0 0 0 0 0 0 0 0 0 0 0 0 0 0 0 0 0 0 0 0 0 0 0 0 0 0 0 0 0 0 0 0 0 0 0 0 0 0 0 0 0 0 0 0 0 0 0 0 0 0 1 0 0 0 0 0 0 0 0 0 0 0 0 0 0 0 0 0 0 0 0 0 0 0 0 0 0 0 0 0 0 0 0 0 0 0 0 0 0]
[251868193422852952161272814024236123906996391440364039622617056073377634555717375751447136867262223463375589173370174179546209046071715889105347732116527689314847742304293880477955371040261708489430561850044002359212123137805997200871004943770701722197845609251825774178482766371878174833360238302640 0 0 0 0 0 0 0 0 0 0 0 0 0 0 0 0 0 0 0 0 0 0 0 0 0 0 0 0 0 0 0 0 0 0 0 0 0 0 0 0 0 0 0 0 0 0 0 0 0 0 0 0 0 0 0 0 0 0 0 0 0 1 0 0 0 0 0 0 0 0 0 0 0 0 0 0 0 0 0 0 0 0 0 0 0 0 0 0 0 0 0 0 0 0 0 0 0 0 0]
[1095671173598767656808043606224290344009596769350722813670547891654887571801709076939502923060752525265721962202708448959348863542230578245730273960004455078648056951288105233652899797762497735522845427932502518816583231489139895363533742810193385031715767581370632652864106534736667232856029594575385 0 0 0 0 0 0 0 0 0 0 0 0 0 0 0 0 0 0 0 0 0 0 0 0 0 0 0 0 0 0 0 0 0 0 0 0 0 0 0 0 0 0 0 0 0 0 0 0 0 0 0 0 0 0 0 0 0 0 0 0 0 0 1 0 0 0 0 0 0 0 0 0 0 0 0 0 0 0 0 0 0 0 0 0 0 0 0 0 0 0 0 0 0 0 0 0 0 0 0]
[6483123250639052363276123607273482333541058659835719544030109560640764113407011438131082073315975278974481049704787045497210248943093108944510136116807067161530397070945747615871756207763220203692131400850175286113524726210445897145536500915851971066676934553019318031534952947056134445375458085397168 0 0 0 0 0 0 0 0 0 0 0 0 0 0 0 0 0 0 0 0 0 0 0 0 0 0 0 0 0 0 0 0 0 0 0 0 0 0 0 0 0 0 0 0 0 0 0 0 0 0 0 0 0 0 0 0 0 0 0 0 0 0 0 1 0 0 0 0 0 0 0 0 0 0 0 0 0 0 0 0 0 0 0 0 0 0 0 0 0 0 0 0 0 0 0 0 0 0 0]
[7113015375663074109610597572845322772185059889869611380975325115784345498477089476388671425550412526069860274406639503790561598575180953395534119412207186810179387914912343557421132149720056493446828781316537772206657040392965430416422441777296493714860902877640445448211225965238309918786563985114282 0 0 0 0 0 0 0 0 0 0 0 0 0 0 0 0 0 0 0 0 0 0 0 0 0 0 0 0 0 0 0 0 0 0 0 0 0 0 0 0 0 0 0 0 0 0 0 0 0 0 0 0 0 0 0 0 0 0 0 0 0 0 0 0 1 0 0 0 0 0 0 0 0 0 0 0 0 0 0 0 0 0 0 0 0 0 0 0 0 0 0 0 0 0 0 0 0 0 0]
[7145006806632526594768785987740458029370110126524251590609128678841589101779946729712940102475009243002289740702523569742827835755878123354435508844181994989768000015333231590810207328541929563695213396144076699236720314802494744707530946624277073055368641946025840984881413762061541790609212750232775 0 0 0 0 0 0 0 0 0 0 0 0 0 0 0 0 0 0 0 0 0 0 0 0 0 0 0 0 0 0 0 0 0 0 0 0 0 0 0 0 0 0 0 0 0 0 0 0 0 0 0 0 0 0 0 0 0 0 0 0 0 0 0 0 0 1 0 0 0 0 0 0 0 0 0 0 0 0 0 0 0 0 0 0 0 0 0 0 0 0 0 0 0 0 0 0 0 0 0]
[5342000952780637770261015482971647277576866529508515014224562137732116253359619031302626694237740184891968276607659906048672315088913656103481098847645197354125637288964530515334065895314617207517049172486842309102957638970589187484011508287673897869519297175254069651488221185542208871178544099919834 0 0 0 0 0 0 0 0 0 0 0 0 0 0 0 0 0 0 0 0 0 0 0 0 0 0 0 0 0 0 0 0 0 0 0 0 0 0 0 0 0 0 0 0 0 0 0 0 0 0 0 0 0 0 0 0 0 0 0 0 0 0 0 0 0 0 1 0 0 0 0 0 0 0 0 0 0 0 0 0 0 0 0 0 0 0 0 0 0 0 0 0 0 0 0 0 0 0 0]
[5024862831907787950737332112170108710623895049035402383482456937780789616009232134469467386064609618899006369518980076088483684429798353121375222393498524065400493362302084436000285250242265794704163292926364750407085894993691677340616113127246364113923067380271996962131356983268147596858795590315145 0 0 0 0 0 0 0 0 0 0 0 0 0 0 0 0 0 0 0 0 0 0 0 0 0 0 0 0 0 0 0 0 0 0 0 0 0 0 0 0 0 0 0 0 0 0 0 0 0 0 0 0 0 0 0 0 0 0 0 0 0 0 0 0 0 0 0 1 0 0 0 0 0 0 0 0 0 0 0 0 0 0 0 0 0 0 0 0 0 0 0 0 0 0 0 0 0 0 0]
[2434093094120455669532005489522820887180042865745054048368227578276552772133096874724110831859373324791748522879208380853097380559108943083567151786688578301821632556610355648933571365348924908342195210050068047094649130411525111068124051144141215775599045360697312761249335758934103243306064768086290 0 0 0 0 0 0 0 0 0 0 0 0 0 0 0 0 0 0 0 0 0 0 0 0 0 0 0 0 0 0 0 0 0 0 0 0 0 0 0 0 0 0 0 0 0 0 0 0 0 0 0 0 0 0 0 0 0 0 0 0 0 0 0 0 0 0 0 0 1 0 0 0 0 0 0 0 0 0 0 0 0 0 0 0 0 0 0 0 0 0 0 0 0 0 0 0 0 0 0]
[8148611389330677765175223751729019403859861689728335622694032233367933315059548490701363925944898779441720867502269491041102943106632963923106425678995001870000212091738764412960144379619598619990968319763634146711218028705836179528837335116561532367712041249003326253152915632023945717145424273533047 0 0 0 0 0 0 0 0 0 0 0 0 0 0 0 0 0 0 0 0 0 0 0 0 0 0 0 0 0 0 0 0 0 0 0 0 0 0 0 0 0 0 0 0 0 0 0 0 0 0 0 0 0 0 0 0 0 0 0 0 0 0 0 0 0 0 0 0 0 1 0 0 0 0 0 0 0 0 0 0 0 0 0 0 0 0 0 0 0 0 0 0 0 0 0 0 0 0 0]
[1011088986697645619391391396115662977586200163882035008393604492259920996281988021318393465118494725950514369368196305451537480635363579592432603915691197319740616650332932004177663411038225739505046041656149761402693684764435616099380935355602786616922440656860303824890100186227954607980637828628207 0 0 0 0 0 0 0 0 0 0 0 0 0 0 0 0 0 0 0 0 0 0 0 0 0 0 0 0 0 0 0 0 0 0 0 0 0 0 0 0 0 0 0 0 0 0 0 0 0 0 0 0 0 0 0 0 0 0 0 0 0 0 0 0 0 0 0 0 0 0 1 0 0 0 0 0 0 0 0 0 0 0 0 0 0 0 0 0 0 0 0 0 0 0 0 0 0 0 0]
[2677701709575418778271719813105533108559495921993639196122783717371093106236492960869142453765341543074165930906290605263929138898875179888315845795234823998278032899923898198285124238416910374128267694279266820568402642892775168440819782514456636850273593953764370855495241388078370274261394447714054 0 0 0 0 0 0 0 0 0 0 0 0 0 0 0 0 0 0 0 0 0 0 0 0 0 0 0 0 0 0 0 0 0 0 0 0 0 0 0 0 0 0 0 0 0 0 0 0 0 0 0 0 0 0 0 0 0 0 0 0 0 0 0 0 0 0 0 0 0 0 0 1 0 0 0 0 0 0 0 0 0 0 0 0 0 0 0 0 0 0 0 0 0 0 0 0 0 0 0]
[4054446372281315669647278103563988070126025097482196186713991167877561245693939509934112292647704972264390577294547701963946021871092449631906265359870767575874082756685001411808665104660531428688201923595458336092720392433815559901987145422399737927226972324718681276089925569244406135761289044382928 0 0 0 0 0 0 0 0 0 0 0 0 0 0 0 0 0 0 0 0 0 0 0 0 0 0 0 0 0 0 0 0 0 0 0 0 0 0 0 0 0 0 0 0 0 0 0 0 0 0 0 0 0 0 0 0 0 0 0 0 0 0 0 0 0 0 0 0 0 0 0 0 1 0 0 0 0 0 0 0 0 0 0 0 0 0 0 0 0 0 0 0 0 0 0 0 0 0 0]
[4945781981536052338575368492202809937968677247754469850979810775877917215650258438004685705047576955524579735308911261581528953517642302184124245555879944330158889589376625052153053779188794849831444673768957208263847344573004667818725764380117794035651475974503742904552130372670279951251135847477657 0 0 0 0 0 0 0 0 0 0 0 0 0 0 0 0 0 0 0 0 0 0 0 0 0 0 0 0 0 0 0 0 0 0 0 0 0 0 0 0 0 0 0 0 0 0 0 0 0 0 0 0 0 0 0 0 0 0 0 0 0 0 0 0 0 0 0 0 0 0 0 0 0 1 0 0 0 0 0 0 0 0 0 0 0 0 0 0 0 0 0 0 0 0 0 0 0 0 0]
[470443722567824172365464176007587277593575418913356372422071439749017734471113656562220229936536089171597527409433453764315950776186461604785117991726957074387336276151090146134236745093394441798797442596456753548010250851470297950647408672986135410693297788222437219048725522264568384593729567802934 0 0 0 0 0 0 0 0 0 0 0 0 0 0 0 0 0 0 0 0 0 0 0 0 0 0 0 0 0 0 0 0 0 0 0 0 0 0 0 0 0 0 0 0 0 0 0 0 0 0 0 0 0 0 0 0 0 0 0 0 0 0 0 0 0 0 0 0 0 0 0 0 0 0 1 0 0 0 0 0 0 0 0 0 0 0 0 0 0 0 0 0 0 0 0 0 0 0 0]
[4607166341531696173440744835979312601448569618445186057861472285076429711385628503928549965902557357302735615898504172267095942417883986251334122671976604116824955076910552345662329985853037129510476568196157372714988905536252742732596569605234784076280307169368956501133313398297994345793171813463140 0 0 0 0 0 0 0 0 0 0 0 0 0 0 0 0 0 0 0 0 0 0 0 0 0 0 0 0 0 0 0 0 0 0 0 0 0 0 0 0 0 0 0 0 0 0 0 0 0 0 0 0 0 0 0 0 0 0 0 0 0 0 0 0 0 0 0 0 0 0 0 0 0 0 0 1 0 0 0 0 0 0 0 0 0 0 0 0 0 0 0 0 0 0 0 0 0 0 0]
[8538945218482176824030317903657653488613672011954297813056004919254539917822492815172581659710925472442372476896321906467203495026737925020076599398731335876937519008493792134158035718980762389182756709255031111974689352277251234707417196123858104308405134899805626863754679548801612866020630646686197 0 0 0 0 0 0 0 0 0 0 0 0 0 0 0 0 0 0 0 0 0 0 0 0 0 0 0 0 0 0 0 0 0 0 0 0 0 0 0 0 0 0 0 0 0 0 0 0 0 0 0 0 0 0 0 0 0 0 0 0 0 0 0 0 0 0 0 0 0 0 0 0 0 0 0 0 1 0 0 0 0 0 0 0 0 0 0 0 0 0 0 0 0 0 0 0 0 0 0]
[2941598639959587285556830838130135570351024985899353124968588066405739111465194152936879028323088910931972970572962952160839595321168449482153401322336234004070350797177816553068875196552339223886193312554527810327662597971349739118545139411302238725829667798418814660893540657671419283369248983565444 0 0 0 0 0 0 0 0 0 0 0 0 0 0 0 0 0 0 0 0 0 0 0 0 0 0 0 0 0 0 0 0 0 0 0 0 0 0 0 0 0 0 0 0 0 0 0 0 0 0 0 0 0 0 0 0 0 0 0 0 0 0 0 0 0 0 0 0 0 0 0 0 0 0 0 0 0 1 0 0 0 0 0 0 0 0 0 0 0 0 0 0 0 0 0 0 0 0 0]
[5372832359088725288419781474352731307861118765857183194691520537493406012227493631969222380771990507363736044032118996791187336412889375961971318267691323228591816588192341409838615133742417961890949776757880600276122318664059898339323762339481659187625210511509048121162829810424485036753339324820813 0 0 0 0 0 0 0 0 0 0 0 0 0 0 0 0 0 0 0 0 0 0 0 0 0 0 0 0 0 0 0 0 0 0 0 0 0 0 0 0 0 0 0 0 0 0 0 0 0 0 0 0 0 0 0 0 0 0 0 0 0 0 0 0 0 0 0 0 0 0 0 0 0 0 0 0 0 0 1 0 0 0 0 0 0 0 0 0 0 0 0 0 0 0 0 0 0 0 0]
[516412029747137819449056713272930464363470003824090409336396591246676621903828940388952299578465022446457609769284099696038887125298985461966171443614463627289277034783597039367967336201160049671657490334163400076558096014839999717569498448547895526126890191786506022679552647905509818270375302769285 0 0 0 0 0 0 0 0 0 0 0 0 0 0 0 0 0 0 0 0 0 0 0 0 0 0 0 0 0 0 0 0 0 0 0 0 0 0 0 0 0 0 0 0 0 0 0 0 0 0 0 0 0 0 0 0 0 0 0 0 0 0 0 0 0 0 0 0 0 0 0 0 0 0 0 0 0 0 0 1 0 0 0 0 0 0 0 0 0 0 0 0 0 0 0 0 0 0 0]
[8147854793049006833745047862639124552233595053162238397361258003913946574528307715903985131803448075473221476884353247962859529398890458980194005090728056646463029710551809708503826449265543192413153473854718146856707227154049427219580448653957436617689243477226392746325147979182787449436007061593057 0 0 0 0 0 0 0 0 0 0 0 0 0 0 0 0 0 0 0 0 0 0 0 0 0 0 0 0 0 0 0 0 0 0 0 0 0 0 0 0 0 0 0 0 0 0 0 0 0 0 0 0 0 0 0 0 0 0 0 0 0 0 0 0 0 0 0 0 0 0 0 0 0 0 0 0 0 0 0 0 1 0 0 0 0 0 0 0 0 0 0 0 0 0 0 0 0 0 0]
[7680244801965377266265281926878704002596158968742436591543777003239376655680392485252322610739719519408522827147066113289999176475328555608246840943291617604976380125585487064931781937205675596381326364119972491741174917038121070381139485925971172126822913729707357168648040455163052031901909530712644 0 0 0 0 0 0 0 0 0 0 0 0 0 0 0 0 0 0 0 0 0 0 0 0 0 0 0 0 0 0 0 0 0 0 0 0 0 0 0 0 0 0 0 0 0 0 0 0 0 0 0 0 0 0 0 0 0 0 0 0 0 0 0 0 0 0 0 0 0 0 0 0 0 0 0 0 0 0 0 0 0 1 0 0 0 0 0 0 0 0 0 0 0 0 0 0 0 0 0]
[3102853062780575757681959427437740725122348848961739470991010714954628134497033871265271032425279246348056124272258348987851246923627896486140194730898403037289051962861175162959789846842416916898903985515979769751017687430087090172011967344896196169566491460790330193363201113453295280093970083689643 0 0 0 0 0 0 0 0 0 0 0 0 0 0 0 0 0 0 0 0 0 0 0 0 0 0 0 0 0 0 0 0 0 0 0 0 0 0 0 0 0 0 0 0 0 0 0 0 0 0 0 0 0 0 0 0 0 0 0 0 0 0 0 0 0 0 0 0 0 0 0 0 0 0 0 0 0 0 0 0 0 0 1 0 0 0 0 0 0 0 0 0 0 0 0 0 0 0 0]
[3892650397314590877521673611644065296123865542999249359130534217300646504018137977212157703351687390314358297634796431617315145626776121059486745940379075027564501503614293695936520622394151906819603206007268460641343628204932961220219601337215964649074860887650503889273000908593504920107431229963335 0 0 0 0 0 0 0 0 0 0 0 0 0 0 0 0 0 0 0 0 0 0 0 0 0 0 0 0 0 0 0 0 0 0 0 0 0 0 0 0 0 0 0 0 0 0 0 0 0 0 0 0 0 0 0 0 0 0 0 0 0 0 0 0 0 0 0 0 0 0 0 0 0 0 0 0 0 0 0 0 0 0 0 1 0 0 0 0 0 0 0 0 0 0 0 0 0 0 0]
[7135347231159978161847002935591346058252212148430965438235592129600538120015857989582074408734208971596565822410818089838662891935069145026872687307893609577302693105604496181069903344629576264888194091481000205400531123376642661910821077221434153236707090276195759428851376631142898563450942730204774 0 0 0 0 0 0 0 0 0 0 0 0 0 0 0 0 0 0 0 0 0 0 0 0 0 0 0 0 0 0 0 0 0 0 0 0 0 0 0 0 0 0 0 0 0 0 0 0 0 0 0 0 0 0 0 0 0 0 0 0 0 0 0 0 0 0 0 0 0 0 0 0 0 0 0 0 0 0 0 0 0 0 0 0 1 0 0 0 0 0 0 0 0 0 0 0 0 0 0]
[7628629072068991628779059232817469257522805776165886739584889763825762386921542858111994158711816840441598252289540526290587557327223708594915763619907794901917988895589411936903904028030526311001987715050354669361582936439142263671810102381326392414821768738566988475740132934225749262709601591654122 0 0 0 0 0 0 0 0 0 0 0 0 0 0 0 0 0 0 0 0 0 0 0 0 0 0 0 0 0 0 0 0 0 0 0 0 0 0 0 0 0 0 0 0 0 0 0 0 0 0 0 0 0 0 0 0 0 0 0 0 0 0 0 0 0 0 0 0 0 0 0 0 0 0 0 0 0 0 0 0 0 0 0 0 0 1 0 0 0 0 0 0 0 0 0 0 0 0 0]
[799698001703585628034120417783098856874570233999225683540638384598197749962382191002493478920071358840526595908291407803058013540571627930849055192085493541997988538621621717706503093134494671189827953985636712560530645293250890762479027765868147612284903093270009093546185662380305776705584598963706 0 0 0 0 0 0 0 0 0 0 0 0 0 0 0 0 0 0 0 0 0 0 0 0 0 0 0 0 0 0 0 0 0 0 0 0 0 0 0 0 0 0 0 0 0 0 0 0 0 0 0 0 0 0 0 0 0 0 0 0 0 0 0 0 0 0 0 0 0 0 0 0 0 0 0 0 0 0 0 0 0 0 0 0 0 0 1 0 0 0 0 0 0 0 0 0 0 0 0]
[1620586229056693099622591003502100270672348430057180983495177734971885366128110826262834887898494126939884448047881127525183430289753356735948267143416086639116514406277590761438975710228291104934742157327079970182185413583884862295750613211155651361752193250588236421660142011178503510461344511039836 0 0 0 0 0 0 0 0 0 0 0 0 0 0 0 0 0 0 0 0 0 0 0 0 0 0 0 0 0 0 0 0 0 0 0 0 0 0 0 0 0 0 0 0 0 0 0 0 0 0 0 0 0 0 0 0 0 0 0 0 0 0 0 0 0 0 0 0 0 0 0 0 0 0 0 0 0 0 0 0 0 0 0 0 0 0 0 1 0 0 0 0 0 0 0 0 0 0 0]
[8406048163767189419711391547741947003124646202609978189631925132405525831543969803226228223844902636692902852240332308075322185874067650942871477247828990665115266082134764875661845584157286675836650758827058172103797790409067219888768993772706693667867500371619786806989634427497041312797382774975714 0 0 0 0 0 0 0 0 0 0 0 0 0 0 0 0 0 0 0 0 0 0 0 0 0 0 0 0 0 0 0 0 0 0 0 0 0 0 0 0 0 0 0 0 0 0 0 0 0 0 0 0 0 0 0 0 0 0 0 0 0 0 0 0 0 0 0 0 0 0 0 0 0 0 0 0 0 0 0 0 0 0 0 0 0 0 0 0 1 0 0 0 0 0 0 0 0 0 0]
[1922726068324147361232070166553147375263540553720911276092967102375729615389851756954596609714556291018983606533003509796310829642382632870786809052918665123805351095910339225691767971711042090106393076997111205759457493563383698259507538227357193364559618913842764175104416204772128123663883617779031 0 0 0 0 0 0 0 0 0 0 0 0 0 0 0 0 0 0 0 0 0 0 0 0 0 0 0 0 0 0 0 0 0 0 0 0 0 0 0 0 0 0 0 0 0 0 0 0 0 0 0 0 0 0 0 0 0 0 0 0 0 0 0 0 0 0 0 0 0 0 0 0 0 0 0 0 0 0 0 0 0 0 0 0 0 0 0 0 0 1 0 0 0 0 0 0 0 0 0]
[5013532319240444391504917390866996228271900467793878403644679849030007721504010806903389235467873740519078847280541958503240037985996918272019519307271591283257423508692292744424198620290470808917187194814119962493124122689174359255547401972882029624192280969751356092077885600405803117537193696313505 0 0 0 0 0 0 0 0 0 0 0 0 0 0 0 0 0 0 0 0 0 0 0 0 0 0 0 0 0 0 0 0 0 0 0 0 0 0 0 0 0 0 0 0 0 0 0 0 0 0 0 0 0 0 0 0 0 0 0 0 0 0 0 0 0 0 0 0 0 0 0 0 0 0 0 0 0 0 0 0 0 0 0 0 0 0 0 0 0 0 1 0 0 0 0 0 0 0 0]
[551740101057471369837208776939055252562895998778573769997639270862310617459889093214150756796104323495556869028120309706908693951792297132833323215725424070443667911426693512215512590890311862719484348473475694869209698823753951663409167231557869771723417528979698583933486967819130169420680538230100 0 0 0 0 0 0 0 0 0 0 0 0 0 0 0 0 0 0 0 0 0 0 0 0 0 0 0 0 0 0 0 0 0 0 0 0 0 0 0 0 0 0 0 0 0 0 0 0 0 0 0 0 0 0 0 0 0 0 0 0 0 0 0 0 0 0 0 0 0 0 0 0 0 0 0 0 0 0 0 0 0 0 0 0 0 0 0 0 0 0 0 1 0 0 0 0 0 0 0]
[903296296387180902518135684657539324306989001399272391811447623284484686330693341216643186445951981829119820267190949477898417244453570388785944267389637371180435534250568416001460718754731363741522380802289340631774440170366990163880583866762460063318621861748549902366886280429830082102550864864546 0 0 0 0 0 0 0 0 0 0 0 0 0 0 0 0 0 0 0 0 0 0 0 0 0 0 0 0 0 0 0 0 0 0 0 0 0 0 0 0 0 0 0 0 0 0 0 0 0 0 0 0 0 0 0 0 0 0 0 0 0 0 0 0 0 0 0 0 0 0 0 0 0 0 0 0 0 0 0 0 0 0 0 0 0 0 0 0 0 0 0 0 1 0 0 0 0 0 0]
[807372760845723393632979264434606291548115636141739147109429910339697466524671455625544125380574876496180825066554291819683528487860575258786268582088942413768004928720076846233168476411756991545247091146324875111234182183183021319436110101711913113882475131977793142617104211996820975327124087633293 0 0 0 0 0 0 0 0 0 0 0 0 0 0 0 0 0 0 0 0 0 0 0 0 0 0 0 0 0 0 0 0 0 0 0 0 0 0 0 0 0 0 0 0 0 0 0 0 0 0 0 0 0 0 0 0 0 0 0 0 0 0 0 0 0 0 0 0 0 0 0 0 0 0 0 0 0 0 0 0 0 0 0 0 0 0 0 0 0 0 0 0 0 1 0 0 0 0 0]
[6422201593182056911861574431756613875687345176975703710864778810519246200276007136917588438158626546754177308546402660662319587365337662768432566317272922867609895132861999434904749704319708144478518143289748555018156345313586594201447111068744701658631688907593032861805665634215664768496497057781606 0 0 0 0 0 0 0 0 0 0 0 0 0 0 0 0 0 0 0 0 0 0 0 0 0 0 0 0 0 0 0 0 0 0 0 0 0 0 0 0 0 0 0 0 0 0 0 0 0 0 0 0 0 0 0 0 0 0 0 0 0 0 0 0 0 0 0 0 0 0 0 0 0 0 0 0 0 0 0 0 0 0 0 0 0 0 0 0 0 0 0 0 0 0 1 0 0 0 0]
[1179361779358860228270654186727250602758767247147029809870843560932334455994683721620313465271084809170201675020964538877413236325635224162767353196620068858304032986720969598055737438441158799525061290286396720615976743043236752573520764924454974483702946839713405293644981485239521144848936428159964 0 0 0 0 0 0 0 0 0 0 0 0 0 0 0 0 0 0 0 0 0 0 0 0 0 0 0 0 0 0 0 0 0 0 0 0 0 0 0 0 0 0 0 0 0 0 0 0 0 0 0 0 0 0 0 0 0 0 0 0 0 0 0 0 0 0 0 0 0 0 0 0 0 0 0 0 0 0 0 0 0 0 0 0 0 0 0 0 0 0 0 0 0 0 0 1 0 0 0]
[1135523071477717745199895533101490766069650314299145042639549398935609008458788167861285709370271058552604640565140958883935045564909877417881464754889532788406912754626418891199923532059689463219507587626335383323171443111389657039238197942030803943446325188594485123632450303049853830758264336982432 0 0 0 0 0 0 0 0 0 0 0 0 0 0 0 0 0 0 0 0 0 0 0 0 0 0 0 0 0 0 0 0 0 0 0 0 0 0 0 0 0 0 0 0 0 0 0 0 0 0 0 0 0 0 0 0 0 0 0 0 0 0 0 0 0 0 0 0 0 0 0 0 0 0 0 0 0 0 0 0 0 0 0 0 0 0 0 0 0 0 0 0 0 0 0 0 1 0 0]
[3028956259039609969640077733828092024284921606165307466061520917729293264160915461235747276397761397610323891378270878412269951501457904448569691156491001119782207489363450201779565846599100338615880442054389631147199657753013639207158036482615232668046903766396870170428366803772090390306986441040805 0 0 0 0 0 0 0 0 0 0 0 0 0 0 0 0 0 0 0 0 0 0 0 0 0 0 0 0 0 0 0 0 0 0 0 0 0 0 0 0 0 0 0 0 0 0 0 0 0 0 0 0 0 0 0 0 0 0 0 0 0 0 0 0 0 0 0 0 0 0 0 0 0 0 0 0 0 0 0 0 0 0 0 0 0 0 0 0 0 0 0 0 0 0 0 0 0 1 0]
[3465505239755951396727746642881107593232018844108650914824174558349965797602999688460365809744730754749665364531646607547217569737497558247303803070558493277522450783297067228782667413888824306523802350895080738814660817538083421335019886903827100284055367279469230808660779502881053049596645386306193 0 0 0 0 0 0 0 0 0 0 0 0 0 0 0 0 0 0 0 0 0 0 0 0 0 0 0 0 0 0 0 0 0 0 0 0 0 0 0 0 0 0 0 0 0 0 0 0 0 0 0 0 0 0 0 0 0 0 0 0 0 0 0 0 0 0 0 0 0 0 0 0 0 0 0 0 0 0 0 0 0 0 0 0 0 0 0 0 0 0 0 0 0 0 0 0 0 0 1]
]
