[[8685346827694760187407546720995322775504846915812056261397848779183337494576217912875874237192224897482935474022514352326671815895549803234751248013792942233579412332771714496304914935144294206060060399348756734546402444532486078588939481389233461238027279351345268026907478362125705178143449283278931 0 0 0 0 0 0 0 0 0 0 0 0 0 0 0 0 0 0 0 0 0 0 0 0 0 0 0 0 0 0 0 0 0 0 0 0 0 0 0 0 0 0 0 0 0 0 0 0 0 0 0 0 0 0 0 0 0 0 0 0 0 0 0 0 0 0 0 0 0 0 0 0 0 0 0 0 0 0 0 0 0 0 0 0 0 0 0 0 0 0 0 0 0 0 0 0 0 0 0]
[8589883074170739949260821375567180300951271618450868394467276278461354791485454580514316516019119961824933363334293722847701214694927311579196489444799671303736736796108310096439961856415908329478749727982834309037010629786298890063282309987416927392740915065960125938782678339902590730500353168158506 1 0 0 0 0 0 0 0 0 0 0 0 0 0 0 0 0 0 0 0 0 0 0 0 0 0 0 0 0 0 0 0 0 0 0 0 0 0 0 0 0 0 0 0 0 0 0 0 0 0 0 0 0 0 0 0 0 0 0 0 0 0 0 0 0 0 0 0 0 0 0 0 0 0 0 0 0 0 0 0 0 0 0 0 0 0 0 0 0 0 0 0 0 0 0 0 0 0 0]
[132056242349178165182327920760015995375830939791810757908292628544344369130080841581022047348515699528624411759998163274693820868962351587361311198102677152067532526645861926180712360227499864434341119801330037928533281815971965143670397764087388793894789491473330613127687737522952418030333635987339 0 1 0 0 0 0 0 0 0 0 0 0 0 0 0 0 0 0 0 0 0 0 0 0 0 0 0 0 0 0 0 0 0 0 0 0 0 0 0 0 0 0 0 0 0 0 0 0 0 0 0 0 0 0 0 0 0 0 0 0 0 0 0 0 0 0 0 0 0 0 0 0 0 0 0 0 0 0 0 0 0 0 0 0 0 0 0 0 0 0 0 0 0 0 0 0 0 0 0]
[491826126758261326513546749613977650423765290315689443107924131499718750122486849961755849376697755379378305606437147283058642562378220470818023950238483190351305029486457416396420760477884467250661674332307632524140367375696439493243202589651256236099352622568133084043743324316608831183121478490096 0 0 1 0 0 0 0 0 0 0 0 0 0 0 0 0 0 0 0 0 0 0 0 0 0 0 0 0 0 0 0 0 0 0 0 0 0 0 0 0 0 0 0 0 0 0 0 0 0 0 0 0 0 0 0 0 0 0 0 0 0 0 0 0 0 0 0 0 0 0 0 0 0 0 0 0 0 0 0 0 0 0 0 0 0 0 0 0 0 0 0 0 0 0 0 0 0 0 0]
[2257624580770105698270673200507801786764163608358893346730546348790489505629063843403614245367776088186761385879829768948310735448125795171089039216999271772131251985601863471861831409644043569699137407447562080245756097169201907835468196674082171546501000706563846617985466554665488839884758439006136 0 0 0 1 0 0 0 0 0 0 0 0 0 0 0 0 0 0 0 0 0 0 0 0 0 0 0 0 0 0 0 0 0 0 0 0 0 0 0 0 0 0 0 0 0 0 0 0 0 0 0 0 0 0 0 0 0 0 0 0 0 0 0 0 0 0 0 0 0 0 0 0 0 0 0 0 0 0 0 0 0 0 0 0 0 0 0 0 0 0 0 0 0 0 0 0 0 0 0]
[8235718324951488946082792446714580847241870267318983307742764540317258896636695812668672424496639579933004742906805717718896571526339867877814046942810099138233495904046909378063751862021084188752308534671101719304756410852216854469378321170152594337412454535516261759901961185464312034620679457516966 0 0 0 0 1 0 0 0 0 0 0 0 0 0 0 0 0 0 0 0 0 0 0 0 0 0 0 0 0 0 0 0 0 0 0 0 0 0 0 0 0 0 0 0 0 0 0 0 0 0 0 0 0 0 0 0 0 0 0 0 0 0 0 0 0 0 0 0 0 0 0 0 0 0 0 0 0 0 0 0 0 0 0 0 0 0 0 0 0 0 0 0 0 0 0 0 0 0 0]
[4413920881572782040713033494990265388216752987988861783530443010730574583568633563047504828507818960449823449930101342752938398422596831410935370932792112947782611887397470265098181038797115658596846583425427665764539674258655612268529157867799886410343505683589898923893878447736478171461638353082660 0 0 0 0 0 1 0 0 0 0 0 0 0 0 0 0 0 0 0 0 0 0 0 0 0 0 0 0 0 0 0 0 0 0 0 0 0 0 0 0 0 0 0 0 0 0 0 0 0 0 0 0 0 0 0 0 0 0 0 0 0 0 0 0 0 0 0 0 0 0 0 0 0 0 0 0 0 0 0 0 0 0 0 0 0 0 0 0 0 0 0 0 0 0 0 0 0 0 0]
[7992604124736894876822261626597948606624981124736894022408038169652623200789261581191642881641538254743472968899202921343718696708107590173129319268436290678731937005225882097838722574332397767196725112681617899608161064948515892669901323072713190290904081678813217696598967348990420736004142557544004 0 0 0 0 0 0 1 0 0 0 0 0 0 0 0 0 0 0 0 0 0 0 0 0 0 0 0 0 0 0 0 0 0 0 0 0 0 0 0 0 0 0 0 0 0 0 0 0 0 0 0 0 0 0 0 0 0 0 0 0 0 0 0 0 0 0 0 0 0 0 0 0 0 0 0 0 0 0 0 0 0 0 0 0 0 0 0 0 0 0 0 0 0 0 0 0 0 0 0]
[2373347347654973610001059542008051201734437018706631996356949929595437886232923847725066238213596804476338740480075006603866926327247102218342716133568023359418138679861066961656864004088962467322095548075454379886435440756621760923866719072115489406585554177905863356638861877800927995672059687051600 0 0 0 0 0 0 0 1 0 0 0 0 0 0 0 0 0 0 0 0 0 0 0 0 0 0 0 0 0 0 0 0 0 0 0 0 0 0 0 0 0 0 0 0 0 0 0 0 0 0 0 0 0 0 0 0 0 0 0 0 0 0 0 0 0 0 0 0 0 0 0 0 0 0 0 0 0 0 0 0 0 0 0 0 0 0 0 0 0 0 0 0 0 0 0 0 0 0 0]
[8328561151183585252906032625118265244225155024045540132328560181811323016692906627571366928637496364290596606925871207539687692805698378974342083404938158718454717216046814566055631195456614259685987516834580676398319901558373483563627522930841665244138302521489444973039716720400246671123738909219518 0 0 0 0 0 0 0 0 1 0 0 0 0 0 0 0 0 0 0 0 0 0 0 0 0 0 0 0 0 0 0 0 0 0 0 0 0 0 0 0 0 0 0 0 0 0 0 0 0 0 0 0 0 0 0 0 0 0 0 0 0 0 0 0 0 0 0 0 0 0 0 0 0 0 0 0 0 0 0 0 0 0 0 0 0 0 0 0 0 0 0 0 0 0 0 0 0 0 0]
[1627265236306829285544428880038361403582554316182146118338705924315482216421942765658836384582595988642463109250675515047752394992657353488523241299881851415595762023624022808523675435713255833778697497301573569528021497048263973831851114317682780937685958968586001543640251759138008685039861153743957 0 0 0 0 0 0 0 0 0 1 0 0 0 0 0 0 0 0 0 0 0 0 0 0 0 0 0 0 0 0 0 0 0 0 0 0 0 0 0 0 0 0 0 0 0 0 0 0 0 0 0 0 0 0 0 0 0 0 0 0 0 0 0 0 0 0 0 0 0 0 0 0 0 0 0 0 0 0 0 0 0 0 0 0 0 0 0 0 0 0 0 0 0 0 0 0 0 0 0]
[5340820243082845689177925895881809516765288616611129873455602064187136852175559331194286443240097608987428025356475655513412617509529263659273185842653756981032316199550088181873346561840368424824747216950984904148377763567382593475061010133230498150859139630046809853816002952525933688063556629590333 0 0 0 0 0 0 0 0 0 0 1 0 0 0 0 0 0 0 0 0 0 0 0 0 0 0 0 0 0 0 0 0 0 0 0 0 0 0 0 0 0 0 0 0 0 0 0 0 0 0 0 0 0 0 0 0 0 0 0 0 0 0 0 0 0 0 0 0 0 0 0 0 0 0 0 0 0 0 0 0 0 0 0 0 0 0 0 0 0 0 0 0 0 0 0 0 0 0 0]
[5967664751306055518230195975624504511406372164609289725581131890553171912409957641363908776876436998564220668441570282399593569102665526526152227821477716612390213599249111881876111308850601504269200839141552622293996264872556951034815339706586404425828273140330621218426954735257788894278992612184674 0 0 0 0 0 0 0 0 0 0 0 1 0 0 0 0 0 0 0 0 0 0 0 0 0 0 0 0 0 0 0 0 0 0 0 0 0 0 0 0 0 0 0 0 0 0 0 0 0 0 0 0 0 0 0 0 0 0 0 0 0 0 0 0 0 0 0 0 0 0 0 0 0 0 0 0 0 0 0 0 0 0 0 0 0 0 0 0 0 0 0 0 0 0 0 0 0 0 0]
[7052845433781190769195661500318335734770186438440909592385624227167728116438976123622083244255478140918231900979039435348234969869725623984120141438354351153057504945520530993087897659700948951070089985347890793271755885417894338598644730979983983839714896970484486568398876060586018342258972883755369 0 0 0 0 0 0 0 0 0 0 0 0 1 0 0 0 0 0 0 0 0 0 0 0 0 0 0 0 0 0 0 0 0 0 0 0 0 0 0 0 0 0 0 0 0 0 0 0 0 0 0 0 0 0 0 0 0 0 0 0 0 0 0 0 0 0 0 0 0 0 0 0 0 0 0 0 0 0 0 0 0 0 0 0 0 0 0 0 0 0 0 0 0 0 0 0 0 0 0]
[3095388163196753303444726217967852835791612825923487929098464428740611883010993284797191549991394017553869977205307851670681159920233619109053527446286881957864049635131441928333952187509995812774697144800643939043930035577705571319370569316649756773531821597737751106801987568327890624595520525776151 0 0 0 0 0 0 0 0 0 0 0 0 0 1 0 0 0 0 0 0 0 0 0 0 0 0 0 0 0 0 0 0 0 0 0 0 0 0 0 0 0 0 0 0 0 0 0 0 0 0 0 0 0 0 0 0 0 0 0 0 0 0 0 0 0 0 0 0 0 0 0 0 0 0 0 0 0 0 0 0 0 0 0 0 0 0 0 0 0 0 0 0 0 0 0 0 0 0 0]
[1843182248791682144958107732432559170753502200827708575586057500288145463218199540594080218192398669954317189582628658642268010676883253866162312219829817898044311026164774125315785817917555074629001551641811201974139193246167833364676861155917558909797141006043786184102515227629157162943432422500066 0 0 0 0 0 0 0 0 0 0 0 0 0 0 1 0 0 0 0 0 0 0 0 0 0 0 0 0 0 0 0 0 0 0 0 0 0 0 0 0 0 0 0 0 0 0 0 0 0 0 0 0 0 0 0 0 0 0 0 0 0 0 0 0 0 0 0 0 0 0 0 0 0 0 0 0 0 0 0 0 0 0 0 0 0 0 0 0 0 0 0 0 0 0 0 0 0 0 0]
[917975781401452357267199919092191278849585338863141141744894304251151636239978729597252478814480811759799278471742739053651673060022779429124268566976040457621442592906669278489610736010400484649732419336302052040099350125501242549744881624401932806134603611187072637554488803207778836533784102477882 0 0 0 0 0 0 0 0 0 0 0 0 0 0 0 1 0 0 0 0 0 0 0 0 0 0 0 0 0 0 0 0 0 0 0 0 0 0 0 0 0 0 0 0 0 0 0 0 0 0 0 0 0 0 0 0 0 0 0 0 0 0 0 0 0 0 0 0 0 0 0 0 0 0 0 0 0 0 0 0 0 0 0 0 0 0 0 0 0 0 0 0 0 0 0 0 0 0 0]
[556452724426167571192401334908560311244723203783477942656585307804161718016749867811766902959636101096867822127193717559798077229357561407329665063349407550711381547357681156356242746781050727405931049770800866016991039316020940533076786709670731035842974380745326152856437036343027168535309974157402 0 0 0 0 0 0 0 0 0 0 0 0 0 0 0 0 1 0 0 0 0 0 0 0 0 0 0 0 0 0 0 0 0 0 0 0 0 0 0 0 0 0 0 0 0 0 0 0 0 0 0 0 0 0 0 0 0 0 0 0 0 0 0 0 0 0 0 0 0 0 0 0 0 0 0 0 0 0 0 0 0 0 0 0 0 0 0 0 0 0 0 0 0 0 0 0 0 0 0]
[4416010076864156259392115841061186053808771708139118340425594611000212732036629483743125922168643186829767170116315424089369573782336973180508796093157957889063464484380590267638616229211647312428654276028172957709213413063647272300449061745672588410227628847514381878623133313413320871161476864148005 0 0 0 0 0 0 0 0 0 0 0 0 0 0 0 0 0 1 0 0 0 0 0 0 0 0 0 0 0 0 0 0 0 0 0 0 0 0 0 0 0 0 0 0 0 0 0 0 0 0 0 0 0 0 0 0 0 0 0 0 0 0 0 0 0 0 0 0 0 0 0 0 0 0 0 0 0 0 0 0 0 0 0 0 0 0 0 0 0 0 0 0 0 0 0 0 0 0 0]
[1997407086370158436337612873853061100057246086685569463923711200857075799021169810421878174121261832528311020269918188482213252008347877237906172608594969768173735224968909272041983039612857654721098934894903034694174902488628289446730175475095057582158411471210140354664627485792905117810216420195424 0 0 0 0 0 0 0 0 0 0 0 0 0 0 0 0 0 0 1 0 0 0 0 0 0 0 0 0 0 0 0 0 0 0 0 0 0 0 0 0 0 0 0 0 0 0 0 0 0 0 0 0 0 0 0 0 0 0 0 0 0 0 0 0 0 0 0 0 0 0 0 0 0 0 0 0 0 0 0 0 0 0 0 0 0 0 0 0 0 0 0 0 0 0 0 0 0 0 0]
[8298971741037243239892774863220531319156669732071141363421566549922158872322079235102836697355695967026981217543436930018979097534082918804891863222871942991592625712256057005032359872718520038120829931180485712850263016222874632160194362412647291723801047506226339518747669391351428277176715143018758 0 0 0 0 0 0 0 0 0 0 0 0 0 0 0 0 0 0 0 1 0 0 0 0 0 0 0 0 0 0 0 0 0 0 0 0 0 0 0 0 0 0 0 0 0 0 0 0 0 0 0 0 0 0 0 0 0 0 0 0 0 0 0 0 0 0 0 0 0 0 0 0 0 0 0 0 0 0 0 0 0 0 0 0 0 0 0 0 0 0 0 0 0 0 0 0 0 0 0]
[5056499237266144981065582903485746937472852297716887289968903697939496825074647808694472194079898105263057976134361771757269821385902907003498155960011648006804558005720965700940318117377935396021384751616341193387020170930780537866900581040728744426304959058440833906332479716541083322135234041862668 0 0 0 0 0 0 0 0 0 0 0 0 0 0 0 0 0 0 0 0 1 0 0 0 0 0 0 0 0 0 0 0 0 0 0 0 0 0 0 0 0 0 0 0 0 0 0 0 0 0 0 0 0 0 0 0 0 0 0 0 0 0 0 0 0 0 0 0 0 0 0 0 0 0 0 0 0 0 0 0 0 0 0 0 0 0 0 0 0 0 0 0 0 0 0 0 0 0 0]
[1726685663150271919177774615941162662672292015133985048029462005304014079628055791135552635635079837920941443438397767538840140900425424437406609067822157301927154994788495877617458842646018562693991258644867488403509267880526351472013277264658901360137502882149411828233647477207144728541373414590643 0 0 0 0 0 0 0 0 0 0 0 0 0 0 0 0 0 0 0 0 0 1 0 0 0 0 0 0 0 0 0 0 0 0 0 0 0 0 0 0 0 0 0 0 0 0 0 0 0 0 0 0 0 0 0 0 0 0 0 0 0 0 0 0 0 0 0 0 0 0 0 0 0 0 0 0 0 0 0 0 0 0 0 0 0 0 0 0 0 0 0 0 0 0 0 0 0 0 0]
[2262122218475827105411060101580691746968254050124686773204132383936236312431216069375474957163547447890859404946339506835989723963127272908316285798827151443786754170459773736608989092795791720269293998138495135426348568791439662586642222602982582275251406018401805826298961542707341176689049251326207 0 0 0 0 0 0 0 0 0 0 0 0 0 0 0 0 0 0 0 0 0 0 1 0 0 0 0 0 0 0 0 0 0 0 0 0 0 0 0 0 0 0 0 0 0 0 0 0 0 0 0 0 0 0 0 0 0 0 0 0 0 0 0 0 0 0 0 0 0 0 0 0 0 0 0 0 0 0 0 0 0 0 0 0 0 0 0 0 0 0 0 0 0 0 0 0 0 0 0]
[1882409075616493522089737602945519390593457241180194989309298608491190298997744662094747887330749490909857194581772945880225131702465680660732450437000608280637194744251079920452509103127011126453837619281321735409641264795935635014612181300872737225586782758750984779054034132235896936957825148435290 0 0 0 0 0 0 0 0 0 0 0 0 0 0 0 0 0 0 0 0 0 0 0 1 0 0 0 0 0 0 0 0 0 0 0 0 0 0 0 0 0 0 0 0 0 0 0 0 0 0 0 0 0 0 0 0 0 0 0 0 0 0 0 0 0 0 0 0 0 0 0 0 0 0 0 0 0 0 0 0 0 0 0 0 0 0 0 0 0 0 0 0 0 0 0 0 0 0 0]
[7482884276664505200590252878711749830134763846049488839821628807572170834847053795158011922587587914157615688078337233742590364559550872736871399862062561246901657559236572911253298628333269417790961202277255151638088817407987614374760421117275151015203817466776478699580328670804556953545543594812629 0 0 0 0 0 0 0 0 0 0 0 0 0 0 0 0 0 0 0 0 0 0 0 0 1 0 0 0 0 0 0 0 0 0 0 0 0 0 0 0 0 0 0 0 0 0 0 0 0 0 0 0 0 0 0 0 0 0 0 0 0 0 0 0 0 0 0 0 0 0 0 0 0 0 0 0 0 0 0 0 0 0 0 0 0 0 0 0 0 0 0 0 0 0 0 0 0 0 0]
[7332955642857455345549210421664302983104473619576767795698021319704795034400328776407079436911206892483133128507383017157473403605321536582584789675165607283825484996429959302349123946063876500330450584079477363540791830834115054815595421321133188853702750102712840735263781739862167178065302865873806 0 0 0 0 0 0 0 0 0 0 0 0 0 0 0 0 0 0 0 0 0 0 0 0 0 1 0 0 0 0 0 0 0 0 0 0 0 0 0 0 0 0 0 0 0 0 0 0 0 0 0 0 0 0 0 0 0 0 0 0 0 0 0 0 0 0 0 0 0 0 0 0 0 0 0 0 0 0 0 0 0 0 0 0 0 0 0 0 0 0 0 0 0 0 0 0 0 0 0]
[612222872342291192454059671326487525080799542472154692231716860199853458540322257069615291869181563975657182780524672276587875979476026709150544105645686447783761034141062284783284519348775144949210702091814015169533458733255636802891011897651083585031198545069241993659742510240550669688484499702968 0 0 0 0 0 0 0 0 0 0 0 0 0 0 0 0 0 0 0 0 0 0 0 0 0 0 1 0 0 0 0 0 0 0 0 0 0 0 0 0 0 0 0 0 0 0 0 0 0 0 0 0 0 0 0 0 0 0 0 0 0 0 0 0 0 0 0 0 0 0 0 0 0 0 0 0 0 0 0 0 0 0 0 0 0 0 0 0 0 0 0 0 0 0 0 0 0 0 0]
[6670822188922880968221404737371396015821209177374283661126896181700897325408396867293651988311568205983905333570195079434170958581794859069095673172314218991121522094515291888901448237643206658506882545688094098435960134097135646731724728017996210558653447829075948696090279330873401772806204286941756 0 0 0 0 0 0 0 0 0 0 0 0 0 0 0 0 0 0 0 0 0 0 0 0 0 0 0 1 0 0 0 0 0 0 0 0 0 0 0 0 0 0 0 0 0 0 0 0 0 0 0 0 0 0 0 0 0 0 0 0 0 0 0 0 0 0 0 0 0 0 0 0 0 0 0 0 0 0 0 0 0 0 0 0 0 0 0 0 0 0 0 0 0 0 0 0 0 0 0]
[4431656964071639487888296903755658446821037012972312628120806973282619120795581643015597802693865538535941420009460858581833030291681633127051996506131817605539523980885772847148558958629543816221007129579568320969048480718093799066958749309369335221812419601114035157085754969060904389973476796892365 0 0 0 0 0 0 0 0 0 0 0 0 0 0 0 0 0 0 0 0 0 0 0 0 0 0 0 0 1 0 0 0 0 0 0 0 0 0 0 0 0 0 0 0 0 0 0 0 0 0 0 0 0 0 0 0 0 0 0 0 0 0 0 0 0 0 0 0 0 0 0 0 0 0 0 0 0 0 0 0 0 0 0 0 0 0 0 0 0 0 0 0 0 0 0 0 0 0 0]
[6536359227255261064358278091410601774618629873162707425552706344001823079754740980804401971269669778993455421249569106772700926229440631063841299361844850211100182198164533605556582635040477110750285394684311078496146585218513000335978575774672439714574089844489647957388517715245134364331634264933014 0 0 0 0 0 0 0 0 0 0 0 0 0 0 0 0 0 0 0 0 0 0 0 0 0 0 0 0 0 1 0 0 0 0 0 0 0 0 0 0 0 0 0 0 0 0 0 0 0 0 0 0 0 0 0 0 0 0 0 0 0 0 0 0 0 0 0 0 0 0 0 0 0 0 0 0 0 0 0 0 0 0 0 0 0 0 0 0 0 0 0 0 0 0 0 0 0 0 0]
[6111074084310167349736760465867955116133522991746884753356586692402210713385954726368899648763182623610439378592905604568811982724905429724890718964934191905237741092084691463059318055314388687042547200304388754238812506514417295110354573577258026948676405171932792917480560157343407352185337536923061 0 0 0 0 0 0 0 0 0 0 0 0 0 0 0 0 0 0 0 0 0 0 0 0 0 0 0 0 0 0 1 0 0 0 0 0 0 0 0 0 0 0 0 0 0 0 0 0 0 0 0 0 0 0 0 0 0 0 0 0 0 0 0 0 0 0 0 0 0 0 0 0 0 0 0 0 0 0 0 0 0 0 0 0 0 0 0 0 0 0 0 0 0 0 0 0 0 0 0]
[7503329050459157065045668906688351213922315642929960941288933111019569499583750550328907267559131555101894803181896065053834695689666624018417166334095797043068686206452804994287937775558304705818715619508111241250171222075952102408447619848274606742406326404570796650224934037797110075698901412737520 0 0 0 0 0 0 0 0 0 0 0 0 0 0 0 0 0 0 0 0 0 0 0 0 0 0 0 0 0 0 0 1 0 0 0 0 0 0 0 0 0 0 0 0 0 0 0 0 0 0 0 0 0 0 0 0 0 0 0 0 0 0 0 0 0 0 0 0 0 0 0 0 0 0 0 0 0 0 0 0 0 0 0 0 0 0 0 0 0 0 0 0 0 0 0 0 0 0 0]
[2811869285968884529136590431808918115144757898427399728673720831199481558552014518069963076181852691655514039008512665822895399548032258485288741147549846864951039156001899312239578541912481624764944953329379367417936507328691167406781552467952607118491020752150290176888721991136976247291586675439737 0 0 0 0 0 0 0 0 0 0 0 0 0 0 0 0 0 0 0 0 0 0 0 0 0 0 0 0 0 0 0 0 1 0 0 0 0 0 0 0 0 0 0 0 0 0 0 0 0 0 0 0 0 0 0 0 0 0 0 0 0 0 0 0 0 0 0 0 0 0 0 0 0 0 0 0 0 0 0 0 0 0 0 0 0 0 0 0 0 0 0 0 0 0 0 0 0 0 0]
[4824445793828600505012848114112966414638492827746909612207593938712073650184032211419569323591115151575219520671488603427147112659880444113417931246247716289381976148897626204049929360796031734087311750453257300601884137839439149833807070589541083006827784719177965994386761679440091504142828614562292 0 0 0 0 0 0 0 0 0 0 0 0 0 0 0 0 0 0 0 0 0 0 0 0 0 0 0 0 0 0 0 0 0 1 0 0 0 0 0 0 0 0 0 0 0 0 0 0 0 0 0 0 0 0 0 0 0 0 0 0 0 0 0 0 0 0 0 0 0 0 0 0 0 0 0 0 0 0 0 0 0 0 0 0 0 0 0 0 0 0 0 0 0 0 0 0 0 0 0]
[4572418228666208864696982087237376461591364923170840497122982206208602038196396425115278935302234243968791661668586178263616876399302440619928884485773506697868563212393978904827018727362098784991021712043279691673522278277649330921504996137479620442467661779872550064117241631841624918437944503166436 0 0 0 0 0 0 0 0 0 0 0 0 0 0 0 0 0 0 0 0 0 0 0 0 0 0 0 0 0 0 0 0 0 0 1 0 0 0 0 0 0 0 0 0 0 0 0 0 0 0 0 0 0 0 0 0 0 0 0 0 0 0 0 0 0 0 0 0 0 0 0 0 0 0 0 0 0 0 0 0 0 0 0 0 0 0 0 0 0 0 0 0 0 0 0 0 0 0 0]
[5726293385575376125672817095963405681747079054139190885690858551889243085983038420907361465893496112693228672851775909053121762572474906131875636684578727141269691078191189880208790838111253131927124406828217651748130585047185385276812547305018947731744273704195871987307260837439649336422963197704851 0 0 0 0 0 0 0 0 0 0 0 0 0 0 0 0 0 0 0 0 0 0 0 0 0 0 0 0 0 0 0 0 0 0 0 1 0 0 0 0 0 0 0 0 0 0 0 0 0 0 0 0 0 0 0 0 0 0 0 0 0 0 0 0 0 0 0 0 0 0 0 0 0 0 0 0 0 0 0 0 0 0 0 0 0 0 0 0 0 0 0 0 0 0 0 0 0 0 0]
[1312923143788816975840515780556325105293075938476203137790487102850165807503407260266443105857411166946516680483517525583545195894209348236010727729326413403315692339586947109714237856958203906027156864424043629152714296949105562562102600797490674640231541115151926722300259320986091110210074566408081 0 0 0 0 0 0 0 0 0 0 0 0 0 0 0 0 0 0 0 0 0 0 0 0 0 0 0 0 0 0 0 0 0 0 0 0 1 0 0 0 0 0 0 0 0 0 0 0 0 0 0 0 0 0 0 0 0 0 0 0 0 0 0 0 0 0 0 0 0 0 0 0 0 0 0 0 0 0 0 0 0 0 0 0 0 0 0 0 0 0 0 0 0 0 0 0 0 0 0]
[1600087633019824364856100541837537805358798516619214284208152762838165691996260922114602847418531541805418038747386640116080021291186738697827804371550649366971449873385578443928168273736395649148316334960340165397226425884892927345693764973390783721698572743013864318608516364061545396522181348534123 0 0 0 0 0 0 0 0 0 0 0 0 0 0 0 0 0 0 0 0 0 0 0 0 0 0 0 0 0 0 0 0 0 0 0 0 0 1 0 0 0 0 0 0 0 0 0 0 0 0 0 0 0 0 0 0 0 0 0 0 0 0 0 0 0 0 0 0 0 0 0 0 0 0 0 0 0 0 0 0 0 0 0 0 0 0 0 0 0 0 0 0 0 0 0 0 0 0 0]
[785481999540696344208905726929308198203129138812355672897511403407733340556134476369334977896115304209471534841010397750357185542483600543979507583330685569139851176635306397523453091084467939042157864273162961214430270161721433147283325647273556870001236241603119449556853046390551944355719174692038 0 0 0 0 0 0 0 0 0 0 0 0 0 0 0 0 0 0 0 0 0 0 0 0 0 0 0 0 0 0 0 0 0 0 0 0 0 0 1 0 0 0 0 0 0 0 0 0 0 0 0 0 0 0 0 0 0 0 0 0 0 0 0 0 0 0 0 0 0 0 0 0 0 0 0 0 0 0 0 0 0 0 0 0 0 0 0 0 0 0 0 0 0 0 0 0 0 0 0]
[4330822478593306703712878126684401142597388604299024156708071693212110424325262211427876155625151914553723187573872924196735965965104060849493528252041944782158250248307481133816368436404119446855168838472832305614281280472481673178393828830109972085657247955062929206037897692607531145535990987894759 0 0 0 0 0 0 0 0 0 0 0 0 0 0 0 0 0 0 0 0 0 0 0 0 0 0 0 0 0 0 0 0 0 0 0 0 0 0 0 1 0 0 0 0 0 0 0 0 0 0 0 0 0 0 0 0 0 0 0 0 0 0 0 0 0 0 0 0 0 0 0 0 0 0 0 0 0 0 0 0 0 0 0 0 0 0 0 0 0 0 0 0 0 0 0 0 0 0 0]
[8356682678240655203749238458023265998014764208858059616762820484490730323371796374714118225980678036302535296938179734783384526754437167099967898163347917667615126966882820184210525625995014368123202619814666068312237196416010506785795802934862335851085515773011449924033876430977893574463000480732495 0 0 0 0 0 0 0 0 0 0 0 0 0 0 0 0 0 0 0 0 0 0 0 0 0 0 0 0 0 0 0 0 0 0 0 0 0 0 0 0 1 0 0 0 0 0 0 0 0 0 0 0 0 0 0 0 0 0 0 0 0 0 0 0 0 0 0 0 0 0 0 0 0 0 0 0 0 0 0 0 0 0 0 0 0 0 0 0 0 0 0 0 0 0 0 0 0 0 0]
[2475211717945082659185630220620674913052188144045760941708991664206237756345517220875203888722849095996026576987935328036661684875204893291022846862295336602035493432332153292532260898995276893376648434545995237969992759000934624150553703040034550898532877898663801342426313930426397615144469345536999 0 0 0 0 0 0 0 0 0 0 0 0 0 0 0 0 0 0 0 0 0 0 0 0 0 0 0 0 0 0 0 0 0 0 0 0 0 0 0 0 0 1 0 0 0 0 0 0 0 0 0 0 0 0 0 0 0 0 0 0 0 0 0 0 0 0 0 0 0 0 0 0 0 0 0 0 0 0 0 0 0 0 0 0 0 0 0 0 0 0 0 0 0 0 0 0 0 0 0]
[3752935241555422737348627619634750870114039945944990520379080232305009581166647853395233026479341445323232787411123862414834105291181276578934571068689821595721248122154615658435319067040347328284294787873178468444746437789658379815006627753764719848619698075247896922314218053234152851548686877689177 0 0 0 0 0 0 0 0 0 0 0 0 0 0 0 0 0 0 0 0 0 0 0 0 0 0 0 0 0 0 0 0 0 0 0 0 0 0 0 0 0 0 1 0 0 0 0 0 0 0 0 0 0 0 0 0 0 0 0 0 0 0 0 0 0 0 0 0 0 0 0 0 0 0 0 0 0 0 0 0 0 0 0 0 0 0 0 0 0 0 0 0 0 0 0 0 0 0 0]
[1666944580008849701134375740208364355369192213388325991372199424386007619057767109279592228854062162758309745034891164846413740882958375981601459933546580826007542678882769514260360178523983296741608729459841435577259730017158106757992390153771701767373129508916584690524073619587437633531955911906814 0 0 0 0 0 0 0 0 0 0 0 0 0 0 0 0 0 0 0 0 0 0 0 0 0 0 0 0 0 0 0 0 0 0 0 0 0 0 0 0 0 0 0 1 0 0 0 0 0 0 0 0 0 0 0 0 0 0 0 0 0 0 0 0 0 0 0 0 0 0 0 0 0 0 0 0 0 0 0 0 0 0 0 0 0 0 0 0 0 0 0 0 0 0 0 0 0 0 0]
[8469806869812960246661291432433966924252637356529264494759771224428757059763938450093229683432767711647511144411345044684276918966105642444402697270216997915736805210326144684736423441146606006833458072105559757962210811765041591194279752426893855023877994441112764657567174465554730488791034656757359 0 0 0 0 0 0 0 0 0 0 0 0 0 0 0 0 0 0 0 0 0 0 0 0 0 0 0 0 0 0 0 0 0 0 0 0 0 0 0 0 0 0 0 0 1 0 0 0 0 0 0 0 0 0 0 0 0 0 0 0 0 0 0 0 0 0 0 0 0 0 0 0 0 0 0 0 0 0 0 0 0 0 0 0 0 0 0 0 0 0 0 0 0 0 0 0 0 0 0]
[2763969850234167254839657866395270392520618625847447109711387698018547155621282502119127173000548821807178081194012686366796535449541150966563567810726025857150261485067378934129520234388719920748893230708889871698049966830347445439745391410322235519269725609221456971928592912042868661914348217777308 0 0 0 0 0 0 0 0 0 0 0 0 0 0 0 0 0 0 0 0 0 0 0 0 0 0 0 0 0 0 0 0 0 0 0 0 0 0 0 0 0 0 0 0 0 1 0 0 0 0 0 0 0 0 0 0 0 0 0 0 0 0 0 0 0 0 0 0 0 0 0 0 0 0 0 0 0 0 0 0 0 0 0 0 0 0 0 0 0 0 0 0 0 0 0 0 0 0 0]
[1606876478573992704812497261788463125311936574915862272925041041520435544133996023334695911209658318768886833227541872294641104608971326217632216675155634200012138607086622720175367714254778339755443641068464993466274645566823202843038371785223405591936216317831681436825570472405005408168064317283517 0 0 0 0 0 0 0 0 0 0 0 0 0 0 0 0 0 0 0 0 0 0 0 0 0 0 0 0 0 0 0 0 0 0 0 0 0 0 0 0 0 0 0 0 0 0 1 0 0 0 0 0 0 0 0 0 0 0 0 0 0 0 0 0 0 0 0 0 0 0 0 0 0 0 0 0 0 0 0 0 0 0 0 0 0 0 0 0 0 0 0 0 0 0 0 0 0 0 0]
[6420507216500585703900923613567667497530627500713874112947189665650710503611757938785727862733049748470854807236290097319031718128026266666602427594865873857343672868269098887279431664062987153649898273586413142339032542303657807844633163489505403735234176299603890617228001337168129304267568059790857 0 0 0 0 0 0 0 0 0 0 0 0 0 0 0 0 0 0 0 0 0 0 0 0 0 0 0 0 0 0 0 0 0 0 0 0 0 0 0 0 0 0 0 0 0 0 0 1 0 0 0 0 0 0 0 0 0 0 0 0 0 0 0 0 0 0 0 0 0 0 0 0 0 0 0 0 0 0 0 0 0 0 0 0 0 0 0 0 0 0 0 0 0 0 0 0 0 0 0]
[8277785652312829864099096858310418006684607896161678273958216540563751875295077476609668870148378243347063851692020313999895487174940317593559812170741114672787400020307994026534399448208822150981338392774811386035615630198039802928716129904818813310386928967283915044334696818733285936080617714845559 0 0 0 0 0 0 0 0 0 0 0 0 0 0 0 0 0 0 0 0 0 0 0 0 0 0 0 0 0 0 0 0 0 0 0 0 0 0 0 0 0 0 0 0 0 0 0 0 1 0 0 0 0 0 0 0 0 0 0 0 0 0 0 0 0 0 0 0 0 0 0 0 0 0 0 0 0 0 0 0 0 0 0 0 0 0 0 0 0 0 0 0 0 0 0 0 0 0 0]
[868576568551621718281349316498671722356140788933938888181108960558432108808429212404302089201795885121013841484483038335817624323163054084126374592679015257922203551761170417316293978850975986341215605776785597004384062669505004526173307742501766261407633524036418249529350546452397884401889421058362 0 0 0 0 0 0 0 0 0 0 0 0 0 0 0 0 0 0 0 0 0 0 0 0 0 0 0 0 0 0 0 0 0 0 0 0 0 0 0 0 0 0 0 0 0 0 0 0 0 1 0 0 0 0 0 0 0 0 0 0 0 0 0 0 0 0 0 0 0 0 0 0 0 0 0 0 0 0 0 0 0 0 0 0 0 0 0 0 0 0 0 0 0 0 0 0 0 0 0]
[3451987144282956853660145788501834796845833202339984994515251607407862768393087655005464744025349418781654619329510118311706085138340811584885781436952495409936069621200790399393231149003180628041558743356323056547644245755950410075563447580847009974503331700405971021298373043959625980033887086458538 0 0 0 0 0 0 0 0 0 0 0 0 0 0 0 0 0 0 0 0 0 0 0 0 0 0 0 0 0 0 0 0 0 0 0 0 0 0 0 0 0 0 0 0 0 0 0 0 0 0 1 0 0 0 0 0 0 0 0 0 0 0 0 0 0 0 0 0 0 0 0 0 0 0 0 0 0 0 0 0 0 0 0 0 0 0 0 0 0 0 0 0 0 0 0 0 0 0 0]
[6953619459504866541722781473393165896541899696256191441492493551419657115883382132809668018745688905544709762803041992483931147399060589250373598226984146281942971062817720750089312988443891450244132938149095117865141948477156116699391379105137744884485997387427196376954684986537949505645756299551812 0 0 0 0 0 0 0 0 0 0 0 0 0 0 0 0 0 0 0 0 0 0 0 0 0 0 0 0 0 0 0 0 0 0 0 0 0 0 0 0 0 0 0 0 0 0 0 0 0 0 0 1 0 0 0 0 0 0 0 0 0 0 0 0 0 0 0 0 0 0 0 0 0 0 0 0 0 0 0 0 0 0 0 0 0 0 0 0 0 0 0 0 0 0 0 0 0 0 0]
[8290332418956992089953752888686903090288574374558257945524993234792956491409222120236158102819322977668174931656683310104572135861830043455810412287635588344965918155445627069138962106242238965174008275804709149175996083479444402020965358482978237036015851224430367124456427974692281076462452939993897 0 0 0 0 0 0 0 0 0 0 0 0 0 0 0 0 0 0 0 0 0 0 0 0 0 0 0 0 0 0 0 0 0 0 0 0 0 0 0 0 0 0 0 0 0 0 0 0 0 0 0 0 1 0 0 0 0 0 0 0 0 0 0 0 0 0 0 0 0 0 0 0 0 0 0 0 0 0 0 0 0 0 0 0 0 0 0 0 0 0 0 0 0 0 0 0 0 0 0]
[3406392945142423150926258643449069508552608408416288726471599387339448124589253827533905883602762244144956633114485828525726030404366672148560626348320804145331866938948810607116958541748045985028543247322431945776717713487760894634838834871522229401790806709683949707104790498469181346904599580189589 0 0 0 0 0 0 0 0 0 0 0 0 0 0 0 0 0 0 0 0 0 0 0 0 0 0 0 0 0 0 0 0 0 0 0 0 0 0 0 0 0 0 0 0 0 0 0 0 0 0 0 0 0 1 0 0 0 0 0 0 0 0 0 0 0 0 0 0 0 0 0 0 0 0 0 0 0 0 0 0 0 0 0 0 0 0 0 0 0 0 0 0 0 0 0 0 0 0 0]
[268263583410090795341530924398324227298954388323487523669162504706134696991985810536412428529521532123118694963660289944470915918958364053024785349259324282986776063080849622655770747663693086345530207367023473626773375951889167096988471072747536648241188131111978650594963377529529101571761482224573 0 0 0 0 0 0 0 0 0 0 0 0 0 0 0 0 0 0 0 0 0 0 0 0 0 0 0 0 0 0 0 0 0 0 0 0 0 0 0 0 0 0 0 0 0 0 0 0 0 0 0 0 0 0 1 0 0 0 0 0 0 0 0 0 0 0 0 0 0 0 0 0 0 0 0 0 0 0 0 0 0 0 0 0 0 0 0 0 0 0 0 0 0 0 0 0 0 0 0]
[5017739670943794433826125969604591529760383529257096024904105214406012792415190322447837922938870058253645726398491717849293678724367003553901589589047076638001378594242176516915177002820923179553549240828160278601270746101838767285960802167529853676626494159024009019172476450738542540409737423966287 0 0 0 0 0 0 0 0 0 0 0 0 0 0 0 0 0 0 0 0 0 0 0 0 0 0 0 0 0 0 0 0 0 0 0 0 0 0 0 0 0 0 0 0 0 0 0 0 0 0 0 0 0 0 0 1 0 0 0 0 0 0 0 0 0 0 0 0 0 0 0 0 0 0 0 0 0 0 0 0 0 0 0 0 0 0 0 0 0 0 0 0 0 0 0 0 0 0 0]
[8453930361003771610219664365613989238945341506083946412824542820686997170518369393196149439173943100611012763940098677802801472094923922788873050505833582127773669855800435404759024200522509511675231898742087255989131176751514424325023051226530999956347687891678982874751470874366135413339585769357630 0 0 0 0 0 0 0 0 0 0 0 0 0 0 0 0 0 0 0 0 0 0 0 0 0 0 0 0 0 0 0 0 0 0 0 0 0 0 0 0 0 0 0 0 0 0 0 0 0 0 0 0 0 0 0 0 1 0 0 0 0 0 0 0 0 0 0 0 0 0 0 0 0 0 0 0 0 0 0 0 0 0 0 0 0 0 0 0 0 0 0 0 0 0 0 0 0 0 0]
[7089671675331880134742995795317292264350726746344671555906250525613446927133480229343506680940740197180032951160268526379592339941344867623234405045095080595033647344739116099188554573407168850042258075748518090646257665808679609984252341951603381296293877456750918476436689796781553036350694323320718 0 0 0 0 0 0 0 0 0 0 0 0 0 0 0 0 0 0 0 0 0 0 0 0 0 0 0 0 0 0 0 0 0 0 0 0 0 0 0 0 0 0 0 0 0 0 0 0 0 0 0 0 0 0 0 0 0 1 0 0 0 0 0 0 0 0 0 0 0 0 0 0 0 0 0 0 0 0 0 0 0 0 0 0 0 0 0 0 0 0 0 0 0 0 0 0 0 0 0]
[4287016265170475372581840973869750465128986719704184960447598737490100639040009806534397688041922782436684880157471769872884807886498978712249955634024236499327535618201747522748497641150771360203575740237216612531057363373756780596663222239508015992680988451044248657886789147502168554923270803730099 0 0 0 0 0 0 0 0 0 0 0 0 0 0 0 0 0 0 0 0 0 0 0 0 0 0 0 0 0 0 0 0 0 0 0 0 0 0 0 0 0 0 0 0 0 0 0 0 0 0 0 0 0 0 0 0 0 0 1 0 0 0 0 0 0 0 0 0 0 0 0 0 0 0 0 0 0 0 0 0 0 0 0 0 0 0 0 0 0 0 0 0 0 0 0 0 0 0 0]
[1996129720976711906457690423907678675336057209696302985834177692909047972111299626237754023863837039252198957719484600299084358945626575244445069342624203530978456497764212035785982613548329724569823411336645061749821627270308556428771111718239244517330885215956303384291276407350155561434840782370113 0 0 0 0 0 0 0 0 0 0 0 0 0 0 0 0 0 0 0 0 0 0 0 0 0 0 0 0 0 0 0 0 0 0 0 0 0 0 0 0 0 0 0 0 0 0 0 0 0 0 0 0 0 0 0 0 0 0 0 1 0 0 0 0 0 0 0 0 0 0 0 0 0 0 0 0 0 0 0 0 0 0 0 0 0 0 0 0 0 0 0 0 0 0 0 0 0 0 0]
[983116546943582773373035511410842374364163449793918374978227132403954581271354713648647035203959567190514416737141488929904964469160989666221387370933320949775972808417123377410328184548852771086680514824299635780492878307845266377909322950273174659939225595763735984881911907029320787096414206548967 0 0 0 0 0 0 0 0 0 0 0 0 0 0 0 0 0 0 0 0 0 0 0 0 0 0 0 0 0 0 0 0 0 0 0 0 0 0 0 0 0 0 0 0 0 0 0 0 0 0 0 0 0 0 0 0 0 0 0 0 1 0 0 0 0 0 0 0 0 0 0 0 0 0 0 0 0 0 0 0 0 0 0 0 0 0 0 0 0 0 0 0 0 0 0 0 0 0 0]
[5980252250587452310842117941152440552204391709856398830534274184629945606767702431134698464566760713533246133399618666819467770313475268465152243439661317777326803181023352607489523847400970162993443497967651360740403765395852471456136327023358875393788754285246992997166209251795394265024734864312827 0 0 0 0 0 0 0 0 0 0 0 0 0 0 0 0 0 0 0 0 0 0 0 0 0 0 0 0 0 0 0 0 0 0 0 0 0 0 0 0 0 0 0 0 0 0 0 0 0 0 0 0 0 0 0 0 0 0 0 0 0 1 0 0 0 0 0 0 0 0 0 0 0 0 0 0 0 0 0 0 0 0 0 0 0 0 0 0 0 0 0 0 0 0 0 0 0 0 0]
[8442600615220070644816264218589344327717659419689214629564602623247659183005699902135927291253888282320139103661404795324559793237785881289913391499943945472142011851057438355415429793038645171899377440620321798922160270215660903333169313648623516105259372559824503818831513260899821272957145604670088 0 0 0 0 0 0 0 0 0 0 0 0 0 0 0 0 0 0 0 0 0 0 0 0 0 0 0 0 0 0 0 0 0 0 0 0 0 0 0 0 0 0 0 0 0 0 0 0 0 0 0 0 0 0 0 0 0 0 0 0 0 0 1 0 0 0 0 0 0 0 0 0 0 0 0 0 0 0 0 0 0 0 0 0 0 0 0 0 0 0 0 0 0 0 0 0 0 0 0]
[1787601804670174417530443857865719191786598638406623942300468602848624705389792348768333386834331813691942116650182932411606212515221235533913189000005740964897078743486480822242075287621072699770161711158709778722082155539131976094504715187146821212270088603428160582023095620483294727652825266498884 0 0 0 0 0 0 0 0 0 0 0 0 0 0 0 0 0 0 0 0 0 0 0 0 0 0 0 0 0 0 0 0 0 0 0 0 0 0 0 0 0 0 0 0 0 0 0 0 0 0 0 0 0 0 0 0 0 0 0 0 0 0 0 1 0 0 0 0 0 0 0 0 0 0 0 0 0 0 0 0 0 0 0 0 0 0 0 0 0 0 0 0 0 0 0 0 0 0 0]
[2761836596912089535015296370461690330354488909491463648118774321636295926613807187807769256935125112786060966686583498987222624300388964046521454059128137171984979151601578168540362234053942730179345016756511466624003385485067077747756188446355754214417400140617994109844560542357378871640070407897096 0 0 0 0 0 0 0 0 0 0 0 0 0 0 0 0 0 0 0 0 0 0 0 0 0 0 0 0 0 0 0 0 0 0 0 0 0 0 0 0 0 0 0 0 0 0 0 0 0 0 0 0 0 0 0 0 0 0 0 0 0 0 0 0 1 0 0 0 0 0 0 0 0 0 0 0 0 0 0 0 0 0 0 0 0 0 0 0 0 0 0 0 0 0 0 0 0 0 0]
[2980885842900012249250759310044961053675230388174557774411156826035665900186301790763767458453953043694254767117620745182957293134091355234253890308057605889707523184814430575369499978034659269420057222402523531117555625875061891608373889923999717653572156183434167075327870588222889777639500566090485 0 0 0 0 0 0 0 0 0 0 0 0 0 0 0 0 0 0 0 0 0 0 0 0 0 0 0 0 0 0 0 0 0 0 0 0 0 0 0 0 0 0 0 0 0 0 0 0 0 0 0 0 0 0 0 0 0 0 0 0 0 0 0 0 0 1 0 0 0 0 0 0 0 0 0 0 0 0 0 0 0 0 0 0 0 0 0 0 0 0 0 0 0 0 0 0 0 0 0]
[527363318094241211573320712754555099782841670905543711284027792064847747246784146476125437348835712100825316093633157609069954921470309515491065291706108033378651838581879855243979524576255822250194988594207488002770199746149476442412557229267803997424884812361068942224455057171421595722550004895328 0 0 0 0 0 0 0 0 0 0 0 0 0 0 0 0 0 0 0 0 0 0 0 0 0 0 0 0 0 0 0 0 0 0 0 0 0 0 0 0 0 0 0 0 0 0 0 0 0 0 0 0 0 0 0 0 0 0 0 0 0 0 0 0 0 0 1 0 0 0 0 0 0 0 0 0 0 0 0 0 0 0 0 0 0 0 0 0 0 0 0 0 0 0 0 0 0 0 0]
[5702044320641782898948072622288293364976773594283951340923733761654570771654747122147666867268531230243964554382389424658193680332833143203522497193637740285825028922549623109407988294441533911785029862203841454284000280053361300103719565262544706596876614815086693105134716201326676809602074002140280 0 0 0 0 0 0 0 0 0 0 0 0 0 0 0 0 0 0 0 0 0 0 0 0 0 0 0 0 0 0 0 0 0 0 0 0 0 0 0 0 0 0 0 0 0 0 0 0 0 0 0 0 0 0 0 0 0 0 0 0 0 0 0 0 0 0 0 1 0 0 0 0 0 0 0 0 0 0 0 0 0 0 0 0 0 0 0 0 0 0 0 0 0 0 0 0 0 0 0]
[2678629050041488399219210636905815073496360840196100203032307113443907593833706178557557844532746506368514623666101722035127827196053507356681643350298133317061259736052216706382363603463131609434361242284757179307500318122362286327864471165176144808508751953849526034257029407675861291407291711573929 0 0 0 0 0 0 0 0 0 0 0 0 0 0 0 0 0 0 0 0 0 0 0 0 0 0 0 0 0 0 0 0 0 0 0 0 0 0 0 0 0 0 0 0 0 0 0 0 0 0 0 0 0 0 0 0 0 0 0 0 0 0 0 0 0 0 0 0 1 0 0 0 0 0 0 0 0 0 0 0 0 0 0 0 0 0 0 0 0 0 0 0 0 0 0 0 0 0 0]
[2824640895849048216515139963514573577051990498228133817975342602061363886057302667709465473558136086982637865608905346324775163025198645339337408467480983878450342496330169538754551538960584780123433172025013558326674484480423281961001591315785454498599120589401746182231836582912092024782123963886357 0 0 0 0 0 0 0 0 0 0 0 0 0 0 0 0 0 0 0 0 0 0 0 0 0 0 0 0 0 0 0 0 0 0 0 0 0 0 0 0 0 0 0 0 0 0 0 0 0 0 0 0 0 0 0 0 0 0 0 0 0 0 0 0 0 0 0 0 0 1 0 0 0 0 0 0 0 0 0 0 0 0 0 0 0 0 0 0 0 0 0 0 0 0 0 0 0 0 0]
[7169306381965006850084566892412985772114234298061246431067919520004086305395602351506331054396189849745692608516150215881986530987308985030127968718914766431738277299580545974467746043520166173272115222980755048469808924320883218807984957908518020898598427388870343732395983111861628182793289876951788 0 0 0 0 0 0 0 0 0 0 0 0 0 0 0 0 0 0 0 0 0 0 0 0 0 0 0 0 0 0 0 0 0 0 0 0 0 0 0 0 0 0 0 0 0 0 0 0 0 0 0 0 0 0 0 0 0 0 0 0 0 0 0 0 0 0 0 0 0 0 1 0 0 0 0 0 0 0 0 0 0 0 0 0 0 0 0 0 0 0 0 0 0 0 0 0 0 0 0]
[3039535481271588382884947188387855550834463646414790464261267864506711051359436031275617162725291356113862859057373445352389918749252769460878558051305758733689292799145511101999934864865092726647148885767529514073103025100251320373606958474913159459823476859943881104085356037239674416938267200045899 0 0 0 0 0 0 0 0 0 0 0 0 0 0 0 0 0 0 0 0 0 0 0 0 0 0 0 0 0 0 0 0 0 0 0 0 0 0 0 0 0 0 0 0 0 0 0 0 0 0 0 0 0 0 0 0 0 0 0 0 0 0 0 0 0 0 0 0 0 0 0 1 0 0 0 0 0 0 0 0 0 0 0 0 0 0 0 0 0 0 0 0 0 0 0 0 0 0 0]
[6514151212737139012332719183056502130179575939471578676972641859438836089637493276607477040768884285597548753916221677938504477375663767940256384062216039905939647011182486889602861283805841316734393093712173773371237054652763776597799687587582938189144979073392235634454795721895835459162393126065429 0 0 0 0 0 0 0 0 0 0 0 0 0 0 0 0 0 0 0 0 0 0 0 0 0 0 0 0 0 0 0 0 0 0 0 0 0 0 0 0 0 0 0 0 0 0 0 0 0 0 0 0 0 0 0 0 0 0 0 0 0 0 0 0 0 0 0 0 0 0 0 0 1 0 0 0 0 0 0 0 0 0 0 0 0 0 0 0 0 0 0 0 0 0 0 0 0 0 0]
[3488017746955418119144145965268420166966954645876613696621001113725423142404501908885559886449673268640646199508692385850416012083208376095370217630215348897688482231692161597378214446406485807736454507259497589583934453531559945418391181833979447234095394020866061297156885538559133474052044432237963 0 0 0 0 0 0 0 0 0 0 0 0 0 0 0 0 0 0 0 0 0 0 0 0 0 0 0 0 0 0 0 0 0 0 0 0 0 0 0 0 0 0 0 0 0 0 0 0 0 0 0 0 0 0 0 0 0 0 0 0 0 0 0 0 0 0 0 0 0 0 0 0 0 1 0 0 0 0 0 0 0 0 0 0 0 0 0 0 0 0 0 0 0 0 0 0 0 0 0]
[5688766283677715754409284105336311506935730347641681689288992195194903007195775477369997605074008963484851268274108141819306402101137546591548148329332769442774918900418257351682120227051659768239123466903371361241552237940022386295277955588794908465138350973134712560755887348757736833204977823262659 0 0 0 0 0 0 0 0 0 0 0 0 0 0 0 0 0 0 0 0 0 0 0 0 0 0 0 0 0 0 0 0 0 0 0 0 0 0 0 0 0 0 0 0 0 0 0 0 0 0 0 0 0 0 0 0 0 0 0 0 0 0 0 0 0 0 0 0 0 0 0 0 0 0 1 0 0 0 0 0 0 0 0 0 0 0 0 0 0 0 0 0 0 0 0 0 0 0 0]
[8434957073263185806866470541232569062425934343379430493660130235861394255202147141896422528918784779102426048426707121552743681804993842470956517824501262823678378337547241323525447281275445479563374560532697861419667007176345665359950721163268173660045607577529016582651005052722683751757415267478377 0 0 0 0 0 0 0 0 0 0 0 0 0 0 0 0 0 0 0 0 0 0 0 0 0 0 0 0 0 0 0 0 0 0 0 0 0 0 0 0 0 0 0 0 0 0 0 0 0 0 0 0 0 0 0 0 0 0 0 0 0 0 0 0 0 0 0 0 0 0 0 0 0 0 0 1 0 0 0 0 0 0 0 0 0 0 0 0 0 0 0 0 0 0 0 0 0 0 0]
[7752958577042875035585848614060329215533054516028189773841072232712833274189314968574776274206111906236622058815691682352304640412583206199808088396578155310378376209595897296891857174739996604851789291288108442262536858519908439473868269778212849640804187813233806526260968542038072461711437238201559 0 0 0 0 0 0 0 0 0 0 0 0 0 0 0 0 0 0 0 0 0 0 0 0 0 0 0 0 0 0 0 0 0 0 0 0 0 0 0 0 0 0 0 0 0 0 0 0 0 0 0 0 0 0 0 0 0 0 0 0 0 0 0 0 0 0 0 0 0 0 0 0 0 0 0 0 1 0 0 0 0 0 0 0 0 0 0 0 0 0 0 0 0 0 0 0 0 0 0]
[3211128417234938258561044993361969036117507692209754532776929944224292947420598452402480146284085126790048679493589023693592542793970897928898823486442367750920753646060162051164749162735743451051496650163305497111605406591921313237531280360864407666148292705162135948161295950215605081863205584822858 0 0 0 0 0 0 0 0 0 0 0 0 0 0 0 0 0 0 0 0 0 0 0 0 0 0 0 0 0 0 0 0 0 0 0 0 0 0 0 0 0 0 0 0 0 0 0 0 0 0 0 0 0 0 0 0 0 0 0 0 0 0 0 0 0 0 0 0 0 0 0 0 0 0 0 0 0 1 0 0 0 0 0 0 0 0 0 0 0 0 0 0 0 0 0 0 0 0 0]
[1898846612869838138313687527568759883060618242723212872959864478194356241583153621669563833202159455357653651485893227192282666298550164531198910353204499520137134437432024520220808845634256614358337415405450904303258764533343309758290457557698425419307641260898144494441505915006614884923656914376139 0 0 0 0 0 0 0 0 0 0 0 0 0 0 0 0 0 0 0 0 0 0 0 0 0 0 0 0 0 0 0 0 0 0 0 0 0 0 0 0 0 0 0 0 0 0 0 0 0 0 0 0 0 0 0 0 0 0 0 0 0 0 0 0 0 0 0 0 0 0 0 0 0 0 0 0 0 0 1 0 0 0 0 0 0 0 0 0 0 0 0 0 0 0 0 0 0 0 0]
[8426236859640955815098088658613662165589993917303783942162429522209627167148728321782748237579758342510094492296562024727352967739600897503722475540487647550033527427154136784958496103927520079504428901424122582349857894478680580351297520353896358742950022038882073281904210219159465318054668922525326 0 0 0 0 0 0 0 0 0 0 0 0 0 0 0 0 0 0 0 0 0 0 0 0 0 0 0 0 0 0 0 0 0 0 0 0 0 0 0 0 0 0 0 0 0 0 0 0 0 0 0 0 0 0 0 0 0 0 0 0 0 0 0 0 0 0 0 0 0 0 0 0 0 0 0 0 0 0 0 1 0 0 0 0 0 0 0 0 0 0 0 0 0 0 0 0 0 0 0]
[3015228805906705524187054204106898490053321141720648798781359836952519445115880062839242376368593566073847728579227571535656719751792118042505701360723738964107210107355193798770084033265938870740218372314257706158115629310713186478851463448820408766270486151376119185914815223229991402849916110478582 0 0 0 0 0 0 0 0 0 0 0 0 0 0 0 0 0 0 0 0 0 0 0 0 0 0 0 0 0 0 0 0 0 0 0 0 0 0 0 0 0 0 0 0 0 0 0 0 0 0 0 0 0 0 0 0 0 0 0 0 0 0 0 0 0 0 0 0 0 0 0 0 0 0 0 0 0 0 0 0 1 0 0 0 0 0 0 0 0 0 0 0 0 0 0 0 0 0 0]
[5331201033063524152429611156403366467470729680726495646862660491072769248079522458836758197442907466879160109675837286736085707726163027297086081337950992928462000409920918438696189224549329658284215478527958679984261631030621628959732606128941571010793462020433967516970086948505463877496934425494261 0 0 0 0 0 0 0 0 0 0 0 0 0 0 0 0 0 0 0 0 0 0 0 0 0 0 0 0 0 0 0 0 0 0 0 0 0 0 0 0 0 0 0 0 0 0 0 0 0 0 0 0 0 0 0 0 0 0 0 0 0 0 0 0 0 0 0 0 0 0 0 0 0 0 0 0 0 0 0 0 0 1 0 0 0 0 0 0 0 0 0 0 0 0 0 0 0 0 0]
[696812432553356516623453993049708721236609793677707727198377357759057708208245163328355939824465454261871232304337628815984244294175394037081640220620211283397279714730693735591161649523196218673073711012163696139114844185041848332877148773303455843111514983445378148828298155530128793027405441907199 0 0 0 0 0 0 0 0 0 0 0 0 0 0 0 0 0 0 0 0 0 0 0 0 0 0 0 0 0 0 0 0 0 0 0 0 0 0 0 0 0 0 0 0 0 0 0 0 0 0 0 0 0 0 0 0 0 0 0 0 0 0 0 0 0 0 0 0 0 0 0 0 0 0 0 0 0 0 0 0 0 0 1 0 0 0 0 0 0 0 0 0 0 0 0 0 0 0 0]
[8646479168766499845780238695126090192580242761382645944894786830623965453324304417151061683697213086478644095888500065831299381985374161503896444207182435336185854503207272272167877316558580445444212413944054893814582379434159004261297631920831311643104369846816679918736008020682431186432704963307440 0 0 0 0 0 0 0 0 0 0 0 0 0 0 0 0 0 0 0 0 0 0 0 0 0 0 0 0 0 0 0 0 0 0 0 0 0 0 0 0 0 0 0 0 0 0 0 0 0 0 0 0 0 0 0 0 0 0 0 0 0 0 0 0 0 0 0 0 0 0 0 0 0 0 0 0 0 0 0 0 0 0 0 1 0 0 0 0 0 0 0 0 0 0 0 0 0 0 0]
[7914588069473681624371061103244564586891068623637901256126054883938363266440071447979397128996878419428899487248150397645618838241603973620822993771570587690769699862175328770896604710656472633108346885790488646372631657302145296770495896543935021325033451854762343679467068804290727485563171406049108 0 0 0 0 0 0 0 0 0 0 0 0 0 0 0 0 0 0 0 0 0 0 0 0 0 0 0 0 0 0 0 0 0 0 0 0 0 0 0 0 0 0 0 0 0 0 0 0 0 0 0 0 0 0 0 0 0 0 0 0 0 0 0 0 0 0 0 0 0 0 0 0 0 0 0 0 0 0 0 0 0 0 0 0 1 0 0 0 0 0 0 0 0 0 0 0 0 0 0]
[1775964796483694396754342873020467070371208938346871515982485947448876673582740982577416603389038876410531810329882206518861645382682280470502137081638806526510363193305287159166106050759435892396040095084686405367642924011526897996969459667539576770861772882987705672749741659307094733582526121718150 0 0 0 0 0 0 0 0 0 0 0 0 0 0 0 0 0 0 0 0 0 0 0 0 0 0 0 0 0 0 0 0 0 0 0 0 0 0 0 0 0 0 0 0 0 0 0 0 0 0 0 0 0 0 0 0 0 0 0 0 0 0 0 0 0 0 0 0 0 0 0 0 0 0 0 0 0 0 0 0 0 0 0 0 0 1 0 0 0 0 0 0 0 0 0 0 0 0 0]
[7635480630394906691803441273719050481699726960571567192537753984727940728441635758730325588257008302585310817108867303088178090738123237961405777923628410134827332077708809995476915862891467056298702305626147044008379117020902173346222718274161248519341516673207719438579163258933281450320946112505701 0 0 0 0 0 0 0 0 0 0 0 0 0 0 0 0 0 0 0 0 0 0 0 0 0 0 0 0 0 0 0 0 0 0 0 0 0 0 0 0 0 0 0 0 0 0 0 0 0 0 0 0 0 0 0 0 0 0 0 0 0 0 0 0 0 0 0 0 0 0 0 0 0 0 0 0 0 0 0 0 0 0 0 0 0 0 1 0 0 0 0 0 0 0 0 0 0 0 0]
[5481292790966806861552571418500663962646767492831351244509619539619835620702698134310904960655297970284377594691059991147983785194778459258877528492078670168999051697551225738573708079818014019076227515883476603967127113051954432342484736511974484965240025039281887658767558577990438778856140734795345 0 0 0 0 0 0 0 0 0 0 0 0 0 0 0 0 0 0 0 0 0 0 0 0 0 0 0 0 0 0 0 0 0 0 0 0 0 0 0 0 0 0 0 0 0 0 0 0 0 0 0 0 0 0 0 0 0 0 0 0 0 0 0 0 0 0 0 0 0 0 0 0 0 0 0 0 0 0 0 0 0 0 0 0 0 0 0 1 0 0 0 0 0 0 0 0 0 0 0]
[5405304646444519942164072648653319823235395791116446497458897786995403984815041648745582134474086723535649059878045037869483009268722749555466909973676896300020439933435902846409551877632001800250501299501640003581422922953871040254141382499819919023610879760610270543425926318860833567709998680819820 0 0 0 0 0 0 0 0 0 0 0 0 0 0 0 0 0 0 0 0 0 0 0 0 0 0 0 0 0 0 0 0 0 0 0 0 0 0 0 0 0 0 0 0 0 0 0 0 0 0 0 0 0 0 0 0 0 0 0 0 0 0 0 0 0 0 0 0 0 0 0 0 0 0 0 0 0 0 0 0 0 0 0 0 0 0 0 0 1 0 0 0 0 0 0 0 0 0 0]
[6106622630099295116297444970640195732861637641650190150000246968695315692099798776881963328757588060574391519205484764067166872998758604923970346405542524616135637386023253106743637384576455658277275065331788852259553067162828102607999187246628999756871950506416027940798846363408789822656154620090595 0 0 0 0 0 0 0 0 0 0 0 0 0 0 0 0 0 0 0 0 0 0 0 0 0 0 0 0 0 0 0 0 0 0 0 0 0 0 0 0 0 0 0 0 0 0 0 0 0 0 0 0 0 0 0 0 0 0 0 0 0 0 0 0 0 0 0 0 0 0 0 0 0 0 0 0 0 0 0 0 0 0 0 0 0 0 0 0 0 1 0 0 0 0 0 0 0 0 0]
[2564864367860653436263571065018319482831271101538030783044112143468095009279618252434791444697520536566444600217389799355334243998261691539945627336122460975086436941970476296942779195234981224883636562585833065324669088706234829714077097536138077129698297694677402126765730434189815167380654762448874 0 0 0 0 0 0 0 0 0 0 0 0 0 0 0 0 0 0 0 0 0 0 0 0 0 0 0 0 0 0 0 0 0 0 0 0 0 0 0 0 0 0 0 0 0 0 0 0 0 0 0 0 0 0 0 0 0 0 0 0 0 0 0 0 0 0 0 0 0 0 0 0 0 0 0 0 0 0 0 0 0 0 0 0 0 0 0 0 0 0 1 0 0 0 0 0 0 0 0]
[1958231924094337776002244503736124191862610736991247810742371723571151154723174346173677442721365120133009440752000543076534075191940369377279974518597734780413780592993161965204670008200068086255048651878430200944368317508299949897981813207047749202565122767412766330065483394179052206090706300347326 0 0 0 0 0 0 0 0 0 0 0 0 0 0 0 0 0 0 0 0 0 0 0 0 0 0 0 0 0 0 0 0 0 0 0 0 0 0 0 0 0 0 0 0 0 0 0 0 0 0 0 0 0 0 0 0 0 0 0 0 0 0 0 0 0 0 0 0 0 0 0 0 0 0 0 0 0 0 0 0 0 0 0 0 0 0 0 0 0 0 0 1 0 0 0 0 0 0 0]
[4718840738620532142123514587589402849205626445192267891309358893740099564917353137661422734588477642526917524075673424929647509861285866554362089734896289230814330623758602733404180348062777691756196324858464032154823539571236282123776273044346721922893928567148387480439943742137625313601141598910089 0 0 0 0 0 0 0 0 0 0 0 0 0 0 0 0 0 0 0 0 0 0 0 0 0 0 0 0 0 0 0 0 0 0 0 0 0 0 0 0 0 0 0 0 0 0 0 0 0 0 0 0 0 0 0 0 0 0 0 0 0 0 0 0 0 0 0 0 0 0 0 0 0 0 0 0 0 0 0 0 0 0 0 0 0 0 0 0 0 0 0 0 1 0 0 0 0 0 0]
[4230219328216735159684377033761728220250402396086991675025939968284307229842189626158132024212779052723589982480327759576871346677457166266080136235457536881148828543062486766126254189301805280131885727206108789772103199343662272308220750824421141039524806911357057261884167408042563565304956984899525 0 0 0 0 0 0 0 0 0 0 0 0 0 0 0 0 0 0 0 0 0 0 0 0 0 0 0 0 0 0 0 0 0 0 0 0 0 0 0 0 0 0 0 0 0 0 0 0 0 0 0 0 0 0 0 0 0 0 0 0 0 0 0 0 0 0 0 0 0 0 0 0 0 0 0 0 0 0 0 0 0 0 0 0 0 0 0 0 0 0 0 0 0 1 0 0 0 0 0]
[6923680648756413680432348333003660153937141621882463728706055701260891290525341025966303922531946899015794783323191972560969463554662386954275199109550976528073745143564624093675274566266675882112836291384249839841236232484301461372267714681634249633951688231475077916974364225901077336676654952434646 0 0 0 0 0 0 0 0 0 0 0 0 0 0 0 0 0 0 0 0 0 0 0 0 0 0 0 0 0 0 0 0 0 0 0 0 0 0 0 0 0 0 0 0 0 0 0 0 0 0 0 0 0 0 0 0 0 0 0 0 0 0 0 0 0 0 0 0 0 0 0 0 0 0 0 0 0 0 0 0 0 0 0 0 0 0 0 0 0 0 0 0 0 0 1 0 0 0 0]
[8643613592928238679376516049075592461545261728717911618092217642220345906487496742673852748922563605157368845436956250872371453693083903427897311026012013192213163319213760863422942046185726306448388707903100255717711959540547689305437342469473041719791191423365751799805405562099118356977807315323307 0 0 0 0 0 0 0 0 0 0 0 0 0 0 0 0 0 0 0 0 0 0 0 0 0 0 0 0 0 0 0 0 0 0 0 0 0 0 0 0 0 0 0 0 0 0 0 0 0 0 0 0 0 0 0 0 0 0 0 0 0 0 0 0 0 0 0 0 0 0 0 0 0 0 0 0 0 0 0 0 0 0 0 0 0 0 0 0 0 0 0 0 0 0 0 1 0 0 0]
[7810734441858919558933250286504733193174047409539837866355391072765228435452554998416771600921635433627343292056977954917513979718378309881629228925471888692930391001250622281941363215176433032303040440471848267683455628202283958810817634076811089971762050158954803986597240123222476686775315594420165 0 0 0 0 0 0 0 0 0 0 0 0 0 0 0 0 0 0 0 0 0 0 0 0 0 0 0 0 0 0 0 0 0 0 0 0 0 0 0 0 0 0 0 0 0 0 0 0 0 0 0 0 0 0 0 0 0 0 0 0 0 0 0 0 0 0 0 0 0 0 0 0 0 0 0 0 0 0 0 0 0 0 0 0 0 0 0 0 0 0 0 0 0 0 0 0 1 0 0]
[1411502233735687877653802134695484668369286145734811902443345299697269446144401178725198133829876732420431877706323640705430136418558238941797371813988732369532605590694937683683675586021430955132523725854796638913794405959008110476220669477837200321536668312552217561151251769613532277132166091044346 0 0 0 0 0 0 0 0 0 0 0 0 0 0 0 0 0 0 0 0 0 0 0 0 0 0 0 0 0 0 0 0 0 0 0 0 0 0 0 0 0 0 0 0 0 0 0 0 0 0 0 0 0 0 0 0 0 0 0 0 0 0 0 0 0 0 0 0 0 0 0 0 0 0 0 0 0 0 0 0 0 0 0 0 0 0 0 0 0 0 0 0 0 0 0 0 0 1 0]
[2132194528663270394621626452659847569348956606990843034625342595192277048115487247559490000742881189365513834872976452288253150739066951373827202375156232145253443130062096993048634809509542446650767274957280262279359916851391380349552572616432240456498292899160050401186929749124850808073864714413652 0 0 0 0 0 0 0 0 0 0 0 0 0 0 0 0 0 0 0 0 0 0 0 0 0 0 0 0 0 0 0 0 0 0 0 0 0 0 0 0 0 0 0 0 0 0 0 0 0 0 0 0 0 0 0 0 0 0 0 0 0 0 0 0 0 0 0 0 0 0 0 0 0 0 0 0 0 0 0 0 0 0 0 0 0 0 0 0 0 0 0 0 0 0 0 0 0 0 1]
]
