[[9508631461458955696981927034592047282368417880503106494122195989557575166538914296558085675728788609538774414057483557385618945474142699512851594997314139890518795688040352767008240253510068901703971084309603720654828360723011566305931116356122425343526948603189989360894900173062321186426733401010727 0 0 0 0 0 0 0 0 0 0 0 0 0 0 0 0 0 0 0 0 0 0 0 0 0 0 0 0 0 0 0 0 0 0 0 0 0 0 0 0 0 0 0 0 0 0 0 0 0 0 0 0 0 0 0 0 0 0 0 0 0 0 0 0 0 0 0 0 0 0 0 0 0 0 0 0 0 0 0 0 0 0 0 0 0 0 0 0 0 0 0 0 0 0 0 0 0 0 0]
[6915781442577309310396466928899301835656658761279675953837075715814907599089794983645490496283906129040377589310240550316808711640575417676789810678619961558933102364054085984055697299776753816233726703297258842579385854466257424915677648240859914723237797537670868105900017210228539970058716752720168 1 0 0 0 0 0 0 0 0 0 0 0 0 0 0 0 0 0 0 0 0 0 0 0 0 0 0 0 0 0 0 0 0 0 0 0 0 0 0 0 0 0 0 0 0 0 0 0 0 0 0 0 0 0 0 0 0 0 0 0 0 0 0 0 0 0 0 0 0 0 0 0 0 0 0 0 0 0 0 0 0 0 0 0 0 0 0 0 0 0 0 0 0 0 0 0 0 0 0]
[4943310050075364629226406398974973160906776878395534074778499198460623203224791614573658927836640897915863573073878761561230794794962510533504268745161044009282289206163011993595322380977448905971095202776270498566564955646609249500926613973694358703261385860455037754537992502306749489463850042810004 0 1 0 0 0 0 0 0 0 0 0 0 0 0 0 0 0 0 0 0 0 0 0 0 0 0 0 0 0 0 0 0 0 0 0 0 0 0 0 0 0 0 0 0 0 0 0 0 0 0 0 0 0 0 0 0 0 0 0 0 0 0 0 0 0 0 0 0 0 0 0 0 0 0 0 0 0 0 0 0 0 0 0 0 0 0 0 0 0 0 0 0 0 0 0 0 0 0 0]
[5918595423884734986752980492916494765809195687028549948913110412545856762716618908340485180961579301667413111505748894346351177841691032559583089847788287199291127963625544901589981201729499202596979703619267981713693806313858007458581181308373269022570311971593817798050809119978869104235248882242328 0 0 1 0 0 0 0 0 0 0 0 0 0 0 0 0 0 0 0 0 0 0 0 0 0 0 0 0 0 0 0 0 0 0 0 0 0 0 0 0 0 0 0 0 0 0 0 0 0 0 0 0 0 0 0 0 0 0 0 0 0 0 0 0 0 0 0 0 0 0 0 0 0 0 0 0 0 0 0 0 0 0 0 0 0 0 0 0 0 0 0 0 0 0 0 0 0 0 0]
[581433189234560522462480711950707408667584905044218824864559032987872896851797240146272313917505224682352881647042007118126143228305931249654804465966309760889862711158018067091891790184224554121586012743269143115081266405064365247900853957948390439195294073360138136926943566075606867406193616288879 0 0 0 1 0 0 0 0 0 0 0 0 0 0 0 0 0 0 0 0 0 0 0 0 0 0 0 0 0 0 0 0 0 0 0 0 0 0 0 0 0 0 0 0 0 0 0 0 0 0 0 0 0 0 0 0 0 0 0 0 0 0 0 0 0 0 0 0 0 0 0 0 0 0 0 0 0 0 0 0 0 0 0 0 0 0 0 0 0 0 0 0 0 0 0 0 0 0 0]
[7706650495610642973771980271245117900493424278910259918603984699417910623107026325754253418459322481215617536167024243713448178135844772167909978614730306098753997440450662131833031736143281309156443823797900578453937428074561954275769547731097774755158212292270524071445105272444784983743218147789138 0 0 0 0 1 0 0 0 0 0 0 0 0 0 0 0 0 0 0 0 0 0 0 0 0 0 0 0 0 0 0 0 0 0 0 0 0 0 0 0 0 0 0 0 0 0 0 0 0 0 0 0 0 0 0 0 0 0 0 0 0 0 0 0 0 0 0 0 0 0 0 0 0 0 0 0 0 0 0 0 0 0 0 0 0 0 0 0 0 0 0 0 0 0 0 0 0 0 0]
[7531313065845666026869788681739270939276567069193667376655896539029812904020696236182665558568275188937540531046856929170439212697722105115105609670881167383126122479986028939628643828183752894417264407828586211624061636162476676446814017023251889168033235509616000204018223713762727085897214430227660 0 0 0 0 0 1 0 0 0 0 0 0 0 0 0 0 0 0 0 0 0 0 0 0 0 0 0 0 0 0 0 0 0 0 0 0 0 0 0 0 0 0 0 0 0 0 0 0 0 0 0 0 0 0 0 0 0 0 0 0 0 0 0 0 0 0 0 0 0 0 0 0 0 0 0 0 0 0 0 0 0 0 0 0 0 0 0 0 0 0 0 0 0 0 0 0 0 0 0]
[6960107534242863308954013283063052406715979937566001649765481882330853154199194864299221103903363856040509539378114655766407259063721590196484188257105638661248181890262904937095044576224679582646161729577421510257283603876331685703548506667969472708381895431463041581332245644008405154981494755840444 0 0 0 0 0 0 1 0 0 0 0 0 0 0 0 0 0 0 0 0 0 0 0 0 0 0 0 0 0 0 0 0 0 0 0 0 0 0 0 0 0 0 0 0 0 0 0 0 0 0 0 0 0 0 0 0 0 0 0 0 0 0 0 0 0 0 0 0 0 0 0 0 0 0 0 0 0 0 0 0 0 0 0 0 0 0 0 0 0 0 0 0 0 0 0 0 0 0 0]
[8952913807645533241243491998135357225534605150186343395351644821556281932511063815703633378154271638577380523366452054205800883018065121832763930373718748330943478875727547780464757656989401703042719581717455552785529471390695274814739842370487289926394218497530287433096457019059399285238549800642945 0 0 0 0 0 0 0 1 0 0 0 0 0 0 0 0 0 0 0 0 0 0 0 0 0 0 0 0 0 0 0 0 0 0 0 0 0 0 0 0 0 0 0 0 0 0 0 0 0 0 0 0 0 0 0 0 0 0 0 0 0 0 0 0 0 0 0 0 0 0 0 0 0 0 0 0 0 0 0 0 0 0 0 0 0 0 0 0 0 0 0 0 0 0 0 0 0 0 0]
[7931966792547685732454700075179912717127372682747184460102044430852644310287185133803439819380743573240181643579506124957306276273271230764455207228936534988680014499402302904080722588296292946975720709570370606455148807218275794949558747577841882107212519987032684036565897530339580728444502957175003 0 0 0 0 0 0 0 0 1 0 0 0 0 0 0 0 0 0 0 0 0 0 0 0 0 0 0 0 0 0 0 0 0 0 0 0 0 0 0 0 0 0 0 0 0 0 0 0 0 0 0 0 0 0 0 0 0 0 0 0 0 0 0 0 0 0 0 0 0 0 0 0 0 0 0 0 0 0 0 0 0 0 0 0 0 0 0 0 0 0 0 0 0 0 0 0 0 0 0]
[6507042462520929787772162490924115930123973908933414842081885950926636355465433786055845834563785189220354303223536468127344512844542254263460301839862528306510497821258456666742621569517858072808155825933375000130411661162412673090876319226955044390431367931098912543748906013972413231245066768165801 0 0 0 0 0 0 0 0 0 1 0 0 0 0 0 0 0 0 0 0 0 0 0 0 0 0 0 0 0 0 0 0 0 0 0 0 0 0 0 0 0 0 0 0 0 0 0 0 0 0 0 0 0 0 0 0 0 0 0 0 0 0 0 0 0 0 0 0 0 0 0 0 0 0 0 0 0 0 0 0 0 0 0 0 0 0 0 0 0 0 0 0 0 0 0 0 0 0 0]
[6152856399564707362773269154613279784233876992817547237309302517537288714848583845645959470396812307981649612527185594695889015313476481126423127011895734825541963010663113524386001873322298240670146358625017537531022068884662183858207787956976106494469593705521636843407225430438889279882515861021685 0 0 0 0 0 0 0 0 0 0 1 0 0 0 0 0 0 0 0 0 0 0 0 0 0 0 0 0 0 0 0 0 0 0 0 0 0 0 0 0 0 0 0 0 0 0 0 0 0 0 0 0 0 0 0 0 0 0 0 0 0 0 0 0 0 0 0 0 0 0 0 0 0 0 0 0 0 0 0 0 0 0 0 0 0 0 0 0 0 0 0 0 0 0 0 0 0 0 0]
[3537529370929428815622252302577300592989558305089032488862536139169853080393422812892014634931128670336212904234286557908340516872095419343332014745668327056897512453520740563649322560797927794283644073661385682865827454017090044464887209073800772289510131992304412345175564514826867939612565716546672 0 0 0 0 0 0 0 0 0 0 0 1 0 0 0 0 0 0 0 0 0 0 0 0 0 0 0 0 0 0 0 0 0 0 0 0 0 0 0 0 0 0 0 0 0 0 0 0 0 0 0 0 0 0 0 0 0 0 0 0 0 0 0 0 0 0 0 0 0 0 0 0 0 0 0 0 0 0 0 0 0 0 0 0 0 0 0 0 0 0 0 0 0 0 0 0 0 0 0]
[7673814064414149487929356079573695933583765807178669015939393369454541594760367887687064952069946245784551094041325047481367966195361585493426220916211367955539422587175493688388924343098084990196611718475449881122534808460788680696882091368808089220193248288422419090656898498259506112133692474641325 0 0 0 0 0 0 0 0 0 0 0 0 1 0 0 0 0 0 0 0 0 0 0 0 0 0 0 0 0 0 0 0 0 0 0 0 0 0 0 0 0 0 0 0 0 0 0 0 0 0 0 0 0 0 0 0 0 0 0 0 0 0 0 0 0 0 0 0 0 0 0 0 0 0 0 0 0 0 0 0 0 0 0 0 0 0 0 0 0 0 0 0 0 0 0 0 0 0 0]
[1891533453019314313619468272502649035816319141400514819224931722971013905580913402558915441491078219467127061612426170177164450526192425026069342270974128129718993238715957764475040787491116455879293755443969157149037650943089159612708335840983078023515498831167200413867587151345198982014183534369451 0 0 0 0 0 0 0 0 0 0 0 0 0 1 0 0 0 0 0 0 0 0 0 0 0 0 0 0 0 0 0 0 0 0 0 0 0 0 0 0 0 0 0 0 0 0 0 0 0 0 0 0 0 0 0 0 0 0 0 0 0 0 0 0 0 0 0 0 0 0 0 0 0 0 0 0 0 0 0 0 0 0 0 0 0 0 0 0 0 0 0 0 0 0 0 0 0 0 0]
[9051933284490510169239928473251174847173164540397630795693826536186638335926880814535515914483211066914247519472543447326619744752439691869730917128591813831092866550929019860269416489888188811271712986516168837448324666569503466496824058983649280182562753735577126487009832730419344473434269137693883 0 0 0 0 0 0 0 0 0 0 0 0 0 0 1 0 0 0 0 0 0 0 0 0 0 0 0 0 0 0 0 0 0 0 0 0 0 0 0 0 0 0 0 0 0 0 0 0 0 0 0 0 0 0 0 0 0 0 0 0 0 0 0 0 0 0 0 0 0 0 0 0 0 0 0 0 0 0 0 0 0 0 0 0 0 0 0 0 0 0 0 0 0 0 0 0 0 0 0]
[6834844425505209482787864508227537511010554324636447006803751446330862538493202149786845019243724923748646131662300381352545731832843239690916916403966466296410737072280810747880566568688916739760239223432616306227430158691016985843241332259142199699477153801141178191286034919157957576673482484594884 0 0 0 0 0 0 0 0 0 0 0 0 0 0 0 1 0 0 0 0 0 0 0 0 0 0 0 0 0 0 0 0 0 0 0 0 0 0 0 0 0 0 0 0 0 0 0 0 0 0 0 0 0 0 0 0 0 0 0 0 0 0 0 0 0 0 0 0 0 0 0 0 0 0 0 0 0 0 0 0 0 0 0 0 0 0 0 0 0 0 0 0 0 0 0 0 0 0 0]
[8669727944164575859914719597261585807415971733109041741062215260352112591817544983373553771164606394648022866476328641898287453670411713802318573196107010192794361121650465936545330430149908208305127983859387090105308942126836798789228839433846673837195907934909331409536592563955402004630133996336749 0 0 0 0 0 0 0 0 0 0 0 0 0 0 0 0 1 0 0 0 0 0 0 0 0 0 0 0 0 0 0 0 0 0 0 0 0 0 0 0 0 0 0 0 0 0 0 0 0 0 0 0 0 0 0 0 0 0 0 0 0 0 0 0 0 0 0 0 0 0 0 0 0 0 0 0 0 0 0 0 0 0 0 0 0 0 0 0 0 0 0 0 0 0 0 0 0 0 0]
[6503649742716778514606024855581305771838719090649686463181179808525653629348321738191617517391638657049574140908454253188142877072260832331653889472845714549341244512639039603784701596433427588694878697830322353207769855989454086154399279127296144930143466597331448249445011625428776517224057789226184 0 0 0 0 0 0 0 0 0 0 0 0 0 0 0 0 0 1 0 0 0 0 0 0 0 0 0 0 0 0 0 0 0 0 0 0 0 0 0 0 0 0 0 0 0 0 0 0 0 0 0 0 0 0 0 0 0 0 0 0 0 0 0 0 0 0 0 0 0 0 0 0 0 0 0 0 0 0 0 0 0 0 0 0 0 0 0 0 0 0 0 0 0 0 0 0 0 0 0]
[8498105925501851357540867566199778735311995993485647677185715516029753498143836085875989949456768844333001889385757383613986077715554356788564883090737479161759872587430565573962606536153262651333912764806048777549457382528279665204876288650168790883135453848730834421739378772757415015157792816420320 0 0 0 0 0 0 0 0 0 0 0 0 0 0 0 0 0 0 1 0 0 0 0 0 0 0 0 0 0 0 0 0 0 0 0 0 0 0 0 0 0 0 0 0 0 0 0 0 0 0 0 0 0 0 0 0 0 0 0 0 0 0 0 0 0 0 0 0 0 0 0 0 0 0 0 0 0 0 0 0 0 0 0 0 0 0 0 0 0 0 0 0 0 0 0 0 0 0 0]
[2629126615717334123827511215203971859696261109721063897620877664866772712881424736918056269934027927438516744915353391923486885292276272272567237245163412581103560492361210722477847013423709435873141995964297882097377487112200580261421986070921899108763185696101612329256794156631420118926959070597013 0 0 0 0 0 0 0 0 0 0 0 0 0 0 0 0 0 0 0 1 0 0 0 0 0 0 0 0 0 0 0 0 0 0 0 0 0 0 0 0 0 0 0 0 0 0 0 0 0 0 0 0 0 0 0 0 0 0 0 0 0 0 0 0 0 0 0 0 0 0 0 0 0 0 0 0 0 0 0 0 0 0 0 0 0 0 0 0 0 0 0 0 0 0 0 0 0 0 0]
[2373101961460217479918902405865564268184588223883400900467917450687710760966409553408872176367836461142131705852557073758966448476509488854329150092647002621231292457234659385483715097491248420829262330569741093630477344970639421526716748880112881600575682706610705767236977816590879029158941007384368 0 0 0 0 0 0 0 0 0 0 0 0 0 0 0 0 0 0 0 0 1 0 0 0 0 0 0 0 0 0 0 0 0 0 0 0 0 0 0 0 0 0 0 0 0 0 0 0 0 0 0 0 0 0 0 0 0 0 0 0 0 0 0 0 0 0 0 0 0 0 0 0 0 0 0 0 0 0 0 0 0 0 0 0 0 0 0 0 0 0 0 0 0 0 0 0 0 0 0]
[4770425699446679240805470452048573355699092240584556499655204779427990222150592328733261086696332834386007370487368334974301334380750614808208410714045721506929254655567320288981103358435043197294661202904197837375780520848360980836189229133917712166433079112717184826594406596260734815866887385631320 0 0 0 0 0 0 0 0 0 0 0 0 0 0 0 0 0 0 0 0 0 1 0 0 0 0 0 0 0 0 0 0 0 0 0 0 0 0 0 0 0 0 0 0 0 0 0 0 0 0 0 0 0 0 0 0 0 0 0 0 0 0 0 0 0 0 0 0 0 0 0 0 0 0 0 0 0 0 0 0 0 0 0 0 0 0 0 0 0 0 0 0 0 0 0 0 0 0 0]
[7516243904698711193590631194192584038269437482070961128607761422275908964453713280125444544174261652145144192034169163904088480667904617074054488105833187297058174775387293931165896802200827615201129095845851193288414770437277330517088778311710234164168538476999702734651790444236803920091481266501258 0 0 0 0 0 0 0 0 0 0 0 0 0 0 0 0 0 0 0 0 0 0 1 0 0 0 0 0 0 0 0 0 0 0 0 0 0 0 0 0 0 0 0 0 0 0 0 0 0 0 0 0 0 0 0 0 0 0 0 0 0 0 0 0 0 0 0 0 0 0 0 0 0 0 0 0 0 0 0 0 0 0 0 0 0 0 0 0 0 0 0 0 0 0 0 0 0 0 0]
[3612936879750467602152175307431729950882716186347997910296412763103010170207668205096439278264696725614200530919369780111927823172919471391346966495287816956552626687213305573869717682132752718496766938878264713046593859696409684943897143194641989116243405903949815622996658915178648642539929413944472 0 0 0 0 0 0 0 0 0 0 0 0 0 0 0 0 0 0 0 0 0 0 0 1 0 0 0 0 0 0 0 0 0 0 0 0 0 0 0 0 0 0 0 0 0 0 0 0 0 0 0 0 0 0 0 0 0 0 0 0 0 0 0 0 0 0 0 0 0 0 0 0 0 0 0 0 0 0 0 0 0 0 0 0 0 0 0 0 0 0 0 0 0 0 0 0 0 0 0]
[3726335403664227284213767909334781936045087350952450807245402428215645232697682581999720029570560557868600575512968994754645534011055092361334403931392645800336342112913409444425232394713976726170203291107963204061859286162644016275475472430162825793765430911414317813547916084103422930477915078026040 0 0 0 0 0 0 0 0 0 0 0 0 0 0 0 0 0 0 0 0 0 0 0 0 1 0 0 0 0 0 0 0 0 0 0 0 0 0 0 0 0 0 0 0 0 0 0 0 0 0 0 0 0 0 0 0 0 0 0 0 0 0 0 0 0 0 0 0 0 0 0 0 0 0 0 0 0 0 0 0 0 0 0 0 0 0 0 0 0 0 0 0 0 0 0 0 0 0 0]
[4367842044551360394931144163625847602734815867642255861819103203204262686062669590375088061124699689714551902956412226840224633429934010973832604929701430636224448655825739119671243752428137814388690690198479826703884978265729779078116481420215719339648486033369523479226535088231432590870267713005002 0 0 0 0 0 0 0 0 0 0 0 0 0 0 0 0 0 0 0 0 0 0 0 0 0 1 0 0 0 0 0 0 0 0 0 0 0 0 0 0 0 0 0 0 0 0 0 0 0 0 0 0 0 0 0 0 0 0 0 0 0 0 0 0 0 0 0 0 0 0 0 0 0 0 0 0 0 0 0 0 0 0 0 0 0 0 0 0 0 0 0 0 0 0 0 0 0 0 0]
[3790495906829057534169231523428539903287953337493994702227849611024722766602719219980755142499137806186679431316623618924009539766321239986158734779507770493569480830785733961789060407038825545917531013945432831994784453569211505610915686666172002613993812913975478850319022507451073589729696029347063 0 0 0 0 0 0 0 0 0 0 0 0 0 0 0 0 0 0 0 0 0 0 0 0 0 0 1 0 0 0 0 0 0 0 0 0 0 0 0 0 0 0 0 0 0 0 0 0 0 0 0 0 0 0 0 0 0 0 0 0 0 0 0 0 0 0 0 0 0 0 0 0 0 0 0 0 0 0 0 0 0 0 0 0 0 0 0 0 0 0 0 0 0 0 0 0 0 0 0]
[6826370867184583702905442686514219844861941935857945350556164855896177573507974375767603086118341072611492925007009388319203947651436888421609119283866186831490070134146716151751209482420536653784578291609781321767729694103317520391261450388428409255646264527544881864352478678718026568769497263483425 0 0 0 0 0 0 0 0 0 0 0 0 0 0 0 0 0 0 0 0 0 0 0 0 0 0 0 1 0 0 0 0 0 0 0 0 0 0 0 0 0 0 0 0 0 0 0 0 0 0 0 0 0 0 0 0 0 0 0 0 0 0 0 0 0 0 0 0 0 0 0 0 0 0 0 0 0 0 0 0 0 0 0 0 0 0 0 0 0 0 0 0 0 0 0 0 0 0 0]
[8956600816377108528721171405673135177452820504850364137006003019088079122725528932770454707448066068228410630396857811874314728501820787773468802567450302933040302361243859367291565445355813311103406503397751067520419887477623664094061680387431391346992412742078380791441776889560230343660678324589600 0 0 0 0 0 0 0 0 0 0 0 0 0 0 0 0 0 0 0 0 0 0 0 0 0 0 0 0 1 0 0 0 0 0 0 0 0 0 0 0 0 0 0 0 0 0 0 0 0 0 0 0 0 0 0 0 0 0 0 0 0 0 0 0 0 0 0 0 0 0 0 0 0 0 0 0 0 0 0 0 0 0 0 0 0 0 0 0 0 0 0 0 0 0 0 0 0 0 0]
[1623476030804047345727765489878305784041381326206217847610354331573741287490828296404060954812759991218519685456940540831829346202070477287704720499288291938701827258468628822521849213267397216775830663163117088656475665922858289402118634483044920009653608074712646524606976425868511662806989448716878 0 0 0 0 0 0 0 0 0 0 0 0 0 0 0 0 0 0 0 0 0 0 0 0 0 0 0 0 0 1 0 0 0 0 0 0 0 0 0 0 0 0 0 0 0 0 0 0 0 0 0 0 0 0 0 0 0 0 0 0 0 0 0 0 0 0 0 0 0 0 0 0 0 0 0 0 0 0 0 0 0 0 0 0 0 0 0 0 0 0 0 0 0 0 0 0 0 0 0]
[1675357582861295171717168725645786170845104013656345967975962801247666893677819489419950223790717670454925599945445223358410756732302991851252221178667173813411399710304285276372909488440654995291830487758526598173267490927274132144746448133508790480729407636247269286336691937476418623607743629884709 0 0 0 0 0 0 0 0 0 0 0 0 0 0 0 0 0 0 0 0 0 0 0 0 0 0 0 0 0 0 1 0 0 0 0 0 0 0 0 0 0 0 0 0 0 0 0 0 0 0 0 0 0 0 0 0 0 0 0 0 0 0 0 0 0 0 0 0 0 0 0 0 0 0 0 0 0 0 0 0 0 0 0 0 0 0 0 0 0 0 0 0 0 0 0 0 0 0 0]
[8926256748390998240445886076490449090001175427314898023187116455000549823749522364562213381381138468067776219680642388817742694417579529811105854635068008186257912902477885051417497783348504349467479090047787926399505421754278139926669848397367064054645009341826021783686889043696427446889222198963367 0 0 0 0 0 0 0 0 0 0 0 0 0 0 0 0 0 0 0 0 0 0 0 0 0 0 0 0 0 0 0 1 0 0 0 0 0 0 0 0 0 0 0 0 0 0 0 0 0 0 0 0 0 0 0 0 0 0 0 0 0 0 0 0 0 0 0 0 0 0 0 0 0 0 0 0 0 0 0 0 0 0 0 0 0 0 0 0 0 0 0 0 0 0 0 0 0 0 0]
[2240555924673759688152327336859440704047348359661063507180833975089588167705692150094349693102741902649241951452902023731812039497421263882979246505165931017528081529322777886977707415412544528164008971172447844042717904612742911738201213073255822859709498009586338641850172348639736449634380630027844 0 0 0 0 0 0 0 0 0 0 0 0 0 0 0 0 0 0 0 0 0 0 0 0 0 0 0 0 0 0 0 0 1 0 0 0 0 0 0 0 0 0 0 0 0 0 0 0 0 0 0 0 0 0 0 0 0 0 0 0 0 0 0 0 0 0 0 0 0 0 0 0 0 0 0 0 0 0 0 0 0 0 0 0 0 0 0 0 0 0 0 0 0 0 0 0 0 0 0]
[7791909527254330266548786482444851822934291051121825264166898186521618296204708406841260397951536839559550013456873493258218766074207262011169237767513249075262353648830932176270616693444382598150390617910618647867136254405620074272608209057311835294042070394526609896491398448367026848171168893868231 0 0 0 0 0 0 0 0 0 0 0 0 0 0 0 0 0 0 0 0 0 0 0 0 0 0 0 0 0 0 0 0 0 1 0 0 0 0 0 0 0 0 0 0 0 0 0 0 0 0 0 0 0 0 0 0 0 0 0 0 0 0 0 0 0 0 0 0 0 0 0 0 0 0 0 0 0 0 0 0 0 0 0 0 0 0 0 0 0 0 0 0 0 0 0 0 0 0 0]
[8384321886823901320724751596654611678040210888813331618658173842539071672957275799053977304271214713295611284696306792327887029185909188001355528512056270446431295240593363553616388840475951816195468447073498966863222511031956231882461029263538209411506326889054288652776587231374691669740485097397985 0 0 0 0 0 0 0 0 0 0 0 0 0 0 0 0 0 0 0 0 0 0 0 0 0 0 0 0 0 0 0 0 0 0 1 0 0 0 0 0 0 0 0 0 0 0 0 0 0 0 0 0 0 0 0 0 0 0 0 0 0 0 0 0 0 0 0 0 0 0 0 0 0 0 0 0 0 0 0 0 0 0 0 0 0 0 0 0 0 0 0 0 0 0 0 0 0 0 0]
[538737349641742224149026568498799173435669707114519505610551633378455829928167075918798572768333234224509841879146911875803161628881704649188328595049210740704023685976760461229232871702064959689863898738903600039620694296401806957542945892978657468846272908442290774093895529511535140742552608299204 0 0 0 0 0 0 0 0 0 0 0 0 0 0 0 0 0 0 0 0 0 0 0 0 0 0 0 0 0 0 0 0 0 0 0 1 0 0 0 0 0 0 0 0 0 0 0 0 0 0 0 0 0 0 0 0 0 0 0 0 0 0 0 0 0 0 0 0 0 0 0 0 0 0 0 0 0 0 0 0 0 0 0 0 0 0 0 0 0 0 0 0 0 0 0 0 0 0 0]
[3307998447075760788977233409686334279514976190417651052784895419443143280890292992634484619300241538673029028873123670117142206531468861361629922089172969226613975330530221795418208306123822751559225160151407891799913098710440259368955499491269348592280416639010611758222416986474066302891015314714433 0 0 0 0 0 0 0 0 0 0 0 0 0 0 0 0 0 0 0 0 0 0 0 0 0 0 0 0 0 0 0 0 0 0 0 0 1 0 0 0 0 0 0 0 0 0 0 0 0 0 0 0 0 0 0 0 0 0 0 0 0 0 0 0 0 0 0 0 0 0 0 0 0 0 0 0 0 0 0 0 0 0 0 0 0 0 0 0 0 0 0 0 0 0 0 0 0 0 0]
[6510316745399154999250096847586035766590367066650309785714428434365442278200558595016659280124872123323721948229536365031347181595873314913349149361131293347661680902859526353595514219268745840434027619945207440641083599942112874468205611855071558733667725924135561960060312460385512305106798038234096 0 0 0 0 0 0 0 0 0 0 0 0 0 0 0 0 0 0 0 0 0 0 0 0 0 0 0 0 0 0 0 0 0 0 0 0 0 1 0 0 0 0 0 0 0 0 0 0 0 0 0 0 0 0 0 0 0 0 0 0 0 0 0 0 0 0 0 0 0 0 0 0 0 0 0 0 0 0 0 0 0 0 0 0 0 0 0 0 0 0 0 0 0 0 0 0 0 0 0]
[5419505709840244438947492718312304831830752332518645652508869060641178658112561707798248355770483741466927119855018440446427106517214379432269602175293158231422868639943862313103083709166544666303939196442100745925072374765087875446726928516419779071145421750891684609772289071801522108913935867358542 0 0 0 0 0 0 0 0 0 0 0 0 0 0 0 0 0 0 0 0 0 0 0 0 0 0 0 0 0 0 0 0 0 0 0 0 0 0 1 0 0 0 0 0 0 0 0 0 0 0 0 0 0 0 0 0 0 0 0 0 0 0 0 0 0 0 0 0 0 0 0 0 0 0 0 0 0 0 0 0 0 0 0 0 0 0 0 0 0 0 0 0 0 0 0 0 0 0 0]
[8222631017478942700570721160231131105173245545920002542542793114020851423006339154683346595741087630569576427953627789817334826410480583090152323961167031372847349684698595483797249470999323105201338366509540523671379783104937597143496189771602758833178727802255134085415973207116787481540801206973004 0 0 0 0 0 0 0 0 0 0 0 0 0 0 0 0 0 0 0 0 0 0 0 0 0 0 0 0 0 0 0 0 0 0 0 0 0 0 0 1 0 0 0 0 0 0 0 0 0 0 0 0 0 0 0 0 0 0 0 0 0 0 0 0 0 0 0 0 0 0 0 0 0 0 0 0 0 0 0 0 0 0 0 0 0 0 0 0 0 0 0 0 0 0 0 0 0 0 0]
[8023413313981075821281859991861179958102476715983355385713213472056303730785325582460071937671002664875284126433846583056859284499886409341434966260468994495364966372638236651979276936395478569637952371661283959720280614457467072315543635343807434772616889845762770116616353937180533664645242517282450 0 0 0 0 0 0 0 0 0 0 0 0 0 0 0 0 0 0 0 0 0 0 0 0 0 0 0 0 0 0 0 0 0 0 0 0 0 0 0 0 1 0 0 0 0 0 0 0 0 0 0 0 0 0 0 0 0 0 0 0 0 0 0 0 0 0 0 0 0 0 0 0 0 0 0 0 0 0 0 0 0 0 0 0 0 0 0 0 0 0 0 0 0 0 0 0 0 0 0]
[4126707233821709827455126217483018286223304848804649261116491624829523285417716351854343370938527506163294856539228665816852388377754794177141074212498584177919281110101438581804190440441433339868305212336239049094036405232583115409585629326093870856683109726663153530639309990015065942641017433925490 0 0 0 0 0 0 0 0 0 0 0 0 0 0 0 0 0 0 0 0 0 0 0 0 0 0 0 0 0 0 0 0 0 0 0 0 0 0 0 0 0 1 0 0 0 0 0 0 0 0 0 0 0 0 0 0 0 0 0 0 0 0 0 0 0 0 0 0 0 0 0 0 0 0 0 0 0 0 0 0 0 0 0 0 0 0 0 0 0 0 0 0 0 0 0 0 0 0 0]
[324064491087660323704995258775624960079289987832823005303217926583522579665928063573560779442755227009635593398671622995817491299264198488655113246362426992943855321362617877575824620964086079250624275463048697992841432986034043979992541906315370094914201379767134676284572702239102887301391861700024 0 0 0 0 0 0 0 0 0 0 0 0 0 0 0 0 0 0 0 0 0 0 0 0 0 0 0 0 0 0 0 0 0 0 0 0 0 0 0 0 0 0 1 0 0 0 0 0 0 0 0 0 0 0 0 0 0 0 0 0 0 0 0 0 0 0 0 0 0 0 0 0 0 0 0 0 0 0 0 0 0 0 0 0 0 0 0 0 0 0 0 0 0 0 0 0 0 0 0]
[6660131090471969891987923936525048263060598762843159399364874895676574801634608915899895985069562142594406407589033647368037042439922585764809173765223290338000871257374267918524823236938001013083032608846371711747108444611734940812367026589836192364455341532772580565811122576049732599279766790978413 0 0 0 0 0 0 0 0 0 0 0 0 0 0 0 0 0 0 0 0 0 0 0 0 0 0 0 0 0 0 0 0 0 0 0 0 0 0 0 0 0 0 0 1 0 0 0 0 0 0 0 0 0 0 0 0 0 0 0 0 0 0 0 0 0 0 0 0 0 0 0 0 0 0 0 0 0 0 0 0 0 0 0 0 0 0 0 0 0 0 0 0 0 0 0 0 0 0 0]
[3449438909750745782670481589380412711721033813099884460847923761874789966443282786756183296390970796298645219087820608395926434182504968315983153178725412483173071375202486372088651729227554297421045533136554305978501589263624326399906473363684549562879530400981763176851409407868987953149545014061829 0 0 0 0 0 0 0 0 0 0 0 0 0 0 0 0 0 0 0 0 0 0 0 0 0 0 0 0 0 0 0 0 0 0 0 0 0 0 0 0 0 0 0 0 1 0 0 0 0 0 0 0 0 0 0 0 0 0 0 0 0 0 0 0 0 0 0 0 0 0 0 0 0 0 0 0 0 0 0 0 0 0 0 0 0 0 0 0 0 0 0 0 0 0 0 0 0 0 0]
[904291324441783028231207978475304340481342788002230376278900940751132022118739778874106865809230064859543154451510806854803991848484052223231346976651073715825408307170218638704998295230885338718888807992276995719291345558972754604778216592602216160156655067494618255984249815509102009176512912457113 0 0 0 0 0 0 0 0 0 0 0 0 0 0 0 0 0 0 0 0 0 0 0 0 0 0 0 0 0 0 0 0 0 0 0 0 0 0 0 0 0 0 0 0 0 1 0 0 0 0 0 0 0 0 0 0 0 0 0 0 0 0 0 0 0 0 0 0 0 0 0 0 0 0 0 0 0 0 0 0 0 0 0 0 0 0 0 0 0 0 0 0 0 0 0 0 0 0 0]
[6353841556347089354371303357095474554088042269781590864095765466183809486801386909270549435517151132207785484133743722447917495564157436646445836705355308395288180119515170153111780864302228738936182150743223753119183040972960181843007702446122607691437181195513887845457407349417385543268697269421178 0 0 0 0 0 0 0 0 0 0 0 0 0 0 0 0 0 0 0 0 0 0 0 0 0 0 0 0 0 0 0 0 0 0 0 0 0 0 0 0 0 0 0 0 0 0 1 0 0 0 0 0 0 0 0 0 0 0 0 0 0 0 0 0 0 0 0 0 0 0 0 0 0 0 0 0 0 0 0 0 0 0 0 0 0 0 0 0 0 0 0 0 0 0 0 0 0 0 0]
[7347323265670983572372974507206461226042688466857991692748474141020641049825378689734632567826925618776405937333983794525927543025303790875231386784307159327231318011485237693050042821880132771019653111536407866490183471523987749770648830601015947439910096584595426347193613169593831232106121890541015 0 0 0 0 0 0 0 0 0 0 0 0 0 0 0 0 0 0 0 0 0 0 0 0 0 0 0 0 0 0 0 0 0 0 0 0 0 0 0 0 0 0 0 0 0 0 0 1 0 0 0 0 0 0 0 0 0 0 0 0 0 0 0 0 0 0 0 0 0 0 0 0 0 0 0 0 0 0 0 0 0 0 0 0 0 0 0 0 0 0 0 0 0 0 0 0 0 0 0]
[2998301325594248814149947053622377171526722195760948011485155462413729548290148236483023360811924468929763417572032968040993933821493014699328630012332724722699902494845291989749247757544798383401768975429023258857285392473207002904704922728842365704060740904951598164390001066584944662882017787676539 0 0 0 0 0 0 0 0 0 0 0 0 0 0 0 0 0 0 0 0 0 0 0 0 0 0 0 0 0 0 0 0 0 0 0 0 0 0 0 0 0 0 0 0 0 0 0 0 1 0 0 0 0 0 0 0 0 0 0 0 0 0 0 0 0 0 0 0 0 0 0 0 0 0 0 0 0 0 0 0 0 0 0 0 0 0 0 0 0 0 0 0 0 0 0 0 0 0 0]
[3920205960935521452549471338542937948020811120147303432530728706613678287592705248771896059048479417802781514275308977334332354343961903833821556633729358274937959265898552362039097417219894112917873546311090104655028154143202333842038491007602857329752255877344679707851853168831380135448780858563054 0 0 0 0 0 0 0 0 0 0 0 0 0 0 0 0 0 0 0 0 0 0 0 0 0 0 0 0 0 0 0 0 0 0 0 0 0 0 0 0 0 0 0 0 0 0 0 0 0 1 0 0 0 0 0 0 0 0 0 0 0 0 0 0 0 0 0 0 0 0 0 0 0 0 0 0 0 0 0 0 0 0 0 0 0 0 0 0 0 0 0 0 0 0 0 0 0 0 0]
[5771650654238727231116744542086660957215192028904430985787232603908927586861291578915935177971408930973777196505611157947752253671655160306465319045669241052616303437378853001228802794542505552808790235518593300366520522070753328564276336916522723251902504658956131299658120784500519093087739452915657 0 0 0 0 0 0 0 0 0 0 0 0 0 0 0 0 0 0 0 0 0 0 0 0 0 0 0 0 0 0 0 0 0 0 0 0 0 0 0 0 0 0 0 0 0 0 0 0 0 0 1 0 0 0 0 0 0 0 0 0 0 0 0 0 0 0 0 0 0 0 0 0 0 0 0 0 0 0 0 0 0 0 0 0 0 0 0 0 0 0 0 0 0 0 0 0 0 0 0]
[884933524988789414670879781700858993214465546094555737792624475670723493127024247348631508120536518701180212010410256291258719446675416635963233258143468543554283547287814831335793911557569883238652846550047995702995298356966504736522238957701847335076532666150323690389602912479593904961316871723707 0 0 0 0 0 0 0 0 0 0 0 0 0 0 0 0 0 0 0 0 0 0 0 0 0 0 0 0 0 0 0 0 0 0 0 0 0 0 0 0 0 0 0 0 0 0 0 0 0 0 0 1 0 0 0 0 0 0 0 0 0 0 0 0 0 0 0 0 0 0 0 0 0 0 0 0 0 0 0 0 0 0 0 0 0 0 0 0 0 0 0 0 0 0 0 0 0 0 0]
[4776149653260044952782148631934086379972482800467299161418631100641884005874421129535789106819152766902048169549418555707939129718690914091472263083057261438433856038814915786338136741700757448033760866739959941465511437201584008776699077460357249999659323633371073084415850388165778199679498953342772 0 0 0 0 0 0 0 0 0 0 0 0 0 0 0 0 0 0 0 0 0 0 0 0 0 0 0 0 0 0 0 0 0 0 0 0 0 0 0 0 0 0 0 0 0 0 0 0 0 0 0 0 1 0 0 0 0 0 0 0 0 0 0 0 0 0 0 0 0 0 0 0 0 0 0 0 0 0 0 0 0 0 0 0 0 0 0 0 0 0 0 0 0 0 0 0 0 0 0]
[4260850967750237413631270997780128973235907321303722890768708982928206480522996705608649626798022835832439565909305900143779104113770086294312603133498787718697833651046691779889159396912848336879939877201050952452322830166244914526453385766649225643769576275868981780373076554526080369139407232383376 0 0 0 0 0 0 0 0 0 0 0 0 0 0 0 0 0 0 0 0 0 0 0 0 0 0 0 0 0 0 0 0 0 0 0 0 0 0 0 0 0 0 0 0 0 0 0 0 0 0 0 0 0 1 0 0 0 0 0 0 0 0 0 0 0 0 0 0 0 0 0 0 0 0 0 0 0 0 0 0 0 0 0 0 0 0 0 0 0 0 0 0 0 0 0 0 0 0 0]
[9477967897149602699473477026202610760910300306678128506738106234940826545312010215546794064020282943355141026705063560943262344137935717655521491973749800818023619167166214422104933746143642159320297101536911762387031690914238570268789708661676487711318613864537929302494102958016741292162989703056380 0 0 0 0 0 0 0 0 0 0 0 0 0 0 0 0 0 0 0 0 0 0 0 0 0 0 0 0 0 0 0 0 0 0 0 0 0 0 0 0 0 0 0 0 0 0 0 0 0 0 0 0 0 0 1 0 0 0 0 0 0 0 0 0 0 0 0 0 0 0 0 0 0 0 0 0 0 0 0 0 0 0 0 0 0 0 0 0 0 0 0 0 0 0 0 0 0 0 0]
[5284642462119263532996863935310954428189325695926123461382401219770340776785796124455218927389943744915387829919199431995319150703667208114649225542135485731723117422235821238717624056819423854272066501884251587566019724523988908026298632764452466680638431094940060846216077976044193726522947022438031 0 0 0 0 0 0 0 0 0 0 0 0 0 0 0 0 0 0 0 0 0 0 0 0 0 0 0 0 0 0 0 0 0 0 0 0 0 0 0 0 0 0 0 0 0 0 0 0 0 0 0 0 0 0 0 1 0 0 0 0 0 0 0 0 0 0 0 0 0 0 0 0 0 0 0 0 0 0 0 0 0 0 0 0 0 0 0 0 0 0 0 0 0 0 0 0 0 0 0]
[1126469244054243500810358684844036098674072260383594924885529728628818976276442204813070892710653887971212461422386164034004876177838985776956920044459691949640285667246038788756302506633759272359918981925469445754036933951283363075300648874338111107876919476453549293403494528753818760469346336535642 0 0 0 0 0 0 0 0 0 0 0 0 0 0 0 0 0 0 0 0 0 0 0 0 0 0 0 0 0 0 0 0 0 0 0 0 0 0 0 0 0 0 0 0 0 0 0 0 0 0 0 0 0 0 0 0 1 0 0 0 0 0 0 0 0 0 0 0 0 0 0 0 0 0 0 0 0 0 0 0 0 0 0 0 0 0 0 0 0 0 0 0 0 0 0 0 0 0 0]
[5640317189476485156801197339537679197519393636141149338567010307472832306924377864668159654601122626486745220725197599318450329698595843302063527527273504920683943874125935652212175448163630724087512111444003081451471731861337412368473591793539675324306370413587360419548588692175419318996774071750556 0 0 0 0 0 0 0 0 0 0 0 0 0 0 0 0 0 0 0 0 0 0 0 0 0 0 0 0 0 0 0 0 0 0 0 0 0 0 0 0 0 0 0 0 0 0 0 0 0 0 0 0 0 0 0 0 0 1 0 0 0 0 0 0 0 0 0 0 0 0 0 0 0 0 0 0 0 0 0 0 0 0 0 0 0 0 0 0 0 0 0 0 0 0 0 0 0 0 0]
[9157779133901776536983388531101809048288129531707548525805250739218060289228058093687292834194773525330098229086959126041187669003466211853619379066911146232358701479878746134421978905516905775771062118175750146243796711145897374578444225721511068498617712007913311991997402614528459770736394415778927 0 0 0 0 0 0 0 0 0 0 0 0 0 0 0 0 0 0 0 0 0 0 0 0 0 0 0 0 0 0 0 0 0 0 0 0 0 0 0 0 0 0 0 0 0 0 0 0 0 0 0 0 0 0 0 0 0 0 1 0 0 0 0 0 0 0 0 0 0 0 0 0 0 0 0 0 0 0 0 0 0 0 0 0 0 0 0 0 0 0 0 0 0 0 0 0 0 0 0]
[3246056297511617650504720810969010765464508839611935433975199941876566203838860092641083102596967616143044356089554202229454723689347252600493717892393727161925832573236582153529617043863387291460384902972771484019815562369143960917663165691723337196197665070805385739941818487365197501040007476176631 0 0 0 0 0 0 0 0 0 0 0 0 0 0 0 0 0 0 0 0 0 0 0 0 0 0 0 0 0 0 0 0 0 0 0 0 0 0 0 0 0 0 0 0 0 0 0 0 0 0 0 0 0 0 0 0 0 0 0 1 0 0 0 0 0 0 0 0 0 0 0 0 0 0 0 0 0 0 0 0 0 0 0 0 0 0 0 0 0 0 0 0 0 0 0 0 0 0 0]
[3970427532429097403637896831891230792608042390246119927483458413987007906611023637835180528580247050824488105272110053772361122327355950201738405533918795195314137971951016225310027154444319357674997345472241867185458121494102427557492750295529608991981542836349520929443746892090436053176829593951952 0 0 0 0 0 0 0 0 0 0 0 0 0 0 0 0 0 0 0 0 0 0 0 0 0 0 0 0 0 0 0 0 0 0 0 0 0 0 0 0 0 0 0 0 0 0 0 0 0 0 0 0 0 0 0 0 0 0 0 0 1 0 0 0 0 0 0 0 0 0 0 0 0 0 0 0 0 0 0 0 0 0 0 0 0 0 0 0 0 0 0 0 0 0 0 0 0 0 0]
[2797970808265274958248947681743092702234505714821923693525953931688731138607131590877871229986634512869782012480064819221698782905466045784311079125855878094449873297236288980329848429621942401797353188911056326588451264264937501989031640636101043485548270903094440703660518544950831680491981473072231 0 0 0 0 0 0 0 0 0 0 0 0 0 0 0 0 0 0 0 0 0 0 0 0 0 0 0 0 0 0 0 0 0 0 0 0 0 0 0 0 0 0 0 0 0 0 0 0 0 0 0 0 0 0 0 0 0 0 0 0 0 1 0 0 0 0 0 0 0 0 0 0 0 0 0 0 0 0 0 0 0 0 0 0 0 0 0 0 0 0 0 0 0 0 0 0 0 0 0]
[7413967556993668430596356490952986346569343087144027838640029600409406334796895511520095038679468171304763236496775196935583560598936159813117614293213184683790297292389221023919038884897248034294846287977294513076582584331889762155626424319813941778311440323300048884501663299279679306627574798300511 0 0 0 0 0 0 0 0 0 0 0 0 0 0 0 0 0 0 0 0 0 0 0 0 0 0 0 0 0 0 0 0 0 0 0 0 0 0 0 0 0 0 0 0 0 0 0 0 0 0 0 0 0 0 0 0 0 0 0 0 0 0 1 0 0 0 0 0 0 0 0 0 0 0 0 0 0 0 0 0 0 0 0 0 0 0 0 0 0 0 0 0 0 0 0 0 0 0 0]
[6713274070215478368443878908215697527236042520309074123830097200026551197515473624549330857381438060920565324387079761158378069789741950668558997861519149160333833301256207054907671697073059491350473412809470251898728289573127917895920319269730308461945896206482519774290232111480041282161504457796854 0 0 0 0 0 0 0 0 0 0 0 0 0 0 0 0 0 0 0 0 0 0 0 0 0 0 0 0 0 0 0 0 0 0 0 0 0 0 0 0 0 0 0 0 0 0 0 0 0 0 0 0 0 0 0 0 0 0 0 0 0 0 0 1 0 0 0 0 0 0 0 0 0 0 0 0 0 0 0 0 0 0 0 0 0 0 0 0 0 0 0 0 0 0 0 0 0 0 0]
[3046177262671835879027477257989183818404607844522158725214380463620443362234447682195521653626599590589766567474633984463176601585711315622359469846575102113925283927883536466411046312439938017475330535782181907184374284344368214093546094703706071158992641314670973158194212301445245377452427579262417 0 0 0 0 0 0 0 0 0 0 0 0 0 0 0 0 0 0 0 0 0 0 0 0 0 0 0 0 0 0 0 0 0 0 0 0 0 0 0 0 0 0 0 0 0 0 0 0 0 0 0 0 0 0 0 0 0 0 0 0 0 0 0 0 1 0 0 0 0 0 0 0 0 0 0 0 0 0 0 0 0 0 0 0 0 0 0 0 0 0 0 0 0 0 0 0 0 0 0]
[8047372625643048603437570707250044527247679665655249486038357854077155187830163668375186250227214138452758735293960909075472237439709099230480521772255795539809799935831368246003375430498755558096911915286382669132956039752250167193991699724528184867593391078066575196876458061967282807150130323472333 0 0 0 0 0 0 0 0 0 0 0 0 0 0 0 0 0 0 0 0 0 0 0 0 0 0 0 0 0 0 0 0 0 0 0 0 0 0 0 0 0 0 0 0 0 0 0 0 0 0 0 0 0 0 0 0 0 0 0 0 0 0 0 0 0 1 0 0 0 0 0 0 0 0 0 0 0 0 0 0 0 0 0 0 0 0 0 0 0 0 0 0 0 0 0 0 0 0 0]
[8487993247164898551994057304554870115999796544703419844800048119271808377769850146244628510037372233286382700120669206232493000486250517927159821040980506845429154062437547540152343783460758551525084161220932795425475931579746896634715665130276855946737141264096963036606680835952768112579897074923350 0 0 0 0 0 0 0 0 0 0 0 0 0 0 0 0 0 0 0 0 0 0 0 0 0 0 0 0 0 0 0 0 0 0 0 0 0 0 0 0 0 0 0 0 0 0 0 0 0 0 0 0 0 0 0 0 0 0 0 0 0 0 0 0 0 0 1 0 0 0 0 0 0 0 0 0 0 0 0 0 0 0 0 0 0 0 0 0 0 0 0 0 0 0 0 0 0 0 0]
[4560584064144265377626578465038830567076435015989259249056029632721946638690243363207936134593431252588990059886235026858356750639656237004356039900855580331307051986605638420614400089442659358429012373998336632579133032720553894327167025610260815457307202001404302975576451493671097430811703594914136 0 0 0 0 0 0 0 0 0 0 0 0 0 0 0 0 0 0 0 0 0 0 0 0 0 0 0 0 0 0 0 0 0 0 0 0 0 0 0 0 0 0 0 0 0 0 0 0 0 0 0 0 0 0 0 0 0 0 0 0 0 0 0 0 0 0 0 1 0 0 0 0 0 0 0 0 0 0 0 0 0 0 0 0 0 0 0 0 0 0 0 0 0 0 0 0 0 0 0]
[4292981095047100835831488220917879123935837013281495720393728861421009244450552773232818974171138683060301704507328411406362323019947423857386487602918756453313038105064376888529153030262442324162752792728142805792219420930915494199077682867237486973187477658069002691265149319013035880809896076664577 0 0 0 0 0 0 0 0 0 0 0 0 0 0 0 0 0 0 0 0 0 0 0 0 0 0 0 0 0 0 0 0 0 0 0 0 0 0 0 0 0 0 0 0 0 0 0 0 0 0 0 0 0 0 0 0 0 0 0 0 0 0 0 0 0 0 0 0 1 0 0 0 0 0 0 0 0 0 0 0 0 0 0 0 0 0 0 0 0 0 0 0 0 0 0 0 0 0 0]
[1534137971379811273935245759329119048909032550445750422301067625438319676620732011587770911726481615627153304168698795459720094974051109648853311376645931565081195824556038512200936581065606699807857371259032959764083644744747531890276692266037893520746014427082290473238825581490486045323277487951422 0 0 0 0 0 0 0 0 0 0 0 0 0 0 0 0 0 0 0 0 0 0 0 0 0 0 0 0 0 0 0 0 0 0 0 0 0 0 0 0 0 0 0 0 0 0 0 0 0 0 0 0 0 0 0 0 0 0 0 0 0 0 0 0 0 0 0 0 0 1 0 0 0 0 0 0 0 0 0 0 0 0 0 0 0 0 0 0 0 0 0 0 0 0 0 0 0 0 0]
[3504944798514829762587445411080174576610546865397334980607823761723790203758966410765061622646763551656353411462753234224979533416481243566740798505670284801153715439053932483345671975224601294645106407099297999517911249417646906981283275097213718781597825822970831823006663767505625589011337449657580 0 0 0 0 0 0 0 0 0 0 0 0 0 0 0 0 0 0 0 0 0 0 0 0 0 0 0 0 0 0 0 0 0 0 0 0 0 0 0 0 0 0 0 0 0 0 0 0 0 0 0 0 0 0 0 0 0 0 0 0 0 0 0 0 0 0 0 0 0 0 1 0 0 0 0 0 0 0 0 0 0 0 0 0 0 0 0 0 0 0 0 0 0 0 0 0 0 0 0]
[6663579945757658382494115562897629229708864975484109231319716058520520975014228650263259562816931224978336988348076932915623021055101659131788438833026285430314135521847208849180022174677541284847869086481727587956462700900357948076327766027892744308652090940468417495925308634556720657867286779294478 0 0 0 0 0 0 0 0 0 0 0 0 0 0 0 0 0 0 0 0 0 0 0 0 0 0 0 0 0 0 0 0 0 0 0 0 0 0 0 0 0 0 0 0 0 0 0 0 0 0 0 0 0 0 0 0 0 0 0 0 0 0 0 0 0 0 0 0 0 0 0 1 0 0 0 0 0 0 0 0 0 0 0 0 0 0 0 0 0 0 0 0 0 0 0 0 0 0 0]
[2030843658732428011891922071424381052442327057923920289172048937794329773347610718946609182875489098859740723157663038682477389490316883594200373640235729161677914575007027413660167239600772798558609250374946863313302759561315220092402988489771063708609330673183709169051106216998287821049686154068478 0 0 0 0 0 0 0 0 0 0 0 0 0 0 0 0 0 0 0 0 0 0 0 0 0 0 0 0 0 0 0 0 0 0 0 0 0 0 0 0 0 0 0 0 0 0 0 0 0 0 0 0 0 0 0 0 0 0 0 0 0 0 0 0 0 0 0 0 0 0 0 0 1 0 0 0 0 0 0 0 0 0 0 0 0 0 0 0 0 0 0 0 0 0 0 0 0 0 0]
[7222292595488261475702123491324085443572771273416585293748263604692177581196867911529207038503469105665480527887932978642159270451084307533815346539969016543943071199478119629965799241080858401766653995586530628357643616113132999291029676735031984428285612557060218980778751182179454248156195943399168 0 0 0 0 0 0 0 0 0 0 0 0 0 0 0 0 0 0 0 0 0 0 0 0 0 0 0 0 0 0 0 0 0 0 0 0 0 0 0 0 0 0 0 0 0 0 0 0 0 0 0 0 0 0 0 0 0 0 0 0 0 0 0 0 0 0 0 0 0 0 0 0 0 1 0 0 0 0 0 0 0 0 0 0 0 0 0 0 0 0 0 0 0 0 0 0 0 0 0]
[8139417691792800629848339286260576622077070907802911981845095708964810790648925317472651520106132103718235797096399539500188640055611714317656130672356481003867616920412910927498872911268495662748459055775242173716497169042366035389587015487867092334183983801072662021486954060045330038030039110297926 0 0 0 0 0 0 0 0 0 0 0 0 0 0 0 0 0 0 0 0 0 0 0 0 0 0 0 0 0 0 0 0 0 0 0 0 0 0 0 0 0 0 0 0 0 0 0 0 0 0 0 0 0 0 0 0 0 0 0 0 0 0 0 0 0 0 0 0 0 0 0 0 0 0 1 0 0 0 0 0 0 0 0 0 0 0 0 0 0 0 0 0 0 0 0 0 0 0 0]
[734944277054102992237237748272759731589142344597433980317481831667455247816787545491679761285827482419234830907178051251684247193595703992863611493984732335737782046323088623277227026800948205605090739143895569049202199678841090705826166811277694523751833285295025640568982895873300710910216118241079 0 0 0 0 0 0 0 0 0 0 0 0 0 0 0 0 0 0 0 0 0 0 0 0 0 0 0 0 0 0 0 0 0 0 0 0 0 0 0 0 0 0 0 0 0 0 0 0 0 0 0 0 0 0 0 0 0 0 0 0 0 0 0 0 0 0 0 0 0 0 0 0 0 0 0 1 0 0 0 0 0 0 0 0 0 0 0 0 0 0 0 0 0 0 0 0 0 0 0]
[3117914978995651209854760454535444291011190208886156143169294546300060422358311059152588454835246567526183356905401926893071143775302541335004763674581167879054349605023895032133174454677890003888094882992514494684010675295006982634450983948258526800778867660063676015127819938263071673867011957907321 0 0 0 0 0 0 0 0 0 0 0 0 0 0 0 0 0 0 0 0 0 0 0 0 0 0 0 0 0 0 0 0 0 0 0 0 0 0 0 0 0 0 0 0 0 0 0 0 0 0 0 0 0 0 0 0 0 0 0 0 0 0 0 0 0 0 0 0 0 0 0 0 0 0 0 0 1 0 0 0 0 0 0 0 0 0 0 0 0 0 0 0 0 0 0 0 0 0 0]
[7918408514660195423537878023305719843858399090072702873691804566529494972264550973432237149387965659988289683090579052188952953232348271087802906802352694839179411819775749084411555967723775480411551770018119897775022110294195807258986792857659659070923356335411369533200714653467070673506823911415675 0 0 0 0 0 0 0 0 0 0 0 0 0 0 0 0 0 0 0 0 0 0 0 0 0 0 0 0 0 0 0 0 0 0 0 0 0 0 0 0 0 0 0 0 0 0 0 0 0 0 0 0 0 0 0 0 0 0 0 0 0 0 0 0 0 0 0 0 0 0 0 0 0 0 0 0 0 1 0 0 0 0 0 0 0 0 0 0 0 0 0 0 0 0 0 0 0 0 0]
[6916648072392237251858335453132215621193233139303227421826077980124478926810995320639695725044173940589598145939439563203623534137063237690230399185885317258268806700944602491637393707616163242375973477498453061074053689364996370037452295584453883568812870138867045240467513618083195058862924075361873 0 0 0 0 0 0 0 0 0 0 0 0 0 0 0 0 0 0 0 0 0 0 0 0 0 0 0 0 0 0 0 0 0 0 0 0 0 0 0 0 0 0 0 0 0 0 0 0 0 0 0 0 0 0 0 0 0 0 0 0 0 0 0 0 0 0 0 0 0 0 0 0 0 0 0 0 0 0 1 0 0 0 0 0 0 0 0 0 0 0 0 0 0 0 0 0 0 0 0]
[4279847426963248108447637304891225814980834379428834178020125360298270447203181854677224978354202721610191209884813665841912864181418857316168277312578953944382554482959339475071361172513645412929009021863213404041995438633269254083282515177899606994822413969851584077469154052533057575265016595657726 0 0 0 0 0 0 0 0 0 0 0 0 0 0 0 0 0 0 0 0 0 0 0 0 0 0 0 0 0 0 0 0 0 0 0 0 0 0 0 0 0 0 0 0 0 0 0 0 0 0 0 0 0 0 0 0 0 0 0 0 0 0 0 0 0 0 0 0 0 0 0 0 0 0 0 0 0 0 0 1 0 0 0 0 0 0 0 0 0 0 0 0 0 0 0 0 0 0 0]
[3313047204920464722367977007793268838476122942018117983179621276274735191122624884016603439122018199373522304411502128987421771876034960539687990646824876316894001857747267910768018941948549384180050323355274561243090827450687279458391993849997288431920288483603732001970325147436556474910153119578376 0 0 0 0 0 0 0 0 0 0 0 0 0 0 0 0 0 0 0 0 0 0 0 0 0 0 0 0 0 0 0 0 0 0 0 0 0 0 0 0 0 0 0 0 0 0 0 0 0 0 0 0 0 0 0 0 0 0 0 0 0 0 0 0 0 0 0 0 0 0 0 0 0 0 0 0 0 0 0 0 1 0 0 0 0 0 0 0 0 0 0 0 0 0 0 0 0 0 0]
[279281646508761064508059484967952849576630598575794750505752649508815291118036950419392359542085353368919689661354146231612596279717315718036295450842725722022565658264511413377936989021394293610764366019119891242875311169097718067303321437864688993936073308174845888599821733576037646280723913835153 0 0 0 0 0 0 0 0 0 0 0 0 0 0 0 0 0 0 0 0 0 0 0 0 0 0 0 0 0 0 0 0 0 0 0 0 0 0 0 0 0 0 0 0 0 0 0 0 0 0 0 0 0 0 0 0 0 0 0 0 0 0 0 0 0 0 0 0 0 0 0 0 0 0 0 0 0 0 0 0 0 1 0 0 0 0 0 0 0 0 0 0 0 0 0 0 0 0 0]
[1774517887905422492961810177221514021913463421924509686155565999711036102623307271829416330127493854397587426887623121554823014427793431692431837883497015675608755085507632128202217933562480486990141443871471823693168960110949488939452837178568751540252932005421773384479611132813042732066147360394535 0 0 0 0 0 0 0 0 0 0 0 0 0 0 0 0 0 0 0 0 0 0 0 0 0 0 0 0 0 0 0 0 0 0 0 0 0 0 0 0 0 0 0 0 0 0 0 0 0 0 0 0 0 0 0 0 0 0 0 0 0 0 0 0 0 0 0 0 0 0 0 0 0 0 0 0 0 0 0 0 0 0 1 0 0 0 0 0 0 0 0 0 0 0 0 0 0 0 0]
[7451727749524934311824668277282384125194430495293918600889100870301988569994558881018980216027488064597074528753808021728178104784221015286199555096740782342716184712030990249710986339969804945707835256781645389258803113540452969922168600392711322593576917205938149014508764304136381526515015911019015 0 0 0 0 0 0 0 0 0 0 0 0 0 0 0 0 0 0 0 0 0 0 0 0 0 0 0 0 0 0 0 0 0 0 0 0 0 0 0 0 0 0 0 0 0 0 0 0 0 0 0 0 0 0 0 0 0 0 0 0 0 0 0 0 0 0 0 0 0 0 0 0 0 0 0 0 0 0 0 0 0 0 0 1 0 0 0 0 0 0 0 0 0 0 0 0 0 0 0]
[3561383392163409110401379777094267525714069514310165467353476801416372069511704083751865629451698078581019427642753495205992034812676988414236883159946149989916663606627759888622096981248424344582747587080372447100238112063476018849017013246614086126947967330219471254011582752415021559461857533902694 0 0 0 0 0 0 0 0 0 0 0 0 0 0 0 0 0 0 0 0 0 0 0 0 0 0 0 0 0 0 0 0 0 0 0 0 0 0 0 0 0 0 0 0 0 0 0 0 0 0 0 0 0 0 0 0 0 0 0 0 0 0 0 0 0 0 0 0 0 0 0 0 0 0 0 0 0 0 0 0 0 0 0 0 1 0 0 0 0 0 0 0 0 0 0 0 0 0 0]
[7160875302419698402329901256814600109271296358866646331665193208949845453675069975668711999242356599095375168233965169364296540181062836522675108054708077386088147146776301744237150540033129921245881142275264384567529247643538255746646942720708182690415848913008911428393333764661244260020950561378505 0 0 0 0 0 0 0 0 0 0 0 0 0 0 0 0 0 0 0 0 0 0 0 0 0 0 0 0 0 0 0 0 0 0 0 0 0 0 0 0 0 0 0 0 0 0 0 0 0 0 0 0 0 0 0 0 0 0 0 0 0 0 0 0 0 0 0 0 0 0 0 0 0 0 0 0 0 0 0 0 0 0 0 0 0 1 0 0 0 0 0 0 0 0 0 0 0 0 0]
[3816545940477940573902416682624653797560260522958081076802728675358271641431927878732879662456837714016018480984261295987014807564026270764808490627580342746494821164435863367713998292893342247909680667759733835011492939883600629411808662185027782319345282941867872634597900421841736885990661667690000 0 0 0 0 0 0 0 0 0 0 0 0 0 0 0 0 0 0 0 0 0 0 0 0 0 0 0 0 0 0 0 0 0 0 0 0 0 0 0 0 0 0 0 0 0 0 0 0 0 0 0 0 0 0 0 0 0 0 0 0 0 0 0 0 0 0 0 0 0 0 0 0 0 0 0 0 0 0 0 0 0 0 0 0 0 0 1 0 0 0 0 0 0 0 0 0 0 0 0]
[4051448398214815550923304006482792643719634239306700476906708249481241943903923686060444564577565194704990403216615969617723375944945226276459619458593032389290148840694257870945140243199818490634981401920954242968119220285526165941864847053522346807342431136374774392706499455781842240398496311452154 0 0 0 0 0 0 0 0 0 0 0 0 0 0 0 0 0 0 0 0 0 0 0 0 0 0 0 0 0 0 0 0 0 0 0 0 0 0 0 0 0 0 0 0 0 0 0 0 0 0 0 0 0 0 0 0 0 0 0 0 0 0 0 0 0 0 0 0 0 0 0 0 0 0 0 0 0 0 0 0 0 0 0 0 0 0 0 1 0 0 0 0 0 0 0 0 0 0 0]
[433417495733410092662798239908667652471063271816998468442102314529983044011966772058745466659669175994369809663659278233522087926386077814950199076004246769941526963632250736512687947283563169199238488549777208894619779181757275176513184915738159171483156579691736030300006046949551599135761923925350 0 0 0 0 0 0 0 0 0 0 0 0 0 0 0 0 0 0 0 0 0 0 0 0 0 0 0 0 0 0 0 0 0 0 0 0 0 0 0 0 0 0 0 0 0 0 0 0 0 0 0 0 0 0 0 0 0 0 0 0 0 0 0 0 0 0 0 0 0 0 0 0 0 0 0 0 0 0 0 0 0 0 0 0 0 0 0 0 1 0 0 0 0 0 0 0 0 0 0]
[982926949574999637146500441856378455909411358654381299305673930477718031305061576446380747722645247726926393703330183894327245767805130192339212421630092462586934630075153159274664629800887731906117524128217810191233233022915390270717528620932815574131328620191841857317218330860317667055443253570170 0 0 0 0 0 0 0 0 0 0 0 0 0 0 0 0 0 0 0 0 0 0 0 0 0 0 0 0 0 0 0 0 0 0 0 0 0 0 0 0 0 0 0 0 0 0 0 0 0 0 0 0 0 0 0 0 0 0 0 0 0 0 0 0 0 0 0 0 0 0 0 0 0 0 0 0 0 0 0 0 0 0 0 0 0 0 0 0 0 1 0 0 0 0 0 0 0 0 0]
[4641691231317860803430786760911072405418530006690663414439871599299935372635789792112592630980765928023572387073434891895864930493327754399259970935090446971283539314826988223586444891834624367558568444206603324961995654947824851167295818771419109918083314696208748826206124895909959123043456756446131 0 0 0 0 0 0 0 0 0 0 0 0 0 0 0 0 0 0 0 0 0 0 0 0 0 0 0 0 0 0 0 0 0 0 0 0 0 0 0 0 0 0 0 0 0 0 0 0 0 0 0 0 0 0 0 0 0 0 0 0 0 0 0 0 0 0 0 0 0 0 0 0 0 0 0 0 0 0 0 0 0 0 0 0 0 0 0 0 0 0 1 0 0 0 0 0 0 0 0]
[6055862141822949464326615857406388941832585990745486742115575133336570206506452076791517085499205941791448946648933265917304285474203536272041367596913871022594790452062645662348010988425003987783467543471944323736886750110141169619243294178421224454484336316455312506856963347709315251215996949901641 0 0 0 0 0 0 0 0 0 0 0 0 0 0 0 0 0 0 0 0 0 0 0 0 0 0 0 0 0 0 0 0 0 0 0 0 0 0 0 0 0 0 0 0 0 0 0 0 0 0 0 0 0 0 0 0 0 0 0 0 0 0 0 0 0 0 0 0 0 0 0 0 0 0 0 0 0 0 0 0 0 0 0 0 0 0 0 0 0 0 0 1 0 0 0 0 0 0 0]
[888378027752066436374129868708143039742445778753755761375441332717649510567147291114846537606507597112733453192605628016723730467248727730938827427611054597583180215143374075067907693437023131155205470648020129064569754365016353064723843224803882958541395798774278243854733504242124122989053595721987 0 0 0 0 0 0 0 0 0 0 0 0 0 0 0 0 0 0 0 0 0 0 0 0 0 0 0 0 0 0 0 0 0 0 0 0 0 0 0 0 0 0 0 0 0 0 0 0 0 0 0 0 0 0 0 0 0 0 0 0 0 0 0 0 0 0 0 0 0 0 0 0 0 0 0 0 0 0 0 0 0 0 0 0 0 0 0 0 0 0 0 0 1 0 0 0 0 0 0]
[8189279927431193062840250102172686691845691868176334115434865522808443915297870309606514519779110428590771033045563496614254323218222775029132973747306647889844810195900965709800077314814410135507659411443597304127839038690192026594010864032203872098275927496414835881050618706091217305466687780527749 0 0 0 0 0 0 0 0 0 0 0 0 0 0 0 0 0 0 0 0 0 0 0 0 0 0 0 0 0 0 0 0 0 0 0 0 0 0 0 0 0 0 0 0 0 0 0 0 0 0 0 0 0 0 0 0 0 0 0 0 0 0 0 0 0 0 0 0 0 0 0 0 0 0 0 0 0 0 0 0 0 0 0 0 0 0 0 0 0 0 0 0 0 1 0 0 0 0 0]
[719008987706299585621328463182141036457992395980954473384113478926729246390550080663228683984238780069043177909800513514580305221588508136448767600767995812305623419835963935713603566665326618936589730402467778323133579985987846680533532068010496049669040405427098798097436497084727036682647475229613 0 0 0 0 0 0 0 0 0 0 0 0 0 0 0 0 0 0 0 0 0 0 0 0 0 0 0 0 0 0 0 0 0 0 0 0 0 0 0 0 0 0 0 0 0 0 0 0 0 0 0 0 0 0 0 0 0 0 0 0 0 0 0 0 0 0 0 0 0 0 0 0 0 0 0 0 0 0 0 0 0 0 0 0 0 0 0 0 0 0 0 0 0 0 1 0 0 0 0]
[2256376116962511270707581165681611705127723809176374653450142408178912856163195268903995335298244782089388234239657552774107441902124051405060579897271654819333356464547403743566317055658090609873206007021714676120813421760869538641994060112333436088998622039974090552573894982591031427211894741513925 0 0 0 0 0 0 0 0 0 0 0 0 0 0 0 0 0 0 0 0 0 0 0 0 0 0 0 0 0 0 0 0 0 0 0 0 0 0 0 0 0 0 0 0 0 0 0 0 0 0 0 0 0 0 0 0 0 0 0 0 0 0 0 0 0 0 0 0 0 0 0 0 0 0 0 0 0 0 0 0 0 0 0 0 0 0 0 0 0 0 0 0 0 0 0 1 0 0 0]
[2314579580248781448754712071987307400388623893859801562081401488021298010466454733929402563105913298977326433740874479191855021584850053081466885377412045735913598793325410310441393544467676564875702373501111373424635170528786547979069576024169074431253094698265012228791545713901240462510301081642638 0 0 0 0 0 0 0 0 0 0 0 0 0 0 0 0 0 0 0 0 0 0 0 0 0 0 0 0 0 0 0 0 0 0 0 0 0 0 0 0 0 0 0 0 0 0 0 0 0 0 0 0 0 0 0 0 0 0 0 0 0 0 0 0 0 0 0 0 0 0 0 0 0 0 0 0 0 0 0 0 0 0 0 0 0 0 0 0 0 0 0 0 0 0 0 0 1 0 0]
[9038102733766795283914284192250925157669751208504058342772881483765909154488812445027943425379926971367939502486673335218357708311669602574125959711551242275640753988291612593729867434589639288411740995667949051082391694140065790573321786013147712152531349454950376686504822890769644270612516927392563 0 0 0 0 0 0 0 0 0 0 0 0 0 0 0 0 0 0 0 0 0 0 0 0 0 0 0 0 0 0 0 0 0 0 0 0 0 0 0 0 0 0 0 0 0 0 0 0 0 0 0 0 0 0 0 0 0 0 0 0 0 0 0 0 0 0 0 0 0 0 0 0 0 0 0 0 0 0 0 0 0 0 0 0 0 0 0 0 0 0 0 0 0 0 0 0 0 1 0]
[5961526701614084541324563430830730393687023533914097969479472642791102750087339275598589501288451205658938951424280073350400548052541419314863126747080387661205532505399539535496098878883390734146410338501177428263366381041715239012603124757428912869594894962363112261752768842879084049481313799278964 0 0 0 0 0 0 0 0 0 0 0 0 0 0 0 0 0 0 0 0 0 0 0 0 0 0 0 0 0 0 0 0 0 0 0 0 0 0 0 0 0 0 0 0 0 0 0 0 0 0 0 0 0 0 0 0 0 0 0 0 0 0 0 0 0 0 0 0 0 0 0 0 0 0 0 0 0 0 0 0 0 0 0 0 0 0 0 0 0 0 0 0 0 0 0 0 0 0 1]
]
