[[8039102110198282507262204218877498113113243084353520495600848985607669088759715037217817252435774920927707181437543927118652897142629870143303480815548010482017828517333310199742642799707114269882994132616945204256028259513731584480536166563232665396544374016877514817576895857277456011491005462664633 0 0 0 0 0 0 0 0 0 0 0 0 0 0 0 0 0 0 0 0 0 0 0 0 0 0 0 0 0 0 0 0 0 0 0 0 0 0 0 0 0 0 0 0 0 0 0 0 0 0 0 0 0 0 0 0 0 0 0 0 0 0 0 0 0 0 0 0 0 0 0 0 0 0 0 0 0 0 0 0 0 0 0 0 0 0 0 0 0 0 0 0 0 0 0 0 0 0 0]
[7171108391972160877077297103155632515769121916225911224293829992881011664998865004599086793254324767759600456801012807681175959995936337370132540528456475377638807520137097205560413969387758911409816447206631019972110899704020085361257984833425520724471044083705667822089348166742324712785775228555345 1 0 0 0 0 0 0 0 0 0 0 0 0 0 0 0 0 0 0 0 0 0 0 0 0 0 0 0 0 0 0 0 0 0 0 0 0 0 0 0 0 0 0 0 0 0 0 0 0 0 0 0 0 0 0 0 0 0 0 0 0 0 0 0 0 0 0 0 0 0 0 0 0 0 0 0 0 0 0 0 0 0 0 0 0 0 0 0 0 0 0 0 0 0 0 0 0 0 0]
[4656224811335816783288750338029798373796500979873205210261265899136456341809089372523086551692946475269133935290171505657008550532130736500895305477766833075681083159142882500380263187748189582480930813256404355327286202658902674919969540427274889412558912377270926879840514222254899422900305032630080 0 1 0 0 0 0 0 0 0 0 0 0 0 0 0 0 0 0 0 0 0 0 0 0 0 0 0 0 0 0 0 0 0 0 0 0 0 0 0 0 0 0 0 0 0 0 0 0 0 0 0 0 0 0 0 0 0 0 0 0 0 0 0 0 0 0 0 0 0 0 0 0 0 0 0 0 0 0 0 0 0 0 0 0 0 0 0 0 0 0 0 0 0 0 0 0 0 0 0]
[2651803152098064111335820997250256480989255947870935035039916177346938617800384922135860516869422600356360405122562604358984499769620325372430376501867981305010616158005620265588035606104128315036736209538468449696655060594913225513041867327112475315604402647464588557380459927888426833663666285202665 0 0 1 0 0 0 0 0 0 0 0 0 0 0 0 0 0 0 0 0 0 0 0 0 0 0 0 0 0 0 0 0 0 0 0 0 0 0 0 0 0 0 0 0 0 0 0 0 0 0 0 0 0 0 0 0 0 0 0 0 0 0 0 0 0 0 0 0 0 0 0 0 0 0 0 0 0 0 0 0 0 0 0 0 0 0 0 0 0 0 0 0 0 0 0 0 0 0 0]
[1093976342340469352763194506847394460293236329131001910879257399701963939619616928374403609481677945477315668439143750113239729577575123818284397904945321728872727657550817506432468008935981079395150851099644424123232681586337472243691825016890736672969785495329450856079740891322545396397032462030331 0 0 0 1 0 0 0 0 0 0 0 0 0 0 0 0 0 0 0 0 0 0 0 0 0 0 0 0 0 0 0 0 0 0 0 0 0 0 0 0 0 0 0 0 0 0 0 0 0 0 0 0 0 0 0 0 0 0 0 0 0 0 0 0 0 0 0 0 0 0 0 0 0 0 0 0 0 0 0 0 0 0 0 0 0 0 0 0 0 0 0 0 0 0 0 0 0 0 0]
[2575997436569739858742616518639006773551399254844065771749146599657307226769776999428721174280639768360410270841231174647297195168096544953952733691245498295270775440896342812112752860770268775971982177418075623579426497796702100095457543433171943158181976218158101333386320606229533811458043648725543 0 0 0 0 1 0 0 0 0 0 0 0 0 0 0 0 0 0 0 0 0 0 0 0 0 0 0 0 0 0 0 0 0 0 0 0 0 0 0 0 0 0 0 0 0 0 0 0 0 0 0 0 0 0 0 0 0 0 0 0 0 0 0 0 0 0 0 0 0 0 0 0 0 0 0 0 0 0 0 0 0 0 0 0 0 0 0 0 0 0 0 0 0 0 0 0 0 0 0]
[6362284669918489884859942872299616485608390253507258794258933528328017253092409752083081933726940350081512421706974872984861158462346316890045793390880503690872470539583225387233116302952117980281883685315109747665098503815333549227977643709517391372502721804471344738075947389998276909966907226293575 0 0 0 0 0 1 0 0 0 0 0 0 0 0 0 0 0 0 0 0 0 0 0 0 0 0 0 0 0 0 0 0 0 0 0 0 0 0 0 0 0 0 0 0 0 0 0 0 0 0 0 0 0 0 0 0 0 0 0 0 0 0 0 0 0 0 0 0 0 0 0 0 0 0 0 0 0 0 0 0 0 0 0 0 0 0 0 0 0 0 0 0 0 0 0 0 0 0 0]
[4770998333117217455584402882962508047783230974005689657275980658688825927988744975436333982729741781140956431026673904841171875960905435733483593080019828374835875207292025389650516367025321380178743482783144554844450965920122816969456009345762880895666151590818749765516468149530396203736476444394146 0 0 0 0 0 0 1 0 0 0 0 0 0 0 0 0 0 0 0 0 0 0 0 0 0 0 0 0 0 0 0 0 0 0 0 0 0 0 0 0 0 0 0 0 0 0 0 0 0 0 0 0 0 0 0 0 0 0 0 0 0 0 0 0 0 0 0 0 0 0 0 0 0 0 0 0 0 0 0 0 0 0 0 0 0 0 0 0 0 0 0 0 0 0 0 0 0 0 0]
[3998091109922044146200047029543759294289623327573839006189416864571974986237591623733359771058463732835327548418516853114775660348327810892871840916330487951290981316804003086761602188213067220996749983608500207014122689987528860670952211204364880452287109811606961360636777270029864714606304674829130 0 0 0 0 0 0 0 1 0 0 0 0 0 0 0 0 0 0 0 0 0 0 0 0 0 0 0 0 0 0 0 0 0 0 0 0 0 0 0 0 0 0 0 0 0 0 0 0 0 0 0 0 0 0 0 0 0 0 0 0 0 0 0 0 0 0 0 0 0 0 0 0 0 0 0 0 0 0 0 0 0 0 0 0 0 0 0 0 0 0 0 0 0 0 0 0 0 0 0]
[2323930911957464334114929557758776641186470596130908646507192160464778838440508680104631938306851338158953443023322803751464722262355072655423434496571252828151324407146999894509453078429510343091087866014483121063286622921928367651709571681124206286159992868146391990286096031891149541308962548927159 0 0 0 0 0 0 0 0 1 0 0 0 0 0 0 0 0 0 0 0 0 0 0 0 0 0 0 0 0 0 0 0 0 0 0 0 0 0 0 0 0 0 0 0 0 0 0 0 0 0 0 0 0 0 0 0 0 0 0 0 0 0 0 0 0 0 0 0 0 0 0 0 0 0 0 0 0 0 0 0 0 0 0 0 0 0 0 0 0 0 0 0 0 0 0 0 0 0 0]
[5569899545905541177140031861709658874139341587129684401716947313998819990222801112407609948301482032827647230128133297814302285845505825399945325114795698538144099140161662297719299861680883793523133678986685291260719286942286318764735397373896565142307182176220461996283892087178240262452144476224398 0 0 0 0 0 0 0 0 0 1 0 0 0 0 0 0 0 0 0 0 0 0 0 0 0 0 0 0 0 0 0 0 0 0 0 0 0 0 0 0 0 0 0 0 0 0 0 0 0 0 0 0 0 0 0 0 0 0 0 0 0 0 0 0 0 0 0 0 0 0 0 0 0 0 0 0 0 0 0 0 0 0 0 0 0 0 0 0 0 0 0 0 0 0 0 0 0 0 0]
[4131344068300596927001323462863297355002821655109216050777050578386343153485730837611442606999742132119568542576182369603618217890794348835396428147600229078511068972013584518142734121989731664209387626445022901066023878411540566342442954173164862571573497050446907321137501040329701286842173262465761 0 0 0 0 0 0 0 0 0 0 1 0 0 0 0 0 0 0 0 0 0 0 0 0 0 0 0 0 0 0 0 0 0 0 0 0 0 0 0 0 0 0 0 0 0 0 0 0 0 0 0 0 0 0 0 0 0 0 0 0 0 0 0 0 0 0 0 0 0 0 0 0 0 0 0 0 0 0 0 0 0 0 0 0 0 0 0 0 0 0 0 0 0 0 0 0 0 0 0]
[5010024961274398309929714241229174150640193330939722776430913202554079770532970710130566823331984250952878188575673774787922909352138560920832194511364791982995898859823898534672356247986600511872729222535377478987213480243757292244857488051278041794047467820021908679812448043563806932295673735092295 0 0 0 0 0 0 0 0 0 0 0 1 0 0 0 0 0 0 0 0 0 0 0 0 0 0 0 0 0 0 0 0 0 0 0 0 0 0 0 0 0 0 0 0 0 0 0 0 0 0 0 0 0 0 0 0 0 0 0 0 0 0 0 0 0 0 0 0 0 0 0 0 0 0 0 0 0 0 0 0 0 0 0 0 0 0 0 0 0 0 0 0 0 0 0 0 0 0 0]
[5580308861070978230070393848828195963183338773499756288573354337558554496393312297520260757498790596201764053619754900710385003416251360052701628416242414064667024492461469963423702799659887641675791439697205915611902771978266850165056675755051816381657514296541540290897279945838579989897571044888078 0 0 0 0 0 0 0 0 0 0 0 0 1 0 0 0 0 0 0 0 0 0 0 0 0 0 0 0 0 0 0 0 0 0 0 0 0 0 0 0 0 0 0 0 0 0 0 0 0 0 0 0 0 0 0 0 0 0 0 0 0 0 0 0 0 0 0 0 0 0 0 0 0 0 0 0 0 0 0 0 0 0 0 0 0 0 0 0 0 0 0 0 0 0 0 0 0 0 0]
[2476411718938624651152502975757892832584820203122285956848551856662144604952450371554362878430546610611187772204541076762111250168597849905694406712830703092862288013619410475549013706405463115324706483261655574692066493497837855375699553885941367291623982142429281019711964993611657692326290377587068 0 0 0 0 0 0 0 0 0 0 0 0 0 1 0 0 0 0 0 0 0 0 0 0 0 0 0 0 0 0 0 0 0 0 0 0 0 0 0 0 0 0 0 0 0 0 0 0 0 0 0 0 0 0 0 0 0 0 0 0 0 0 0 0 0 0 0 0 0 0 0 0 0 0 0 0 0 0 0 0 0 0 0 0 0 0 0 0 0 0 0 0 0 0 0 0 0 0 0]
[5584318736595839957912269288186021840162500209394729657496199002179588815528192519927805707468970047171079814624776180205988903911740384500655976485688178568294784188546965565899262021725756965412237794749138256981201665891357803983896516411653246991714383208506211223729188188550907471020146131530116 0 0 0 0 0 0 0 0 0 0 0 0 0 0 1 0 0 0 0 0 0 0 0 0 0 0 0 0 0 0 0 0 0 0 0 0 0 0 0 0 0 0 0 0 0 0 0 0 0 0 0 0 0 0 0 0 0 0 0 0 0 0 0 0 0 0 0 0 0 0 0 0 0 0 0 0 0 0 0 0 0 0 0 0 0 0 0 0 0 0 0 0 0 0 0 0 0 0 0]
[8022677138513715571172183112966999966137117818152960333406328810922007550771514075902941115818020672718861531029590661804965753233152059574397334997257637095556674651198136431011473822296546422254600768884595788811465733858611401387787199434628397158497699484444779822557758731042588182184673351222794 0 0 0 0 0 0 0 0 0 0 0 0 0 0 0 1 0 0 0 0 0 0 0 0 0 0 0 0 0 0 0 0 0 0 0 0 0 0 0 0 0 0 0 0 0 0 0 0 0 0 0 0 0 0 0 0 0 0 0 0 0 0 0 0 0 0 0 0 0 0 0 0 0 0 0 0 0 0 0 0 0 0 0 0 0 0 0 0 0 0 0 0 0 0 0 0 0 0 0]
[912273349824226195139892694668325033532341090033215208856407171565067371832064160257908058716153836082805075099493497094819684045315117952620051882180626410752630939251484892493393080934193593767064525724594412253972477081289888589350942920149993345761870361516198531906657743771495402803750860862713 0 0 0 0 0 0 0 0 0 0 0 0 0 0 0 0 1 0 0 0 0 0 0 0 0 0 0 0 0 0 0 0 0 0 0 0 0 0 0 0 0 0 0 0 0 0 0 0 0 0 0 0 0 0 0 0 0 0 0 0 0 0 0 0 0 0 0 0 0 0 0 0 0 0 0 0 0 0 0 0 0 0 0 0 0 0 0 0 0 0 0 0 0 0 0 0 0 0 0]
[4101227104904565980665031181003071358275682203072517861166048214949041927430569086116938924281955355440604445071702941949546171013892359193183739467143950110457611909093835252989620603404835950728668186202387293553274514567349277055994439159761413957151724012269485132195469505592215422087546160346213 0 0 0 0 0 0 0 0 0 0 0 0 0 0 0 0 0 1 0 0 0 0 0 0 0 0 0 0 0 0 0 0 0 0 0 0 0 0 0 0 0 0 0 0 0 0 0 0 0 0 0 0 0 0 0 0 0 0 0 0 0 0 0 0 0 0 0 0 0 0 0 0 0 0 0 0 0 0 0 0 0 0 0 0 0 0 0 0 0 0 0 0 0 0 0 0 0 0 0]
[3765878601659664334407183051161863705428062847432339549636419025568572363650580202393248300819262281749595927933583109868086375748098962351283429124071425975349192484359470282199783508834043210631897388358407891644494625729169237326602174235475157749564305133148272605100195277196328248058781511019771 0 0 0 0 0 0 0 0 0 0 0 0 0 0 0 0 0 0 1 0 0 0 0 0 0 0 0 0 0 0 0 0 0 0 0 0 0 0 0 0 0 0 0 0 0 0 0 0 0 0 0 0 0 0 0 0 0 0 0 0 0 0 0 0 0 0 0 0 0 0 0 0 0 0 0 0 0 0 0 0 0 0 0 0 0 0 0 0 0 0 0 0 0 0 0 0 0 0 0]
[6440755680845817125979002936547664844923110654180179087280925571435641511673112284318823537751279047120319689103349568884105790499303555934669835550113356453802704470068590217958506485631956884649022617237649061629578487372268959209422064366873168943662344534093120477486799030484502266862821573665027 0 0 0 0 0 0 0 0 0 0 0 0 0 0 0 0 0 0 0 1 0 0 0 0 0 0 0 0 0 0 0 0 0 0 0 0 0 0 0 0 0 0 0 0 0 0 0 0 0 0 0 0 0 0 0 0 0 0 0 0 0 0 0 0 0 0 0 0 0 0 0 0 0 0 0 0 0 0 0 0 0 0 0 0 0 0 0 0 0 0 0 0 0 0 0 0 0 0 0]
[774091373918354348430501579942887241233884664784295827762464787480620225566507438596754455961769842321513576102477061226378560398527612824988674022444991249800581282189635515168227156789436517997959481464646240206278340832021690373566612667819732070049333434685593915837216104424064023127158778580124 0 0 0 0 0 0 0 0 0 0 0 0 0 0 0 0 0 0 0 0 1 0 0 0 0 0 0 0 0 0 0 0 0 0 0 0 0 0 0 0 0 0 0 0 0 0 0 0 0 0 0 0 0 0 0 0 0 0 0 0 0 0 0 0 0 0 0 0 0 0 0 0 0 0 0 0 0 0 0 0 0 0 0 0 0 0 0 0 0 0 0 0 0 0 0 0 0 0 0]
[2049578801062499445442074119018148784219025216275472872318508056105747985692645613717983968491990537228951288376735870719210335998543347416532266466800306940515784225545095742655670062773198029188248110136692823514207486690862867078292498727201524518902567956901981258054940131543550819675000318887617 0 0 0 0 0 0 0 0 0 0 0 0 0 0 0 0 0 0 0 0 0 1 0 0 0 0 0 0 0 0 0 0 0 0 0 0 0 0 0 0 0 0 0 0 0 0 0 0 0 0 0 0 0 0 0 0 0 0 0 0 0 0 0 0 0 0 0 0 0 0 0 0 0 0 0 0 0 0 0 0 0 0 0 0 0 0 0 0 0 0 0 0 0 0 0 0 0 0 0]
[3172962583724292694655670113736669464553754107582408030598377986150416708350873480293402164545914501694725133268455723859999235387837973973860868373203318647324325462462502628933343939752337384766532693549627947339671160695579237612763618472892221583280450146714350198034300722732328406375907363337571 0 0 0 0 0 0 0 0 0 0 0 0 0 0 0 0 0 0 0 0 0 0 1 0 0 0 0 0 0 0 0 0 0 0 0 0 0 0 0 0 0 0 0 0 0 0 0 0 0 0 0 0 0 0 0 0 0 0 0 0 0 0 0 0 0 0 0 0 0 0 0 0 0 0 0 0 0 0 0 0 0 0 0 0 0 0 0 0 0 0 0 0 0 0 0 0 0 0 0]
[3701685891353954170449224554831430972480696252668006745179906889969159914500459615165090314956156204537622343290372649813215329093050628448696915619801824788594333545830503666864771489396693027340822586680123857000096008217296483715587295323925769844341851667458036554464566440417202336180730358214927 0 0 0 0 0 0 0 0 0 0 0 0 0 0 0 0 0 0 0 0 0 0 0 1 0 0 0 0 0 0 0 0 0 0 0 0 0 0 0 0 0 0 0 0 0 0 0 0 0 0 0 0 0 0 0 0 0 0 0 0 0 0 0 0 0 0 0 0 0 0 0 0 0 0 0 0 0 0 0 0 0 0 0 0 0 0 0 0 0 0 0 0 0 0 0 0 0 0 0]
[984712192305023077754488314396995924910930759104312473262611923841786239036429834955149615845893337010833465648513192339411202474528374664078758936388591209415986297965174268023237395875624751798435199607926882580484977288329444430014908066482383051523356235289833508415511599297772551294619181422296 0 0 0 0 0 0 0 0 0 0 0 0 0 0 0 0 0 0 0 0 0 0 0 0 1 0 0 0 0 0 0 0 0 0 0 0 0 0 0 0 0 0 0 0 0 0 0 0 0 0 0 0 0 0 0 0 0 0 0 0 0 0 0 0 0 0 0 0 0 0 0 0 0 0 0 0 0 0 0 0 0 0 0 0 0 0 0 0 0 0 0 0 0 0 0 0 0 0 0]
[5302793158925182585489365556334382763108741884115995056978604479194787541126005759301893428678775924622855700120156681857485227812005123409698718830863729028888825974393665526963140104026376130719762915997732877505410207585495271152988345379247001817710496562258022888863051134259959501646787559995650 0 0 0 0 0 0 0 0 0 0 0 0 0 0 0 0 0 0 0 0 0 0 0 0 0 1 0 0 0 0 0 0 0 0 0 0 0 0 0 0 0 0 0 0 0 0 0 0 0 0 0 0 0 0 0 0 0 0 0 0 0 0 0 0 0 0 0 0 0 0 0 0 0 0 0 0 0 0 0 0 0 0 0 0 0 0 0 0 0 0 0 0 0 0 0 0 0 0 0]
[1506917155445348748477600151415259836595941057377753181624948368203374219410825703196687600116299433688569303546336157716090720552751098258746897948950071083877263475365726771164869837189517309276239719572126142537797938992165285891792242202739807741612335427335322936876058070645502318385127248193255 0 0 0 0 0 0 0 0 0 0 0 0 0 0 0 0 0 0 0 0 0 0 0 0 0 0 1 0 0 0 0 0 0 0 0 0 0 0 0 0 0 0 0 0 0 0 0 0 0 0 0 0 0 0 0 0 0 0 0 0 0 0 0 0 0 0 0 0 0 0 0 0 0 0 0 0 0 0 0 0 0 0 0 0 0 0 0 0 0 0 0 0 0 0 0 0 0 0 0]
[7414685116094595868328250515765165806520414489384195723757072235226015454247636170171825472669186346147937997086062468515597033521618941850818572862444100443954250557075504465536054145185345412188787530986576898410328120012577909929159216463435289326038950209119819850942349333191098608422187959883161 0 0 0 0 0 0 0 0 0 0 0 0 0 0 0 0 0 0 0 0 0 0 0 0 0 0 0 1 0 0 0 0 0 0 0 0 0 0 0 0 0 0 0 0 0 0 0 0 0 0 0 0 0 0 0 0 0 0 0 0 0 0 0 0 0 0 0 0 0 0 0 0 0 0 0 0 0 0 0 0 0 0 0 0 0 0 0 0 0 0 0 0 0 0 0 0 0 0 0]
[3843492884426046399749449086951507595601513929366310347993660168032093632202043879423576810700453813073729608459416777428609024654346239919662471204792797342493619068590095316742030278584250437433915774564662232249998513635249650324422969769275810560791191902851996454458152412809654684649086446753559 0 0 0 0 0 0 0 0 0 0 0 0 0 0 0 0 0 0 0 0 0 0 0 0 0 0 0 0 1 0 0 0 0 0 0 0 0 0 0 0 0 0 0 0 0 0 0 0 0 0 0 0 0 0 0 0 0 0 0 0 0 0 0 0 0 0 0 0 0 0 0 0 0 0 0 0 0 0 0 0 0 0 0 0 0 0 0 0 0 0 0 0 0 0 0 0 0 0 0]
[3559432132244434734428013180042869284682734209205031917088617385661517126852775840241925912056891751669798147400413669569694988928066557635047730316896777608647538277777060410165783288294197653310491369473991994816721413346716666493020661454764961634169583950825181343618114267138759383839149171049436 0 0 0 0 0 0 0 0 0 0 0 0 0 0 0 0 0 0 0 0 0 0 0 0 0 0 0 0 0 1 0 0 0 0 0 0 0 0 0 0 0 0 0 0 0 0 0 0 0 0 0 0 0 0 0 0 0 0 0 0 0 0 0 0 0 0 0 0 0 0 0 0 0 0 0 0 0 0 0 0 0 0 0 0 0 0 0 0 0 0 0 0 0 0 0 0 0 0 0]
[957152514324535571727099345626945703585958039318637484438332523479669512189108003236537011425234706420385690661235711620845475903410248361081233681040113784864455030886215405742661299438234839912663699441654709808298843564342495384562476084399362088840214274979489958256104172901487805409827302387315 0 0 0 0 0 0 0 0 0 0 0 0 0 0 0 0 0 0 0 0 0 0 0 0 0 0 0 0 0 0 1 0 0 0 0 0 0 0 0 0 0 0 0 0 0 0 0 0 0 0 0 0 0 0 0 0 0 0 0 0 0 0 0 0 0 0 0 0 0 0 0 0 0 0 0 0 0 0 0 0 0 0 0 0 0 0 0 0 0 0 0 0 0 0 0 0 0 0 0]
[6847369868151607708750659090133617964659762313687975398176434131271674739027820240439986624320855504709742292720578342091105437423205129138168659375924176719439190143460011335061130809752486983184981150255377975165903259835499700427028852787293654623454479105369114309101546356437863083107421229786041 0 0 0 0 0 0 0 0 0 0 0 0 0 0 0 0 0 0 0 0 0 0 0 0 0 0 0 0 0 0 0 1 0 0 0 0 0 0 0 0 0 0 0 0 0 0 0 0 0 0 0 0 0 0 0 0 0 0 0 0 0 0 0 0 0 0 0 0 0 0 0 0 0 0 0 0 0 0 0 0 0 0 0 0 0 0 0 0 0 0 0 0 0 0 0 0 0 0 0]
[452912933853752646176511718248506620141741859579748089940250165722507397266519163389365417939241831323081297617586650012952856508340625155318723857897579421965189718077756882183830841075613131098039903634309587318648867802062660251448938119909389756252531253678364976748657095868302862331542440810662 0 0 0 0 0 0 0 0 0 0 0 0 0 0 0 0 0 0 0 0 0 0 0 0 0 0 0 0 0 0 0 0 1 0 0 0 0 0 0 0 0 0 0 0 0 0 0 0 0 0 0 0 0 0 0 0 0 0 0 0 0 0 0 0 0 0 0 0 0 0 0 0 0 0 0 0 0 0 0 0 0 0 0 0 0 0 0 0 0 0 0 0 0 0 0 0 0 0 0]
[7468833101519541750455694403028684964664836427225637048991966339247075959235805129630774938618619515394555538932680839986803525856364707827588046402791036051057093751987635977196095293105745468301288106552589046475200438762172761167063215726737119403187821833883841299554711952779556837046000734166217 0 0 0 0 0 0 0 0 0 0 0 0 0 0 0 0 0 0 0 0 0 0 0 0 0 0 0 0 0 0 0 0 0 1 0 0 0 0 0 0 0 0 0 0 0 0 0 0 0 0 0 0 0 0 0 0 0 0 0 0 0 0 0 0 0 0 0 0 0 0 0 0 0 0 0 0 0 0 0 0 0 0 0 0 0 0 0 0 0 0 0 0 0 0 0 0 0 0 0]
[5506611563296683309764919066225254887031269275138925792659616959640152223998821339331509846350887182732730412052024293699037980228268433565228209414314446565037605509263892530428476781813009273812011882291398734308179478999604797137299737125637545837860084180412793544135994917047630874950518357090658 0 0 0 0 0 0 0 0 0 0 0 0 0 0 0 0 0 0 0 0 0 0 0 0 0 0 0 0 0 0 0 0 0 0 1 0 0 0 0 0 0 0 0 0 0 0 0 0 0 0 0 0 0 0 0 0 0 0 0 0 0 0 0 0 0 0 0 0 0 0 0 0 0 0 0 0 0 0 0 0 0 0 0 0 0 0 0 0 0 0 0 0 0 0 0 0 0 0 0]
[3442936887297047518893119772465146505975963989796874594912072915980790086543836378164060727578621775587432857477967028594672001134203910015822616384793319782694222602348480836574162254702015587258187652440961897331716245282184825884443547322509716704914034580272594800391893016354953104097029759235801 0 0 0 0 0 0 0 0 0 0 0 0 0 0 0 0 0 0 0 0 0 0 0 0 0 0 0 0 0 0 0 0 0 0 0 1 0 0 0 0 0 0 0 0 0 0 0 0 0 0 0 0 0 0 0 0 0 0 0 0 0 0 0 0 0 0 0 0 0 0 0 0 0 0 0 0 0 0 0 0 0 0 0 0 0 0 0 0 0 0 0 0 0 0 0 0 0 0 0]
[6251912052830440137304475162664552340113679499234724952301684207735209134045400795025832151669582549583475934949096539676943667042565646823931952310520520338451114861321266455695220017290017568777272840429126881093832011044304642777059681765515312868773342462544862822803378530691763929270916922978453 0 0 0 0 0 0 0 0 0 0 0 0 0 0 0 0 0 0 0 0 0 0 0 0 0 0 0 0 0 0 0 0 0 0 0 0 1 0 0 0 0 0 0 0 0 0 0 0 0 0 0 0 0 0 0 0 0 0 0 0 0 0 0 0 0 0 0 0 0 0 0 0 0 0 0 0 0 0 0 0 0 0 0 0 0 0 0 0 0 0 0 0 0 0 0 0 0 0 0]
[2209447405423770227039881595928766045428783622631139008976762750058533750383992674696332177402929364931996188154723351682318010682328604961589783274019808925246213390546770052031007767952016357282723959539664331367663188904060875814789847658042099548821299015701905322348705760923425894015096319848363 0 0 0 0 0 0 0 0 0 0 0 0 0 0 0 0 0 0 0 0 0 0 0 0 0 0 0 0 0 0 0 0 0 0 0 0 0 1 0 0 0 0 0 0 0 0 0 0 0 0 0 0 0 0 0 0 0 0 0 0 0 0 0 0 0 0 0 0 0 0 0 0 0 0 0 0 0 0 0 0 0 0 0 0 0 0 0 0 0 0 0 0 0 0 0 0 0 0 0]
[2136360410271335852279962584782640852643464163704040243611199096316533428753096948893935875706377720304214043827491154188628369850385104053652875271855151200371557366425833111327973154949727939466164528111340751482192087650950057154212557746344543387318338169998736781334989097601955200163652520572011 0 0 0 0 0 0 0 0 0 0 0 0 0 0 0 0 0 0 0 0 0 0 0 0 0 0 0 0 0 0 0 0 0 0 0 0 0 0 1 0 0 0 0 0 0 0 0 0 0 0 0 0 0 0 0 0 0 0 0 0 0 0 0 0 0 0 0 0 0 0 0 0 0 0 0 0 0 0 0 0 0 0 0 0 0 0 0 0 0 0 0 0 0 0 0 0 0 0 0]
[6261386974510609196581491739630298143305584665646178678375073365506673603164402791216857871032609202713050078289044111569030310740947096699484321014130526716157961275182992489699148301611695820047576151607789995895676499214275297335847498251063332810192352117531823487411955424023118689580360916449125 0 0 0 0 0 0 0 0 0 0 0 0 0 0 0 0 0 0 0 0 0 0 0 0 0 0 0 0 0 0 0 0 0 0 0 0 0 0 0 1 0 0 0 0 0 0 0 0 0 0 0 0 0 0 0 0 0 0 0 0 0 0 0 0 0 0 0 0 0 0 0 0 0 0 0 0 0 0 0 0 0 0 0 0 0 0 0 0 0 0 0 0 0 0 0 0 0 0 0]
[6248673967206634302847686873475068271089065723656630284501006419605397355344361366024030871954026708129186066312184033832330744712427668283928742216630374941711507088454812583183399200310582799082666734875224615886813184414261120385986580742643735086605921484092412732935485535909282638802034956198840 0 0 0 0 0 0 0 0 0 0 0 0 0 0 0 0 0 0 0 0 0 0 0 0 0 0 0 0 0 0 0 0 0 0 0 0 0 0 0 0 1 0 0 0 0 0 0 0 0 0 0 0 0 0 0 0 0 0 0 0 0 0 0 0 0 0 0 0 0 0 0 0 0 0 0 0 0 0 0 0 0 0 0 0 0 0 0 0 0 0 0 0 0 0 0 0 0 0 0]
[2238922193404426258226293769397253607387754672595682054301950303518287381024493037363771871138508637966694187858338683251285948600198077525341030119064242036584385665890660707473335551639221379999294620720698029449752478703332906608261983056579310948863190215881925458648666712675483703123634083369554 0 0 0 0 0 0 0 0 0 0 0 0 0 0 0 0 0 0 0 0 0 0 0 0 0 0 0 0 0 0 0 0 0 0 0 0 0 0 0 0 0 1 0 0 0 0 0 0 0 0 0 0 0 0 0 0 0 0 0 0 0 0 0 0 0 0 0 0 0 0 0 0 0 0 0 0 0 0 0 0 0 0 0 0 0 0 0 0 0 0 0 0 0 0 0 0 0 0 0]
[5943078001581890817064985957399820589259871718450058120766749401113188964344525757524898418582455480046092527430193160655893489742938227332218066109083207550975695149098643407418200874403705385899876581961212298708170101827899230294967706095382603903716585215243595368838477440172967246167301334196104 0 0 0 0 0 0 0 0 0 0 0 0 0 0 0 0 0 0 0 0 0 0 0 0 0 0 0 0 0 0 0 0 0 0 0 0 0 0 0 0 0 0 1 0 0 0 0 0 0 0 0 0 0 0 0 0 0 0 0 0 0 0 0 0 0 0 0 0 0 0 0 0 0 0 0 0 0 0 0 0 0 0 0 0 0 0 0 0 0 0 0 0 0 0 0 0 0 0 0]
[3162047557485304702610773855371567711164293063594626712512708770399657624593530012403610738837823892385544359189499161973035553150945786973236154474110822210445752540167890434598040148421930761134538587908695084798810932202062130912465014924810695589691219864079178965208390235454277808016521712772433 0 0 0 0 0 0 0 0 0 0 0 0 0 0 0 0 0 0 0 0 0 0 0 0 0 0 0 0 0 0 0 0 0 0 0 0 0 0 0 0 0 0 0 1 0 0 0 0 0 0 0 0 0 0 0 0 0 0 0 0 0 0 0 0 0 0 0 0 0 0 0 0 0 0 0 0 0 0 0 0 0 0 0 0 0 0 0 0 0 0 0 0 0 0 0 0 0 0 0]
[7757964629543275399489843830545525330357921373003129797301836703591107298565666057878178658681509540715991153656758074761465551254111414487008972829570005941477077664699156445910965387803818651900065950808816754359983086665884365799134869876255021871658519533253102660008064476027997352879635122251168 0 0 0 0 0 0 0 0 0 0 0 0 0 0 0 0 0 0 0 0 0 0 0 0 0 0 0 0 0 0 0 0 0 0 0 0 0 0 0 0 0 0 0 0 1 0 0 0 0 0 0 0 0 0 0 0 0 0 0 0 0 0 0 0 0 0 0 0 0 0 0 0 0 0 0 0 0 0 0 0 0 0 0 0 0 0 0 0 0 0 0 0 0 0 0 0 0 0 0]
[3025592916362992432025380470813460337617873462170600177373828647401774423080602868669587948345637382840351811432588581455128930802561943304997323242131494258948625381966426445669408734307908734362303878414890314667559123147514273096760911810201593877786051208897196751597510227181362504489547510894326 0 0 0 0 0 0 0 0 0 0 0 0 0 0 0 0 0 0 0 0 0 0 0 0 0 0 0 0 0 0 0 0 0 0 0 0 0 0 0 0 0 0 0 0 0 1 0 0 0 0 0 0 0 0 0 0 0 0 0 0 0 0 0 0 0 0 0 0 0 0 0 0 0 0 0 0 0 0 0 0 0 0 0 0 0 0 0 0 0 0 0 0 0 0 0 0 0 0 0]
[3647199542787925856438149080764676965063807982506622246403437400490455794917513751900425330582033620581811045744186678421318028473480633715709019039817970096833959741732602826706374200985124090875386990489891235421684488599081333450167165607865823706546696019011406272368258553449262953954047467480746 0 0 0 0 0 0 0 0 0 0 0 0 0 0 0 0 0 0 0 0 0 0 0 0 0 0 0 0 0 0 0 0 0 0 0 0 0 0 0 0 0 0 0 0 0 0 1 0 0 0 0 0 0 0 0 0 0 0 0 0 0 0 0 0 0 0 0 0 0 0 0 0 0 0 0 0 0 0 0 0 0 0 0 0 0 0 0 0 0 0 0 0 0 0 0 0 0 0 0]
[6328494585069315256073870077634847415984756694097377433538270369696994730241703852385509394390260576534117430874359063205641429418822330586342455320603165185464779827502924794488373653393326971309631586313672604388524414870014225966316350792986768753193933950382294865815747955714353259672448531301867 0 0 0 0 0 0 0 0 0 0 0 0 0 0 0 0 0 0 0 0 0 0 0 0 0 0 0 0 0 0 0 0 0 0 0 0 0 0 0 0 0 0 0 0 0 0 0 1 0 0 0 0 0 0 0 0 0 0 0 0 0 0 0 0 0 0 0 0 0 0 0 0 0 0 0 0 0 0 0 0 0 0 0 0 0 0 0 0 0 0 0 0 0 0 0 0 0 0 0]
[2760243998121634210661568883810794592347453240294379002375773300833844386643623166056941684676148943587852819901752058086407194108285392354010282739147583982395691736462151745049770126476564761451333399309833011094112685285242844681560280923838767153199012761457648349747465915863432375407182233802167 0 0 0 0 0 0 0 0 0 0 0 0 0 0 0 0 0 0 0 0 0 0 0 0 0 0 0 0 0 0 0 0 0 0 0 0 0 0 0 0 0 0 0 0 0 0 0 0 1 0 0 0 0 0 0 0 0 0 0 0 0 0 0 0 0 0 0 0 0 0 0 0 0 0 0 0 0 0 0 0 0 0 0 0 0 0 0 0 0 0 0 0 0 0 0 0 0 0 0]
[212191682946788040135388969996403151971775526694441291454621250542603556692740796083893916477988256514272626642002389462834270533796973482692744638158020036516895500845177632116643232403253188454668251266234021115951651143595418001204571327749175585552894549539461424402664695064530307645392690216116 0 0 0 0 0 0 0 0 0 0 0 0 0 0 0 0 0 0 0 0 0 0 0 0 0 0 0 0 0 0 0 0 0 0 0 0 0 0 0 0 0 0 0 0 0 0 0 0 0 1 0 0 0 0 0 0 0 0 0 0 0 0 0 0 0 0 0 0 0 0 0 0 0 0 0 0 0 0 0 0 0 0 0 0 0 0 0 0 0 0 0 0 0 0 0 0 0 0 0]
[3296979785169743607441166079803960645384787433113375868425353067397516042741117692065119042771586355959027539196263012899790224303795320012801851938126132605292439746862128759862637916842842175995646153524978510082884076918095623862696207178810005943222683805926694516072479285890237559384160424837120 0 0 0 0 0 0 0 0 0 0 0 0 0 0 0 0 0 0 0 0 0 0 0 0 0 0 0 0 0 0 0 0 0 0 0 0 0 0 0 0 0 0 0 0 0 0 0 0 0 0 1 0 0 0 0 0 0 0 0 0 0 0 0 0 0 0 0 0 0 0 0 0 0 0 0 0 0 0 0 0 0 0 0 0 0 0 0 0 0 0 0 0 0 0 0 0 0 0 0]
[5029983352685388039699603496800288719350072699412123909760341196831903584771328250526693008914049486928356031493107249782436639655185087832388508080661192700936187559432764257392088536630237233583407920155503120782190708591699345020864125230194193980002095653675484285508278955381424345477445614927925 0 0 0 0 0 0 0 0 0 0 0 0 0 0 0 0 0 0 0 0 0 0 0 0 0 0 0 0 0 0 0 0 0 0 0 0 0 0 0 0 0 0 0 0 0 0 0 0 0 0 0 1 0 0 0 0 0 0 0 0 0 0 0 0 0 0 0 0 0 0 0 0 0 0 0 0 0 0 0 0 0 0 0 0 0 0 0 0 0 0 0 0 0 0 0 0 0 0 0]
[3084892599086433382487754943112696022183303981751031017113748862187084163911965480819891612701262813441631343033301895673189861292113900260666620271042333134419882985108209098807554867202360661872659197378738747958055767770789372492407248229391801523559286959793113799204052646488327586097494098733469 0 0 0 0 0 0 0 0 0 0 0 0 0 0 0 0 0 0 0 0 0 0 0 0 0 0 0 0 0 0 0 0 0 0 0 0 0 0 0 0 0 0 0 0 0 0 0 0 0 0 0 0 1 0 0 0 0 0 0 0 0 0 0 0 0 0 0 0 0 0 0 0 0 0 0 0 0 0 0 0 0 0 0 0 0 0 0 0 0 0 0 0 0 0 0 0 0 0 0]
[1543844465485624957938179367339720549538511020450383969476098109299642137835232123876661085736473228819532045529212136455322134204268028606659552869519738625569717912028425198291202015517510734138467528495055864108359595864555049114709762132411024253756983313615137287030100089590165194096724706822573 0 0 0 0 0 0 0 0 0 0 0 0 0 0 0 0 0 0 0 0 0 0 0 0 0 0 0 0 0 0 0 0 0 0 0 0 0 0 0 0 0 0 0 0 0 0 0 0 0 0 0 0 0 1 0 0 0 0 0 0 0 0 0 0 0 0 0 0 0 0 0 0 0 0 0 0 0 0 0 0 0 0 0 0 0 0 0 0 0 0 0 0 0 0 0 0 0 0 0]
[6421241480557587478612724719521928219467687845712790980140915615874532581793067640574350372622711716481855948941125099519242196575511865935528434328953755925398857911536301464465555876165470338751140748273987318582043191829385558478033809502485615905991007392649256561017353933998411641796856949779193 0 0 0 0 0 0 0 0 0 0 0 0 0 0 0 0 0 0 0 0 0 0 0 0 0 0 0 0 0 0 0 0 0 0 0 0 0 0 0 0 0 0 0 0 0 0 0 0 0 0 0 0 0 0 1 0 0 0 0 0 0 0 0 0 0 0 0 0 0 0 0 0 0 0 0 0 0 0 0 0 0 0 0 0 0 0 0 0 0 0 0 0 0 0 0 0 0 0 0]
[2089734484532368026932920937462426130513508927139068169160901719223095130939834414671669915979351904973295123875375744461023446906345393066035770027011878264085599367661174676396541195658763681920668161480862534594637318354842383248368130020129540300138136378647213377655727076018196096351905631479365 0 0 0 0 0 0 0 0 0 0 0 0 0 0 0 0 0 0 0 0 0 0 0 0 0 0 0 0 0 0 0 0 0 0 0 0 0 0 0 0 0 0 0 0 0 0 0 0 0 0 0 0 0 0 0 1 0 0 0 0 0 0 0 0 0 0 0 0 0 0 0 0 0 0 0 0 0 0 0 0 0 0 0 0 0 0 0 0 0 0 0 0 0 0 0 0 0 0 0]
[3326487509997146492090632495792505440731015344152159999044364037510022528249020166293545757883231895778476502769221531041225819268347856295231206477394791309980210681018194908774631742306814912159829411439768450230876534891968253316568894015488615836974861046084584783147765490977244545932011165735162 0 0 0 0 0 0 0 0 0 0 0 0 0 0 0 0 0 0 0 0 0 0 0 0 0 0 0 0 0 0 0 0 0 0 0 0 0 0 0 0 0 0 0 0 0 0 0 0 0 0 0 0 0 0 0 0 1 0 0 0 0 0 0 0 0 0 0 0 0 0 0 0 0 0 0 0 0 0 0 0 0 0 0 0 0 0 0 0 0 0 0 0 0 0 0 0 0 0 0]
[2520522110040212922654460063758658986229313410780724101087961571210327488243977494238014146547885897682339475055105938436769672964263308289218734999548474655315280589116558140648073274939313346746064155310900912571670038917299285019946533852732454709113586287244820120633323602657721662315546401300367 0 0 0 0 0 0 0 0 0 0 0 0 0 0 0 0 0 0 0 0 0 0 0 0 0 0 0 0 0 0 0 0 0 0 0 0 0 0 0 0 0 0 0 0 0 0 0 0 0 0 0 0 0 0 0 0 0 1 0 0 0 0 0 0 0 0 0 0 0 0 0 0 0 0 0 0 0 0 0 0 0 0 0 0 0 0 0 0 0 0 0 0 0 0 0 0 0 0 0]
[1629869361669619534818590540656631852126641461255274221284468285567641036245128073819042147921776648561639193347240102755220510953754621077320160034228589159028920978408475848345904656342321663151381718140767254297444230445233286725336072720719210264347368376336954191489803682120266212242777542451399 0 0 0 0 0 0 0 0 0 0 0 0 0 0 0 0 0 0 0 0 0 0 0 0 0 0 0 0 0 0 0 0 0 0 0 0 0 0 0 0 0 0 0 0 0 0 0 0 0 0 0 0 0 0 0 0 0 0 1 0 0 0 0 0 0 0 0 0 0 0 0 0 0 0 0 0 0 0 0 0 0 0 0 0 0 0 0 0 0 0 0 0 0 0 0 0 0 0 0]
[7568761907732300305494096385364124457837984714033243924045915255966184795243786961107292582096229474078144564620708845545151444905984999500131277053335622495488641019192450561653345191108097376981326025436999538357522994594879628188163521721353095511415659691894903532434396765894060925436520449410109 0 0 0 0 0 0 0 0 0 0 0 0 0 0 0 0 0 0 0 0 0 0 0 0 0 0 0 0 0 0 0 0 0 0 0 0 0 0 0 0 0 0 0 0 0 0 0 0 0 0 0 0 0 0 0 0 0 0 0 1 0 0 0 0 0 0 0 0 0 0 0 0 0 0 0 0 0 0 0 0 0 0 0 0 0 0 0 0 0 0 0 0 0 0 0 0 0 0 0]
[6406545968236609332217784970722026378248856790031874348330388637550960002192394179528440081501165102420962051185552450433163531916463343130631937664464498678763443403801062732269513692071688101500909951548931227881065264765710942921921451548746195483950356626219716655640177775579759729780740692479025 0 0 0 0 0 0 0 0 0 0 0 0 0 0 0 0 0 0 0 0 0 0 0 0 0 0 0 0 0 0 0 0 0 0 0 0 0 0 0 0 0 0 0 0 0 0 0 0 0 0 0 0 0 0 0 0 0 0 0 0 1 0 0 0 0 0 0 0 0 0 0 0 0 0 0 0 0 0 0 0 0 0 0 0 0 0 0 0 0 0 0 0 0 0 0 0 0 0 0]
[7751429338484447881932675168932566445167268641171398585017690755681585745892703404327826367239825210303461062429719254145601735923882910515346336454055472162464257792418451088693865567924427596325421871081484496773681506390264184950464553216143223693916226156490441955876041977732101800489712016685365 0 0 0 0 0 0 0 0 0 0 0 0 0 0 0 0 0 0 0 0 0 0 0 0 0 0 0 0 0 0 0 0 0 0 0 0 0 0 0 0 0 0 0 0 0 0 0 0 0 0 0 0 0 0 0 0 0 0 0 0 0 1 0 0 0 0 0 0 0 0 0 0 0 0 0 0 0 0 0 0 0 0 0 0 0 0 0 0 0 0 0 0 0 0 0 0 0 0 0]
[2896930783624033022385883317161422782291753838522641433051562346529427385098837151860237959730150613953802236478487269025411294784585999383402748145841540648066905641312161333650378310377304931412992557186909022608657393388704822438820743932370975333276845301903625378008499563043787579213023137125216 0 0 0 0 0 0 0 0 0 0 0 0 0 0 0 0 0 0 0 0 0 0 0 0 0 0 0 0 0 0 0 0 0 0 0 0 0 0 0 0 0 0 0 0 0 0 0 0 0 0 0 0 0 0 0 0 0 0 0 0 0 0 1 0 0 0 0 0 0 0 0 0 0 0 0 0 0 0 0 0 0 0 0 0 0 0 0 0 0 0 0 0 0 0 0 0 0 0 0]
[2101281783069777518029198186973634003758538271008962553885261196780533510537861748617524771295582736292492484320365342289055954847124371650120072916702054039938979930559100835223354701778642564492420412865074578527887929541113853541184852763352722705957123655886222671473493768283068427072898806520986 0 0 0 0 0 0 0 0 0 0 0 0 0 0 0 0 0 0 0 0 0 0 0 0 0 0 0 0 0 0 0 0 0 0 0 0 0 0 0 0 0 0 0 0 0 0 0 0 0 0 0 0 0 0 0 0 0 0 0 0 0 0 0 1 0 0 0 0 0 0 0 0 0 0 0 0 0 0 0 0 0 0 0 0 0 0 0 0 0 0 0 0 0 0 0 0 0 0 0]
[7783374506603453447826493424208976057933398581833616074027373444486151792880859127997870101372105880279094204636172973867232306435962926327233993660976381932983384382259676802142508432227304006233535447519212999733256025749573692377476148736118060707989739324008046684960117979953755104584385205432074 0 0 0 0 0 0 0 0 0 0 0 0 0 0 0 0 0 0 0 0 0 0 0 0 0 0 0 0 0 0 0 0 0 0 0 0 0 0 0 0 0 0 0 0 0 0 0 0 0 0 0 0 0 0 0 0 0 0 0 0 0 0 0 0 1 0 0 0 0 0 0 0 0 0 0 0 0 0 0 0 0 0 0 0 0 0 0 0 0 0 0 0 0 0 0 0 0 0 0]
[6404786835368656465847425110446787096619634200972251118223579201955058310807057478953004605060493579587551233699400631022149108421173369270903806953577708828430306212053005595386592810884115614146576484707289008671153722431475944011181999745173765821776371838786415504382213186611550062487463960844275 0 0 0 0 0 0 0 0 0 0 0 0 0 0 0 0 0 0 0 0 0 0 0 0 0 0 0 0 0 0 0 0 0 0 0 0 0 0 0 0 0 0 0 0 0 0 0 0 0 0 0 0 0 0 0 0 0 0 0 0 0 0 0 0 0 1 0 0 0 0 0 0 0 0 0 0 0 0 0 0 0 0 0 0 0 0 0 0 0 0 0 0 0 0 0 0 0 0 0]
[1376851486310744939949339930990105958187132910888632944920177915739992192304538782166189387170784252578657816361533766363376428491632925093434705815203841038351185223880091127628605330943326610194135754167071059047949136204767302704365767482121012396434012741553921602363908229543339604117947566863780 0 0 0 0 0 0 0 0 0 0 0 0 0 0 0 0 0 0 0 0 0 0 0 0 0 0 0 0 0 0 0 0 0 0 0 0 0 0 0 0 0 0 0 0 0 0 0 0 0 0 0 0 0 0 0 0 0 0 0 0 0 0 0 0 0 0 1 0 0 0 0 0 0 0 0 0 0 0 0 0 0 0 0 0 0 0 0 0 0 0 0 0 0 0 0 0 0 0 0]
[1070339858487708947023736154051511020683866316756954965095739263185959437005855489236166996307426309448066078631262055227158094390335004822945211294972589251843140943615482677475670224344946963163882772515281129826262800107661512715788017461464308531797531767714655032649313007327293782091112361328702 0 0 0 0 0 0 0 0 0 0 0 0 0 0 0 0 0 0 0 0 0 0 0 0 0 0 0 0 0 0 0 0 0 0 0 0 0 0 0 0 0 0 0 0 0 0 0 0 0 0 0 0 0 0 0 0 0 0 0 0 0 0 0 0 0 0 0 1 0 0 0 0 0 0 0 0 0 0 0 0 0 0 0 0 0 0 0 0 0 0 0 0 0 0 0 0 0 0 0]
[5443025959724608706090823826583944580178986868683812863341261027730452971339270508491223663504269872216382170710464638978636368848172666240584937588647457692706404588545351390418204053686875942889838587056924596727313668383443989504650738251302813198944591604182761341463520569069189225283990590141064 0 0 0 0 0 0 0 0 0 0 0 0 0 0 0 0 0 0 0 0 0 0 0 0 0 0 0 0 0 0 0 0 0 0 0 0 0 0 0 0 0 0 0 0 0 0 0 0 0 0 0 0 0 0 0 0 0 0 0 0 0 0 0 0 0 0 0 0 1 0 0 0 0 0 0 0 0 0 0 0 0 0 0 0 0 0 0 0 0 0 0 0 0 0 0 0 0 0 0]
[2246362555478681197039178072928284498313913540840741271136706438834728491283118610248121178056774000171370558065512194969958281044463206115056905602482144606592990743858347813067183486871205197105670802373898757648958514339849196358060457549457521602429123872553498257304880669386407869838758043306333 0 0 0 0 0 0 0 0 0 0 0 0 0 0 0 0 0 0 0 0 0 0 0 0 0 0 0 0 0 0 0 0 0 0 0 0 0 0 0 0 0 0 0 0 0 0 0 0 0 0 0 0 0 0 0 0 0 0 0 0 0 0 0 0 0 0 0 0 0 1 0 0 0 0 0 0 0 0 0 0 0 0 0 0 0 0 0 0 0 0 0 0 0 0 0 0 0 0 0]
[5125895171760899728378517758322114299610263472118318891979605299931425499230567706453660025004873735733540104987874030980621058826990734360743902731272532452733164275548368797036851151488415805434183427692062266948189305805656410068158402147156656663682695309996351454703345898732470753462325456231249 0 0 0 0 0 0 0 0 0 0 0 0 0 0 0 0 0 0 0 0 0 0 0 0 0 0 0 0 0 0 0 0 0 0 0 0 0 0 0 0 0 0 0 0 0 0 0 0 0 0 0 0 0 0 0 0 0 0 0 0 0 0 0 0 0 0 0 0 0 0 1 0 0 0 0 0 0 0 0 0 0 0 0 0 0 0 0 0 0 0 0 0 0 0 0 0 0 0 0]
[64506357091385476686138101086889969583300460863964255627429133108336980667805247740793592174278285415666887604698865745068835112414879617099750237989521738196824943894714751128313098798422059866583984451047658265582539749651274888372460914377621407696305855184072660433047802170939917098066105059192 0 0 0 0 0 0 0 0 0 0 0 0 0 0 0 0 0 0 0 0 0 0 0 0 0 0 0 0 0 0 0 0 0 0 0 0 0 0 0 0 0 0 0 0 0 0 0 0 0 0 0 0 0 0 0 0 0 0 0 0 0 0 0 0 0 0 0 0 0 0 0 1 0 0 0 0 0 0 0 0 0 0 0 0 0 0 0 0 0 0 0 0 0 0 0 0 0 0 0]
[1255147186476879658943746979209774162435450291889470345031921514526720863503666463353481543265650141764494176237828806983952370379948707028976446277803826570767254558015010116629118222519647852387108200618227557047430487071066823873108921313878258457473571175635273572495488785524766367935876699256312 0 0 0 0 0 0 0 0 0 0 0 0 0 0 0 0 0 0 0 0 0 0 0 0 0 0 0 0 0 0 0 0 0 0 0 0 0 0 0 0 0 0 0 0 0 0 0 0 0 0 0 0 0 0 0 0 0 0 0 0 0 0 0 0 0 0 0 0 0 0 0 0 1 0 0 0 0 0 0 0 0 0 0 0 0 0 0 0 0 0 0 0 0 0 0 0 0 0 0]
[2760680680733766623807314109358838373676396126554911046477616604963133381819058757072973082847633417171131240825480081504400712656507972968573796352110100981310044899914728113020476337762965831366559657898284281770401408121589986938692234374646525011459025577440702600454792181626615039044533798624606 0 0 0 0 0 0 0 0 0 0 0 0 0 0 0 0 0 0 0 0 0 0 0 0 0 0 0 0 0 0 0 0 0 0 0 0 0 0 0 0 0 0 0 0 0 0 0 0 0 0 0 0 0 0 0 0 0 0 0 0 0 0 0 0 0 0 0 0 0 0 0 0 0 1 0 0 0 0 0 0 0 0 0 0 0 0 0 0 0 0 0 0 0 0 0 0 0 0 0]
[4557484850750907713122192811413515751252908444975889816620588594765835222814849494201316185548374853913705224044989528550852159632322629068178165495433117778309629770403825322910454534147174427693298120597599917977528496499935498694832570220344833685484681339985731246730501229498322258003673465481821 0 0 0 0 0 0 0 0 0 0 0 0 0 0 0 0 0 0 0 0 0 0 0 0 0 0 0 0 0 0 0 0 0 0 0 0 0 0 0 0 0 0 0 0 0 0 0 0 0 0 0 0 0 0 0 0 0 0 0 0 0 0 0 0 0 0 0 0 0 0 0 0 0 0 1 0 0 0 0 0 0 0 0 0 0 0 0 0 0 0 0 0 0 0 0 0 0 0 0]
[1251381218443525308216889828157958906132547296738211347412431997468409307592380156038952579494365607463115613613288507491409678678568131517142878173305929549942441016129300297770017512830837718457224358971856073830573908684157676824977130894487034242404277817565740904086346978333414394179365530406361 0 0 0 0 0 0 0 0 0 0 0 0 0 0 0 0 0 0 0 0 0 0 0 0 0 0 0 0 0 0 0 0 0 0 0 0 0 0 0 0 0 0 0 0 0 0 0 0 0 0 0 0 0 0 0 0 0 0 0 0 0 0 0 0 0 0 0 0 0 0 0 0 0 0 0 1 0 0 0 0 0 0 0 0 0 0 0 0 0 0 0 0 0 0 0 0 0 0 0]
[5625060933742726134554753472850019799864430262059772500553097471859619803167545146361939514793536611611704916066720988230004043702317966048256472698808233914439953620479670044296195543453618854836945823030631058442119743500511353862430465594870367436691958550193156818190734004408597036380404278508811 0 0 0 0 0 0 0 0 0 0 0 0 0 0 0 0 0 0 0 0 0 0 0 0 0 0 0 0 0 0 0 0 0 0 0 0 0 0 0 0 0 0 0 0 0 0 0 0 0 0 0 0 0 0 0 0 0 0 0 0 0 0 0 0 0 0 0 0 0 0 0 0 0 0 0 0 1 0 0 0 0 0 0 0 0 0 0 0 0 0 0 0 0 0 0 0 0 0 0]
[705760042143040570525302322889036215765918459153398100403181396250991548195049362523532959984888413047419233669398468877989626398267520632996405465573493640111685199369536580940630795483895933810380013528348820516657641610322355295661952944535000876435253747908333944192700242785719756945093238835309 0 0 0 0 0 0 0 0 0 0 0 0 0 0 0 0 0 0 0 0 0 0 0 0 0 0 0 0 0 0 0 0 0 0 0 0 0 0 0 0 0 0 0 0 0 0 0 0 0 0 0 0 0 0 0 0 0 0 0 0 0 0 0 0 0 0 0 0 0 0 0 0 0 0 0 0 0 1 0 0 0 0 0 0 0 0 0 0 0 0 0 0 0 0 0 0 0 0 0]
[4890822434199286961403443310205739916245598845786129426533955031994956354698125599307267656942278825736916146703955880524017688255889179108676042578929202217601743464318870102954641558016771149342292109269255543101614061548402486906732959650244427175517431871843916680295830209713621557189531065077742 0 0 0 0 0 0 0 0 0 0 0 0 0 0 0 0 0 0 0 0 0 0 0 0 0 0 0 0 0 0 0 0 0 0 0 0 0 0 0 0 0 0 0 0 0 0 0 0 0 0 0 0 0 0 0 0 0 0 0 0 0 0 0 0 0 0 0 0 0 0 0 0 0 0 0 0 0 0 1 0 0 0 0 0 0 0 0 0 0 0 0 0 0 0 0 0 0 0 0]
[2311444419136374828510595067486021985725864804018007859539616484924855993425786021850186632302358599022863921445418474989347364985382940427907638392821098663282760898537057742317252123246090418889605049087337778059803353237411459006766532085742224930933181987397662383018183532334975966301612022660505 0 0 0 0 0 0 0 0 0 0 0 0 0 0 0 0 0 0 0 0 0 0 0 0 0 0 0 0 0 0 0 0 0 0 0 0 0 0 0 0 0 0 0 0 0 0 0 0 0 0 0 0 0 0 0 0 0 0 0 0 0 0 0 0 0 0 0 0 0 0 0 0 0 0 0 0 0 0 0 1 0 0 0 0 0 0 0 0 0 0 0 0 0 0 0 0 0 0 0]
[4584045264077157768953280664834062527828129607534878132112559214173430664506655554202571185052990362559325322765096911341256637682888218961913736700792544010902857342546228880414687621789557041623270136347470744187439574562072215768740464489624149552194594863500692761705577311043688746942391269454396 0 0 0 0 0 0 0 0 0 0 0 0 0 0 0 0 0 0 0 0 0 0 0 0 0 0 0 0 0 0 0 0 0 0 0 0 0 0 0 0 0 0 0 0 0 0 0 0 0 0 0 0 0 0 0 0 0 0 0 0 0 0 0 0 0 0 0 0 0 0 0 0 0 0 0 0 0 0 0 0 1 0 0 0 0 0 0 0 0 0 0 0 0 0 0 0 0 0 0]
[3365400733680238871568620091697539021871426077147896570250104325927710963389528661920389549605022006501463824175091030602933048110482318705952254473707447094690646648378203126418707802893161385673082632453672025022205322879091800043754462476873586862262197483976313859851391716067409878932943322497912 0 0 0 0 0 0 0 0 0 0 0 0 0 0 0 0 0 0 0 0 0 0 0 0 0 0 0 0 0 0 0 0 0 0 0 0 0 0 0 0 0 0 0 0 0 0 0 0 0 0 0 0 0 0 0 0 0 0 0 0 0 0 0 0 0 0 0 0 0 0 0 0 0 0 0 0 0 0 0 0 0 1 0 0 0 0 0 0 0 0 0 0 0 0 0 0 0 0 0]
[1476728897246093390154598057178284778288483820387660956467415171768154753048407829134814497030361234769342032635186377785891988771786033729989075658293588966441808231720196291425747967919049579338870639330058537960902273573320883479899064228227876477300228041068515448411220970704439360889310872778869 0 0 0 0 0 0 0 0 0 0 0 0 0 0 0 0 0 0 0 0 0 0 0 0 0 0 0 0 0 0 0 0 0 0 0 0 0 0 0 0 0 0 0 0 0 0 0 0 0 0 0 0 0 0 0 0 0 0 0 0 0 0 0 0 0 0 0 0 0 0 0 0 0 0 0 0 0 0 0 0 0 0 1 0 0 0 0 0 0 0 0 0 0 0 0 0 0 0 0]
[1162640308582044745356385859215214602484216225785987736776166911046554498183374789916076540850000854885397586176967676172805656952970435092427433388003512207020355565894027592934274533581256665284383953907988098500238886932202018095364669967313815708521123560113769843961348599645457178166850376825501 0 0 0 0 0 0 0 0 0 0 0 0 0 0 0 0 0 0 0 0 0 0 0 0 0 0 0 0 0 0 0 0 0 0 0 0 0 0 0 0 0 0 0 0 0 0 0 0 0 0 0 0 0 0 0 0 0 0 0 0 0 0 0 0 0 0 0 0 0 0 0 0 0 0 0 0 0 0 0 0 0 0 0 1 0 0 0 0 0 0 0 0 0 0 0 0 0 0 0]
[4010563298395065400620137148772557840984807577611892565975489836185865805710231364809763547633915449117158273657388816155800372913390333331669065229874860499876790958235541061442268129651698463570648958022896434783617429344898179841623677940584105361315992120269837307746659769621100312967602679391689 0 0 0 0 0 0 0 0 0 0 0 0 0 0 0 0 0 0 0 0 0 0 0 0 0 0 0 0 0 0 0 0 0 0 0 0 0 0 0 0 0 0 0 0 0 0 0 0 0 0 0 0 0 0 0 0 0 0 0 0 0 0 0 0 0 0 0 0 0 0 0 0 0 0 0 0 0 0 0 0 0 0 0 0 1 0 0 0 0 0 0 0 0 0 0 0 0 0 0]
[4795216777093045059445357346266446272388275346761665749147445039647642582683878999801533814171201483360108244145130595823368817287229766928394791710528186854170110315043246626311185616456070663061992811484485091696557201418349616374612288817322314379549771600892862379968336736796534743723880002042705 0 0 0 0 0 0 0 0 0 0 0 0 0 0 0 0 0 0 0 0 0 0 0 0 0 0 0 0 0 0 0 0 0 0 0 0 0 0 0 0 0 0 0 0 0 0 0 0 0 0 0 0 0 0 0 0 0 0 0 0 0 0 0 0 0 0 0 0 0 0 0 0 0 0 0 0 0 0 0 0 0 0 0 0 0 1 0 0 0 0 0 0 0 0 0 0 0 0 0]
[2613378268016243718280704135419805670337965260701621695946778622529541242289217669654966373597543662005581164215886687612656962646455108593722617997909123276421708279184619323016178815125215884147341228044773657551825538650500807453797239695719797345815265130265948701211595536918749183104743916825268 0 0 0 0 0 0 0 0 0 0 0 0 0 0 0 0 0 0 0 0 0 0 0 0 0 0 0 0 0 0 0 0 0 0 0 0 0 0 0 0 0 0 0 0 0 0 0 0 0 0 0 0 0 0 0 0 0 0 0 0 0 0 0 0 0 0 0 0 0 0 0 0 0 0 0 0 0 0 0 0 0 0 0 0 0 0 1 0 0 0 0 0 0 0 0 0 0 0 0]
[965630200461993645493114293525358769315089816723999889785549903763171001149613133489568805390039826706281743407184537758023049603489269432462132675671889292389028950622563472000782945864679407608537609384583338806740438573012329854460980912949330736655582620411130235319589134879979956299861463566547 0 0 0 0 0 0 0 0 0 0 0 0 0 0 0 0 0 0 0 0 0 0 0 0 0 0 0 0 0 0 0 0 0 0 0 0 0 0 0 0 0 0 0 0 0 0 0 0 0 0 0 0 0 0 0 0 0 0 0 0 0 0 0 0 0 0 0 0 0 0 0 0 0 0 0 0 0 0 0 0 0 0 0 0 0 0 0 1 0 0 0 0 0 0 0 0 0 0 0]
[7320888907158800683565920157040447000224715009721242161985997956128784022666588456602763396012733107556526474549286030165094067720973042924989082901027154884977541030206791083982927896333081762752856004775079172497265477445490961611551109677220939419380560909974514282548808886203474756567905539962909 0 0 0 0 0 0 0 0 0 0 0 0 0 0 0 0 0 0 0 0 0 0 0 0 0 0 0 0 0 0 0 0 0 0 0 0 0 0 0 0 0 0 0 0 0 0 0 0 0 0 0 0 0 0 0 0 0 0 0 0 0 0 0 0 0 0 0 0 0 0 0 0 0 0 0 0 0 0 0 0 0 0 0 0 0 0 0 0 1 0 0 0 0 0 0 0 0 0 0]
[2086751201561232737558526555721348712712215843253119082592108328455743500824614337759743393827562769260802833719850519869591596958780696393134340240359928436105298695868504857848194067558812162948813286043915789887529469110825267181630178598169933066720097840031021974160512046536134341155528440241553 0 0 0 0 0 0 0 0 0 0 0 0 0 0 0 0 0 0 0 0 0 0 0 0 0 0 0 0 0 0 0 0 0 0 0 0 0 0 0 0 0 0 0 0 0 0 0 0 0 0 0 0 0 0 0 0 0 0 0 0 0 0 0 0 0 0 0 0 0 0 0 0 0 0 0 0 0 0 0 0 0 0 0 0 0 0 0 0 0 1 0 0 0 0 0 0 0 0 0]
[3710819693245874335542828651348593748227731826043370990215584001171592760035142000475850088804809210258416862407811770024638988143988628250800484392830126686237439355709574436299627324118483275842941455113095266866121248711645613476807525164552097176313117040317711122167964248802475149040186538600040 0 0 0 0 0 0 0 0 0 0 0 0 0 0 0 0 0 0 0 0 0 0 0 0 0 0 0 0 0 0 0 0 0 0 0 0 0 0 0 0 0 0 0 0 0 0 0 0 0 0 0 0 0 0 0 0 0 0 0 0 0 0 0 0 0 0 0 0 0 0 0 0 0 0 0 0 0 0 0 0 0 0 0 0 0 0 0 0 0 0 1 0 0 0 0 0 0 0 0]
[3143362798491860622705480740821902178215996616613493061489236904009665502827660501854909463938480789661376496805655594673739001256320743326808765010903123602792018738748116974798423249821156638696834703286859024569464518545209667156581034523536549697136714394931994976272576164622334393086354023681316 0 0 0 0 0 0 0 0 0 0 0 0 0 0 0 0 0 0 0 0 0 0 0 0 0 0 0 0 0 0 0 0 0 0 0 0 0 0 0 0 0 0 0 0 0 0 0 0 0 0 0 0 0 0 0 0 0 0 0 0 0 0 0 0 0 0 0 0 0 0 0 0 0 0 0 0 0 0 0 0 0 0 0 0 0 0 0 0 0 0 0 1 0 0 0 0 0 0 0]
[4118465455661984886657589978739022884196906811585107266928341889542816453343021245749509645515946443203776735238312579057946146528346592631890042652247259055266577440395428182864085670057009375351672027065563914398013705451735968243750034817428266280752709641422226950361323774699191035581104481214099 0 0 0 0 0 0 0 0 0 0 0 0 0 0 0 0 0 0 0 0 0 0 0 0 0 0 0 0 0 0 0 0 0 0 0 0 0 0 0 0 0 0 0 0 0 0 0 0 0 0 0 0 0 0 0 0 0 0 0 0 0 0 0 0 0 0 0 0 0 0 0 0 0 0 0 0 0 0 0 0 0 0 0 0 0 0 0 0 0 0 0 0 1 0 0 0 0 0 0]
[7064381532007399793178093481711631481314402698730634567916283639239797188767530688825655688820119933237021568439660198374448452850713522437225465390115399367146282550966495461681185545800904397276708472050365909949509435892124287618708412357140073395906375914150906917458830367454213186646939833811443 0 0 0 0 0 0 0 0 0 0 0 0 0 0 0 0 0 0 0 0 0 0 0 0 0 0 0 0 0 0 0 0 0 0 0 0 0 0 0 0 0 0 0 0 0 0 0 0 0 0 0 0 0 0 0 0 0 0 0 0 0 0 0 0 0 0 0 0 0 0 0 0 0 0 0 0 0 0 0 0 0 0 0 0 0 0 0 0 0 0 0 0 0 1 0 0 0 0 0]
[5208837017348149212664574680023973648366370403385742031294065836540159455571742132869046293979954505054244562620080505760793388895923269871853423729096909672393393807761709015352017733996147799268683607986217321955348633679471598795140981402628825003033355420133888343047840082462126963355079232400361 0 0 0 0 0 0 0 0 0 0 0 0 0 0 0 0 0 0 0 0 0 0 0 0 0 0 0 0 0 0 0 0 0 0 0 0 0 0 0 0 0 0 0 0 0 0 0 0 0 0 0 0 0 0 0 0 0 0 0 0 0 0 0 0 0 0 0 0 0 0 0 0 0 0 0 0 0 0 0 0 0 0 0 0 0 0 0 0 0 0 0 0 0 0 1 0 0 0 0]
[973102073312408980774921881060116621355825942030410555235606501737360998076739928356798186165303977999204868226232286846321043988957521576463842795554103993981845672539607551443383642420203937268444386056917099132594253166518692906055584959865376907370844552538350902239193845324986729981720075101453 0 0 0 0 0 0 0 0 0 0 0 0 0 0 0 0 0 0 0 0 0 0 0 0 0 0 0 0 0 0 0 0 0 0 0 0 0 0 0 0 0 0 0 0 0 0 0 0 0 0 0 0 0 0 0 0 0 0 0 0 0 0 0 0 0 0 0 0 0 0 0 0 0 0 0 0 0 0 0 0 0 0 0 0 0 0 0 0 0 0 0 0 0 0 0 1 0 0 0]
[5861158074156851966675407264141228299713205355074944616390451418815961881561658620789145857655187088916889949384299702195829631834680731933349710006824763818156336718389375397995567682233391626596863393261529399896580745949982270822567204600236938467903113624113291402194918150168234194611544773150237 0 0 0 0 0 0 0 0 0 0 0 0 0 0 0 0 0 0 0 0 0 0 0 0 0 0 0 0 0 0 0 0 0 0 0 0 0 0 0 0 0 0 0 0 0 0 0 0 0 0 0 0 0 0 0 0 0 0 0 0 0 0 0 0 0 0 0 0 0 0 0 0 0 0 0 0 0 0 0 0 0 0 0 0 0 0 0 0 0 0 0 0 0 0 0 0 1 0 0]
[2944534381685572000100107314297833698863637521394177066629717111168913752270029671359512776472937810852631525402544098701513086608733218697934489723547257593242062791557807836612910820342589377546300004020072332014761472221158773190357780043380281793947922637751484490481808585579134123631955459868943 0 0 0 0 0 0 0 0 0 0 0 0 0 0 0 0 0 0 0 0 0 0 0 0 0 0 0 0 0 0 0 0 0 0 0 0 0 0 0 0 0 0 0 0 0 0 0 0 0 0 0 0 0 0 0 0 0 0 0 0 0 0 0 0 0 0 0 0 0 0 0 0 0 0 0 0 0 0 0 0 0 0 0 0 0 0 0 0 0 0 0 0 0 0 0 0 0 1 0]
[5145600316455023825972787285171643562427659299235152885716116501828405040122690829535353665633616666512162848660509036801467628075464821789397084348280464286561386542009340999997185803625530530550454955869306736657276889806399008398148159969896891120695246581007063821638101102027250161549024196716122 0 0 0 0 0 0 0 0 0 0 0 0 0 0 0 0 0 0 0 0 0 0 0 0 0 0 0 0 0 0 0 0 0 0 0 0 0 0 0 0 0 0 0 0 0 0 0 0 0 0 0 0 0 0 0 0 0 0 0 0 0 0 0 0 0 0 0 0 0 0 0 0 0 0 0 0 0 0 0 0 0 0 0 0 0 0 0 0 0 0 0 0 0 0 0 0 0 0 1]
]
