[[10665296918476130804406124985847959094809236861460278243960162139294674309827927576421741357878873690862153792605507238314359186802899043930395382658873681296126650759491172708177171981304460183769060181007243169225633333158113359938720283091234476182560488875222689597685749977938801823870003654490701 0 0 0 0 0 0 0 0 0 0 0 0 0 0 0 0 0 0 0 0 0 0 0 0 0 0 0 0 0 0 0 0 0 0 0 0 0 0 0 0 0 0 0 0 0 0 0 0 0 0 0 0 0 0 0 0 0 0 0 0 0 0 0 0 0 0 0 0 0 0 0 0 0 0 0 0 0 0 0 0 0 0 0 0 0 0 0 0 0 0 0 0 0 0 0 0 0 0 0]
[215821451270140497309984846127988452518504044168198035322457130421268813064250307247804119930434826966858362844748264682677946578866782756956203326911912654434882489768819772751612605749365820414798859527359877008129672842460970850736053508422291151093613777184505650256876621543319781473595684259787 1 0 0 0 0 0 0 0 0 0 0 0 0 0 0 0 0 0 0 0 0 0 0 0 0 0 0 0 0 0 0 0 0 0 0 0 0 0 0 0 0 0 0 0 0 0 0 0 0 0 0 0 0 0 0 0 0 0 0 0 0 0 0 0 0 0 0 0 0 0 0 0 0 0 0 0 0 0 0 0 0 0 0 0 0 0 0 0 0 0 0 0 0 0 0 0 0 0 0]
[2521918782337916955225822955388383413164660970356396562384349287384705945380228992412488176882009111617355622166101047707871823951040888771872372116345948096745117023746786817694893474595116664191836984965221918054426257160689331762839110301496153065968156426796486545286292115748815710437216255220472 0 1 0 0 0 0 0 0 0 0 0 0 0 0 0 0 0 0 0 0 0 0 0 0 0 0 0 0 0 0 0 0 0 0 0 0 0 0 0 0 0 0 0 0 0 0 0 0 0 0 0 0 0 0 0 0 0 0 0 0 0 0 0 0 0 0 0 0 0 0 0 0 0 0 0 0 0 0 0 0 0 0 0 0 0 0 0 0 0 0 0 0 0 0 0 0 0 0 0]
[2998374187596468073659409779772746766166501318393095003494869940012506088012902955268216517679191292787507993862535924695402604574102278852779643926221158681021158800526783789289890267570914608674383759139683054309578563531362994458671038682029696540926753312532691878046611952333414620226586268301335 0 0 1 0 0 0 0 0 0 0 0 0 0 0 0 0 0 0 0 0 0 0 0 0 0 0 0 0 0 0 0 0 0 0 0 0 0 0 0 0 0 0 0 0 0 0 0 0 0 0 0 0 0 0 0 0 0 0 0 0 0 0 0 0 0 0 0 0 0 0 0 0 0 0 0 0 0 0 0 0 0 0 0 0 0 0 0 0 0 0 0 0 0 0 0 0 0 0 0]
[4319535364297831142330112258610460784194133285006305002209237401860912616997912508987729559450063633908887343786077927264456409971263524960262692917723036475523666039379251591805347843478142120109190346385034217765062011038640328197301672449817218131188754447855127196754219154122933402463471870322181 0 0 0 1 0 0 0 0 0 0 0 0 0 0 0 0 0 0 0 0 0 0 0 0 0 0 0 0 0 0 0 0 0 0 0 0 0 0 0 0 0 0 0 0 0 0 0 0 0 0 0 0 0 0 0 0 0 0 0 0 0 0 0 0 0 0 0 0 0 0 0 0 0 0 0 0 0 0 0 0 0 0 0 0 0 0 0 0 0 0 0 0 0 0 0 0 0 0 0]
[8669159003289361239617563025102944095826293097302506028578824909975918625775562729899474625337649826680992820808088875129452660077703288284800584038634887663891037921976747892637916099936883218496849521195971081616268047619464745713371192491406525263090782315672722670448228355071283139897225645295784 0 0 0 0 1 0 0 0 0 0 0 0 0 0 0 0 0 0 0 0 0 0 0 0 0 0 0 0 0 0 0 0 0 0 0 0 0 0 0 0 0 0 0 0 0 0 0 0 0 0 0 0 0 0 0 0 0 0 0 0 0 0 0 0 0 0 0 0 0 0 0 0 0 0 0 0 0 0 0 0 0 0 0 0 0 0 0 0 0 0 0 0 0 0 0 0 0 0 0]
[5063353170729115562287515816278414610599489356912069285187455917518515249109541950395105418996229545152469016549132061814142738622383214750954901689332173111741172418033109833354166228012813812652633310618504236195425935709316335003256992838541975378129516827384242847609825574480578062683613233099216 0 0 0 0 0 1 0 0 0 0 0 0 0 0 0 0 0 0 0 0 0 0 0 0 0 0 0 0 0 0 0 0 0 0 0 0 0 0 0 0 0 0 0 0 0 0 0 0 0 0 0 0 0 0 0 0 0 0 0 0 0 0 0 0 0 0 0 0 0 0 0 0 0 0 0 0 0 0 0 0 0 0 0 0 0 0 0 0 0 0 0 0 0 0 0 0 0 0 0]
[8603380572524400645029143688899184368479422744394919684781893323326168067687271934473814518881886517461780248212152855679752190071008306257117639563567392724780495556004760415924417326521287266682140065005493034792192094224997596478360893797169340970574763667892577589077487044246825608250666293843158 0 0 0 0 0 0 1 0 0 0 0 0 0 0 0 0 0 0 0 0 0 0 0 0 0 0 0 0 0 0 0 0 0 0 0 0 0 0 0 0 0 0 0 0 0 0 0 0 0 0 0 0 0 0 0 0 0 0 0 0 0 0 0 0 0 0 0 0 0 0 0 0 0 0 0 0 0 0 0 0 0 0 0 0 0 0 0 0 0 0 0 0 0 0 0 0 0 0 0]
[9611078979367410390032774930232233581768326816673233103950711722736477442382052065769873749426405735878456953425576489504372968415363267610477404219313130359646590399277714186740443884376116609294620225362397770859078250300458765237619405709493059038434342289996564503250327089864376882806602895416120 0 0 0 0 0 0 0 1 0 0 0 0 0 0 0 0 0 0 0 0 0 0 0 0 0 0 0 0 0 0 0 0 0 0 0 0 0 0 0 0 0 0 0 0 0 0 0 0 0 0 0 0 0 0 0 0 0 0 0 0 0 0 0 0 0 0 0 0 0 0 0 0 0 0 0 0 0 0 0 0 0 0 0 0 0 0 0 0 0 0 0 0 0 0 0 0 0 0 0]
[7047085314530893968056270596590114899555135254254488156887766805734404813722112480061531344594373431816959252498147306885148757232549774436754701106402918997132245626649505052436251747071811666368998453753379219016190169517712806195827497213183020637903691809683008433924345104476441636916158305979045 0 0 0 0 0 0 0 0 1 0 0 0 0 0 0 0 0 0 0 0 0 0 0 0 0 0 0 0 0 0 0 0 0 0 0 0 0 0 0 0 0 0 0 0 0 0 0 0 0 0 0 0 0 0 0 0 0 0 0 0 0 0 0 0 0 0 0 0 0 0 0 0 0 0 0 0 0 0 0 0 0 0 0 0 0 0 0 0 0 0 0 0 0 0 0 0 0 0 0]
[339459606081262295680538705134901272581434485266595049606564395056853875434387805735747871250274983095298646943321505688294729986893820859917727908557231086772072144643091330713613000930845143617264941405184504070667890917924767458830394619201134341601928879887320760091883985027348262770631720598516 0 0 0 0 0 0 0 0 0 1 0 0 0 0 0 0 0 0 0 0 0 0 0 0 0 0 0 0 0 0 0 0 0 0 0 0 0 0 0 0 0 0 0 0 0 0 0 0 0 0 0 0 0 0 0 0 0 0 0 0 0 0 0 0 0 0 0 0 0 0 0 0 0 0 0 0 0 0 0 0 0 0 0 0 0 0 0 0 0 0 0 0 0 0 0 0 0 0 0]
[10529628700989196239798711493510859241685444226432356486559860221440116661605742895695346572907651810511819142210903256870630309250065769249583065578079007473710573785656654019479187247250449648870011337005499807201446291399847795455694533190688933417304741752582779897952768213585876172538261800488284 0 0 0 0 0 0 0 0 0 0 1 0 0 0 0 0 0 0 0 0 0 0 0 0 0 0 0 0 0 0 0 0 0 0 0 0 0 0 0 0 0 0 0 0 0 0 0 0 0 0 0 0 0 0 0 0 0 0 0 0 0 0 0 0 0 0 0 0 0 0 0 0 0 0 0 0 0 0 0 0 0 0 0 0 0 0 0 0 0 0 0 0 0 0 0 0 0 0 0]
[24089815896489722382983823265931636722485342703113735770472408784449776185650791194196662499448939873909557742994717058867131940892137490970188968180380902507396295637359859739711976136921633159017091233146726797281841294337752668161526682638211846527907164487529191793883738029468658235696371937311 0 0 0 0 0 0 0 0 0 0 0 1 0 0 0 0 0 0 0 0 0 0 0 0 0 0 0 0 0 0 0 0 0 0 0 0 0 0 0 0 0 0 0 0 0 0 0 0 0 0 0 0 0 0 0 0 0 0 0 0 0 0 0 0 0 0 0 0 0 0 0 0 0 0 0 0 0 0 0 0 0 0 0 0 0 0 0 0 0 0 0 0 0 0 0 0 0 0 0]
[4049777452608924479577211094175717762751772321647219358776831002008211422643261615430464481996078406949440833190146813244223183999145682163456675065919457550193782259842538897549626455795410711400386460906829024263870266143122712350953080694733091715787229414075130240896618542496221099143709006054921 0 0 0 0 0 0 0 0 0 0 0 0 1 0 0 0 0 0 0 0 0 0 0 0 0 0 0 0 0 0 0 0 0 0 0 0 0 0 0 0 0 0 0 0 0 0 0 0 0 0 0 0 0 0 0 0 0 0 0 0 0 0 0 0 0 0 0 0 0 0 0 0 0 0 0 0 0 0 0 0 0 0 0 0 0 0 0 0 0 0 0 0 0 0 0 0 0 0 0]
[7584579296531383268304027271359101351592363542322514081830039560434492162861171404592683038993752738796606086288093867636943261254695072708526527578729351872304952180930855046448298634660388398352927370618074236947128259792267879629016763321159723966355044676810077580593102357995675377437886689318012 0 0 0 0 0 0 0 0 0 0 0 0 0 1 0 0 0 0 0 0 0 0 0 0 0 0 0 0 0 0 0 0 0 0 0 0 0 0 0 0 0 0 0 0 0 0 0 0 0 0 0 0 0 0 0 0 0 0 0 0 0 0 0 0 0 0 0 0 0 0 0 0 0 0 0 0 0 0 0 0 0 0 0 0 0 0 0 0 0 0 0 0 0 0 0 0 0 0 0]
[3207108280146739705043555302216035271042759464510759671813244641559419419965212900801123462219120567501867965137312874269764777648643414485453289862225164229823967557117325612757980748857383661614712132977695293412948529983333750165327612617912212329440346527488638942222015329588016405648672142070617 0 0 0 0 0 0 0 0 0 0 0 0 0 0 1 0 0 0 0 0 0 0 0 0 0 0 0 0 0 0 0 0 0 0 0 0 0 0 0 0 0 0 0 0 0 0 0 0 0 0 0 0 0 0 0 0 0 0 0 0 0 0 0 0 0 0 0 0 0 0 0 0 0 0 0 0 0 0 0 0 0 0 0 0 0 0 0 0 0 0 0 0 0 0 0 0 0 0 0]
[350001752775640308392060060194286343254213122571055143921733352224467427383883552368732164729947584063195944453691503777678759243958336589819199782357166102348223363933715478674898181391570453539378092267619209542093425691937100246564230195498401920421204666444506045897673444087747899980112092530735 0 0 0 0 0 0 0 0 0 0 0 0 0 0 0 1 0 0 0 0 0 0 0 0 0 0 0 0 0 0 0 0 0 0 0 0 0 0 0 0 0 0 0 0 0 0 0 0 0 0 0 0 0 0 0 0 0 0 0 0 0 0 0 0 0 0 0 0 0 0 0 0 0 0 0 0 0 0 0 0 0 0 0 0 0 0 0 0 0 0 0 0 0 0 0 0 0 0 0]
[6612576856214405698969907352883250650437727266103078072507203258463469453408982888136311839528262303306877848931284641974644454187095270426371908406325450394101587942700151565779761193686751540606592949287370973702544339137247996027883895828686184952417406163641309068796960578151678796695840889766956 0 0 0 0 0 0 0 0 0 0 0 0 0 0 0 0 1 0 0 0 0 0 0 0 0 0 0 0 0 0 0 0 0 0 0 0 0 0 0 0 0 0 0 0 0 0 0 0 0 0 0 0 0 0 0 0 0 0 0 0 0 0 0 0 0 0 0 0 0 0 0 0 0 0 0 0 0 0 0 0 0 0 0 0 0 0 0 0 0 0 0 0 0 0 0 0 0 0 0]
[9428542474667412611621157612652895227862627412666460497773354110241687591537080084302749132168582370697771263660200071043933250693244851620764001799529756577334967482743439392833251336181735595107252656512475605957192374200443517248953384617033930609059793922170485814752992243086985914066237993064259 0 0 0 0 0 0 0 0 0 0 0 0 0 0 0 0 0 1 0 0 0 0 0 0 0 0 0 0 0 0 0 0 0 0 0 0 0 0 0 0 0 0 0 0 0 0 0 0 0 0 0 0 0 0 0 0 0 0 0 0 0 0 0 0 0 0 0 0 0 0 0 0 0 0 0 0 0 0 0 0 0 0 0 0 0 0 0 0 0 0 0 0 0 0 0 0 0 0 0]
[7073813043552150501058360679336501321179184381231670089301590915202596601167075533673036996390737480136898607430643176589315024789936874731363815439990009605991039760922127159754877754534175919720093989121668786605692974757733927988767757082303759401022388407400231071939937820597051304583158366311220 0 0 0 0 0 0 0 0 0 0 0 0 0 0 0 0 0 0 1 0 0 0 0 0 0 0 0 0 0 0 0 0 0 0 0 0 0 0 0 0 0 0 0 0 0 0 0 0 0 0 0 0 0 0 0 0 0 0 0 0 0 0 0 0 0 0 0 0 0 0 0 0 0 0 0 0 0 0 0 0 0 0 0 0 0 0 0 0 0 0 0 0 0 0 0 0 0 0 0]
[1080324868522004315072694868666806692486679779301023416754504854005022968799563750229277005341994995263925467140142052384963334997616823022048854558225408770264570556568667293576913717347977469676072888923386312202384693278564275669272555913614344841550610235568522400937339374926861564553720691930759 0 0 0 0 0 0 0 0 0 0 0 0 0 0 0 0 0 0 0 1 0 0 0 0 0 0 0 0 0 0 0 0 0 0 0 0 0 0 0 0 0 0 0 0 0 0 0 0 0 0 0 0 0 0 0 0 0 0 0 0 0 0 0 0 0 0 0 0 0 0 0 0 0 0 0 0 0 0 0 0 0 0 0 0 0 0 0 0 0 0 0 0 0 0 0 0 0 0 0]
[9345247530623129849680431792195522490419704444501874642373970353645495861593557317779358247211911396937881018298557796650454577153251750637055086360568217859797684409779643575340001839027234712727075518129729645990573557235891803785916329774283280879192825204720224054372600833357811115055757181012423 0 0 0 0 0 0 0 0 0 0 0 0 0 0 0 0 0 0 0 0 1 0 0 0 0 0 0 0 0 0 0 0 0 0 0 0 0 0 0 0 0 0 0 0 0 0 0 0 0 0 0 0 0 0 0 0 0 0 0 0 0 0 0 0 0 0 0 0 0 0 0 0 0 0 0 0 0 0 0 0 0 0 0 0 0 0 0 0 0 0 0 0 0 0 0 0 0 0 0]
[2952124117641482465617466576519494722174502938813594834074192316665923502587692442512110318985806129711984608469417124538816799687874501064246137792819684991524540159897560605562678126743600855486642540383370353284873430823652667269262393036620493684672705890893242216613582675429887891396721462853353 0 0 0 0 0 0 0 0 0 0 0 0 0 0 0 0 0 0 0 0 0 1 0 0 0 0 0 0 0 0 0 0 0 0 0 0 0 0 0 0 0 0 0 0 0 0 0 0 0 0 0 0 0 0 0 0 0 0 0 0 0 0 0 0 0 0 0 0 0 0 0 0 0 0 0 0 0 0 0 0 0 0 0 0 0 0 0 0 0 0 0 0 0 0 0 0 0 0 0]
[4266049036695842805813614725552394462287906403689940892061715753620672289251050768591899530650445343873630868694101982125416622108880715097533380699739817739465345562706367098381407037730258383175502686036818826173177110362363246363981560291096678231880438654684287543341962645254645342217852214007501 0 0 0 0 0 0 0 0 0 0 0 0 0 0 0 0 0 0 0 0 0 0 1 0 0 0 0 0 0 0 0 0 0 0 0 0 0 0 0 0 0 0 0 0 0 0 0 0 0 0 0 0 0 0 0 0 0 0 0 0 0 0 0 0 0 0 0 0 0 0 0 0 0 0 0 0 0 0 0 0 0 0 0 0 0 0 0 0 0 0 0 0 0 0 0 0 0 0 0]
[1406617429368783505137402220490124134844349608618827339160105322560766021149046191985611900523381963719795966203879078525420570982191868900297527458106271459186321547438530357377716310167348092589071055649331055000179777509275894766798102838433088731727614004525958496080121462985584340719174721713348 0 0 0 0 0 0 0 0 0 0 0 0 0 0 0 0 0 0 0 0 0 0 0 1 0 0 0 0 0 0 0 0 0 0 0 0 0 0 0 0 0 0 0 0 0 0 0 0 0 0 0 0 0 0 0 0 0 0 0 0 0 0 0 0 0 0 0 0 0 0 0 0 0 0 0 0 0 0 0 0 0 0 0 0 0 0 0 0 0 0 0 0 0 0 0 0 0 0 0]
[8333464367148867514051067100773833761850391306032404742024464022213283017898025551345442418800806753856420320380245393092384192506346859606484328616632785757450277454047253439545309016912278929805458592026180032475645788915753938180807663666400251217406401614002618881021697488662394770348051374571077 0 0 0 0 0 0 0 0 0 0 0 0 0 0 0 0 0 0 0 0 0 0 0 0 1 0 0 0 0 0 0 0 0 0 0 0 0 0 0 0 0 0 0 0 0 0 0 0 0 0 0 0 0 0 0 0 0 0 0 0 0 0 0 0 0 0 0 0 0 0 0 0 0 0 0 0 0 0 0 0 0 0 0 0 0 0 0 0 0 0 0 0 0 0 0 0 0 0 0]
[322424119672582726997317510593200261990811378301896955218194048059995081635318775743209542769831188260634862244193029395724563320275049813666367122888632777691156660761812945283034661378410773765876687995028614980999863339787023703504477104973188279005534095448961122534454754160003427097795059537932 0 0 0 0 0 0 0 0 0 0 0 0 0 0 0 0 0 0 0 0 0 0 0 0 0 1 0 0 0 0 0 0 0 0 0 0 0 0 0 0 0 0 0 0 0 0 0 0 0 0 0 0 0 0 0 0 0 0 0 0 0 0 0 0 0 0 0 0 0 0 0 0 0 0 0 0 0 0 0 0 0 0 0 0 0 0 0 0 0 0 0 0 0 0 0 0 0 0 0]
[9836638295540639572663573344232522666145102419043686150341860700902968933692448596964854499561349045568985752826387758952416320172177420462461545722015373466240296974736764506854454431851696881473498574431662623573245620588210342832118972082245952180562800404442903254302809135899249822155898752083267 0 0 0 0 0 0 0 0 0 0 0 0 0 0 0 0 0 0 0 0 0 0 0 0 0 0 1 0 0 0 0 0 0 0 0 0 0 0 0 0 0 0 0 0 0 0 0 0 0 0 0 0 0 0 0 0 0 0 0 0 0 0 0 0 0 0 0 0 0 0 0 0 0 0 0 0 0 0 0 0 0 0 0 0 0 0 0 0 0 0 0 0 0 0 0 0 0 0 0]
[6698591890570353541656333177315876298267402130904662987753095123578130160123201760664208315198168252808166435136130100258779544742839005923860526568913064780609650448047691568992973837309753629960453553613389181065675848174417319475204704086704106177616947096209269954295976619946517359576009627763519 0 0 0 0 0 0 0 0 0 0 0 0 0 0 0 0 0 0 0 0 0 0 0 0 0 0 0 1 0 0 0 0 0 0 0 0 0 0 0 0 0 0 0 0 0 0 0 0 0 0 0 0 0 0 0 0 0 0 0 0 0 0 0 0 0 0 0 0 0 0 0 0 0 0 0 0 0 0 0 0 0 0 0 0 0 0 0 0 0 0 0 0 0 0 0 0 0 0 0]
[5605501212131304576434723512040114179515014082351787491153290895223912146486412461576797622055890471265549144698255417829613449132468811778046290769272438219699299303982228046002802129055456727854625971868227618224007267607575066497056119346391656959627545552668267848810253043987382265827080253176143 0 0 0 0 0 0 0 0 0 0 0 0 0 0 0 0 0 0 0 0 0 0 0 0 0 0 0 0 1 0 0 0 0 0 0 0 0 0 0 0 0 0 0 0 0 0 0 0 0 0 0 0 0 0 0 0 0 0 0 0 0 0 0 0 0 0 0 0 0 0 0 0 0 0 0 0 0 0 0 0 0 0 0 0 0 0 0 0 0 0 0 0 0 0 0 0 0 0 0]
[4458092564031814864726848767264163228486788623824039794282659273462993205620641756190688677517867374874238869037470023678003533808238598342231601745246006458176304240416590794392069887043091479319055613226039587170665842943694934060695691960412481656518659214139015638818929730208019570132839000050008 0 0 0 0 0 0 0 0 0 0 0 0 0 0 0 0 0 0 0 0 0 0 0 0 0 0 0 0 0 1 0 0 0 0 0 0 0 0 0 0 0 0 0 0 0 0 0 0 0 0 0 0 0 0 0 0 0 0 0 0 0 0 0 0 0 0 0 0 0 0 0 0 0 0 0 0 0 0 0 0 0 0 0 0 0 0 0 0 0 0 0 0 0 0 0 0 0 0 0]
[9666828349249168842756435525970689981026237739366228262982639254476701035859270974794848306432292221305232918557149344670233808174388914375735797941462337317293072385253307398942564921479979737848259352482979589120801744348278287901958837676517819576815171259321454971405576290916133509545843795732666 0 0 0 0 0 0 0 0 0 0 0 0 0 0 0 0 0 0 0 0 0 0 0 0 0 0 0 0 0 0 1 0 0 0 0 0 0 0 0 0 0 0 0 0 0 0 0 0 0 0 0 0 0 0 0 0 0 0 0 0 0 0 0 0 0 0 0 0 0 0 0 0 0 0 0 0 0 0 0 0 0 0 0 0 0 0 0 0 0 0 0 0 0 0 0 0 0 0 0]
[10419180174379644665706506862353729350282539725878110511115598248410723901914785074970140343184305328216926131229970595853793367330612546766703808906307805061117992327655673105370010621759816463641886046569775795726026573982803113551708344102710564403892389952002941677741403897450743300961195382974662 0 0 0 0 0 0 0 0 0 0 0 0 0 0 0 0 0 0 0 0 0 0 0 0 0 0 0 0 0 0 0 1 0 0 0 0 0 0 0 0 0 0 0 0 0 0 0 0 0 0 0 0 0 0 0 0 0 0 0 0 0 0 0 0 0 0 0 0 0 0 0 0 0 0 0 0 0 0 0 0 0 0 0 0 0 0 0 0 0 0 0 0 0 0 0 0 0 0 0]
[7850067367673049120046999009638748890838049866608664813680558394409904155843191494246886820772334892387848305333174509243778357848609940711511726970986060564571002883080344335314490598085621886675649150083227195050324267706874768318465918125549017071744745848391416637391020718228285243515940803421221 0 0 0 0 0 0 0 0 0 0 0 0 0 0 0 0 0 0 0 0 0 0 0 0 0 0 0 0 0 0 0 0 1 0 0 0 0 0 0 0 0 0 0 0 0 0 0 0 0 0 0 0 0 0 0 0 0 0 0 0 0 0 0 0 0 0 0 0 0 0 0 0 0 0 0 0 0 0 0 0 0 0 0 0 0 0 0 0 0 0 0 0 0 0 0 0 0 0 0]
[5132066863103390833426893356921316929577394383736496782030638246329838094773406617964867061484042731461619632776607296443453344160373113834212581354889366630238591709384984308821127447882487902426105315669210019284969491109525233978914023187010943511166332741539677607463478783023614111942489222714185 0 0 0 0 0 0 0 0 0 0 0 0 0 0 0 0 0 0 0 0 0 0 0 0 0 0 0 0 0 0 0 0 0 1 0 0 0 0 0 0 0 0 0 0 0 0 0 0 0 0 0 0 0 0 0 0 0 0 0 0 0 0 0 0 0 0 0 0 0 0 0 0 0 0 0 0 0 0 0 0 0 0 0 0 0 0 0 0 0 0 0 0 0 0 0 0 0 0 0]
[335935868922089031088071837202733539589069677501912234553449006932542277498126390995277209955297689567266994599388941307808722971299371104503626552388207991742902965991837405108053140218727193329953580296989432149805278720477729048545685501814747373515176703639684076350285941379970379414425738850072 0 0 0 0 0 0 0 0 0 0 0 0 0 0 0 0 0 0 0 0 0 0 0 0 0 0 0 0 0 0 0 0 0 0 1 0 0 0 0 0 0 0 0 0 0 0 0 0 0 0 0 0 0 0 0 0 0 0 0 0 0 0 0 0 0 0 0 0 0 0 0 0 0 0 0 0 0 0 0 0 0 0 0 0 0 0 0 0 0 0 0 0 0 0 0 0 0 0 0]
[5420609168946495804044113008611521672200472420599848971454316199026314399665015689556135507378324957241615642349519533151587265781856602512535500158025867871689037781917521569740925455815263371931061681217883355227301540830765248512211873379421184748644070772307495281846952543379679712204488319715229 0 0 0 0 0 0 0 0 0 0 0 0 0 0 0 0 0 0 0 0 0 0 0 0 0 0 0 0 0 0 0 0 0 0 0 1 0 0 0 0 0 0 0 0 0 0 0 0 0 0 0 0 0 0 0 0 0 0 0 0 0 0 0 0 0 0 0 0 0 0 0 0 0 0 0 0 0 0 0 0 0 0 0 0 0 0 0 0 0 0 0 0 0 0 0 0 0 0 0]
[4579813342737369573949528075913910709088739932584434772052866578478874364032991214497183669862683484063959250916277665774223527835880600845546764793071590422569611519009508400429006919138303014439364396191862754073559585095504530323169825085322670658292110282092098670997313641598049669714822148874672 0 0 0 0 0 0 0 0 0 0 0 0 0 0 0 0 0 0 0 0 0 0 0 0 0 0 0 0 0 0 0 0 0 0 0 0 1 0 0 0 0 0 0 0 0 0 0 0 0 0 0 0 0 0 0 0 0 0 0 0 0 0 0 0 0 0 0 0 0 0 0 0 0 0 0 0 0 0 0 0 0 0 0 0 0 0 0 0 0 0 0 0 0 0 0 0 0 0 0]
[779353627317142325841854878223154806582885307557394985967135200996232413134602820262262750436270892416206022513445594866156021664012348025036696576370375519578560006903469487368303574860048834134457956124890171963040221208092802044774156252627397196503043978306745845037338606945457648485239056420027 0 0 0 0 0 0 0 0 0 0 0 0 0 0 0 0 0 0 0 0 0 0 0 0 0 0 0 0 0 0 0 0 0 0 0 0 0 1 0 0 0 0 0 0 0 0 0 0 0 0 0 0 0 0 0 0 0 0 0 0 0 0 0 0 0 0 0 0 0 0 0 0 0 0 0 0 0 0 0 0 0 0 0 0 0 0 0 0 0 0 0 0 0 0 0 0 0 0 0]
[6967000546828746252616985040965600622765087451754165719159425916560285514134498530620886787291840752088232567203340447468979079613790867199286054529689429482909755478608185488216290694416469826261411076338604450416597614637791727078754423205495051786513231102218605230940232207470740057795291736900182 0 0 0 0 0 0 0 0 0 0 0 0 0 0 0 0 0 0 0 0 0 0 0 0 0 0 0 0 0 0 0 0 0 0 0 0 0 0 1 0 0 0 0 0 0 0 0 0 0 0 0 0 0 0 0 0 0 0 0 0 0 0 0 0 0 0 0 0 0 0 0 0 0 0 0 0 0 0 0 0 0 0 0 0 0 0 0 0 0 0 0 0 0 0 0 0 0 0 0]
[6214218728160439111971314710170038164987311113154322425221717246999592936199469527723560347678615785798658273755082572433262858812119455728312367624280914374665586604430474157204404410428376797692556913897297810846123566819618140034898653395837635778030536933455310595698074037835745733403925425163230 0 0 0 0 0 0 0 0 0 0 0 0 0 0 0 0 0 0 0 0 0 0 0 0 0 0 0 0 0 0 0 0 0 0 0 0 0 0 0 1 0 0 0 0 0 0 0 0 0 0 0 0 0 0 0 0 0 0 0 0 0 0 0 0 0 0 0 0 0 0 0 0 0 0 0 0 0 0 0 0 0 0 0 0 0 0 0 0 0 0 0 0 0 0 0 0 0 0 0]
[8653296089796399476184119887608349188107254619226579124720152082203834096213442796380410686125762334576769168476137163710006316580289831957957974598332970095777458040802092461152624332000737100941048763683552213992478948906397426914017661759856924483398610369815662751318604130206673325555308880674551 0 0 0 0 0 0 0 0 0 0 0 0 0 0 0 0 0 0 0 0 0 0 0 0 0 0 0 0 0 0 0 0 0 0 0 0 0 0 0 0 1 0 0 0 0 0 0 0 0 0 0 0 0 0 0 0 0 0 0 0 0 0 0 0 0 0 0 0 0 0 0 0 0 0 0 0 0 0 0 0 0 0 0 0 0 0 0 0 0 0 0 0 0 0 0 0 0 0 0]
[9706394682369724241156445190013050189796808497575140209583166133578320812540430218865038457947758571396744369210458754398438630911669166666192588835154749231206450444800299112747079200896933464775969745649323552303182184292483837785565407661171035462379204455767668368839490503166149094496486030073733 0 0 0 0 0 0 0 0 0 0 0 0 0 0 0 0 0 0 0 0 0 0 0 0 0 0 0 0 0 0 0 0 0 0 0 0 0 0 0 0 0 1 0 0 0 0 0 0 0 0 0 0 0 0 0 0 0 0 0 0 0 0 0 0 0 0 0 0 0 0 0 0 0 0 0 0 0 0 0 0 0 0 0 0 0 0 0 0 0 0 0 0 0 0 0 0 0 0 0]
[3675992537449034228763548224594024032197009120804996953934967309170539150545970113085145619662935245267705191672735386699084569717758364986872517298595092239274475550022856126363577529893744457412392602781369005989558831714364833724650869853186890714965691960303718365192935493742277018521114738278481 0 0 0 0 0 0 0 0 0 0 0 0 0 0 0 0 0 0 0 0 0 0 0 0 0 0 0 0 0 0 0 0 0 0 0 0 0 0 0 0 0 0 1 0 0 0 0 0 0 0 0 0 0 0 0 0 0 0 0 0 0 0 0 0 0 0 0 0 0 0 0 0 0 0 0 0 0 0 0 0 0 0 0 0 0 0 0 0 0 0 0 0 0 0 0 0 0 0 0]
[10149220138025010714456456790111697770907061803913723067110777684215953912382678847243794294015210740762990085006115276526495601272612995486635612624865944849089800963481720448486294852904630166191909853958061675867446432794343698479205616484801891728941190306658633953141025918030723625071567578665327 0 0 0 0 0 0 0 0 0 0 0 0 0 0 0 0 0 0 0 0 0 0 0 0 0 0 0 0 0 0 0 0 0 0 0 0 0 0 0 0 0 0 0 1 0 0 0 0 0 0 0 0 0 0 0 0 0 0 0 0 0 0 0 0 0 0 0 0 0 0 0 0 0 0 0 0 0 0 0 0 0 0 0 0 0 0 0 0 0 0 0 0 0 0 0 0 0 0 0]
[8882775453683280541050447979717311514212512881246010790078742090438853921190374838983170928122134443373879341127887747518058448313015564179141931637590969364392328878401357119865496542051925807698047376848684036487261552806023348333745008572162638170087404967723604132715433726132864401651564112789134 0 0 0 0 0 0 0 0 0 0 0 0 0 0 0 0 0 0 0 0 0 0 0 0 0 0 0 0 0 0 0 0 0 0 0 0 0 0 0 0 0 0 0 0 1 0 0 0 0 0 0 0 0 0 0 0 0 0 0 0 0 0 0 0 0 0 0 0 0 0 0 0 0 0 0 0 0 0 0 0 0 0 0 0 0 0 0 0 0 0 0 0 0 0 0 0 0 0 0]
[10490930493904014991955777443492178824510658586490472269195364480273028388164397063268668107438740832410888002165825479218271381818675870224928191247081546695496075389901855547975754025477861773821626526195568969109846074870768495274529838716793949554955929923272336205961207471358978669274221004867771 0 0 0 0 0 0 0 0 0 0 0 0 0 0 0 0 0 0 0 0 0 0 0 0 0 0 0 0 0 0 0 0 0 0 0 0 0 0 0 0 0 0 0 0 0 1 0 0 0 0 0 0 0 0 0 0 0 0 0 0 0 0 0 0 0 0 0 0 0 0 0 0 0 0 0 0 0 0 0 0 0 0 0 0 0 0 0 0 0 0 0 0 0 0 0 0 0 0 0]
[3184095974681494078407000717244089745160246186056847692865245231582211889111744243961647669997391958763217087216036340361674059254742419784206946305451853382450357859557761835868341749957878098383395004398989125158932259724851407603584929583812084179003127788154557732206903956094367824264412970495866 0 0 0 0 0 0 0 0 0 0 0 0 0 0 0 0 0 0 0 0 0 0 0 0 0 0 0 0 0 0 0 0 0 0 0 0 0 0 0 0 0 0 0 0 0 0 1 0 0 0 0 0 0 0 0 0 0 0 0 0 0 0 0 0 0 0 0 0 0 0 0 0 0 0 0 0 0 0 0 0 0 0 0 0 0 0 0 0 0 0 0 0 0 0 0 0 0 0 0]
[3209602463522471612951712379274055000863842998037348603799854394612648392670621237299967384939094236531728572084245194404249051218343946384671941978659304613117075242746507515022405549809602536935273309273852210495925693690108921461737881151089407709275979306129263620521524763246288635648314706326746 0 0 0 0 0 0 0 0 0 0 0 0 0 0 0 0 0 0 0 0 0 0 0 0 0 0 0 0 0 0 0 0 0 0 0 0 0 0 0 0 0 0 0 0 0 0 0 1 0 0 0 0 0 0 0 0 0 0 0 0 0 0 0 0 0 0 0 0 0 0 0 0 0 0 0 0 0 0 0 0 0 0 0 0 0 0 0 0 0 0 0 0 0 0 0 0 0 0 0]
[3292657280951280866665773392225307658212063818237972401706709760704307873275507802493757579206140177868867160272943172926055045721273483508704619010212034608042531286925085708711604898467290422145165745605284332508843868832079118082567339920527286509613719767988273984729417334499192458416710550472452 0 0 0 0 0 0 0 0 0 0 0 0 0 0 0 0 0 0 0 0 0 0 0 0 0 0 0 0 0 0 0 0 0 0 0 0 0 0 0 0 0 0 0 0 0 0 0 0 1 0 0 0 0 0 0 0 0 0 0 0 0 0 0 0 0 0 0 0 0 0 0 0 0 0 0 0 0 0 0 0 0 0 0 0 0 0 0 0 0 0 0 0 0 0 0 0 0 0 0]
[9338508971497841205386976745798481493435629418120048164162747607743173526006563764228486466782985666007077393043871332112007232851929911387338671727908726468200563066779786610675018346510928910559536767215044673364199354786013139519190698786686870726584253460648873217173544505535830060432948320187758 0 0 0 0 0 0 0 0 0 0 0 0 0 0 0 0 0 0 0 0 0 0 0 0 0 0 0 0 0 0 0 0 0 0 0 0 0 0 0 0 0 0 0 0 0 0 0 0 0 1 0 0 0 0 0 0 0 0 0 0 0 0 0 0 0 0 0 0 0 0 0 0 0 0 0 0 0 0 0 0 0 0 0 0 0 0 0 0 0 0 0 0 0 0 0 0 0 0 0]
[4098594045855936435545783055341465491088579331404755180626639077403994770562998120731372380712915999863957168739551039625168693926786360898374037698913273249008524881667608997155901097863491727856913320478092672244699796634238953291213973165591071598328585376271952787772979249704123101391042623923335 0 0 0 0 0 0 0 0 0 0 0 0 0 0 0 0 0 0 0 0 0 0 0 0 0 0 0 0 0 0 0 0 0 0 0 0 0 0 0 0 0 0 0 0 0 0 0 0 0 0 1 0 0 0 0 0 0 0 0 0 0 0 0 0 0 0 0 0 0 0 0 0 0 0 0 0 0 0 0 0 0 0 0 0 0 0 0 0 0 0 0 0 0 0 0 0 0 0 0]
[2907113441580675404920167265364584194007655347752876791940150563833536952877278119295920820960351729839565541598222978232715330664470436840221096314411306488692310813035983924649641809896365103372586353389626795501527640320712327629550474441786731771843911122433466740745488420740377860887119760905708 0 0 0 0 0 0 0 0 0 0 0 0 0 0 0 0 0 0 0 0 0 0 0 0 0 0 0 0 0 0 0 0 0 0 0 0 0 0 0 0 0 0 0 0 0 0 0 0 0 0 0 1 0 0 0 0 0 0 0 0 0 0 0 0 0 0 0 0 0 0 0 0 0 0 0 0 0 0 0 0 0 0 0 0 0 0 0 0 0 0 0 0 0 0 0 0 0 0 0]
[8339100766694048526866165726137595191296136937571751342814561762291689909069382599842701906027546098817120472720194581371828383642107652638237560119877747486793684144765358486389013230344837281882718418628227051214957183607513195386375650034748844662436160997294621051295584869681717427727801749001777 0 0 0 0 0 0 0 0 0 0 0 0 0 0 0 0 0 0 0 0 0 0 0 0 0 0 0 0 0 0 0 0 0 0 0 0 0 0 0 0 0 0 0 0 0 0 0 0 0 0 0 0 1 0 0 0 0 0 0 0 0 0 0 0 0 0 0 0 0 0 0 0 0 0 0 0 0 0 0 0 0 0 0 0 0 0 0 0 0 0 0 0 0 0 0 0 0 0 0]
[7146461638440264057273654321320334534188917425776911041838341969200530206827910437185747368885741563943342692812928112100074662829445471736416436748102865967308779088341148175527356903416472930550169065924068211205500421026053748717982897701111434363669407976835657078925917745159934044354409413253507 0 0 0 0 0 0 0 0 0 0 0 0 0 0 0 0 0 0 0 0 0 0 0 0 0 0 0 0 0 0 0 0 0 0 0 0 0 0 0 0 0 0 0 0 0 0 0 0 0 0 0 0 0 1 0 0 0 0 0 0 0 0 0 0 0 0 0 0 0 0 0 0 0 0 0 0 0 0 0 0 0 0 0 0 0 0 0 0 0 0 0 0 0 0 0 0 0 0 0]
[5810681918921180562660064349743142320247879784983797286478415995558567570906479994615898716453366728055997523571220632165119591783255867995249823976458074121961962036764868150404895135125082897301992772889952407301557882959478622310395537130238949587233040891991305272330971889062450906419662788234254 0 0 0 0 0 0 0 0 0 0 0 0 0 0 0 0 0 0 0 0 0 0 0 0 0 0 0 0 0 0 0 0 0 0 0 0 0 0 0 0 0 0 0 0 0 0 0 0 0 0 0 0 0 0 1 0 0 0 0 0 0 0 0 0 0 0 0 0 0 0 0 0 0 0 0 0 0 0 0 0 0 0 0 0 0 0 0 0 0 0 0 0 0 0 0 0 0 0 0]
[586820966691678176260005820929582658298783056113260175469383340675622927718425912678026906426890902962188233711760840292851350996999737262237270398221625455229219034683152591954276709138404171296969993929339128850047946923895488798790800372264915547463166821013446877746101205857959907788798312036713 0 0 0 0 0 0 0 0 0 0 0 0 0 0 0 0 0 0 0 0 0 0 0 0 0 0 0 0 0 0 0 0 0 0 0 0 0 0 0 0 0 0 0 0 0 0 0 0 0 0 0 0 0 0 0 1 0 0 0 0 0 0 0 0 0 0 0 0 0 0 0 0 0 0 0 0 0 0 0 0 0 0 0 0 0 0 0 0 0 0 0 0 0 0 0 0 0 0 0]
[142767943386852277873723504967867603299176411151901050916248436775751706203811599337146561647616535556372796136717638703224187095867538417344429432798031525774058078422679237461533100322323382611269272435207304037445833151807602792026101857740165426741023954213116220887983440802294704279832547888736 0 0 0 0 0 0 0 0 0 0 0 0 0 0 0 0 0 0 0 0 0 0 0 0 0 0 0 0 0 0 0 0 0 0 0 0 0 0 0 0 0 0 0 0 0 0 0 0 0 0 0 0 0 0 0 0 1 0 0 0 0 0 0 0 0 0 0 0 0 0 0 0 0 0 0 0 0 0 0 0 0 0 0 0 0 0 0 0 0 0 0 0 0 0 0 0 0 0 0]
[5047062074124782692743526409646288217218733222488454168050261148498639467619356463435719045148300517034947185082415929570078443870335419623594133471404995809950223433714776964690561405328990500180428562157031796012267377675560783087408221265859079991555799168169664513473288777770788758982766447033080 0 0 0 0 0 0 0 0 0 0 0 0 0 0 0 0 0 0 0 0 0 0 0 0 0 0 0 0 0 0 0 0 0 0 0 0 0 0 0 0 0 0 0 0 0 0 0 0 0 0 0 0 0 0 0 0 0 1 0 0 0 0 0 0 0 0 0 0 0 0 0 0 0 0 0 0 0 0 0 0 0 0 0 0 0 0 0 0 0 0 0 0 0 0 0 0 0 0 0]
[1494531785188641278607723131658428155473165838625804522499905515435973081394121217719179800114352785525250068160837047969862717255405466423520478545484700629678314798666083894163656767336951145425903397198034655629585334632807619922702710713192715833468328739603907065568296824243336022889428670667248 0 0 0 0 0 0 0 0 0 0 0 0 0 0 0 0 0 0 0 0 0 0 0 0 0 0 0 0 0 0 0 0 0 0 0 0 0 0 0 0 0 0 0 0 0 0 0 0 0 0 0 0 0 0 0 0 0 0 1 0 0 0 0 0 0 0 0 0 0 0 0 0 0 0 0 0 0 0 0 0 0 0 0 0 0 0 0 0 0 0 0 0 0 0 0 0 0 0 0]
[72694840411198856824374872085931145750338513907924872205479699030737280564445562224516036018053990577019521894132514740324657305137060701002936098813011466403452003529720324813430740715567690957962643831433538777528849775408535138035620780357774103961836920967646026427908424144007197784683788336174 0 0 0 0 0 0 0 0 0 0 0 0 0 0 0 0 0 0 0 0 0 0 0 0 0 0 0 0 0 0 0 0 0 0 0 0 0 0 0 0 0 0 0 0 0 0 0 0 0 0 0 0 0 0 0 0 0 0 0 1 0 0 0 0 0 0 0 0 0 0 0 0 0 0 0 0 0 0 0 0 0 0 0 0 0 0 0 0 0 0 0 0 0 0 0 0 0 0 0]
[6187650947035221992394439626882763074366552889941825435027042221727047228428924407050726730822834469332327173405844176492135042291156819773319027912002184157542506429469237247852780864282425202088162576706860619884779187031927276600439964613206749655430352130633341474610188927795135666712877031384575 0 0 0 0 0 0 0 0 0 0 0 0 0 0 0 0 0 0 0 0 0 0 0 0 0 0 0 0 0 0 0 0 0 0 0 0 0 0 0 0 0 0 0 0 0 0 0 0 0 0 0 0 0 0 0 0 0 0 0 0 1 0 0 0 0 0 0 0 0 0 0 0 0 0 0 0 0 0 0 0 0 0 0 0 0 0 0 0 0 0 0 0 0 0 0 0 0 0 0]
[844534684185738066922646139849893033922179322459103178331499718663383957601549418728065939830679474136455495881937495843165720494861230786419787418479968724536904372094050792803390743837245950136218255386263019537712686476530822256187360622618801459713673303962090661732743882668853915336676189765091 0 0 0 0 0 0 0 0 0 0 0 0 0 0 0 0 0 0 0 0 0 0 0 0 0 0 0 0 0 0 0 0 0 0 0 0 0 0 0 0 0 0 0 0 0 0 0 0 0 0 0 0 0 0 0 0 0 0 0 0 0 1 0 0 0 0 0 0 0 0 0 0 0 0 0 0 0 0 0 0 0 0 0 0 0 0 0 0 0 0 0 0 0 0 0 0 0 0 0]
[1111942352441924144717829441752365896076254783263709731261138565072958503424182447388189047051034561352521118903583607122412093167351112871224683619516442046115005829944772920155561183335782496045215069763103678176359131141476647629072364787758703665360316106161096395300391582443635341836122307637325 0 0 0 0 0 0 0 0 0 0 0 0 0 0 0 0 0 0 0 0 0 0 0 0 0 0 0 0 0 0 0 0 0 0 0 0 0 0 0 0 0 0 0 0 0 0 0 0 0 0 0 0 0 0 0 0 0 0 0 0 0 0 1 0 0 0 0 0 0 0 0 0 0 0 0 0 0 0 0 0 0 0 0 0 0 0 0 0 0 0 0 0 0 0 0 0 0 0 0]
[8877145937113235856462336355918991748567973667766169304402377540809969705998194579426823842200174613842990542636688093536818586141154827889108616289098784434807273527227621902375509122236220560464671500051588957837542667462080702245550460407940864382598246111375224443731478108705291302778578041043847 0 0 0 0 0 0 0 0 0 0 0 0 0 0 0 0 0 0 0 0 0 0 0 0 0 0 0 0 0 0 0 0 0 0 0 0 0 0 0 0 0 0 0 0 0 0 0 0 0 0 0 0 0 0 0 0 0 0 0 0 0 0 0 1 0 0 0 0 0 0 0 0 0 0 0 0 0 0 0 0 0 0 0 0 0 0 0 0 0 0 0 0 0 0 0 0 0 0 0]
[2799747830599711539316348168499959369333916361306634833228576022623021759859919334349169310796736611867822827498506052054064281873497861923037256998595523407019350734798933473103421641018988223868903439393528559684704392121432989720646931039104132161019370758314981481150333979049878829373126004262501 0 0 0 0 0 0 0 0 0 0 0 0 0 0 0 0 0 0 0 0 0 0 0 0 0 0 0 0 0 0 0 0 0 0 0 0 0 0 0 0 0 0 0 0 0 0 0 0 0 0 0 0 0 0 0 0 0 0 0 0 0 0 0 0 1 0 0 0 0 0 0 0 0 0 0 0 0 0 0 0 0 0 0 0 0 0 0 0 0 0 0 0 0 0 0 0 0 0 0]
[393587551660244969458097701541624385848495466426959804028268683037507729900745576438602643730090368451667358533305799677268826591267280537162070144689179589940915346988125270840476391839729728454032656935282147764319205818912518651144645423014160476468704124350779763944595036914455387936581981023631 0 0 0 0 0 0 0 0 0 0 0 0 0 0 0 0 0 0 0 0 0 0 0 0 0 0 0 0 0 0 0 0 0 0 0 0 0 0 0 0 0 0 0 0 0 0 0 0 0 0 0 0 0 0 0 0 0 0 0 0 0 0 0 0 0 1 0 0 0 0 0 0 0 0 0 0 0 0 0 0 0 0 0 0 0 0 0 0 0 0 0 0 0 0 0 0 0 0 0]
[78669867072635466890267753858962327707237419356987575967629334102413263656943209290846888722708353345069278534247591255841073272767507708419644678710702783885198476484933286861575835049271564114097296516436622364131712936658469959104121700018783416519930195136354127882632185268032082113537461451797 0 0 0 0 0 0 0 0 0 0 0 0 0 0 0 0 0 0 0 0 0 0 0 0 0 0 0 0 0 0 0 0 0 0 0 0 0 0 0 0 0 0 0 0 0 0 0 0 0 0 0 0 0 0 0 0 0 0 0 0 0 0 0 0 0 0 1 0 0 0 0 0 0 0 0 0 0 0 0 0 0 0 0 0 0 0 0 0 0 0 0 0 0 0 0 0 0 0 0]
[5723754203967134851838299163393200861625806828319633336589101688119389197501756906042582221319092578276030544247067915952801928029045182715708472656541045517408465401953455241946038600052834254106745375906450270492630463768740986040769514371081556711081193739194536662588800672260422041255639468360463 0 0 0 0 0 0 0 0 0 0 0 0 0 0 0 0 0 0 0 0 0 0 0 0 0 0 0 0 0 0 0 0 0 0 0 0 0 0 0 0 0 0 0 0 0 0 0 0 0 0 0 0 0 0 0 0 0 0 0 0 0 0 0 0 0 0 0 1 0 0 0 0 0 0 0 0 0 0 0 0 0 0 0 0 0 0 0 0 0 0 0 0 0 0 0 0 0 0 0]
[4643338429315336281507978575332540718236357163506331588037794758140096683337170919052199907454287226732870095943406688152416085067144777106848799722257492983776107346801334310117563061864431541736010235895035423794696677435233109837380366193774107800644940180294854275813945021862965027875900335166960 0 0 0 0 0 0 0 0 0 0 0 0 0 0 0 0 0 0 0 0 0 0 0 0 0 0 0 0 0 0 0 0 0 0 0 0 0 0 0 0 0 0 0 0 0 0 0 0 0 0 0 0 0 0 0 0 0 0 0 0 0 0 0 0 0 0 0 0 1 0 0 0 0 0 0 0 0 0 0 0 0 0 0 0 0 0 0 0 0 0 0 0 0 0 0 0 0 0 0]
[9010516294800191112176509286651488488836008960947889175570896994351116778028442902996295751807267883463229704851872135389455244294386004268660446186842361331833034506154762696308095096399546242481678242566783003896603723374862112225366563442151091818319748793396332196760197310414785676177525282371422 0 0 0 0 0 0 0 0 0 0 0 0 0 0 0 0 0 0 0 0 0 0 0 0 0 0 0 0 0 0 0 0 0 0 0 0 0 0 0 0 0 0 0 0 0 0 0 0 0 0 0 0 0 0 0 0 0 0 0 0 0 0 0 0 0 0 0 0 0 1 0 0 0 0 0 0 0 0 0 0 0 0 0 0 0 0 0 0 0 0 0 0 0 0 0 0 0 0 0]
[9845628291299205680857111460989759666086759052924821256205086925623441846170113869407050823484198581155687759881261268640094674189884696905051928773071698759173673805857494577386366646877748990004745276646959935480430085639374407469822755077772910227790173889215886133793422781737104811898303427451685 0 0 0 0 0 0 0 0 0 0 0 0 0 0 0 0 0 0 0 0 0 0 0 0 0 0 0 0 0 0 0 0 0 0 0 0 0 0 0 0 0 0 0 0 0 0 0 0 0 0 0 0 0 0 0 0 0 0 0 0 0 0 0 0 0 0 0 0 0 0 1 0 0 0 0 0 0 0 0 0 0 0 0 0 0 0 0 0 0 0 0 0 0 0 0 0 0 0 0]
[3606504931349843815991569427625555603608374781470385727163903128554405331656598349185840947299806841804808982375716707976469244873124970862353819990846357692610947449527359443371075397656110316874709119309438636158354062142310531124599632868280175406184943805683431450034166065591237088736945239032965 0 0 0 0 0 0 0 0 0 0 0 0 0 0 0 0 0 0 0 0 0 0 0 0 0 0 0 0 0 0 0 0 0 0 0 0 0 0 0 0 0 0 0 0 0 0 0 0 0 0 0 0 0 0 0 0 0 0 0 0 0 0 0 0 0 0 0 0 0 0 0 1 0 0 0 0 0 0 0 0 0 0 0 0 0 0 0 0 0 0 0 0 0 0 0 0 0 0 0]
[1279750796494104790959016303997881182240542329617264293163006273447404243327237454873341220501172132421500093300559361535488425842935870992875325633093718862083613095443780621585378454759253472745334315272759740883168431659592313305531562081975684519692295097092364697053490529483148958290092618947559 0 0 0 0 0 0 0 0 0 0 0 0 0 0 0 0 0 0 0 0 0 0 0 0 0 0 0 0 0 0 0 0 0 0 0 0 0 0 0 0 0 0 0 0 0 0 0 0 0 0 0 0 0 0 0 0 0 0 0 0 0 0 0 0 0 0 0 0 0 0 0 0 1 0 0 0 0 0 0 0 0 0 0 0 0 0 0 0 0 0 0 0 0 0 0 0 0 0 0]
[5641272794620468587976585145873654008625812315171985498016984481655875604467541605660328930072751403845573889417827743539815070011587585662869530147670776521472162772594703136285042659797675066071336312501120606723566190583272321393661177830017881575514232211943114793528063384432511935169420245756436 0 0 0 0 0 0 0 0 0 0 0 0 0 0 0 0 0 0 0 0 0 0 0 0 0 0 0 0 0 0 0 0 0 0 0 0 0 0 0 0 0 0 0 0 0 0 0 0 0 0 0 0 0 0 0 0 0 0 0 0 0 0 0 0 0 0 0 0 0 0 0 0 0 1 0 0 0 0 0 0 0 0 0 0 0 0 0 0 0 0 0 0 0 0 0 0 0 0 0]
[8838664467075974383219385950003286577710143239955314446828426117052860945350684889566582283242944068286264022789715624813782848854953068122460297083249063543705276647815180650660869790899763251294087859326758203105172761388039977576089868634159350239034970063783344366747675287566402148323500048188192 0 0 0 0 0 0 0 0 0 0 0 0 0 0 0 0 0 0 0 0 0 0 0 0 0 0 0 0 0 0 0 0 0 0 0 0 0 0 0 0 0 0 0 0 0 0 0 0 0 0 0 0 0 0 0 0 0 0 0 0 0 0 0 0 0 0 0 0 0 0 0 0 0 0 1 0 0 0 0 0 0 0 0 0 0 0 0 0 0 0 0 0 0 0 0 0 0 0 0]
[1815074546314464865408999085322131101415457160706816273043243355570601515165140445053947122458695444629120108425638218705063528585240235436658726462622214240542186071486418238518458942976359723359211607267348925329030064531667204661170478795841508528889201593156135914728853936133761097646727843062498 0 0 0 0 0 0 0 0 0 0 0 0 0 0 0 0 0 0 0 0 0 0 0 0 0 0 0 0 0 0 0 0 0 0 0 0 0 0 0 0 0 0 0 0 0 0 0 0 0 0 0 0 0 0 0 0 0 0 0 0 0 0 0 0 0 0 0 0 0 0 0 0 0 0 0 1 0 0 0 0 0 0 0 0 0 0 0 0 0 0 0 0 0 0 0 0 0 0 0]
[9430046251798053086405877437437743069637116949379172570831456093351971941531130273016965369630867238163003740269745794657228026351581202891397263905177913489434176782875496023535069505388131784345380487308683408720030782222039529756824066747131987433756263126919085816040455208210966881456711549203247 0 0 0 0 0 0 0 0 0 0 0 0 0 0 0 0 0 0 0 0 0 0 0 0 0 0 0 0 0 0 0 0 0 0 0 0 0 0 0 0 0 0 0 0 0 0 0 0 0 0 0 0 0 0 0 0 0 0 0 0 0 0 0 0 0 0 0 0 0 0 0 0 0 0 0 0 1 0 0 0 0 0 0 0 0 0 0 0 0 0 0 0 0 0 0 0 0 0 0]
[685952504650632350032618008997799095074409794809333209088650291107108007077554639504057244614491584765699604119566316952972622456911194376512623177093990418337757714009686963561019147042338527022443852815462511348699437260108755505528488327823210210696233918120501562722717814393075641651847483192358 0 0 0 0 0 0 0 0 0 0 0 0 0 0 0 0 0 0 0 0 0 0 0 0 0 0 0 0 0 0 0 0 0 0 0 0 0 0 0 0 0 0 0 0 0 0 0 0 0 0 0 0 0 0 0 0 0 0 0 0 0 0 0 0 0 0 0 0 0 0 0 0 0 0 0 0 0 1 0 0 0 0 0 0 0 0 0 0 0 0 0 0 0 0 0 0 0 0 0]
[246854072725593804057622182514658496297080303033382766974528803773213514330669126963896870509523951119153080708224822718464021391695374782141327755186995227549546044161278850056830716767518023286901102773082337331513269354338654666491828730999671316449760930619214906578423724603799912340859568278056 0 0 0 0 0 0 0 0 0 0 0 0 0 0 0 0 0 0 0 0 0 0 0 0 0 0 0 0 0 0 0 0 0 0 0 0 0 0 0 0 0 0 0 0 0 0 0 0 0 0 0 0 0 0 0 0 0 0 0 0 0 0 0 0 0 0 0 0 0 0 0 0 0 0 0 0 0 0 1 0 0 0 0 0 0 0 0 0 0 0 0 0 0 0 0 0 0 0 0]
[1748529411321425138520367767883654790766059710576091095612191984761488917173839077504284373719616792794489171293568713489032288657301214267283709197244169867959966877899303043279678022003355021675796040945107388885375279392937330427347232490588147884351576754007572914475701380800806342668612220722529 0 0 0 0 0 0 0 0 0 0 0 0 0 0 0 0 0 0 0 0 0 0 0 0 0 0 0 0 0 0 0 0 0 0 0 0 0 0 0 0 0 0 0 0 0 0 0 0 0 0 0 0 0 0 0 0 0 0 0 0 0 0 0 0 0 0 0 0 0 0 0 0 0 0 0 0 0 0 0 1 0 0 0 0 0 0 0 0 0 0 0 0 0 0 0 0 0 0 0]
[5294177922420370426502645174092123641975238064092201039932568510343462660415923621818414463868730718387180665038138391026084827849592583009234697669832607209281842778096934330828788191302822203934582383955289207702606943916874960487076185050009192395885728770578546058678652119825663903049687915829369 0 0 0 0 0 0 0 0 0 0 0 0 0 0 0 0 0 0 0 0 0 0 0 0 0 0 0 0 0 0 0 0 0 0 0 0 0 0 0 0 0 0 0 0 0 0 0 0 0 0 0 0 0 0 0 0 0 0 0 0 0 0 0 0 0 0 0 0 0 0 0 0 0 0 0 0 0 0 0 0 1 0 0 0 0 0 0 0 0 0 0 0 0 0 0 0 0 0 0]
[10248293851404258442766592853407135725130916021705997086671339963408214910607404836087222955251415669456050074620555764173838510075206558958781404920224498638665396732824717101983885144757501591763894385982762754930035508866161014443970724028844337260129016649268420643157353339361289722287512046764808 0 0 0 0 0 0 0 0 0 0 0 0 0 0 0 0 0 0 0 0 0 0 0 0 0 0 0 0 0 0 0 0 0 0 0 0 0 0 0 0 0 0 0 0 0 0 0 0 0 0 0 0 0 0 0 0 0 0 0 0 0 0 0 0 0 0 0 0 0 0 0 0 0 0 0 0 0 0 0 0 0 1 0 0 0 0 0 0 0 0 0 0 0 0 0 0 0 0 0]
[3523370397062212580920090060779437071675869136156978137125761619285203365378101127300077112549852657086554817049233186518107183096168857009990988306936343659074197813882419876681490619836135700945060834519925183116966035903913108385302131621840566597532141774111184875974535666599535524554849955285172 0 0 0 0 0 0 0 0 0 0 0 0 0 0 0 0 0 0 0 0 0 0 0 0 0 0 0 0 0 0 0 0 0 0 0 0 0 0 0 0 0 0 0 0 0 0 0 0 0 0 0 0 0 0 0 0 0 0 0 0 0 0 0 0 0 0 0 0 0 0 0 0 0 0 0 0 0 0 0 0 0 0 1 0 0 0 0 0 0 0 0 0 0 0 0 0 0 0 0]
[7641881973847552567615433253234626786673720101573580277831561224435961896550824115918121336760312385247907912945230603215241930012420228184364428063927714358486801102467023822439006860666631153177653718570238264123559088432926408431893040158647399857875362832156578500545977090073784055113616878098510 0 0 0 0 0 0 0 0 0 0 0 0 0 0 0 0 0 0 0 0 0 0 0 0 0 0 0 0 0 0 0 0 0 0 0 0 0 0 0 0 0 0 0 0 0 0 0 0 0 0 0 0 0 0 0 0 0 0 0 0 0 0 0 0 0 0 0 0 0 0 0 0 0 0 0 0 0 0 0 0 0 0 0 1 0 0 0 0 0 0 0 0 0 0 0 0 0 0 0]
[8339436107635818674265175281155471088001450887745985480215077248827701842678749443296087922349767054194400674141780510884080408154328926541473408433013506727744919103132025902776390081298208593714017889608763212109443849344986968115284824107673989605380725457257609121085001148523387094010141568708193 0 0 0 0 0 0 0 0 0 0 0 0 0 0 0 0 0 0 0 0 0 0 0 0 0 0 0 0 0 0 0 0 0 0 0 0 0 0 0 0 0 0 0 0 0 0 0 0 0 0 0 0 0 0 0 0 0 0 0 0 0 0 0 0 0 0 0 0 0 0 0 0 0 0 0 0 0 0 0 0 0 0 0 0 1 0 0 0 0 0 0 0 0 0 0 0 0 0 0]
[1989388920941474407261171454614786562273698494137186354268838705767982995819789397111366466675597104957093283626867219544786516547965238442719336996698575888361308031837045724794163663068734652766013331426887872635842399437834462813169354906314905805106424747256764131890533503655351911818061349128198 0 0 0 0 0 0 0 0 0 0 0 0 0 0 0 0 0 0 0 0 0 0 0 0 0 0 0 0 0 0 0 0 0 0 0 0 0 0 0 0 0 0 0 0 0 0 0 0 0 0 0 0 0 0 0 0 0 0 0 0 0 0 0 0 0 0 0 0 0 0 0 0 0 0 0 0 0 0 0 0 0 0 0 0 0 1 0 0 0 0 0 0 0 0 0 0 0 0 0]
[3303242665450673417229406699418128795624215439868172305228555489098385549312487144520765177638154229179314889399119224773971044401924780909768534462042755582052089011280585040953728161478751569104423387798266733490556396352211135876103269812357760065519386215046440910838707786999955329614113183387122 0 0 0 0 0 0 0 0 0 0 0 0 0 0 0 0 0 0 0 0 0 0 0 0 0 0 0 0 0 0 0 0 0 0 0 0 0 0 0 0 0 0 0 0 0 0 0 0 0 0 0 0 0 0 0 0 0 0 0 0 0 0 0 0 0 0 0 0 0 0 0 0 0 0 0 0 0 0 0 0 0 0 0 0 0 0 1 0 0 0 0 0 0 0 0 0 0 0 0]
[10521437473900207217460984202390640226911799990010370996563571102030544183755556883909040071461501047563837592435948512828846472838942175264544834903369914864339894627700213849798741568480456252714735520511010075338632961304409125874616204219847363996513267535782836353357591796901795008120221969290718 0 0 0 0 0 0 0 0 0 0 0 0 0 0 0 0 0 0 0 0 0 0 0 0 0 0 0 0 0 0 0 0 0 0 0 0 0 0 0 0 0 0 0 0 0 0 0 0 0 0 0 0 0 0 0 0 0 0 0 0 0 0 0 0 0 0 0 0 0 0 0 0 0 0 0 0 0 0 0 0 0 0 0 0 0 0 0 1 0 0 0 0 0 0 0 0 0 0 0]
[5919431158926416776758279979434478614947263000216208361816246518630583806068634264396638239022899115061268684859162249123652328988779049023737466520436020583578780456993197282527499574793998087620859338267644403880110850540351852723755708666056983861087700998451409231214633858654477594009434308335713 0 0 0 0 0 0 0 0 0 0 0 0 0 0 0 0 0 0 0 0 0 0 0 0 0 0 0 0 0 0 0 0 0 0 0 0 0 0 0 0 0 0 0 0 0 0 0 0 0 0 0 0 0 0 0 0 0 0 0 0 0 0 0 0 0 0 0 0 0 0 0 0 0 0 0 0 0 0 0 0 0 0 0 0 0 0 0 0 1 0 0 0 0 0 0 0 0 0 0]
[6987347183833899129566418034003647146457327769543018328315262875544635444853956365910807150821447671488756960176282681168080343968921940115405270305645919783618667217897380996066976715070942964274427066399105791387221710515705707013920360780620306498992178327737207796138059039855370308994578051677500 0 0 0 0 0 0 0 0 0 0 0 0 0 0 0 0 0 0 0 0 0 0 0 0 0 0 0 0 0 0 0 0 0 0 0 0 0 0 0 0 0 0 0 0 0 0 0 0 0 0 0 0 0 0 0 0 0 0 0 0 0 0 0 0 0 0 0 0 0 0 0 0 0 0 0 0 0 0 0 0 0 0 0 0 0 0 0 0 0 1 0 0 0 0 0 0 0 0 0]
[685070207491903328176530397319790277796723667798602562062870249135245497706350899046986078007108607305597297783134138089699623005849697248572610614313441696544063842445035882768859844953269745513962072085401837474038557539253701132694567623608212702815599467554580803542731420760956548870880788199245 0 0 0 0 0 0 0 0 0 0 0 0 0 0 0 0 0 0 0 0 0 0 0 0 0 0 0 0 0 0 0 0 0 0 0 0 0 0 0 0 0 0 0 0 0 0 0 0 0 0 0 0 0 0 0 0 0 0 0 0 0 0 0 0 0 0 0 0 0 0 0 0 0 0 0 0 0 0 0 0 0 0 0 0 0 0 0 0 0 0 1 0 0 0 0 0 0 0 0]
[6923355971354513270429204359969871857077527828574323624300997568720949032738493008115832556840938872440199135231175558850447851753136153476393402198013923233804834479508987691415692090774373625909217800378790647445804996608735576361441910398738552072491653817324406207243880214367713007879846271659601 0 0 0 0 0 0 0 0 0 0 0 0 0 0 0 0 0 0 0 0 0 0 0 0 0 0 0 0 0 0 0 0 0 0 0 0 0 0 0 0 0 0 0 0 0 0 0 0 0 0 0 0 0 0 0 0 0 0 0 0 0 0 0 0 0 0 0 0 0 0 0 0 0 0 0 0 0 0 0 0 0 0 0 0 0 0 0 0 0 0 0 1 0 0 0 0 0 0 0]
[4352621595432635579043786579066498093819513035562292245556484854828511187299204441112970649541891208109349211245454593536296584249539263054856441170670418828035189219433915659272407451207699990960016242042921957283733652657244423590107495827203917292663066256721478205183392081308048883846526486885123 0 0 0 0 0 0 0 0 0 0 0 0 0 0 0 0 0 0 0 0 0 0 0 0 0 0 0 0 0 0 0 0 0 0 0 0 0 0 0 0 0 0 0 0 0 0 0 0 0 0 0 0 0 0 0 0 0 0 0 0 0 0 0 0 0 0 0 0 0 0 0 0 0 0 0 0 0 0 0 0 0 0 0 0 0 0 0 0 0 0 0 0 1 0 0 0 0 0 0]
[8106570232908946098346325313503273118657426193201522949390277454567787811787255806290091285981130297300562114633647049825773749195386311409288633009633447869451230068002263406937052795745552337088719799958547400499350344521100903537842068204565188554590609046852807587822260495939325366153111048214872 0 0 0 0 0 0 0 0 0 0 0 0 0 0 0 0 0 0 0 0 0 0 0 0 0 0 0 0 0 0 0 0 0 0 0 0 0 0 0 0 0 0 0 0 0 0 0 0 0 0 0 0 0 0 0 0 0 0 0 0 0 0 0 0 0 0 0 0 0 0 0 0 0 0 0 0 0 0 0 0 0 0 0 0 0 0 0 0 0 0 0 0 0 1 0 0 0 0 0]
[5000627253134025323570134482482401582237145557436643332618899429120309671926817203094833309014987580983705820785340491026423359428312571837109611372340473407448267842652260639590634888002723290865002496300398408999891934748266253929932016180707836221717236614550866556484082838540946212686607079260848 0 0 0 0 0 0 0 0 0 0 0 0 0 0 0 0 0 0 0 0 0 0 0 0 0 0 0 0 0 0 0 0 0 0 0 0 0 0 0 0 0 0 0 0 0 0 0 0 0 0 0 0 0 0 0 0 0 0 0 0 0 0 0 0 0 0 0 0 0 0 0 0 0 0 0 0 0 0 0 0 0 0 0 0 0 0 0 0 0 0 0 0 0 0 1 0 0 0 0]
[5767152779485418641762043958999827765227527440890529816700376145929373247910014757642717106325241582502127034132234120866711947978444777033293215936991710622785114561542178819717395250476682399842911548567956492500123831847336040418739666386465693250743914536351028653542811773029567153123709508417864 0 0 0 0 0 0 0 0 0 0 0 0 0 0 0 0 0 0 0 0 0 0 0 0 0 0 0 0 0 0 0 0 0 0 0 0 0 0 0 0 0 0 0 0 0 0 0 0 0 0 0 0 0 0 0 0 0 0 0 0 0 0 0 0 0 0 0 0 0 0 0 0 0 0 0 0 0 0 0 0 0 0 0 0 0 0 0 0 0 0 0 0 0 0 0 1 0 0 0]
[8131544531379526729421292345994554294236802312882621474375144337734718209315152885768919546619043693863795814787971241285137959686413933460831053690237996505519860274345364378864267539214168773386037248637756807197635453116776556882409441558333423235581865208519448484677496889790837678748268003003159 0 0 0 0 0 0 0 0 0 0 0 0 0 0 0 0 0 0 0 0 0 0 0 0 0 0 0 0 0 0 0 0 0 0 0 0 0 0 0 0 0 0 0 0 0 0 0 0 0 0 0 0 0 0 0 0 0 0 0 0 0 0 0 0 0 0 0 0 0 0 0 0 0 0 0 0 0 0 0 0 0 0 0 0 0 0 0 0 0 0 0 0 0 0 0 0 1 0 0]
[4559294065053075676500748402330293306185055514166787640108700483780061924373398545788269147797868296782922362093241301083966461092687681887406647781949746355285250074841239623593388563881571389186231988997959930283476988831448070249081649490179337928491567758904086565701434259765650494195883419896284 0 0 0 0 0 0 0 0 0 0 0 0 0 0 0 0 0 0 0 0 0 0 0 0 0 0 0 0 0 0 0 0 0 0 0 0 0 0 0 0 0 0 0 0 0 0 0 0 0 0 0 0 0 0 0 0 0 0 0 0 0 0 0 0 0 0 0 0 0 0 0 0 0 0 0 0 0 0 0 0 0 0 0 0 0 0 0 0 0 0 0 0 0 0 0 0 0 1 0]
[2940796722774486666256181601936492250918793663129127159945825316027448484405954269116182582184735325085731086892042692391235209670164704251050428631025585780538166787889745563423489664131854034609915315734939903400628268168445833016553855751821507230952300781859498235945215334692162431501358092830879 0 0 0 0 0 0 0 0 0 0 0 0 0 0 0 0 0 0 0 0 0 0 0 0 0 0 0 0 0 0 0 0 0 0 0 0 0 0 0 0 0 0 0 0 0 0 0 0 0 0 0 0 0 0 0 0 0 0 0 0 0 0 0 0 0 0 0 0 0 0 0 0 0 0 0 0 0 0 0 0 0 0 0 0 0 0 0 0 0 0 0 0 0 0 0 0 0 0 1]
]
