[[-41 -652 585 -510 197 -209 -535 -171 329 168 -207 305 236 238 -305 -649 -247 -493 141 54 369 242 -167 98 -230 271 -151 -86 55 364 374 -213 -130 33 -68 -12 447 -142 -181 172 -152 349 409 -314 435 -182 -132 -14 -60 236 -302 -191 342 -342 -188 67 562 281 -128 377 -43 -251 210 -321 226 858 -47 331 211 122 -17 -155 197 99 -127 470 -299 227 135 -551 -2 3 263 498 -168 -205 339 491 -72 -136 198 639 -92 321 -358 -51 471 792 148 55 -101 -311 -71 281 -333 350 -125 30 -416 -445 -289 -308 -142 214 188 395 49 373 -203 -622 -124 -204 340 -89 333 22 15]
[15 -694 273 -668 105 -124 143 -56 85 -52 437 428 -63 660 -77 -519 275 126 1 -428 35 35 51 205 -174 173 -139 763 121 -361 184 86 -143 5 68 58 186 -191 -134 266 13 196 121 -586 345 -539 -64 -60 433 152 -770 -118 -26 -557 21 122 269 -222 -271 154 -34 -464 187 582 330 77 -348 -322 96 54 -207 197 -45 648 -28 -141 -188 -146 -263 -189 -305 -586 180 532 132 -348 305 -116 29 -217 -138 -41 -209 421 -507 -66 -319 -104 -260 -521 6 339 -492 516 -652 55 88 624 225 -686 -185 493 231 130 178 -59 -285 64 132 188 131 165 188 -274 107 257 382]
[973 -262 250 -522 9 -152 -73 -216 -495 467 69 69 -273 275 425 -442 103 58 -284 -80 -177 184 255 344 300 75 312 -248 -443 -452 -276 8 47 531 -138 0 -141 552 38 -189 748 234 -433 779 223 -142 90 -182 -104 186 191 519 -75 -83 89 225 427 -335 -216 99 -112 28 291 287 424 19 128 90 -401 48 -265 -820 103 202 -21 -283 144 -126 -237 -506 154 -101 -104 77 120 91 210 -14 1 -95 336 -270 -424 36 337 58 -176 -589 173 -223 -357 -18 153 666 -439 416 133 183 596 -266 159 -174 168 181 27 226 -402 -150 287 -280 57 176 45 60 -527 85 -409]
[467 783 262 545 -466 356 317 -162 -325 174 561 269 -425 -545 547 325 280 -106 -85 41 263 -102 -332 123 108 246 563 15 -342 36 -462 -504 -130 124 -225 -61 -460 386 -270 -23 574 -24 -249 979 -727 -106 -24 431 30 -455 414 175 -432 -86 -466 -239 744 -168 -228 -522 -36 422 -63 58 428 261 50 -218 395 116 -125 188 470 64 86 26 461 139 -251 262 528 84 -430 -268 -299 -3 4 -55 361 -529 216 -196 141 10 595 13 -72 31 -74 -42 -80 39 -295 264 97 -126 107 -406 114 -230 289 157 321 426 -418 447 -76 408 6 -257 434 263 238 248 -548 -189 -639]
[338 -301 -95 -190 250 47 5 -204 47 86 329 522 -97 428 -27 -631 -41 -152 520 194 -47 420 -99 -96 335 478 747 213 -195 -48 179 152 -148 243 8 -27 646 121 -382 308 392 -345 -185 260 87 64 -459 -80 183 -24 -340 83 -329 196 480 251 967 -483 -350 97 83 -31 -3 -296 413 654 290 57 16 -398 146 437 58 190 79 193 -261 258 -460 -318 948 203 -182 269 385 -421 360 -217 -316 42 42 803 120 -103 -373 56 -774 -68 -166 -499 -738 -43 81 335 -339 -29 366 252 99 -89 336 299 9 573 332 311 -54 240 -53 115 -55 84 138 -327 321 -31 -802]
[145 699 -14 208 -412 -280 -162 654 -268 269 191 -251 -63 -171 125 394 629 59 189 101 -245 96 -345 -109 -248 705 -109 211 -86 -240 94 162 422 -315 698 474 43 285 -116 68 -217 -90 -417 190 -475 179 370 340 47 119 -800 -250 -103 -353 -370 -335 -559 101 -287 39 167 113 54 -37 652 -38 -698 -228 -189 -367 189 322 -403 102 -293 193 435 -318 299 -196 -137 -333 -268 -339 209 -3 130 118 -119 38 220 -112 -116 -119 -273 -208 130 401 588 459 406 62 94 87 170 -654 143 42 -636 -22 453 288 82 -434 -418 -214 -30 242 -389 -158 -100 249 23 58 -94 -46 -194]
[22 -395 42 -795 184 -355 -185 -89 -401 -80 -224 -388 293 345 378 -248 208 181 216 397 -230 276 -131 13 -786 619 219 245 -270 -566 4 174 230 34 187 609 -400 268 -200 213 132 -83 406 29 276 -326 449 126 -241 17 -1066 -91 -364 -50 311 -388 498 16 -462 163 229 -447 14 259 557 -60 -278 -242 136 -780 215 122 269 196 -999 0 -168 -9 -19 -572 710 -227 279 31 8 103 -122 29 -208 -248 -64 351 59 -293 -550 -593 -520 -46 452 -252 -134 397 -215 128 -258 -146 561 -288 -461 -246 -46 552 354 -403 -125 -520 259 267 -370 255 242 466 293 8 473 667 -233]
[583 -29 294 62 -337 403 -77 322 -705 -242 51 -142 324 61 626 -84 355 827 -431 8 490 -302 91 331 -344 129 188 328 -872 -872 -372 -462 249 -251 494 -232 -797 497 9 -3 537 51 20 246 -354 -163 609 511 35 -527 -265 433 -374 375 -425 1 111 -70 -113 10 183 -298 -90 701 365 -1044 -132 -415 201 302 -222 -95 560 -167 -624 -458 308 -241 274 -325 -55 -559 -126 -91 -165 509 456 206 153 -204 128 -310 421 -502 544 -235 15 -380 -39 -109 309 1021 61 -43 -414 -246 -148 -460 91 -376 91 256 665 -126 -773 -21 -156 730 -57 228 240 -282 203 603 -630 52 -756]
[224 592 -621 473 -412 527 182 391 85 552 329 -93 -33 -311 -261 650 -125 77 -589 -18 279 6 -869 225 272 -452 -596 608 -111 189 352 -69 65 -459 -97 -174 -559 -570 -117 698 -531 247 -165 -296 -416 283 186 34 -43 -266 617 260 -79 10 -682 -38 -229 216 277 -217 -58 499 -702 -236 58 -106 -41 -289 -191 -55 239 603 -92 -497 496 -391 579 406 128 205 -528 -142 -204 -771 -512 -89 -193 -143 62 -67 -193 -502 149 584 107 -380 296 256 -20 865 377 262 95 -89 256 178 -118 20 -38 -255 -358 -394 -372 -170 44 198 -296 437 174 54 -2 -287 -456 -250 -503 -692 -11]
[-416 56 98 642 207 -455 -193 315 365 -464 -393 -134 -449 -111 -193 490 -217 -496 -260 -185 -88 -166 -389 41 -1017 311 -626 -342 84 66 -405 10 290 -339 -27 277 -139 -111 -641 -591 -125 -190 878 -132 343 -97 -327 131 -153 -168 181 -353 -1 -134 -7 -435 -16 299 -203 -563 -83 -50 230 501 -10 -631 52 -40 290 -69 -495 -49 504 144 -208 -229 -158 731 -106 283 345 72 77 -175 -611 265 176 240 586 -421 -114 -441 2 -126 117 -309 -26 167 -66 -284 82 -68 -54 -100 330 397 -27 -32 15 583 158 577 -202 -402 -1 -167 556 -182 -235 491 457 -30 180 975 296 744 797]
[141 -161 89 -305 98 -31 265 -627 -1116 265 -148 -360 197 103 665 -719 216 333 -348 482 142 283 -394 -301 5 227 324 324 -21 -322 -132 -2 -119 501 144 497 -416 352 360 329 368 464 -193 449 -51 -247 342 436 -19 38 -484 -352 -592 -508 -301 -57 854 30 -698 31 -147 -350 490 153 934 460 -249 -651 613 -602 611 453 757 200 -622 501 195 -471 -282 -687 257 -818 172 417 109 -517 -42 86 -160 -501 319 -310 -33 545 -638 -440 -610 -173 890 209 69 336 -153 -41 -462 -199 231 109 -443 83 -257 378 124 93 -567 -289 -464 902 160 -241 -373 176 409 -637 -17 -227 -19]
[314 -255 -334 -448 -25 -314 -365 -523 -117 -105 -176 -408 239 -154 108 51 -303 145 -497 115 -267 1015 82 -207 964 -856 -138 272 769 421 882 706 188 226 -346 -72 -256 -441 893 50 -278 -43 -349 -523 -153 195 115 -496 -283 394 624 -324 -294 186 35 648 301 -344 258 -69 -244 -40 87 -415 112 295 200 563 -548 188 460 472 -144 -246 560 29 -582 -689 -268 -14 416 76 182 61 -92 -449 -445 -332 -60 545 510 -228 -194 971 -477 128 -463 -126 3 769 -430 -263 771 -320 280 452 159 90 -313 602 -495 11 -887 -55 190 -228 -78 -88 429 -4 -147 -58 -325 -833 139 -548 381]
[486 -261 91 -316 -544 -88 -375 191 -352 -106 89 -111 -447 482 862 245 213 61 -1025 -188 159 479 -507 -178 -732 -215 -373 296 14 -410 722 -35 376 -337 -483 -136 -53 311 -508 -161 84 248 -142 384 126 -399 455 208 -17 273 120 420 -78 -14 -739 -561 67 412 -179 242 361 -152 -95 622 162 353 -285 -122 -121 -482 -96 -62 256 -112 -498 156 -108 17 319 -20 -270 -130 26 -272 -119 -27 -124 576 472 -156 306 -165 158 -37 48 -458 232 232 -244 310 140 -199 -199 931 -100 511 -35 -541 49 -867 70 120 -331 53 -400 538 46 24 -29 -711 612 162 -306 638 -659 376 -192]
[-263 -11 -718 340 135 234 3 189 72 252 204 -38 -347 359 -515 422 -7 1019 -213 715 -58 179 333 -561 -20 -290 -101 111 478 266 870 516 177 22 277 -358 699 188 181 -152 -1009 -639 -689 -617 -273 374 88 -40 781 177 88 212 -148 -89 273 176 -1359 202 172 273 302 420 -122 -385 -141 474 59 -364 -273 -41 855 713 -925 -689 193 210 -95 -551 -257 -253 81 32 -430 71 971 -441 56 -282 -645 493 18 361 277 -260 -491 -443 -583 -126 22 -7 -215 33 876 -421 113 -289 -172 71 433 470 346 -240 -394 218 92 -306 -164 152 -273 318 -973 -150 -203 -6 -139 64 97]
[-29 572 -337 571 31 -84 -12 519 -210 510 -253 -227 -12 132 620 194 -1 -571 -415 391 -185 -132 -1017 -297 -692 487 65 -92 -225 187 -375 -331 -46 -131 11 347 585 181 -1015 -195 -112 37 -44 974 668 76 270 -347 -556 399 -49 701 -183 220 -76 -750 10 103 -238 130 -123 29 -400 200 424 -664 -457 92 -262 -967 -33 -45 580 829 -430 609 18 878 140 -109 -7 11 318 -77 -143 361 212 655 10 -133 175 274 64 10 116 -41 -392 246 405 135 -167 -149 157 648 44 0 546 -124 -13 332 493 439 -610 -70 3 74 -543 -351 -86 -239 714 389 -222 -338 -102 492 139]
[5 -220 84 -764 106 -298 -392 -601 -585 249 -279 -232 -78 306 508 -274 160 609 89 294 212 429 821 223 -103 190 -20 -494 496 -157 549 -393 181 19 -193 116 -95 903 442 44 785 141 88 740 390 137 223 367 -500 377 -679 351 679 -127 535 -479 87 271 -491 385 258 -93 249 -220 -225 865 428 31 266 -451 -117 -1060 -515 -131 -747 410 -414 -193 245 -436 412 807 72 109 -34 152 -528 316 -153 -609 66 553 108 -435 356 -208 613 -468 324 -128 9 -897 186 -355 -64 342 -274 -425 263 257 -32 -372 635 99 159 270 982 -282 130 -636 -666 719 389 264 309 366 -138]
[-251 306 -256 529 -691 -84 318 547 -469 -141 322 -344 126 105 533 326 19 722 150 -901 396 -163 405 -134 435 -223 -472 95 63 -140 252 -174 734 -522 89 -377 629 -44 342 -199 -265 49 -415 -287 -30 432 242 146 -576 310 610 352 373 797 47 -129 -730 -182 597 278 539 160 132 409 -434 -353 -628 -180 -245 29 274 -90 36 231 398 444 17 -329 1125 241 -262 -301 -8 -255 -83 448 382 449 -367 482 -99 -166 364 -354 389 577 778 -692 -370 430 574 358 304 71 -126 -632 -497 -58 -339 -155 80 223 85 437 -549 41 -775 -326 443 -377 -148 3 -134 -247 -709 -91 -224]
[-351 -818 374 -557 304 -877 413 -644 201 345 -359 -787 -294 49 95 -344 -510 403 -285 143 77 295 354 151 174 -843 -414 -147 -323 -285 -710 -369 150 883 -1000 86 -152 125 -122 -640 -413 879 502 -468 945 -373 114 -455 -548 -113 919 78 -97 207 354 -250 298 117 -39 269 -518 286 208 239 -545 -318 8 85 229 368 -298 -613 707 51 -70 -435 351 50 -91 -470 278 -477 385 -222 -577 -94 322 50 -48 29 -183 -322 16 769 -6 -189 323 -214 274 455 -67 853 -86 -58 -175 154 279 473 338 -267 -773 -414 -16 -250 -201 -557 -475 -253 411 -365 -279 405 98 174 -253 170 533]
[111 465 53 452 -239 -329 273 419 564 -139 -528 -355 -543 -207 -195 -267 83 -164 484 510 -532 28 -781 -323 -119 176 -86 -468 -1078 220 -436 475 309 -470 -59 -1 -46 -461 -301 252 -308 448 333 -66 224 622 -174 275 71 -398 157 -312 -35 437 -534 105 -257 341 413 234 408 416 -492 -172 -533 -52 -77 52 597 -517 -318 36 410 -891 -208 -265 1057 114 425 -403 -156 189 707 -359 72 -487 136 367 110 280 -167 -19 389 -222 -684 -47 372 520 368 614 26 280 -636 -446 210 -257 -2 -71 -961 -126 -85 -401 369 -805 -210 61 277 366 -292 -156 -736 -502 -482 787 -92 -137 -422]
[100 153 -567 -276 -306 301 111 -293 -1241 -298 -246 -290 -28 -185 590 189 163 -217 -296 276 -998 413 408 -34 54 -105 534 -779 503 -646 126 388 -76 849 262 431 134 643 -59 -166 749 147 -440 976 -1022 8 -68 -86 -290 44 -510 -310 13 53 93 -595 -435 274 -555 6 44 -207 231 -365 12 235 62 9 -970 -663 645 -493 -41 -699 -664 457 29 -38 -505 652 195 558 -571 -530 395 -470 -634 26 502 429 264 -208 150 -1121 178 246 -565 -44 65 -116 664 -558 -17 93 1077 -148 425 -398 236 571 494 208 -105 -376 42 -520 605 -489 -201 139 405 -130 -545 58 388 282 -166]
[-1074 -510 501 -352 -84 -312 -102 115 712 -462 800 655 518 -193 -847 -689 -294 -226 800 -1164 0 -238 861 -302 225 37 -190 929 121 70 -190 -242 263 149 -443 395 477 88 -297 -59 -45 -218 970 -1119 761 -94 -151 -123 -219 -111 -196 -858 482 599 595 -150 853 -324 -187 135 -363 -80 275 -76 -147 257 -156 824 621 209 142 383 73 831 710 -491 -329 -121 358 498 316 -368 -371 336 -175 280 345 -880 0 544 -343 1016 -110 686 -420 466 516 474 -373 -84 -712 854 -124 -290 -418 -413 190 217 -245 -235 -301 -42 -289 301 -200 77 6 -279 11 115 300 680 491 -509 638 -126 -245]
[-526 -34 213 -432 -331 99 -25 -286 1273 382 460 84 88 363 -649 -396 -64 -680 672 27 -119 101 -348 366 988 -289 148 967 -179 550 179 597 -708 -111 -538 -99 235 -1118 315 500 -517 534 538 -408 447 277 -534 -26 359 -338 -305 -368 94 282 145 637 432 -82 516 286 -470 37 -549 -538 -254 421 478 334 306 468 -776 116 -377 -94 835 -861 -28 8 -406 730 -1094 90 418 299 -80 -256 92 -346 -10 -99 -159 285 -356 1108 -790 621 -265 522 -311 194 -491 -343 -991 210 -407 449 551 579 3 -395 -227 -178 -396 193 803 187 758 -62 -299 73 -88 146 179 -159 1105 -124 459]
[477 -1523 603 -916 99 -359 -28 -263 703 -1117 -402 778 270 -492 -500 62 495 -127 81 -140 -674 -160 947 600 -756 489 -177 -316 388 -115 96 31 -135 180 426 -164 -355 -333 583 -408 153 -442 161 -885 -312 -648 827 -28 903 140 67 -34 118 -602 -25 684 -243 -67 531 -66 -125 -249 -88 36 -724 -107 -67 635 -77 1369 -629 -61 -526 -156 -46 -550 -331 -1252 -290 -597 -5 -402 141 1286 385 48 -156 -232 415 486 189 35 -359 -209 13 38 -13 235 -576 -282 182 702 17 189 -448 254 -558 -304 86 -889 -459 -400 772 -893 386 -482 157 86 -113 316 182 -361 434 285 -61 570 11]
[-522 -316 561 325 -121 349 -6 53 -484 2 -265 56 375 474 576 -641 -158 561 12 -420 407 -1087 225 -294 -395 -266 132 56 -645 226 54 188 269 -160 -297 -52 -189 -428 619 38 -498 1001 328 46 1340 -186 345 607 -147 -93 -112 -575 556 287 -298 -420 -142 487 60 424 614 -580 381 934 215 384 -142 -392 488 -806 324 -235 791 406 -705 451 -6 -633 988 -153 -976 -467 1390 202 517 548 -180 640 -705 -235 159 -224 -318 403 -748 485 128 -297 355 -750 -70 138 -1464 76 -496 76 363 -841 -804 -586 -274 464 260 533 -685 18 -778 -90 120 -231 -193 -163 252 -214 429 331 589]
[-164 542 -102 -766 239 -511 -103 -150 576 474 -363 -420 -750 544 -110 -72 -265 -597 278 -614 83 -349 -910 87 85 -674 -255 -100 -204 -243 625 422 153 -102 -826 121 645 117 110 93 -218 178 41 -116 909 -622 -433 -409 -366 231 788 -72 8 214 284 203 -134 528 -57 222 577 259 396 577 -216 773 -11 -548 -5 -765 342 -841 23 -448 202 -453 333 547 221 651 -856 83 -207 -406 -231 658 235 445 -117 -71 -609 -308 -452 367 -210 -90 558 -245 -168 -19 75 -756 -267 1008 21 692 -105 219 -126 -975 -107 -262 -468 132 233 331 315 -878 -97 -630 -427 438 172 482 -84 186 266]
[-46 663 579 724 -508 -137 -333 -8 84 152 240 -68 198 -239 701 786 373 118 -159 683 424 146 133 -439 -109 -364 41 -217 -300 217 48 136 -433 -502 -205 -465 -441 -369 205 -153 -496 1 -776 1109 -486 498 417 337 124 89 -193 -63 430 -345 -335 -116 -728 246 477 115 253 294 -178 -113 390 -155 301 -185 -23 352 -1097 139 -924 428 -179 143 -268 -558 216 330 -583 -295 290 -398 597 570 -267 -90 303 -364 689 51 -426 65 -74 241 195 383 -43 -728 133 -480 -1055 177 -243 -266 476 -516 -511 -551 260 244 297 333 -669 425 200 -115 -362 -166 161 -315 -29 808 110 500 32]
[-220 -7 -252 -762 -673 -594 -319 -364 -756 -436 54 -772 730 -666 511 260 -202 -550 494 -273 -493 164 61 -782 162 -289 85 -630 130 -201 3 604 -144 414 -234 476 -478 51 592 -74 820 -471 -244 538 -517 568 91 162 -854 1057 667 -403 70 86 911 289 1138 81 335 -320 -92 380 994 -509 50 903 -8 86 -156 -507 528 -99 -146 -92 247 675 -416 -191 234 48 641 -291 -288 -282 190 53 -332 -738 -130 -402 -85 -477 -110 -241 196 233 231 -358 840 -29 168 -312 -224 317 266 -46 -189 -101 -814 23 -313 -67 -52 -39 -110 289 -269 -303 -413 -207 -310 127 253 -569 -28 85 -582]
[-5 -625 -15 -533 570 -212 106 -169 662 -568 -827 -262 -246 590 -339 -839 -103 -191 -28 725 -232 -79 -390 58 -463 154 42 268 165 -555 -245 -7 -518 187 224 50 546 631 -372 -364 550 -292 -78 130 796 -149 -481 -191 781 1 -98 315 -863 139 514 -121 305 304 -672 -4 -1033 -230 89 -44 -78 523 559 -324 705 -373 126 622 -304 -386 -577 -118 127 584 -601 -529 291 -286 437 574 377 85 323 -54 -474 -444 -671 139 647 -303 303 -1102 -957 -119 145 318 -353 419 509 386 -495 504 -120 247 921 -76 331 -688 -267 245 556 -127 165 227 -506 422 -160 81 425 197 -196 181 -58]
[562 454 -648 235 -300 -757 259 -573 -612 217 103 -600 -817 -361 391 -127 110 200 -707 469 -650 1146 36 -491 640 -718 -637 -504 523 -180 131 507 -5 -298 -490 -171 423 827 125 -301 -107 -395 -943 487 -67 880 -512 -374 -359 898 749 -142 67 -298 57 -42 -143 383 227 4 196 577 308 -37 218 931 62 14 368 -240 554 391 -772 -1018 491 179 357 -43 -83 -198 1255 -147 -478 -556 353 -843 -126 -982 -100 462 57 -355 309 -302 236 -897 -176 -544 591 237 -667 -24 938 472 -108 -256 -72 374 -107 425 294 -685 -579 709 -218 205 -24 142 214 -3 -923 147 -290 208 -734 -156 -633]
[-169 713 -405 261 14 305 154 263 -446 -485 -4 458 705 -393 224 412 454 265 25 -452 55 -339 -268 469 -97 124 164 202 -272 -561 -31 -180 287 -833 817 282 -77 493 0 578 462 -570 268 -476 -284 -53 537 -187 -616 79 -879 106 226 -15 485 -84 13 279 64 -480 489 37 225 1125 613 -977 -551 115 544 4 397 486 205 385 -70 -141 -162 367 305 646 797 -239 -493 -344 -298 215 435 -476 50 -505 -489 -153 378 -986 -37 -209 29 -657 -575 -1053 326 477 781 -460 80 -818 249 -211 -710 -242 311 1167 539 112 -495 32 54 8 -590 804 329 131 622 112 305 469 -794]
[-292 401 -411 -40 -228 69 116 264 481 433 691 587 -222 146 -1145 -266 -87 -167 996 -574 -251 96 -460 70 -567 1147 -156 401 -294 660 501 451 316 -718 720 306 1313 -67 -373 569 -1270 -464 725 -1367 210 -248 -259 -136 440 353 -801 -78 57 -85 259 413 -22 29 599 76 868 104 217 -30 104 681 -445 12 -222 -127 278 -7 -281 269 1042 -559 381 405 400 -69 -253 136 -1073 379 -65 -48 654 -354 238 270 -198 566 -172 -143 -756 -361 5 65 307 -365 -443 -215 8 657 -89 85 -512 642 -523 -428 -256 209 -53 105 406 -76 -137 108 -354 -270 -393 138 290 -131 307 87 428]
[-273 -142 -40 -124 -699 122 623 -743 -13 313 344 -528 -505 -45 617 176 378 672 -90 981 -747 663 716 110 13 -350 257 -231 56 787 -637 468 -257 631 -341 103 282 -9 0 -533 -447 200 81 -29 -396 -12 325 -234 130 -273 198 676 -391 258 540 275 104 -42 649 120 -285 363 -596 -382 -347 -303 511 624 -160 485 -429 -440 192 -99 337 156 -124 -255 -994 46 -448 767 -84 539 359 -1163 -237 -370 717 71 305 -357 118 645 -148 1 -1146 -612 237 -67 -181 -23 152 -67 227 303 209 108 801 657 101 51 172 124 55 -468 -60 -501 -334 -103 -202 578 -679 -630 -100 514 716]
[-76 -36 646 -43 843 -399 -220 344 198 524 -877 -289 622 -863 151 -46 367 -1200 747 -314 680 -1033 -521 259 -1281 584 200 -634 -402 34 -1173 -741 -139 244 558 496 515 478 -166 -701 -702 -230 356 362 220 -879 -140 -370 -651 -33 -521 -228 -215 -630 21 -259 552 517 -141 -47 391 -267 -133 291 385 -39 -486 -622 -166 253 131 -173 159 110 -480 630 315 546 578 -214 -291 -104 -127 260 -634 613 412 1021 -240 106 -103 -240 -662 -424 748 -99 322 911 1066 -700 281 -411 165 486 860 22 -593 -109 -511 -427 452 44 157 -382 -102 -289 -773 -84 -108 -589 289 388 647 -568 414 -165 255]
[302 526 -359 456 -389 -127 -607 -13 611 387 -395 -823 -319 454 83 1052 271 -7 -615 800 -331 968 -574 -652 118 -805 -493 254 -383 -92 350 396 -258 -765 -173 -390 -235 -172 288 -561 -974 -159 -527 308 -134 495 992 -208 491 235 582 790 -209 439 -319 51 -1571 422 621 366 -276 276 -944 -607 -722 -1038 -83 774 -143 904 -1029 298 -575 1 -193 -704 98 -421 25 303 -521 -312 90 -536 286 247 -204 -355 51 351 -116 -433 -216 297 -300 -872 152 589 -681 868 -154 -324 618 85 -164 -56 674 178 -31 -294 10 -489 -761 -611 -792 -441 120 -387 -120 18 226 -422 -529 543 122 594 -24]
[344 496 874 -690 -1428 -681 -306 -24 -590 369 418 -6 879 -417 516 -636 995 327 165 14 97 500 333 428 359 719 -19 1045 138 7 -311 -627 -948 -343 635 433 -73 217 148 -80 205 1067 414 565 113 1002 567 286 -270 352 -1549 -390 381 -335 -20 -623 405 -349 -193 -12 -698 -302 -578 -419 466 -235 -359 372 713 500 -932 624 -68 638 -113 271 348 -467 24 210 51 -654 776 1010 -522 -783 437 -11 199 401 607 251 614 240 -135 379 72 1035 42 218 411 680 -699 -148 -391 -447 270 -213 -217 493 -140 344 443 -352 -280 -156 -23 998 -29 11 191 320 487 -76 695 542 -11]
[268 1381 121 241 70 239 -482 349 828 302 -663 0 125 -253 -424 176 184 -661 589 162 9 -700 -905 426 -143 355 400 29 -1019 -554 -466 157 -745 -103 183 246 -186 -190 -113 -22 -182 -201 208 -221 416 53 -204 -340 356 -373 5 -32 -775 310 479 107 932 83 -141 -1087 392 710 -538 -163 340 -470 604 -333 595 322 -99 531 -12 -342 -62 -796 830 1149 -516 203 487 209 -323 -453 366 330 206 -680 -303 299 -838 -116 178 -196 -138 -773 -608 170 251 -183 -273 194 262 247 262 177 95 64 -141 -321 237 -117 -354 -374 99 540 99 -68 -816 307 389 -74 372 525 -100 130 -902]
[-50 -81 800 469 115 -210 71 -167 412 -255 31 973 -549 -1283 -359 384 21 -260 193 -784 -96 -375 825 -258 -921 166 -133 -293 567 795 -244 -52 -317 -143 -304 249 -358 48 926 -384 -596 -492 431 -589 -135 -566 239 160 340 -278 557 -931 494 -725 -331 444 484 70 816 -749 931 404 1 137 -49 538 108 47 183 1073 -520 -166 -367 334 128 -75 -41 -632 -276 -1 -48 175 -234 368 256 -3 -297 -1250 242 592 340 -599 -1055 570 -128 154 437 214 -185 -529 -80 118 -59 -72 150 454 -1174 -331 -534 -10 -391 -368 239 -243 -441 616 330 -27 276 -48 -271 448 203 148 -259 449 -18]
[-217 465 938 451 -31 954 -232 -342 -175 119 538 611 -470 -206 30 -365 -314 237 -223 103 429 -625 558 -567 -864 458 98 -831 -102 518 -248 -767 348 307 -313 -803 221 18 -655 53 27 403 -156 307 -65 -138 391 -112 -467 166 192 613 342 -290 -1050 -685 -105 86 422 766 -209 628 -168 -427 -324 473 -471 111 263 -12 0 -937 1 832 -31 662 341 225 539 -303 513 352 116 189 -190 361 -616 736 831 -40 766 1125 482 -406 674 578 1114 148 578 233 -103 -280 -610 17 -478 -84 -380 -596 56 -200 101 -925 200 726 -246 520 -139 -219 98 -1282 453 246 238 227 -1118 166 395]
[401 -287 -389 117 622 -397 344 451 268 -468 -332 116 -14 407 384 29 454 -93 -116 -718 -6 -550 -269 -722 37 225 -75 -84 375 233 292 31 262 149 202 224 387 -445 34 -468 162 -823 -143 130 409 442 -202 257 642 462 596 -289 -433 -297 434 13 -1021 -60 -576 -577 84 -181 518 481 -108 230 133 -549 571 -213 523 748 -135 -38 -96 385 -336 -326 442 424 133 140 314 808 1176 -36 -310 382 -893 36 -182 -222 -385 66 -102 -88 -611 101 -500 -518 -267 -575 579 -53 143 56 -471 -5 326 59 695 728 -104 -233 419 341 -710 -457 -116 498 -112 -237 -324 -176 219 138 108]
[-596 816 107 -95 -93 638 816 -737 -21 3 198 -272 -165 -7 243 305 -22 283 -804 471 20 -825 -363 -38 -443 -635 -367 124 -101 617 -457 -238 -568 261 -1040 -3 -706 -319 -326 232 -661 130 837 -127 -221 -331 305 36 -364 -519 171 -415 -496 -319 -941 -494 -259 615 550 -177 127 -584 -118 85 536 -1006 21 -491 691 139 718 -455 529 -510 69 -493 274 162 -368 712 -581 134 -243 309 182 191 -1101 -545 1124 94 9 111 191 508 416 -55 -569 -327 308 -799 -62 786 -1044 222 -535 -272 758 -976 35 -446 -297 471 -325 517 -233 -715 11 184 114 508 633 196 -723 136 -4 344 686]
[-24 -47 -465 669 -304 -109 -237 464 -254 630 396 -139 72 -472 87 337 -24 -492 22 -696 -623 -715 198 131 414 18 -94 -833 -115 -524 -735 513 968 967 134 779 -233 -1156 -41 -61 369 371 -97 -47 -246 1200 -136 689 -790 -105 949 -1122 557 133 234 -324 -915 200 -5 -189 -1005 1168 664 -46 -146 186 224 -163 -877 -553 294 -286 208 -313 694 -687 449 48 244 759 -188 -231 -485 -831 158 136 96 -18 20 223 304 -734 -825 -126 -211 957 558 417 828 385 902 -36 -519 -184 204 -300 -28 483 13 706 696 -398 -365 -561 388 -441 -37 -450 -61 -15 -335 -70 -215 304 269 -9 -118]
[480 710 -663 271 344 -23 -566 508 237 73 160 370 35 -557 -537 1044 27 56 -413 -255 735 -242 -396 -478 -312 280 12 641 -136 335 730 -18 20 -53 -210 498 -187 435 -575 -337 -642 -729 512 822 -570 373 212 -73 -49 -310 441 -37 -404 -609 -211 14 189 -176 -346 -736 538 -33 -739 -313 759 -336 78 -18 -437 128 244 964 -439 38 405 0 113 -264 -389 -104 539 216 -902 -370 -266 -315 -63 -209 478 511 508 247 -121 153 565 -300 49 656 -541 -221 -156 158 589 -388 879 231 -12 -492 -82 354 390 418 -682 -396 -446 237 173 624 165 205 565 -371 -176 388 233 -218 -358]
[-181 -886 992 -599 415 121 481 573 740 848 -575 -429 -513 656 -496 63 -761 -387 18 133 521 70 -956 424 486 271 560 -281 -1050 -285 -494 -382 211 625 -713 277 -615 -440 -1233 188 -24 626 880 112 234 -316 -336 454 -337 -758 832 118 -359 179 -525 -246 620 -280 -10 55 -252 43 476 -83 -103 -230 267 198 117 -189 -262 -391 1144 -300 -4 -383 312 1197 151 262 72 298 360 -465 -588 -157 -79 305 -403 -971 -147 66 218 -160 95 117 565 547 -21 56 109 -102 -824 223 -187 -105 901 -890 292 -508 -233 -158 129 -332 323 391 -136 1055 -308 -356 427 -36 -562 1534 125 -583 -954]
[-328 187 298 -396 367 -341 -495 -517 394 -1505 920 819 86 -478 -528 -49 -297 552 195 -352 362 160 746 81 -362 -468 -583 308 327 -3 -78 -444 52 -403 168 -207 -310 321 -253 365 142 -566 1515 -1051 -1082 -43 -633 -731 -68 -235 -1059 -372 -262 -102 90 211 -220 -244 16 -543 -458 -129 118 49 46 163 -127 123 367 1015 -486 272 -641 164 89 -858 -123 45 -332 527 1115 312 -361 -120 -762 -247 73 -416 1419 -542 171 367 874 -408 816 -42 259 451 -411 -1108 -434 136 65 -762 98 449 -733 4 -209 -235 -100 38 902 369 -134 -236 1158 -10 -57 573 72 -548 535 817 303 832 786]
[45 212 -21 -152 646 -448 -295 -468 714 -756 -129 -416 103 438 811 -178 360 -698 -350 280 -241 1107 124 185 331 -247 83 336 477 -618 19 616 -548 -228 14 321 353 -41 75 -355 178 -584 -271 174 -233 86 -682 -78 634 -9 -765 -466 -169 -265 113 53 280 805 -475 -356 -308 -476 38 142 533 -967 413 280 753 979 -87 540 1 -82 -214 -235 -592 140 -835 135 672 -140 -529 -372 314 411 373 -244 82 -217 -172 385 -453 -174 -477 -765 -627 -101 -896 151 -106 184 550 345 -253 -394 294 661 -184 -538 59 583 -359 478 155 164 1198 -590 -464 407 807 83 185 477 232 554 -527]
[1012 251 927 -933 -182 -885 -508 54 558 317 65 211 -74 -318 881 243 302 -321 44 -129 -98 -278 -39 495 -339 -386 0 283 -299 285 -125 -122 -338 41 -1056 271 -250 89 -494 -827 -202 392 621 614 831 -128 -499 -797 -381 -129 1238 -72 -1 -482 121 -210 995 448 -56 -267 115 438 -742 95 556 194 -102 355 93 217 -98 -166 589 -90 -12 127 57 315 -693 -102 696 136 1196 -214 -495 125 522 705 -112 -33 95 -639 -20 841 519 -151 -371 126 -547 -411 -515 323 -346 1080 439 1042 -35 -693 -151 -565 539 203 -183 710 637 284 -207 -586 23 499 689 499 64 228 -224 966 12]
[57 21 -76 -429 -269 579 369 26 -394 333 135 -230 -250 132 800 -171 37 -114 -548 -534 -919 -338 -767 -655 163 -620 597 -180 319 173 97 65 595 742 -407 -6 429 -781 -600 153 305 295 143 -342 299 247 -42 -851 -766 402 1250 99 -412 -40 -465 -279 1038 -260 484 -49 282 622 552 144 208 -470 -235 148 -25 -330 454 -169 1128 -46 509 96 212 476 -333 794 461 -4 30 245 -46 -985 -605 -145 943 328 531 -277 314 588 -471 433 -750 -707 501 -437 -452 -100 115 474 213 168 -93 -284 269 200 -28 376 -939 113 594 558 -971 27 360 28 390 554 -908 -399 -480 306 -315]
[-207 833 313 350 144 -34 313 -79 -835 117 -626 76 817 -511 161 61 -362 674 -828 141 485 -319 256 -100 316 -953 -587 -421 530 186 125 -272 -131 542 -319 -644 -459 -166 93 114 -928 -115 -572 -513 416 -408 188 -845 -998 416 1125 -219 -245 385 -88 215 -331 -40 458 -150 55 414 153 208 75 137 347 -663 -71 32 531 150 -78 133 767 -16 211 10 875 431 -74 -650 -128 -111 404 1352 -827 -163 -177 17 253 -643 101 834 618 111 -215 -396 708 -381 24 -171 -117 553 -20 257 166 -1039 -522 -396 -367 -66 -181 385 -33 -278 -1277 -295 388 -173 221 -653 -40 -435 -803 -621 964]
[-787 448 -13 438 312 -335 139 330 272 173 -30 503 -600 71 -436 83 296 -1147 632 253 -626 343 -663 -640 -664 1175 -472 -292 14 123 -470 -89 724 -604 5 446 240 142 -1143 -403 -425 -1049 232 448 169 -139 -194 -64 -49 608 207 234 214 -172 -418 361 -488 40 -395 262 362 10 -318 -300 -295 622 -1334 465 1114 -865 350 244 367 1129 83 307 -174 277 157 355 482 -344 154 570 69 269 103 547 377 -703 -454 557 -270 -396 -444 -305 409 846 -162 -331 -264 -460 341 505 20 -641 399 -240 -872 -204 809 460 73 -113 -49 -94 -169 -595 -278 -294 510 221 1059 -77 282 658 384]
[-499 178 -364 -521 -787 323 580 47 -137 -187 975 -23 292 -451 -270 136 -618 418 280 -436 403 77 -145 610 282 -162 67 819 -328 422 -199 -144 384 -556 -116 63 -1760 -731 9 663 147 -105 57 -887 -596 -452 -130 295 -234 128 -185 -248 -207 196 5 -218 713 -876 -546 -954 -241 -587 374 641 446 26 -159 80 -163 -742 789 335 549 489 277 -119 -3 155 58 302 58 8 406 -343 -1006 131 -610 -977 415 -595 -930 332 402 352 350 -154 53 -32 -498 -89 64 730 -964 9 385 -330 566 -146 -314 103 -992 512 527 69 -144 -147 -718 -251 31 808 1070 431 158 -1000 -609 -441 718]
[604 -724 -566 526 398 704 48 530 117 -728 -469 562 -526 497 -241 114 -389 8 -190 503 -421 -30 47 -198 173 -181 1449 -964 -518 -114 -136 -42 -57 224 121 -1152 -282 160 -661 -550 479 -87 -858 359 51 -53 -684 389 894 304 159 717 227 -159 -93 180 461 -147 159 107 820 -42 279 452 -893 96 627 112 -212 135 -815 -607 93 -619 -581 328 275 -501 -298 -880 -120 487 209 -512 1010 -565 -342 -246 -455 -99 -65 -344 196 -1189 -27 304 -366 -308 -216 -1115 -560 149 -358 151 68 -133 -65 -122 -26 -259 317 16 664 -61 228 803 49 614 -324 78 -376 -782 126 947 -204 195 -1351]
[-286 611 -376 251 48 612 133 -850 -149 -149 -377 -202 -598 773 -133 -648 -310 -538 593 -350 563 523 -354 -682 674 538 281 -514 972 -159 19 110 -141 560 -52 -355 665 -413 -28 -113 471 -230 -213 -13 -697 -158 -772 437 227 497 86 -391 -817 104 -173 -519 233 -87 -770 -175 -368 -340 680 -1328 -622 1334 36 -691 819 -393 83 -27 154 420 -201 1129 311 647 330 289 222 365 -360 571 247 228 -1288 676 -547 70 -266 370 421 70 249 -161 328 557 388 1231 130 -1453 -240 914 -728 -295 -366 687 -569 13 341 -398 9 775 48 -145 229 94 810 -966 292 -343 344 -538 -222 -172 125]
[554 542 1003 79 -471 -466 -141 539 26 598 -192 -255 -353 127 719 756 971 -106 452 -393 304 -569 -429 -103 -241 216 -109 -193 -307 -915 -195 348 -201 -519 -232 31 228 997 -155 -457 -68 343 -632 895 275 -269 -710 287 395 -301 -85 -312 -316 -360 -186 -723 687 55 -237 127 1244 74 -20 171 238 288 271 -746 -57 -554 230 383 -571 -691 -379 214 514 404 422 340 -8 395 -155 -1181 277 288 63 6 -272 -240 -700 -1103 -201 -254 630 -485 194 -90 552 -413 -29 -588 -1110 828 610 483 -395 -243 387 -999 280 331 358 294 -492 279 -418 -335 430 -518 -233 403 -910 184 -230 -809 -528]
[180 -568 -366 162 197 -528 61 -561 -41 -643 -360 322 161 -17 11 -585 133 -373 -187 954 540 22 -998 675 -202 484 850 438 -764 -125 -86 -603 -568 -248 512 118 -300 -298 -265 79 672 -405 -149 764 460 -483 -117 548 302 294 54 479 -297 -109 -55 903 985 -321 -949 -14 -564 -1130 148 580 830 -776 -36 -401 41 -528 -478 296 696 447 -340 -252 -450 51 -597 -663 -185 -996 153 427 -75 187 1205 664 522 -699 505 614 403 215 -64 356 -467 196 110 -128 -29 484 -532 977 -979 54 353 552 -46 110 -21 586 -126 -184 137 429 371 384 78 -4 -14 -709 1220 968 59 -356 -56]
[248 -335 -322 -239 -599 355 -883 78 592 263 935 -706 74 -478 -106 871 -227 415 597 -436 219 465 452 5 341 -134 -110 171 -148 -2 364 -35 802 553 124 -57 -716 40 -134 -498 -441 -475 229 80 -1173 326 -97 502 -177 -464 558 -117 -377 -241 -55 -79 135 -37 -151 -333 -77 427 53 -1173 -418 523 378 154 -624 444 174 3 -451 -107 507 -701 -149 -725 179 -118 251 930 -567 -537 -198 -19 -354 73 364 -272 221 -3 -234 158 1130 -294 103 344 587 417 306 263 172 -1050 1484 -3 -69 -39 589 244 -365 47 67 -33 -328 -563 59 360 228 -199 -226 130 27 -375 494 -665 761]
[327 -111 581 -779 -771 150 592 -327 -266 -294 147 -130 -835 159 630 -810 700 -121 491 -1034 -56 71 1132 842 181 423 -200 -225 167 189 -764 -645 205 100 -301 -315 -346 26 -658 -113 845 223 -7 242 248 121 -267 32 -908 -168 44 -170 669 101 -180 -350 956 -353 73 -113 42 -301 -891 -544 -586 179 461 -503 1308 100 -449 -123 2 -234 134 160 365 509 501 899 1342 1010 97 207 51 -1321 -1380 -342 252 543 -379 194 658 -583 746 68 422 -963 -197 -40 24 -265 -333 629 219 -173 473 -323 1155 -146 187 -51 690 40 161 880 284 -351 444 -230 576 636 -408 64 -266 -171 -184]
[555 315 533 -229 -405 -292 -367 -693 -95 -982 261 358 161 -1044 6 -1302 -657 -147 3 -29 202 465 617 -748 415 -868 468 -824 -1134 1351 -251 45 -470 -269 -39 -60 -659 -86 297 -204 175 -35 -43 592 -198 351 95 -428 608 634 546 -542 367 489 -219 498 -156 248 -401 -470 -939 -801 819 -121 307 477 532 980 478 -189 -64 -216 384 638 110 393 -284 -270 502 386 538 365 193 431 246 -61 -299 -167 55 430 732 558 41 134 63 332 396 515 -472 93 -1141 -261 -614 122 313 193 404 -82 -341 287 -402 -544 494 370 -425 729 -629 -736 -210 -184 272 -1214 39 252 -537 -386 148]
[151 254 -158 336 539 -223 -831 -295 -952 -251 -463 316 728 -250 -164 -984 -129 239 -394 23 -405 25 1239 -929 171 -242 342 -171 -178 -245 296 -209 -47 220 530 -414 -469 698 661 62 460 -70 -183 325 716 314 -91 -126 -670 566 -1354 -178 180 74 105 -297 74 -166 -1017 158 160 -71 381 -578 248 106 513 228 260 22 -556 -830 -1385 -96 -538 -133 139 -310 493 -385 481 -204 -197 -404 766 577 -912 -835 20 285 936 282 16 62 -17 106 -41 -77 1374 -672 -920 -538 162 -382 74 442 -189 -434 -524 244 229 -276 -79 -225 178 491 400 -529 -79 3 -794 -653 243 -191 622 -409 -245]
[543 -356 774 -385 -297 334 365 -496 385 -391 509 682 -338 587 -490 -809 99 661 461 69 209 371 464 -130 269 -341 286 -460 -919 132 -690 362 610 441 94 -696 36 -29 -102 349 530 314 402 -756 -556 96 -356 33 608 -226 -779 406 -223 310 153 271 -186 10 163 363 -417 -471 484 -227 228 387 17 121 -328 739 -246 -983 -347 -536 -76 -749 334 615 22 -75 -295 841 -230 210 62 -356 154 141 375 -279 -246 246 324 -274 -19 314 50 202 -640 -80 -656 -287 -602 -165 -483 243 -282 65 478 -492 283 -130 938 558 308 296 -225 -729 135 121 67 -476 -413 968 -158 396 -450]
[167 -74 633 -733 -846 -275 -359 241 -233 -485 423 -22 198 181 -621 199 -256 -338 545 -703 309 171 36 -618 464 918 103 277 617 6 107 1009 58 -277 -118 342 -81 657 -261 332 424 -348 -107 396 -674 460 -637 303 416 763 123 -510 438 -1070 -20 201 696 -487 217 11 608 -723 1350 -437 1340 499 -327 -351 -176 -330 276 666 -1098 515 647 -178 -266 -196 53 395 -287 -536 -137 482 170 351 241 -215 138 -11 407 600 38 -167 -179 346 541 -82 113 -52 -362 67 -901 306 -1144 -204 -383 -4 -52 339 -36 257 -1 557 -196 460 358 947 319 295 146 368 191 652 164 117 -440]
[-280 556 -479 426 88 -617 -346 83 -146 8 369 -702 147 -196 -419 190 480 -390 320 159 338 -633 -234 791 -230 -201 -904 567 51 -213 19 -579 -876 -613 36 293 -551 -601 -4 571 -316 -83 5 -13 273 190 -96 -69 207 -736 -237 -174 -13 -447 771 -317 209 154 -1031 -745 15 -27 -501 724 599 -422 862 -1164 782 -133 -1012 625 -544 -681 -47 -500 273 746 -34 698 -517 -481 -920 -455 -243 164 -137 -783 35 -223 -370 -30 -112 731 136 -556 -358 4 119 -645 324 -113 -751 49 165 -64 760 632 438 -372 46 2 7 -717 796 92 760 239 -1018 1065 301 -359 -84 93 286 -206 170]
[-663 -246 -343 -368 -16 -288 -882 531 647 -430 440 262 739 343 107 249 350 -116 974 -558 -325 -526 843 481 59 516 438 44 760 -244 505 -283 -218 187 800 590 -128 -729 106 247 253 -793 92 -936 -83 -321 23 305 -77 -292 -764 -435 -32 58 1172 -426 -49 -809 -764 -929 -512 211 207 76 20 464 781 63 -340 73 -720 807 -855 862 -262 -371 -843 -841 -182 460 -42 -49 -17 97 1244 178 -354 -384 -848 -591 -327 210 -320 483 -649 -118 -814 -342 450 -431 523 -240 -277 -393 -195 -344 -95 153 40 338 466 -120 452 -549 685 -164 770 -31 -995 123 -465 709 261 -632 1172 70 236]
[-25 -93 692 244 -481 -205 489 533 -746 -468 -760 -824 258 337 327 786 802 101 103 409 -413 -278 -97 -2 332 681 74 63 438 -528 247 339 264 642 60 -390 -209 -863 442 -1130 -79 361 72 185 1006 166 198 458 -36 396 223 -286 -233 593 -314 144 590 -403 737 217 518 -572 371 297 -365 -931 -601 -282 -202 -309 -272 -773 447 -322 -229 605 -803 -210 414 -216 474 -582 1266 294 221 293 -54 812 -645 657 304 -888 198 232 -173 940 -231 -185 773 326 221 274 -435 836 -67 -336 251 -238 -167 241 430 1490 -601 -358 436 -234 -791 579 254 -98 819 34 202 449 195 -142 -46]
[160 196 -399 -150 182 427 -976 148 -180 277 -295 -625 -564 817 -870 327 199 320 -88 -495 368 -206 214 369 -434 350 -1362 -47 -294 -856 1066 -224 994 -1046 314 -89 211 367 222 -265 -447 -348 350 160 641 42 458 359 173 399 784 781 385 487 35 -175 -291 403 -486 341 902 -329 -588 -163 -38 419 -374 43 -310 -511 933 -212 -527 -483 -331 -423 258 162 434 -429 644 62 -390 -301 -380 1127 267 123 -11 104 -740 359 387 -400 117 -852 1178 -408 -112 868 -355 -140 871 520 -665 811 -988 -302 95 -185 173 -1258 -495 -336 -97 439 453 0 371 -478 36 15 457 923 -458 233 -846]
[113 -164 879 728 242 -133 594 -159 488 -660 -293 364 236 -995 696 -221 104 -338 168 551 435 -757 -533 -287 -743 -245 -245 -884 -459 405 -147 -818 514 104 -676 -584 897 11 -354 104 211 484 297 -13 423 -272 237 -354 -203 -37 945 342 174 -313 -64 23 493 600 695 197 705 645 223 295 -185 287 -75 -26 850 389 79 -284 794 -473 -471 113 119 330 593 -625 617 144 -280 85 -5 -653 448 1109 139 178 289 232 237 56 259 -410 217 -445 389 -198 -523 -99 692 -181 259 79 -385 25 -328 -511 278 -11 264 869 -782 1295 -499 106 -149 -739 -508 -316 122 573 -435 -433 -581]
[182 -339 260 -622 -300 -523 -586 -131 14 981 -72 -516 -226 -239 -93 362 -839 54 -378 9 -194 381 -204 706 -53 690 -619 -784 -285 -437 212 871 -174 -48 482 594 695 -154 285 415 -526 -48 -101 642 -473 155 -9 -275 -1023 476 -139 -609 148 -160 653 307 14 98 377 -210 -754 564 194 -840 1065 571 -187 223 -1308 104 294 151 -92 177 347 200 -30 101 -841 -526 1354 -293 359 -198 -787 74 1070 -334 -205 -375 302 482 9 -18 221 276 -412 -74 711 243 349 -240 160 692 -444 508 491 -124 -454 849 -610 -235 -17 24 40 -489 293 221 -8 395 -255 155 456 503 368 1358 585]
[1165 -411 93 -187 -475 -339 -385 -271 -287 -315 31 -102 -469 51 102 158 1218 644 -274 -661 -9 686 322 415 114 -627 -191 114 302 -743 352 -170 701 482 128 -680 239 334 57 -962 212 -311 -954 -636 273 -528 -505 292 -398 213 348 -499 362 -430 388 -251 103 560 -368 141 -198 151 231 765 -542 143 -425 -351 -1196 395 -165 86 -467 -540 438 -327 382 -654 109 -506 753 -914 24 -184 -353 231 1106 678 -398 486 -212 -1232 76 417 277 307 152 -145 77 -174 305 22 -28 50 -1 -1 -618 842 146 41 715 252 -93 -55 -54 -400 -759 76 839 -230 -555 424 233 573 -317 -975 -23]
[-731 465 -19 500 212 207 -319 -233 -210 -713 773 -178 965 -243 -147 -204 -92 -583 1180 319 526 -533 402 -435 -549 -427 -371 -55 517 688 -282 -828 -717 -935 -21 -482 -78 -139 -6 702 -228 -816 547 877 -105 -172 -402 91 -292 704 -42 -277 554 -36 931 40 430 164 191 170 -129 -157 -273 -895 -725 1048 333 59 371 -58 -415 391 65 941 243 919 -383 504 920 4 -310 300 28 142 24 484 -171 -161 -70 -1156 -474 762 214 -79 711 -451 969 309 621 -747 -52 -1373 -610 53 48 -163 -29 32 -557 -102 -633 -989 720 598 -261 703 8 184 65 49 -69 -557 -159 -1036 236 -421 298]
[-40 291 300 -1031 228 -402 478 -212 817 237 -304 -87 -349 -519 -12 -280 677 -189 799 -734 -285 -541 -925 -848 -68 402 -52 563 -429 194 -321 734 -421 -240 -272 567 460 -309 74 547 15 -173 296 -445 529 131 1045 -708 -592 -382 372 -88 -675 63 96 286 739 -89 216 -119 237 217 -926 277 -35 -249 -811 41 1048 -318 -25 539 -201 43 457 358 540 332 59 164 561 -52 356 1275 -245 -721 -205 -595 -556 400 -656 84 9 868 141 231 -102 85 -503 574 -276 637 -252 305 -201 -512 499 -125 -622 -621 404 292 -68 -295 518 -383 -631 128 -172 272 359 705 -169 -728 67 38 -548]
[-973 698 38 5 581 192 1071 -293 -308 -238 -324 367 -909 175 136 -871 -605 -58 -473 348 -48 601 -326 44 -90 -690 -20 472 73 -604 156 260 -417 984 -82 645 1083 756 -451 435 -165 212 376 1128 469 -515 -967 -550 44 -494 -610 -198 -546 475 -100 -259 581 734 -829 -17 -398 -1 108 195 695 600 221 -1023 73 -484 897 -179 367 198 -167 -307 258 1063 -882 599 -19 238 -344 -968 293 -741 111 357 549 -818 -14 -126 97 -467 -129 -665 -858 -346 -96 314 247 30 451 -208 475 734 -3 -58 714 -87 35 292 -247 1073 -93 218 298 -285 -54 -208 251 259 556 808 137 120 577]
[24 312 -721 -189 91 -815 713 269 -181 768 209 -576 -921 663 -100 -165 -154 605 636 687 -550 626 -341 -109 -551 293 -561 37 100 -294 208 -263 433 -513 -49 116 -254 127 -1041 456 -398 111 377 -573 -4 357 -172 -121 33 -579 45 116 356 495 -169 -221 -847 -303 -377 669 578 -347 -494 -521 222 -35 -190 -1228 301 -1054 -139 -8 139 -472 -1023 -15 496 712 -148 -32 610 79 -397 -768 -121 -226 -247 129 -693 -73 -424 -173 205 -245 -892 -724 -346 -485 -428 527 141 562 239 451 346 -717 229 93 -170 44 193 25 111 -715 959 -459 916 374 -167 885 -659 4 -253 692 652 632 -41]
[-336 -815 -340 295 -167 116 766 276 37 -369 -12 -853 -4 -328 947 -698 -58 123 61 -308 -303 -287 764 -513 -96 -151 623 -103 -340 608 -575 1052 67 -209 -63 197 -102 -648 888 -1396 -678 -615 252 703 476 655 -916 830 1 472 865 -649 -84 97 748 47 -239 340 395 -707 515 -204 226 290 -871 354 382 206 345 -322 501 320 94 -548 250 484 -365 -28 642 529 -205 445 879 388 629 -538 -696 0 -920 425 257 -435 -404 -316 138 -329 -560 -375 271 -840 -548 -385 -448 420 1224 89 -269 -727 176 991 -90 152 -170 566 -283 454 -271 -696 -140 508 -355 -44 -666 -246 13 -309 446]
[-250 615 -276 -552 -65 1121 235 -134 -106 -389 371 -648 97 229 -163 -242 401 944 512 666 80 -507 70 -982 -605 163 333 272 -344 -138 -329 -36 107 -822 578 -616 -739 -470 -190 746 693 -943 -188 432 -733 582 -425 318 637 -40 -555 -134 414 -37 -429 1044 -840 -194 129 732 554 -559 68 -711 -182 -772 190 -1003 599 -626 -2 -251 -497 -145 -264 -89 115 -347 -185 380 -566 -4 434 130 387 535 -92 -174 383 -967 -240 434 516 -482 -126 135 129 -719 215 -426 72 -288 -265 -563 -226 -90 -598 283 -4 280 -39 -1 467 -156 -4 798 603 279 -69 1016 -537 -610 -28 531 98 -59 499]
[-188 -1187 194 -292 937 -160 -302 -545 -527 -277 -95 -758 173 707 -317 -802 -584 -98 55 -144 440 -161 448 -1583 -723 -1067 94 -619 -306 -709 -421 -27 -421 349 -417 -476 723 527 -522 -132 669 -1 286 251 -19 -258 -571 -92 -687 -408 219 -263 -507 791 241 215 494 -59 12 731 -219 -335 705 -483 -583 397 719 160 70 10 -796 -1060 404 -621 -431 652 -700 585 -311 -275 -195 -387 -473 -373 -4 -345 728 -789 383 -129 -154 -424 450 -278 652 -261 537 -253 164 -807 33 -294 -38 699 -524 819 -544 928 155 -313 254 -562 -16 455 -695 109 217 352 -433 238 -778 -1048 -580 455 31 771 -627]
[334 -403 599 202 -179 -161 -63 187 -122 -626 -65 211 -25 -223 255 -482 -650 125 -701 237 -461 432 531 -967 -6 42 376 -95 -411 557 350 62 -638 321 -817 -2 130 530 -1051 -829 5 388 417 762 54 288 -485 -420 651 -81 1097 -49 -138 401 -102 24 644 -114 138 333 -511 397 -347 -286 -160 374 613 776 -67 -63 103 1047 832 194 120 323 0 -583 -146 -216 1494 -57 149 29 162 -435 78 127 26 567 1053 1 906 -155 -511 -133 -748 -33 -531 49 -1057 581 -22 -624 241 324 -237 -549 70 1008 -206 -233 170 -54 -172 6 75 770 -319 89 344 -439 -233 421 -10 -97 -177]
[42 -797 179 394 1088 -258 403 66 -642 182 -175 -245 9 753 -709 -180 -1184 -308 272 175 445 781 -708 -648 -204 189 203 385 -191 600 105 -476 -1017 50 290 66 174 -534 -143 200 5 147 59 -39 598 124 -735 148 -89 413 -641 103 219 17 624 -121 -28 -164 -489 217 -586 -770 249 -873 339 -457 339 -96 -463 74 -38 2 316 456 -337 481 -803 1342 2 -515 481 1 184 -344 -47 -295 522 -132 -1245 51 -51 523 -66 326 -321 -157 119 576 -429 -629 332 -724 312 -164 -126 -108 210 942 193 1187 -822 532 -627 -481 226 104 -224 -134 94 478 5 -22 -354 -210 957 -93 596]
[-460 -471 -373 -211 -68 -189 1057 17 476 491 985 332 -759 596 -159 571 -658 591 52 -795 449 -238 218 -228 -622 -359 380 797 -940 -214 27 308 -224 -199 -393 66 971 123 -825 381 -681 -367 631 342 -219 -651 545 -282 332 -879 47 576 -256 855 448 -351 -285 -293 195 -167 273 632 -1105 43 -207 -424 229 -290 -156 -307 -394 603 161 145 300 -1 312 164 -487 403 230 -396 576 -301 -141 -492 857 283 363 -69 -75 465 688 -301 -355 -49 -625 -576 -945 -591 152 601 -280 15 -110 186 123 -668 737 -798 -132 -152 246 380 -216 -54 -644 430 171 664 -261 332 -690 572 -66 872 137]
[185 -99 568 -555 845 -143 -121 1101 213 188 -153 10 -41 -511 -234 1197 326 418 216 -159 -229 -456 1247 576 -681 227 -313 841 373 -318 269 115 -103 1306 185 596 -272 30 120 -858 -73 -542 -283 158 323 -422 1034 -101 240 -546 491 -189 624 -136 184 64 -59 -319 90 -246 -163 595 -806 -267 312 -1002 113 179 -985 751 293 172 -671 -38 646 -441 -585 -849 -332 -639 -36 269 -448 125 410 500 -479 -23 -590 732 125 180 -1026 528 13 -185 -120 -169 -124 338 -100 611 810 -17 500 316 443 -640 1091 276 -246 -52 -839 -1245 -84 -277 101 -886 320 499 648 1168 23 82 -3 -158 93]
[650 881 -573 -307 -554 616 512 962 -370 285 738 987 -322 -22 -430 156 335 993 -56 276 -461 -601 -538 -546 -658 -271 217 429 -581 -612 455 174 -2 736 57 -601 832 405 -282 705 -137 -162 -464 -381 -338 309 1374 -307 49 833 -41 1012 209 -77 265 -468 -886 -389 430 42 710 1228 -716 120 -27 84 -1099 -863 -1266 -478 348 -510 -279 448 198 -698 813 -658 -154 -24 -553 -490 -68 359 1304 -254 134 -14 60 605 70 437 339 -300 -674 787 -556 -8 -491 -668 319 448 55 83 -290 -178 -343 38 18 -697 659 -216 -387 -269 251 -138 -1568 45 191 743 -268 106 -330 161 -558 936 -748]
[467 399 -574 -252 992 64 -214 185 408 292 -689 106 -101 -305 -497 -73 -170 -282 289 -251 172 -897 -156 647 815 454 494 -784 -140 -390 70 -275 -400 154 189 -70 -120 -131 581 124 -30 172 -958 244 -325 -381 -378 -288 21 -106 10 -39 -345 -288 -741 938 -618 -1089 397 237 817 -321 -254 212 -521 -357 -254 -251 -917 123 254 -1286 -190 -584 -191 -133 314 -473 -160 -393 -972 828 -740 -803 468 249 -803 -917 -279 1286 35 -269 -541 -1173 976 588 484 -132 13 506 654 193 -250 5 307 -439 -183 188 -137 -361 -458 -397 44 -401 130 -146 447 -259 170 -362 -9 -665 -434 -13 -697 -590 -443]
[-1277 -333 693 122 -263 148 545 411 -941 421 510 226 -110 319 347 -1076 -418 -647 -115 -158 356 820 462 127 -541 1346 -205 -473 -401 -288 -580 673 1107 431 414 816 107 422 -870 508 -91 -225 768 -10 -693 -238 -757 1002 -561 -103 -1198 -547 -144 -76 -62 -196 1130 -458 -932 141 951 -366 531 108 930 410 272 -666 253 -969 1171 -327 1028 -85 -292 198 -175 777 364 504 610 -47 -854 -312 -102 -402 -60 303 873 -618 -54 757 -171 -770 -1299 -436 -33 189 461 -185 147 -345 -177 250 120 337 -268 -113 -218 582 -10 712 720 295 -437 651 -87 344 -393 -180 386 -2 -96 159 235 -449 129]
[-868 185 555 35 -157 -228 91 -109 475 -759 -513 245 131 -312 -467 -263 -500 -866 -52 -52 -536 401 -780 -442 -211 386 -55 -470 485 179 111 11 -3 346 -164 -158 -203 -347 -382 -330 522 -559 -206 231 715 -284 -350 223 -1 470 -4 -1407 -344 397 665 378 1503 -400 -481 -243 -46 147 520 -265 -952 952 496 -330 454 -412 55 547 583 87 130 314 417 126 -10 -189 650 119 -48 331 -30 299 167 -690 409 -166 -480 763 -236 552 -374 241 -56 991 573 676 -166 150 -167 -336 468 -91 45 -304 -920 438 -1131 159 -122 -1291 125 521 494 -86 -132 -616 -218 371 581 33 95 -558 116]
[-288 49 -405 380 239 -2 596 -174 -253 -487 -614 -57 55 -728 -207 542 -135 -279 -258 429 -589 203 268 398 -494 841 -1124 -797 814 850 -1049 645 84 197 838 716 188 521 -117 -240 -189 -244 317 -29 -343 17 644 227 438 288 -275 -900 603 -579 775 -300 -761 763 394 -566 -680 -721 997 505 585 -759 88 302 -40 -130 626 313 -322 659 212 373 -40 334 -548 120 -75 -369 -377 994 544 553 143 -1055 -455 -325 345 -591 -676 -367 -509 -350 -118 -666 304 239 648 958 629 32 -362 -579 -58 262 -47 815 138 176 200 -91 50 -638 -260 405 -501 671 135 334 -277 -363 -30 239 685]
[-417 -611 5 -310 238 49 -755 -569 544 -788 391 -589 185 942 333 -463 207 -48 255 -714 495 1354 -341 97 78 -810 -656 421 72 -774 1055 -254 158 -986 250 -753 477 -1348 -130 278 -369 278 425 -1464 398 81 -343 235 -571 259 -155 -418 803 1081 -232 -42 355 909 131 465 128 -459 -456 -41 -468 -497 306 523 -48 532 -530 -358 150 -458 -605 -575 -784 361 97 484 601 -628 -3 -841 -580 466 503 143 557 -313 -403 -465 301 385 -551 -22 556 -7 -1020 -585 562 -301 -385 660 -210 365 -506 469 -747 -686 -223 273 -604 213 276 612 910 41 -237 -198 124 149 316 835 675 392 373]
[-578 -295 -371 -767 -201 337 -553 298 -66 -204 -1194 -32 383 -60 -689 -586 -728 -593 563 -461 373 -528 635 790 744 353 -443 -395 654 138 816 235 -887 -27 214 160 1041 237 239 119 253 118 234 -461 872 -112 -642 39 -89 172 -264 -599 1017 474 632 899 1003 274 -395 -579 610 -768 18 -147 -310 723 525 -40 88 57 467 -1026 -28 -500 677 657 -530 65 -353 117 -802 893 -361 1117 250 -231 537 -595 -134 -30 -618 362 502 -392 895 813 55 -415 -566 127 951 -471 8 120 874 484 -6 154 590 869 -127 324 -549 -99 1093 453 480 -2 -145 93 -27 -390 351 -601 413 -128 582]
[-280 670 11 -279 324 -121 18 -41 -419 277 -618 -330 24 583 -80 -527 -284 194 -227 -430 406 689 745 292 881 -67 -92 260 504 216 892 -313 -516 387 270 624 804 990 384 -5 -185 430 -155 127 567 -226 111 -222 20 -129 -983 -352 255 -495 602 -693 -1518 618 -964 12 166 367 497 54 515 593 262 -260 353 -142 65 -580 -834 247 103 543 381 -271 299 258 -1335 -61 -271 -242 563 517 -172 -99 -312 294 657 -101 -196 433 -284 -249 261 419 -165 197 681 -672 860 -314 176 -216 -29 -288 -176 -195 140 -281 -953 43 -523 -61 698 -115 -653 -609 -478 18 -79 49 129 234 465]
[138 424 7 113 -288 751 -257 -503 669 405 8 -239 195 10 -324 32 -58 -785 742 -1 168 -653 -554 567 -257 603 -336 -541 -563 507 37 -454 -142 -462 -90 -188 88 -832 -526 885 -256 767 -256 118 129 -451 134 -393 -111 -911 1028 607 -217 158 -409 91 -265 376 -118 353 751 -111 -995 -122 101 627 -624 394 782 -347 936 342 621 -539 -284 553 451 832 428 287 -648 785 546 405 -713 -201 168 1210 5 246 -607 967 305 131 212 -395 578 438 -613 1292 826 418 -354 -171 197 -247 647 -901 42 -771 -425 -306 304 216 44 -40 628 -146 -871 -596 464 -251 115 -739 -575 -216 245]
[142 796 -238 144 664 612 65 -384 -225 -366 -90 57 -1131 150 -453 -173 -430 685 -689 579 -1088 502 -343 -620 193 -376 172 654 -687 -540 333 209 85 -292 168 -815 -814 702 118 -210 341 -164 495 -270 287 -91 183 63 728 242 -3 72 -955 547 -548 107 -151 46 -243 -63 229 811 276 -121 -799 200 74 466 476 -228 156 -1047 99 -1076 -2 -863 425 218 -205 304 114 846 -256 -121 331 210 -523 -990 554 -286 137 -437 973 -251 224 -730 -486 -387 851 -123 -1076 43 1358 -278 23 470 -239 -354 -87 541 69 -234 -328 -309 473 37 672 -310 -540 623 -749 159 368 606 -520 -511 -64]
[186 81 13 -58 -710 973 -243 -276 -263 -490 131 15 565 -504 75 -219 146 288 778 -546 -362 -879 674 -216 -351 -579 874 -46 -1127 531 -319 160 -401 267 317 -195 -424 -190 759 -126 340 307 465 367 -606 485 188 445 -76 -460 976 -379 843 72 -393 118 313 737 426 -409 102 436 134 -324 -113 698 434 -30 -210 436 -204 -644 463 184 7 -790 700 -584 231 -398 203 -147 -124 149 -32 789 443 -28 344 -597 -169 -398 -276 -363 95 284 237 -511 -229 -502 202 998 -1773 -128 457 263 -302 -356 -38 -902 -481 -763 616 177 -15 -378 -292 216 575 180 -73 -699 437 -242 318 354 -734]
[86 -384 -310 21 -149 -174 747 -295 -217 99 -236 475 323 -14 -253 -152 59 371 -550 -34 226 -467 289 116 773 -274 492 -478 -12 24 192 -108 207 294 -853 -328 -263 773 -105 -469 120 596 -148 1228 152 720 21 134 79 1 1105 922 -658 91 -50 -555 29 -528 -5 224 237 436 -120 439 -324 990 780 89 298 437 -41 311 -772 -1252 38 -250 302 -639 243 84 23 -68 299 -83 352 -161 -1220 60 445 -22 60 -329 668 -358 640 -695 -341 -495 -592 -312 -1128 -409 -33 -214 -517 892 -328 -1314 452 -183 532 -764 473 569 164 -221 -146 565 -4 132 -213 188 -69 548 -248 -7 -561]
[327 -321 -29 -594 -475 1 86 -462 -246 -1229 -603 188 890 -498 168 -447 111 31 -464 -291 553 77 255 332 -302 -403 -656 110 561 -232 239 -112 -38 -325 -317 696 -288 -806 488 297 765 -275 678 -946 357 -48 232 -181 146 90 541 -473 545 -486 13 306 -122 382 -404 -359 255 -997 629 1377 688 -428 250 210 269 -502 410 177 583 -323 -167 5 -1069 -346 503 393 -1028 -407 719 583 -19 124 -90 36 670 466 24 182 122 310 90 -370 391 172 -913 317 686 432 20 -81 -890 440 -737 201 -226 56 -260 396 -465 208 -144 606 165 409 212 419 1113 -560 -270 383 -340 -78 352]
[-567 -194 -425 1335 331 -104 -201 52 270 -658 -481 -299 -394 -345 -339 899 19 -120 -478 658 -141 201 -206 -1106 -120 -315 51 -406 -77 -377 -616 186 573 374 -192 353 -318 537 -569 -1238 -286 -1007 -223 387 198 503 93 150 288 187 594 65 -264 109 773 -464 -1105 344 -948 -227 -1006 231 409 448 59 11 -374 -285 -193 -512 780 1356 -359 197 -179 427 327 -186 94 -192 810 -310 309 -153 415 17 447 484 -432 -310 -656 106 -43 -102 330 -548 -118 1647 22 -134 -433 629 764 -1555 700 -978 222 -231 -53 739 1036 264 -673 -633 -676 -670 -1293 -470 -311 151 216 -101 478 -293 713 -147 426]
[697 -1088 419 -191 780 -185 -646 -595 194 118 -61 -605 -116 268 206 48 107 -325 191 -553 -426 463 391 -234 -819 -213 227 -121 -524 -1251 -125 390 -1 80 -100 -35 10 -317 -143 -503 -31 -832 -134 -151 820 -271 -150 -235 72 662 -185 155 151 648 742 -60 231 386 -28 409 391 53 -90 721 -39 -89 545 168 -369 319 -102 439 -392 -29 112 -961 -381 225 298 118 1143 -333 -316 -2 225 1291 740 -386 -309 246 20 226 -396 -735 -247 -451 -432 68 -3 -2122 -756 308 629 320 -563 -318 7 -146 329 -445 -354 129 -168 -268 -85 -349 -362 -700 -220 176 76 518 912 529 780 797 -25]
[143 -226 71 -316 291 -816 -624 248 618 1052 237 1386 -123 -424 -390 906 -594 -822 228 398 740 168 -3 272 -93 897 68 544 469 554 -49 -960 -707 -598 -745 334 -275 1441 -115 -136 -131 -639 727 -167 134 -947 522 282 492 -378 -32 -80 -149 -338 629 -599 470 -420 -742 -415 214 28 -334 -447 382 56 281 681 -23 -710 259 -149 -134 332 -258 -291 -566 -153 -895 310 516 416 -274 282 -673 614 -104 -390 -1055 330 -173 948 -551 471 -85 -125 -199 923 -699 25 -986 64 608 301 -185 745 260 -556 143 734 575 473 -74 253 7 -643 474 527 468 648 494 1289 599 -824 1198 271 -383]
[198 175 -306 -129 -335 -432 491 749 209 36 115 -117 -500 -96 -147 460 -417 997 118 -343 10 708 229 257 768 455 591 135 -581 -229 1082 418 978 -147 -475 7 411 310 -455 60 212 -139 247 -448 -5 -114 -218 279 -603 -326 190 107 -409 976 265 344 338 -1294 -765 166 1077 141 392 615 -78 -599 540 376 -1428 -522 -374 -932 -768 -219 686 -282 181 -27 -119 61 182 952 -273 -891 -391 175 405 308 437 391 544 697 862 184 87 503 257 -204 -579 326 76 202 502 -16 651 6 -190 119 -516 458 400 782 -179 -512 109 -307 625 -271 21 489 -294 597 -373 389 554 -632 -304]
[-551 354 -309 333 -207 354 -541 -190 -219 -671 -174 173 567 54 234 -412 -548 -827 -22 -422 188 -49 248 -550 115 -338 -592 512 407 830 739 49 -155 -37 -63 78 912 320 559 -532 126 -100 589 225 -272 335 194 -82 -135 113 569 -66 -300 309 -45 289 1266 848 317 -288 -25 71 588 -456 723 953 81 -60 448 341 559 371 -7 264 763 410 -835 4 256 -34 16 -64 -523 739 247 221 276 358 -75 -305 616 25 35 135 -448 -136 -334 -768 -123 954 -482 362 747 77 86 775 -532 -149 -919 -66 93 290 -804 1071 -293 496 -20 478 -116 -458 282 -34 396 -740 216 -127 84]
[-12 -25 -407 379 -234 325 -318 445 -136 371 416 -28 -841 218 -56 462 -203 -75 -1159 -371 -299 -550 118 15 -307 882 -162 -705 -676 -447 346 643 303 643 -498 151 -368 877 -544 101 543 -757 234 1024 -374 -186 -142 368 -292 317 179 -71 360 28 -303 -69 -894 469 -148 -405 557 717 903 341 201 97 -237 -265 150 -57 332 -1073 169 17 309 -396 536 -54 -102 441 530 255 -1015 -302 890 395 -453 -389 108 -720 280 274 -454 -441 493 363 -71 -536 636 -1139 -772 -821 31 648 -11 -42 1302 -773 455 -506 233 322 -163 319 -512 71 385 -459 -599 499 -292 -379 10 742 -107 859 -280]
[753 -13 -525 -314 328 -168 -770 303 -704 651 173 57 -411 641 -343 -836 510 -90 160 -911 255 -122 181 -115 -154 354 -497 -786 -774 -887 122 -168 235 397 497 130 893 219 -1012 521 331 144 234 255 195 228 -195 -315 -30 2 174 -82 617 205 532 -556 623 439 -786 347 -75 -381 479 -48 697 -252 -262 -430 -89 -120 -256 192 309 -169 -93 6 454 756 67 -115 366 -694 -1526 -722 -362 -242 549 577 -62 128 129 238 -64 -8 -350 -40 710 213 -108 102 -183 -343 -69 816 -160 -207 -87 1293 431 -777 139 -542 224 -1113 98 549 -328 -74 334 -120 -193 -717 -208 300 -4 466 -975]
[605 -171 -65 -150 -888 -520 -994 284 64 67 -307 288 65 -790 -43 -289 -18 6 -724 -787 -387 841 247 513 61 517 -768 -994 416 351 326 378 835 350 676 161 -73 96 -17 -520 -20 249 -225 91 236 1273 -123 -121 55 410 -138 -476 386 -259 -93 -569 509 -125 -1018 -676 -60 255 716 -993 429 461 1038 208 37 69 -53 181 -444 -548 343 302 -62 375 -154 -403 936 745 -319 404 -328 136 -539 -113 285 840 586 29 -599 284 380 -508 -78 483 904 234 -381 219 646 -81 494 942 -784 -561 287 274 -556 164 42 -201 924 140 -584 -54 362 -290 -449 -123 -168 -557 115 -275 -125]
[-418 765 -209 949 716 122 -299 172 -330 -260 -173 -189 -304 -261 933 52 -644 255 -622 506 1223 -196 -328 486 313 -372 141 -60 142 729 213 -943 -60 -1074 373 17 76 -10 -159 -31 -1034 -674 347 -173 -44 -313 -133 339 -401 29 1143 -135 -72 612 -515 476 -333 644 -212 -573 -2 -262 -219 376 -376 -844 270 250 160 295 -66 226 1242 25 -47 135 -87 308 194 656 -44 -114 -572 -820 -183 310 418 231 376 -712 502 -240 135 683 987 36 756 513 -106 -662 105 103 307 537 179 -196 -107 -292 -832 -110 -302 71 -50 643 -653 -48 104 323 -219 -397 -152 -796 378 69 274 4 515]
[1048 82 -79 -432 -1092 -1163 -233 -137 70 348 299 -84 -78 274 -116 529 823 245 174 -566 -307 291 170 412 -63 1293 -183 -24 -817 -264 -381 -155 142 -379 409 206 -549 -235 -259 -247 121 278 -334 -958 716 477 -64 -287 -46 639 200 1200 23 -812 263 465 -79 -397 435 -108 -249 575 -144 731 417 -700 130 383 1208 913 -903 -880 -571 210 299 -493 251 -192 296 -121 504 -459 373 -239 237 -237 44 -249 226 220 -574 -836 255 531 502 -633 -123 -889 -190 272 354 110 315 1076 -815 -62 40 774 316 -561 749 372 222 320 257 184 -38 -818 -956 459 332 -204 607 336 -1112 756 376]
[-177 -448 -594 1131 -243 363 -20 -632 1184 529 204 222 -980 -76 -78 -3 -378 -458 309 738 -300 -194 -820 -268 -210 -634 504 -656 -1235 -227 -284 26 198 -284 -736 -663 609 -276 -770 -929 -10 286 -110 525 305 331 -37 625 46 45 1164 120 -60 589 434 82 1115 305 303 366 -353 290 -183 -296 -539 728 682 493 -440 -307 -860 -19 -187 -8 134 -523 200 508 -220 -251 167 224 -643 -646 -36 -209 33 -1003 510 -632 68 -317 139 91 192 237 -227 84 434 -495 -533 131 -989 1223 489 265 789 270 -481 -282 512 -413 -486 162 193 184 336 -131 258 -436 -169 210 52 657 593 -603 -492]
[-205 556 110 167 -302 294 466 -1411 818 -732 99 -495 -612 -161 548 -464 57 357 462 459 149 -140 373 -294 250 -436 660 127 78 -160 -37 -628 -113 -261 10 -506 690 664 440 -501 136 -455 -53 181 94 284 -289 683 474 -344 162 -225 -565 -165 -155 133 546 387 -263 -17 348 -141 74 -834 -390 -638 402 -539 1823 354 4 -407 -336 -876 -341 -226 367 -465 -168 164 712 240 -615 243 556 -6 -7 -185 573 183 -217 1267 752 57 368 -427 -9 -296 266 -64 -643 159 -173 451 -447 291 -196 -7 128 -604 -236 228 336 987 -423 801 531 -449 550 -330 -962 -339 88 643 -119 149 -396]
[451 -254 707 -890 -4 -580 -121 250 231 570 -473 -521 -211 708 -410 -849 -339 -28 71 194 335 -66 -263 -474 -358 900 -313 425 -140 -574 203 37 -98 219 112 148 1065 717 -507 -11 180 56 -857 -193 917 -537 143 116 594 263 -579 233 -552 -852 622 183 -2 -88 -422 556 -206 585 676 -344 214 80 240 -609 -293 -545 -79 -1059 -578 351 20 -45 246 688 131 -587 -860 -205 -415 178 798 -488 322 70 -623 199 251 -282 -455 92 -280 -670 -356 -536 1028 718 187 -293 860 -282 -598 414 -541 773 756 306 292 -269 -866 539 29 691 -275 439 -891 -481 -739 193 -517 577 -351 -651 207]
[345 -27 -37 -159 370 503 107 0 -517 309 -492 -186 -739 459 -185 190 -658 -289 -959 -103 -210 646 -135 -15 702 -666 50 665 11 -733 -968 243 -999 -188 -273 53 -139 349 -197 -402 -734 660 -357 285 60 -411 95 -786 402 344 238 418 -152 53 -65 88 339 -68 671 147 -560 -673 -524 -566 -465 -1192 65 581 -426 250 -719 -3 -36 528 553 -31 -195 542 -791 781 -781 156 96 -694 -182 -1081 -308 -824 -341 603 99 -1031 199 156 580 363 344 -379 -219 603 99 228 554 685 -116 4 539 499 457 112 27 -358 -953 60 250 -318 -298 -245 855 -443 899 89 -703 -327 -147 -782 -87]
[102 -665 -51 -515 -81 -13 -131 20 24 -1405 143 -412 -9 605 33 -264 -634 165 -115 389 -612 841 655 -388 99 -859 55 764 -172 223 -277 740 -129 -150 -465 -273 -521 -189 -138 649 247 -315 -699 -409 -303 199 524 523 -64 -414 -374 282 294 1073 -397 864 -257 37 1067 405 -128 -911 -676 82 -551 -830 736 432 524 -191 -300 -402 -65 -188 -189 -1268 -769 -622 -2 473 -362 101 11 -170 742 292 -363 -1092 271 371 323 -99 169 -314 -711 627 -687 -1004 -642 -34 355 1204 -463 -548 -399 55 778 -550 203 -397 -313 410 208 39 -229 -409 828 140 -621 879 91 -94 -1000 196 404 60 -562]
[-354 -21 -568 81 -402 1032 321 51 547 -111 95 123 586 45 -13 -301 -221 -230 -666 -548 -442 -1379 159 -58 1432 -293 342 -358 -353 -179 -539 1316 331 400 -130 336 -116 -937 540 -88 618 392 -408 187 -140 838 424 -388 75 267 176 250 -220 -154 255 1008 -390 -629 418 -98 -1048 124 183 133 722 -630 128 -503 -36 -346 -187 314 -528 922 952 -769 99 -627 -123 560 -588 -738 360 504 549 239 -583 -637 143 86 379 -182 -793 550 -775 964 -457 -898 420 251 -40 1040 -403 -315 -1176 309 483 517 5 232 226 47 -59 -33 716 -245 -511 -576 134 -212 99 -608 539 -969 127 71 210]
[529 -225 -427 -392 297 681 530 -396 -1019 431 214 -469 -620 1429 -62 -227 -265 475 -323 340 536 -347 -435 -233 -688 -572 827 384 -219 584 110 638 -300 783 -658 -22 -792 -25 -12 112 -316 618 124 724 -534 -187 -425 102 407 -747 492 610 -800 -116 265 348 44 -382 345 291 473 -744 -373 644 437 -193 -48 -1257 -1019 31 299 -480 567 -490 -1089 205 557 233 -1106 -201 -1425 -397 6 -74 313 -1202 -426 617 -45 360 48 -1627 -548 608 -341 -380 -969 -239 -283 -1258 90 -102 -753 -55 -205 652 -173 -354 914 240 280 -121 82 159 -68 -376 -602 545 -200 551 -447 -805 -582 -44 -485 869 -92]
[1177 -509 -49 157 -285 -253 -170 640 18 55 -385 374 777 744 -225 178 -2 -464 207 78 -132 149 41 32 550 750 624 0 196 115 126 343 681 579 535 -245 -371 -681 317 -155 112 169 -120 -507 -324 755 112 164 263 -122 -28 42 -390 203 -412 512 -1168 -516 662 4 -445 -637 679 -198 -51 -1083 -114 -234 -1151 764 -726 -609 -423 -375 205 -387 -95 351 68 -547 161 -597 12 843 342 207 476 481 -214 1051 49 -194 -419 -720 93 -110 131 97 -740 716 387 13 265 366 12 100 124 159 591 640 797 655 -413 -505 833 -494 -512 164 294 421 593 -542 -932 165 -337 -376 -466]
[429 -210 237 96 409 682 -618 269 -142 6 297 -335 339 -37 -77 353 -487 457 -719 698 -390 580 179 -436 905 -1183 282 226 410 -805 961 274 -477 225 -232 139 -118 -45 248 -244 -424 100 628 18 -472 657 -632 -343 347 -214 120 -393 12 -35 83 -14 -277 274 -485 -320 -160 -210 338 -536 100 -772 75 683 -1469 703 -193 -39 -323 -216 -425 191 -411 -354 -999 -162 178 -198 -83 -38 10 -534 922 297 -1182 240 444 -540 -90 1098 -136 79 -693 542 313 -499 60 164 468 -612 245 42 -158 106 -147 1283 -127 164 -281 -232 430 34 -508 669 436 889 -890 -939 -527 89 885 -298 -772]
[371 648 525 -314 -1680 496 360 -342 141 -816 208 -419 -646 -696 393 -179 312 678 139 190 -537 528 496 1550 1088 -630 904 -230 -629 -149 713 -29 -115 411 -77 -146 -374 -13 93 -360 427 624 456 -273 -194 -467 191 53 610 -273 -8 -77 -57 1121 -12 -81 34 115 -527 -536 -277 58 288 418 -16 1074 640 491 25 44 -416 34 843 -177 117 78 532 -854 238 239 646 1081 421 -114 265 -481 180 285 -160 -327 127 -195 1029 521 -64 -17 -323 656 60 400 -160 56 -18 -77 321 62 636 -664 -398 -561 -245 -327 451 -227 -694 170 50 153 -844 -761 -44 -156 734 443 273 -348 -266]
[676 679 -271 -294 -344 524 -649 521 108 -44 194 1244 366 36 -14 613 311 757 -568 -818 -118 -212 -148 -122 195 257 572 753 406 385 824 -152 516 -484 865 133 147 335 -428 456 442 -424 -405 -459 -264 -167 479 -565 1155 -19 -574 -724 77 -327 -256 -211 -620 -250 -512 -670 -722 -67 713 138 952 -598 -34 63 -930 -875 169 908 -639 828 -39 -827 121 -386 -420 1120 -136 -147 149 -207 705 681 189 -764 623 224 490 187 263 361 60 460 -411 72 -210 364 -129 387 -244 -111 292 -213 -121 462 433 6 392 380 -405 -269 538 649 -222 -354 569 472 817 604 -792 330 -631 -270 257]
[-117 14 -248 -610 -792 -1160 762 -289 424 -484 -687 -827 -449 -784 1017 519 -229 -309 -14 564 -482 776 -349 -176 31 -976 707 22 -381 -334 -466 797 125 258 -330 406 119 763 64 -305 1210 -535 -565 808 -587 236 419 168 -465 -58 619 86 -355 319 435 82 559 -621 -57 -397 -376 455 313 182 -560 232 158 -232 -316 -1310 -218 207 414 -164 383 10 157 -122 -192 -63 264 554 374 -95 -266 -40 -251 -322 1064 -383 -67 682 402 -899 499 -195 -257 -185 113 918 -141 62 -556 394 490 449 320 -147 386 -61 -451 307 38 -757 -381 -156 22 -514 661 -379 -240 637 -560 302 -409 -457 -683]
[120 21 -169 -385 -82 -645 -897 376 -24 391 -468 -84 1069 493 -358 -8 -514 -191 59 840 850 -35 -153 800 141 284 -282 57 -634 -726 -527 255 631 -3 542 190 -637 104 -594 114 468 574 -266 531 83 1028 -236 263 22 40 -623 477 1 -392 618 257 786 207 -163 -2 -786 -152 208 -320 577 -419 1154 355 483 -636 -513 -504 -22 -90 -225 130 -142 994 -357 -594 -211 -1053 -568 -944 -579 451 93 141 497 -542 365 -544 -26 -514 222 -882 481 -303 672 241 608 521 258 478 -848 568 0 408 -61 -684 499 -330 512 1311 143 121 232 1089 -869 -249 207 -794 653 298 -444 133 -845]
[-162 -148 70 -101 237 -548 -353 -7 61 564 500 -51 -565 51 -355 -1290 -486 -112 -96 -442 331 787 508 647 629 18 -977 612 -443 -635 -42 -130 -188 -716 -212 -156 744 -79 524 640 55 480 981 -578 116 116 -655 17 -290 -301 -118 -596 511 351 -77 634 -494 -325 -421 826 312 18 119 131 47 -950 175 537 -248 638 -339 -1000 490 -497 490 -170 -124 941 -196 284 -500 409 -77 -100 -479 -674 1206 -438 52 700 101 822 -248 301 192 148 1133 632 -629 195 228 -56 928 392 -855 352 -222 1125 -173 107 -94 6 -235 28 -321 482 896 -82 -416 331 -479 -920 -590 -247 289 -439 -208]
[-26 552 -330 415 -199 143 90 -65 -801 -597 1198 -392 -634 55 111 819 120 -156 324 -995 -354 53 264 -306 76 -195 -288 998 1516 -102 667 -158 893 264 651 -208 -116 56 1049 171 -169 -138 -1061 -142 -849 -589 -104 596 -168 -346 -112 -493 167 -364 -570 -82 543 -96 -339 84 67 -193 -279 -297 424 1522 -963 -1139 -436 -62 929 787 -175 -108 59 186 371 -1386 53 433 -184 -556 -400 -543 -270 -94 -484 181 -542 -324 -42 -431 -778 190 -817 1019 -127 -175 92 921 681 -196 -133 -191 261 -280 -79 -165 -181 103 -293 666 -524 100 -231 238 463 313 203 -619 -11 1215 1074 51 249 -6 598]
[-502 -204 153 -14 -205 -268 -785 -534 -624 -653 -100 -300 742 -62 -212 341 503 560 42 225 -656 -214 548 -322 101 -771 -39 326 272 -805 179 138 497 -250 212 697 -276 857 600 125 522 225 668 81 -228 720 -37 -197 26 -293 -1501 -823 -550 59 615 14 337 438 -296 171 -541 -325 756 31 886 553 16 600 378 328 76 225 -1044 81 -777 -108 -415 -18 -161 474 477 497 -463 -271 233 -414 -122 -1438 771 -230 139 -389 392 -149 187 -22 -622 -154 786 -513 -479 18 414 -1574 197 49 470 419 -189 504 536 327 249 -63 -197 -286 955 -63 -407 705 -190 715 174 -542 865 596 -407]
[37 151 156 71 -123 1067 -518 -505 -499 270 -833 28 326 702 368 -554 267 487 -15 148 131 -492 447 1206 444 227 151 27 221 -693 444 -227 -64 -607 228 804 -78 -148 729 84 85 726 -245 233 726 -97 55 624 634 -585 -654 -62 215 311 -229 80 -132 465 -704 31 378 -786 -177 266 -74 133 672 55 1234 -57 393 -76 368 -511 -596 448 -54 320 -342 333 -500 574 43 60 393 -79 -264 87 -1171 -70 -456 28 222 -812 -328 -362 -5 -539 -98 115 438 199 -232 52 -599 117 501 -1048 429 -270 213 -20 324 523 466 -75 424 -244 -366 -265 -248 -288 388 -241 80 -110 -939]
[126 -612 -601 773 7 -356 140 -690 -561 -619 -358 -239 -351 -724 151 -192 -323 -9 36 337 -350 573 -186 405 -300 -257 -89 -787 -136 122 -589 629 401 -277 44 127 5 -22 501 -559 -333 1 332 674 -183 -13 -7 -687 128 129 1025 311 115 769 13 749 -177 100 548 -41 599 -365 261 327 -302 -896 -241 -67 -213 -90 -61 174 1011 643 -347 263 -343 291 80 173 430 78 606 -25 -507 419 272 885 595 268 913 -319 -474 -28 -188 294 -228 279 135 -334 -624 -361 51 -278 447 636 314 101 -397 -95 -814 91 81 -121 -1061 -399 -496 -324 644 137 -221 -1312 -116 -142 -110 657 922]
[191 -309 600 -468 361 -1209 -366 614 572 -227 -325 -97 340 -242 -273 634 -446 -1093 -45 -227 187 72 -974 47 -791 179 -1124 2 -1102 -109 140 280 377 -695 -44 -62 -566 -96 -147 -120 -334 6 19 292 483 -61 265 -342 -450 794 -959 -203 -14 329 -178 -250 1097 155 -307 -188 -97 -211 -334 -272 474 -21 -409 212 -921 -237 541 -117 -331 151 -833 344 -191 194 656 -1142 1300 -353 19 -661 -264 733 203 109 -365 -450 -403 191 -440 263 -230 53 -10 129 848 -141 -890 289 434 245 -247 538 164 -148 -993 -1014 -510 373 41 -365 267 108 -1133 -279 -42 -189 53 207 830 -175 -118 -163 -514]
[-172 320 -801 830 267 -155 77 216 -187 518 -661 -889 50 -709 -493 611 -329 323 341 -477 730 -533 -50 436 298 -775 -403 -240 552 -67 -39 611 520 150 660 84 111 -953 312 163 -666 116 -454 -378 -762 556 148 32 -702 -159 1230 -442 164 68 393 275 -1458 546 -35 57 -355 512 279 -288 218 -37 859 -1177 -759 -532 420 1036 -919 -425 313 513 677 220 367 312 -569 -108 -599 -435 -157 693 -52 299 -525 371 4 -1511 -172 445 287 174 93 -35 151 487 1031 -479 498 -182 360 198 -127 510 -221 774 277 -510 -189 -509 222 -792 -225 373 233 612 -405 -976 91 -100 346 -136 421]
[325 919 631 164 -327 -987 472 740 295 -562 1023 221 166 -551 239 672 93 -705 -182 42 353 699 -26 -230 -127 1011 -125 482 815 1448 -499 -318 176 -848 502 -342 -178 -331 -831 716 -291 -396 -625 -928 -395 288 -492 -42 -443 1154 -456 -246 366 -969 -58 196 76 -974 438 -298 369 -63 -9 163 623 -595 -874 -70 355 777 -277 367 -308 386 575 596 -641 680 285 162 600 133 170 -356 -482 -565 793 -459 -70 -99 -275 138 -44 -29 142 268 472 843 -896 72 231 239 228 669 114 -424 100 1050 -667 -106 126 1592 284 180 269 1343 -392 -68 -1005 658 597 -81 -256 -345 -86 -81 430]
[109 136 497 259 565 94 -534 -555 34 281 73 -1194 -302 165 955 674 -310 -763 -441 751 -26 44 -224 145 -381 -538 -226 -282 371 -893 -549 -563 -427 -323 -388 164 -607 884 498 478 118 252 -659 42 -618 -628 686 372 80 -390 -1196 238 -390 -338 -728 -883 -338 879 368 403 -627 205 -722 -749 -293 -155 -142 -649 769 55 113 477 191 -465 -1166 -77 302 -115 -200 -86 -192 -36 -334 -1236 -292 25 -1090 -148 -63 -3 -306 -257 -353 -159 319 -922 230 426 964 1097 333 -317 543 -289 -227 -867 150 34 -215 -726 -246 -942 -613 -36 -1275 -442 1138 245 144 -989 -231 854 -267 -395 -1 -11 -484]
[141 1054 -796 548 -389 307 -599 -858 -918 812 -1061 -100 218 122 179 -487 -127 898 -253 228 -444 203 -38 1423 48 413 108 -440 -632 83 -216 493 -270 -25 -371 424 21 -219 470 468 -609 949 -54 194 583 1004 -2 136 -689 -55 608 442 289 631 1142 281 -226 192 -127 -443 -152 533 -325 -295 67 221 252 -29 -251 35 597 -353 406 -451 -499 451 -48 503 -57 -1137 436 -64 -399 -540 220 -485 433 253 -763 580 530 891 -293 40 148 -65 -1064 -948 298 -129 -572 254 358 -1021 90 456 476 -333 -432 1129 -97 212 739 -339 502 -258 104 898 -615 -240 -814 -278 403 -514 963 348 -141]
[-1283 786 601 113 -290 -926 -352 -566 151 -285 536 -487 -116 64 117 49 -34 -1141 751 25 -187 557 -269 -330 112 317 232 -125 -1257 785 -678 -1023 -130 40 -255 388 532 471 -291 -885 -945 16 205 -547 -732 176 359 -808 -845 198 103 -1006 -826 467 42 -501 508 496 394 406 596 342 -328 -353 -199 1012 -694 -245 948 217 -42 346 190 811 176 604 -61 224 25 168 270 -383 314 98 -338 489 -419 310 -30 523 -1287 418 -501 16 111 -196 -7 240 616 -142 302 132 -630 776 285 -1007 311 -319 -438 -696 79 193 -568 116 -321 101 777 -1001 -691 -341 -129 1170 -287 87 -8 434 -414]
[-486 -101 115 -367 649 281 934 -345 351 -212 20 663 -369 -1183 -569 -479 77 -1350 -36 97 136 100 -1462 -524 119 -576 694 -1188 108 603 -487 31 16 675 -447 165 -43 -283 435 680 63 279 625 313 573 -914 -536 339 -381 -31 688 -663 -526 -945 30 57 149 -97 86 344 211 -7 305 953 40 355 -732 173 570 506 381 -481 758 -5 415 989 -122 -273 -7 100 -750 -277 940 99 126 -114 -176 464 818 -467 -408 -720 238 -427 -940 667 643 200 305 -269 49 -13 -669 -13 -473 -94 -230 906 -658 76 -344 -403 352 -224 601 734 243 271 288 -584 -181 -797 -182 -871 -152 -377 819]
[-511 -17 204 328 939 -1063 422 -494 -248 -618 -1330 -221 -211 168 108 -661 335 -794 333 -30 -980 390 -386 -484 -899 9 -560 -424 662 -71 -461 -1184 87 -329 -46 586 671 9 -87 -492 694 223 220 124 -779 365 66 -491 -1003 769 219 -725 289 -773 -1141 22 -224 1034 -841 -167 -82 192 3 -615 -311 20 192 368 1107 -660 -355 -797 -400 -69 -78 495 908 81 756 -679 -461 -463 36 205 -195 -428 -33 141 754 -101 -116 -242 -452 -71 -963 -493 716 -235 590 545 521 40 -823 -5 504 -420 135 554 -224 19 105 -114 589 -1203 16 -121 1049 -81 120 -209 -573 -188 -333 279 448 807 617]
]