[[-51 -216 70 -576 -138 -101 -109 -295 376 -200 500 -498 122 31 -187 525 -323 558 71 -360 67 -552 -337 -724 298 -516 -98 -68 301 674 242 -1 494 -195 -277 -275 345 15 179 24 -60 -13 -319 170 -446 294 -94 -411 -73 -64 42 -83 66 382 -192 200 215 -302 -45 290 185 -179 -632 -154 185 -226 -159 -632 -296 356 265 174 -277 -226 122 -579 692 25 -279 54 -464 510 69 290 626 64 62 -122 -60 63 211 51 -293 -78 -527 -298 -69 -455 337 196 240 244 698 65 405 143 -627 76 -212 634 736 186 -424 -13 -324 -363 364 153 49 159 592 -124 -309 -155 -636 11 203]
[-237 79 -273 -264 -321 -301 9 -28 136 -123 -539 -425 -211 161 -371 305 -184 31 138 -54 176 -223 278 72 -419 -650 -90 -413 -39 552 259 -76 -40 -184 -290 331 564 385 -990 -3 -367 -496 -545 -194 -110 -59 -631 -630 -443 -93 220 -277 -99 275 -190 457 -154 322 -201 436 196 215 -292 607 282 358 3 -307 32 89 -143 288 -220 -216 658 83 -374 417 7 182 -578 -200 11 86 181 214 -138 -279 352 -524 -969 -131 -170 93 621 -53 -496 243 -390 -40 -561 134 -209 -641 313 35 -157 290 674 -8 445 155 -387 402 385 -102 487 -89 -94 -417 -177 -290 -225 -162 -356 92 -193]
[-205 353 -60 -80 -396 -92 -223 -46 -137 717 301 584 364 540 524 161 -37 -405 275 -359 -74 -510 679 77 -906 -233 -283 205 -495 -623 66 -65 94 -403 -332 7 263 -504 199 -3 335 -165 191 -692 744 106 -476 -107 -165 32 299 -400 756 165 10 476 -167 559 -270 246 213 -304 -305 537 57 -143 -189 -144 -144 -9 157 312 59 -521 247 -119 605 136 -391 217 -268 22 -596 11 186 29 33 -74 296 -306 -750 -362 532 366 419 222 -68 56 -4 -654 329 -129 25 411 63 -419 -463 -278 156 -69 156 39 -90 429 570 -297 121 -69 641 -238 65 289 -245 -288 172 440 -245]
[-463 870 -189 -39 147 -111 342 49 -74 588 -28 356 -288 87 510 240 283 -994 378 -206 174 212 309 -329 -750 513 -87 -8 439 177 -185 151 -76 -345 31 -217 162 402 384 259 146 -365 587 -632 396 24 -671 55 -29 701 140 -61 489 349 -409 599 385 -211 -203 180 -112 -306 -13 229 -240 132 -443 45 -134 -283 99 -165 496 -309 -68 -193 400 235 -18 382 -105 107 -606 854 -239 120 247 285 -813 448 279 -669 404 11 327 370 335 68 -3 -450 414 -186 61 768 224 -107 -364 -135 -222 -447 -133 179 -246 659 501 -111 61 122 -202 636 364 394 75 116 359 -117 157]
[516 -126 634 191 -415 159 -345 -107 -7 432 -549 809 288 -1 36 -299 -651 -194 549 58 325 165 -10 261 184 -130 -267 231 -56 -496 -524 -4 -415 669 3 -89 184 -205 -329 -463 -141 535 118 10 771 84 510 467 8 -886 -455 -231 373 -138 469 749 -385 525 19 -322 44 -536 -253 -324 -343 65 140 57 -264 -639 102 -545 214 198 -276 333 136 -442 194 -163 675 -371 -424 -319 -150 -551 553 338 427 -412 -438 93 -41 -129 -20 216 283 -21 237 -281 26 122 214 -160 -54 78 873 -174 -82 -259 -670 -397 923 30 625 115 -144 -558 246 -608 8 293 -347 151 961 129 -503]
[-352 899 -714 -118 45 368 87 113 -222 135 127 427 318 529 -531 324 398 -780 0 -368 419 118 -218 -117 -763 -151 -71 -8 231 8 -37 57 660 -377 -412 -472 892 -208 705 699 -46 -150 -24 -263 -127 -404 -322 402 20 454 371 -107 496 553 -6 -247 199 -57 -317 564 -335 67 343 -227 -29 94 170 -197 -295 675 1 -249 -294 -344 622 -400 432 257 -436 364 -248 817 461 688 424 816 -490 319 -335 232 451 -248 187 -79 -311 -501 420 105 -371 -724 519 270 706 1064 170 -422 -588 -102 -209 128 21 70 -524 420 77 -174 215 -141 171 539 802 -77 -622 -160 -441 -35 252]
[344 -224 217 16 136 310 -569 291 234 -406 294 -552 527 -179 -53 -112 -208 752 -125 -286 -263 -45 334 -308 -604 -391 -212 -311 -28 -94 -170 -464 164 -144 50 -101 -560 -48 -642 -716 33 -467 -32 -379 -196 48 653 -283 35 2 450 -481 -553 -3 491 -350 -75 233 377 79 141 -382 413 -196 152 -431 207 -243 8 -313 172 439 -1103 -397 95 452 -107 -544 -309 -765 -295 43 -48 -132 243 -268 -375 129 -53 -158 52 439 -485 426 286 -64 -613 -336 707 -169 -251 65 -67 -133 -117 276 578 333 230 792 103 182 160 -338 -682 -339 144 338 115 -739 35 -251 587 511 31 447 12]
[394 -330 592 -270 117 320 18 -383 -335 108 2 29 520 -112 604 98 -365 282 -4 64 70 -485 -596 -159 722 -663 -573 328 131 -133 403 271 -284 256 984 65 -256 -396 -34 -98 361 527 -140 486 310 332 345 547 321 -577 -979 283 -293 32 6 227 -297 301 -125 237 -72 -827 -681 -327 -93 203 367 -182 -190 415 312 -334 894 -507 -830 -814 640 -271 209 111 176 -36 -185 89 551 163 701 189 226 109 220 20 -18 -80 -651 245 205 168 -95 599 929 -9 -623 42 208 -81 73 16 -724 -208 641 -178 -23 -41 501 155 -417 -114 303 200 -55 58 -384 -50 537 85 -223]
[216 178 -518 452 -223 107 -48 483 -539 172 -191 629 -723 -187 -383 129 153 -416 12 58 -162 614 59 282 -422 972 343 -278 554 -413 -41 -129 -192 123 500 -4 -597 28 -12 -321 -26 -185 434 -516 173 -388 409 -130 -304 515 847 -498 -457 -26 281 -357 210 266 534 68 -479 35 629 95 -392 -412 80 621 87 -594 131 -325 53 -510 143 341 -466 -143 -371 -439 596 356 -56 -594 -231 -384 -431 412 -650 99 626 -135 456 -328 444 49 103 -181 716 -427 644 -184 143 851 -239 478 -143 -235 -564 -28 281 -363 146 -679 -731 -193 -463 196 -208 482 -336 353 637 545 691 47 383]
[367 -569 -72 -427 4 57 103 75 -135 -520 -105 -68 188 -11 -143 -481 -81 125 153 147 72 -296 -51 -121 1371 -738 348 -83 204 872 113 -168 -703 426 105 563 370 371 12 -24 -154 156 -326 590 -96 -238 242 471 179 -81 -436 470 -465 -484 72 -417 -497 -197 -591 108 131 -36 -420 -631 208 139 247 -313 386 706 -393 -51 220 175 -303 6 653 79 94 264 328 9 444 289 131 648 111 -145 354 -555 -214 -453 -559 45 154 -21 -181 452 30 796 -655 350 -202 -795 816 97 -11 -399 -39 638 631 127 -168 102 -202 11 -227 -122 497 74 -491 -211 -966 304 81 141 -284]
[156 -384 -68 -105 -630 -405 275 -489 -154 -445 -201 667 -533 326 -324 -66 -263 169 301 624 463 -202 -155 -30 340 -445 410 317 -202 303 193 -56 -60 -389 -666 359 221 -241 251 541 -548 457 -766 448 -248 -195 39 -338 -693 28 113 -82 -371 -693 -510 -491 -692 36 -764 -138 89 17 -523 -206 358 -70 72 127 652 100 48 -412 -61 449 152 343 159 302 2 401 362 -229 191 80 -176 312 -47 -515 -329 -281 -398 -95 -342 -518 439 934 -302 671 -50 882 -796 491 290 -684 200 -173 12 -405 155 134 -94 -130 155 -377 -4 -228 14 -80 6 -226 406 299 -387 -74 -356 198 62]
[-340 147 -17 7 14 8 113 407 -101 -276 -71 -420 50 -118 395 -718 229 -796 -323 -47 -281 -191 176 443 376 139 725 -525 9 412 261 215 -946 33 -1 191 253 1055 -625 83 -697 -154 -29 29 185 -205 -624 251 248 335 -342 491 702 -670 670 43 258 -674 119 255 298 526 131 418 -319 455 -34 159 -435 483 -68 385 569 506 183 200 273 160 525 779 -40 79 141 417 -385 422 -382 -108 331 -420 -545 -423 228 323 849 -144 464 -103 -453 -308 -496 -211 -528 -691 308 715 115 -433 781 -868 -206 73 341 -76 440 542 -1 -485 -750 313 -510 72 -405 275 532 53 -443]
[-377 -198 -408 -62 -292 348 458 61 -119 312 -551 -16 -110 -60 -200 591 681 -636 237 -145 -561 -271 -89 487 -864 818 -111 -51 -46 -483 126 -360 -524 -248 498 -22 679 120 -381 -222 145 -251 -125 -904 391 224 -1272 -236 196 -1 1496 -128 670 242 42 -221 503 345 -29 406 -248 365 536 1052 -330 304 -184 208 -308 -61 -514 592 207 -399 691 247 -615 661 -379 80 -44 153 -221 -332 -73 70 -854 -582 593 280 -596 393 879 327 516 -453 229 130 -305 -1155 470 -843 -5 457 -612 -110 -642 371 37 -638 522 321 -167 508 541 357 127 -89 -330 -311 -134 -135 -427 -154 -81 -207 274]
[-521 -510 825 654 390 -63 166 -164 671 382 361 -22 -242 -644 28 -304 77 -332 313 123 360 -52 -539 614 -299 403 425 220 -367 -130 -218 388 -116 407 -89 -463 169 -65 1079 550 -298 830 65 605 223 104 25 491 -515 -122 85 377 799 90 374 359 -197 -11 708 -879 180 432 674 224 57 256 -492 267 -126 -656 181 -298 388 692 130 159 -332 -79 -17 369 289 219 208 -131 426 49 -456 227 260 1094 97 375 347 -323 -730 -426 552 297 -662 -355 235 249 101 64 -425 -177 162 -109 165 -586 -1070 -587 262 -367 223 559 -105 -113 -402 -340 -11 514 87 -218 -79 -376 -417]
[366 673 -101 103 699 -191 -729 298 -401 189 181 368 651 248 357 -16 -383 127 -420 142 -195 452 318 -61 -130 -239 -417 230 16 -465 -558 342 485 413 118 -251 -627 -546 -595 -434 136 -154 697 -161 335 -846 659 783 913 -518 -722 -270 278 -81 24 226 248 805 195 88 -283 -304 165 -644 -380 -321 396 511 98 -25 816 -51 -383 -221 -1167 -344 21 -261 883 -113 178 -255 -118 -168 -125 -722 869 -138 -153 -108 133 131 -410 342 -272 27 130 -223 -45 -232 146 -96 -524 761 -629 -281 987 -403 163 -543 -230 23 600 -165 118 316 -799 -356 -411 -402 271 151 887 -89 942 519 -424]
[268 88 -29 -537 -17 274 505 -335 -332 196 232 -312 427 -395 410 182 553 -180 -682 -382 71 -254 -153 -382 498 340 -353 638 682 -399 449 -551 -118 -1069 1134 -91 -213 -57 180 -141 530 -165 707 265 -274 396 -114 481 686 107 -178 269 -350 -43 -457 -510 340 -908 -201 -245 -122 -205 -440 288 -186 -197 -54 322 -188 753 -334 405 1242 154 -558 -814 417 559 335 133 228 -297 -216 1020 -643 242 742 -424 -164 538 724 -124 -261 -417 -388 438 153 -230 -74 344 379 -790 -336 124 593 -164 -451 -352 -624 251 -48 473 -244 444 299 -8 244 413 -42 1009 -667 -314 -50 29 143 -270 385]
[-131 -626 -224 560 -186 -229 -154 -90 45 243 816 629 174 -304 -792 236 -120 -588 -302 -150 24 -329 125 133 231 503 766 -85 59 490 3 457 567 -233 -296 -189 375 -327 929 5 -520 -282 227 -116 777 -1313 15 212 -362 401 483 -297 608 -767 249 -499 218 -85 391 -28 177 85 30 -439 194 214 -293 318 -217 297 240 167 -58 391 -87 -190 320 480 -753 608 -57 1104 379 -325 470 -69 -343 -82 -277 -74 519 -455 76 132 513 -457 75 -182 427 -747 297 -26 865 472 218 738 -531 -1185 -141 603 310 415 445 -342 -800 207 -188 27 65 198 155 420 -886 191 56 420 365]
[253 238 437 -15 -484 66 -257 -190 -271 -46 259 -47 456 627 1781 -304 471 101 271 371 -642 180 -161 333 -41 44 -87 870 -597 -633 235 -67 -364 385 242 -31 12 -421 -10 44 642 530 243 21 540 -15 330 471 754 -233 -316 379 825 -877 -21 -21 99 -135 -320 -470 -327 -417 153 -323 -544 -961 225 195 -199 564 344 136 566 158 -1154 -26 1215 -387 777 19 34 -370 -261 -342 -205 -57 172 -966 337 182 180 -172 686 608 -217 722 759 318 120 -212 -284 -378 -1284 246 -861 -195 164 410 -111 -897 -123 347 502 -189 357 793 -672 -155 -815 -332 330 291 718 209 659 722 -428]
[190 -187 142 -69 55 636 -76 -29 298 48 352 -1123 332 155 302 -360 635 115 -549 -424 -326 -346 -142 291 307 -211 -339 323 -731 331 301 -651 -685 260 -184 -110 526 402 785 362 548 318 -305 393 -130 817 -280 -180 -190 -176 160 554 -132 -406 74 -132 -264 -519 -383 323 479 75 371 -292 39 -60 28 -1082 503 1051 -233 317 -11 -576 308 -197 665 -591 -240 -310 -611 354 94 478 385 1031 -373 76 800 360 -506 22 337 835 280 325 -212 347 -196 871 -636 30 -814 -905 49 -273 -458 352 644 735 832 257 -631 248 31 128 -568 323 209 209 -41 -120 -648 523 -375 -77 203]
[626 96 385 145 -97 157 -365 393 -60 888 151 65 -108 149 903 -91 111 -98 -434 -681 20 544 758 -264 -469 1257 -446 -400 -307 -1103 -344 -294 -551 -362 244 13 -741 -220 790 -297 856 -376 1022 -908 520 681 146 -49 398 -307 350 105 -365 210 300 456 512 308 381 0 435 158 378 559 -303 -53 -207 -234 112 -504 -54 12 28 -515 236 -309 -149 -840 116 -542 368 -246 -349 -554 -721 -43 609 1208 261 125 -96 -2 760 -142 123 -421 -231 -78 -181 86 364 -165 -46 622 -517 -227 -394 -230 145 193 -66 -383 601 18 -116 -324 -152 252 659 1668 -520 98 869 445 167 -311 359]
[545 462 -453 -16 204 -95 -487 300 450 -300 557 -638 -371 77 -591 281 60 -185 56 -510 1444 854 -197 -216 -25 249 -100 -196 788 756 -348 -731 619 -234 -519 -385 153 564 695 258 418 -143 730 -222 -1165 57 823 -4 102 -282 648 -183 -91 -257 55 -226 551 123 74 -295 -328 -81 623 -778 -222 -520 29 -57 243 18 275 -708 -884 106 281 -22 485 -394 428 -379 1099 127 297 41 -79 -649 -77 327 -795 663 254 -33 -735 -734 -570 112 -247 471 58 374 -1041 303 997 834 -355 -207 208 144 195 640 -308 -409 -127 -287 -241 -321 -558 245 -567 699 299 -110 687 667 263 -442 165]
[-626 -334 42 407 357 559 596 -28 -126 -787 -725 284 18 50 531 78 -141 -42 75 861 -209 317 26 259 26 586 610 -49 -895 543 -601 306 428 416 22 552 -31 -130 -394 290 -242 -227 -410 364 -195 -576 -267 404 -89 715 -923 603 -342 1 -459 -43 -429 -542 86 -48 384 321 115 -119 364 594 68 375 334 109 -501 -173 649 1037 -481 227 -845 463 -49 -33 -659 41 233 149 -275 607 148 -30 -638 -69 94 750 355 602 -91 536 18 -288 -457 660 601 158 -17 -871 345 273 515 356 -340 -423 -706 196 95 436 139 478 174 -287 321 -433 252 -112 -130 -236 -497 -434 219]
[13 12 -253 -115 447 -120 -371 956 -802 331 -709 854 -261 -436 -123 -598 -295 -234 550 302 -696 312 167 738 455 -315 75 -53 370 47 -762 -43 -669 1120 563 202 -231 390 -330 108 -171 953 581 492 159 -630 279 1782 -397 -453 294 424 -26 528 165 79 -270 729 119 213 -280 241 754 -360 280 -266 410 358 89 70 -374 -408 138 92 -461 -404 -69 316 -363 176 887 265 435 -541 368 429 -162 13 496 76 14 -258 -360 -283 -188 -1008 969 530 -194 -474 603 353 -900 38 370 -187 106 -715 24 -153 367 -504 -525 -197 -350 -85 -292 -597 -234 353 -1135 571 -383 285 1081 -478 -466]
[327 -238 -35 -222 283 -419 50 180 -144 246 22 -521 -25 -24 -357 449 -350 249 -183 -346 922 -146 333 236 128 -159 9 399 -42 350 -222 -380 -325 431 805 594 275 347 -742 43 46 -621 155 391 94 -243 -208 156 135 -513 -195 391 -214 505 209 407 16 165 340 95 656 612 -618 800 -701 354 376 535 145 387 594 119 997 -489 -184 -738 -66 554 502 510 -588 -376 304 720 340 -28 246 -243 991 -154 -516 -351 137 80 -41 -310 -386 -151 -754 -17 -724 -364 -767 -359 436 -296 41 -731 747 -295 532 -475 155 432 775 341 -518 -194 -26 146 -242 -52 636 -195 720 283 -475]
[127 -300 195 -467 -215 -113 -321 463 -8 -283 743 81 -140 241 -667 -48 67 2 -20 -217 108 48 -57 646 791 553 1126 -87 -507 450 -269 352 -596 1172 -583 932 -34 261 352 267 176 264 -188 207 228 -797 679 -46 604 -623 61 782 504 -554 920 39 52 177 377 -170 127 1447 94 -407 -871 -292 -6 506 345 -176 658 -456 405 14 -96 -232 358 15 543 -117 491 371 223 -967 546 -308 -232 -255 328 -261 -528 117 734 329 -39 -332 150 189 -127 -114 -520 172 710 355 -374 -26 173 -696 112 163 692 -528 -42 -913 142 232 -545 44 833 115 -182 418 46 -302 434 264 -587]
[196 213 -100 -200 666 605 355 133 87 -98 14 -673 633 -321 310 269 391 -494 -1434 -710 -1216 -225 117 -604 128 41 511 -84 122 630 30 -21 -709 -510 968 348 -119 272 -521 -968 -546 -824 269 174 229 -1078 35 709 1228 433 -391 282 -269 76 25 97 474 -197 34 633 -401 724 -97 -175 -713 149 -421 434 555 186 270 394 781 -533 -620 -283 -524 373 916 103 -196 -203 -236 939 -471 757 586 -502 -401 -28 -152 86 133 702 3 188 -50 -284 -282 81 360 -711 -609 -67 402 95 748 -401 449 -29 -99 744 -53 -5 400 145 106 -186 -426 -577 -289 -340 -450 -239 139 -267 -175]
[-237 -315 452 17 262 834 -243 101 -531 -10 -323 509 1240 367 -186 -611 525 29 170 120 -139 -170 349 433 -8 197 -661 -698 -378 -654 53 -17 263 -334 -73 -98 -94 -726 206 -254 585 -51 -327 -1089 564 -72 214 720 -153 -649 431 198 -365 -208 85 -454 -430 47 -252 -498 -394 -465 595 -699 733 623 149 -282 -421 130 -506 64 -639 474 156 153 -282 -57 -846 -506 350 526 232 -969 400 235 -540 372 550 175 476 240 65 627 33 -558 476 121 62 -545 1146 157 -534 -45 61 28 332 445 -825 710 146 653 -889 263 -391 -259 683 404 1104 183 -554 -287 -714 321 -107 410 -60]
[-265 495 -375 175 -730 423 153 249 19 58 367 630 -418 -6 -52 135 372 -754 -925 11 58 231 528 -35 -1206 544 355 -472 472 479 692 -212 310 -1303 -167 -163 -464 -159 182 665 -847 -70 -510 -222 -354 -368 -401 -193 -598 291 1326 -574 -79 -231 -88 40 456 -158 76 268 -1045 799 216 660 260 -156 -152 734 135 -26 252 -275 14 892 939 427 -642 426 -81 310 431 740 28 156 -446 300 -949 8 -1005 498 9 -78 121 -790 213 -244 371 262 -584 10 488 175 447 252 80 -242 72 -230 696 -199 -438 168 -471 -313 -9 -218 629 -286 -552 309 -334 -386 -498 -87 -737 -319 88]
[269 900 -11 -318 -147 -217 -78 4 -159 -68 -288 147 -243 -261 737 -299 -65 104 386 -74 69 -103 860 -915 -296 451 431 216 -224 -179 -1087 -375 -714 -102 -87 842 110 730 422 12 609 -280 846 -182 59 33 698 850 491 40 -957 565 27 850 430 119 672 -316 -111 297 706 -192 -774 46 -432 -255 -160 346 328 -486 -757 -183 172 -469 -7 250 650 -354 70 -182 371 -704 -577 959 -802 371 951 518 -385 -284 -4 -275 -124 -610 -5 234 -109 -318 282 -344 -320 -320 541 0 716 -741 -90 199 112 -90 -809 -89 369 704 537 -563 443 264 1151 952 4 263 395 -21 769 -435 144]
[6 -3 798 49 -84 -648 -19 185 -103 737 -703 -53 36 37 940 -115 73 -1042 684 -245 193 106 -287 287 -344 34 173 175 234 -399 220 480 -640 208 74 -333 384 352 593 213 -394 474 73 776 459 358 603 191 -628 512 -541 81 -129 -480 175 762 -561 -284 358 -112 789 -419 255 133 192 -33 -437 -262 -699 -398 650 -821 914 -302 -350 -301 544 -626 248 105 104 -258 -345 32 245 295 494 557 -367 -155 17 276 552 -321 525 542 -116 514 -266 534 -52 323 133 289 27 59 59 -404 -337 -635 -440 -727 917 -462 541 295 -581 215 -451 989 220 1137 1050 529 697 -263 -396]
[-756 237 118 -205 273 -534 415 36 381 -493 -155 -125 -430 -1025 895 236 -147 118 -45 827 -955 191 -685 -776 862 471 42 165 255 42 -1014 1520 -93 798 -75 69 -398 782 -452 296 -611 560 46 163 -293 -30 -124 -56 207 -108 -988 155 752 -484 -155 22 910 -664 245 279 42 150 -152 -383 -273 48 -667 454 -328 -133 -103 184 383 358 -1121 -327 80 -82 862 931 542 -163 -236 -79 -418 -668 650 -99 -73 179 449 733 -536 -825 -40 -394 394 -516 320 -1 233 -332 -154 -170 -264 270 114 320 95 -1274 -450 342 941 44 -79 483 281 -758 -1266 609 62 274 555 -256 494 -519 287]
[-64 -220 -469 232 -293 -40 699 -279 307 -913 38 596 -259 197 288 48 735 -87 -333 571 23 478 -146 -247 476 -189 127 210 -144 548 -20 -49 -644 -188 108 809 548 619 -119 457 -502 -203 -170 -15 -583 -158 -809 -37 487 598 -32 251 -250 -489 -368 -912 113 -782 -626 479 -151 157 -54 -103 272 238 -35 432 532 972 -483 217 148 279 359 -210 314 590 1105 1290 473 -528 974 731 -717 1161 -515 -275 203 -49 -214 163 -169 -49 195 371 -181 410 -320 473 -841 -223 -633 -527 88 -92 -600 112 423 -5 53 334 379 565 -201 -189 -70 -581 -496 -174 215 -848 -488 -252 -456 -210 582]
[-597 -116 9 -254 -360 -732 446 321 23 -176 1082 330 -149 -966 65 -241 -23 4 56 -344 -814 -541 384 -42 64 852 853 2 169 22 180 -11 -98 -580 31 -95 -424 -86 234 -199 -67 14 1121 -305 -138 -45 -360 -140 416 626 418 315 521 602 134 -460 1456 -339 917 72 67 331 -134 607 -23 -676 -22 402 -599 -230 77 447 30 429 -263 -753 130 656 -304 283 -368 336 -475 -399 -586 -72 -203 -774 -932 607 1020 395 -454 155 276 -482 829 -1133 396 -954 1031 -446 880 683 146 469 -1076 -621 -102 -78 874 226 -482 85 -286 -31 732 374 -406 271 237 632 -93 -428 -342 -323 150]
[51 -229 59 525 -627 199 172 -777 -473 147 -249 700 -149 132 1353 -318 293 25 -415 506 -704 432 1095 -473 -312 579 -169 -482 -166 539 142 -344 -725 -488 899 776 -652 327 43 -523 871 -741 216 -321 633 -209 191 536 273 114 26 325 -725 -297 -362 645 -447 234 -245 137 -451 -116 -848 218 469 75 -81 679 369 -236 -830 204 832 -74 117 -303 177 124 362 -343 232 -215 74 -345 -470 537 372 511 229 -359 -324 -461 821 120 -235 -153 -112 918 -10 247 130 92 -1044 -797 458 -681 -346 575 -574 171 432 378 85 76 158 -204 308 552 783 291 -1118 -381 207 -223 -145 15 10]
[739 -348 952 536 -309 1358 -47 431 279 -754 -51 187 941 -4 -10 -367 157 -326 676 -451 1031 164 -333 995 88 -229 1037 425 -85 -274 -115 -681 -424 -104 592 557 523 -47 -238 -533 -165 -273 687 -375 519 -501 1209 1532 428 31 -574 770 -14 -51 1047 -1077 -182 -48 540 -460 499 -236 391 -869 -450 -102 347 796 -507 152 129 -664 496 175 -5 391 448 -320 -241 555 512 -453 188 190 -152 1144 -254 -10 -68 228 866 254 124 132 53 180 455 447 210 -719 10 -170 87 51 402 955 357 -23 -470 231 -796 -169 649 167 596 233 -106 -8 888 -259 600 -397 -642 614 717 342 -188]
[89 175 536 -620 -200 299 -117 267 -578 369 -33 -162 174 -354 277 124 335 -454 160 -208 96 -602 -167 2 -877 920 -335 -404 124 -545 703 267 36 -405 155 372 -32 -625 186 650 703 -382 -405 -1066 367 64 126 -339 -235 -288 178 112 -507 -301 429 -108 1117 76 -246 -69 -641 -745 583 -90 -270 288 408 209 -203 289 -351 -478 -103 -273 -754 171 -107 -368 -776 -1051 182 421 -458 -444 214 -485 -215 221 -480 639 1257 48 244 326 744 388 419 -13 18 -516 1395 -513 49 1039 235 419 266 694 -475 48 940 538 -508 486 228 64 436 552 -83 694 5 624 91 663 783 14 303]
[-1122 7 312 -693 -98 -320 320 241 -288 365 955 382 -223 -475 381 798 -366 -245 -383 15 -1351 -282 484 210 -913 -275 81 -238 282 433 277 926 628 5 479 498 -1141 534 -1159 40 -155 -755 -122 -256 -228 -615 -668 -72 -539 610 287 -65 151 778 -189 415 -42 -43 461 650 -98 722 257 775 159 -345 -378 904 -20 -392 283 539 404 -555 -84 -1317 -107 1007 -187 228 -779 679 36 760 886 -8 -992 500 -330 315 114 -30 176 392 -93 -505 345 -90 -236 -783 433 -245 -542 441 575 -317 -403 -581 245 -240 802 6 -294 -212 298 -623 732 -161 -627 -141 -837 153 759 -1127 79 -247 136]
[427 -131 125 728 -728 444 348 155 -170 96 123 -981 591 -511 148 4 190 -139 -710 -894 -247 -236 81 195 -819 668 507 329 -929 -746 443 -434 -263 -520 1395 208 187 -721 55 -910 852 -663 682 19 710 -553 844 84 132 272 -16 309 -68 348 557 -166 67 63 794 -104 719 237 -403 573 -1045 -253 -250 -37 -35 -481 735 915 1638 -763 -159 -549 -179 92 -247 -603 -489 32 -912 -1090 150 -83 -76 -520 39 184 170 640 762 692 -235 775 118 -402 -7 -856 617 -589 -435 200 -200 281 -301 80 -156 -205 -296 21 409 -358 358 961 413 847 174 140 -288 636 369 462 270 123 -249]
[294 -420 259 -983 216 235 397 -99 -169 -175 46 -74 -157 401 380 962 60 291 577 9 -231 738 -1241 123 1444 261 -159 325 46 73 -513 514 77 599 116 499 -1045 178 185 240 776 285 174 -635 -157 -123 -577 54 765 -737 -171 1472 -73 -801 -236 -688 389 685 -665 204 -192 345 322 -999 -471 258 -98 660 382 130 -500 -339 -563 -258 -794 -756 331 218 462 627 239 -456 456 -519 98 104 565 -134 837 460 90 -145 693 -445 -178 -347 376 1204 -8 7 -787 -840 3 420 -751 405 -120 380 -71 -14 663 -67 347 79 378 -13 -248 -442 319 376 16 17 -21 -633 285 -695 900]
[-68 589 613 -130 87 -465 25 214 644 -544 979 -351 59 86 -39 -926 434 -368 87 10 -165 1107 74 855 -239 356 492 352 346 385 20 129 -608 1156 -433 53 -1029 957 34 577 172 161 958 30 33 -223 -470 -645 898 679 -566 955 53 -369 -117 -116 591 -571 323 -371 325 451 359 -205 -344 -375 159 249 158 119 371 36 -232 422 -296 43 201 -43 601 147 -1282 -69 9 905 -562 132 -135 -514 -655 355 647 -228 -1 915 536 109 -1 3 -120 441 -1455 139 -269 118 -618 891 212 -292 265 226 436 -275 449 182 -215 325 -1034 -61 -704 118 641 -142 1000 725 -276 507 326]
[-342 -480 62 53 640 251 250 16 598 -135 153 -293 321 295 -318 -288 181 -257 162 278 189 277 -493 1 -50 -294 -781 147 411 854 -599 -2 -447 1598 -182 -537 395 729 40 20 242 119 -565 195 -271 1154 -1023 -37 -101 -427 155 550 541 812 -300 790 228 -310 -719 649 166 106 -663 -221 -277 347 63 -486 -257 417 538 53 326 -216 643 -78 269 333 97 174 12 794 270 952 572 -11 -1074 75 1084 630 -575 569 231 982 -1051 -1045 225 -249 -492 409 -8 436 -263 -848 371 -517 132 457 468 17 468 -149 -600 905 756 -17 -128 -652 -490 -234 1204 -464 -1179 -569 -221 -220 -149]
[23 -427 597 323 -1237 -448 -46 -498 639 -639 605 96 -637 -3 734 -131 -1063 52 1107 -600 713 107 216 -385 -634 -127 -34 -79 149 141 -95 138 -64 -264 104 383 147 -112 -320 -222 168 -747 79 -492 8 -74 856 -1060 -1291 100 65 -428 224 740 626 570 782 113 710 -756 -205 -909 -456 712 -298 -581 -193 -210 -639 -520 -93 -676 598 -607 143 369 483 -50 -529 275 179 316 -528 497 -90 81 -155 604 -96 -372 134 -898 -242 -815 115 128 -328 -309 998 -841 -115 -83 -348 -201 1130 318 39 387 289 280 -457 -234 82 -107 288 -1026 1143 -638 -735 329 -552 365 474 40 698 351 -302]
[923 -1566 -192 493 -613 -316 -45 21 -135 -342 551 233 -82 143 -117 -231 -663 380 0 428 -1203 -125 -282 -59 1079 449 145 263 -141 -58 -450 -513 -302 213 332 41 -601 1 568 -786 280 629 557 501 -278 424 -497 390 58 518 227 553 87 -284 -583 -1216 561 -376 -599 205 421 17 -577 -416 -245 -482 139 -75 222 26 -43 54 -72 62 -75 -568 363 339 -615 2 243 101 100 -62 -842 -329 -771 -720 -360 -322 314 688 284 456 -967 -146 405 -736 435 133 -638 -226 166 -440 -180 166 -451 -1101 231 54 368 -618 736 -315 -593 -250 -302 -217 -676 32 339 39 -212 60 -61 -462 665]
[-426 -414 475 432 -509 -292 449 -395 789 -8 906 412 -246 -17 76 -218 -150 -463 230 56 -702 -487 327 699 1194 443 184 553 -76 549 45 -43 162 1030 -662 -522 867 -14 510 32 215 730 501 -141 153 579 -445 -378 512 -628 -62 -86 1945 -336 -485 223 190 -235 295 -448 297 -534 -120 8 -13 -850 -678 -145 -280 342 48 36 345 599 -892 -40 821 -192 -112 277 305 549 -479 4 -340 -368 463 -321 266 485 -39 99 -419 589 368 27 564 -796 937 642 281 161 560 -142 -668 482 -702 -40 -664 -632 780 459 995 697 211 476 -1162 -848 -1229 -196 746 122 -350 62 -216 -58 -341]
[249 277 440 128 561 275 405 -946 38 605 412 351 576 486 177 161 233 -103 -183 -619 47 -11 -1096 -964 -427 -270 -382 1022 -30 -709 395 379 -503 -459 232 -445 412 -827 1281 443 69 359 -623 347 670 636 -350 -74 7 496 41 652 38 -260 -290 -201 -719 -32 -733 -707 -925 -209 -574 -259 -643 585 -244 -256 201 204 74 98 916 -1014 -60 -5 716 470 -220 393 -587 346 316 1339 624 634 -594 -45 1147 456 522 -96 966 57 -687 554 418 752 -109 -362 392 -398 -532 154 654 -101 -52 -60 -544 303 -544 -52 95 -210 275 -460 400 -328 -105 -557 1118 707 -627 -268 -240 784 538]
[348 -614 140 107 70 378 -341 -1018 392 39 -400 -223 -119 1032 135 -269 -182 -199 261 -139 733 -357 -1342 5 -370 -495 -22 -582 -395 -2 749 140 -315 -546 -539 -19 608 -813 535 925 -244 93 -1685 474 135 155 -1227 -575 -426 348 89 -108 205 -429 686 -76 -33 -201 -210 321 232 -464 259 621 306 499 211 -840 -195 503 -55 -488 -285 -481 645 172 -214 -394 236 683 -591 217 928 765 550 1545 191 515 323 156 -952 -249 775 146 256 608 -155 75 -800 350 253 618 73 -251 -763 728 -86 -98 343 175 293 -83 98 -535 -269 168 -342 106 35 -150 626 244 -712 -25 -426 -246 290]
[-140 475 -531 -60 321 536 891 425 969 -112 -573 -1158 315 -560 -336 -605 194 -571 -32 -212 804 113 -172 320 533 117 -143 413 636 833 -142 83 -571 567 100 -539 575 810 -521 443 -863 -84 -723 834 -325 384 -416 -481 7 -34 -1 -297 110 -515 420 -97 -86 -793 735 414 219 1107 92 -152 -923 636 -197 109 -358 318 78 60 602 457 -307 246 -141 -441 447 1148 -655 -316 -672 614 183 -48 84 92 444 -115 -785 9 -995 -706 607 -440 -123 -6 -330 87 -994 -142 304 -319 -198 -294 392 -230 952 -623 -120 -99 370 705 876 914 -433 -439 -597 -153 -183 -247 -423 318 276 -293 -583]
[-467 140 -483 334 4 534 -5 -210 -161 142 6 -727 581 -193 753 -311 -180 -671 -554 -167 54 -989 610 280 -1088 -168 -283 -115 -141 -9 795 65 574 -636 -108 -111 1138 -247 592 666 229 -660 -508 -210 -327 -517 256 803 -818 392 -128 -724 565 -33 94 -704 -1 128 44 503 119 -263 138 92 382 135 95 -453 -204 1569 -657 400 269 -544 176 -321 927 271 -871 -185 -495 848 151 558 921 942 -1362 421 -9 -80 -579 -363 -390 172 305 327 -731 437 -726 -314 291 335 -423 -100 752 -109 -552 -62 398 186 76 403 -545 27 428 -462 85 -234 -292 411 -473 605 -1237 278 -121 426 220]
[71 1070 -787 80 1497 -564 76 488 -686 -199 -1068 10 -371 284 827 -253 977 -247 575 495 -658 412 275 -794 -1175 -559 401 -99 -97 523 -206 -286 -569 -489 354 498 -410 454 -63 -168 314 -612 203 85 -154 -280 103 389 -638 1484 44 116 -1530 391 -684 -19 -607 240 -544 369 -435 -245 -313 247 506 -527 -566 -269 1161 -695 -75 306 190 -666 -103 1430 -601 807 -182 99 118 -592 -139 279 -168 213 -40 -563 -741 -44 -264 -470 44 386 -19 1168 -1007 203 -266 490 15 -230 -1145 42 331 -285 280 425 42 -86 -493 182 -477 -384 -738 -292 -342 388 -154 -133 -404 336 808 405 536 -123 411]
[-515 588 -27 -411 -171 -17 110 -329 241 569 766 -690 -305 -505 586 -504 671 -612 -1069 -487 -298 -683 581 408 -742 167 -6 18 -800 626 537 -450 -239 14 -715 287 259 601 348 366 899 -570 681 -217 -64 69 -492 -404 1136 -139 -766 -12 884 -360 -94 1180 8 407 -284 733 378 679 -641 265 -69 -314 -75 -334 451 1293 -376 707 511 191 138 -475 488 503 533 -627 -290 -577 -833 -182 -556 113 570 -693 -86 -763 -1491 -404 266 815 -381 148 -694 -17 -834 212 -165 43 449 321 226 173 -348 57 153 156 746 180 -231 298 1084 133 -286 21 -41 -491 -205 71 -472 -619 -529 -88 -556]
[252 821 14 157 -294 -313 -117 266 -117 1050 -161 448 -538 -26 234 -295 -420 75 -141 -689 -440 601 1102 -548 136 239 -474 301 247 598 298 -80 168 731 161 210 226 -197 653 336 64 -91 86 604 191 -444 226 555 -271 -27 81 -59 -557 751 -204 299 -20 -11 207 622 328 -320 -694 -55 128 144 149 -249 223 249 -46 -286 496 -360 -470 -782 -317 -94 -504 -398 -131 408 10 -15 82 591 522 1325 -532 -382 487 -381 -234 -228 -121 -428 640 289 -329 263 389 549 636 458 113 -28 -314 -737 -562 514 515 114 372 43 -447 -19 -989 262 648 1564 356 317 -411 506 -738 -593 555]
[-483 -703 653 -261 701 634 -205 -181 378 -642 125 -620 128 264 -963 -892 -124 618 93 -21 -513 -1126 -690 254 1031 484 84 385 -369 505 -398 59 -316 57 -975 -627 506 1078 -189 277 -1018 -138 -504 734 -413 56 -281 -240 138 -48 -88 486 125 -687 356 3 -178 -963 -115 -384 221 1112 -91 40 9 335 -56 191 -692 760 -82 485 -64 503 264 155 62 83 -383 -325 -138 440 625 635 148 -69 -370 -786 841 -510 182 210 688 910 -205 -236 -641 -490 94 -119 -973 302 433 -1865 472 104 630 -279 215 450 149 -105 -238 -1255 338 -95 -42 427 332 -578 -108 -427 -625 -348 -362 262 -142]
[181 -279 244 346 -69 818 -156 701 410 255 -45 -129 51 -12 556 -216 -207 -494 -863 32 -562 708 73 -289 349 1192 -427 -672 446 -151 -590 445 -820 434 -112 649 -68 133 -434 286 -639 -597 -75 -367 380 -88 -779 249 959 61 -98 -34 -137 -923 98 290 127 -846 -538 144 -238 684 311 -161 -645 483 100 147 -10 599 -114 144 839 345 -153 -428 -666 -129 1128 62 710 114 486 692 -906 423 201 543 300 -170 217 196 161 504 435 -446 85 -272 -1009 499 117 360 -647 -683 -10 822 829 -532 643 -114 -303 352 426 384 -131 21 230 -331 -550 175 -370 -566 -650 160 -152 166 -517]
[84 -503 -395 -263 224 525 -57 393 -578 -99 432 1232 -898 -389 344 -212 -292 -294 840 232 -444 461 -20 -157 -146 828 -13 167 345 -890 -620 -380 -859 1028 554 488 -207 65 -568 -170 1004 -456 645 -861 41 652 -516 8 1187 712 196 -297 742 -434 768 -7 283 42 -834 124 -25 -59 -272 304 -1244 -498 420 621 268 -136 15 294 1151 -417 -343 -323 575 517 534 -652 1008 -54 -222 -377 -521 -1067 -397 -325 -307 -737 -376 377 256 688 -477 423 -179 -349 199 -547 124 139 564 541 182 697 -125 -551 -776 -309 468 -608 590 -182 10 -42 -650 -144 138 -723 -288 477 554 -148 960 463 -436]
[131 422 -686 -88 241 -37 86 -278 -802 -251 -443 1117 -73 -758 -1507 280 48 -404 -532 574 533 840 -470 332 630 841 141 168 1046 -318 -570 957 206 413 309 -3 -493 -169 -385 369 -455 -34 -1137 603 227 -838 28 271 31 111 -900 -114 199 135 855 -765 1116 -676 606 -108 -506 309 293 -702 -1266 528 328 709 -131 -595 113 -948 150 -95 -225 -265 -939 227 417 569 -1 254 486 1185 -229 33 508 718 -732 -20 811 -65 -358 -1160 446 75 396 -1008 436 -426 -14 -629 862 458 -273 237 604 -894 43 -331 -573 190 250 118 40 625 81 -218 347 663 -412 374 212 -228 1232 82 503]
[-153 172 -854 28 716 865 440 -801 -471 -750 -136 -709 20 -62 -915 266 968 -778 -765 -112 1007 368 398 551 -380 827 428 -41 695 -32 -327 -1484 131 -350 658 451 572 379 -461 -85 662 -1005 -31 -931 -161 -1106 280 650 814 -438 738 -446 -208 -280 477 -285 457 765 -568 -191 -174 471 -31 -487 -899 259 1089 833 427 1038 -428 -61 420 -43 434 313 -853 367 99 -560 157 115 781 530 -147 303 299 -671 -126 167 156 -911 153 582 400 -215 -527 816 -773 127 -339 234 -184 -400 122 463 627 535 -633 752 374 542 -768 -40 507 204 -575 728 102 268 -224 -470 -143 556 -224 866 -100]
[-98 -595 102 -245 208 -636 -596 -183 243 583 -449 -93 -539 -742 267 425 62 143 573 217 467 -918 269 -56 -1311 16 -295 139 129 360 515 -260 263 -255 74 -289 904 633 -124 49 208 -135 725 406 -353 942 -424 33 -115 212 -303 -695 251 700 -461 1517 -80 -269 111 -281 378 -560 -394 1027 1059 -399 -872 -410 -548 32 -625 1203 280 716 524 -80 808 924 -343 -1053 351 -766 -669 -397 224 -1121 11 -1094 31 -370 -915 632 1 93 -934 469 -987 -513 162 -210 616 -263 1189 -67 592 287 -1164 187 -306 291 -203 112 -488 946 -107 -241 376 -108 -333 -1024 -301 459 -480 -324 200 -402 205]
[-155 -103 -28 740 3 184 484 350 257 -792 -163 985 -1177 59 -1505 35 -554 -32 356 629 -777 560 -41 -75 425 -229 741 403 170 1085 -637 -245 -1255 743 -306 620 1151 786 -297 710 -657 331 151 508 275 75 -456 -145 383 264 -47 447 -105 291 -377 -87 -263 292 -368 317 -556 693 84 -191 -171 11 9 816 983 -349 -78 -527 531 -519 446 388 -663 391 -310 515 -448 -172 441 326 -272 277 -137 -567 354 -633 -58 474 -220 194 204 -518 -394 572 232 136 -647 402 105 -768 585 -357 -199 32 275 -636 833 -541 584 638 -168 -31 -832 -763 -541 -1586 834 -39 -189 -198 -313 104 -112]
[-115 465 -426 251 -795 390 674 677 -720 -409 221 -83 -143 7 -1347 -726 -426 -224 110 182 418 -682 -377 700 220 -772 -32 -338 158 -1015 340 183 682 -676 -3 -187 -274 -341 -247 586 -498 297 797 -381 -390 226 -41 -514 -375 81 -777 -740 -238 -238 821 -1189 -182 -188 116 423 174 -296 -433 800 160 214 632 424 -447 378 -236 123 175 280 858 -177 -137 249 -416 110 268 -279 9 -755 -169 -338 -87 -311 -708 -769 -195 -354 -924 -665 701 362 -613 -767 322 -297 303 387 250 -334 -222 1048 61 -203 138 -610 -337 -602 -511 -200 14 -600 368 96 394 -74 -807 166 -586 -429 393 -54 -397]
[-264 -16 -907 590 813 -576 -595 -446 141 -931 -41 -224 -237 192 -1272 850 -434 695 -635 355 1304 -190 -433 -289 -40 5 255 -601 -741 65 -276 347 1127 -539 -76 1001 -305 32 -3 116 116 -64 257 412 -867 -694 174 -728 -598 16 -397 115 -164 557 -290 -750 530 -570 234 -197 -136 -470 -601 728 971 563 122 -222 -113 99 -22 -580 189 320 1128 169 -949 1022 -38 228 398 242 226 304 -109 -521 -300 -26 -763 -334 642 708 31 -888 -1201 100 -314 -1273 -420 63 929 -454 437 61 424 239 54 191 -636 108 -626 -417 -793 75 -848 -880 822 -181 252 588 85 -861 183 -277 -189 -347 558]
[1001 -434 -36 -644 -742 823 -494 -137 -704 173 -679 -328 636 1083 -763 602 -750 28 188 98 471 -260 -1844 -59 -36 -1129 -537 248 252 -286 364 65 390 34 326 -141 674 -251 -141 -513 -281 -102 -564 109 226 -72 353 -703 -390 -184 -169 -893 -465 -282 753 -226 -98 388 -1227 801 -321 -1125 -421 -415 -393 -42 818 -1204 -234 759 9 -301 -536 -1349 852 452 609 -255 -945 -757 -552 467 298 584 975 -143 -448 349 313 -876 -29 -438 480 299 -391 425 -607 -554 399 -237 -597 -225 294 130 -208 685 618 217 40 238 656 -454 590 -476 81 -412 -466 -419 -299 -880 792 -85 -968 241 747 618 651]
[578 132 -962 151 370 -327 -108 344 -135 -200 269 -1283 1016 443 672 1139 -526 -358 -444 -861 573 398 -843 -1084 163 -658 188 -970 1130 401 29 87 1310 302 787 -621 613 -766 -11 -925 -277 -799 -292 696 -896 -885 683 626 357 1275 -578 -322 -224 40 448 46 -121 683 517 -35 -329 -50 -216 -467 -430 -33 566 -111 -716 783 -36 -45 -118 -361 -996 -609 650 -346 960 -618 -342 635 1656 -322 731 -316 -277 306 23 -565 691 270 499 72 -1113 -554 295 -94 215 -189 9 812 409 791 500 862 422 677 -473 397 -441 -376 497 -938 -540 619 286 -99 -293 -87 145 -185 390 206 -172 44 1]
[-1116 99 -392 175 293 -613 -374 135 486 648 419 -91 29 757 -240 -70 430 -528 -249 -320 -1284 182 653 -428 -27 609 -135 -505 113 44 -72 657 617 116 -916 170 165 -76 483 274 414 -98 105 -473 -24 -307 -382 -277 214 317 -4 -484 846 122 -261 884 675 -515 -18 -276 40 158 405 -696 162 -120 -1150 343 -332 -417 719 175 -701 -360 -57 -675 -185 39 84 -180 -365 188 -152 -397 -270 -243 498 -308 98 384 3 485 618 1116 187 -79 95 -592 97 -324 711 168 193 -216 186 -215 135 116 14 398 55 839 -954 192 -646 -718 -52 862 358 -539 -223 465 476 -514 -653 -235 -322]
[118 184 242 -783 1125 312 -420 284 145 67 -436 8 323 416 37 196 142 -379 63 -37 1 561 -92 -87 -153 -7 -29 -145 589 -807 -1245 -124 -662 160 518 241 -476 816 -1050 -631 -54 -533 651 -790 274 436 -240 85 419 -183 297 -182 436 529 537 -446 676 -649 471 196 235 -40 605 693 -777 -501 -467 616 -448 -634 184 -117 466 -542 195 817 -519 283 682 586 289 -248 83 1422 -785 -237 341 194 68 459 51 446 -216 -161 158 -220 -23 -1152 205 -656 -301 -468 -354 103 452 -26 649 -368 10 -418 -612 326 848 203 -38 -338 -202 -400 53 830 -3 -736 809 347 1321 58 313]
[-357 750 285 21 36 -223 680 -22 256 -92 335 1632 85 -1131 -361 -326 87 -380 546 -439 1019 -562 538 -330 -1048 514 48 594 455 607 52 109 -16 -605 87 -203 42 -61 817 584 -599 -317 -205 470 -237 -178 1005 90 -63 514 131 -462 -82 112 721 53 -25 241 960 454 226 216 -817 563 352 -28 -28 1138 -747 187 563 -521 521 -230 -77 -523 557 322 -440 333 -132 379 -412 1024 675 524 296 609 -1207 226 716 319 -428 -1010 428 -288 -536 -54 276 -330 674 546 1414 415 627 -316 -180 -695 -721 344 822 -324 88 -374 885 -137 -175 503 1296 356 424 290 6 -712 -133 542 -241]
[601 209 445 -277 -716 239 100 744 61 457 109 -775 -45 -1849 395 562 324 52 -315 106 -611 -279 -594 -352 -249 451 -296 305 -253 -323 -117 193 74 -197 567 -3 695 -84 -168 124 969 222 375 32 91 1521 236 128 201 -418 -121 124 422 -101 -55 -267 316 -1360 409 167 537 -84 196 -82 -608 -131 -162 -975 55 589 -387 93 1070 -217 -871 -829 401 154 -357 -374 -269 96 -968 46 148 117 784 -79 38 1171 452 595 -1125 -153 -62 192 603 -526 -100 254 1208 -809 -1109 545 119 315 -621 220 277 -217 273 853 112 806 89 292 839 409 -1023 910 -260 34 656 439 434 -167 187]
[61 -21 -642 726 498 -324 -590 -149 335 -50 -132 193 -308 484 -550 -632 233 497 -548 238 399 121 190 285 -739 -908 -433 -185 270 185 490 -270 152 -78 -165 376 -280 250 -207 812 361 -405 -173 650 -732 514 -372 -163 253 -171 -504 426 23 834 278 253 -265 -157 -739 483 -8 288 -392 111 144 295 352 336 -95 520 304 46 -346 1077 918 425 -264 319 491 803 268 -369 468 -216 -56 -139 42 -135 669 -317 -483 -317 -516 115 -1029 -989 36 70 -520 663 -245 103 -86 -274 -50 -277 69 628 472 -655 -530 -259 287 372 11 -173 178 -509 -632 -92 88 -1036 313 -695 -209 -522 -865]
[1213 -293 376 -390 257 1276 -286 -57 763 -150 484 -453 197 -939 -234 753 -888 229 -1685 -70 -874 -354 -740 -1251 665 226 113 -538 1291 533 259 1223 -279 -359 188 255 -510 47 -411 205 -1084 -532 -665 593 341 -56 -46 -872 1222 -250 -341 32 234 -475 -263 24 709 225 106 405 -508 539 -342 -572 -635 390 -126 -615 68 484 63 70 576 -755 -426 -421 -105 -382 826 539 -67 12 40 477 -580 353 1146 -327 -211 -259 836 147 142 -294 170 -365 -641 540 357 966 298 147 -173 -44 277 681 274 -694 381 46 779 673 496 -366 5 65 518 -266 -196 483 283 -468 -983 480 -848 670 441]
[-213 -470 -278 225 -27 -250 -56 18 217 570 1285 -172 743 -588 959 404 -531 -566 319 -182 -160 -645 -215 -675 -65 -596 102 -478 992 426 652 610 305 -250 399 -350 -19 -583 943 -677 -383 -867 -315 -742 491 -106 107 398 -145 1537 51 -810 383 -503 187 -212 162 26 -988 106 -778 -1257 -918 -452 -879 19 -432 42 -271 -518 318 159 31 -1166 -1069 23 1282 6 -315 553 166 795 98 727 854 -484 -718 487 -920 768 827 -1024 -400 414 -88 803 324 -95 758 -474 -33 55 -200 497 565 587 340 -17 142 -71 294 612 56 -243 -104 334 92 269 -661 -1465 551 357 -590 282 945 843 -471]
[96 596 -593 -256 103 1034 -148 254 -371 -513 270 -368 290 628 461 443 -494 -147 10 838 81 162 348 17 -639 -1086 -125 276 -526 439 -622 68 1014 -298 -721 342 37 -200 -391 716 497 -445 310 -155 117 -316 -224 139 -377 934 -743 -205 -434 10 -902 -217 -1031 -304 -1044 408 142 -73 415 -387 784 -197 430 -734 757 151 -1084 254 220 702 -235 189 794 -9 -833 -381 -1215 531 -61 491 745 160 -218 377 -1597 -159 6 -572 -775 191 10 1010 -412 632 260 191 -513 469 -66 84 1034 -613 -579 444 47 280 -458 594 -1098 897 -418 -560 1244 274 511 -25 -450 -472 -588 -85 24 -241 501]
[385 -483 16 -94 -789 211 3 -382 -289 -108 -76 33 968 904 1093 -238 -889 356 -270 -11 -36 190 -1018 -313 -53 -110 -419 901 -626 -577 -316 191 134 -439 254 194 -273 -614 236 226 440 1057 -552 1387 -64 486 79 -191 -549 -152 224 369 -97 -635 114 -94 -243 -332 -461 187 -335 37 -807 264 22 -909 253 -863 -696 391 264 -172 934 469 69 -512 537 -184 -692 211 -455 485 -354 -258 -25 -250 219 -74 618 -562 -28 722 278 -502 -820 80 389 -174 -559 373 54 -150 498 -538 100 -282 142 -531 427 -33 -306 -394 1129 -586 -146 247 535 -553 -600 -152 378 769 -349 123 -443 -429 431]
[386 201 21 214 103 125 -446 -249 453 743 -182 -180 31 -532 -149 973 -43 176 94 -841 420 -98 -83 12 311 276 -20 -140 880 -142 279 -1223 -291 346 299 -38 657 411 -615 -1059 330 -94 199 -45 -160 1190 -30 163 209 -564 635 -1 -222 524 -461 807 -232 494 428 -96 -461 -91 -486 555 -479 -225 -105 178 -302 -356 311 -663 751 -966 115 -616 -311 -393 483 -292 602 -534 351 -219 -504 -473 858 34 463 355 -6 958 674 373 -463 -141 -356 -315 -516 973 1344 -91 413 112 64 378 -300 266 -874 18 1223 -1160 252 294 395 150 -621 239 143 -455 341 -335 1367 644 -246 -305 -154]
[-274 -1531 1120 -186 -318 -1060 340 297 509 -739 586 -369 -524 433 677 243 -238 778 208 258 53 -1061 304 -68 154 172 1102 134 -957 418 674 -311 -93 -244 -74 566 -688 -88 518 594 -372 508 -448 56 -1140 91 -781 224 889 -58 192 517 343 -248 271 -747 543 278 -131 571 1130 508 -284 796 495 219 -150 1562 156 62 533 527 -740 1070 -392 315 361 521 -215 228 37 -310 -114 -321 650 -249 -640 -348 265 218 -795 668 703 -299 -404 -82 97 240 -229 185 27 -127 1341 150 -1132 188 -14 -14 66 -444 187 -366 1200 -824 239 -172 -354 -243 -266 -207 943 -177 273 -915 -348 -767 262]
[273 251 882 454 -768 98 -90 -570 -116 -186 519 -507 -130 309 -442 414 476 562 197 498 -194 -827 -48 329 -785 -807 -172 264 -1308 -196 722 691 597 -54 113 1332 90 143 -522 740 462 60 -397 -791 351 687 -505 -314 273 -910 -117 144 435 -201 102 -96 -171 295 -407 681 479 -260 -1077 782 463 536 344 571 -334 545 -470 498 33 -410 707 -226 188 386 -787 256 95 -417 -26 -1200 662 -533 57 -252 861 -427 -613 55 894 197 -275 -226 -387 547 -170 -1007 644 -309 -441 154 -1077 466 -514 779 -583 -399 780 357 73 219 583 96 138 238 898 -257 990 -918 -335 -793 -161 65 554]
[443 -1023 202 -472 -1241 -781 285 -511 -110 201 99 313 530 512 245 472 -656 322 -335 -25 -24 -250 686 1159 976 693 74 -151 -43 -25 1122 186 72 248 33 14 -605 -198 299 -77 -678 2 -310 122 -213 -271 -141 -1283 -113 -478 63 317 -806 -166 -337 114 447 -400 507 -267 72 -77 -509 1009 359 504 722 -433 -624 586 -128 215 -117 1256 266 -271 204 98 601 -17 -833 490 155 -1128 -208 -537 -107 -366 -167 -788 -269 -87 166 251 1240 311 -418 -778 86 1492 -609 -606 491 -389 -98 699 54 -81 574 94 553 -647 145 31 404 118 -203 -1137 -80 360 -38 199 -517 116 -629 -88 431]
[999 -635 571 722 -1641 349 94 460 627 -88 1222 -1504 -632 263 119 -108 -302 -206 -388 -169 -192 -195 -357 104 -412 350 1247 -246 -145 1241 603 -344 -128 -1013 -600 518 89 3 951 11 -141 -130 -176 11 -216 784 569 -422 -643 765 919 218 -857 -867 169 -688 -261 -85 99 -168 -67 799 108 -341 -278 -1258 162 -189 449 -464 111 -232 -174 102 512 -7 781 -745 -1426 -601 -74 689 282 -356 52 359 -942 740 -542 695 575 260 338 55 248 123 100 24 111 797 -100 651 628 -232 -278 457 -876 -190 240 801 837 -40 395 -946 -667 -293 153 809 -998 351 544 590 530 941 -544 -373 279]
[989 -200 548 76 -526 -33 -549 725 -588 -700 397 273 366 -375 -585 -245 197 1018 298 -207 1242 -581 -88 195 -499 -118 -124 222 -516 -319 292 -965 -481 -1108 880 555 -120 -139 151 397 874 189 746 -113 85 -156 465 373 345 -84 524 715 -653 -438 178 -1556 -248 640 81 -258 -173 -376 1348 -229 -69 -179 112 172 461 803 104 287 -369 -88 -98 -445 729 -8 -770 -607 734 -498 225 -487 423 148 -8 -817 185 804 485 -134 -325 123 270 1193 -406 1014 404 29 217 52 -449 519 -436 104 -583 -191 -122 768 733 -247 75 -412 -472 109 279 680 354 83 -196 -51 525 1359 829 608 162]
[-494 2 304 -779 176 60 157 33 -385 -297 31 -1288 344 -368 130 239 276 -687 -624 -340 -351 -906 -755 275 -478 -448 103 70 -385 -139 348 707 116 27 72 -290 59 489 -107 452 110 83 613 -89 -416 -558 -36 118 -177 -148 -591 630 -316 818 285 -142 203 482 109 1319 1017 81 258 -64 130 375 569 79 -217 1060 149 815 -460 -575 88 -532 -107 301 -628 -481 -967 447 71 -620 480 585 -3 -299 413 637 -221 570 39 484 267 -349 -338 236 -1013 -276 479 -454 -32 -32 571 19 -560 130 204 90 567 222 -586 246 408 114 -84 231 100 505 136 434 -1010 14 -670 -407 890]
[-282 516 166 -174 -386 -575 58 -135 -250 -156 -1062 -453 -466 47 334 854 -284 -161 428 87 137 567 -384 261 -691 530 -174 -50 -20 245 -578 175 293 734 551 275 -637 497 -720 -403 -287 562 -424 89 -56 -91 456 -616 -1234 228 74 224 -1346 576 -510 596 -567 -137 -195 -491 -249 -422 -740 578 -746 128 -140 254 -30 -1382 -91 -986 454 -287 -596 415 -826 353 -49 -911 -175 -317 -346 31 160 -353 18 -118 -852 526 149 567 485 -504 251 1393 484 -380 479 972 178 -309 -436 -846 93 35 1239 1091 -548 -247 -590 92 -274 281 75 -207 224 -226 -548 15 -102 -73 980 965 752 -301 253]
[500 -204 294 54 471 -36 -461 339 460 560 -173 -823 -35 -447 101 -366 182 52 25 -389 -791 231 -344 -710 -257 -188 -1119 -519 824 319 111 268 -802 823 1088 -1242 -421 620 301 -303 -172 408 250 956 372 1185 -407 -208 999 684 -422 154 -448 455 383 695 -108 -916 391 481 49 -871 233 302 -147 186 102 -1256 -517 -365 533 53 218 -172 233 78 12 -758 -154 -775 -286 713 194 1213 -8 273 302 1120 -685 397 488 -518 -221 395 -869 -898 299 -482 108 870 112 213 -231 307 374 -36 95 -433 -84 230 -327 84 156 -86 -544 505 -528 232 -506 627 182 -664 475 696 -434 -400 -422]
[-294 219 -35 -685 285 -251 514 -283 346 180 702 -662 -719 -1301 -521 -33 873 863 -1072 -280 -1128 -106 -351 -817 1065 694 93 844 -166 -326 3 -154 -529 1001 803 -86 -1039 627 527 195 -140 1691 -692 1350 -600 232 -190 -437 954 -413 332 434 175 10 534 -191 174 -907 159 -183 623 1029 -940 -19 -894 -596 60 -39 392 -105 775 882 -58 142 172 -200 -341 -140 645 287 -90 -315 40 72 -227 -604 -228 -553 837 236 277 138 784 -73 -741 -483 608 -1266 -113 238 -285 -580 -75 -173 -721 101 329 -521 625 -15 -698 -433 490 -713 -890 700 -440 -183 -191 -196 11 164 -143 -301 -1113 -421 351]
[334 217 172 -844 -184 94 176 -48 55 -759 -694 282 1071 154 532 24 -77 -980 565 -148 -500 -809 -748 -186 633 -71 241 46 41 -443 71 411 -1949 1045 -309 311 773 8 -183 -87 -251 715 -598 369 -365 335 -418 -361 152 24 -980 585 88 -446 767 76 -60 -618 60 204 109 -420 -117 -61 -550 259 -23 -437 -411 419 -510 -569 620 -766 -376 -302 664 -366 1088 -374 -187 -176 -514 280 -341 288 -12 -186 615 -563 -662 1795 380 421 672 1175 103 -945 419 1090 821 -426 226 -501 253 141 235 -191 -301 -33 966 48 -602 211 438 5 -875 -936 314 -288 98 583 -549 373 688 59 237]
[644 -248 109 160 -727 -116 -400 618 610 -425 -194 -37 -349 268 995 -287 -60 -343 645 -146 530 139 330 -937 152 240 -381 -645 390 878 -392 -332 -664 895 526 649 83 350 182 -949 542 -494 264 -998 215 220 328 -68 34 269 -465 -586 -631 608 431 530 1043 -346 451 803 180 -758 -1153 -753 -646 180 -562 -206 346 128 405 -958 189 -836 -268 230 250 -405 279 133 836 -311 -721 -441 -327 11 708 122 -406 -513 -710 -401 132 129 -226 10 24 -1118 674 486 1057 227 -319 86 27 817 -243 318 -403 307 864 -161 -199 269 -294 -691 -1020 -224 481 1012 -238 -469 26 771 833 -40 -218]
[-17 -861 387 451 -167 -614 -24 -594 138 -1049 510 -343 -78 -618 -2 -228 -1509 -48 -314 3 1235 -291 -167 -90 -361 -105 -197 -825 628 -537 550 163 -376 -628 35 -761 59 15 -593 -448 -135 -96 -146 -78 -182 513 559 -750 -974 -497 115 -649 6 461 516 374 -248 785 653 -366 153 -471 -399 677 -58 276 124 -707 -365 -254 198 376 589 116 876 131 269 -123 -87 -462 584 337 -97 -392 418 -882 -227 161 718 -1012 -823 -190 -514 -798 453 424 -869 700 130 192 92 622 87 -1003 275 906 -357 -84 237 264 -563 -943 546 -961 94 -643 893 -550 -839 347 -1225 923 -527 499 98 990 145]
[-391 234 -68 391 500 24 -436 79 97 -506 -268 -464 -182 497 -23 -487 38 70 -178 123 451 861 108 -160 33 -516 -158 -218 294 1457 -926 -405 -795 948 73 311 109 1297 -278 111 -49 297 444 768 -22 -1280 162 249 -102 -227 -163 204 -533 89 -262 1273 -12 -292 64 307 26 -669 576 -302 424 266 -308 161 459 -279 532 -737 483 -358 -520 -68 6 -220 838 -369 -134 18 -82 1194 241 714 635 45 -690 289 -631 -442 627 359 695 683 -897 355 300 548 -300 546 -1116 -733 219 -249 1389 97 372 728 -580 48 -1153 191 -414 -375 -395 412 91 -291 -330 336 -94 221 556 -93 -196]
[-26 -431 266 260 110 -317 -738 -432 298 682 -249 -287 -334 -1313 712 -387 -327 726 300 394 -227 341 -582 -191 370 82 -272 206 335 301 -766 -380 -105 920 1105 -1204 -312 571 -302 -161 61 -48 710 129 399 40 -335 1240 185 -209 -26 -13 -26 -268 132 491 372 -674 366 -436 270 -1130 171 -126 169 359 194 -201 -198 -271 -557 952 -62 421 -536 -281 4 -265 629 54 299 578 445 61 -16 60 537 -213 265 1113 342 47 -791 -78 -139 137 578 -258 142 211 -369 244 -1081 -769 -666 504 78 128 82 31 -230 863 142 -124 -355 1645 -299 631 -897 -135 -82 474 822 815 885 -497 -213]
[393 461 -795 -41 -1426 -266 685 595 -540 -307 -132 260 -496 855 566 -110 -86 -114 136 654 73 341 863 800 -227 -672 775 -49 -324 -419 415 -803 122 281 -115 663 -807 -685 -290 -589 482 -37 -621 296 366 -494 173 -245 -288 46 -246 -298 -636 497 252 -667 -640 710 -525 617 -58 515 16 22 -195 -941 554 566 922 -313 -174 -141 -61 356 1164 1269 -207 -457 -112 -708 497 -555 -191 -619 -322 442 58 501 -327 -1138 -823 -1028 908 -155 96 251 255 1020 99 832 -198 405 734 -83 -432 -535 276 378 424 448 -144 -401 56 -235 139 -5 467 189 1606 -215 -601 -452 -461 -787 -311 -353 -305]
[-287 -143 -382 710 -52 312 510 352 95 54 -233 -1140 271 -1013 438 -695 804 376 -526 -155 -275 2 1598 -540 -230 95 270 -123 -563 527 -201 50 307 185 345 -194 294 172 409 -313 -393 -764 -578 660 39 -142 649 -300 -970 652 151 -478 -262 -460 317 -568 -152 -1137 785 -676 -385 320 474 330 -160 309 -542 -328 410 -351 -1044 658 253 311 22 496 -252 -41 -453 -643 -1730 -220 158 307 -133 643 -1001 372 -160 -589 45 19 -305 -566 400 -422 -876 -323 633 -509 -1281 -649 -319 -1000 693 -297 445 251 930 15 -646 853 -200 1034 -711 354 1064 387 75 -756 -1304 48 1267 349 -546 407 -434]
[136 -215 942 -228 -306 -604 -10 250 -553 466 -48 688 107 -135 1038 101 353 41 463 -406 19 618 542 -66 303 92 -1105 101 -452 -513 -472 -2 -710 -27 701 473 -416 -487 -133 -203 330 -112 461 -99 870 140 14 134 247 -183 -402 606 -564 -341 193 1036 -502 -418 -483 -332 618 -158 -801 -309 -614 57 -33 63 -312 -52 513 -904 814 214 -1129 -1205 240 420 448 578 283 -1400 -32 -474 4 496 960 140 732 -180 -33 -1167 338 -343 -72 105 797 -509 318 -739 135 -688 -1584 244 573 166 346 -221 349 -93 -1171 -205 338 1016 290 -752 1482 -415 -359 232 -624 70 241 -456 787 136 -775]
[487 -3 208 264 -535 -769 -575 261 -288 708 -972 -459 -200 1144 33 -5 85 1024 317 -745 302 272 148 -267 722 202 -350 -151 15 -878 680 -53 -534 112 -150 531 28 -686 -52 582 170 598 -635 527 -154 590 128 -388 338 -506 -366 558 101 201 -386 -98 677 246 -247 -574 -846 141 -214 637 -554 -384 348 -130 -452 -684 466 -924 787 -418 -652 63 -1154 20 628 -406 343 -1294 213 -176 -737 -142 371 -335 185 -295 10 -114 692 -183 -146 90 -207 218 -402 250 -827 61 26 448 -919 -481 774 -30 -58 -856 -387 11 -345 37 696 499 131 240 336 763 669 -4 357 -318 -203 -154 -538]
[-498 -259 519 1085 585 579 1011 -202 141 -12 -222 641 -89 -68 452 -569 482 -625 554 623 -935 -173 -10 -180 -107 981 561 285 88 -6 -727 -244 63 -1902 251 -251 -730 797 400 -95 -136 -315 267 -24 -139 419 -29 901 -599 891 785 -51 -626 -909 33 -1362 278 -1219 554 210 -361 -175 684 -414 955 -320 -425 1142 -201 -1163 -470 -241 -144 232 653 677 -390 -136 -967 720 376 -280 -755 950 -47 318 -884 576 -568 382 1085 204 46 -601 288 -244 186 -156 570 -688 -62 -935 150 375 -433 -691 286 -244 -223 -204 -702 -32 337 -79 229 -879 394 765 -295 -237 310 194 430 -839 269 -899 591]
[-865 554 34 300 843 168 -92 141 8 -127 333 647 321 34 1521 -124 437 -870 -26 1429 490 -269 -12 1013 -956 -770 -25 322 -478 98 182 455 356 -54 107 123 -885 -9 147 631 -568 271 523 144 63 -27 -616 293 340 1163 -769 -511 716 -546 -576 220 -265 -140 228 229 -112 -155 49 447 889 196 -266 82 -245 788 487 -362 826 640 -156 104 247 103 350 974 -341 -512 -201 792 -6 446 84 -560 -1674 -11 -4 -595 594 -144 -485 1186 76 193 -617 685 106 608 -1092 309 -342 -101 -175 -27 52 -1292 -305 54 -963 -242 413 240 -732 -182 -60 -554 -445 -958 515 -334 277 359 -526]
[-932 -97 -242 252 544 348 506 -162 -528 150 334 1089 715 304 206 -250 16 -1124 -542 -152 -931 -355 550 91 295 308 -759 171 -963 -457 -777 560 105 -832 -35 -83 426 -445 903 675 612 -246 23 -359 309 -630 -133 577 264 684 342 401 712 -605 -223 -1100 -567 -426 -360 789 127 267 404 -344 -160 287 -132 57 244 715 377 -913 752 109 -590 -1403 133 722 361 410 -243 642 -97 45 -650 1209 647 -58 -1040 137 -235 282 -427 632 870 367 82 -139 -900 -27 128 433 -258 212 257 -664 318 -1486 -264 -305 -206 670 -15 126 757 361 12 214 718 241 152 577 -270 -396 -730 -81 -98]
[245 -401 1716 -260 -239 716 339 -10 496 -261 25 -1021 45 411 19 -782 57 108 538 -789 -42 -67 4 556 312 -1107 344 298 -488 677 316 -461 -344 197 350 1164 316 -95 -1034 -234 97 92 433 604 -295 223 511 -126 -400 -1135 -272 778 -449 193 460 359 -19 -188 335 -988 151 589 -26 368 -671 -437 22 284 284 7 606 -1187 1289 715 -200 -49 -397 36 386 358 -194 -1204 29 97 -327 291 203 -175 265 -370 -569 -70 130 419 -706 -558 48 312 -271 408 -326 334 -1014 -585 259 -131 1286 -468 319 -5 -337 -391 232 249 625 -203 -82 -147 -190 -196 -642 -653 856 -77 -76 -403 -940]
[237 -474 -166 5 390 170 -587 904 -66 -362 -126 -668 704 384 -200 303 375 480 -472 -523 1 -489 -601 -411 -288 -483 -352 -422 -200 -137 -21 -410 -623 -63 1181 20 58 443 -689 -665 -875 -188 -828 4 75 702 98 -388 -460 456 931 -608 -1127 180 329 19 150 -80 132 970 -627 415 185 390 -317 3 119 -516 -279 692 865 230 48 -1198 821 267 -419 1 -789 -107 -245 402 306 -80 426 -114 -1656 -865 183 -771 -622 660 541 625 -335 -497 -1065 -1297 80 -239 423 -314 -584 -116 58 -109 371 32 253 72 716 -383 -840 -159 -223 -8 -55 -581 -374 -504 196 -896 -383 124 318 363 0]
[360 401 -49 191 -556 -275 659 638 749 801 874 -85 -152 -323 -621 -570 566 -461 -354 -879 407 -233 -191 105 100 237 -495 751 605 -908 46 278 -157 172 -81 -23 383 446 1029 697 495 293 621 666 -212 1211 404 -840 279 499 -383 -492 98 -294 610 -4 -392 -1566 124 295 697 881 -452 184 -223 -848 -534 67 -844 521 1226 289 604 -158 87 -689 1228 -457 -223 -187 -149 -98 -434 -161 193 -626 -147 -187 65 -11 584 88 -649 -347 216 -674 -765 -1383 418 109 -339 457 505 362 -30 -36 -774 -379 -78 488 208 -159 -194 471 -510 -440 279 259 366 555 -156 50 -49 -255 87 -36 -448]
[410 -427 311 633 -780 -896 -270 -301 502 -260 651 169 -820 -307 -295 197 -170 803 -42 446 -288 587 -80 190 748 1208 -557 330 -539 358 -244 1000 -2 913 69 904 -158 587 -46 128 956 744 -153 -16 140 -395 157 -714 -514 -880 41 157 261 -598 -519 -47 1349 526 470 -218 -710 0 -282 -384 -353 -130 -100 -231 36 -497 -276 -661 219 -31 -610 -599 74 313 -25 -346 690 443 -430 -1112 -285 -507 -128 166 -291 904 646 622 468 -39 72 273 17 294 155 -296 106 -576 13 -152 -512 12 -443 507 44 358 892 206 454 -558 36 -87 307 -11 -360 751 -90 -208 -301 127 -91 -567 1376]
[395 954 -534 1213 501 -303 -238 181 -331 456 316 630 650 573 631 62 135 -529 680 -186 -30 1065 358 377 -130 -219 -695 -35 -55 -138 647 -67 1278 -345 73 -746 -809 -759 36 215 784 -398 -139 -299 462 468 591 610 -383 787 -444 12 -225 -249 -138 2 69 -89 214 142 -1187 -1310 -51 -616 -152 169 870 -809 -842 -484 171 -412 -287 100 -409 945 253 234 -884 63 -618 660 -596 497 -28 -251 -292 630 -1241 -150 1264 -1648 -129 434 -34 588 224 125 -144 -473 113 -909 -79 780 185 -91 1029 433 -229 -80 -1058 599 -176 332 340 349 -495 -58 329 3 316 -537 -312 -236 256 356 8]
[-12 -346 761 -1216 -336 745 -77 48 57 -194 269 -480 1051 -414 1077 -138 36 -27 327 -253 -95 -90 -539 341 100 -582 -339 -123 645 -444 380 171 529 -234 448 266 -225 451 -825 -636 639 -304 -208 -287 -129 80 537 47 -119 -885 -162 -114 347 -267 1023 -947 466 -531 172 599 364 -743 -24 -80 841 -737 -255 -169 -869 791 -603 156 -250 -76 78 -123 633 7 263 432 3 -305 -298 -140 594 793 -301 -201 516 -342 -239 -111 -546 -277 796 -429 -332 390 32 -699 -488 -506 -796 94 -458 649 -440 565 278 225 426 728 21 343 303 -415 789 86 280 592 -941 -415 -949 -193 164 164 557]
[8 576 -770 -898 10 146 126 1022 -1385 1122 -640 529 -910 199 264 -230 117 -683 86 448 -891 272 509 41 -545 29 639 -227 176 105 -1113 -371 400 40 -62 683 -541 546 -1368 -415 532 -698 997 -599 212 282 74 526 -253 615 344 -365 -183 590 -632 610 -939 386 -284 165 -173 411 520 740 -227 -977 138 -235 224 -385 -1023 311 208 -553 -553 279 -329 139 -816 -1211 287 -613 -226 783 -1115 179 163 340 -391 -734 -134 -523 333 572 576 -111 140 -308 325 60 -315 230 -84 184 446 -235 -217 -673 -397 -280 490 268 105 830 -220 -277 -315 470 -161 227 -734 115 1207 386 573 -566 120]
[494 -564 79 -23 -603 452 10 -157 387 -996 309 503 989 1129 337 112 -175 500 617 195 879 715 379 45 -932 91 -1095 369 -286 -203 -1061 -273 608 584 -155 -296 -545 -609 -797 -480 323 -1 -202 -763 64 -839 -275 -308 200 -611 622 -95 207 -277 -235 -373 87 -164 40 216 592 -470 36 -273 180 -84 219 331 -451 856 664 94 -786 24 -30 -602 -39 211 112 134 -745 17 -38 513 6 689 290 -763 91 35 -713 454 -83 525 520 -469 -345 264 119 -275 -674 -225 -650 -413 -724 384 313 39 532 512 222 185 169 655 -26 -329 -410 -528 186 -578 893 -650 436 -171 -627 949 100]
[-320 416 -968 -523 1045 425 1112 -82 -166 -930 -715 372 355 1039 912 -882 -219 -848 716 257 1083 66 583 -114 492 -188 -1000 -293 458 846 -454 358 -240 -75 -219 -316 749 125 -324 312 -30 -376 -1033 103 -958 855 -956 -502 -88 749 -244 -92 416 -413 -339 -186 243 165 -1071 1168 -396 -184 -889 -4 -608 686 518 -462 -373 1210 195 -960 652 638 -292 149 349 -1 347 419 115 33 -425 643 -28 48 111 462 -679 -734 -853 -330 -504 62 377 410 -265 349 -354 1369 -17 863 358 -508 133 -1085 56 -131 149 -293 285 26 -663 623 1263 -216 -415 -487 532 715 396 -597 -919 280 -244 105 -232]
[-82 -299 -641 144 -786 53 538 633 -83 239 -94 -283 -506 -188 513 11 497 69 -428 -83 -232 353 -286 -342 650 912 26 -156 100 -206 -118 -532 -121 -205 482 -253 -1002 -537 829 -6 -66 1100 -189 304 -905 872 323 -375 -184 -192 849 -210 -473 -543 60 -95 -307 58 77 -812 -447 435 346 95 234 -177 -99 -373 293 256 -356 -510 -347 458 19 199 -24 -479 172 -767 435 -336 -283 -308 -1030 437 -51 -302 -69 321 381 490 850 -944 183 -302 562 -423 185 789 104 -405 -791 -137 -708 400 315 248 -90 -167 15 -141 -591 -216 -456 -7 -173 -177 197 176 -1216 -13 621 252 -583 -256 -182]
[110 356 943 -382 441 -116 -644 -38 919 468 751 -117 294 134 -498 -343 461 204 -38 -782 145 -142 1012 -557 -706 -930 -190 282 -132 181 624 67 -242 298 -367 523 -828 112 481 468 560 418 -306 239 -251 1394 422 -159 367 -78 -488 183 -4 57 -307 170 -657 -263 197 -507 386 66 -690 -47 428 -5 -618 734 386 -836 538 -961 -337 -594 30 496 366 -364 -35 190 -275 -745 -764 763 52 -97 327 139 75 -341 -881 659 78 -878 -556 -111 -447 503 495 78 -79 215 13 129 1054 -867 427 364 -304 425 -1212 -408 -209 355 131 -1262 349 202 1740 -315 -19 -760 926 -528 -105 111 -413]
[-83 879 477 -244 -227 -164 -258 -187 406 580 330 307 -881 -6 -1469 9 -772 -26 208 -564 527 -185 -272 104 -714 -397 -45 545 -46 -689 -167 -302 395 -531 -723 -1033 26 629 -350 -169 -749 640 658 -203 123 504 -131 -354 -142 290 -155 -913 350 1354 -452 1093 -203 190 115 226 305 612 88 -88 -679 -652 -171 -240 109 -1173 863 -211 -904 -827 1218 -303 282 -462 -514 130 -1071 -29 -940 1201 -164 -440 -81 -57 -1043 -276 49 -794 -305 -46 84 19 -453 -787 257 -1007 -72 653 686 634 -136 -613 -453 -1052 283 -40 -222 -1163 -91 -68 144 -649 180 -193 -344 -267 1163 277 467 -239 220 353 -412]
[-583 141 -113 -375 142 -685 -25 -14 107 148 -270 119 544 -268 1736 -399 48 -27 161 381 -963 -650 153 -342 -377 -9 -32 -160 413 -242 403 826 -1010 557 -177 -26 -32 539 -451 28 -346 -30 -21 236 -209 916 -351 -348 214 1068 -933 530 355 203 -387 454 -451 -335 -158 218 296 8 -394 71 626 117 -56 200 -283 565 -264 622 273 -270 -442 -387 769 -498 397 309 -178 -683 275 420 106 12 128 -52 723 -512 -689 483 365 815 -67 -177 436 708 215 760 525 244 -781 30 -83 -878 -1124 342 -601 -684 674 -70 -71 375 331 -101 -264 42 -471 105 266 221 940 -33 -94 8 -6]
[520 -650 144 292 -593 -23 71 -848 -346 308 432 170 948 581 81 36 -164 -790 -94 38 -165 -771 -109 -144 -436 849 193 -586 153 390 423 -152 54 -298 106 -315 -15 -357 1776 212 379 74 -634 -34 275 -136 -15 260 -50 -243 900 161 683 -675 425 -950 110 364 338 160 -429 142 -625 436 -441 -66 15 283 -33 391 -453 56 -444 121 695 811 245 253 -688 226 -404 830 -10 432 60 -122 -501 382 603 -21 -1262 -424 462 -370 -211 -1003 70 217 -159 -316 -362 -182 729 303 -694 143 -17 -746 487 -753 112 -52 780 -357 486 336 -692 -631 -367 -349 387 352 -1164 -684 -540 307 723]
[-82 -491 -153 342 398 901 315 -253 179 -1153 -27 -222 -498 -474 402 -83 -45 47 -90 535 -1207 -41 -716 -880 -383 33 1331 -671 367 71 -78 -66 -227 -187 38 35 -225 215 -98 -54 43 -80 -87 -98 -908 -93 685 53 73 822 -351 809 214 -393 190 -1228 -542 -67 320 -117 155 -531 7 -294 338 -1044 -877 697 912 -362 -756 864 -168 -724 389 1654 -308 -18 275 -718 678 124 -240 622 -366 398 -683 -278 134 262 2 757 150 -126 70 408 -451 467 896 176 -187 -28 502 -519 523 1007 -141 741 -254 -1 -1553 407 967 -571 -1056 -88 -227 74 -62 -1066 590 682 -867 -384 -493 -58 565]
[-338 -131 -240 -1275 -358 -294 192 -95 -559 -87 -723 12 1058 302 551 -10 47 -571 434 342 644 -885 901 -783 -534 231 -237 -551 461 -913 -46 -631 -513 -139 102 157 437 305 191 61 206 -10 -164 -765 27 -51 -114 84 698 -358 17 198 -266 508 167 -253 -135 -499 -598 662 1464 -693 -823 294 -217 693 310 51 -811 90 -272 228 -288 659 -52 193 1251 152 35 -644 -86 85 -387 977 -681 145 -172 221 -522 -165 -98 136 102 371 517 442 -19 -418 -458 -113 -63 -217 1391 151 1577 47 151 -447 176 229 -423 130 471 978 416 -430 561 48 849 734 553 237 -685 304 -34 -48 160]
[434 397 -157 -157 -358 293 110 522 -385 727 -276 -173 469 727 527 480 607 -202 303 -1011 661 -77 -460 -127 -190 -736 -42 -252 65 50 -43 -487 -521 -149 -36 -157 116 373 1035 -349 -107 642 953 40 68 657 315 229 445 47 -163 680 -167 -169 362 -393 26 226 -253 658 259 -747 299 -365 -249 21 220 -404 -274 255 485 -1394 -299 -885 4 84 890 -700 746 -13 398 -415 -183 286 -680 1147 713 27 -1140 189 17 180 838 390 926 460 -55 751 94 429 175 -37 385 325 -355 597 548 68 499 -573 320 -152 -198 349 473 -263 -585 196 784 23 1585 843 -832 -44 -71 -576 122]
[-530 -605 756 -1841 -643 -116 -78 607 -62 -340 527 -227 382 -71 760 73 654 337 1003 68 -593 -5 211 289 840 -265 131 473 -159 -75 431 -313 -96 -228 -2 140 -737 -31 145 153 1018 278 914 -365 -303 186 -472 -110 940 35 142 660 -112 351 -841 -422 -96 180 -273 20 574 224 357 -79 295 -479 -390 -768 381 144 -36 1137 -136 1287 148 -168 1065 811 18 20 589 -245 -416 -1215 -344 -143 -57 -1144 -588 155 -507 -149 -517 703 -831 211 -57 395 -669 528 -129 49 1255 776 -225 -602 -911 -236 -577 517 160 -227 -803 112 465 259 225 368 1404 727 -1138 -577 -287 402 -313 -640 -235]
[-856 535 408 188 42 341 333 311 -357 391 -753 -1 676 -138 -706 435 -64 -253 461 -475 -435 303 198 472 -97 -489 -540 -168 1006 1118 19 185 260 51 432 -197 424 1125 -643 -402 -1028 -90 626 -257 329 -575 565 822 -500 -128 372 -189 119 215 59 610 -84 -303 566 688 -245 -641 97 -614 78 264 334 -74 -1255 195 720 -1361 -79 248 569 -819 415 101 -476 5 -204 460 46 399 875 -85 -435 449 -597 -148 1427 -631 70 -12 430 -581 459 -3 260 -588 460 -212 112 -3 452 835 658 -73 -467 238 -56 242 -773 -387 555 -630 -362 263 507 -159 564 83 -606 198 248 264 -539]
[181 -337 134 239 -593 -247 -154 -494 268 89 -72 -859 -896 -511 -101 328 841 -30 -331 166 804 472 -114 113 292 1818 -440 -534 530 -229 302 -532 -874 516 270 -40 466 1069 280 339 392 203 -131 -10 -365 244 -824 229 367 -759 185 103 41 -296 -194 896 607 -1170 -248 -1123 400 304 -80 73 -710 402 -534 505 5 -246 -112 574 714 998 648 -703 41 74 1634 255 1033 -456 284 -402 -915 -891 199 -434 453 568 -511 236 576 -814 -696 -183 380 -570 -263 -129 -737 -421 -408 105 -110 471 -291 285 -53 -501 -749 -230 88 120 -126 688 -293 167 -991 535 -675 16 1039 442 267 -187 52]
[69 -581 326 -334 171 1170 186 253 -188 -865 -31 28 -298 -338 -722 -856 588 -18 -360 579 -481 267 -273 445 45 -36 348 -643 912 -519 236 -1 -1081 926 1282 -39 -1263 739 -894 -755 -198 139 152 -819 146 -727 539 943 419 -535 519 204 -426 -154 613 -858 74 -518 347 43 599 623 384 -923 -239 7 367 373 633 -190 826 418 -150 -203 741 -30 -2 -379 1057 176 1046 362 -1 -32 508 830 -1264 138 522 303 69 272 -358 -497 -20 -799 660 186 -10 -24 351 204 -977 194 -82 368 139 -108 -457 355 -1 -173 -91 -1108 -885 -885 -424 29 -34 935 -874 -165 -125 285 801 816 -362]
[-373 608 -921 -295 713 16 180 -293 -992 -523 10 829 226 109 -558 -503 118 -283 -668 176 135 -373 377 -22 718 568 160 -548 50 -887 -276 -648 -391 -780 386 -472 -145 786 665 132 917 368 1279 -689 -449 -420 115 1326 1445 -493 37 668 218 359 235 -670 213 -20 -842 -4 -214 50 -190 546 -326 562 540 508 431 81 -701 621 -564 -288 368 171 381 663 36 -241 221 -256 596 1201 -454 -263 -277 -158 287 333 3 -1351 -403 12 -255 -296 -362 64 -788 -747 -1273 -567 -471 212 -167 -1131 -86 -797 255 -414 -70 -283 33 84 114 -181 -665 -469 -207 433 -1043 82 43 -223 416 704 267]
[-38 -761 507 894 -153 102 541 -510 536 -865 -191 415 122 -742 -480 -175 -111 199 -10 -78 576 556 -617 558 293 139 -225 385 -566 -121 -463 -472 -339 232 -19 -918 389 -142 -449 -324 439 5 133 -467 183 98 235 -203 607 -420 -18 19 187 -88 -187 -449 -369 381 381 -250 187 -297 933 -286 113 257 491 -103 -318 5 188 -258 -494 -494 -221 -244 -319 -681 -503 -209 -436 -333 608 -29 -75 217 222 315 877 308 597 183 -103 746 297 -64 -612 659 357 266 -232 -53 -157 3 -439 213 -5 449 -457 208 308 -44 997 198 205 695 -604 -222 -465 -918 670 -196 706 296 -145 138 205]
[-508 776 -158 986 299 1 727 -194 286 -145 510 829 -855 -532 -267 31 74 -110 -926 -311 -1187 840 633 -731 -14 1047 16 64 -699 -241 -681 595 -18 -84 86 -229 -5 381 613 78 268 217 627 22 -110 73 -30 -602 440 583 -269 253 128 -51 -43 -433 555 -495 527 -472 -689 523 892 -433 -172 308 -200 480 654 -653 -203 -313 285 16 -537 -468 -739 59 49 -818 -190 -298 -69 -771 -513 -626 130 554 -978 -76 273 678 316 733 242 379 15 97 733 -345 226 108 532 -93 -391 -295 132 337 -7 302 -478 420 206 149 -191 -260 228 -275 184 -187 -145 1058 -185 -109 -456 -767 1126]
[482 -124 630 589 236 429 -333 -184 -148 468 284 -483 -288 -180 -279 761 78 -540 -391 217 262 -307 -93 859 205 734 181 -235 26 -29 420 822 95 -28 -381 815 -767 76 551 471 300 34 -87 185 445 41 278 207 662 -74 -929 264 409 -446 -50 -833 -448 90 573 -530 -210 459 355 -414 -58 479 -334 585 -180 -441 138 -361 132 -565 -130 -285 -390 -134 -140 -49 263 -348 -94 -60 282 -75 691 388 -547 -15 169 126 1160 -229 237 348 -298 403 191 -36 243 -391 -63 683 -884 930 66 -169 -444 -720 -134 -72 208 -157 256 -2 -606 546 765 -102 -415 -102 -328 110 290 168 182]
[-365 162 279 27 908 192 -630 -359 -359 -822 666 -256 -323 -490 774 -596 -745 1095 28 -181 -523 -791 -41 -483 521 -769 -131 252 220 -589 -9 -859 -270 -934 218 -215 379 -155 -670 180 137 339 -460 582 -612 433 88 727 -14 279 -301 -592 610 294 1110 -974 188 -127 221 -134 -130 -1378 -423 307 74 -620 943 -170 -252 766 -780 -114 170 -335 -45 190 182 -560 -132 -387 -27 -340 323 768 246 515 -33 -60 309 -866 356 -483 -646 -458 -250 327 392 -435 307 -414 937 157 169 -449 176 599 285 210 -369 147 -911 136 -435 -550 -743 -844 35 400 -32 -624 -303 -32 -352 12 -214 35 5]
[423 -220 457 352 616 366 -854 480 458 356 -107 669 296 597 480 254 466 -526 854 -86 131 622 -56 560 -92 -16 -292 816 4 -285 -990 -177 106 651 543 -193 -137 507 -237 -396 259 895 619 500 385 489 -237 549 716 255 53 -58 1308 702 187 702 793 452 282 -142 -400 -361 565 -148 156 -762 -145 -791 -1039 -96 257 -635 -2 253 10 -9 306 -3 -335 -63 656 -220 -780 203 -392 -117 -75 -928 -444 -150 110 510 772 30 -911 -647 16 159 396 -516 -261 -420 595 1387 -617 311 -4 131 -148 -491 -744 -437 234 659 677 183 -498 -807 -267 -322 819 -542 -302 27 368 -374 -297]
[-329 17 -143 -52 -1402 279 1039 -585 5 -33 1324 -17 -723 -295 382 836 -189 -375 -843 -1226 -572 -642 656 -554 -5 -236 130 148 188 380 1393 -652 -450 -594 -43 512 711 -119 258 545 -311 -95 -213 83 -244 240 -1133 -1137 -148 613 206 27 472 -298 -38 28 -331 228 19 374 -225 83 -467 1325 -188 -147 -279 -158 381 1306 -491 504 1116 -723 597 -235 67 690 -269 380 -437 529 37 909 -94 828 -444 253 409 -731 -231 -929 770 -302 702 93 -198 -113 456 285 210 -536 70 14 1218 1046 -1016 -488 199 275 668 49 448 251 -7 -101 -149 -868 -161 103 -679 -145 -926 -342 -1024 379 1]
[991 -178 -254 -809 168 326 -635 946 -186 26 75 526 867 474 -610 -134 -132 395 135 -199 -565 496 -839 -585 277 20 -236 -476 502 -326 -812 290 196 652 -735 -831 -334 82 262 -37 1 525 -289 24 -285 24 341 479 370 -446 236 588 428 -656 568 -460 39 156 -853 86 -238 703 771 -939 7 -212 319 -216 232 -1 224 147 -1361 417 -400 259 650 -791 -212 -1044 877 460 737 -414 34 -329 92 99 215 185 101 325 -115 202 -160 -742 210 545 679 540 -1202 326 1017 439 -211 318 398 -609 612 375 -226 -376 810 -496 -488 342 96 -217 789 201 360 109 -462 565 -229 -203 671]
[967 -954 -225 583 -1155 -112 -428 -1340 -838 -279 214 922 -677 -360 996 791 -230 1080 -56 230 -478 -171 -152 -44 484 -45 -163 457 -370 -908 165 -612 -512 -16 783 -26 -611 -561 227 -879 1087 393 91 9 52 509 438 585 315 -469 503 465 488 -473 37 -1083 292 -75 -252 197 -152 -1175 -604 374 -288 -957 559 430 52 -120 -390 -571 159 -1037 134 -506 812 -284 19 -533 604 -285 370 41 -168 677 -229 -77 550 203 74 -715 349 -516 -211 298 125 209 753 89 -64 -699 -1023 -329 -865 -109 -958 183 -457 489 414 26 624 -287 -190 -618 63 -122 -255 -8 332 506 818 -171 700 257 375]
[18 329 -428 118 586 330 69 80 -217 -627 1081 161 1091 599 -127 -459 566 -612 722 -293 -13 240 -177 1266 -82 -370 25 250 -254 -585 -120 356 661 -62 -193 -948 24 -1287 642 -12 399 -303 491 641 -235 -499 1059 455 -910 126 -527 824 13 -102 -224 -762 -974 453 -181 -714 149 566 795 -1002 -540 -797 -90 830 220 405 -196 160 516 366 -93 -672 -299 715 185 -126 659 123 489 -171 48 377 -185 -968 129 286 284 796 -723 666 -581 59 344 907 -480 -413 -698 255 -474 186 -66 -1391 -54 -208 163 -243 -740 -402 -785 62 895 352 142 19 365 -299 -713 264 113 -1040 -49 459 -993]
[-295 282 355 -457 -714 -537 468 247 233 -36 -323 -227 -371 -455 -426 74 -809 -54 285 -406 76 -679 -441 -557 658 -936 -13 -19 -211 -76 -316 16 -1201 549 -407 361 -4 418 404 267 -646 916 103 295 -256 -34 254 -148 -719 -424 -904 385 -210 404 -7 647 -341 468 -240 541 1003 -431 -641 -122 127 335 -401 -263 401 -152 180 -1175 -311 -1900 60 -750 276 -980 -331 593 -282 -356 9 1209 306 934 535 757 504 -314 174 -200 281 -987 730 -17 75 341 822 569 -609 313 -1069 -827 1305 -335 -223 367 785 -246 994 -843 -142 -241 690 -447 -284 -398 310 873 74 157 321 480 579 -174 -453]
[374 671 310 706 -665 -262 -489 113 453 434 -44 -353 -62 -411 213 -452 493 621 -79 -27 -296 996 795 76 -1062 507 -106 562 -58 196 427 -340 -607 -475 118 -87 -507 406 481 -14 -725 -48 1122 616 -55 -164 352 -124 -269 400 522 114 -659 406 -256 506 218 -205 595 -772 -286 239 192 671 -314 -51 -280 -207 128 -710 -613 165 -326 -23 613 283 -18 16 189 -625 -747 -766 -269 787 -890 772 -435 191 -302 7 597 -297 669 -493 -702 -68 -423 85 135 -584 -854 -737 -155 -167 -630 -163 469 -229 600 299 -1231 -632 -115 -124 -247 -314 348 167 -47 -300 -609 -175 1205 470 -241 287 255]
[360 -492 -121 510 -823 -121 223 -20 156 -683 428 -410 574 -473 -73 -113 -345 419 -299 -14 1236 514 -21 769 299 -485 212 -70 -111 62 -218 3 719 304 274 -458 -489 479 -1195 -399 38 -108 1199 228 -80 -35 686 -489 615 -497 -380 -271 -153 -472 467 553 103 14 1334 -338 -547 202 -150 488 71 110 1231 -55 -811 297 239 73 559 1159 -181 -668 24 -1 1028 306 -598 -29 550 -1263 -64 -1267 576 -463 113 -471 321 -337 -544 17 -423 -982 -661 -54 -28 555 -703 -180 -442 -110 45 463 307 -371 397 186 234 -256 461 -151 -100 1112 -117 -294 -413 -409 -480 -567 470 15 -418 502 -347]
]