[[-328 -412 131 -386 -450 -196 35 -93 46 -347 247 214 -520 -349 -287 698 -185 -101 -197 -98 349 -204 336 177 150 53 376 -311 230 -110 -211 688 270 188 -159 -368 88 341 -370 112 -46 -55 -104 -266 566 75 234 64 538 -232 -167 59 -254 -208 -399 -66 -526 -406 -22 -288 -123 36 287 -226 259 -6 643 -284 -6 100 -47 416 0 387 218 -194 -66 -233 103 -390 -195 288 496 -319 87 304 -75 208 -33 -72 20 -189 293 -242 435 456 -95 189 274 -403 -27 299 -259 356 -26 -175 -69 171 -348 650 -102 222 -152 137 -26 -79 -448 427 345 61 -704 64 61 293 -501 498 -576]
[-490 -167 -18 -474 -746 212 -95 -433 -1036 -38 656 -146 -202 -359 175 44 -347 167 283 -127 -90 -88 637 -59 -14 369 40 199 189 -193 28 -353 -240 28 -250 134 -516 110 -291 89 366 -246 -69 132 351 293 -38 183 299 -380 -169 129 -613 25 242 -113 -385 -605 -441 -203 553 66 -157 -842 174 71 349 368 -318 -43 -269 253 11 383 155 -423 278 -13 89 -96 295 243 -300 -22 -104 417 -76 433 330 -239 -159 -292 142 32 -138 223 -76 521 -257 515 -22 -103 -110 570 -737 293 16 107 16 559 58 516 351 316 -145 -18 305 -66 668 -128 516 65 -349 -59 -31 377 166]
[-358 428 -55 -234 -62 -24 20 -587 -201 506 551 -186 -74 -16 463 -363 287 107 577 285 -835 52 -553 -260 -48 528 -160 36 -281 174 -77 -5 152 -200 -70 -121 141 -84 -480 -101 618 -255 -205 604 -12 -6 -63 599 236 328 -265 56 226 524 -413 270 416 35 -592 -659 366 184 -398 -461 -206 -41 137 -112 374 435 -88 -636 9 -344 181 -90 -434 68 323 116 454 -181 -252 14 -542 507 -50 525 20 -64 -434 -77 -374 135 -457 -186 533 84 134 23 -560 -183 -46 -299 137 -51 -309 -165 -758 -472 137 448 -419 -121 -182 382 220 -215 -352 209 60 137 181 -190 406 273 165]
[252 -48 -290 11 -288 425 38 415 152 143 -1 -525 115 389 -62 -455 -324 -248 -161 182 22 228 697 -143 -449 -532 312 67 -372 -363 215 -609 -638 154 256 526 -346 261 810 502 -798 -354 -4 219 -492 -124 -374 -847 -384 -153 627 -554 -16 160 705 87 301 -244 288 -83 238 217 111 -182 295 248 -555 16 36 -180 131 -58 94 184 -568 -37 36 93 -200 530 -150 0 -300 451 78 60 -850 185 65 805 -198 52 207 68 169 306 -217 -457 -30 1133 8 -233 679 588 402 481 716 -119 71 -133 0 -296 -6 -99 395 -489 545 -135 -93 -79 712 27 -202 173 203 -138 598]
[-235 245 -7 -659 -513 129 479 618 195 471 0 263 -576 203 -555 -402 -449 -172 -370 -483 454 -126 -277 168 60 424 153 -331 -87 -295 -108 758 670 288 131 -268 83 114 185 377 -94 -231 -430 -31 66 -338 48 -453 -207 191 488 -219 278 87 -612 242 -177 154 294 -421 -43 -431 645 -6 282 124 383 137 123 152 -204 358 -82 159 418 -408 -461 164 -172 472 -142 617 360 217 -166 354 -173 69 52 894 157 218 -61 -135 499 435 413 -199 314 774 -529 -606 24 41 213 334 -333 78 -532 -54 269 -319 -287 382 75 -173 -415 103 -77 681 -462 275 -245 209 -281 -639 -78]
[-660 -234 598 56 853 -499 -84 -199 834 101 -176 -381 181 465 -232 619 34 -200 -587 183 31 -143 -68 295 73 321 -112 -572 -334 42 239 655 8 626 -220 -443 757 373 -198 309 -2 -325 -148 214 195 -834 -501 485 -148 3 226 -308 544 244 -465 267 40 -516 -502 -733 127 406 184 -70 187 -74 529 30 553 462 -50 -22 240 -187 -208 -689 -263 -521 377 -103 128 171 -19 -459 -93 -283 -574 341 -503 231 -130 133 289 -461 190 61 513 75 411 114 -531 91 -87 -704 -130 -301 -282 -270 -797 -71 81 -166 -546 407 148 692 8 165 -23 252 -893 -150 485 -154 92 851 -347]
[-478 -256 10 -333 841 -201 104 359 80 -528 -180 -406 -2 -115 -34 -197 -51 -74 196 -377 -203 11 -345 161 -274 71 -398 -416 -469 185 -33 -270 -90 -90 -78 -29 830 400 643 -165 -310 -639 -353 570 291 -238 -524 -360 181 205 -67 67 0 308 85 157 184 71 -596 -146 256 388 191 -134 249 133 69 -124 -213 -293 -288 218 -171 -88 130 -275 -126 214 320 336 -132 -282 201 -68 17 -14 -316 527 382 824 75 -202 200 -220 205 116 -218 -642 -959 308 -269 528 11 237 242 157 247 -487 -448 -75 706 -255 -353 188 85 407 498 161 258 -159 563 64 268 -351 485 274 28]
[-764 159 109 -78 725 -219 -61 462 419 -861 -405 288 230 -399 -929 556 -105 86 -209 -711 400 -442 -1093 514 348 -320 -245 -89 457 -22 -525 132 550 -499 -589 -460 756 530 -7 -2 -232 619 58 -443 264 -362 56 -951 -238 115 -70 -393 -75 429 -324 182 -517 406 298 250 -119 -99 -10 366 342 -278 -93 580 -44 -783 207 990 -303 -186 166 -25 749 -196 -230 -214 -108 402 254 -317 776 -404 504 -470 -392 -268 922 63 239 -436 638 151 -12 -334 -289 -746 334 897 -296 -183 -141 226 -507 -421 811 227 -55 -562 344 465 204 172 -266 182 411 163 -567 205 555 -505 45 -164 -147]
[-160 259 -166 405 270 -192 -266 -244 -326 -110 622 -446 620 -464 365 -158 371 527 -30 225 -247 458 -166 -76 -61 172 -351 375 666 -389 380 -332 -275 -324 -216 186 39 452 -386 -142 167 315 -245 543 65 205 -617 -250 -578 -241 -259 -636 -502 57 354 385 419 332 -379 -66 534 737 -983 -707 667 18 -951 729 -20 -177 340 216 -239 -452 -211 421 422 -424 612 -492 180 -311 -1180 269 170 138 -246 54 -45 -487 -115 -12 -293 316 -470 -431 342 -232 -811 202 86 487 852 -514 -339 68 -114 -664 260 607 280 384 213 189 -728 17 434 -365 146 -486 369 -8 357 -421 720 808 64]
[481 -891 -608 -870 -254 574 -18 -346 -124 -390 -196 75 -330 497 -122 393 -121 -267 146 370 -206 -749 501 379 -741 40 699 84 -156 8 231 -408 -383 528 496 352 -118 -50 255 79 133 -345 -445 -75 -1 -10 -140 761 223 -118 -99 319 699 200 216 -538 -101 -592 -510 57 494 92 123 -696 -304 41 331 -1315 2 387 -93 -345 271 563 -9 -302 70 658 90 -315 -18 -264 436 -598 -136 455 -464 388 80 -223 -94 25 -66 -345 150 483 -59 508 596 198 172 -252 -189 974 143 -403 547 218 -376 273 -8 121 -83 -113 -110 206 67 341 -200 -161 -382 254 2 -74 -592 278 -353]
[366 -980 -218 -265 236 -225 346 -249 656 -926 -527 -114 -639 -208 186 581 -429 -543 594 515 -187 326 -290 -219 -268 -1023 486 -625 -636 679 -823 269 -488 -304 189 -287 3 8 168 -329 -67 438 493 -136 172 71 398 146 1027 105 120 665 -47 -189 -372 -75 -398 167 -227 861 73 179 -110 -49 -19 -293 316 -1140 -556 55 -30 -193 109 135 460 491 -341 -94 -298 -283 -557 -535 385 -64 -189 141 -248 367 503 697 226 -176 -135 -187 136 513 -776 -244 -34 -506 658 99 -700 621 876 491 422 119 -566 -490 -27 298 -415 -943 -79 289 15 376 -417 -425 168 177 272 -266 -390 378 -248]
[393 83 -282 -193 -576 88 360 861 642 -47 67 160 37 -557 -239 -662 -192 -116 187 431 -29 549 271 424 223 -277 0 7 142 -472 -190 -424 -373 -36 77 18 -425 -36 667 195 -487 365 29 -292 -221 68 -31 -484 -748 -3 513 8 -206 -183 -200 252 -603 -46 504 411 422 236 315 -89 399 -31 -753 -51 364 -78 311 115 -273 202 -253 77 -87 -110 -1111 146 -129 -119 -238 936 22 165 -714 -403 391 570 446 202 -705 -632 465 296 188 -291 123 692 -295 -272 180 -52 128 394 -321 -558 -85 -451 76 -52 -141 -950 -210 -1040 2 -470 -430 518 169 -186 8 56 -684 -556 -174]
[551 360 57 297 88 150 -417 -265 318 540 -291 247 -158 -433 153 -95 416 -137 818 571 -654 101 -167 -455 862 -62 -168 33 -621 261 -465 -572 -236 -564 -218 -253 -536 10 193 -693 41 -349 287 -284 398 -154 33 -57 -86 116 -19 -343 -87 -4 -83 -156 23 263 -227 518 -371 320 -20 254 98 -615 -152 -148 -95 -141 1 -872 291 78 -343 -47 -22 277 -910 282 -360 -712 246 309 -479 491 158 -330 172 10 -489 -375 185 -174 -25 -102 -534 -346 125 -772 -295 378 -265 308 492 959 -194 -142 206 -488 329 -217 -314 -1076 37 -416 88 -138 -376 238 213 -358 -152 69 88 -248 676]
[228 -206 -86 -294 -181 565 -335 242 547 -882 -407 -303 -443 163 -743 695 -411 -434 75 -55 -91 -609 -25 193 34 -1107 308 -183 -506 -273 -547 240 -86 145 595 115 575 -340 839 386 -260 714 78 -937 -35 585 -276 -691 373 -661 823 88 -125 158 -37 -610 -467 -59 -70 593 -364 -160 -13 194 -47 -500 286 -370 -22 40 429 334 53 -34 16 396 378 37 -431 26 54 -370 218 -277 107 75 -547 -654 -566 293 519 -39 193 -247 818 570 151 -279 759 76 196 -491 359 228 332 -16 136 -84 369 -731 -16 -342 373 -334 214 -648 -175 62 -303 291 -21 -46 -283 117 -86 -32 354]
[-342 67 1092 -119 472 140 -36 196 -118 507 -680 -363 -362 830 -64 -337 -782 -200 -443 157 311 86 151 303 120 -30 -378 467 -446 -224 472 -402 -366 406 736 -72 274 -212 592 242 62 105 74 -137 -425 -441 -476 -600 98 273 874 -171 103 109 408 -132 47 -86 87 195 -345 -357 194 704 -350 451 119 746 -138 13 75 61 205 -96 -61 -831 -406 -231 -157 499 185 300 394 344 -110 -421 -592 195 805 838 271 261 1157 -47 192 370 108 -359 124 959 150 -337 191 374 5 971 402 491 -26 -728 -130 -228 595 -210 1011 431 430 -389 51 651 506 -483 -1181 740 474 -707 892]
[469 -186 647 271 508 -417 -3 -121 -395 -175 612 521 195 -1034 734 -458 223 699 805 764 352 456 27 510 350 769 -344 477 819 503 238 -182 22 -615 -62 -27 125 -698 -574 -779 118 38 149 676 197 111 81 104 537 794 -1268 1117 -365 -774 -94 489 357 -299 -1 242 -349 623 113 277 -102 -8 -290 -457 45 -61 -61 -258 -684 -219 222 110 -328 -331 107 -433 -73 30 422 56 470 611 398 564 1274 -565 -110 -761 -202 51 -679 -583 -232 -204 -893 -142 212 297 -221 -210 -317 -539 -121 -148 -721 380 -333 979 -388 -1089 121 232 -234 -344 244 480 292 -304 340 886 -224 799 -373]
[-728 -296 433 506 103 -571 527 228 494 212 -138 13 623 12 -499 -15 391 13 -702 -649 93 238 -88 402 263 250 -440 -235 -292 -200 -114 351 61 -127 -156 -186 314 159 197 -408 81 -663 -365 -116 35 -981 333 -208 -413 74 -266 -105 705 104 -151 496 -200 28 308 -836 -52 438 384 494 468 -182 -96 62 79 397 -732 -244 -155 292 -485 -211 -183 579 57 582 -275 575 -8 405 47 -629 247 -100 -65 445 40 79 150 -375 -329 -135 -514 -114 -52 -89 -905 39 -129 167 -593 497 -579 -367 -1168 245 -9 -620 -549 682 -32 197 -89 137 -272 638 -163 -373 207 -177 46 -773 -615]
[-93 448 -570 -264 256 -375 -621 616 29 91 -739 124 -169 -173 29 288 178 -259 582 -543 187 -105 5 -849 501 -20 -733 -951 -611 653 -282 733 329 -174 -583 -352 619 -193 -158 127 -239 175 208 -128 369 93 -18 -146 558 6 -541 261 -134 -765 -106 -580 345 35 99 960 -364 -389 -8 362 -174 -375 906 535 -203 -402 -258 557 -275 -174 184 480 -419 325 -38 1009 -64 -229 176 -985 -331 -145 451 -302 8 605 274 -444 -72 229 -91 147 291 -100 -717 -486 93 163 -466 -949 172 -302 -232 355 849 -286 625 198 -669 -1 483 -359 -1039 264 124 -87 115 303 55 -310 304 175 447]
[857 2 681 715 177 -264 -160 335 381 -27 -9 -649 425 -206 -121 201 683 -17 307 29 -195 -489 889 289 586 464 330 -485 76 670 294 142 -414 361 -500 470 130 -259 586 -80 -512 -766 335 -136 718 96 -330 -137 -178 -586 77 -16 -623 -311 831 70 -457 -317 -422 -121 -506 193 914 696 494 -124 -29 -398 -390 41 -206 -241 116 348 -1235 -851 972 -389 175 709 55 -562 146 222 -180 -182 84 -149 98 100 -1095 -297 663 -353 164 -306 -865 -417 6 206 -731 682 283 132 96 -620 29 -424 -64 369 118 -617 -406 20 -13 -535 602 -635 597 -327 405 -300 456 466 -436 785 205]
[-67 -557 525 300 195 98 -178 -1170 -109 593 -159 -395 539 507 220 227 -5 284 -325 -319 95 -133 396 -325 368 13 -484 -396 -811 671 197 -55 185 556 102 -33 -193 -437 188 -429 -33 -491 15 123 -375 -378 176 -43 -321 -417 114 769 53 -418 73 -442 -76 -859 -167 -217 -178 305 236 16 -378 -79 748 670 -34 54 -538 -703 -154 -254 -63 -360 116 224 -667 277 -70 117 408 456 412 -454 -293 292 -84 391 158 -647 300 325 -11 -518 184 805 -218 320 -179 -522 -483 -48 -775 -73 -70 -58 -438 -1107 -210 91 -79 -89 210 248 419 216 461 209 878 -907 -1000 43 309 -68 -22]
[337 356 368 834 317 -391 -450 574 -351 234 -889 -670 223 -44 115 -113 351 -215 -401 367 48 434 671 -208 981 -335 -882 -93 -410 -250 515 -195 -701 -318 -134 19 -208 -396 444 -440 -84 -446 -34 -496 340 179 -167 427 325 44 547 -101 -75 -500 474 -401 248 777 424 862 -583 236 -226 932 -513 -265 212 689 -604 284 -171 -223 424 349 -73 -35 -600 48 498 609 -485 -814 -225 -104 -852 -586 37 -134 196 -469 273 59 -91 223 -779 -340 -390 -208 -740 -1100 64 522 -174 81 -69 101 317 434 245 553 40 -487 136 -202 514 -277 -17 -157 -331 -376 22 348 54 170 272 -516 315]
[453 475 444 1190 203 -553 -626 37 168 70 -761 -242 13 114 -102 33 656 22 -338 -238 31 -293 -14 -72 463 -28 -2 -567 -95 255 526 580 -622 -288 -48 284 435 171 -738 338 -136 -317 74 -455 -5 163 -308 568 434 -110 20 362 -152 -654 718 78 373 -149 35 205 -429 -300 -75 516 -250 -19 253 33 229 155 195 -52 378 -466 -474 -231 404 -103 952 -241 -461 -143 -393 -1461 -822 -726 274 -168 -670 -709 -369 96 -53 280 -254 -165 133 360 811 -483 161 -151 283 -455 299 -695 453 726 580 968 -305 113 76 609 244 2 -241 25 34 212 -512 100 417 487 323 575 440]
[296 -100 117 420 1026 -43 109 298 -893 -171 -362 914 196 -516 -276 -653 518 601 63 -170 156 122 291 658 -253 986 -918 1194 343 -420 670 -737 -938 -331 81 -149 163 175 145 -1151 326 -180 -230 295 98 -663 -285 255 -664 729 -1317 109 779 -143 592 -102 921 -31 -438 251 597 508 -143 -20 163 592 -319 707 -248 -105 -18 485 196 -63 246 162 -346 664 372 -310 -361 198 -652 -195 224 114 378 -7 130 -50 127 -44 -230 -355 -177 -184 -368 306 -729 695 -74 -146 -51 -56 -536 610 -531 -71 490 701 1160 310 1 -13 -438 557 -215 347 -28 519 602 -198 39 -574 379 309 -330]
[-217 94 361 305 -50 -66 -320 -748 -198 1251 -279 -316 -451 664 399 -59 166 374 -460 -346 -271 151 -495 -399 554 -167 -1001 -350 -267 -43 56 752 565 269 33 -314 -429 -186 -747 61 346 405 -570 -394 388 132 -729 1007 -311 -893 985 -79 -41 -566 -223 -105 315 60 -19 342 608 245 -230 -718 243 -355 693 1494 -151 -16 -758 66 307 -199 117 -107 -71 98 449 -89 423 -8 -1106 30 -698 -213 -529 -364 -288 26 429 205 -14 689 -895 -131 924 965 -5 -137 165 -544 362 -716 -821 799 -571 -200 275 -261 146 315 360 1489 -480 -17 155 -437 -25 59 390 116 -807 -517 211 -466 499]
[-119 -10 235 -518 644 258 302 -755 -728 289 -390 418 -456 677 324 -410 -51 126 540 650 88 339 -341 17 -6 403 -895 358 -192 932 568 -143 100 399 430 -181 46 -395 239 -355 702 74 281 261 543 -607 -497 607 115 483 181 653 104 -103 -265 -368 -376 480 -587 212 132 -72 206 -485 -88 34 897 635 -487 198 -682 -178 190 -401 688 -398 -641 -268 -57 -151 589 -559 58 1044 -188 11 -426 545 401 606 370 173 358 15 -685 -64 112 385 -508 575 -353 226 -587 -229 -1035 779 -1042 -349 -268 -1532 917 533 -156 -270 -315 313 382 -289 711 322 502 -119 -890 -207 348 -78 -188]
[-251 -413 652 319 77 49 562 156 828 112 422 18 87 222 530 234 -753 -541 -651 170 449 1077 -90 844 -76 -243 46 413 333 -311 -611 9 192 163 -355 -621 -232 111 -50 407 -613 412 -269 609 -804 -894 88 -317 -1046 -122 55 -635 668 -38 -282 774 636 -894 944 -523 -271 538 657 341 210 -276 -301 318 350 -697 346 15 69 -93 -349 100 -465 -263 -847 -313 48 724 -285 173 1071 152 -673 -58 -65 557 255 -235 335 -611 669 -351 27 220 580 346 425 -362 243 -417 456 497 -49 -460 -352 -35 -1091 20 604 536 879 235 55 76 -47 973 80 -509 126 420 -563 59 428]
[-529 -483 -345 364 -294 214 393 342 206 -735 -88 -79 -288 345 -196 40 -167 -249 -331 -431 81 70 -328 796 -388 -69 -295 -162 -387 -215 -201 -493 73 -233 144 558 -64 -214 646 -165 18 -386 -178 457 -445 -209 16 154 715 794 -268 348 645 340 15 -33 267 -196 648 -65 116 209 370 235 -674 -126 432 -679 90 -270 -379 631 -108 635 -383 167 -548 625 518 246 4 891 256 -963 24 143 171 396 243 -519 734 -359 509 -190 -607 7 -270 -221 -617 -465 -121 760 -340 1239 207 -258 635 353 -124 863 -759 -273 557 560 767 253 -58 73 353 160 -141 -56 155 150 -350 -1172 -332]
[220 974 460 367 124 401 116 396 87 1566 383 93 -715 456 787 -224 -707 -422 -219 395 238 433 -83 -953 -233 -77 168 1 156 -9 -745 649 1103 77 -194 108 -788 -190 -182 583 85 -542 158 315 393 -79 -564 110 -183 -270 909 -620 -298 247 -114 404 108 275 -413 116 -540 -430 571 -275 824 -322 -483 401 -407 -241 -294 -116 -39 -383 -83 190 168 -775 -264 3 597 -473 -192 565 314 277 4 -660 -190 695 -1063 129 137 160 329 -511 -45 -539 314 1121 -291 -440 1062 -1185 90 408 -1035 -534 730 -252 874 -37 227 642 -382 -583 202 -106 -261 27 354 330 -3 14 640 -59 554]
[-518 -191 -139 -644 155 174 213 244 -488 -1058 -319 -610 501 -24 490 2 -848 -369 -527 -645 216 463 -88 159 119 85 -136 45 -350 22 -412 -366 -463 -271 -278 485 -50 277 296 738 -424 39 -426 -109 -173 -339 -140 128 -249 -646 1182 232 -90 -320 233 -239 -130 -412 457 -483 8 -114 20 -397 -289 -390 121 807 -28 -635 -271 -229 291 -190 438 -52 -263 104 -404 308 102 94 -510 -55 -77 -787 -540 502 32 324 526 293 -241 -120 393 -34 419 -141 -562 208 348 -813 -553 117 -872 181 8 -180 334 -512 -160 -239 663 435 347 -147 160 -290 746 -442 486 -17 538 -197 -15 193 726]
[-49 234 -417 190 -327 204 622 -572 338 285 -497 -187 -135 1047 493 -47 174 187 -507 -22 -37 278 -750 -287 375 121 305 -291 -634 63 366 -76 -16 232 230 807 -1112 142 272 -197 -379 211 554 234 -776 -656 310 -115 -210 69 630 -292 438 -449 -177 -188 619 568 449 -96 -336 -766 -176 716 -767 463 142 -241 270 191 721 -730 568 85 293 264 -450 -800 -398 115 -282 -6 72 492 -310 -300 397 417 -135 -73 -981 431 515 300 -478 -491 7 -801 311 -559 377 56 -488 180 729 -271 740 691 236 -654 -494 -828 307 -360 -20 418 244 -423 -324 -512 -183 152 -256 102 -56 -477 -58]
[811 -627 40 1212 -49 -5 -312 -557 288 -574 248 17 352 -603 193 867 -168 -30 -360 159 163 935 -410 -253 500 -981 196 -997 470 -221 -414 141 133 -215 -161 -269 -388 461 -349 171 34 -246 395 -767 57 687 -447 -32 -515 -925 432 3 -887 -510 -98 293 -591 -255 110 333 -694 717 -704 -371 621 -1074 -383 -349 98 -73 -307 -166 217 -139 -576 133 294 -156 -523 -941 -844 -72 -514 -230 183 194 83 -1295 -1016 -540 401 -282 -647 74 148 -85 -81 872 490 -232 111 -250 129 -728 -707 1041 371 -335 -363 -41 -726 521 -220 -163 -622 -720 104 792 320 160 -609 -946 -348 335 -152 365 -19]
[-250 -503 -19 563 196 55 -319 273 1052 -639 -551 893 -50 -413 -832 -11 -125 -181 462 -170 38 -232 -461 501 -285 -457 -348 -369 -288 -448 127 203 -344 115 786 -806 344 116 -223 -392 -208 1274 94 -581 -221 50 -187 -398 -83 586 -351 103 4 2 -138 1016 -492 393 195 841 749 661 376 74 637 -304 -729 221 218 75 260 884 -628 -30 -46 602 276 760 343 -286 -912 767 -496 -48 -432 213 -257 -431 642 260 912 -46 -262 299 -343 1042 -145 -94 -299 -17 199 -451 416 426 372 427 344 -87 -132 451 291 -276 -86 -29 -258 -258 -690 -675 -606 426 -422 -803 -900 -231 -13 -618 -233]
[55 -339 782 808 32 -976 415 -167 984 0 396 -49 71 306 -139 262 -138 123 -396 160 33 1270 748 949 744 -240 -59 -689 -60 -19 -136 539 -272 475 -173 -211 285 166 136 -357 -407 184 628 474 -229 68 -215 176 410 6 -91 358 373 -560 -631 492 -2 -617 587 -522 -48 508 1093 541 311 -2 583 -663 354 202 -69 -351 451 -88 -533 -246 100 -670 -319 -713 181 448 -218 200 188 -414 -429 294 68 -84 138 -168 740 -672 -415 -506 -896 520 1147 -71 -209 312 71 -43 110 -339 257 228 -1286 -143 -1138 -116 -491 258 -29 810 651 -77 -122 661 255 -475 -380 615 -1248 128 -615]
[130 58 234 655 291 -551 -164 -135 -332 -364 -263 -442 311 -606 604 -238 -49 -163 -116 1166 -371 1220 20 249 450 1148 -296 -639 399 224 182 -226 -645 -168 -599 -117 55 461 -564 -23 651 -179 -209 678 -924 237 -960 543 -399 906 1 -93 -84 94 -44 492 165 -865 -206 398 224 558 -421 -176 -833 -305 -800 194 366 -245 61 -162 -285 -543 -675 -424 -211 -558 655 160 48 305 -500 -491 -619 -61 -418 672 1459 -805 258 -610 -1043 -232 -423 112 474 367 -563 217 -122 -55 -696 -920 -63 -567 292 719 -319 460 -481 1025 -486 -666 629 185 434 -710 472 -230 -721 -424 559 363 -166 977 444]
[648 -1154 -750 -323 -984 -167 469 142 -1175 -673 339 -450 -274 231 411 -578 -46 786 -146 -434 688 1116 -563 -178 -219 -554 -101 -605 -40 330 190 450 -161 -603 384 1127 -133 -145 508 -204 -526 489 -170 66 -183 548 -397 -726 543 -76 785 181 -203 -1228 223 119 67 316 697 634 -33 -189 -672 -20 -48 89 17 -520 -496 -589 -677 325 146 326 369 410 -201 -374 659 68 -177 -293 -982 265 -115 165 86 47 696 298 288 41 -195 431 -817 368 -357 -520 -557 392 705 -583 -191 436 -488 713 381 -361 -522 310 -572 -151 -22 594 -96 -164 521 -345 264 287 289 788 531 488 -590 -225 302]
[223 -426 1467 521 627 -805 -291 309 113 415 -62 -205 337 -549 109 -70 -138 272 -1111 -461 162 223 -585 181 1041 -428 -596 362 321 -571 -140 -11 337 -120 -485 -642 -549 951 -632 -205 345 -220 13 -770 778 -482 405 -643 -84 -597 777 -275 -403 -213 -295 -40 -408 336 441 -2 218 516 -586 -4 544 858 -155 1631 -201 -587 147 145 -339 336 397 -688 -177 -567 -448 -690 -758 371 282 349 189 -692 -84 64 343 -176 697 455 130 -51 767 82 -63 -284 -861 -669 315 509 -730 429 -182 1700 -223 -23 668 401 -107 -17 301 -561 -784 476 172 724 211 275 126 -106 454 -574 297 -494 -921]
[232 -85 -648 25 -111 220 -711 670 449 716 963 -831 404 -222 378 -634 378 208 183 297 -550 129 137 -262 -227 -99 -594 126 -634 -555 -164 4 168 -527 777 138 358 -969 714 -833 606 -765 -68 344 614 26 -389 -535 -43 -139 -317 -269 36 -176 -477 -562 -93 540 -969 916 -4 687 -784 7 445 -384 -198 -612 418 231 -132 -280 -760 470 119 405 -412 474 -574 425 156 -1160 197 -594 -481 1140 501 -632 316 39 -259 -269 -663 261 -290 -331 56 -941 -679 497 -794 -384 1071 -294 178 -77 -204 -840 -753 55 610 -650 -271 -693 -478 -9 -833 235 -428 776 166 302 644 -47 735 -508 -12]
[134 -23 42 -87 68 -201 170 289 183 313 160 81 -9 277 706 147 -508 -277 -152 -503 -349 197 254 -864 -649 -175 -421 -746 -966 379 -142 173 796 306 157 39 859 267 878 -361 -517 -276 227 617 -1147 749 -239 -39 234 456 456 -244 570 126 -209 -124 119 -774 256 103 -224 -169 123 446 -186 258 122 -653 564 -202 -237 17 -65 -878 144 451 -291 150 -388 815 227 -487 323 587 398 -365 -722 -576 647 703 340 267 35 -458 828 196 465 -338 97 766 -627 -144 339 -591 789 -496 -148 -33 87 -1357 548 26 -125 -311 248 -368 541 163 -464 -665 671 -515 -897 16 342 -719 276]
[533 27 1012 -228 -348 -505 298 -27 704 443 -516 -390 -711 47 -49 569 85 -324 -689 304 336 -443 -727 166 614 -247 106 -553 863 899 621 526 315 26 -820 -807 -94 436 -352 742 -32 -34 343 -386 209 -158 744 -73 -52 -70 137 -421 -713 -442 -283 -3 -122 118 707 242 -98 -447 -683 888 763 38 767 352 -205 -29 252 409 359 67 -10 -1266 280 -576 -510 459 -444 203 618 395 303 -102 78 -150 224 363 211 337 371 -168 298 75 272 361 0 116 1256 1106 -597 -382 885 984 261 1262 -65 -98 -1051 549 -6 -200 1002 381 -185 365 404 -169 -391 497 -210 47 -199 -388 559]
[76 41 -1039 -518 -223 406 101 -412 319 -591 -600 -60 80 -40 -974 242 135 277 -224 -546 699 -221 -1096 73 71 -33 -426 -464 -310 530 250 -274 -37 -49 169 -176 400 -258 954 -665 172 353 -134 22 68 -753 -185 -983 -724 -348 -613 -415 401 -399 -86 -568 521 464 -268 859 191 236 -1220 -589 755 -521 698 -28 -90 239 564 519 -8 -155 754 686 80 729 -674 228 -656 36 -379 -441 -465 460 -224 -798 -894 1117 525 219 -523 -344 -56 442 5 132 -387 453 -12 -84 130 394 679 674 -200 224 -122 -414 936 -291 40 -250 -468 219 -635 391 352 275 408 -152 -505 -402 790 -281 189]
[-352 -293 532 -562 533 -328 404 62 169 -1077 -738 -150 296 52 -59 25 423 -344 286 964 -196 21 104 1493 -125 -45 180 805 944 342 494 146 -738 -205 -83 -925 725 764 -416 179 -311 1027 -1 -483 -597 -1043 -103 432 -508 -86 -453 -281 308 -228 196 -65 357 332 816 662 215 158 -231 -79 -218 97 -199 -145 -180 -253 1026 524 -21 -144 590 429 186 -515 529 -291 -18 -296 5 -73 -541 -616 -842 360 720 205 183 808 -602 -106 278 690 -137 283 615 -245 485 335 -368 -529 726 -1029 131 459 362 495 134 680 476 -229 194 569 -511 -645 198 -337 -572 648 1219 -199 74 1197 99]
[-481 -224 -823 79 -34 247 -162 -332 -165 -716 -283 -103 395 -394 422 891 -201 -635 635 120 269 280 747 -44 279 -228 -324 64 478 -590 -181 -739 -503 -682 -403 -880 -710 218 -339 -845 174 -140 43 -217 346 442 559 -178 -75 -91 -770 216 360 61 -63 -20 -822 431 74 832 -289 542 -266 51 349 -776 360 89 -549 113 -373 -447 401 282 374 52 210 1343 -911 -3 -757 -340 203 241 822 324 488 752 419 -1273 636 -373 251 -264 -160 -300 -1248 1090 -501 -800 1030 439 -299 1235 -348 399 406 516 -445 722 -536 -58 247 137 378 250 -578 954 234 -476 571 767 -1044 -541 -306 -189 115]
[55 -134 896 333 238 -563 -7 184 -121 1033 317 -698 726 428 -95 -191 -663 22 -511 405 140 1289 514 -271 161 -921 3 354 115 -856 82 -26 -59 27 -477 -964 -198 699 -303 525 -281 862 -34 265 -614 -851 -55 -724 -724 -866 111 -1979 167 -349 -8 600 720 -21 1249 426 -265 863 -679 -323 665 -377 -384 691 63 -329 37 171 465 -28 85 852 -390 -237 -359 -99 -420 371 -808 87 -338 -15 -501 -706 -177 355 444 548 314 526 -404 -180 -231 -97 289 -218 290 -379 793 -206 459 2144 1005 -75 89 617 -653 -271 -167 143 -146 712 405 175 -168 -289 275 -453 -298 96 31 -422 823]
[-950 645 -814 -228 521 -181 50 50 584 -138 222 436 -358 -32 201 -1010 56 -183 523 121 -501 726 -326 -519 -79 -625 465 511 -1277 -57 -721 -323 -1032 -914 -84 0 533 523 214 322 -166 -101 976 493 -343 -688 174 -303 129 668 337 -368 -293 121 -356 -143 314 475 430 -584 -270 -672 239 174 -911 694 188 52 661 -633 729 1 463 262 938 229 -1296 -415 -721 -4 198 55 -7 -73 -278 -383 302 -30 -823 1353 -173 26 211 366 126 -80 -52 -604 170 -338 5 257 -626 -770 498 631 -240 -268 192 -1272 380 -204 -195 -598 179 295 -129 140 28 655 -314 140 715 -75 358 -82 644]
[-356 160 1017 196 -167 346 -142 -565 306 -514 -799 538 -146 679 -1250 510 -88 -182 -996 -414 82 -666 -905 519 -299 -581 -71 130 -187 354 563 35 502 773 457 495 585 -423 578 269 712 512 -437 -405 -382 -284 -147 -183 -261 -138 129 105 520 717 -829 -326 -300 -680 38 -29 226 -259 -511 817 -168 -661 59 303 263 307 37 294 183 -807 423 11 909 -236 193 -378 -456 690 132 -156 -260 -870 -35 -168 -909 -1092 600 474 -162 -356 -260 -169 348 -59 180 -569 116 -625 -197 -5 -416 128 393 643 337 -440 -364 -401 653 272 654 227 425 -201 472 334 -802 -407 -587 -456 114 -640 19]
[-170 -281 189 -1538 586 46 -5 473 -203 363 -570 -225 -301 403 -442 251 -718 -393 -406 874 -223 479 808 754 580 115 -355 -209 257 -955 673 -55 -873 323 52 -435 351 369 42 457 -158 -360 178 -401 397 15 -475 507 -170 -64 103 -552 -296 -713 -331 400 -570 45 -19 357 305 296 916 204 201 -615 710 233 -155 361 -584 129 271 1615 60 -1089 -354 59 -255 324 149 -478 404 215 -385 -59 516 -107 1229 99 70 171 531 -114 -1043 73 -237 351 70 229 536 352 -323 -133 -1088 383 245 376 -1045 260 -361 -751 -799 555 257 755 -124 -737 -431 7 -763 574 -837 195 -807 -314 -9]
[-184 488 531 334 25 324 294 -375 242 1028 727 0 -527 494 17 -591 230 583 46 -195 1515 349 -307 -266 -12 167 477 -799 -386 118 604 803 367 40 -374 -79 -465 -741 -520 -827 -643 -84 1026 252 483 -674 371 703 -103 379 -201 263 162 -872 -841 854 324 -101 472 197 -390 175 543 283 -293 443 1208 -426 560 324 -247 537 899 918 1378 -144 -1019 -817 152 27 -530 750 135 -327 -739 544 413 256 -1062 217 -735 405 166 435 -371 -532 86 646 229 109 -354 -458 -392 228 375 -160 67 -277 -948 828 19 -775 -326 786 57 484 -239 -379 409 209 -130 417 -431 762 -400 -69 46]
[240 -344 -1095 -603 -822 -824 564 942 -413 -612 -397 50 1 273 151 226 -972 -757 214 -814 1145 -229 426 -118 22 677 664 -911 -369 608 95 511 -624 -70 -610 385 -307 -323 -208 829 -397 166 121 622 -60 -1000 1029 97 471 412 728 398 699 -459 707 1081 -727 502 148 301 -539 -1154 669 -67 -149 -30 1009 -444 -408 339 73 330 182 243 853 -823 -302 -8 -64 437 -509 4 -563 -487 -119 -229 460 551 303 327 58 675 -300 -424 -270 795 -206 -188 164 -10 248 -437 -448 393 311 -626 115 250 -234 807 -515 -484 386 1022 177 332 -593 312 42 -245 -421 845 205 -1 -806 333 89]
[642 -840 644 -78 400 -709 -229 -131 -473 -196 430 356 385 439 142 440 -497 192 -667 -676 233 18 739 44 -693 -323 -153 765 147 42 851 -75 -404 687 133 150 1084 -345 248 -633 855 1086 118 542 -219 714 378 -178 160 -455 -419 416 -207 30 238 247 -670 654 -239 381 302 -130 -180 845 698 666 -57 682 -947 -21 777 348 -177 -334 982 -94 618 -91 311 -590 -236 -1064 -374 1073 920 -1224 447 -367 402 116 210 426 505 -517 -320 -450 -695 256 -906 66 404 583 190 -75 -309 83 -400 -224 -390 -150 563 -173 519 171 -750 828 869 -292 -404 -856 743 -305 -1142 -482 -240 250 -679]
[407 -519 -269 -345 -107 -210 -376 465 335 -681 -226 -801 72 -317 -443 764 -46 -924 -6 87 182 28 658 -288 -194 138 274 332 -246 66 -9 -444 -1040 847 455 -551 479 -556 283 -182 492 875 -237 39 349 -146 410 -31 -803 -454 335 -1195 16 379 487 -681 -194 348 -962 279 63 -57 -1272 97 31 -85 -826 -184 -682 702 429 -132 602 745 -922 -756 -155 -139 -311 89 517 -360 -1064 -136 -574 115 -831 -743 -657 331 385 417 -106 -901 471 806 182 -12 920 -381 -151 -358 100 461 477 919 83 -321 -318 -440 -312 -580 483 -215 292 -195 354 94 -465 -509 139 -754 -85 -385 -24 600 1242]
[-1368 244 -137 664 -626 371 -468 -851 448 -516 209 -745 686 123 289 -16 625 -268 95 -687 -1232 -14 743 -365 292 107 -348 6 -1004 -424 -464 273 -909 226 177 313 -78 161 -493 -205 -205 257 299 -12 -271 598 -6 -316 422 -366 -59 87 -184 -107 628 -394 -533 -1298 -153 -831 566 348 273 235 -1287 841 451 686 1176 -26 708 -372 -435 144 -573 77 62 -37 -98 277 822 141 -750 -764 -450 -559 -492 733 -587 -592 458 -218 278 -2 95 14 219 200 917 -511 -464 -399 -335 401 -256 -678 -168 72 131 -388 -612 -497 212 669 -16 -586 360 -758 504 444 408 -132 -27 -527 -28 555 -56]
[248 284 -609 102 261 -378 212 304 483 315 -884 -241 544 161 -300 1000 -385 -55 -511 -244 -83 -294 -135 -5 -70 -25 19 413 309 -193 133 325 -522 -788 243 103 71 419 -208 109 53 -88 722 -735 251 -193 226 -319 -183 -43 -250 -100 595 -78 118 -476 224 280 -100 61 340 -1 -400 363 1055 -548 393 730 -487 97 -339 -64 734 -354 -1393 438 148 471 -124 375 159 -275 -452 -690 222 72 585 -167 -207 -42 -468 175 728 -391 -315 -271 -444 220 764 1307 -8 -201 586 -93 -803 743 -940 142 532 -309 232 -153 -109 -170 -120 96 -970 590 -1049 222 -114 645 210 -223 -67 203 181]
[-732 -148 -126 -557 4 1074 317 294 -631 -110 710 520 -247 71 -294 -476 120 399 -73 -44 485 -283 -20 -350 -485 82 -140 -92 163 -792 329 -350 374 -285 -485 100 -787 835 877 -93 -1075 -1201 952 -67 -17 421 -78 -459 -634 603 510 -543 -532 480 -526 165 80 185 -211 91 16 16 467 -169 -59 -190 644 136 -136 -714 -760 1037 656 -206 271 -900 -47 -360 1 380 54 121 135 419 523 899 -184 13 -550 -159 -249 475 156 13 621 263 -648 291 -414 1063 -161 295 -662 163 -1048 841 -87 -126 248 237 884 -539 180 1352 934 -672 502 629 1001 -654 -181 775 -73 -380 -67 288 195]
[457 -258 -136 429 108 453 413 323 -115 170 -644 1120 -411 673 -9 67 165 -1151 -633 825 223 805 -297 -271 121 -555 -502 662 -6 47 -917 -175 227 495 -527 -430 -1191 -117 164 170 -227 -340 291 -640 226 -771 -195 292 -660 -211 499 -663 779 476 390 102 335 596 126 -61 -281 -585 194 352 -547 -164 637 188 -154 136 346 -73 174 511 40 196 -791 -581 -310 -375 -23 -177 -209 32 49 -816 482 -905 -1212 284 -212 439 -470 -973 -402 515 -402 314 1013 -802 -107 -352 -732 -770 97 1063 -777 532 530 -919 269 -357 312 978 -86 -138 -204 556 -332 -72 -584 488 370 -525 -134 35 -38]
[328 -126 -700 -653 247 798 -261 144 -66 14 -214 218 -106 -233 873 -124 148 -199 420 373 204 -148 -347 -275 -256 -160 219 151 888 -131 -808 -9 457 -675 -470 158 -384 451 -282 -277 -142 -88 -812 -354 38 364 -820 -704 -858 260 222 -332 705 786 77 -483 813 -135 -661 1253 100 336 -303 -29 231 138 -930 176 88 -705 18 80 -598 -304 554 23 127 641 -446 613 -389 16 753 251 1287 530 -130 652 872 367 613 -425 -616 -100 687 322 767 -421 -913 765 1551 272 402 -716 88 645 -54 160 316 -141 513 662 -217 93 167 -355 -145 401 -71 -97 300 927 -75 -689 95 238 831]
[-746 491 -46 51 483 607 653 -788 -31 823 109 191 272 867 671 252 -184 -102 45 -111 -691 1307 -632 177 262 440 -570 162 -377 -613 647 -336 590 232 140 -1003 -7 530 -333 -742 715 -125 580 554 -734 -704 -355 336 -1515 -114 81 -1635 759 495 -923 154 415 45 541 -286 663 237 -122 -32 228 6 372 218 -288 67 -311 -203 901 240 15 -64 -921 67 -298 630 225 75 -403 426 -373 499 574 -183 248 103 -512 515 630 113 -681 -188 119 1133 427 215 -1248 314 -227 -642 -43 913 274 -126 -66 -279 111 -96 188 148 -175 1150 345 -108 151 -37 -470 394 -897 -355 235 -598 340]
[239 525 1152 -102 -327 366 -393 67 558 470 218 257 -425 341 113 -1129 271 -155 908 189 -1145 -616 -565 -149 472 -746 -146 -269 -253 -376 -389 -354 713 -391 488 154 192 426 674 291 -401 -992 -16 -345 -747 670 -440 -325 398 1018 487 110 -99 1160 -700 528 884 359 491 179 -815 312 599 279 -729 -514 -165 -641 351 -516 -121 115 -104 12 -93 -687 -282 801 -19 928 -89 -95 813 568 -293 680 -288 -125 209 -464 -15 -73 268 103 2 -53 35 -776 222 83 -450 219 -105 377 580 204 338 -33 -436 -413 213 34 -221 -13 406 -849 550 -482 -830 940 125 123 -533 66 -69 -978 975]
[164 -126 -340 -600 -1187 -150 169 -364 -404 162 95 174 -499 -287 869 -198 341 88 1048 -340 -1217 -229 897 -560 599 583 -116 -23 29 308 -25 150 -468 19 -73 -474 -481 706 -482 -367 -272 -189 490 -55 270 465 668 444 615 437 4 -12 -2 -168 -252 -239 95 -447 -488 -351 540 -329 450 505 58 691 14 212 493 139 103 -586 434 192 -46 -1631 61 -133 -786 395 248 -431 -89 812 -752 1040 -63 823 1268 -70 -915 138 -112 -35 505 556 -523 -130 986 147 539 172 -468 288 551 13 -13 634 -219 -994 -120 407 -766 -725 249 -276 -143 -259 -201 323 587 813 15 -226 -693 609 408]
[133 247 -130 -1125 913 270 211 197 547 156 -705 -13 627 681 -716 411 -533 -981 -34 -326 -362 -223 -623 -539 -61 -421 391 -853 195 339 41 638 1593 1229 -632 -1080 263 816 118 418 -48 -534 377 -318 497 553 382 -615 -882 -262 612 -746 -363 538 -994 154 -702 186 167 112 -316 -357 606 518 -67 -537 445 298 -356 -360 -551 146 -91 -366 278 -559 359 -229 -186 315 -438 159 891 275 -626 115 -193 83 -88 -365 341 738 -338 1008 489 -325 -294 113 183 -470 -206 -250 -955 -449 -142 261 966 225 153 -739 -389 -805 -623 356 -107 421 -6 587 481 -1049 -1292 884 -344 -977 -308 -406 -376]
[142 1002 -708 -596 -544 512 -472 412 634 -129 327 340 143 -588 80 175 -638 -817 -79 177 1092 -235 -673 -610 -8 -28 29 566 -214 -427 -190 -85 123 405 -482 -455 -180 -325 191 864 -39 -269 139 43 1109 -245 530 -402 -770 -501 134 -1340 -28 94 -661 321 1122 797 -613 -506 35 26 80 -255 852 -864 158 757 -142 358 483 82 -311 -13 1088 234 -551 -96 -164 -366 -170 625 -780 -487 -145 882 -634 -282 -730 489 -175 61 -615 369 504 -26 345 -1130 -160 854 448 -1144 1008 -179 710 857 -398 237 169 137 405 -697 335 344 -90 -136 -783 290 -131 -209 4 13 509 -65 928 135 949]
[893 -382 182 -412 455 -258 -326 -84 584 811 -415 -469 274 801 770 -83 188 144 -564 166 -176 565 405 1171 -287 -268 -497 1201 189 -406 744 -533 -738 562 91 -193 701 -100 444 -176 -152 -312 -564 124 429 -331 -216 739 -497 -357 -172 -938 952 -152 -188 -218 1128 17 -261 -137 796 308 710 694 510 400 -102 381 -216 41 273 -457 856 646 87 -963 -457 49 417 -261 -194 -950 -219 -354 -129 -194 -137 730 129 -13 -765 309 270 -685 339 -498 -344 -639 107 -3 171 367 384 290 694 67 23 -531 -36 898 377 -694 -155 93 305 1186 496 -137 -707 745 164 914 1088 158 -368 170 -359]
[-79 243 -929 101 -732 333 426 -177 -174 341 -68 303 -127 -605 513 -63 -900 -474 -756 -596 632 732 -257 116 605 -166 259 438 220 -173 -438 343 309 -488 -95 381 -1575 -44 -936 -831 -553 82 143 269 95 -757 194 322 -656 -17 893 -398 390 -763 -62 520 381 -75 594 271 283 69 184 -347 591 -1102 124 593 -406 -152 -331 -183 272 -33 802 463 -659 -169 121 -647 -890 458 -505 13 -854 423 -317 581 557 -257 -246 595 -595 739 -967 -249 286 53 331 -526 611 -823 899 790 127 232 465 -139 129 386 -403 -155 913 891 -140 185 -758 -299 -149 -799 175 375 -891 671 56 -646 22]
[453 686 -361 43 -1161 48 205 301 -585 -214 43 -622 144 -3 -435 -565 -651 -211 433 -971 -394 354 60 -166 -36 99 106 597 459 -217 1 780 -251 -451 732 586 910 -214 23 265 485 828 -479 701 -314 664 -464 -1055 627 561 49 -924 582 316 215 -411 661 147 702 -59 -152 -526 -396 678 235 -217 28 293 -429 35 192 346 -369 -914 -264 -286 -269 -16 898 732 353 114 -405 -1080 -590 711 140 366 104 325 1182 167 378 411 -77 244 773 -547 1032 333 -383 211 1318 -20 523 646 832 63 -166 220 -628 886 387 -70 513 130 80 -298 342 1487 19 690 81 797 -36 -133 489]
[298 108 1025 732 944 -1332 -555 166 777 533 -123 615 -217 -547 85 -800 997 75 800 351 104 200 -812 -269 241 -296 -186 133 277 342 713 -94 193 -689 -551 125 441 123 -567 -47 223 -223 -64 -18 346 -138 -944 -534 -421 344 414 -352 -10 277 -176 1148 434 -23 291 230 -410 140 -1019 134 198 -7 -178 -481 444 -125 586 25 -125 -592 225 -710 142 -1071 761 42 -533 -337 -378 34 -375 -386 -201 -130 40 -6 -622 476 16 -74 -1020 641 -144 -335 -76 -749 -329 699 -380 -1445 84 707 53 -49 51 541 334 1126 -281 -316 -181 498 623 -270 -204 769 -1030 969 1191 288 356 1181 7]
[349 -221 197 769 -175 689 409 -418 -1195 -779 77 -332 1 -826 -314 320 405 59 -156 456 -493 132 153 777 255 289 -344 323 -75 -144 240 -689 -305 -153 87 -483 -473 -583 1174 -462 148 -1065 -161 -653 167 575 73 820 -73 -594 -13 1010 -1025 758 856 -473 -314 -86 -538 -1088 -682 159 -161 398 -378 -425 428 -134 -295 444 395 -1021 118 10 -302 167 -236 457 390 -37 -529 -699 127 207 -498 761 448 -324 -717 -179 -715 -1278 -479 322 232 -35 -236 684 -249 15 -737 -128 -1 259 -38 -446 -41 314 -803 183 31 -201 92 -897 265 -167 -275 295 192 -194 -423 -695 434 982 265 110 -161]
[9 321 321 670 797 -11 89 49 734 -259 328 453 1005 -428 -49 -666 369 112 -136 -343 -130 751 -451 879 47 42 339 404 -312 181 -348 18 -185 -540 -345 -213 1004 44 117 -248 -560 -152 936 -136 -643 -206 285 -134 -821 261 269 346 -373 168 307 608 520 11 402 -972 -651 317 1561 435 -694 648 -307 652 899 -766 377 -50 -403 -477 -162 218 -326 -166 351 278 149 690 -295 -388 -540 -1142 -145 -96 -828 691 55 -31 -763 48 510 156 -355 345 328 106 -1082 48 -336 -611 -283 -227 -687 -176 312 -376 101 -651 20 814 221 -381 220 -595 249 380 -435 -824 1211 738 266 265 -203]
[1663 200 -54 758 -332 760 -31 -36 777 42 278 440 -928 203 -207 -329 31 -464 -68 926 -6 -472 650 205 -234 -159 411 -330 -64 159 739 455 -375 1084 742 -68 -117 -238 262 662 -512 152 -236 582 174 252 -262 770 357 393 -179 -80 -326 -533 800 522 -581 67 -26 -380 202 24 1609 -357 981 -116 17 -449 29 59 620 62 264 -370 -463 -96 113 394 144 -928 114 -1431 -994 408 510 524 -1021 -879 -940 235 -191 -66 -315 -701 898 -567 -359 337 808 777 -79 -367 831 -89 1165 -567 -701 -1054 480 399 504 -519 -346 434 -594 -1240 156 -3 -679 613 -473 -296 -258 128 -655 215 -888]
[-607 189 213 786 1062 -218 287 235 387 11 110 38 132 -49 -259 -656 890 642 -690 495 -578 -366 -347 378 -178 115 -203 1070 192 -338 351 -606 -433 -194 210 -327 28 102 123 109 -432 -320 -11 302 -829 -703 158 -1130 -528 447 -485 -654 -381 356 259 397 781 478 -109 -676 547 -125 -233 410 -324 658 -739 306 419 139 670 316 121 -197 -413 421 296 -802 395 -354 -206 357 149 109 630 398 490 1 159 -580 -1132 -321 157 449 -467 -893 -311 -1085 -41 -183 313 341 -213 -81 1015 -66 270 408 789 44 -510 -356 -235 -452 637 484 -59 33 -145 -589 -186 450 998 250 313 762 53]
[569 -5 -753 75 171 -436 -326 549 -52 -256 -949 -611 151 -657 -1067 -216 794 9 -427 -181 375 363 -440 -204 308 550 -500 -62 -64 -287 -33 -824 -1175 -213 -1249 -254 87 324 378 -288 396 433 -122 -183 446 0 277 595 -1373 11 556 -298 -226 -122 105 400 -1107 404 -733 191 293 -158 -1267 -248 -96 -451 -640 700 47 -197 -513 500 518 -163 113 -897 505 391 -169 -141 105 -116 -1231 -91 -322 -956 539 -284 -571 -526 763 647 -720 -97 895 -62 786 664 -508 148 306 -531 -133 -341 -286 771 -668 -219 451 603 190 -619 -119 552 -272 617 -17 73 16 -1000 309 -9 778 -966 277 -309 717]
[-26 891 -144 -98 -310 529 -633 -313 -61 413 -29 952 557 549 368 -331 -109 -573 -51 -866 -1154 -85 -1227 -198 -82 -235 -833 42 -580 465 -428 -385 950 274 477 -347 -260 -205 366 271 -37 -348 17 -180 328 486 488 419 -388 -117 55 -177 -80 328 -338 175 -81 1053 377 -1105 -709 -168 373 357 -656 -674 544 820 38 -405 148 -1284 -33 -1005 725 238 -242 1181 -361 85 238 -868 382 200 -470 68 668 -811 -997 295 348 350 -350 850 178 -322 -221 405 304 -1228 -457 -561 -292 -102 104 -164 18 36 203 -1550 64 -365 687 543 -136 -80 -302 -147 -95 953 -30 -229 -805 46 461 -853 273]
[-215 117 -228 -143 215 322 -269 -526 241 577 -370 124 -65 1219 546 169 -1192 -333 -834 -302 115 1165 56 -230 -44 -1113 71 349 -260 -142 3 -285 -190 426 455 184 -584 -78 -260 482 -338 603 671 58 -260 -628 -225 -330 -26 -388 925 -589 307 72 257 480 -106 -199 280 181 955 -578 207 -591 -110 778 482 632 -632 -280 610 -36 -55 328 -140 -140 118 -969 -505 -698 395 -215 -122 -49 503 -664 -327 481 4 491 170 671 674 -25 -201 496 -2 638 735 195 391 -139 104 -242 304 366 592 -9 911 -837 -421 276 715 577 34 785 714 -6 -156 130 445 300 -1175 -166 305 -237 -806]
[465 314 472 1320 -111 73 -35 -776 1065 -327 123 531 417 -197 -397 238 -1032 -349 -854 169 9 334 263 459 902 -91 344 -371 -1012 -364 -706 1216 -160 643 382 -451 -144 -454 635 -248 403 -176 278 228 -636 187 -693 -230 -332 -342 602 -979 690 282 -378 661 645 175 -301 -634 -48 448 796 337 78 -721 606 -144 -107 1081 681 -441 415 -831 1000 10 -623 298 411 83 -1025 412 -1431 9 -666 -64 -149 -654 -1277 460 196 -80 -1356 -640 136 234 -364 -30 424 569 -509 -1730 428 -401 939 112 213 592 -1366 10 341 -363 -198 293 -680 146 261 276 -202 225 -554 -637 -151 -109 -25 232 285]
[738 57 113 -869 293 561 -416 320 -170 -220 -211 711 -291 508 -162 539 -251 -660 936 -715 -31 -557 -533 -352 -387 37 -11 -524 187 138 571 276 708 834 445 -362 255 5 -534 -593 681 810 714 -402 108 601 262 -476 163 456 -312 -167 948 222 -542 -446 -383 470 -122 854 -279 -517 -820 541 257 295 61 -129 -346 -282 39 49 -113 -352 642 -109 291 -36 287 511 -21 -205 158 90 -301 486 236 -385 437 123 -179 840 -371 123 616 762 -78 603 1250 683 481 -889 -909 -147 115 185 81 740 -14 -616 -64 462 -361 -321 -75 359 -312 -120 -658 751 -416 644 -662 -566 278 205 37]
[-689 924 465 221 -757 -108 -168 310 75 208 511 -1238 801 196 -322 -749 573 -232 254 390 -158 991 -72 713 1208 -210 -601 -3 284 -125 18 -440 -511 5 -841 710 -345 -58 57 708 1129 140 42 -82 780 -1282 -113 92 -315 -528 -7 -310 -734 626 -58 162 -273 7 -548 292 -170 24 -884 -44 359 -929 -424 335 88 222 574 -214 -52 239 -198 -634 -248 -286 -358 181 476 -462 -331 237 -996 -171 -36 158 -533 -604 -197 655 214 -261 -759 -615 453 -911 -408 -633 -533 1157 416 -88 -212 524 40 -382 152 647 -287 -415 431 -95 -136 561 383 -688 822 515 426 -95 313 55 711 -480 308]
[-545 160 172 -321 -1008 779 649 281 -458 340 -842 -27 106 24 -743 795 -374 -787 -82 118 529 103 732 -186 217 -1050 269 -335 1020 -135 -138 525 325 124 -60 -247 -691 -174 -190 533 -153 57 -118 -866 129 -449 1123 -413 -590 -73 206 602 -692 161 213 172 -1105 -424 279 336 -618 209 -208 -106 24 -1019 -751 133 -649 578 -609 9 163 483 -590 308 344 214 -779 483 -662 -51 343 994 65 645 -10 -380 -798 -11 130 -184 -767 323 -99 -456 284 368 131 443 238 -374 -45 -61 -1154 409 -278 -372 -571 228 -244 5 -221 -44 401 -1536 -276 124 -174 441 64 109 -1032 -214 -133 -492 76]
[-32 -326 418 174 986 -235 -986 233 34 510 151 -26 71 567 -626 135 441 80 -654 150 -471 11 -136 -308 356 -685 -771 336 -855 -368 -14 -205 65 155 -149 -438 1068 43 125 -347 179 17 87 36 473 -467 -425 -43 566 223 -35 -1289 733 60 -572 44 423 366 -837 -28 510 406 -210 212 20 -363 534 86 845 -361 -39 429 249 -383 92 -173 195 -284 178 -746 50 -839 293 -1090 -626 -238 409 -530 164 -923 324 568 616 -145 206 -150 -190 -450 -372 -1311 72 910 749 -175 669 127 393 86 868 420 -379 -1262 641 873 640 1525 -19 816 -67 -427 -173 116 326 -376 819 -385 40]
[-316 403 25 29 -575 -583 -238 -646 -584 485 1055 -720 1460 -1147 22 -279 51 351 941 252 -521 376 648 -1040 559 77 -20 -15 9 413 -3 68 -76 -495 -853 -300 -189 85 -11 -223 35 172 -178 647 -148 1123 463 -137 75 -109 -395 -115 -789 20 -403 135 -176 -644 -65 -93 347 409 -266 -32 565 -555 -5 524 557 109 -176 -960 -527 -1339 28 431 1228 -93 -443 42 -329 -226 -601 446 33 -109 268 457 513 -865 379 -154 -475 607 -552 -522 -66 318 37 -522 -574 -131 340 -340 -782 112 318 -597 -571 140 -823 67 -373 -757 -242 322 593 -288 166 -101 -153 18 544 -6 -257 236 386]
[-42 -606 -153 -216 -344 -249 389 -127 223 323 -367 -728 -459 598 -438 -475 389 174 -662 -303 -17 -318 673 -362 -782 1094 741 -190 -340 233 375 123 -472 404 -66 -27 -214 417 -274 273 786 404 63 2 -529 -411 263 948 -375 389 28 618 448 433 -689 -643 -698 -716 -58 196 812 -882 -144 -480 -372 891 321 554 648 -216 32 1360 149 545 -401 -250 -96 43 -562 412 535 816 400 -29 -277 -1001 403 525 -29 672 -41 241 -91 -243 385 147 618 910 -260 1209 -414 -735 -1465 -716 -612 -689 -368 498 671 -401 1119 337 -202 -703 -686 420 -614 -195 445 -565 -277 -341 503 -805 -814 -150 -556]
[-1046 787 -420 -24 154 741 -184 -449 303 -57 -498 697 458 -218 487 -198 552 -556 934 -13 50 -330 -713 151 24 577 -819 -99 -204 1011 -46 -743 161 42 -118 194 -266 -259 -206 -71 217 -812 279 213 46 -1247 -112 -134 -331 620 -1130 -368 -10 609 120 -133 25 53 -904 289 396 120 738 -481 439 -600 47 -212 -386 -222 -302 -266 -751 -597 -261 -152 440 673 1 667 88 -271 341 -76 -144 342 470 576 279 14 -282 -289 357 -726 -283 124 102 -416 28 13 -602 897 -304 886 156 120 -467 -118 513 310 276 -295 26 520 568 202 -186 -732 813 139 -80 -290 283 -92 728 -563 239]
[156 539 1206 1267 1218 183 -6 815 321 -176 -499 -638 -43 -829 -734 -1049 631 20 -329 404 -210 -323 -403 283 -31 1106 -321 231 -270 -379 1036 -9 -907 55 622 -784 1024 -512 462 -406 245 -304 -894 1331 -378 -194 -203 702 -871 624 508 -399 -207 205 -484 140 327 534 -596 -146 -856 398 179 533 -375 -68 -211 418 83 605 650 -610 581 -734 64 -277 -766 342 324 -162 -560 -845 -149 -310 -727 149 -50 -91 -824 356 262 -66 -456 -277 292 -660 -296 -8 -374 -518 -432 -478 509 -74 1043 52 -96 -180 -717 559 959 -1030 118 -99 303 339 702 -347 252 359 -565 -387 569 453 251 454 379]
[-1022 -348 220 -346 327 206 217 -273 -667 -420 278 199 79 403 520 517 113 356 298 399 462 -328 -379 -331 -392 133 -643 451 448 1001 275 -7 -302 -148 -126 -592 286 -579 -737 -198 443 623 878 -190 234 -780 387 852 293 -77 -213 28 -63 41 204 -389 -218 -125 -85 485 576 -419 -764 82 345 -94 643 -99 -403 126 -451 115 -450 1 -170 -711 -48 -477 239 438 915 258 193 -277 267 118 -11 -158 922 69 -216 -9 418 -228 -940 596 -417 812 458 225 545 145 -362 493 -470 942 -685 431 -268 -87 -509 969 -90 575 1480 645 -547 -763 953 -134 180 628 588 446 59 517 467]
[354 919 784 -94 354 233 361 -121 -173 -416 -184 18 -379 -144 -508 222 -1107 434 43 241 -583 289 -354 19 684 711 -86 -640 -170 -399 49 -207 205 -174 142 -353 624 260 -123 181 -405 -468 -327 151 177 270 -138 204 455 416 474 37 -224 651 29 1341 186 -742 -63 -645 -246 360 431 199 -166 -207 392 -378 767 777 605 212 93 -350 52 -900 -595 -809 -373 -210 -420 252 316 -265 -307 845 -289 -55 -174 -478 -246 270 -249 -367 -174 577 823 -343 774 -167 -1220 -393 451 -76 328 -403 1187 126 -539 -163 -458 506 -152 -590 -39 91 -212 -615 -187 202 -587 -314 -553 1027 -395 1216 -91]
[-297 -149 -39 -882 340 440 -1081 -104 -400 -491 176 315 -220 -153 358 1133 13 -69 -19 -821 651 257 553 -571 -177 640 -172 -29 -85 -1106 278 -456 375 901 612 219 148 1310 -240 230 -28 -168 -618 -34 802 493 -192 -1066 -176 -145 -7 -1412 -492 480 97 -282 -327 -214 -934 -453 14 610 -318 -73 -33 701 -1122 940 -134 -224 -274 530 64 493 -747 -392 78 -122 162 -638 -165 144 -104 31 596 214 -355 437 174 -394 -129 -59 1281 -217 1750 626 412 -674 -861 -246 22 660 11 572 -502 347 628 -336 1188 603 992 -13 197 -222 -179 -801 451 513 694 -799 -687 -1312 -487 -110 623 1233 -203]
[-170 28 882 608 547 -337 -36 -120 440 82 300 -542 326 112 28 728 999 -357 441 -367 -1293 -20 1241 103 301 -795 -282 -57 -99 24 -132 324 -175 335 -336 -159 278 -142 118 -372 -145 186 -324 -70 -493 -3 367 -448 -120 -321 -112 -281 544 637 -302 -145 430 -28 227 -486 -387 633 139 863 -50 -219 4 1038 117 302 -373 -338 2 3 -824 687 603 125 -109 536 -382 -343 -671 1051 472 -690 425 -110 254 213 -270 379 335 413 -128 -341 -907 -349 -6 -586 119 210 -122 -980 118 -563 -148 -165 76 -893 -617 -339 -613 443 228 203 423 -317 -837 -384 569 -362 87 -1139 153 499 -264]
[-47 429 465 1106 -407 890 140 -712 1128 242 -328 183 192 628 42 18 -166 56 -740 466 -20 370 183 593 -880 -63 240 434 150 -616 351 -1059 -362 -585 569 85 -1106 169 -219 -116 -367 -184 3 -453 57 -1201 -301 661 -21 297 -744 91 380 24 310 513 -204 184 398 93 607 586 40 -382 913 -466 -473 -236 489 -442 173 74 185 -58 -1028 459 621 250 -283 -674 -565 181 -352 -816 -230 -281 625 -68 -490 -617 -845 619 145 -41 -544 -15 -901 3 164 774 -221 -107 658 410 -216 200 601 229 190 1396 320 -170 814 283 102 260 -699 -146 -200 333 -582 -484 -400 -26 376 -277 -391]
[265 -87 -799 -236 -325 -944 -525 315 564 -726 -1264 -542 -563 601 -431 1442 -406 -584 -48 64 161 -816 602 -600 265 13 96 -1182 -758 125 541 723 -492 486 -293 -124 626 340 543 701 -151 295 -307 64 173 -34 -606 -33 3 -458 815 -418 -131 -418 -99 199 -1034 668 -438 1210 -63 -522 -17 -122 -316 -767 1111 -865 -503 233 563 717 288 -86 760 -544 248 251 83 580 -153 -1701 -375 -625 33 -386 -353 170 -166 -36 694 134 -198 -719 56 814 -90 -39 235 218 -95 114 -200 -527 423 -733 326 44 64 820 635 -480 -372 517 -36 154 52 255 -679 -1139 -864 836 -64 -885 -313 1020 -43]
[-388 686 554 135 490 359 497 -25 416 768 -925 -686 20 818 -884 336 -79 -52 -1016 -290 -560 -761 -423 -239 -12 711 -99 -684 -219 -661 190 -124 619 179 -334 23 3 398 291 -332 -159 -490 -154 364 -29 -225 -26 -249 -528 9 761 -1023 -134 88 -176 125 -342 -239 -38 445 -199 -70 151 659 109 -50 -825 158 215 -171 -122 -258 11 -14 -326 -311 873 -320 208 683 26 137 603 39 -635 -527 135 -707 167 -59 -660 892 -74 481 134 -245 -212 -473 713 375 -647 -334 329 79 209 132 987 440 -126 41 350 -1446 324 325 350 398 507 -905 -269 -1216 -284 -91 -308 -195 503 -614 294]
[627 -155 503 837 152 -939 -771 -1 310 532 453 623 -1250 -462 -131 96 292 519 -637 63 455 -234 -166 -75 -52 -227 220 195 -559 281 -435 633 897 -624 267 -155 215 -575 401 -535 133 -551 -147 651 434 544 -161 -60 967 -119 309 -206 -804 -227 -646 -224 -139 399 -406 422 -779 -130 -443 592 276 -663 198 -779 -289 -375 535 114 211 -91 553 849 445 -603 -45 -1461 -597 -491 335 -960 -151 701 1035 -625 -308 -304 -694 -988 279 550 -233 -448 -533 -1047 -117 -382 194 -734 998 -516 1050 -440 -204 360 -353 856 743 -552 130 -430 -63 238 -603 595 -80 -586 -797 -739 541 611 -58 125 590]
[551 1012 -939 -97 215 893 -544 347 -407 -325 500 86 415 433 489 -15 -569 163 -550 -544 198 465 628 -211 -854 99 507 960 271 345 661 80 -640 448 1187 408 427 -226 721 380 138 265 -105 130 -118 444 -463 211 -461 -772 519 -461 -291 -28 300 -815 139 1044 665 -830 206 -242 -55 -19 56 263 -614 725 -666 -413 459 -434 706 96 -98 811 9 408 303 179 503 -864 -727 580 -152 -217 -235 -252 -502 483 -101 671 361 334 160 84 -188 435 -225 639 -409 -279 897 454 13 -571 -175 -572 230 -883 107 -420 215 274 335 -529 -276 -1052 540 -233 44 -12 -221 980 -147 588 284]
[-1783 721 -609 440 465 -63 -530 -457 -206 640 1187 203 887 0 595 -110 -261 -67 -5 178 -247 -47 770 -638 -620 -305 182 1309 -30 370 -487 -566 -113 -888 -383 -168 -204 -619 -884 774 200 -124 415 103 1 -702 475 883 455 -340 -545 -19 -316 288 448 195 561 345 394 -1241 266 -629 436 -360 -431 -293 26 722 30 -6 -513 -520 -134 24 -457 276 25 95 478 304 1170 552 -629 -694 -184 -1177 562 18 -809 -480 -320 -180 -254 408 -1267 -673 -570 633 -66 -999 -256 157 -354 -732 -1159 -22 -332 -238 633 -216 -771 488 345 1280 975 -20 -76 -175 92 -573 -275 -94 817 -239 489 -36 527]
[-170 465 -633 305 -559 621 -319 -99 -968 27 -146 -372 50 -266 -567 36 963 -195 317 428 -346 -507 -111 -640 494 -291 108 -345 -399 149 125 401 -250 -232 73 -19 -56 123 -283 -274 557 -404 -342 179 682 -354 749 699 -36 384 -446 -208 66 943 295 -517 -507 557 -1167 -364 634 -7 -347 -291 357 39 70 -386 -556 621 -177 -988 -84 -311 -374 82 72 783 455 134 -381 -1346 -310 145 366 286 981 589 -679 21 206 -410 -431 3 337 -339 215 544 -271 -37 -210 242 271 384 41 -104 -61 -626 -156 1185 559 -363 -380 138 5 42 -15 818 -435 297 -729 483 762 -639 742 -246 -470]
[692 -290 -291 233 983 -230 339 -475 557 -317 -38 42 131 226 419 -531 422 13 466 -134 -327 273 -506 924 -752 -100 876 450 188 959 585 78 -216 447 1146 -354 595 -376 -245 -454 111 400 538 42 259 217 316 597 -546 71 -406 843 260 36 740 675 -471 392 80 -165 267 511 521 -34 -492 1008 -620 -945 130 95 -139 -363 -437 258 -181 -89 243 574 700 -453 -187 219 83 336 -499 41 -166 -227 766 368 545 993 -334 900 -586 432 -556 774 -81 -721 -26 754 -93 594 454 -953 639 -599 -472 -227 -749 -130 164 305 -836 127 269 -220 329 -302 -66 -510 -628 220 -597 -142 -730]
[387 9 -575 996 -338 715 -328 118 277 725 244 330 337 1087 1005 209 506 -68 410 221 -987 -416 474 261 -161 -89 160 -137 317 86 348 169 -263 100 -735 1082 -1294 -213 23 510 41 -221 741 732 -298 -299 -788 332 -255 -1030 -649 387 171 -526 954 569 91 -363 4 411 236 265 -20 258 587 -183 50 -554 543 378 648 -616 -338 -604 -383 189 526 358 -122 269 -146 -223 -1025 180 226 176 109 -195 -212 -165 -755 556 376 18 -1155 -448 -253 536 -462 609 -70 56 1010 -561 96 -182 825 -149 94 57 -317 507 -18 532 -319 -533 -231 -310 -12 -165 473 327 -811 -665 -207 431 79]
[-86 -594 214 372 681 -739 -702 1031 806 39 1231 133 442 -515 140 337 590 746 284 -508 166 -1364 313 790 87 395 -201 940 221 -104 -485 564 475 -83 -1038 132 -101 -858 -119 -938 -581 452 82 -171 915 -581 72 310 186 -578 -166 226 647 -330 -65 608 35 128 936 -343 58 369 -166 492 270 31 321 124 334 41 -71 538 -365 386 163 -248 322 -298 769 321 -75 396 -448 -295 524 -406 173 -305 -214 -522 -889 564 -227 -635 77 444 -138 -479 -473 -893 27 -42 162 -168 -107 -1423 -1156 -1195 -329 933 150 -165 -289 792 88 -57 -1042 -732 -694 -135 -465 526 2029 -368 -515 806 -1086]
[-138 97 706 414 400 146 -744 -343 -354 -112 69 -368 -546 357 -829 209 930 511 239 -75 47 392 379 -170 662 -167 -47 55 -481 -533 -698 378 316 -799 -338 446 524 157 149 -887 38 106 -969 63 532 511 -672 -897 315 -242 -325 -166 -286 152 80 -330 591 830 -392 45 -800 773 -315 631 500 -249 -530 10 -714 -97 153 -507 59 -114 157 702 1147 -14 249 -248 -302 106 194 603 814 200 305 632 -320 241 -674 -1006 1205 1011 -226 -1114 -109 -638 -744 -397 398 416 1276 -541 -95 -190 387 -155 -420 571 439 233 -91 78 -574 307 599 99 -67 143 1168 -424 -686 -571 745 289 910]
[448 209 478 107 -600 -546 322 294 -149 54 248 -750 129 470 230 -333 17 -759 -8 74 663 -162 896 -572 -317 -757 456 -269 19 475 594 -48 316 371 -54 619 710 -147 660 262 -192 -671 241 550 -838 -217 571 -184 3 839 23 96 294 -89 -9 133 -594 287 295 228 -1573 -304 253 638 -797 149 11 -1287 -77 -282 -145 595 -204 -204 239 5 487 -1200 -204 29 -89 -602 819 718 1008 -341 -215 -64 145 -359 -178 -375 554 104 681 -1465 395 -568 509 260 -107 647 0 -7 419 -1147 146 -148 -88 361 -657 -11 679 -127 442 -105 657 311 -32 110 -38 -297 -382 653 29 -584 343]
[-300 712 -593 -229 433 -20 -113 1355 742 -789 -1145 488 -475 -182 -1193 78 515 -417 -478 -802 -125 -406 136 863 456 16 -66 -602 -206 -499 -366 809 -355 -481 -421 138 937 184 662 385 -454 79 -426 -908 1093 290 -247 -289 -49 -515 896 721 -329 33 122 -324 -998 294 65 442 661 -127 919 697 429 53 270 762 -270 -535 -182 533 -43 204 -178 -168 130 151 342 506 -58 -394 57 -401 37 -560 -122 -195 -42 385 719 37 -327 -414 211 505 310 24 -760 275 -305 407 346 -860 -400 -590 -855 -80 -228 -76 704 -293 -634 686 546 -1302 -925 -37 366 -365 -311 476 44 -659 -966 309 342]
[515 -1157 130 -497 -421 -66 -110 39 -1134 -910 311 -459 -445 113 118 310 452 450 -259 -678 -152 -308 239 927 219 750 -609 844 323 -804 -103 130 -102 616 521 727 -123 -76 378 -963 736 194 -790 -148 502 603 -565 330 861 -808 -55 1037 -210 -233 249 -1441 773 692 -678 271 -498 17 -488 197 72 330 371 535 -1123 124 46 800 -8 547 289 390 -280 74 1164 -801 111 91 -466 -473 -162 352 85 285 330 -292 -398 -198 1068 360 -263 -369 -150 -857 -802 -323 380 590 154 1078 -487 -10 392 494 -109 765 425 26 602 96 -805 161 -807 83 85 -197 598 -172 90 -102 -107 467 -445]
[319 -119 -1809 -77 -251 250 41 156 -666 -368 185 -159 -12 -605 -301 407 -813 359 -82 398 432 -3 617 -649 63 354 106 -56 282 -311 -803 167 -225 -672 -411 211 -611 -58 -353 -593 363 85 115 652 740 587 150 356 495 330 689 134 -638 -107 -225 -892 52 579 -5 1078 676 435 -310 -817 479 -479 157 970 -910 22 -104 481 -84 323 -117 694 -206 -81 -16 -654 -252 78 -288 -1283 -72 1244 -161 -47 80 284 540 -903 -850 274 -531 -58 549 194 -682 -33 -338 426 288 269 -422 19 -256 -199 155 -148 631 980 223 -1191 -612 -824 -445 153 241 -1280 102 263 892 -145 -808 958 -169]
[-908 338 -817 -396 -17 726 652 -411 -476 -216 -335 178 297 525 510 -157 25 85 443 -400 -553 -387 -742 230 -428 1174 -290 7 -226 -139 220 -450 -177 -750 -139 267 -537 737 -456 617 -13 -1015 -188 604 -649 -945 87 346 192 229 -681 -687 89 -698 365 272 452 613 439 -371 -301 58 -347 -247 206 -1189 49 -184 191 326 -271 -752 40 -126 333 113 -672 1455 109 362 -697 -185 -530 -359 -925 562 623 -327 -267 477 -470 260 -331 661 -839 -350 -19 -784 -292 281 74 -484 9 195 -391 348 -49 391 -678 505 422 -153 -183 510 157 50 -471 -362 642 -527 -276 -212 469 -564 956 -447 865]
[200 -1106 -156 -339 208 671 -72 -32 -812 -731 89 214 465 499 -105 627 -313 316 197 314 -131 -359 -308 286 320 -870 -847 -43 -140 -111 460 -1544 286 881 -296 -65 -375 -473 1198 -366 -290 816 1241 -289 -1243 237 -493 48 -332 -248 -114 -282 100 307 315 53 308 -313 -361 837 987 -208 140 137 -594 -40 47 -715 18 -45 740 635 135 -28 -75 68 586 -414 421 246 115 -321 -327 -48 151 147 516 -491 177 -849 -425 -136 -167 -689 120 555 -87 667 -279 -232 111 747 -1109 -70 38 -694 810 60 1081 90 -193 -617 519 -426 605 87 741 -244 -231 -714 -190 357 428 -197 213 -218 -252]
[-965 211 -215 -347 206 -773 -185 572 980 -43 705 -153 62 -692 -587 -288 -557 464 -59 -904 434 -505 467 665 224 373 -366 -303 -146 -552 -347 55 83 -800 -729 -587 548 317 96 -348 134 212 673 98 79 -232 964 175 -64 899 -454 -649 -93 264 -897 -26 -500 575 425 -573 37 -294 148 524 165 286 426 540 823 -13 419 681 304 894 955 -1046 -589 -114 -680 529 -186 914 604 -1 180 -108 800 -80 -234 -88 636 -400 34 301 552 314 720 -94 -1044 -813 -136 1185 -341 -22 226 -841 -156 427 177 140 -10 -170 184 -623 166 883 -762 151 729 -620 -242 -114 297 88 130 -819 -133]
[249 -577 -741 577 257 -221 131 -138 -69 -416 -628 566 -856 -430 815 497 -106 601 -818 -1579 249 -386 183 -549 -719 356 -254 -740 414 -66 -618 645 631 -440 549 182 51 1172 -722 -603 -141 -167 -405 -35 -83 596 283 -203 391 303 -385 572 -626 -101 300 -1065 13 -144 88 521 -125 -268 -228 74 -161 1074 -51 413 -100 -834 353 825 -439 -147 149 295 77 619 254 -165 -958 -35 396 -549 703 159 968 -573 506 678 655 -429 -468 402 1064 392 473 -38 -658 34 914 315 -563 -485 531 -1025 -143 849 879 207 405 959 249 236 -664 -65 -619 758 596 -1045 -108 -408 -129 -694 143 535 -370]
[52 671 -535 -197 -1291 131 1 53 732 243 -236 -697 1333 -306 -607 -637 -553 124 -312 -354 -518 -1383 6 -23 -436 -62 679 397 79 -24 -425 -103 11 -99 281 824 -112 -1058 334 799 -369 -34 -711 -1007 -104 482 190 286 -266 -378 385 17 109 865 768 -220 -534 -16 486 -642 110 -559 -11 352 -479 -109 -139 -202 342 787 179 -422 -1094 154 -401 -176 190 1105 306 1292 288 215 709 -837 -448 -671 56 -580 -503 123 786 304 -1259 241 -33 395 1107 -250 508 77 -511 -705 772 67 311 -726 200 113 -221 -53 -272 -412 -26 -107 124 -1124 -116 -670 -533 -580 -491 6 788 429 -254 -852 42]
[387 316 -867 -715 20 614 591 24 -556 707 103 857 239 -116 310 -55 102 -237 833 247 699 -425 -6 -406 -638 654 -642 -110 -37 1025 868 -190 315 678 272 -29 -406 -623 120 -187 -642 -769 751 226 295 -210 -191 335 -604 842 -277 -117 126 208 760 378 91 -415 -433 -9 694 42 566 -72 -74 516 391 -382 266 734 -614 445 -730 479 -842 -586 -66 229 302 756 161 266 -62 175 -387 1008 92 -509 464 405 346 193 -80 -290 -624 553 1356 342 57 1408 -1078 519 141 -479 -343 356 -606 -366 71 -522 197 -67 -400 -152 9 -881 10 -655 269 -197 -419 -291 -616 250 -107 -426 541]
[774 247 215 277 -541 -377 -427 28 380 712 314 311 -1347 -298 -1021 143 -559 253 -638 -255 -124 -254 1020 6 124 343 600 301 -603 -1030 -322 695 170 472 -120 -456 -598 533 573 187 164 458 -153 -206 419 825 280 437 -359 29 1085 -995 -127 438 -942 -506 159 295 -307 -867 -443 -362 351 -352 828 235 284 709 371 -117 789 106 668 -249 515 193 -197 202 -268 -613 -612 677 -340 1014 122 893 88 -282 -958 40 51 -106 556 400 770 599 351 -533 338 95 126 -243 1253 207 576 -179 -178 451 552 604 501 -356 442 -470 -857 585 -376 336 -595 100 -598 -587 -614 337 -329 -825 -219]
[987 -700 -949 -493 -189 232 139 272 318 50 210 239 -409 -111 -624 377 -376 61 1078 -301 -50 -833 -1416 -249 -80 -503 792 -1125 -344 788 -5 -120 117 235 -597 137 -872 1049 38 -143 -974 370 1358 172 -68 -166 494 -1167 244 328 -370 -231 -465 -254 -53 -492 882 626 46 447 667 -507 345 350 643 436 -333 -100 -924 -1126 -10 540 359 452 -720 -540 493 -410 -621 306 -413 831 139 -554 47 862 513 566 24 944 -537 -841 441 -26 334 721 -762 -356 244 451 788 741 -889 957 998 1321 890 234 1152 -116 173 -267 -602 -388 44 164 901 456 -577 37 824 338 161 -449 -173 24 -21]
[-669 516 -717 -632 -342 -251 -421 520 -554 -175 836 -238 197 -266 -111 -612 -81 130 596 433 34 -89 -772 -427 -235 -138 -228 312 -16 -436 270 -832 736 -186 819 -45 114 -298 -376 694 664 264 345 56 -181 671 -208 -776 -646 -117 -160 -758 -56 1051 -821 215 871 386 -682 -94 806 25 -1383 -1077 -444 96 -484 -632 382 19 351 103 -513 -90 -62 387 -648 724 584 764 872 192 96 2 -596 581 171 -317 512 -274 -9 359 -758 217 -1095 1371 344 212 -382 220 -553 -599 366 -202 -202 -322 1034 556 -30 156 186 491 314 -394 -501 329 191 -201 -190 -563 143 584 85 62 817 -44 685]
[-44 638 488 247 -298 630 522 -514 -736 578 680 -743 -355 353 101 79 -582 -226 -811 45 -556 -385 -4 -479 -811 264 560 433 395 238 374 132 256 -437 145 -175 -578 687 107 -93 -208 135 197 1005 120 -350 -197 -414 89 199 190 -993 -424 664 944 247 -741 448 -106 -592 -487 223 -858 209 552 112 15 1077 -486 -572 414 113 331 -133 282 -141 -41 -451 78 459 452 -1489 -60 1345 516 444 159 -24 -393 856 -609 569 373 249 585 -482 -448 -334 -296 797 168 697 339 409 469 1058 -858 -658 120 -605 490 -104 277 461 10 -611 655 -217 231 -472 775 405 -648 -67 547 555 521]
[-1000 406 548 -20 601 -568 -496 709 108 883 377 -151 104 121 238 -38 -680 257 3 264 438 1023 -462 1334 575 -94 -7 -10 733 123 391 535 -105 68 -609 -1045 140 -344 -1616 594 -160 1135 503 -33 402 -474 -184 305 274 58 -457 433 -148 -84 -755 1224 -51 -72 -30 675 1142 351 534 375 890 355 87 1800 283 82 435 797 16 -165 73 -405 104 -1219 133 -781 -364 729 -749 -924 -417 389 29 904 792 150 195 228 -414 44 -546 20 231 610 -47 9 525 -66 7 -825 64 -272 -210 30 53 126 -751 308 24 69 276 860 -417 -745 -105 1045 -162 743 204 299 -529 717 208]
[767 875 -1198 387 -949 331 -84 451 284 496 405 917 -587 -644 -290 -1144 277 -388 606 581 -223 399 804 -96 294 381 371 901 19 -18 -782 -321 -707 -982 -408 157 -1082 753 -365 570 -194 -354 -556 899 805 -500 -165 529 -64 591 5 -492 -581 -150 546 416 195 449 1098 -742 807 290 -130 -1438 1010 -545 -281 -214 414 -179 201 480 565 379 -328 281 521 313 -1031 -879 -262 284 -1304 -134 -267 805 -422 -260 -1126 304 456 -180 -467 547 -421 -704 285 -167 -171 13 60 653 500 91 399 702 -269 -120 721 399 326 934 139 -317 -734 -638 -646 398 566 183 125 115 417 -714 45 -132 872]
[-288 -124 -271 105 -332 -175 -464 0 -17 -208 753 -283 907 87 1360 303 341 -106 -425 -119 120 605 -509 50 40 -13 37 52 -281 -254 653 -243 -107 -200 -383 -314 367 404 -960 171 -353 1131 150 246 -1397 -219 879 -241 -426 -29 -59 -1089 133 -183 594 707 463 639 740 -405 26 -22 -1090 824 -273 563 -1178 816 212 -173 1154 -352 -447 543 -520 -322 -336 -483 94 255 362 462 -963 206 289 -400 1 -385 564 -431 -486 123 169 -104 -350 76 501 -120 -879 -1099 524 556 -265 -566 818 15 278 145 301 -158 -534 -72 185 225 902 -596 147 -555 -120 -269 -27 -423 -107 110 86 456 682]
[378 139 349 661 -358 374 -137 -96 -626 -659 446 -189 10 -197 -465 794 59 -54 381 275 -544 22 564 -666 106 -64 -27 1047 -48 172 -1239 50 -463 -607 119 296 354 -833 174 -386 674 1325 250 412 -1655 154 234 -550 1204 875 -640 -782 667 717 611 -334 873 -800 83 614 -1156 -88 -946 955 -730 -636 -281 -169 -169 76 272 935 330 -760 -906 1527 109 227 156 1018 777 222 -468 -336 653 310 590 -549 341 -722 334 -100 633 -314 -102 -372 -400 -375 946 -218 189 9 456 274 533 150 -721 477 1240 -40 -894 298 577 -290 1328 -162 -544 -421 -794 4 283 -571 16 86 338 139 1119]
[-290 -136 -801 887 -296 253 -289 -82 -448 -657 -105 231 907 -45 -6 450 -681 393 -286 -786 -158 -814 -140 318 -167 86 -386 -240 -488 -1163 -86 -565 -412 119 108 327 -1010 -307 37 22 432 318 584 -414 -769 77 -159 -971 -594 -1133 605 190 136 9 327 -441 -478 -318 -212 802 595 140 -453 -180 750 -190 -585 584 350 397 353 -119 -292 72 213 86 455 341 -531 268 -263 872 -1477 107 -58 263 92 -921 -308 -984 329 441 -1115 -136 -1073 518 -460 180 319 754 -35 -1218 -353 86 -1269 700 174 416 323 -630 469 -130 312 126 -586 -817 -212 507 -124 -112 673 187 -716 -839 286 231 -333]
[-34 138 321 -264 648 858 -420 350 -499 -185 -186 63 -653 301 -267 -247 -750 -819 441 921 -225 -423 515 -256 225 -768 116 -93 -944 67 -113 -750 -208 -298 -690 -8 -73 15 625 -348 -267 -104 -85 -91 421 -655 -567 741 793 690 195 558 197 777 -67 303 -141 119 -260 141 -88 399 551 147 125 -800 59 -437 -304 -245 384 -599 381 -60 1043 273 -218 149 118 -394 -415 -1501 201 841 35 446 -972 460 214 -59 -548 -434 -139 -646 207 -511 -422 -375 -386 88 816 106 -100 537 625 445 -184 -183 102 -83 731 -657 -381 -1050 -53 -39 329 -372 -1452 -282 -74 722 93 150 321 -69 205]
[656 -582 518 986 122 598 446 -747 665 545 -334 496 -342 548 224 -198 53 -175 122 -219 636 774 -640 -922 399 -405 377 -96 -250 202 -550 950 573 643 249 -521 -900 -612 -861 -539 -31 115 -356 -90 315 -425 247 302 -367 -343 167 -247 504 -221 -289 626 579 19 -255 -375 -386 -207 1221 823 805 -110 -282 -399 23 411 -185 -991 360 171 442 71 -958 238 11 -191 -1006 429 -182 251 -182 138 378 255 -178 1044 -542 -77 -93 296 -111 -272 -927 142 1161 -111 258 -1659 -227 146 250 963 357 -77 -593 696 -470 -362 -633 432 -26 296 0 49 -532 362 -414 -192 360 444 -139 122 413]
[74 -1055 -354 -586 -974 392 -111 -226 79 -406 565 -432 -495 -139 -19 1073 -743 -215 -28 772 380 238 488 -418 -147 -148 237 -446 -94 1 -1164 -782 -60 -632 -612 -553 -490 138 385 -425 257 -2 -73 -462 8 410 365 -623 246 -72 75 -282 -57 564 92 1 -239 -417 -157 874 -311 574 -800 -664 472 -1053 321 -529 42 -379 -277 153 -203 352 -370 -220 464 105 -1120 555 46 572 400 -553 988 1208 -558 -943 898 188 523 -191 335 -314 515 794 -616 395 121 580 472 308 -432 107 -174 798 -154 494 -490 84 -985 686 325 -235 731 -145 -513 326 -96 142 117 -139 -61 338 -589 646 890]
[276 -20 -99 13 -488 74 195 -622 219 282 438 -192 93 -121 45 222 99 101 716 886 -993 -673 818 304 121 367 -42 -18 -814 -783 627 -136 -952 -390 204 -839 -243 497 -567 249 -257 67 145 -210 -393 -413 572 -407 -79 -215 -162 -218 365 -254 -232 65 -56 317 604 -285 147 813 541 -575 251 -247 737 321 189 798 182 -395 400 148 275 -83 -902 839 -531 757 -628 -479 -220 613 -596 864 -478 666 -366 -5 180 239 -166 -78 -528 53 83 155 108 -382 -850 578 -307 567 -7 -51 83 -306 -957 -171 676 150 -615 -1032 -387 -1156 26 276 -319 396 -38 -180 -1016 -204 -311 409 -637]
[64 -605 -239 -454 -216 -641 -660 446 794 -573 82 -259 387 -382 -162 -108 -374 -171 -150 -128 311 -192 1190 -663 -209 -319 537 -807 -475 -280 -317 -404 -511 -329 -629 255 -87 541 253 970 -1476 -70 3 153 -193 -268 256 -129 665 369 -329 -426 -290 -408 -180 29 -1 -788 130 517 -612 -386 88 -7 546 -774 78 -686 502 -691 507 122 559 -372 -102 324 97 49 -427 -240 -891 -288 -165 -897 464 294 -393 -558 -697 -152 -279 -167 -61 -949 638 120 28 -1219 519 -440 525 -405 -298 -161 579 22 542 180 138 852 -284 -674 -466 -154 718 -256 -328 427 -468 -551 -507 -331 463 56 -738 618 717]
[-223 -649 232 -170 -350 575 -272 281 580 928 260 121 343 393 610 -495 -572 -404 -172 130 -273 -159 106 114 -168 518 -402 -699 -356 -738 -123 -453 73 1014 -135 -88 -911 -427 36 556 -147 -897 166 -407 -273 725 388 929 66 -27 194 1482 -128 39 -25 881 -504 -121 -187 -396 479 -325 913 -121 88 352 649 446 0 621 -333 -617 -508 597 -266 -861 224 695 -406 -99 86 522 412 400 624 -376 251 66 -80 -25 -48 42 -14 -246 21 -345 619 948 -30 551 -289 -471 -889 -67 -607 -138 -277 432 -518 -288 55 -83 435 949 -394 -402 215 -225 -711 105 515 14 -743 -368 -53 -617 -885]
[674 10 101 1068 -442 381 -332 -835 -963 103 772 404 200 -671 1494 221 170 -86 239 -850 -408 251 135 -1108 276 178 -34 173 -140 -10 -948 -319 -207 -77 -631 491 -1790 -35 -348 -1061 232 -458 257 -419 -321 981 262 563 -187 -259 -140 143 195 354 147 -727 84 -236 143 205 -213 -61 354 808 -222 -222 -162 669 -764 -657 -659 -925 198 -165 -109 -106 483 553 -224 83 -881 -372 -26 560 294 -473 563 -97 625 -919 -239 -245 -72 -11 724 -556 -1047 590 -154 -1148 341 398 -711 560 -319 509 343 -234 350 -166 -308 0 378 238 432 -753 849 319 685 -885 699 -786 -859 -121 -450 -382 -225]
[480 116 192 -118 -475 -514 -571 16 1 385 89 -205 383 39 0 72 -196 -136 -967 37 620 -553 1078 -31 474 133 469 -153 228 649 25 715 266 1064 157 -178 -120 148 209 82 -428 -990 10 89 55 -179 -120 -1147 -1012 -675 684 -743 -434 -734 384 -588 -630 -283 -20 1 -1053 -725 875 -91 -106 209 178 40 -523 -564 59 -567 -259 -499 85 -850 1013 -477 -529 -367 63 -183 436 -544 -104 -84 -833 -87 -115 200 -735 -224 -131 371 1196 134 -142 265 1588 497 -101 -1253 46 462 302 -1631 217 359 183 213 -53 -574 538 713 -169 -107 -157 545 649 591 -402 -271 563 1087 -66 364 147]
[950 -435 -169 1219 989 -120 330 219 -460 -175 434 344 118 7 1060 -42 342 234 139 -969 294 465 84 -471 -738 -100 208 483 -381 -40 22 146 -46 -686 -329 453 48 395 213 -834 -312 53 112 1018 -24 -143 9 470 -36 34 -723 -847 942 -426 13 149 1732 572 279 -490 -1097 281 184 225 324 366 -224 -371 453 -433 -95 -346 919 -301 648 651 -488 471 -482 -116 -537 -919 -517 378 1003 145 1029 -91 -1041 139 -827 -308 746 -432 16 -1202 -655 -682 -554 -608 578 328 202 -3 724 709 313 -676 85 -339 537 -758 -656 596 -404 201 421 410 158 -803 1335 -254 655 173 -300 21 -89]
[364 235 169 469 86 -177 758 -487 304 99 -255 262 -860 837 470 -36 78 1 -909 -154 242 569 523 612 -1013 33 539 83 170 823 670 452 -411 522 570 -265 619 1165 78 -347 -546 278 857 -337 -489 18 317 505 -620 -77 545 410 -319 -12 306 -372 -51 -211 730 -685 -340 -771 1137 643 615 936 241 531 439 -627 35 551 1329 -575 -263 -222 90 -72 278 -167 -862 458 180 482 -341 -693 347 724 -420 474 -96 419 933 47 614 -57 -273 494 244 733 235 799 -20 458 722 -440 300 748 424 -123 -157 -276 25 604 322 -33 -56 -105 1486 -897 -295 -885 -727 994 -1011 -114 101]
[415 431 521 239 -143 -320 326 -1623 523 1103 -539 -1183 -1 740 900 644 -437 -288 -688 693 -198 509 726 -641 365 -115 -349 -161 81 108 -527 -239 -323 362 -353 63 4 -433 -71 163 709 -123 -211 603 -6 -75 306 86 -330 -627 710 -447 -166 -131 235 205 91 -641 -349 311 -185 45 -424 -51 1045 -887 200 431 -690 -10 -278 -548 403 -406 93 -752 367 -461 -492 591 385 -867 -437 982 501 -815 235 -127 250 -85 -1116 161 532 37 -406 -1253 132 -77 -257 426 322 -110 747 -807 -175 221 353 178 -320 -341 -567 600 431 449 279 1434 599 -138 -42 -730 926 266 -884 -342 297 401 783]
[52 -625 -551 904 275 -373 130 139 794 769 -749 45 415 298 365 -105 412 452 -518 30 65 -615 20 -755 -475 224 -56 -891 -429 385 275 207 376 66 78 -234 -877 485 168 -370 -1267 -796 432 293 -222 -966 -73 404 -882 163 252 -657 521 -1050 175 -215 678 -304 115 800 101 157 151 211 -179 -30 -29 -488 240 -539 -691 422 -228 354 -1422 23 0 -791 -245 30 -107 -233 695 -491 5 37 237 -1111 469 -138 -508 -260 288 172 -447 -224 -173 -405 -68 -461 240 777 765 -141 625 51 712 -327 752 -32 -310 -570 396 759 403 230 -245 458 329 -847 -39 -354 -142 137 -527 -467 120]
[43 4 272 -118 -1187 288 671 -726 -57 -376 -166 -749 -59 -243 -294 242 1413 294 -78 -153 -1088 -400 540 -914 746 936 -524 -655 -507 -553 617 835 -623 159 200 454 -266 -376 -71 34 49 652 -115 -373 -533 959 380 919 -503 -852 83 510 -384 -532 -189 -252 640 -97 -430 -480 476 306 -638 169 -183 -221 395 442 417 1242 0 -75 -427 -76 -406 -348 -556 -546 528 1338 407 -634 -865 1027 -342 -898 105 -69 -303 -75 -469 -209 -683 256 -547 -147 1124 154 -658 -550 -982 86 -171 -520 -529 -842 43 160 -565 -533 517 633 -489 -345 48 -900 -368 -572 -225 -1306 559 -255 -146 -910 85 1174 -571]
]