[[-141 -637 -374 -155 -55 -154 176 -67 66 -4 480 108 181 249 442 -7 -787 457 640 -121 79 -46 -170 40 99 619 -32 141 157 243 99 -257 107 -106 241 -331 -58 151 302 -91 15 -708 49 330 231 -430 329 -20 -347 -154 -153 -267 -764 84 -552 521 -67 -229 38 129 408 327 314 -174 622 299 -242 -270 68 -380 -464 63 -509 -245 -562 -571 -432 -9 87 -41 -588 127 321 -199 -325 595 396 558 30 205 -79 26 -74 -603 -277 92 355 -361 71 537 405 448 231 200 -525 -249 -706 -106 -31 -53 -60 9 360 -90 -480 121 -78 150 309 -290 523 -238 -401 -337 32 -440 116]
[-415 -352 322 78 -151 -58 438 -476 34 39 358 -291 -363 240 554 94 -248 -89 220 -135 98 117 -278 -350 -334 179 -372 5 -556 61 -389 70 -75 -326 477 337 -479 277 120 336 -479 -38 127 589 -75 -601 241 544 624 278 253 -225 -205 45 -155 21 212 554 -189 127 508 -220 -27 -659 263 -11 151 136 186 -664 325 143 -122 -421 9 -148 185 -245 -434 129 180 -83 -379 -17 -150 -100 -477 432 271 425 -305 -493 -162 114 494 795 316 -20 85 521 122 -644 -271 -90 -497 352 -109 442 -367 29 427 -648 -62 400 168 34 -516 145 752 73 244 -36 -348 546 414 526 550]
[-43 294 -303 -54 57 605 -404 -25 -425 -90 17 180 149 72 536 -178 300 -267 -291 186 -52 -37 -92 -81 575 -282 438 67 212 -205 486 308 -616 -178 -444 209 16 186 72 93 -193 -480 -214 -254 337 221 -55 -309 126 -625 714 -154 153 -175 91 356 -203 -7 74 -568 -798 -106 208 -153 -426 -598 -650 558 275 -14 172 -426 -68 387 0 834 -240 -388 519 -273 -77 463 -16 28 267 -345 -244 414 133 -670 340 276 353 386 58 -629 -20 -102 22 -242 -254 129 28 -43 335 315 -77 -826 313 -104 551 209 478 -299 -57 583 423 10 393 -251 -156 239 -325 -42 -650 -269 -781]
[-96 595 34 -74 -374 464 41 -114 -229 181 286 231 -348 -181 3 -172 71 280 -455 522 689 13 -366 -20 225 -82 346 276 -143 -360 493 451 280 316 -462 533 -162 -49 219 192 -241 -1127 -537 115 148 -105 349 28 207 -483 -5 557 -38 196 -458 507 78 -51 -44 257 -86 -616 -318 -577 -265 29 119 14 70 -274 -264 -122 87 490 -476 429 214 281 136 -466 -313 -325 -66 150 -254 -109 535 423 237 -640 39 273 629 99 -96 -331 -162 -169 -308 539 -128 503 32 -333 599 28 150 -687 162 -778 -59 -103 -503 -374 476 -121 109 55 58 -435 -145 -337 -61 -402 285 -229 -208]
[-181 630 232 462 89 -56 173 -177 -42 0 286 195 -232 54 203 244 -193 -133 447 -74 -697 431 -6 -530 -100 217 -51 433 -92 257 -275 -371 108 -433 -176 185 -409 184 256 274 -121 -491 -110 316 80 -226 137 -379 425 -378 522 -264 41 96 -75 760 517 -143 -338 118 168 -41 252 -650 334 -242 148 12 -172 -518 699 -357 150 314 463 434 -181 -813 -455 204 401 506 274 431 327 -153 -539 459 -211 -323 104 446 456 542 -786 18 222 -73 41 113 -90 -489 302 274 169 521 -489 -88 334 259 397 222 270 669 -390 -274 57 -45 -529 343 80 376 -277 167 391 154 -647]
[-501 -111 359 28 571 -90 -41 -1068 -389 -311 -400 -472 -209 -203 600 29 398 205 -74 -804 -400 167 377 -412 265 -1195 95 -4 -387 -107 24 -282 -592 -745 -706 -169 -93 -83 -545 344 23 13 -320 63 -99 -39 -273 473 447 260 140 -399 869 142 400 171 211 128 216 330 -268 -373 522 -30 263 -639 309 232 -331 -112 963 94 445 188 405 671 416 -375 -140 95 414 43 -84 109 -16 -424 -380 76 713 10 191 98 -176 476 -254 441 76 -361 -46 -201 -483 -461 -114 208 -399 962 233 -333 96 -197 467 -98 454 433 214 422 -114 -316 -464 59 601 60 -55 682 -107 490 -856]
[34 -134 314 -170 35 -385 1218 -606 -141 266 289 -250 -435 -259 595 -146 -37 297 158 -191 153 598 398 -356 279 -399 256 562 -70 -950 -61 -245 -117 -152 187 -453 206 -122 -406 702 -16 -89 -442 169 203 -568 272 669 531 249 -607 324 -425 303 105 213 239 79 -293 658 736 -49 -376 -410 419 -260 343 -752 -574 -748 264 393 -244 261 311 -311 412 -144 -847 -279 173 -524 -234 -365 -207 -40 -396 457 467 -412 -206 468 678 335 -357 596 15 -404 -83 814 383 -4 346 142 -115 247 156 -303 383 -277 542 -598 -17 289 368 -430 -657 -405 -497 -136 452 219 -148 641 623 453 446]
[38 594 -405 -163 330 300 -2 340 157 597 603 -366 -63 3 384 -269 687 -203 -913 1102 588 -62 -1007 2 99 -290 192 -400 61 -400 -271 683 19 -304 33 615 -626 136 428 36 -538 -69 -127 770 -94 552 66 479 -27 -236 -19 0 -98 -65 -47 -20 -432 -215 471 102 -491 462 -83 -264 -607 -8 -244 392 441 295 -669 103 -195 659 98 78 395 394 280 -467 -230 88 -422 -106 135 263 66 507 480 -43 546 -160 441 520 618 -378 -762 -71 -62 -500 -415 298 -482 -675 349 -167 228 -269 438 -287 1180 -151 22 -359 137 19 44 366 666 -418 -763 -69 -190 -321 -86 -265 -399]
[-97 622 175 -226 -435 0 -173 -197 396 447 744 112 -200 378 544 632 -477 436 -464 432 104 -38 -520 -92 56 883 -572 873 -468 -131 -407 -433 566 -173 734 469 -334 -280 310 333 -345 -172 -85 963 193 -168 367 338 265 107 -445 -314 37 420 -289 480 -101 -187 185 78 92 38 311 -219 302 328 505 -296 278 69 55 35 -392 121 -31 53 605 -414 201 -645 -558 221 258 -491 -1010 -209 436 572 25 -145 196 210 366 212 -191 186 146 519 -386 858 249 60 -82 -506 238 469 -460 89 509 -457 -9 -147 -122 94 -607 -11 -572 -5 -121 -328 -75 -148 13 -136 498 333 -374]
[585 -581 438 -28 110 21 -322 -123 538 -221 27 586 604 116 -51 886 -941 702 -172 -277 -545 332 -180 -223 322 490 -333 233 -433 172 296 -396 629 276 91 -31 100 -453 454 -392 346 68 22 -133 168 -347 -402 268 -106 -197 -357 -231 681 445 -188 -34 -154 31 -166 528 422 -177 465 40 339 548 127 -387 280 413 -146 343 49 -185 -374 -210 225 218 162 -38 -409 27 32 -12 -1177 190 171 405 -194 546 -229 -404 -28 -155 -404 435 177 584 451 940 -14 59 -191 240 -156 351 -97 146 108 -95 -809 -359 -336 208 -110 451 -350 62 -910 17 664 -261 762 -18 -48 -369 -341]
[-495 -462 -446 -61 30 -135 -305 143 39 257 -20 -617 188 -258 900 -248 318 -34 -48 153 231 -609 500 40 157 353 -136 274 -74 -722 279 -782 -225 -129 -189 -575 -18 378 -71 -45 -184 628 26 477 173 -70 -404 271 180 -335 -4 -368 364 -233 13 79 50 118 360 -468 -300 244 627 -26 -79 -685 -123 -69 -107 216 -52 290 -17 -469 115 93 -345 -909 870 -482 -562 499 404 -745 -240 3 -285 -106 413 -104 -23 -405 -423 509 -132 79 297 -190 -195 -656 4 518 19 -17 -347 709 -134 161 494 117 381 781 783 -380 -436 554 41 206 250 -341 176 -12 -1128 518 -605 428 -744]
[-208 -265 719 -302 -271 103 400 -589 332 527 314 -554 220 529 656 43 -184 140 -220 803 172 -226 23 -103 208 668 -789 186 389 -597 -243 66 -374 -270 115 180 -354 473 -50 -448 -685 54 307 609 395 88 -109 860 -59 34 -80 -255 -486 -311 -505 88 -260 -110 645 171 -317 -174 283 -388 447 -670 218 225 174 -105 120 509 21 -160 -269 -274 154 -236 531 -212 -587 -101 -11 -838 -731 214 168 -52 394 1029 -571 -448 -405 -146 -12 495 314 -40 43 5 -112 333 -781 460 -686 553 -556 384 98 -288 -245 -86 112 -633 -364 288 -736 137 520 -240 220 54 -897 12 180 51 -440]
[-47 125 -994 319 -1 -231 -289 201 90 -79 -288 578 -181 49 -1040 4 -501 -113 426 -46 871 430 -413 -9 -717 356 434 273 -82 662 -89 30 1183 -195 -272 81 37 531 471 268 492 -935 -101 -283 -275 155 -59 -429 -761 -309 -57 280 293 229 -885 204 -129 -367 133 499 223 -40 -495 42 141 801 187 593 -136 -147 -288 -548 -136 110 -1209 114 -513 642 -257 225 -241 -207 149 448 404 329 754 -242 -808 -23 132 617 227 -744 -518 -218 483 -116 -298 -540 179 610 399 26 619 -1045 288 360 -538 -178 -547 3 -447 -230 350 -193 -23 201 -220 -271 460 -93 373 -663 196 -607 776]
[-11 493 -361 382 183 35 -117 150 -45 562 -20 -37 -509 -51 446 -274 226 238 -996 264 535 205 133 -193 614 -523 -72 -73 118 -699 432 -42 9 -53 -816 507 -341 -474 184 -873 197 -35 -497 -147 -137 467 -455 356 -590 -903 -4 618 419 -77 -393 229 -604 -454 764 219 -762 -224 157 -209 -411 -735 -137 715 -100 -79 -16 -465 341 457 -755 129 -69 746 387 -49 -406 -289 -332 -779 -101 -70 570 267 277 248 274 533 220 -133 -264 -462 37 -103 -12 -857 -129 1214 -199 255 646 155 21 -273 483 -776 65 48 -112 -669 -109 169 -485 -108 -217 -584 890 44 39 86 -498 -19 -328]
[330 -61 474 95 -51 319 45 247 129 680 -549 -127 -294 -43 -78 -450 477 23 -313 1200 383 -396 -650 270 -8 520 463 -320 155 -214 -165 1354 -32 87 -369 157 -513 72 453 133 -525 41 -59 102 -71 512 -156 333 415 -732 -158 637 -112 -673 -215 -356 399 194 -200 -211 -310 -468 -382 -773 -424 -609 600 511 580 -2 -611 -293 247 -299 -787 -367 192 437 -140 -424 109 -28 -608 721 458 271 -17 -831 -22 568 148 -422 -263 -55 94 -215 -311 -409 360 -459 -435 -173 -548 -412 313 -363 123 101 563 336 355 615 -420 -391 320 -139 382 415 936 66 -656 -603 -613 -218 185 10 -282]
[255 530 -24 178 -24 -18 649 400 -655 -203 416 -105 -19 519 -384 -402 -368 152 234 -82 -136 28 -176 -70 -235 -10 596 63 -305 252 159 -147 -127 -373 -9 -48 305 -495 266 255 23 1 -215 140 279 528 -133 23 310 239 -132 -257 -775 225 256 407 -79 241 -443 248 -160 596 -232 93 -77 213 -223 288 30 -299 -145 -77 -219 436 -146 -507 -402 72 -763 112 93 -332 36 634 447 45 -152 602 28 -322 424 250 144 382 427 -379 237 -662 202 436 -13 -845 250 730 434 -391 102 -886 272 240 112 -208 -447 539 225 -436 450 -372 267 -187 709 324 609 14 -241 -356 -13]
[427 132 1 567 -312 553 -522 208 -120 71 256 138 141 -195 -30 877 35 -882 -225 700 -87 336 -278 -754 -452 -280 -451 -89 441 -61 -484 53 -40 206 332 129 -297 673 -415 484 141 653 -59 -90 76 571 -455 12 -138 78 319 -740 668 189 11 -547 -346 -471 430 206 200 -47 481 -269 10 -112 -555 80 -117 452 417 53 270 488 819 436 -52 -356 114 -51 -148 370 -154 -46 -345 -2 -607 50 -704 -22 2 222 113 137 -905 405 -446 1098 -174 -885 -739 -212 -38 220 -289 154 -342 881 249 310 185 -67 342 207 -218 96 -94 70 -756 712 -498 24 -236 264 -142 -103 -688]
[579 107 415 805 370 -260 179 77 172 954 495 170 -164 180 838 684 308 -215 -139 57 -1170 41 -78 -535 298 249 -408 129 340 -60 -407 305 -1015 -330 327 685 -606 -1008 626 -264 -327 591 431 140 404 -136 -133 -275 125 -611 419 -305 -178 292 -227 -240 -173 -288 -182 -400 598 -131 673 -919 7 -459 -390 -497 657 -20 605 -599 -802 -563 378 44 135 -254 -15 18 303 761 -459 -666 102 227 -754 593 -523 -45 879 390 41 -92 -193 -346 -1028 299 462 -18 -10 -624 -252 -437 16 -40 -1053 -549 1076 861 1285 16 240 674 -1030 339 -91 237 54 585 -552 -450 -358 231 58 344 -520]
[661 132 275 521 724 -155 -593 -241 29 -108 -467 733 438 287 -584 799 -82 -438 -158 504 -645 -245 -474 305 297 191 -223 -600 507 930 -154 833 30 -383 145 877 -557 -736 551 -812 108 534 406 -1044 49 689 -520 92 -589 -241 196 -19 271 -401 -581 -658 -826 -589 204 -409 -262 -31 -189 -322 -433 -120 -179 65 910 330 -17 -669 -315 -328 -460 399 -14 513 423 64 677 574 -332 -396 439 103 283 -360 -1037 361 949 846 621 -999 -111 -489 51 666 237 -1289 -276 -47 -51 -184 11 -724 -371 153 341 668 159 -299 405 -574 -1017 140 -68 433 251 348 -197 -373 -42 -468 -270 -140 103]
[427 930 475 66 50 444 -362 -52 -57 -798 102 -41 673 -70 -692 453 -381 -156 67 760 -563 433 -842 496 127 -36 -174 -599 882 306 -420 256 842 529 83 -53 -715 307 9 -254 441 370 165 -333 11 720 698 50 -391 487 204 -69 -304 -285 8 32 -811 -229 429 285 -204 19 -136 348 198 245 -587 -665 176 186 -488 397 634 1120 1141 -452 3 174 -42 622 679 -203 113 288 337 76 392 376 -364 378 -232 18 149 -339 -364 -787 -617 650 -370 -381 -193 181 21 113 35 -303 -67 306 88 398 182 -47 278 -336 -286 -225 493 -364 51 358 -733 26 211 -713 365 -741 -100]
[-30 -193 -211 621 139 -303 -737 -638 -654 -849 -68 257 241 -646 -71 571 -187 133 315 -472 -225 -28 -8 -416 -434 380 449 -24 388 267 -25 -261 245 -728 -615 -144 -759 483 836 -249 473 -500 -279 -1196 163 -486 -104 -380 -320 -789 958 -511 744 219 -555 206 148 -470 -60 -165 1027 -587 277 -433 34 85 -540 -237 402 -125 903 -558 -281 -735 -92 667 -716 -268 -325 712 806 509 349 302 1024 216 -455 577 -428 109 122 170 -305 -626 -412 -175 258 -184 -100 -563 419 29 397 47 -546 -125 -629 -650 -345 490 515 534 726 156 -125 374 589 639 -24 653 346 43 -649 -55 -290 -323 213]
[-502 -383 204 -28 337 -211 159 -1708 -192 -292 -968 -102 506 -243 -165 -660 361 -236 -311 -439 186 -111 78 292 340 -553 -227 -432 735 -217 -271 663 -193 -1110 -227 -274 512 252 -377 13 -81 -292 72 -1062 152 589 -119 232 -704 408 -73 367 404 -254 -55 -620 -93 -407 180 -298 -390 -214 -662 331 -245 -73 190 24 689 400 1002 472 -568 436 33 925 252 269 492 160 847 427 429 -522 946 -231 235 -218 212 -180 -100 -38 -77 -756 476 -273 -150 -579 -289 -679 -523 -126 -611 -129 -427 -32 731 -727 -783 -349 571 -390 -82 -983 614 457 -240 69 280 204 -513 588 183 -741 -2 -34 312]
[-669 477 -292 332 -386 -677 87 297 -700 -36 414 519 -401 -466 112 -449 264 -51 -504 -358 351 -309 -85 -372 -94 16 -452 1142 -101 -405 437 -398 157 -220 -161 750 424 -289 382 193 175 -107 -1 -350 266 -498 -409 -337 491 -237 397 -357 548 141 -55 266 537 528 -702 -904 97 -77 -423 31 -823 -174 501 11 161 -281 943 -343 -742 -48 95 1208 -120 -703 -195 -580 521 691 -3 -575 530 -769 -449 870 182 -1505 316 502 550 743 741 107 806 -158 -499 35 -101 -700 648 -38 1019 626 228 -364 -203 -903 -358 -614 -122 -99 137 -517 -119 509 -317 201 96 349 -233 250 -63 1220 -265]
[-132 509 -607 183 -655 61 176 -604 -424 10 -136 304 -274 334 -138 -408 56 141 -552 72 336 -251 231 -192 219 752 -294 638 105 -574 -231 -315 -653 -260 -313 429 -16 378 662 -132 -308 -82 335 -117 323 -82 -190 -450 557 -767 556 510 -343 -215 96 393 502 372 -551 -678 232 -850 -798 165 -545 -330 185 797 -27 -941 1183 -775 -294 -697 -95 637 -308 -340 -523 295 673 382 -303 -12 689 -377 -545 173 263 -313 -365 -177 87 -83 522 -683 271 -657 -284 265 5 -396 -42 186 217 440 282 -60 -409 -130 -235 140 -915 196 184 -388 74 358 383 470 -165 453 -288 -112 -24 853 277]
[-110 -893 -279 136 -54 187 295 -257 17 101 -184 -300 286 -726 116 -235 1086 -163 97 312 1091 -575 81 270 -57 -419 57 -399 564 -733 1208 694 -776 422 -717 -390 400 301 -827 -68 329 -253 23 -897 660 -259 101 -716 -26 57 -16 -84 -678 -44 -199 -839 89 -820 -443 -307 414 -165 -595 -342 -798 -15 -900 -1379 191 -151 -273 91 -786 -230 196 730 -361 161 27 -667 51 200 -245 -523 133 191 -358 -133 465 -1096 -255 -201 735 -205 895 -149 -685 -360 -180 112 -207 274 686 -160 -674 -82 114 -554 -240 -251 151 -248 -24 -746 132 -111 205 1235 183 428 -680 -237 -669 -426 -705 255 137]
[480 257 17 299 233 346 -1 -683 -725 -765 181 94 531 -504 -389 -188 -236 -409 -23 10 -160 365 -517 -213 598 -736 -45 -282 887 -285 124 300 142 -33 -678 92 484 867 -335 263 570 -6 27 -734 115 579 -357 811 -560 245 108 -18 360 21 351 -240 -337 469 592 388 -501 140 -30 629 -13 -11 173 463 -16 233 260 730 1074 1496 528 289 71 216 18 239 -447 -624 -117 240 472 110 51 -413 13 113 -194 245 -82 338 -811 -151 -109 -312 -201 -903 -1052 -342 -740 920 -320 -151 895 561 -745 -412 -1001 -575 84 -221 935 -237 514 -856 -888 -83 50 71 339 271 -351 -1106 -471]
[-472 -624 -295 -345 161 232 349 -776 -166 301 -153 47 -57 -423 361 -822 -234 -538 85 -248 56 -157 736 -213 -141 -647 -487 -898 -123 -163 -618 -514 -301 210 652 -303 -229 419 -365 -105 -656 -13 -437 765 -580 -176 -417 658 151 547 -74 451 411 -215 -265 11 387 -71 395 -20 8 -328 238 -1226 714 -514 80 344 -545 -162 19 508 45 -191 19 2 -178 -407 1141 -557 -165 566 120 -793 -255 -24 -158 421 134 215 -101 -520 5 -400 51 752 136 215 248 -427 -530 658 -279 161 -1339 235 -183 589 -580 10 1028 -111 690 -867 389 140 -528 62 -345 352 -8 314 -383 238 43 832 360]
[188 -615 1026 -322 433 -45 459 677 -199 -49 -476 -157 340 -68 -410 -59 366 -464 277 -159 -800 -345 1437 -220 289 -804 194 -856 -210 -156 1096 435 -797 114 -560 639 766 -786 -533 -707 -369 -298 -686 -707 244 -444 -289 -11 70 -36 126 233 -80 -221 -164 -80 178 -89 38 595 300 -858 -109 -478 206 -612 -445 -520 -1017 -50 80 212 612 -292 -122 -165 -195 196 488 851 252 -202 183 64 -936 456 -4 -423 -255 -668 -88 324 239 -38 -629 560 75 65 289 -401 -429 713 345 572 -607 82 -169 -376 252 391 -583 924 -91 357 -161 -62 213 -187 -940 245 280 -537 -725 -272 322 -106 -549]
[-198 1150 -339 -428 -138 -461 168 280 -751 -394 427 445 377 -220 -879 -235 427 211 339 440 86 319 534 194 -224 -146 125 1072 635 474 -333 27 -461 595 -15 20 410 715 500 14 -358 -666 174 -185 86 -580 144 -1255 79 357 423 -590 382 191 -283 868 4 -159 271 -311 -231 377 -144 916 -117 284 -310 252 -607 -75 145 -489 -558 -220 413 720 -186 -101 408 203 640 -194 149 -76 840 -217 -36 452 -282 -777 244 1034 693 154 119 -740 -449 91 -640 31 -30 137 360 -562 1381 -321 -180 -1045 4 -308 -57 -29 332 -134 562 -438 -153 107 -49 73 -798 127 14 -537 913 -587 16]
[200 -1326 -677 -377 877 -527 381 -844 519 118 -450 -91 116 363 -368 -516 326 -623 622 -1194 -327 117 336 127 -195 -400 297 -1059 -204 684 -301 135 -475 -610 370 -111 671 -304 31 681 265 61 176 -483 -128 117 -173 416 -8 573 -479 1175 28 -201 -59 -900 482 -309 -45 423 659 -184 -1020 -592 544 -70 583 -151 180 118 -216 277 -626 -611 -194 3 210 273 133 136 64 -478 -214 -336 -23 462 -134 -862 -154 -131 273 330 384 -354 -18 236 -210 -223 183 -480 -103 -191 650 -569 -936 -650 572 979 -363 609 551 -237 20 -104 -67 -78 -145 -288 -344 -336 -470 -586 -35 93 -180 378 1053]
[-139 -41 -1279 310 28 1000 -790 -434 134 -306 184 503 43 -38 148 205 -386 -1026 -674 -104 750 -227 -101 245 429 -166 -377 -82 -617 -283 374 29 506 81 361 78 225 244 -388 873 181 356 -278 -269 134 200 245 224 416 301 44 587 276 -484 -30 -131 -496 -152 -82 -769 -583 -85 -1175 -694 -243 351 10 92 311 74 -350 -384 200 -52 -268 1090 -8 -507 916 -966 -1073 364 70 -565 -584 -267 269 -386 24 -868 155 -142 1027 477 -139 77 216 948 -138 35 -176 583 436 -884 -452 130 640 581 -505 -11 91 -203 6 -742 344 411 77 -267 305 -789 -9 266 -445 259 -954 251 -5]
[102 -11 -96 272 212 -726 577 -509 -272 107 -262 729 552 -1077 -289 -254 119 176 -159 181 -101 -388 841 -6 341 -239 -140 -87 243 -482 -738 -45 15 249 189 -451 -42 -790 1206 -616 -10 812 -143 -268 71 -127 -175 223 389 57 -37 852 513 -544 -148 487 -27 -57 -18 -677 531 -379 -942 -254 -312 18 451 -313 236 275 245 7 -174 -995 196 419 -524 378 950 -107 692 147 -212 -239 458 265 -499 227 149 170 -261 -505 39 -178 232 -316 -296 -161 462 -371 -477 516 -271 -721 -29 -305 575 -329 57 618 714 96 -360 -205 661 -137 -428 785 -4 387 -457 -130 -276 -253 565 227 895]
[-196 535 -370 741 -223 -2 579 -52 267 1128 205 220 248 -565 166 -85 240 -945 378 -398 -167 552 635 -545 -35 -205 -1310 1023 334 -721 94 -126 -223 131 -539 -116 528 20 -120 -57 600 403 237 -73 645 115 -92 -653 109 439 1004 302 258 -510 -533 207 144 -390 409 -429 -540 -438 15 -214 -122 -575 62 -590 -287 225 1073 -552 -16 204 516 988 -526 25 612 -312 -435 800 101 -1106 -143 -364 -517 -270 -233 -1379 -366 -110 724 655 -173 -271 -814 698 -168 -742 -573 225 215 119 121 272 284 419 -5 -129 -322 225 -357 -48 40 189 -540 262 -1272 516 -430 31 146 2 -651 873 -641]
[-111 -497 265 -638 274 -170 -1243 -439 -87 -811 335 -302 632 -386 533 -104 -617 278 -11 -612 -263 48 -916 1089 42 715 -72 -982 -491 479 -559 204 933 -331 323 53 151 -209 434 283 223 329 -100 59 125 -165 750 534 181 932 -342 -25 686 -318 -63 -76 590 356 250 -485 -522 257 -64 -302 633 -21 939 -575 600 531 -886 492 291 -143 84 -433 317 -438 160 -425 -498 116 819 495 -128 14 571 -31 -121 48 6 -890 -236 179 352 228 65 7 -134 351 17 -500 294 -904 -1510 -483 73 516 -3 352 329 372 1004 35 -556 439 932 -428 333 -240 30 -818 385 25 -522 139 -275]
[291 562 -1247 180 25 -20 -787 1561 3 125 822 485 -343 444 -922 111 182 -555 -1344 422 172 36 249 -471 -1032 -490 499 -332 -440 -112 -408 -891 -185 1118 709 -341 195 110 926 -643 37 1195 -256 622 -620 800 -731 -35 176 20 -157 363 255 531 948 264 -12 -191 -168 -48 422 281 -295 -206 -645 319 -19 1275 -493 541 -760 -170 260 -446 -107 -333 -287 209 190 -711 -834 -230 -120 96 41 367 63 -186 -243 155 -111 -9 -58 1033 -177 -137 -133 493 586 -312 -111 30 554 -97 761 -17 71 844 406 350 -558 81 -238 393 -383 -388 338 -264 -507 -493 -129 368 504 640 -940 -80 -113]
[503 -77 657 -99 -1244 20 340 417 -115 788 -634 -92 -179 -780 624 -338 -60 -247 629 490 23 218 234 148 538 561 1006 264 1148 -848 -90 59 100 -94 -168 -640 -18 -357 -59 570 -10 -245 -345 -502 96 807 78 278 -288 -1454 -187 207 -444 -487 -385 91 194 252 -408 -343 -365 -147 240 14 564 -917 -93 -615 15 92 489 261 9 912 382 -84 -706 -599 -266 -572 19 409 623 58 71 -292 -151 -196 -849 -163 -332 328 -163 -435 -1253 -191 624 -111 -354 -797 350 735 195 482 236 -243 -203 -167 489 562 879 720 468 -326 -253 492 174 -280 -343 189 334 508 -202 -234 9 -221 -273]
[-451 -530 -339 -6 279 -5 -265 -522 636 2 142 -405 -38 833 161 46 -241 721 -28 -322 573 223 796 280 -192 462 -865 592 -866 -214 948 -155 -598 32 -543 -483 478 -26 -383 -726 -464 -136 95 252 377 -194 209 -474 -275 439 -207 252 128 121 -358 37 -399 -350 954 436 -165 113 77 473 -75 165 -606 594 -187 -295 -80 -528 -151 -160 -607 -362 -170 593 621 235 -894 -842 -62 -909 -380 -163 803 -821 626 -60 -365 -43 -397 226 -231 -73 -127 -34 -356 499 113 629 141 -46 429 571 -379 133 508 -639 -1049 13 -339 -348 -888 894 -1040 -537 298 -1128 867 -246 -312 -247 -388 -400 164]
[571 320 599 -733 -347 -66 -212 1681 -331 -77 450 33 496 -1 -841 -344 -284 -222 -628 686 -42 524 44 528 -275 -88 -776 -279 436 -603 158 53 451 1389 271 -673 90 -556 376 -589 150 1125 -378 -157 -568 392 -586 257 -98 337 -186 -316 280 -403 -164 -257 -378 830 635 -125 -251 268 -44 424 301 273 -458 157 -180 812 -656 352 468 110 360 -1455 -375 861 423 -48 -499 -532 -350 -459 -146 -76 180 167 -71 882 -165 -465 -1401 360 671 211 -335 845 -183 -291 -523 857 9 258 842 -126 -396 371 310 -162 -499 627 15 -568 432 20 461 -676 -520 -237 -273 392 67 -97 -23 -329 -514]
[-261 483 719 -260 95 -268 -925 151 115 -170 593 -578 -466 549 965 784 9 810 -138 -209 -768 261 -1275 -233 257 33 -48 -51 300 540 -1265 348 -388 -718 339 -190 -908 -255 270 -727 259 -468 -209 511 -468 310 228 533 234 304 204 -1092 -453 340 548 609 405 -502 5 -420 -485 260 1238 353 476 -56 545 -90 274 -276 312 -545 158 -124 378 -477 323 41 -484 -528 345 706 241 561 -367 293 562 316 6 1338 134 -298 -443 -47 101 545 493 271 379 368 537 -348 -91 319 -190 203 -1031 -63 -55 83 169 534 911 598 -1402 110 446 156 568 412 463 170 383 424 -420 405 -1093]
[36 -314 -140 -131 -64 -414 70 -241 472 89 -7 -973 -28 282 247 -570 -216 413 750 -730 -199 21 -6 179 -47 342 403 713 -192 218 -727 -381 -143 -429 179 -229 493 -56 -9 384 465 1096 -121 262 292 215 -7 279 19 619 -315 -1122 98 153 136 -130 -509 -37 531 415 -967 158 219 299 1234 131 -351 132 349 259 -241 -179 -487 -641 -856 -530 -54 -152 -591 -48 -460 -958 -326 58 -319 454 79 0 -98 1620 567 -244 -516 -126 733 137 80 149 180 340 894 56 -203 49 -240 -694 154 245 -389 361 634 -133 254 346 679 232 -487 -437 500 -256 1107 258 540 436 -734 -280 278]
[268 -269 -874 -60 -212 247 -523 6 -280 53 291 298 191 -371 452 252 215 -461 379 -322 298 -45 585 -43 214 -519 -531 455 88 -318 739 -649 -246 519 -139 -201 605 708 -342 35 936 -61 230 -157 620 -498 617 -453 205 551 729 242 -219 164 17 415 -250 -306 486 -585 4 -220 -400 115 351 -741 -416 -487 -767 -768 115 -384 204 -277 356 664 -456 -334 387 -136 -786 55 -404 -707 -527 -264 -286 -519 -203 -1410 -463 942 606 117 -975 -664 -76 -45 -47 -559 466 344 1152 340 55 259 -120 174 254 -109 -1077 256 608 -164 -122 -76 51 14 -316 -423 -239 -318 -769 315 -143 42 -332]
[-171 -595 -206 -334 -1058 -70 765 833 -653 225 618 -282 -33 315 -149 -928 -545 228 689 -276 -72 -463 773 -277 -1161 288 212 110 -582 253 949 -459 -25 381 660 -43 512 376 107 675 -317 -516 -39 396 201 -270 211 177 490 713 438 391 -257 147 -227 117 319 360 -47 51 756 -57 -150 187 141 49 -593 146 -531 -212 -86 406 -180 -234 346 -1166 -366 547 -67 869 -346 -497 -66 -53 -485 -576 -250 813 406 -1674 -623 -319 -141 -176 592 -4 26 -204 -9 181 168 -483 587 288 606 -168 -10 -137 -133 -194 -747 -244 -527 148 1211 -61 -597 -421 -125 -201 -272 -739 256 -632 825 232 781]
[90 -732 -476 290 413 -86 -637 -323 206 -302 575 213 395 -321 -317 -255 -334 -570 800 -260 -861 1191 -431 142 184 -83 -748 -363 -271 349 -782 -573 157 413 656 -566 613 189 140 93 228 526 90 955 -419 148 557 -144 76 607 -196 -684 101 463 552 204 -216 180 -54 -229 823 771 -571 140 1003 1411 -661 -370 43 -503 5 107 -419 553 1656 -270 -170 -208 76 -225 226 398 -187 549 -89 357 -582 721 -122 168 -178 -84 -244 33 -425 -318 -985 103 -66 72 -879 169 233 -153 -7 -71 289 1068 3 562 781 -505 655 854 -170 -10 -335 -561 -1199 485 -1114 554 527 -260 893 -194 -143]
[-231 -833 -599 -29 -600 290 338 434 -426 99 417 137 -314 -453 -200 -359 17 -56 -289 -197 281 -693 802 -64 265 210 480 -968 51 23 317 -657 -1006 -163 40 -526 -274 -765 484 -759 -577 123 -42 -506 -352 417 27 63 -249 -1073 -75 936 -732 -858 152 -83 446 2 -982 -486 617 572 -916 -68 -942 277 -610 37 459 -94 -508 -132 -287 -860 -48 -106 -455 -58 -203 55 97 -19 607 -204 821 630 -150 -289 500 -136 30 -1102 -46 -19 466 166 -62 -424 153 381 65 -3 330 96 -676 -194 -32 -99 -621 260 119 -119 -192 229 -978 -241 461 76 522 -79 30 72 -100 -418 -630 250 955]
[-229 153 771 -456 -720 300 404 519 -19 419 -33 -449 -539 -479 405 -612 87 841 244 -46 537 -609 205 -222 -255 87 195 554 -465 -860 790 24 249 732 -470 -347 -240 122 -547 -360 -198 63 238 549 195 -175 413 33 -175 -577 138 118 -295 219 274 352 -80 202 -181 1019 258 -592 183 -36 32 -451 -805 -558 -405 -463 259 778 390 273 432 -534 -438 78 -1081 251 692 -907 -517 591 -153 -106 -71 681 811 458 -614 -610 -825 139 183 401 94 -716 131 657 661 268 -422 698 249 435 -479 -241 399 -353 -95 11 -748 142 458 -239 -119 301 262 357 202 43 -256 -339 172 59 412]
[-191 -432 -566 105 208 505 -215 -381 430 383 -403 -556 170 712 356 -195 -51 -414 241 -68 -270 -113 397 -77 430 618 700 542 459 -858 -160 39 34 -871 199 -611 -156 -131 -253 348 375 461 67 -215 413 707 154 348 314 -96 761 1031 -544 -870 -72 87 -365 238 299 -848 -868 -144 -558 -110 -461 -491 -151 517 746 219 9 -548 165 -409 -320 155 -166 -277 267 -320 -351 121 162 91 314 -493 -274 -438 167 22 -256 209 -442 389 370 -763 525 115 -228 -375 1135 439 -157 -248 567 -395 643 -382 197 14 919 39 400 -351 182 302 -144 -794 1245 -716 -421 719 -604 603 -294 339 562]
[-134 436 1273 952 -516 -530 172 -285 -209 -263 -910 -907 330 329 -858 182 473 -139 -600 65 320 53 787 202 -737 82 -14 519 -113 -372 -104 -606 308 89 -830 -396 435 -269 64 -774 529 759 -357 -856 384 404 -37 -185 70 149 -295 45 806 439 120 -218 24 -475 366 -201 -260 -765 -118 -268 -304 -373 579 141 184 316 200 -7 64 -145 -790 431 610 243 450 176 123 -783 419 -316 32 -376 199 -734 -275 650 -757 120 -463 39 231 -931 -356 240 86 -458 289 -289 42 19 347 156 123 -620 817 28 -987 801 -469 -149 308 227 -151 -469 -69 78 452 315 410 709 -481 -347 -259]
[-43 -942 801 -530 161 348 -211 -498 374 855 -260 -365 -161 -368 489 -148 260 563 593 -849 -209 -568 -186 -139 -124 52 -1070 -226 258 238 173 504 -138 -265 -234 782 -159 -438 -755 -528 -123 -749 -248 197 -526 -178 -268 148 -358 720 726 35 -368 -12 -644 -820 324 449 179 280 -122 -508 547 268 670 111 -304 -608 244 191 514 175 96 -15 -118 -349 513 538 -76 464 40 -12 -245 -33 -440 222 283 -834 334 288 296 -1076 -740 -257 666 927 -262 230 153 478 301 -109 -864 792 -776 -221 138 672 -1797 -697 -329 -197 117 -296 274 -53 -8 601 -313 630 -416 -549 461 -798 221 468 481]
[596 -858 384 -431 152 -73 71 -300 -109 324 -832 169 498 169 -368 290 -942 343 665 -16 -391 -354 614 58 621 1264 -201 581 107 180 516 -444 107 -205 -267 -420 419 287 407 94 -648 328 634 -549 49 127 -1211 850 -403 -640 -221 2 422 -457 -642 -382 -315 1337 -291 29 567 222 494 1035 90 308 118 -58 359 393 535 621 -304 -1196 -498 -334 577 271 -575 221 599 196 350 80 208 70 -185 -909 -3 864 183 -392 -489 -435 -352 501 738 -762 -60 -130 387 -281 -754 752 -520 -262 371 75 230 96 -931 -136 -193 -74 -134 560 110 -83 -567 -77 -196 -91 87 -184 -67 -204 261]
[-182 -1086 -73 713 1200 -363 -68 131 655 18 -1419 133 -341 -203 114 479 -243 271 1041 -780 58 24 -14 488 83 310 98 27 -199 728 455 6 227 151 -837 -498 -50 -293 -412 -2 102 232 994 -295 -742 -910 -269 -666 -176 -608 -232 252 797 86 357 -595 32 738 -982 -664 170 547 370 517 -572 394 290 8 209 -57 -449 284 294 -434 -483 138 308 247 182 164 266 271 -381 138 455 22 -82 -1180 -29 996 -53 -995 -873 376 28 405 201 -356 195 72 -81 -703 -355 -432 67 -322 529 663 -346 609 -542 -292 103 640 -500 511 182 486 642 -51 -231 -365 -458 497 -261 -40 717]
[77 75 -437 -604 -1242 -375 494 576 -294 -212 105 -846 533 584 275 191 250 -383 -160 285 507 -825 -45 -217 -332 -106 -230 711 821 -401 -892 -430 -860 -276 -34 32 -328 40 453 404 427 279 351 71 743 501 -271 801 388 176 757 -511 -378 -561 -698 106 -452 735 318 -454 129 -342 -494 1262 256 -140 179 110 30 200 318 181 -136 -690 821 -12 -345 93 -110 464 132 -290 -165 32 -548 538 -104 -173 383 818 -388 -941 -204 171 801 226 340 457 -212 -465 424 -19 309 172 -101 -369 239 445 -419 517 -300 411 -470 -365 37 275 740 -7 1263 122 -196 -84 -808 -59 -495 55 -500]
[-323 300 -353 217 1014 -594 125 -310 -167 296 5 180 -150 856 -328 58 757 -833 368 -356 277 1277 -244 369 -84 -291 234 -740 -501 392 69 229 157 12 106 296 310 528 -327 -174 132 -1054 158 233 -648 -432 446 -1053 -83 320 -49 66 -1333 422 50 48 476 -202 -365 76 -39 409 -40 -714 109 115 -28 -119 -442 -1112 158 -539 -465 401 -179 -471 70 -430 -180 310 433 191 656 -167 857 -253 -164 245 -724 -910 27 650 850 -181 972 -994 -659 -595 223 150 29 180 154 -61 -40 -44 300 -88 -144 576 1278 37 387 -47 -254 -197 -90 343 -205 248 1 468 634 -265 376 761 808]
[644 815 -846 -69 -761 657 -797 -411 -437 193 -432 309 -16 -31 -597 -577 -1046 141 355 186 356 -72 -7 338 -84 964 -64 -26 -669 662 -218 -677 1108 519 160 -119 587 79 291 633 -2 -121 -636 227 -59 845 -403 94 211 64 -122 386 534 -196 -622 359 39 -146 -91 768 -566 -210 -1043 224 940 411 -254 177 -24 -57 236 123 -300 176 -295 -420 -282 249 -486 -12 -16 -182 265 513 -122 451 722 -276 -732 55 407 -505 775 -90 -566 -147 119 162 -634 455 -15 29 993 336 74 -442 896 257 -220 536 116 254 -945 -413 547 -89 297 -484 -308 -556 317 106 268 -1108 -443 -271 165]
[88 33 -733 720 520 -58 -3 576 228 -472 -133 -485 -38 83 -374 -715 175 -416 -410 -381 280 142 -707 283 -1027 196 -112 -369 -183 397 111 314 -153 -767 -695 308 651 789 749 532 -203 297 -737 -646 66 322 -754 -1265 27 296 843 -899 814 157 -62 -695 -228 72 -552 -399 -638 490 -216 198 -564 46 -924 898 593 645 -149 -458 -950 43 -762 128 -557 -103 149 676 324 492 247 -59 1532 -50 -433 -275 -15 91 795 -584 354 976 957 -305 -177 -69 630 -670 -467 -1295 352 -86 352 -209 232 1 -271 401 248 401 58 228 158 245 293 533 831 -360 -256 531 432 -295 -1488 -734 3]
[249 -1722 837 -190 -233 -788 4 229 -220 582 181 -806 -176 -460 621 227 209 349 -145 -45 446 2 227 -774 -265 -65 -267 142 373 -444 -136 664 -861 -412 731 -650 1056 283 -756 -234 -166 253 -376 -417 185 -529 -128 683 -16 1311 -904 -766 -35 446 -176 -749 427 -189 334 -261 931 425 871 452 8 -410 349 -854 38 -278 244 478 -766 -643 50 -774 1179 496 -214 -321 44 70 -54 -857 -694 172 -111 -579 -191 -704 -293 432 -777 -42 -499 676 -418 -127 -562 -38 450 -382 -71 155 -174 -140 -299 -151 52 -466 -207 41 704 -221 -521 92 -543 289 -407 604 -138 -912 -369 -140 810 698 -448]
[-744 35 -218 157 -136 423 -176 292 -84 -257 -142 -249 -618 -548 460 -931 -881 493 -117 -445 8 -40 -445 219 430 -693 -531 -42 -1023 -318 -81 -230 805 -124 318 465 -163 -140 193 804 -344 330 116 753 -468 -402 101 397 135 -290 -228 444 668 -686 -42 40 -141 1218 -99 235 -704 -160 530 519 225 -291 -181 423 -367 -84 1 712 588 289 -582 -253 19 -215 -158 440 257 727 8 -19 -247 -479 426 969 474 -194 306 -593 -351 -283 -73 447 769 -23 -562 -285 -17 -298 -402 0 453 820 393 -281 280 -898 355 -349 -594 714 1045 -341 -124 -549 1027 -595 704 -11 -180 306 357 431 -778]
[-446 -338 317 273 594 -719 101 -119 109 1180 -442 -422 -759 -791 815 -394 380 855 749 -547 -727 281 620 -643 -193 -270 231 1108 -271 -541 -208 -53 344 -381 -297 -249 254 -612 -86 487 335 958 394 130 23 76 -455 282 225 -162 -268 501 1227 300 -9 -386 422 56 108 465 -424 -178 365 62 227 -739 414 -271 -113 -168 673 -93 324 -235 27 73 -216 -399 -916 -194 340 -514 -338 -63 120 -395 -906 199 -56 -528 287 -197 -342 349 -438 386 -212 -292 -120 -84 573 -691 -358 309 1170 -32 603 146 686 296 1149 -396 29 357 384 598 -434 -355 -631 -117 798 -184 495 816 436 1142 371]
[248 1444 705 411 245 -173 917 574 1052 244 151 -671 -555 -115 -1 55 611 246 -43 650 -427 -512 -658 -271 11 1332 -392 -134 216 -518 -1105 239 675 68 456 57 -978 673 -281 -83 -194 -62 669 664 -437 -1156 379 -121 -440 -400 -297 -297 7 -302 123 62 191 -910 48 -426 -18 396 613 -223 -11 112 1303 371 -24 -218 36 -623 282 -357 465 -574 309 -479 -212 83 95 -17 -642 223 422 138 -415 -260 680 1567 -62 -193 -229 -124 610 345 550 -7 625 128 747 -252 -989 12 -1 11 -940 1245 111 659 -496 987 -403 -400 263 -1160 -400 375 -679 619 -413 758 -122 624 639 401 510]
[-263 -354 1267 399 -172 -84 143 680 179 133 -260 -875 -118 -543 -381 278 -86 -231 -52 498 -125 244 378 -482 -542 -1196 -791 -635 1089 -210 197 350 821 399 -215 -72 160 -25 -529 -960 108 232 -391 -223 -528 267 -663 215 560 949 891 -199 -554 -354 -176 -68 -52 -167 -802 -129 287 -287 -609 79 -438 7 622 -598 -210 130 593 501 669 -475 633 -132 284 457 17 91 715 607 60 -132 -575 -188 -318 77 531 605 -1759 -623 -675 524 -27 1021 363 364 131 -92 13 -221 330 715 87 467 639 69 -731 -386 -1204 -617 -164 510 166 -485 -201 650 -55 -25 -380 441 66 410 737 928 146]
[-12 -692 -752 -292 -24 -288 -750 387 305 -419 365 1252 219 626 595 55 -161 -157 134 -779 -368 -259 215 -163 -35 924 313 120 29 484 277 473 603 -177 836 178 820 283 260 -601 707 -204 169 -720 264 -534 -644 -146 -572 -383 412 233 -167 248 291 -641 476 -495 -261 -222 20 469 384 -47 -829 406 -326 -364 669 532 -387 467 -499 -712 -482 146 -574 190 432 252 -389 343 821 38 -5 365 -363 458 -468 446 -174 -273 371 41 180 490 715 130 847 315 1064 616 -427 -53 -472 -908 -353 211 -630 -137 463 65 696 -628 -152 810 438 875 254 297 -181 419 204 145 -1246 -251 822]
[54 64 -20 414 -818 459 59 1100 171 372 1014 281 102 622 -80 22 -467 869 -72 208 400 -43 748 -182 -661 1416 -1017 1143 -92 -222 580 49 989 350 254 -447 -255 -446 282 -123 359 789 -449 -533 449 680 -597 -282 8 -570 39 455 -523 74 -276 -295 226 -465 -331 393 -159 894 -229 -324 73 29 -486 -825 -34 252 425 -336 -242 -319 201 -418 -1154 122 -1148 -163 -674 -626 453 -26 -133 -32 -366 415 -296 -493 -521 404 618 95 -981 1088 819 458 -38 380 1212 427 534 898 847 -38 -1160 -129 326 -571 -267 407 154 -298 286 -193 -731 60 -918 139 1481 343 361 489 -158 -487 -158]
[-839 -316 -149 558 -113 -632 230 -705 252 -117 -292 -307 -240 -282 403 -589 498 911 916 -797 232 469 699 229 -206 1000 -355 -307 89 -306 -169 -898 82 -229 -342 -1423 59 332 253 -192 553 -34 136 389 -225 -270 603 -463 142 389 -170 -223 0 493 374 -42 1271 -89 -277 -710 280 148 445 -205 -61 173 451 -603 97 -1060 430 -458 -160 -637 454 -282 -322 -386 -788 -122 -127 -137 14 -441 799 -413 -340 -125 24 95 -790 -186 -1269 -264 119 -188 -138 -1265 -431 756 143 -449 249 617 -455 -307 -114 77 -716 108 -93 204 148 558 -163 -477 171 214 -955 760 85 -245 770 425 647 707 978]
[-749 404 -412 542 -66 350 358 -62 245 93 1538 -362 -370 -94 -19 -683 -384 -413 -226 180 -517 -387 -444 -830 -262 -336 -711 -261 316 -155 -519 185 -346 200 432 492 -622 -99 338 328 -1042 -128 -275 835 343 922 26 338 799 1229 390 42 -486 277 228 -132 638 168 41 366 365 -459 861 -940 -378 -246 -100 -258 56 440 189 40 -680 548 420 -100 -534 -833 392 -637 9 332 537 -807 191 257 76 1114 239 -514 -103 -1039 157 261 145 339 -469 111 -624 269 -43 -517 411 472 -483 -29 -452 129 555 97 815 -249 -188 -870 -742 344 28 -125 -86 85 -121 -73 -822 239 -633 725 -157]
[-970 -742 -551 563 -225 310 -511 -698 -34 515 454 -44 -406 311 342 -708 52 -320 584 -1096 640 -49 -233 195 -1085 -207 -1331 1120 -749 313 452 -355 76 -94 -582 304 180 -47 -556 430 311 -727 116 1098 114 -67 182 -416 348 279 288 0 137 325 -227 -162 332 401 40 216 337 304 720 10 456 568 380 -609 469 225 621 266 -530 1093 -288 1135 489 156 -419 -403 -264 286 647 253 -279 -254 144 -122 695 -835 104 -97 -119 654 -247 388 -375 -241 -697 267 -24 -642 95 -25 -226 832 -295 334 -125 -1133 -523 -504 19 231 -168 -8 -87 -169 -213 189 136 27 -199 183 -396 242 -978]
[-1 997 -533 455 130 -12 121 502 -721 -255 273 -523 -475 -123 -64 -523 148 114 -347 18 -719 -513 710 -335 435 469 266 -390 222 -527 -37 -975 -695 207 -687 104 -300 -671 469 142 428 199 -465 31 389 355 -2 -475 386 -251 63 634 -114 41 -96 522 370 -216 12 -792 -84 -371 -329 -181 -440 -211 -280 348 -432 -313 17 -733 -88 -313 586 -314 -1075 -706 511 207 97 363 238 -60 436 -392 -341 858 263 -783 302 -479 -395 -256 391 -1435 -459 -825 -84 -356 417 420 1007 575 159 -589 -324 -1067 1133 780 859 1647 -224 -558 -164 82 767 -539 -235 80 -361 233 -1066 6 -74 620 55]
[-211 666 -45 112 -490 13 -958 145 -246 189 -30 -274 187 -370 -1279 -172 -520 917 -646 -250 505 -154 -318 226 -180 -98 -495 -361 -1024 272 441 -548 1510 429 -92 -74 271 -921 263 -831 653 387 -287 -260 59 599 -391 263 -236 821 -455 1 1179 325 -732 -84 -221 84 784 787 -628 -474 423 800 -395 351 29 -503 18 637 -8 365 273 -149 -430 22 -103 945 312 214 164 -816 534 -455 -141 -542 892 432 -181 -48 72 186 255 -194 260 -664 574 -80 -1194 -44 -49 352 244 70 1193 505 589 -81 329 -1037 -320 -89 -629 -968 498 700 -428 -51 -514 -538 1200 3 1449 -462 -41 55 -79]
[119 -292 1109 549 290 -130 590 -226 429 -98 271 90 -195 403 -170 -656 -1272 558 852 457 -522 213 -1048 -135 -268 1320 -768 350 60 477 -306 547 730 -830 309 878 -650 -427 929 -987 -845 -713 -66 -224 -349 130 -674 468 -33 -307 243 202 -749 -129 -607 144 173 399 -703 -298 105 789 320 -874 565 164 102 411 1043 -880 -112 -460 -641 478 -946 -447 80 549 -760 -295 880 213 -455 589 478 292 -377 225 -28 930 899 405 -10 -397 496 -133 1344 -58 171 70 713 -642 -807 1298 892 -369 -552 -48 -367 -491 17 -840 76 -422 -199 -727 -405 317 29 322 669 976 13 -69 176 -519 52]
[101 -433 -561 -601 333 -330 644 406 720 -63 -143 -473 -116 498 471 -852 -193 404 334 38 -625 -17 474 -181 312 127 620 -861 0 528 440 -158 -491 -660 -14 -317 440 314 611 426 -900 -153 151 73 -122 460 -514 -19 -73 -512 -910 -218 627 -144 -168 208 159 -84 -91 776 -135 1003 -30 318 282 226 0 914 -193 -142 -66 -139 -220 233 -22 -529 -8 -90 -785 571 -109 -551 -367 -283 26 296 -554 -400 54 56 690 456 -421 194 -151 -81 48 -798 13 263 -327 -369 243 -36 353 248 232 219 23 626 405 152 -902 185 -34 271 250 -888 -367 -1100 666 162 -17 -350 210 -1095 329]
[-156 49 -820 -520 -418 546 -409 294 411 376 235 194 172 793 -887 -83 -876 -558 -512 -77 693 -371 -153 443 -905 263 122 1705 -237 297 290 -309 -681 189 -187 315 -559 460 675 2 -192 -285 1044 775 414 472 741 -16 -144 0 937 -660 -511 -28 -421 878 -714 940 -151 152 -309 -1126 -22 -241 623 -301 -92 1113 6 -375 127 -898 -383 -761 -1393 324 -507 -428 -221 -782 -675 120 -333 -455 -165 -196 1459 599 -438 51 -174 138 -245 -214 390 -406 -267 778 -666 400 496 -73 242 35 924 -141 -701 -366 -190 16 -908 -583 -54 -575 -272 380 160 -459 1166 2 520 -157 206 -632 -390 228 -1144]
[41 -814 112 -320 300 -772 -14 166 684 431 -493 -319 934 -309 -125 -169 982 -502 -58 -79 210 -783 694 620 -241 47 -7 18 -388 -658 495 -3 678 -5 243 398 684 -374 -1032 183 -325 1432 490 403 142 -116 2 -502 43 1231 -340 -589 175 391 -197 -855 42 -83 427 -124 -426 567 -126 -240 -151 -117 -245 -1503 -186 654 -974 802 -757 38 337 536 387 -1051 526 -373 -25 -13 18 -504 -782 -317 -621 -496 291 -118 171 513 63 354 526 73 -97 262 95 -254 76 246 -158 -586 -659 -651 160 583 591 -99 447 -459 424 -421 -90 53 -686 628 -610 303 -691 -442 19 -390 413 233 251]
[-190 -272 -168 258 -394 -23 254 531 -202 -35 -257 75 -292 -651 -554 174 -698 -156 -243 -81 833 -595 266 -87 -580 -258 -117 413 -43 -126 -584 136 820 -681 142 -475 1067 -1223 -493 900 596 958 -1052 -216 363 618 160 -229 -575 869 -540 -500 125 -113 -252 -527 -124 142 501 -381 70 300 -14 1201 -737 241 458 17 -257 1424 427 851 -57 170 0 -329 9 122 -102 -13 -764 22 677 -123 -24 -61 468 -1136 325 -443 239 145 -531 20 -150 716 507 481 -775 -919 278 -20 -57 -205 -364 -473 421 489 434 -915 -445 895 -172 259 196 -414 501 98 -653 -260 -315 311 -587 -157 -431 -359 -383]
[-179 -336 230 -235 -685 53 292 -852 -20 1063 -223 -68 -297 83 367 -237 -441 398 -34 86 253 -437 -933 256 -814 269 165 223 1034 462 -985 -326 11 -266 288 -445 -601 -300 194 321 -214 63 575 1058 -599 977 258 883 -433 75 -258 -548 -719 131 -359 146 -266 -332 0 -616 888 -550 702 168 618 -549 980 662 499 616 288 144 -648 -15 -315 -623 871 248 329 -616 -808 69 -681 -661 -824 42 1032 170 516 606 -160 -80 -1532 -1558 -16 -343 -646 89 -418 -312 -130 -565 -741 -207 -317 -188 -217 381 -372 -270 -443 -252 275 -488 93 1 -264 429 2 229 -608 -784 881 -415 438 631 -623]
[-569 -255 -216 400 670 -111 -173 880 -270 627 698 -453 -410 586 -414 245 769 -372 -459 988 597 -503 240 -266 -1023 -576 -641 -429 19 -74 362 441 -1384 419 -162 327 270 -51 104 56 -118 1094 531 654 224 226 -10 -309 -291 647 235 -107 -183 -166 -124 -79 -588 21 543 -363 218 304 -292 -442 -699 -117 -604 254 381 -54 -572 -271 107 -761 65 177 -154 499 -382 116 -351 -915 -753 -178 -49 -80 -319 -231 517 -48 61 -123 -490 858 263 -35 -600 -459 -78 -71 -693 -413 -11 -367 473 141 -293 397 895 276 237 -676 -598 180 -586 37 -21 398 787 -427 -637 6 -836 -111 138 526 -544]
[60 667 318 225 -758 41 767 1112 -117 -17 1485 219 -493 528 775 264 -17 -290 -1161 -284 42 875 -1059 -1278 -125 338 -215 -393 493 -673 -352 147 -383 -256 1025 735 -87 -254 419 -191 -547 -847 -58 -528 194 -131 305 -286 -509 -173 -292 25 -380 1142 442 -197 946 -266 -576 38 1096 24 -8 -1060 -527 414 -270 190 99 -416 5 -366 -827 1058 552 -105 56 -781 -180 -196 -429 -317 -243 -822 131 -76 -321 1023 -851 -1186 333 605 372 -25 -231 229 -127 91 225 1148 136 -640 870 333 -137 -121 -957 -142 -41 -660 63 -431 -246 226 -1050 80 -30 -489 -540 362 -114 89 451 485 21 186 634]
[-203 -696 305 44 -354 -142 -257 -388 -499 -941 -293 -319 -289 -1002 706 -260 -183 -182 -224 70 160 -406 -104 282 -611 -1095 689 -542 -393 -622 487 90 -515 -129 157 -794 558 316 -841 817 -390 304 -1172 339 -300 279 -193 881 504 1125 26 -663 -95 -177 601 -316 -399 667 -485 -428 755 28 198 358 5 196 -483 28 -11 112 36 -108 -357 438 404 -686 -127 306 -120 -298 306 780 -91 554 -158 -192 -10 -7 758 -643 76 -271 -615 -284 -75 323 296 -177 -258 -77 -485 -307 295 59 53 181 327 -726 -26 546 527 -290 513 -22 319 587 -315 -211 379 154 218 190 -232 -324 -35 568 -599]
[-551 233 -905 6 -1256 311 -783 -1114 -1515 -880 154 481 -119 301 185 -163 -822 143 -255 -447 770 -7 -231 656 20 80 -384 667 66 -131 -47 -636 657 -111 797 -565 -19 778 -34 731 259 -45 -524 -176 -399 -485 -100 -61 -60 -280 42 -601 587 303 393 805 126 -138 -118 -618 83 -449 231 189 67 47 -148 25 -401 -330 625 -193 -34 117 -228 553 175 190 695 120 -270 662 165 -664 -365 -1037 6 469 466 -220 -190 1050 -39 -514 -328 -231 746 28 -586 -164 -406 424 303 -381 -416 1173 -447 243 -453 -1080 -449 112 695 500 723 -174 -722 -167 -92 142 110 417 -16 531 -95 89 1]
[231 17 552 -127 -810 -486 468 106 180 980 84 809 -612 -55 -261 -606 207 -46 13 -226 -52 -69 317 -161 202 209 -141 1238 -159 -93 -592 1327 -340 894 1268 243 427 -600 -125 556 -826 157 749 61 35 -741 70 162 1058 623 -108 589 214 192 342 -633 901 658 103 -395 163 -973 -256 -297 76 -202 400 112 -29 -189 489 16 -604 -1014 -166 -301 -15 767 58 -269 288 -335 -700 -186 285 -678 94 381 -601 73 -128 -238 -246 -196 765 167 -449 494 -213 672 -167 223 -425 -1311 1317 -1026 -235 426 -6 -146 357 -9 -496 -638 1182 525 -397 268 367 874 -1026 -588 -14 -411 631 883 517]
[-83 978 173 -369 -460 730 621 323 -569 -527 -419 1139 38 -546 -961 -348 230 -839 502 -215 -341 137 383 94 -276 -1134 -228 -349 -84 370 -529 278 358 878 976 -484 170 -498 -901 714 177 -99 497 673 -32 93 873 -29 -314 519 259 359 -406 -395 810 5 -442 698 150 161 286 -308 69 586 462 -19 35 -269 -828 -400 805 610 283 1404 1579 80 -619 -371 -358 522 968 159 -408 575 931 -403 -486 213 -193 -1105 24 122 -190 -145 -462 422 52 -9 -250 363 -483 -622 17 344 323 42 79 781 39 362 275 -375 -705 347 485 -81 643 -267 -546 359 -95 436 390 -349 1045 386 377]
[355 147 649 261 -358 942 1557 -574 -417 62 273 -486 -321 66 -39 69 -386 380 438 -69 283 -265 385 -68 242 103 390 -633 446 -727 743 -257 -508 -257 -393 370 -700 -1184 -350 -168 -218 -82 -640 -361 128 -384 770 311 51 10 425 108 -1597 -479 -508 -51 -397 -267 -235 590 580 -1085 -107 -1337 93 -477 -747 -1279 -492 -458 -515 -267 124 297 -543 -211 404 357 -264 560 -391 -827 -694 -1019 -573 234 -229 -80 639 238 153 39 188 -278 168 34 42 197 -183 1080 689 648 436 694 -1398 -165 -282 -156 -635 -138 13 8 -489 177 -262 -47 129 170 -197 332 698 -28 -710 5 -101 -237 1063]
[452 293 628 -664 -422 214 279 56 -888 22 1020 -895 -30 -422 357 -186 304 490 -316 511 -5 527 -288 -667 48 -73 580 23 915 -1349 212 -707 -251 504 -522 -549 -720 1080 235 -4 -247 -96 377 -26 -68 209 -662 1226 696 -99 -414 -263 -60 -250 -504 233 -386 221 75 827 401 119 150 99 772 -220 291 -201 188 42 -246 680 425 292 835 -537 375 -264 -580 -292 -291 -1053 -296 134 -142 388 -606 795 1102 868 -68 -596 -705 611 123 152 -184 -726 -19 583 -197 82 -677 1113 130 800 78 -452 -500 -161 14 -833 139 -545 893 -6 712 -448 -519 -526 20 108 -15 332 125 48 -822]
[-44 -484 -258 337 361 152 -74 568 362 -93 -202 552 -45 338 -281 -513 -709 -883 107 -928 -994 1410 163 88 31 -258 82 -1211 66 175 -247 -36 90 388 332 -1113 428 -25 -635 232 1083 186 69 -191 -501 371 822 -1091 -283 12 880 893 -977 -474 700 -361 616 -929 -667 -584 174 -183 -955 -755 160 -233 -278 601 -563 -554 -189 -1214 182 449 -252 -809 -224 49 -713 308 99 1002 -400 192 301 -79 -358 -43 -322 -566 -34 -135 -335 -1023 130 103 -552 555 695 230 -5 -618 1066 299 -574 -708 -570 602 31 667 -716 512 -186 1206 -571 -323 169 -1029 -756 462 -482 425 585 -179 -228 283 370]
[485 345 237 -803 -73 658 662 403 584 76 -687 444 -29 -372 -473 -342 284 -963 -318 432 66 -89 529 -140 267 -379 593 863 486 -753 -156 760 234 -44 -26 408 262 517 -488 367 -39 -310 178 -239 136 -229 300 -191 -413 -541 957 454 31 74 890 -40 -426 114 223 -60 -334 -438 -671 127 -281 -100 552 564 -400 825 463 185 1010 137 167 621 40 -360 426 -233 -269 -555 -353 562 134 -441 -509 -904 -19 -359 -149 306 270 -87 -748 353 326 340 595 -666 756 803 -840 -284 123 -151 222 269 76 -573 -1094 425 -337 220 614 206 -486 -151 -285 -241 -750 808 -456 239 671 -440 986]
[53 -609 917 -740 -300 360 319 627 -425 242 -1271 -628 157 428 101 -53 729 -204 85 225 68 -5 1375 -53 351 -854 1256 -530 620 -48 770 541 -196 -489 -458 63 814 -221 -1896 459 123 -13 -776 -578 388 575 542 -214 -381 631 191 -19 -454 -629 620 -159 -632 -786 -59 84 -1041 82 -530 409 145 -1364 -203 -33 -410 756 -351 404 497 241 98 -420 807 -31 46 470 354 -608 385 816 -393 -389 68 -857 419 -192 -677 27 117 -86 -232 274 95 -148 470 -522 327 381 403 281 -487 -139 871 -540 301 221 -244 5 347 236 -21 233 -187 -396 -363 -279 -355 -275 124 -241 -48 236 -71]
[-418 -582 -492 242 -858 -80 885 -277 575 -234 -332 313 -126 -476 668 -748 749 -272 11 166 -178 623 1179 -428 455 -302 -106 186 375 -673 -736 -76 -821 -385 -25 -91 504 -148 87 -356 -179 -135 279 -528 530 -235 493 -565 32 -922 870 1347 439 -466 31 -520 158 -426 422 -580 -269 4 -960 598 -942 -570 -126 816 202 -179 609 -802 17 190 456 345 -251 229 135 686 140 -174 109 -141 730 -169 -823 -75 128 -485 -72 -861 659 -637 747 -137 -900 642 605 -560 215 21 -326 -404 127 -839 903 -72 -210 32 405 -257 -692 -87 224 297 -144 -547 311 9 -108 555 762 254 0 154 1352]
[-374 236 583 -398 298 -248 31 140 203 591 -581 -97 -723 282 -69 -500 1304 -25 630 -346 -614 -1418 583 624 309 -721 868 -1279 -693 552 1022 157 -648 1267 -54 138 571 -438 -268 -517 93 -708 -95 -585 -438 90 557 -58 -184 -428 -214 1036 -576 -519 524 -43 200 204 206 -437 -735 -1156 25 -99 -26 -422 280 312 -88 102 -140 153 645 -129 -777 208 265 736 350 435 -303 -1294 20 270 151 60 645 -1636 245 724 -320 206 -204 -292 562 -345 668 -947 986 345 -386 -49 -361 -74 166 246 -192 571 -809 197 -1473 542 -25 -338 -79 -34 -51 -110 12 -866 -510 -750 225 -594 42 -562 907]
[-490 -678 224 238 133 -8 -334 201 -1331 385 -171 -279 -567 509 1055 257 633 121 -165 -553 728 -261 326 305 177 485 515 264 210 -1016 610 930 -481 -272 -145 -386 532 594 -748 605 -112 -875 -391 -697 -196 -560 -64 378 -91 -67 50 -464 -126 424 422 -309 -149 257 -189 -1090 -117 -565 662 -433 12 -236 429 -33 -454 -325 489 -255 -198 -1025 -763 -15 121 -23 193 -605 -559 -26 790 -731 94 45 413 -124 -54 -645 41 1015 -597 -504 199 456 752 -134 73 450 157 218 -543 -387 -167 -74 -695 -561 -246 -480 -500 618 594 220 335 188 171 -315 479 -210 362 -668 -521 826 -56 141 258]
[52 -390 -135 -287 77 -169 -182 541 -928 533 214 397 -373 -282 685 847 55 78 -308 -266 54 -616 -1115 -533 744 -322 326 -110 65 295 907 -65 -349 -57 -264 -95 231 -294 -185 670 455 -389 -254 -150 -385 -230 -26 450 -506 -1070 -264 -729 399 45 152 45 -296 70 -78 -474 260 -137 414 626 -332 130 131 -222 158 332 364 -66 -149 434 -154 153 447 -202 28 -703 -194 658 10 -410 -918 97 112 -130 9 -494 407 28 261 -196 -31 946 530 277 163 -176 -385 -212 313 -217 -407 817 13 901 75 160 -129 191 240 338 -828 492 104 123 -681 -225 94 -429 -590 35 -426 725 -340]
[-181 -599 346 152 257 39 508 441 198 469 -194 556 1060 1294 -83 803 -1584 -281 397 399 -355 -289 235 -416 537 1738 448 327 -234 282 349 -310 340 -482 666 -1001 653 90 708 665 -529 -230 59 -808 96 425 -525 743 7 -655 -282 85 -270 -437 -1037 295 -279 -38 -458 -743 365 365 -101 -361 -593 -40 50 463 576 347 31 354 -347 -751 -817 249 361 -383 860 -107 -666 722 691 -1080 -1019 268 205 -84 -185 -142 -149 378 759 -187 -193 215 1644 96 383 -292 -304 -58 -382 234 33 80 187 119 661 626 -837 337 -361 -569 22 165 7 48 -12 -1003 -249 457 -145 -157 -123 -756 -465]
[-410 -217 -340 87 -508 451 96 -1006 -1118 -219 483 157 -217 99 133 -115 -1164 -455 63 -1098 621 -29 -823 -382 -287 186 270 -192 54 279 -205 -611 -688 -254 -138 104 -201 43 -543 241 -234 -496 -76 -187 391 -197 684 385 335 958 286 392 393 737 -440 28 -344 547 496 -595 1023 -844 -74 -281 -760 -60 -62 549 356 -151 94 196 -291 695 -137 600 -188 57 941 -180 71 -75 254 -940 564 -619 806 751 -346 -802 180 -38 -541 -808 553 -351 357 -546 -868 -51 -475 -559 255 -150 -418 -588 86 -137 -903 -369 -793 -448 -10 -861 -729 645 150 -484 1198 99 -156 -360 -49 -204 -532 275 1312]
[-420 -610 -194 -1134 657 -448 101 408 547 -356 390 -453 165 186 745 -26 -332 -375 475 -588 -22 -614 -152 -576 -193 469 319 -47 -691 -62 -553 -246 227 -365 1008 -630 160 611 -274 215 90 123 -273 1085 -118 -904 285 419 535 714 -429 -420 -373 662 882 953 518 175 736 379 321 379 768 -242 488 476 -233 -171 172 345 -385 972 586 15 -114 -354 60 -76 -151 126 -555 -393 494 896 -626 287 386 316 27 624 -277 -28 -987 1082 -142 761 566 -641 308 15 344 464 -325 -182 -979 -407 -138 295 -299 72 202 834 534 761 180 -410 535 230 832 -88 -393 446 -457 385 -177 -513 254]
[99 -697 -313 519 220 -237 -381 1343 -671 -429 690 -413 9 -58 180 29 -1145 739 -535 -96 402 560 -143 -927 70 153 80 79 -280 246 128 -218 489 -246 114 -279 46 -763 504 339 75 -313 -1376 5 -467 -39 -1092 196 337 -478 -607 -241 376 -448 -472 512 226 -461 -15 466 15 920 614 214 170 -44 259 639 -146 519 -371 109 124 -121 -857 -1186 25 370 818 296 -509 -192 570 386 -611 351 660 783 164 75 152 -156 263 889 -1057 710 673 435 -500 -297 -247 863 997 87 343 159 -82 13 604 -344 542 637 350 361 77 224 -493 -151 -128 -730 1901 -633 -541 328 -455 -58 -665]
[-357 -761 -927 528 -590 -284 123 627 76 -33 -666 -354 89 374 -246 -157 -203 -129 287 -144 902 -292 217 -162 -730 321 -1180 -434 34 1061 -27 -820 876 -674 -395 -16 -4 681 46 -311 563 -362 -16 147 219 595 54 -267 136 259 -304 -232 215 -377 -614 25 140 -563 400 512 -70 510 -42 520 215 143 -204 -218 -235 -162 -533 212 -426 -17 -451 80 -345 -13 270 939 276 210 617 -517 91 347 568 -11 -398 -836 33 -31 1103 -831 -873 47 390 -249 66 -1454 -452 -64 1280 496 -463 24 -274 989 172 -428 -875 540 -166 -549 -380 -179 -587 674 -216 501 440 -224 226 -848 -132 257 -537]
[-300 -964 -832 -437 122 -320 -148 424 -200 -645 -299 1109 336 641 -699 177 -626 -151 249 -567 -462 -291 945 -166 269 239 1280 1022 -816 1151 845 -884 -296 -178 -385 -915 413 77 184 474 -257 -153 281 -515 -180 45 -1202 -284 -87 -1785 189 5 681 8 21 168 800 479 -564 197 314 255 -72 414 -353 -372 -599 1213 -241 26 -354 -412 497 -682 -578 -103 -486 -573 -95 269 -82 -168 594 827 51 -62 -311 -940 96 -230 455 252 385 157 -912 59 338 52 101 -586 200 284 601 101 404 -352 -128 422 791 644 -197 879 869 38 -857 472 267 -791 -910 -464 78 40 -609 171 -890 96 -365]
[392 673 -23 0 -88 -79 587 164 -591 331 919 172 -77 -110 510 -232 772 -481 -493 390 122 835 419 -453 354 -679 92 -28 138 -613 -202 -40 -532 -405 6 1320 318 -85 424 -152 -260 -721 -1281 467 230 -290 436 254 -64 424 302 -726 -20 714 -63 282 -1107 217 1000 394 135 147 766 653 113 -277 -371 25 -300 -177 190 -44 -351 709 -180 -8 -17 686 62 317 -134 -563 465 -149 -85 220 297 1184 91 -96 545 1048 534 -189 107 -149 -240 -499 259 -920 -10 534 -709 221 -90 -570 -107 -1156 144 -270 330 -80 454 -258 582 -374 -136 -83 -504 79 372 175 770 349 -226 -824 431]
[-144 -746 667 -40 -209 376 542 160 -508 -59 132 269 572 -181 961 606 -44 -992 102 -317 193 -679 681 -302 362 244 -225 -617 -46 -413 668 719 -162 -165 1038 169 421 134 -815 108 -128 -67 321 -1272 263 -436 1280 -100 385 4 413 -244 -786 9 659 -347 -208 304 207 -1125 -59 585 -268 -141 -577 -155 -1187 -1121 1015 -30 178 1001 182 81 453 402 -390 -590 -170 421 286 -404 715 412 -42 -724 -876 440 -777 -991 -909 -105 55 137 978 159 -15 157 125 407 507 -631 -754 -40 -1215 -33 272 -625 -691 231 343 -703 14 491 -50 19 186 236 696 -28 -559 426 372 162 111 -238 1925]
[-224 99 476 513 59 -184 193 -347 967 -95 -659 -109 -424 731 141 -741 199 4 410 -779 -556 834 165 298 -409 345 80 -171 66 -70 -335 848 -649 -664 -616 215 980 36 -227 -178 -427 -60 -117 1 725 458 -187 -916 246 32 395 -189 750 838 369 -526 254 -1183 -197 350 -865 -787 193 -954 -11 -920 -112 707 45 108 1075 -547 -71 417 152 456 -643 -437 499 306 280 -200 -239 -297 423 -480 -284 286 -445 598 -576 419 132 -214 -92 -574 -549 -378 260 81 -555 -72 -231 231 695 -793 -358 656 543 663 662 641 2 368 -170 568 -560 -570 -483 642 -141 304 981 331 138 208 -51]
[-1293 -1047 263 284 1162 -450 268 -167 -412 -598 -54 -517 930 -274 286 -119 168 -602 355 -909 -577 251 -137 -569 438 -740 102 -8 146 -284 162 772 -734 107 225 -1177 409 129 -561 710 -22 146 -21 -273 -258 -448 690 -201 -159 863 162 -1106 116 423 202 158 -77 800 601 -31 326 -546 197 -312 156 575 -875 -193 -37 -346 437 362 -411 53 169 197 -504 -196 755 34 53 176 -236 41 -116 214 -100 999 -60 -247 -558 -46 -1380 -138 428 182 -274 -28 -444 173 -810 270 -598 -687 -253 238 144 -547 -757 87 1555 -284 390 1 936 1435 -180 -377 411 -175 331 219 -306 355 166 -382 192]
[-422 895 -15 912 -749 5 22 631 -701 -59 366 762 -398 616 -221 -429 -150 -1276 -911 -208 853 170 -928 499 -461 -112 -946 -79 -751 608 282 352 457 94 617 1703 704 -501 -747 -504 -173 140 25 -9 143 -32 89 -537 -103 707 44 -345 -39 610 547 -422 15 732 -244 -979 -1022 238 -226 -209 -150 -171 701 720 281 -194 -107 30 170 1015 -509 188 535 155 307 20 -240 -241 144 -347 -404 -488 835 30 -590 -876 154 160 155 285 1182 -37 325 743 -521 104 -611 -500 -59 -131 224 133 374 538 -958 -647 -1023 -655 -32 -514 39 -49 -53 -392 82 423 623 27 264 174 -126 760 -186]
[-43 -156 291 91 279 -1101 -426 189 340 -98 12 533 352 51 -113 -591 94 685 -186 368 -241 235 -96 539 1030 207 67 -773 930 325 -4 830 -578 1130 140 1023 508 -23 826 -1078 -153 -437 796 -737 335 -567 -29 46 -581 -711 -587 467 441 -255 -236 216 -33 -101 457 72 -65 -856 210 532 27 -516 593 234 -478 97 -520 414 318 -909 -848 236 242 1539 628 147 464 -746 -251 109 -375 731 1180 211 -102 483 -79 336 418 -1122 416 -6 706 -480 -402 -117 -462 951 103 -536 136 -414 97 396 -69 -736 -1166 -140 -750 -419 -117 172 -537 403 -427 -209 59 -1311 -189 -473 177 -1011 386]
[167 -776 155 314 -300 460 -503 833 418 446 207 -202 179 24 299 -53 806 814 -793 1053 224 30 -405 -195 313 64 372 -976 91 -612 -239 330 -299 114 -616 56 -226 173 234 -1265 358 247 724 809 49 -310 -88 -541 -163 -904 291 -822 467 -778 -78 -84 201 -1278 -172 -323 -365 200 287 -3 -612 -738 359 427 49 525 -346 110 142 -796 -425 -344 523 17 -373 226 -52 354 -544 478 -238 373 -675 56 621 2006 -546 -843 -566 -283 622 98 -626 -318 708 205 -787 -100 -437 -99 -524 280 -539 117 367 158 -118 231 168 650 -286 -508 -421 993 46 1101 -483 -49 -585 -552 233 487 -1430]
[430 -283 -385 -322 82 902 -380 392 1429 979 -23 -105 853 556 -263 314 461 -817 -467 318 -7 253 506 271 602 353 -152 -710 -446 -1314 349 -370 10 818 230 683 23 -128 -543 -734 300 208 277 424 525 -361 142 68 56 -590 557 207 -214 -447 -297 -322 -764 235 -344 -272 -189 -770 -399 -46 -148 -340 -761 -638 -14 631 -62 244 -108 -199 254 203 285 -608 490 -147 66 -44 236 -677 -930 -118 -234 -231 -507 487 -899 -558 546 649 1338 -374 -580 843 240 766 574 559 86 -67 -247 454 816 264 167 822 136 -293 -234 -383 -137 57 -302 22 25 52 -575 329 79 35 -227 98 541]
[-401 -690 -633 -480 -594 329 298 194 723 985 -423 187 -165 569 748 -935 -545 380 542 387 -11 397 18 -350 444 293 94 656 -166 6 284 34 -387 317 516 -470 872 76 -241 490 -267 -305 82 489 715 421 -85 -261 228 -474 -342 240 771 132 350 251 527 -154 -305 411 -437 43 -133 119 -541 -211 55 329 476 64 75 373 -257 598 293 477 -194 -186 -135 -482 496 225 -243 652 -853 -339 -446 927 847 -15 -409 230 392 404 -160 379 170 100 210 1008 -817 -71 -139 130 985 628 188 -22 1102 -695 -114 -846 -629 73 -398 168 -684 -281 -162 -323 -811 509 212 44 246 89 -422]
[-6 -330 -743 -301 11 -486 136 1314 -2 -226 737 87 306 53 -500 -97 151 -20 717 -435 324 250 619 -219 -117 -588 447 82 763 59 223 -1513 74 823 -1 -1207 460 878 378 190 540 -434 241 40 -129 -49 -342 448 -387 -589 -497 784 -126 -152 454 253 2 186 -532 572 1203 697 -393 393 57 751 50 52 -1210 -228 -708 382 57 -376 375 -43 -124 35 -339 166 -203 -63 525 -468 246 926 205 181 -15 -246 -389 447 774 847 -1036 624 646 -545 72 -251 332 559 1483 233 -137 -136 -314 899 140 -216 -1113 167 79 570 -58 -954 752 -556 -804 -286 207 104 -317 467 161 -811 266]
[213 -966 468 -612 1049 -1206 264 182 891 275 236 -360 1044 536 291 558 -46 -6 -287 -377 -112 -463 560 -813 -207 131 -131 720 -196 -403 44 -757 -76 -781 327 433 547 674 887 -346 -256 436 612 452 -157 621 -244 1061 -45 412 -325 -769 -17 394 -87 -132 -609 589 1256 507 -124 327 -13 667 305 306 -267 861 3 268 175 1170 273 -125 -331 30 265 -623 740 568 -571 -658 -449 -589 -488 -162 -198 -366 300 152 -512 279 -681 725 219 510 51 -151 527 -865 46 -210 -857 748 -169 140 248 1115 -299 -385 -1068 -645 -50 424 378 -498 -1041 -94 -633 -550 -479 -236 280 -487 650 -787 302]
[434 143 -210 498 -202 536 -289 443 -63 -332 1099 38 -165 -424 37 786 -1098 157 8 -561 -340 -426 -357 -136 -216 529 310 307 -79 318 204 -161 854 -465 204 117 256 344 -461 383 735 -309 543 -384 474 39 -259 -320 -397 -255 195 -291 -531 282 427 -157 -591 -657 -1063 -233 183 1089 29 492 -444 947 585 -861 -26 281 257 339 385 92 498 466 -812 -829 221 110 -188 458 1084 366 -467 162 -439 835 -233 277 -313 -627 -396 134 -50 555 614 -49 425 1129 242 -573 -520 196 -119 165 -61 -367 -1262 221 -922 60 -573 928 -136 -69 516 291 438 189 426 856 385 186 -84 126 414]
[553 -597 657 -189 -566 813 -4 -337 -119 -866 697 -357 -129 581 -337 -139 -1027 195 872 -685 -983 587 146 -68 -12 -539 -390 -861 -241 1209 22 166 -690 -112 176 603 -14 -437 -496 -339 42 91 265 143 449 -164 4 -170 196 552 72 -186 -960 295 -56 -873 34 233 26 537 -395 148 127 -207 85 -357 -1065 504 -127 -746 -312 497 749 70 169 -534 -661 -469 158 906 -636 -436 -412 -534 35 -453 -319 38 -302 524 -295 -287 -559 -321 -386 -78 104 109 528 542 480 -965 -288 1208 -542 -61 -510 165 -853 -165 -611 -726 165 490 222 -18 643 -828 975 -559 997 -143 528 1128 -512 -562 206]
[-528 -1213 1086 -924 -883 -688 488 -353 -743 545 -431 141 -229 -844 471 -811 -314 -170 597 -508 392 346 1115 -486 -296 -127 155 571 196 -486 -376 -111 12 -60 640 -925 748 390 -621 -682 -306 -203 61 -12 46 -1139 329 237 -165 294 -566 -492 22 478 93 -77 1089 -198 154 133 942 -476 503 -734 501 -15 548 -433 -460 -671 5 573 -471 -526 -580 -401 -26 -614 -56 -576 54 -330 77 -304 240 296 -716 31 -561 38 -379 -238 -809 -706 -129 798 -121 -1005 325 623 425 -145 -423 639 -804 33 -637 -307 9 -449 -28 -184 279 20 -115 367 -259 -61 -264 805 728 280 -271 228 777 673 1313]
[-686 157 -55 -408 -1439 -150 294 -154 -425 298 657 -410 -304 992 476 279 -946 -238 288 -469 495 897 83 -526 -207 -113 37 459 -412 220 -1016 -1020 446 -1062 863 -529 -22 -183 71 577 29 193 253 334 159 827 526 228 -323 -741 -310 -805 33 -354 340 802 -208 -581 -67 155 -462 1007 540 735 340 12 219 368 -114 389 928 229 -19 -100 182 491 340 -791 -731 580 292 -351 1365 73 -236 -231 -505 941 140 468 -701 -247 -160 -68 102 360 755 -413 46 -418 627 -218 -111 190 -532 408 -314 248 423 396 752 219 -19 1131 -568 747 -901 -332 -102 141 1112 1133 840 380 -66 570 522]
[-173 8 803 854 -1057 423 -192 788 -505 -595 516 -230 -963 -265 -60 322 586 35 -691 369 -49 315 71 -512 -1049 -325 468 -620 -638 1081 50 -223 127 663 -119 175 -1082 -116 502 -591 -258 244 -106 914 -479 380 504 -107 837 -72 449 895 229 443 690 528 -125 131 136 564 691 -450 -217 -552 -602 -513 -36 641 -459 -145 -441 201 1453 330 751 -721 -518 980 126 719 -145 -974 271 1277 25 -546 -37 511 395 -428 -718 -781 -447 -31 -311 -425 -500 49 354 -488 -602 -232 516 -331 791 588 159 58 520 -73 42 -67 -598 590 365 585 21 281 783 -129 -89 -932 917 324 238 -81 -165]
[5 -696 -80 251 349 213 -8 33 176 -824 -102 -337 818 306 -416 215 -693 932 40 -832 389 238 -262 141 -293 -154 -608 338 243 614 48 -678 1153 -191 -4 -935 339 -339 -358 757 631 700 46 -83 637 -96 -265 -963 -594 755 -176 -940 1039 14 -170 -144 -604 -130 -40 899 -214 795 433 1273 -481 373 -754 268 56 889 -38 476 -947 452 -304 298 277 84 -163 626 518 -740 129 -321 -89 -734 104 1293 754 437 -27 -193 -235 286 175 199 486 704 -825 1026 118 -918 635 -163 248 129 -371 72 351 -954 -18 -405 325 55 -45 142 -921 -134 -213 -189 1014 112 1188 -239 -296 -900 368]
[-604 77 66 704 -125 -21 252 -342 -360 584 134 -893 -507 32 1286 -532 -880 -114 420 185 -204 -459 -706 194 324 -608 -667 196 314 -443 396 -105 -542 -310 -133 -227 -95 144 -177 -79 -98 1108 313 454 72 560 406 673 518 498 -517 -37 -470 -294 390 262 -290 426 -386 -951 -592 98 99 -563 212 -187 -758 -318 207 -1149 -10 -358 438 -21 -644 -368 40 -101 -584 -785 -487 557 -1109 -1222 -75 -19 -259 -117 294 -354 156 -999 563 -105 468 -170 44 -822 297 -322 -13 -785 224 519 -317 290 260 665 128 312 -97 -400 271 341 -41 991 -155 -132 1184 93 584 269 -590 266 -1453 848 -583]
[-391 -621 118 151 476 -413 -241 628 -807 -404 348 -81 -250 -637 439 -84 -624 147 -289 -358 -391 -405 -251 -515 -139 -452 322 -519 -629 261 269 -231 -34 6 -50 372 -184 -153 876 -337 327 318 -281 -372 -601 -67 -847 1100 -327 -451 198 -462 1830 120 383 -410 418 735 -59 -291 175 228 1010 -590 -643 -279 406 495 354 515 125 493 -226 -383 -300 -271 -95 51 -172 -774 372 214 353 -751 565 -126 -338 1013 86 978 245 -855 -387 -4 987 1114 687 -46 502 -708 -112 -280 -98 52 -376 71 -245 534 230 239 -298 -329 1012 119 -255 122 398 228 -661 87 292 -157 -456 989 -1657 802 -36]
[475 216 -41 354 -166 453 164 82 562 252 330 -374 -332 -208 -584 -146 -129 -69 150 -372 -238 -157 840 -274 183 458 -441 -342 -331 264 70 -484 -397 1058 -157 39 688 602 -463 -437 -137 -52 275 186 -148 -173 181 -318 -212 224 50 303 -451 700 523 138 207 409 -35 -52 230 121 580 224 774 -306 363 -566 -1137 -534 565 237 666 -582 1007 -22 -763 -658 -240 -260 -537 -476 453 390 -333 -36 -333 -309 -738 303 -840 -204 135 -37 -914 424 39 -286 257 579 565 47 -591 878 -510 -92 -156 892 -440 294 -878 308 -194 99 265 -109 234 -141 -1030 289 734 121 1001 846 103 -194 52]
[-511 253 -329 -59 -787 601 -404 -73 -460 -477 -354 415 -149 212 -644 473 -19 -148 -1029 544 665 -554 7 238 191 -299 -258 -48 300 -330 -194 1038 457 -8 684 -159 626 860 -724 992 -139 -103 102 -882 85 298 405 -90 -470 257 -887 477 -44 -515 280 -583 -448 -554 -25 -556 212 -584 -91 850 -415 131 266 -500 -688 166 227 284 2 190 -258 -235 664 -157 293 399 453 297 731 -589 -631 -101 714 -585 -520 -1008 -225 -372 -24 -1442 18 481 -369 1031 -386 109 289 22 -24 -565 -509 61 392 -50 -392 72 -363 333 -1236 -157 558 -57 252 -274 68 181 -693 -425 -561 -732 469 773 345]
[-607 -308 802 191 519 -775 -1170 219 -572 -1220 -439 89 519 -1006 274 -521 189 -18 -444 -122 -572 -267 59 516 72 -725 446 -768 919 -270 184 -284 162 417 -393 -81 117 -33 16 -1167 223 266 -135 -256 -122 21 -406 -307 -206 -308 697 80 1098 -57 825 352 105 223 -303 -646 138 230 193 8 -738 -449 -204 151 206 952 279 582 189 896 1209 -132 -156 -68 545 476 1500 799 759 725 1113 -235 204 559 195 -189 -454 -1117 -94 416 634 -244 154 -525 838 -646 -370 399 599 92 306 377 555 -260 556 7 562 185 985 -393 -571 643 759 254 368 648 -367 960 -682 -523 -321 50 -466]
[-62 884 692 -157 200 498 127 899 -327 362 -60 337 -616 627 -625 528 489 -256 -391 944 -313 301 -833 -205 -933 -461 822 -154 809 733 389 1804 278 72 -613 176 -731 825 185 905 -160 -604 533 -735 -292 743 -282 -691 -62 -177 389 -216 -1101 -646 -312 360 216 -312 -1155 342 -95 -258 -394 -532 -286 -389 94 -87 -394 80 146 -19 357 -411 -177 -94 300 130 -1260 247 742 27 -143 819 451 -75 -156 -523 241 -341 -519 425 603 359 118 654 383 268 436 180 -472 -902 381 -102 511 708 -588 7 485 -376 -90 -20 -216 330 99 -490 898 899 150 243 -1096 -346 -565 -780 274 98 -1098]
[-1604 453 29 260 -738 -213 -21 475 230 164 177 -870 -587 794 386 202 961 -592 -246 680 1133 251 -346 44 -1594 236 489 603 63 -381 70 -577 327 -39 -393 456 -669 941 703 930 111 -131 26 829 -64 -103 833 163 72 -41 968 -575 18 647 -1044 487 -697 393 -34 262 128 -551 -158 -714 261 -455 -297 337 143 -14 -243 390 -536 61 -450 502 200 -362 506 -62 -974 -246 0 -558 -571 -348 188 602 396 -763 -567 -553 -635 497 1605 107 224 -149 -702 -453 -116 -125 585 -19 1308 143 582 377 -306 -180 -108 -324 -39 -475 37 1066 -194 673 1111 -769 -246 -192 -482 -218 525 -56 -543]
[530 364 1155 199 -13 230 968 -26 -742 1172 55 -529 -954 195 -344 -696 157 -218 180 -95 136 -375 -192 -481 -1491 -159 91 213 634 -607 -563 640 -5 -815 -599 1491 -465 -907 -18 64 53 -798 -83 862 302 369 369 342 183 126 335 115 -258 -26 -366 276 113 137 287 623 203 -988 236 -1331 450 -1085 394 562 -33 263 686 82 187 1275 -266 -379 585 6 -932 279 -110 -986 -364 251 442 -353 6 326 -3 -460 205 396 -637 739 -302 -446 -276 -502 -169 -681 231 -918 -255 286 -279 -457 -548 -105 567 102 674 221 -247 468 393 -1138 109 48 139 679 -102 -133 -589 -35 438 273 45]
[-611 -824 181 41 -178 -891 -2 -507 -555 31 271 -367 -274 -560 -1236 -1178 1006 -62 -420 -458 1077 -227 1249 -122 -1650 -361 -121 -178 -493 -955 -67 218 73 -280 -299 -63 776 -76 181 -232 75 -64 -429 182 411 546 -717 478 137 1048 278 591 -16 10 -407 -406 1075 275 597 1084 529 -1263 -899 -382 -664 -534 58 252 -489 474 1072 551 65 -473 -227 286 -537 389 40 -143 280 -1005 59 -19 488 -547 12 -449 170 -677 -855 -345 -430 140 497 1397 512 -307 -401 -915 -145 516 286 847 -711 33 641 -114 -361 -1421 -23 -208 -817 117 1252 -632 -811 490 -518 52 136 125 16 316 131 857 796]
[487 -219 -188 166 186 61 -489 -484 -310 -149 0 966 -416 -756 -926 259 -536 -364 112 -874 -208 501 -374 -489 87 -1220 449 383 261 56 -218 708 205 166 -7 1104 30 -600 357 427 745 294 19 -650 196 -197 -415 781 179 705 177 -101 716 -364 -982 -399 -428 1274 -567 57 494 -1426 -48 62 54 78 542 415 464 147 -64 -742 446 -421 -1448 120 578 174 -637 -245 -63 -158 -806 145 -164 -561 -34 -894 -1042 22 992 -86 -651 12 -255 172 -310 147 108 336 554 -674 -234 102 -85 -687 880 168 -736 169 -352 -1044 -164 477 519 393 566 -163 -157 212 653 -783 365 200 67 505 424]
[414 -300 -203 7 -477 276 -180 534 390 160 -98 -204 -142 -615 590 238 664 -240 30 18 89 -201 -407 -520 1120 -386 205 -665 -723 -206 -106 117 41 761 345 -83 497 808 274 380 182 -261 56 -280 -110 -442 722 1143 111 -587 486 479 126 273 503 -432 -543 574 375 16 8 -767 -168 539 105 216 -726 -501 711 -27 -258 561 317 406 744 -402 687 832 216 224 149 -645 -563 199 -709 -17 123 -548 -316 287 -292 -369 119 -293 -420 14 -669 789 615 -232 56 485 -314 -448 429 -270 1103 477 -632 218 -277 -43 -678 96 388 -51 -66 -500 36 -746 -1096 -660 542 -125 136 -480 1067]
[-718 -125 -430 14 -525 25 -764 -631 -120 -99 -229 -525 -478 218 779 43 685 136 65 159 1058 -491 -503 505 -290 522 -83 575 -1620 -1053 139 -253 1200 -1352 72 -53 230 201 71 662 -382 -685 314 931 -169 542 48 953 435 -452 -201 461 952 -378 -95 -448 627 519 211 -447 -448 201 -687 307 -555 319 504 645 330 -246 116 -522 -34 196 -782 -128 422 -252 287 -323 -755 -45 330 455 -178 -260 59 -1143 23 -664 192 -1252 -314 489 657 -381 48 198 -668 -129 166 -164 -517 -485 833 187 1629 -221 288 -24 85 690 -1124 24 290 1091 560 -414 813 -957 -283 260 -32 252 -367 864 181]
[-532 679 -688 558 -510 -222 904 452 276 -45 394 -12 -105 -108 -580 -934 -349 -177 306 650 1349 384 -569 496 243 -492 -511 195 721 -699 -82 467 47 711 651 -670 228 174 -44 -140 527 7 269 -310 -279 910 571 -9 -576 565 -794 436 -1037 471 598 292 -476 -379 148 -255 -217 727 -770 442 62 506 -453 -304 -283 -973 -42 114 11 1287 -85 -630 -867 1023 -614 -218 122 -697 -461 -98 494 -251 767 -84 8 175 -539 183 357 -181 609 -837 318 -303 -572 -358 -381 724 -85 526 1248 -334 550 169 -607 -610 -552 -581 -1282 -861 817 -630 -28 170 534 -188 357 897 50 -744 -134 -879 635]
[-512 251 -543 -55 762 -965 -558 -152 251 247 -842 -377 -531 290 532 -629 495 459 754 -869 21 7 147 213 -46 -308 174 103 -123 791 -260 -568 -140 -609 -497 53 -90 -767 172 -837 -6 -526 612 1116 -685 1131 -447 156 -785 -511 -531 -344 -568 759 238 479 -25 -259 -60 95 76 89 -104 188 658 190 387 746 -551 -698 652 -502 -212 402 -277 321 -448 37 -17 -288 74 624 -621 71 170 445 609 -535 -52 338 1028 519 -709 -566 -603 -688 76 -1476 104 -857 -102 794 -487 542 57 -51 -38 -61 -257 148 226 491 -163 772 -704 444 274 164 242 -332 679 -246 216 136 -258 -242 -454]
[-295 886 545 1114 212 -414 274 1477 687 792 -27 -434 -214 -783 -544 -535 -56 18 -191 -556 -163 -892 464 -270 -152 802 -1531 -97 326 -93 -31 -169 307 246 -223 614 369 -138 412 -1341 -201 1180 583 -193 -687 -409 -345 -897 -556 -166 64 -170 948 400 476 163 715 -26 -241 -546 -587 330 -71 -996 64 519 -116 64 249 75 801 206 331 -300 -249 221 -77 -360 -89 -113 -499 92 -301 -630 784 66 382 -187 -1010 385 -394 -798 -943 893 -41 768 -138 77 -321 -9 -353 -876 -298 173 349 -93 -173 290 -961 -97 -1720 323 -1168 563 185 -521 -364 -143 -723 680 -86 161 335 -93 54 86 -260]
[437 -485 132 976 540 -291 347 443 -199 -308 1088 -540 113 156 658 -59 -138 -185 384 -477 -976 311 -76 -593 556 -176 -912 -224 176 -352 -79 318 -509 357 161 403 -404 319 331 -382 357 249 -80 -293 350 -468 -214 245 346 -108 545 300 -400 -57 -646 -283 280 299 123 204 851 89 -393 -909 629 -514 -41 -679 -335 -610 -165 -57 852 -758 309 -1075 -327 -139 -219 437 323 272 -65 -185 -157 986 -480 202 -61 13 144 494 307 -4 -599 444 48 423 859 -243 304 148 -138 138 -852 -165 -759 657 113 478 -95 494 581 821 -88 -1134 216 -616 204 413 -183 -837 -922 1047 -109 64 -271]
[-419 -1035 -346 -13 1163 -131 -473 727 638 -644 241 -32 724 -390 -388 775 222 -346 328 -664 290 448 -424 -565 -302 273 70 -839 -580 834 915 -299 232 641 -258 -565 -378 1588 -83 -249 -182 -306 861 -462 -559 -765 -382 94 219 -111 490 -781 846 -35 119 -418 846 502 -312 -540 542 53 472 -558 -336 576 -242 272 188 -299 -299 -156 211 -796 62 438 -205 -501 -455 192 263 579 -491 306 455 -278 -463 -199 -18 216 -499 -424 -669 888 551 1424 808 -193 482 287 125 -481 695 387 -487 704 -261 912 -1014 111 -1158 -201 842 -331 -69 261 -229 759 -720 54 225 11 -369 153 -26 258 61]
]