[[54 -346 -275 117 -244 -139 -259 -149 369 -447 -493 271 516 77 -505 444 11 -822 652 60 151 -623 111 -470 367 -539 192 843 -54 -277 462 612 -795 -335 1617 -182 -207 -470 127 -306 -202 -242 651 -222 -659 568 284 382 224 153 -441 685 58 356 252 389 -411 15 -317 126 -638 -336 15 318 -416 135 -142 398 133 342 -288 624 67 -732 -515 329 -832 -656 496 560 56 -618 -293 -731 400 -424 266 516 768 574 173 -505 -185 205 -363 256 415 -457 139 16 48 194 -197 -247 685 -241 -431 801 -8 437 -1108 537 -585 -71 611 -203 -625 -532 94 173 814 114 93 499 -464 503 -27 ]
[-479 -146 -278 185 -478 -286 -523 -613 662 122 -630 79 -232 -40 -62 460 93 228 559 -145 235 -575 -75 -297 517 -275 379 602 29 -722 -561 -261 -1049 421 1207 -6 -845 221 598 143 -140 -93 438 793 -176 -121 587 -23 -279 120 -133 645 -237 632 1211 325 144 -472 -345 84 177 526 -75 562 -1054 1165 3 192 238 261 -146 855 -257 540 -109 489 -215 -286 184 1349 244 726 398 484 -787 168 -110 997 895 325 -368 -548 484 -218 -382 290 459 -308 270 222 -244 428 87 98 -498 -115 -184 8 189 -489 -644 913 -403 256 136 387 -446 236 -12 -486 1083 66 53 167 -735 456 -595 ]
[229 -144 357 -122 -257 -442 82 562 -657 233 152 -407 -721 -352 -360 134 197 719 -226 175 579 716 -498 136 371 -536 -675 -1341 353 221 -337 -124 199 314 -957 194 -820 1108 -191 -147 -43 -20 -862 1076 1032 -586 -62 -360 483 -18 -161 -569 141 346 83 154 20 324 265 -350 -310 -101 39 354 -182 594 824 627 52 48 409 -279 91 706 325 39 356 543 -425 715 -68 187 372 -352 -660 265 -754 503 -55 -293 -97 -133 1503 -92 168 226 -521 -251 613 317 -13 398 -79 85 -231 523 622 -65 441 1069 880 -384 -731 355 -163 610 785 344 -528 712 54 -9 84 -273 207 -776 168 ]
[-288 -452 960 -456 -447 -525 -471 325 -343 -390 257 237 -210 -642 -186 522 -1156 378 9 8 115 133 274 250 -914 415 274 -924 -505 -219 -755 293 686 396 -742 594 109 -562 302 -120 -438 12 -263 747 433 -618 -1113 -1247 105 280 623 -123 -271 14 370 651 517 -867 -207 -453 293 976 131 -407 -135 1285 765 252 147 6 192 -1026 -113 668 169 170 -151 460 -689 61 276 410 681 752 -986 223 -419 604 -469 -645 -899 -663 390 335 1157 -191 186 -75 257 560 358 93 -20 -183 -905 -147 514 -490 406 139 389 -738 -424 -177 -220 671 613 184 -239 -8 59 196 468 789 -49 -924 867 ]
[-403 -298 -174 -395 196 25 225 929 -278 234 -206 271 -192 -42 -190 -155 1060 191 13 -225 84 235 -558 -77 529 -905 -322 -583 -23 -53 579 45 -897 12 1384 -183 113 -25 -750 210 784 170 -944 473 -71 336 383 406 -62 233 32 523 453 617 314 775 -789 362 594 676 -826 -1417 -26 744 212 256 -228 833 -56 330 164 267 60 246 -425 -51 454 200 1164 1218 433 -1181 -522 -925 493 99 411 -287 240 363 285 -434 312 306 28 327 405 125 883 -713 -398 605 -187 193 -636 92 41 1401 7 892 -851 -8 -104 356 684 453 -513 337 -212 1121 864 -351 736 -491 260 415 -53 ]
[556 -248 281 26 -886 -181 -439 -40 -657 -287 -537 -328 178 312 -205 728 -825 -307 810 694 578 -34 353 -257 -338 77 -667 37 165 15 -389 939 1549 103 11 191 -394 836 921 -160 -21 -72 109 13 34 322 48 211 741 -435 -298 -445 179 -699 -544 -517 -192 -455 -949 -986 -1080 -562 257 -220 100 -203 333 516 -57 503 116 -514 -324 -984 671 -68 -488 -42 -629 -539 345 -1359 -103 -124 309 -166 -99 682 407 -223 -126 -549 -913 -161 500 -180 -1133 -165 -28 354 907 227 29 -275 1051 79 141 -413 414 293 216 104 -139 183 -340 -149 -75 -664 -88 540 -184 581 82 681 451 230 703 ]
[-14 803 -87 274 -596 96 -375 -660 366 437 -482 -367 -264 750 814 1025 52 307 793 -587 127 -193 -141 -223 -682 384 -322 731 -43 -818 -936 -566 -517 -280 984 146 489 -58 498 -58 162 473 -199 -102 354 -48 871 628 -388 -313 342 341 -186 -555 809 -923 -98 -54 -272 32 39 -918 302 121 26 -810 -770 194 -687 185 -3 -16 -210 -529 571 119 -197 -347 738 393 607 -675 -55 591 -320 664 914 224 229 -565 632 -41 -1301 -776 -1105 486 -31 1106 -352 -498 78 -148 383 178 -359 -79 -657 365 -811 -774 -80 330 -375 -79 24 275 -1304 620 -5 -469 607 -859 722 -443 -50 613 -108 ]
[-265 781 -461 -492 -265 16 612 346 725 448 -387 -108 -724 976 340 358 44 631 390 213 581 418 -275 -388 -273 380 82 -446 622 -557 -571 -433 -464 279 418 -615 -339 579 -414 -134 317 278 -608 523 588 -250 384 405 355 231 -568 -242 -170 428 452 -812 -550 583 256 -99 -586 -750 454 416 -596 309 308 -244 -17 -79 424 699 57 915 -53 394 363 -101 44 311 162 564 488 -566 -823 840 -229 644 524 51 532 426 345 -91 -1319 436 -407 295 -522 133 381 1275 306 -516 -489 -212 669 -287 -736 242 710 -646 -1092 -131 306 -2 -20 1517 -13 317 -419 -162 166 -768 -40 752 77 ]
[67 -551 -600 -270 262 481 26 -1039 -958 347 539 -140 160 -908 540 -904 593 -86 11 -325 -2 347 -288 592 255 197 -765 186 147 31 117 -209 91 247 -300 -436 -40 -218 241 1135 179 -767 -294 640 -583 875 699 1147 228 -374 -57 245 -227 -550 -739 -585 274 -543 179 453 419 -382 -45 223 323 -959 -880 59 -252 262 -78 -220 149 -324 -47 -1026 295 31 239 -239 975 -241 -304 882 377 790 831 -305 87 490 -230 631 -963 -959 1213 -217 -345 139 -90 -706 -794 -886 525 358 -730 57 -125 -390 643 -782 -116 1008 1550 37 -1084 -232 -577 -110 -798 -437 -104 542 132 247 745 7 -59 ]
[378 -549 453 -362 -117 444 -384 -467 -533 337 -559 -92 450 -707 -104 495 -141 -443 735 -148 240 825 -527 -195 -643 -608 -528 288 391 485 -541 413 835 197 42 -120 539 -1051 317 -309 53 -436 -446 143 192 363 -52 504 -675 -126 -526 330 323 -636 -444 -682 658 -10 -371 -835 120 -611 354 47 -55 7 -413 425 -152 310 -89 26 -172 -1419 19 -462 -206 -683 727 -892 276 -620 159 392 262 660 1171 39 -505 179 249 -211 -647 160 581 378 -178 166 597 -435 192 -726 486 226 91 -153 -253 297 -343 20 -694 906 346 -546 -601 -128 -824 -272 -991 519 415 -261 179 132 1 -782 695 ]
[-975 794 -856 -196 78 -600 103 -241 263 -505 -485 -355 -173 732 659 -854 627 -261 644 535 -25 -646 -688 43 232 -37 257 260 -144 -229 -387 -37 -1271 208 1388 -157 429 738 695 456 261 203 -322 -80 -645 1147 337 1500 482 -69 258 -112 513 -767 720 121 -725 -443 1038 197 -752 -1091 215 453 511 -420 -1024 -130 -434 -289 615 -164 -418 -393 -913 -425 104 347 977 515 1099 -42 -274 -340 618 -206 266 -440 879 291 189 205 -1108 -523 -55 -204 -654 615 -724 -1265 144 1069 466 -237 -821 -295 -146 242 164 -561 -282 -115 361 -406 228 26 -650 66 213 -182 -192 217 1236 -280 -127 1315 193 ]
[100 -890 381 -671 353 1348 76 53 78 284 118 809 12 194 -327 -94 389 288 -161 215 -249 -6 202 -452 249 -872 220 -847 420 249 708 -85 1379 -283 -607 -408 411 -278 -733 -86 905 -539 -937 432 -398 -206 -798 -505 -361 -141 -276 -924 318 432 -528 -23 -291 521 -342 -203 -593 -469 222 26 318 274 716 181 415 -111 122 167 417 -14 891 -525 267 280 -525 -115 -453 -858 -655 -975 1174 -128 232 -443 -772 1136 380 -137 500 352 6 130 677 -309 825 401 260 -102 -450 451 703 -162 135 224 68 911 -611 -615 392 314 125 -345 -64 27 1 631 917 -27 -192 -529 1108 -1529 -574 ]
[-269 -409 -71 -1176 -614 -550 -127 1982 -140 -337 346 -40 9 -225 741 -629 -74 246 -98 706 399 977 256 -22 -37 565 -86 -897 -824 -46 -213 534 291 97 275 246 77 1248 842 465 -140 348 -752 -56 -91 119 -747 -553 597 570 240 522 346 185 -502 428 -133 -689 576 -204 -977 -438 -131 -163 310 463 -85 853 -296 634 892 -966 -399 253 -588 436 950 334 119 -146 565 -44 -208 152 -115 -220 -574 286 212 -699 62 -398 325 0 1341 -381 -130 138 268 -255 241 760 47 -196 74 -481 1601 140 -569 491 219 -1161 207 404 206 327 644 210 624 1262 -814 660 118 10 821 629 1000 ]
[398 -612 434 -566 -356 -333 -302 75 352 179 255 -721 74 -775 -73 -648 -222 35 -230 -56 141 12 131 -345 1201 80 835 193 -388 -266 -963 64 -1925 291 -111 -183 -368 160 355 424 -643 -219 -305 -107 39 -71 349 265 -204 164 13 609 -741 386 -24 153 339 503 1127 388 721 505 -607 403 28 -200 -727 307 501 -393 213 271 513 39 -1319 137 -440 -324 524 646 179 1636 139 891 -1108 -50 -216 241 255 -620 625 416 685 -544 111 -242 340 -175 -604 -651 -365 -180 691 -408 -307 -421 362 -582 360 332 706 -337 -374 422 -231 -417 -450 968 277 -456 192 -262 315 -292 98 -203 -21 ]
[57 -444 849 -150 -367 -290 -553 222 -906 30 -934 -662 567 110 -497 154 -44 -931 -39 493 -823 -86 202 -136 537 -1081 -620 448 -1267 498 -240 1233 262 -187 -85 960 -20 773 1110 -731 252 590 -640 -1672 27 -212 -49 -165 56 -579 457 -720 -323 -375 31 969 5 -720 -441 63 -134 -544 -686 -41 1060 164 -196 748 454 144 -311 -669 -170 -1118 -37 36 -729 682 766 -372 81 -837 -455 -70 -83 -908 85 -689 -79 -247 -356 -1389 -538 591 548 -489 -250 -337 180 -1324 682 227 -271 -684 775 146 -68 -88 462 -56 -490 157 97 258 316 8 -86 -846 626 785 -35 -118 932 216 357 172 -85 ]
[-811 1068 -349 121 537 265 639 384 -565 385 280 537 316 548 498 -713 1297 -53 -700 255 -738 289 -405 722 -312 665 -635 -513 -323 -202 851 -357 -153 287 -416 599 923 1089 678 305 1040 292 -683 -242 194 506 -22 179 652 -129 264 -981 222 -888 319 66 -62 -376 505 682 -309 -902 -212 470 -31 -174 -744 -386 -873 205 24 370 -193 386 351 -249 721 1270 176 423 -173 177 -718 -334 -488 -558 -347 -1022 -141 -278 -751 614 250 232 -123 -357 -1224 720 -640 -1116 -56 290 -242 -16 -825 643 -127 303 -1059 -1038 -150 -543 457 -431 185 1028 422 455 377 -101 -1263 -66 253 -309 56 306 -358 ]
[102 -131 641 -1085 192 -326 410 492 841 -387 313 -591 19 237 198 166 -200 -43 -587 -154 -91 207 656 -580 126 975 1660 -128 -77 87 -852 216 -258 -924 -392 199 526 -505 -137 107 -11 482 -3 -616 -184 -370 -504 -272 -849 485 -51 52 -203 52 310 -413 150 82 731 60 616 855 -325 -1202 713 -114 53 -916 -207 -562 -6 -381 187 -179 -38 -217 146 -892 643 -460 70 570 -695 302 302 589 580 -227 -196 -246 1233 282 -539 -255 -526 534 1321 1081 -748 -143 496 -267 367 64 237 -658 33 -361 -777 -318 335 -1262 -335 -574 -67 5 -103 1291 838 510 -224 -688 246 -322 383 -381 -819 ]
[886 696 431 -46 -72 -57 -23 499 75 820 -1234 -53 335 205 -449 147 57 -161 691 808 593 66 -856 -64 -177 -357 20 42 -43 -105 -499 226 72 -41 317 -602 -598 919 5 -803 -407 -649 -321 -541 983 245 11 -348 447 68 -1091 -477 744 -241 -454 -128 -270 1134 -396 -1328 -1071 -1508 61 667 -25 -773 -575 149 -150 -686 180 47 515 -763 -133 624 -33 -92 425 -1000 -163 -328 -408 -555 -329 -121 -533 374 -618 -901 1464 183 335 249 -174 185 -589 -267 -347 -221 1068 868 172 -790 1540 -556 901 368 -1297 1022 494 -516 -1249 503 496 -509 166 -519 -184 422 -194 -489 440 -524 363 307 1054 ]
[-781 374 -755 277 81 406 559 -371 22 574 65 238 -799 1277 1053 302 605 423 -157 452 393 527 -224 -312 184 -382 -1106 -312 158 -543 122 -1245 -384 -424 -385 478 158 456 -366 95 878 869 -656 1017 480 362 681 745 632 106 156 -1020 -798 70 628 -461 -586 -147 846 1069 -506 -1571 387 111 435 2 457 14 -290 34 171 -275 290 473 526 -682 432 627 44 658 663 -519 -156 -158 -136 303 -143 -98 268 885 -957 530 -12 -671 -962 0 51 -535 -560 -143 -750 149 -653 -322 -1074 365 -294 383 406 278 845 -267 149 -287 -27 857 230 1553 -242 263 524 -398 394 -115 733 -91 -872 ]
[-175 947 621 319 -834 -503 -160 990 -276 -740 1027 -1058 -309 859 123 -267 -559 147 -239 418 -748 -813 602 459 -647 1860 -122 -604 209 -105 894 616 558 0 -275 825 762 308 -94 592 166 418 696 -529 -232 -753 -573 -9 -751 -295 1129 -272 505 -992 196 -414 -396 -261 -562 -53 -132 1123 308 -951 -31 204 -52 -454 15 11 523 -652 -752 239 562 -142 462 -104 -228 336 -6 88 446 196 265 -988 -554 -213 308 -421 -565 193 -272 66 399 -901 -893 1583 -81 354 240 -165 42 785 318 97 -309 -90 -78 -19 693 -628 173 42 6 297 -46 12 329 -41 -1077 953 -686 -190 -231 584 193 ]
[402 -501 19 -750 446 -764 597 1077 -628 -960 -279 -861 -109 -645 -127 -780 -436 -591 -169 257 -250 1238 -4 179 542 -730 158 -86 -618 964 -666 459 268 -96 -665 112 -789 605 1030 -655 -1270 -161 -1065 -421 -112 -136 -498 -272 1003 -465 -1148 -255 649 59 -291 404 493 -963 42 -1114 -168 781 -704 -61 -64 392 642 389 173 -234 -142 109 -107 -809 -725 426 156 59 110 -1262 -92 732 403 -829 427 403 -787 367 -276 -682 702 -602 504 275 725 742 136 -594 870 -51 1253 397 -111 -381 1324 310 1118 -923 468 -412 202 -240 -70 -61 -266 -106 1188 -1279 363 809 -989 795 336 -215 -14 411 73 ]
[720 -162 4 435 -246 -187 273 -35 -742 562 -404 196 169 -219 -14 -381 719 280 787 -556 257 -27 -899 -258 479 -1000 -339 -675 135 -666 -434 -653 -745 -332 530 -471 89 885 251 -138 -482 -588 -938 1250 698 827 704 456 273 -639 109 -194 1209 -1292 574 -45 79 -108 693 -678 -271 -2024 168 558 -53 -968 -297 866 -216 -309 -124 325 302 -1490 -646 -195 -38 -7 355 580 396 -836 -546 -116 614 -70 179 -51 -449 -708 577 564 93 -535 337 415 -837 -179 -34 -493 161 91 325 57 -126 356 93 553 1102 678 872 -17 -481 -29 -293 845 -92 330 -832 289 949 -587 627 -74 -293 -364 636 ]
[335 584 -127 581 172 -347 -287 -1510 154 652 -380 -471 -101 -222 -149 199 1089 343 596 -776 -406 -566 -352 -382 159 -1216 -589 231 155 -567 -491 -205 -939 -391 -152 -373 -785 888 179 -1370 -254 -649 -237 -213 -266 -482 632 963 -12 -873 526 -288 137 -431 643 -696 -267 -44 109 230 693 -423 50 326 130 -1115 188 -64 51 -305 -311 -456 419 -575 -652 -442 -374 -161 483 252 419 291 -335 -651 110 771 1380 -795 629 -318 800 -287 10 -406 -428 700 43 -37 29 -769 -404 -25 845 -286 718 -558 -5 -394 78 -441 -330 783 -798 -307 367 -795 -841 -803 -795 -432 969 -463 428 -1139 -81 -422 -239 ]
[296 -617 -742 -492 -154 24 -41 -765 -463 -225 1137 675 698 -564 -571 144 789 -1356 -286 -255 -35 -549 -822 304 -449 -184 -413 -179 -957 -67 844 334 -558 -2216 -152 304 517 -474 573 -486 -962 -1168 294 -3 572 67 -1061 -823 993 638 429 -692 -781 -250 454 862 429 -430 169 496 -680 -368 -242 367 353 -948 -329 186 -1131 270 323 -1537 580 -610 561 93 -992 438 -146 553 47 -700 -104 -352 344 -991 -474 -82 -468 619 491 -156 781 407 603 361 1071 260 -279 -31 -85 -820 -566 -219 623 89 -402 1117 -1029 1509 -329 -822 -1280 -732 480 215 582 -215 -444 -323 506 -213 757 1146 210 -1126 504 ]
[362 -314 692 998 529 -213 635 136 -1060 793 202 -1569 -412 -151 -2 255 -98 232 -605 -466 -76 1190 306 -260 432 -57 -1266 108 601 -526 -200 -336 -282 -167 -879 324 -529 178 -1047 -426 -296 330 407 698 1034 -1295 1545 226 -721 -477 -86 -644 -365 -313 226 -93 588 -172 -415 12 666 518 -640 -257 -721 -278 501 -819 460 -755 -731 92 502 -162 -434 -308 386 -1016 -118 -88 -163 -496 935 272 -232 654 -360 244 -273 133 -722 209 391 -411 -446 -65 -535 -725 555 555 -590 -872 25 202 656 292 -377 -55 811 77 1563 1709 -291 -25 -658 777 -13 424 -957 443 606 -589 -1209 -435 16 -402 -822 ]
[283 1055 78 -258 -890 -716 -326 1127 187 283 -214 100 -640 290 -76 -278 247 1090 -137 299 126 -172 115 -49 940 256 23 -867 250 -66 176 25 170 -21 -243 -551 -1059 1754 71 562 -370 51 -828 -377 428 -1109 -131 -575 253 -673 279 -354 409 -252 -211 -628 -275 77 -564 -509 470 300 -84 -188 16 120 572 1367 953 -115 -49 -396 -439 192 401 340 1093 -21 -212 -646 -309 787 -390 -279 -496 -240 -569 16 14 -445 510 183 387 -827 -173 72 1 -16 -305 222 -148 907 -204 -337 641 270 1054 -116 339 246 1363 -1086 -434 723 147 -191 263 167 235 499 -448 -136 -952 -637 302 774 463 ]
[200 -844 1127 -783 28 2060 355 -143 333 325 191 61 403 37 57 -1821 182 626 307 -558 -1303 -793 705 576 191 702 442 -63 -2 -837 600 -870 -871 89 -13 -846 546 -512 -941 1119 -45 -1328 -913 64 -337 360 525 -429 -302 -195 -82 -130 -216 849 -539 -49 579 82 -335 631 561 -105 244 69 -160 -148 -568 -156 476 -320 419 1129 1145 791 202 245 -247 -45 -220 588 -419 1398 -300 850 -237 430 -109 349 -297 315 526 611 121 -388 -11 -755 357 223 -25 -654 36 2 201 196 -146 -905 415 -283 208 -141 -568 -218 889 972 83 16 -199 590 651 -439 279 525 -292 -428 385 -129 -505 ]
[789 228 -626 329 -1007 -254 224 -1200 322 902 373 -1376 -131 391 867 116 589 -392 432 -22 78 544 -796 -338 418 -128 -752 -266 -315 238 -320 -644 598 -754 -930 -93 -499 916 771 -106 -107 58 785 -193 851 -531 -193 -842 -1365 -522 342 -46 -311 83 286 -669 149 316 -92 -299 1029 -301 551 -472 543 -199 -90 -125 -235 210 -396 -493 164 -562 124 628 -156 -318 174 -546 26 919 246 935 -456 -774 -377 -290 -263 483 -130 765 469 -123 -233 -945 -397 445 -690 -190 -548 -515 10 733 91 -516 380 -514 -334 848 1302 395 319 -124 -359 205 747 414 -401 -142 -388 485 -165 -634 -428 -786 -825 ]
[-303 -1181 456 52 1052 1235 -75 160 -437 990 -222 778 -30 36 511 -1146 289 1542 -516 411 -174 -63 -245 474 325 -687 707 1 -80 38 -711 -1388 449 524 -875 -196 -501 396 16 446 417 -159 -680 1262 -56 303 760 -277 -1219 -254 4 -486 840 -145 413 568 508 -273 610 -32 74 -673 138 669 137 116 -417 -1001 64 -256 1079 447 -345 159 764 -895 854 591 -229 386 287 213 242 991 1086 636 66 -464 -901 -446 479 -188 355 177 1106 -46 635 -329 1201 137 333 -324 634 417 -426 -472 302 -214 759 -532 -31 959 2217 499 -352 516 141 256 865 228 999 -498 249 -903 801 -313 -674 ]
[628 -1026 385 -1041 129 369 455 -39 -75 505 -309 486 -84 -288 -875 323 62 471 -237 -136 -730 152 480 -576 -252 69 537 -1092 113 -442 -576 739 686 603 -207 -1253 686 -302 -878 -517 685 -1025 -767 656 438 -329 -239 84 -297 -144 -193 -285 16 160 205 489 -226 819 -183 -815 -682 -762 -203 642 -648 241 186 -773 158 -582 263 845 688 411 -338 321 6 180 -743 867 -256 -1201 488 -492 48 -36 164 -292 -560 390 626 146 906 319 289 516 -681 88 178 557 813 36 1059 333 -428 -71 278 -763 550 555 130 -141 -1441 235 -70 -525 27 1512 -842 25 530 -375 346 138 338 -508 651 ]
[-676 94 544 -258 186 -350 -1654 526 308 -508 225 678 -236 166 481 -179 -947 364 -498 843 91 -510 212 385 -48 181 -104 -166 -763 20 346 159 460 767 -189 -55 1913 -329 -438 928 524 773 147 -522 -74 32 -845 -674 -400 562 1235 82 302 -279 -714 1228 -276 593 -187 -313 -22 135 489 -22 819 -92 -1204 82 -236 -819 735 -1197 -70 291 -326 85 165 740 -114 -58 8 -972 -313 599 375 -952 -201 -290 -1235 299 -1114 192 -99 -987 515 -568 -393 0 -453 9 -159 -180 -442 449 -853 764 -853 628 -39 -666 -609 -953 368 442 105 273 213 -159 347 -1001 171 -451 -52 801 680 -450 1093 ]
[319 902 670 87 699 222 293 -223 795 600 -152 133 -374 -298 -536 -352 772 1363 -234 -266 338 -1010 -205 311 291 255 1264 -91 490 -99 -553 -345 -107 341 -555 -1203 -723 599 -396 252 479 -281 643 16 39 -494 935 -572 -1426 -359 -106 357 527 609 122 -607 -53 868 539 -70 1781 879 874 -641 -129 -122 169 -1836 454 -395 -605 1002 323 1247 -791 -171 373 -533 284 -316 -454 2073 -800 275 105 724 461 -767 147 -843 806 819 -73 371 -804 -124 -158 637 -1071 -125 98 642 1705 154 -404 -270 -138 -788 -380 -1259 -184 172 413 158 743 -389 114 359 138 298 -429 -697 -475 -1089 -919 614 -617 ]
[420 23 -588 144 -204 770 431 263 -21 883 -897 915 305 -340 -351 -98 165 109 322 -733 272 -265 -1221 -47 -234 -499 404 221 -165 586 -496 117 466 -310 957 -158 575 -277 -34 153 84 773 -237 -372 894 22 310 281 -527 594 -323 967 118 244 -641 192 698 258 894 -357 -113 -1783 -238 -104 628 -487 -193 280 704 281 309 678 -906 -76 58 9 302 480 820 -1126 -325 -467 -497 472 76 -207 664 -728 -738 -623 510 56 -786 1462 162 -23 63 102 138 -931 -141 606 362 -655 -361 839 490 309 -295 559 444 -229 1012 557 -144 -474 -314 844 -267 679 -316 -1045 -144 326 -348 817 976 ]
[58 297 -691 458 -472 -308 -885 -1570 1436 177 -468 -641 299 -299 302 -83 168 -715 155 395 -473 -748 100 -507 371 -289 178 1311 -77 685 -145 356 -1490 249 -88 93 -129 -429 1009 -865 -719 -300 749 -1254 -95 424 244 971 -297 663 -205 989 -1032 309 680 -6 697 428 757 -185 385 -130 -614 550 355 -24 -791 -530 259 -156 637 274 -264 -901 -366 1 -1143 -216 1305 369 46 1431 533 303 -922 -390 282 -82 458 321 348 211 611 -120 -210 496 886 -409 -725 -943 -378 -1060 329 -778 312 -6 -26 -654 -447 -387 -778 647 -42 -506 -199 -965 -253 309 76 -1552 -190 -149 49 50 -133 25 -137 ]
[153 560 -1233 323 -118 -611 -403 -779 509 272 -150 241 -190 -363 -147 -165 -726 -886 211 -290 902 -1052 48 -177 397 -673 19 447 53 -552 -14 421 429 -277 1288 -939 -314 221 430 306 -875 -132 942 -28 -551 119 -143 85 1070 376 -714 97 202 237 -1036 122 263 -337 -581 -654 -493 -136 -256 353 292 -951 42 -8 100 -324 -613 -420 44 -61 28 206 -325 -262 -241 -912 290 -1221 -978 -690 533 505 313 603 134 639 -75 -102 -983 -1438 118 795 523 -429 -374 394 44 634 -877 -898 1293 408 127 -304 -353 -743 -286 -101 49 -289 71 -366 273 -1396 253 -1018 135 664 -504 661 457 232 -449 ]
[-1178 343 -1338 -966 488 220 304 -832 1042 68 -532 581 -972 618 1063 -429 882 554 274 430 488 727 -671 -147 41 -253 274 -146 463 -191 -1289 -171 409 506 331 -1194 133 983 839 818 599 -422 -248 907 103 23 315 377 -29 -90 -459 -579 -244 99 -131 -496 634 52 692 -399 318 372 973 662 -105 439 -42 -606 -535 353 138 141 -529 610 -517 -194 604 583 -1248 -836 245 459 1007 420 236 348 306 -603 450 1765 -250 397 -830 -1521 -417 -63 -691 404 -795 342 -420 1231 675 -43 -1373 -531 -500 -798 1 -1226 75 848 190 -771 -38 42 167 462 -79 27 448 -164 -260 -183 -680 249 -500 ]
[-441 -139 77 804 -107 -502 -415 -92 -1139 141 670 -1093 82 -610 -60 -1192 -52 -246 -831 -157 -18 -283 -205 613 907 -629 -1566 -372 794 446 1054 378 -965 503 -244 878 228 455 -569 1099 125 1126 234 -412 34 465 743 701 347 330 276 358 -275 561 -618 955 11 581 394 542 -560 -566 -353 604 274 -194 -507 872 -83 410 470 573 350 593 -511 -530 -32 675 479 1928 24 -385 -402 -581 -910 -509 -507 396 260 836 -1005 652 1374 -486 -206 -757 -1040 120 403 -947 -971 48 -758 -3 -882 1270 -374 860 -7 1282 -253 35 425 343 -387 520 30 -41 138 -154 -599 540 -148 436 164 -647 -381 ]
[293 -1116 -167 500 1782 211 1079 -978 608 -22 -528 -164 1102 -418 -432 -1437 385 -416 -682 43 133 -331 -489 -651 1039 -625 332 42 1160 291 648 -191 -179 62 -604 -722 479 -436 -220 304 98 -801 888 996 -58 1521 133 214 -4 13 -1191 -273 255 487 -805 668 661 460 1026 -318 122 -557 -558 606 367 -1203 -642 -1229 -1006 -551 -232 401 1050 -1034 -1027 -756 -191 -333 -349 168 -485 -750 -848 -1037 1184 -245 -333 -676 -169 647 128 1233 460 -306 468 376 -141 -348 73 58 -160 -995 -488 -286 804 -66 -1518 205 -46 682 -461 332 1072 -683 -757 586 434 -972 -474 -518 878 -244 -449 505 -256 -1249 -1427 ]
[-581 651 -482 371 -867 -136 -555 344 -350 -204 90 -656 352 -663 -22 -770 56 -218 -19 40 -159 -471 -75 15 -19 -904 -1190 -451 468 404 483 557 -1060 280 1063 -547 765 149 -1213 -289 -789 497 412 -504 66 22 -25 852 398 483 454 136 740 -11 -362 103 7 534 55 -346 -744 -782 298 -107 -254 -286 48 851 118 88 501 471 104 290 -1314 -292 95 -1076 29 954 -190 -280 300 -487 180 -540 77 292 249 527 -221 102 320 -633 -502 -164 -1198 660 500 -261 114 398 216 514 -292 93 255 1115 156 1716 -38 394 -1045 -171 497 106 404 -253 -363 516 -820 401 -506 473 -1098 -133 1025 ]
[-401 -588 -340 352 -152 152 -644 -945 771 -635 205 292 893 -337 647 -848 -573 -11 -340 492 -994 -665 976 -394 507 225 280 79 -560 -961 557 -434 -420 -59 -433 139 756 167 553 464 -867 -163 284 -33 -1029 700 -756 -475 672 26 314 288 344 -109 -13 676 574 -1445 -231 -546 -273 285 -300 -544 -493 41 176 338 -179 -519 -385 -433 570 -602 -1031 -205 3 191 -476 -40 652 456 -1548 70 -301 -914 -49 481 -182 125 -1631 342 1024 -359 967 -655 186 -792 -24 -68 -179 -901 -964 69 342 -694 192 -107 388 -364 -184 -574 94 231 38 582 775 -395 -107 -976 664 611 -879 1205 213 -1097 -417 ]
[222 802 -123 232 142 -288 -14 -186 539 -53 79 749 -372 714 332 857 269 -129 562 -32 -204 -177 927 -502 -998 195 -331 674 -573 -769 -309 -261 198 -1706 450 696 500 362 162 -987 -424 68 303 -497 -343 -98 -25 69 126 169 437 -869 -213 -342 -320 -481 297 -190 -174 285 254 -211 -75 -1105 667 -990 708 -573 -493 -76 -317 -1337 433 -517 566 264 17 -298 -1450 -607 -345 -1358 -642 -440 1328 57 581 -478 -138 542 421 -599 -1457 -1315 -626 160 873 -593 -727 1255 -290 -102 -500 -96 1440 -151 -718 439 -284 -454 -84 -177 -419 -317 925 -783 -57 -1004 50 -371 1364 -1012 -278 248 500 -122 -125 ]
[326 -23 861 -102 352 285 27 -826 -203 640 340 -33 136 -696 433 -114 36 99 -760 120 -372 339 339 869 -974 446 -30 608 -767 -408 -659 -105 89 -517 -967 -268 330 -180 -182 14 -854 -351 -36 -870 795 260 571 -444 -93 18 -14 212 -812 276 -913 558 937 304 -263 59 1520 460 187 -793 252 -446 -151 -239 -328 -266 -795 -422 964 79 -309 -22 -206 387 -1172 -804 -78 419 322 1198 -1118 138 168 57 -1301 702 91 885 -181 -1344 167 -1155 -183 -33 -824 665 -645 -290 214 -309 -970 -652 -400 -236 -99 -479 1111 475 152 -173 193 130 -350 -132 -449 -484 -161 -1409 -377 955 -496 -446 120 ]
[-458 333 -858 999 824 -347 -475 -972 -77 731 -317 1031 -133 -1256 325 -629 1417 -285 -391 -163 668 -559 -898 588 804 -1591 873 158 268 284 -345 -378 -60 -324 404 -1063 -730 576 346 525 -71 -263 825 588 -93 1035 578 -137 -95 637 -368 190 877 -690 393 1167 813 408 809 -708 -123 -215 -82 541 15 -5 -174 -28 -72 -226 -616 888 100 -210 -610 -902 799 206 180 -111 -31 -156 -308 544 859 -560 22 -490 -961 1419 28 1184 658 -1138 -38 7 427 -211 -244 12 -736 441 71 754 -1260 -344 461 202 956 -279 561 1065 709 -364 -301 586 268 -314 6 241 142 -645 -261 528 -648 -601 -492 ]
[104 -1550 778 -281 83 126 -531 1707 -1049 558 445 -385 -44 325 363 3 -776 -488 -157 -334 -356 749 390 -370 350 -1092 -1135 -536 -787 61 390 68 450 -1437 -675 796 1055 194 -164 -654 -9 1128 -1307 -726 140 -658 -442 -842 -1110 193 1334 -311 -39 -140 192 369 69 -450 -200 137 -64 -963 -252 -952 606 -24 354 337 378 170 1109 -618 444 -752 -146 34 214 356 108 497 -296 -884 412 -16 1113 183 -281 -16 -1345 177 -50 -201 817 200 373 351 1141 -584 1081 -353 630 -466 -183 373 394 379 624 84 605 1287 241 -964 301 33 -128 315 486 643 286 1702 656 -243 217 -508 967 -752 102 ]
[173 -456 387 -382 -773 -460 1291 1066 -677 -792 722 -175 -235 -832 -903 -512 1174 -474 -98 -636 -43 -448 193 96 363 -309 -29 -1004 -220 277 1060 905 -6 -1210 684 109 -385 -361 -514 -377 -442 -935 -272 -85 -202 -126 -1038 -350 434 -95 893 -260 191 257 138 827 -466 -1037 90 602 -138 402 -497 -1081 912 754 895 1054 574 93 -992 -661 731 -102 -576 46 563 -386 1070 701 163 -372 -415 -456 1355 -282 -428 313 640 388 841 -679 -264 263 944 -64 1079 -259 275 11 -759 281 -366 -100 585 -114 700 1063 414 1348 -379 -625 -524 218 88 469 -229 -789 -433 1303 47 1046 430 197 413 128 95 ]
[-405 40 200 245 193 561 -158 289 302 -779 315 -960 822 446 270 56 209 -374 19 -736 -808 121 640 -321 34 697 108 -216 -18 -393 914 892 -880 105 1552 394 1325 -241 -658 -58 1121 217 -494 -782 -457 237 618 269 768 -70 765 268 -259 610 -427 461 -538 65 504 616 -148 -428 -211 -11 528 -606 -44 -54 115 413 194 181 7 331 -190 119 -1422 119 -62 514 -85 -926 -830 -1079 -723 -72 684 -424 946 -100 -357 -719 -1325 57 -725 -529 -987 365 -209 -1200 -118 58 190 -679 -292 -567 -359 1023 -82 333 -1394 110 -36 -177 1004 -60 -806 -281 1147 515 -400 -281 456 -720 152 -21 -298 ]
[885 746 -231 406 122 -39 -55 -831 454 -317 473 -1319 -343 -165 388 -539 170 -780 276 648 -48 -565 -209 4 183 452 1176 903 -100 -78 -351 175 -350 -236 637 -344 -875 -134 458 123 -712 -1039 899 -243 178 6 309 701 47 -137 -817 579 300 58 222 210 -201 898 234 -691 -803 567 -107 409 65 -335 -397 -238 251 -932 184 96 -186 -738 599 450 -637 -658 1047 -160 725 -5 42 57 252 -823 -546 96 342 271 1488 192 -66 -370 -250 -41 530 241 137 373 -153 -474 342 -444 1556 -756 495 260 -222 74 169 700 -492 519 261 -1110 -185 -849 679 -981 -71 398 -245 -802 -115 482 -275 ]
[385 -125 -251 674 371 544 -41 -129 227 -586 -464 572 181 510 295 -138 256 118 -270 -579 -815 -35 -24 765 875 -147 27 611 -34 979 240 -1055 -7 -405 -450 256 601 347 -440 -239 84 624 236 -1048 -243 607 -391 -9 773 16 -193 16 383 -181 -967 -676 18 443 44 372 246 -64 -762 -546 347 -1117 34 684 -166 -235 260 605 223 -175 719 434 399 322 -585 -980 -1602 849 -454 834 769 -545 -53 -501 -708 -1004 780 523 175 59 -788 642 110 -333 377 -593 -206 -822 -931 1300 1221 435 168 -565 424 -621 65 -186 904 1134 -168 9 490 -661 741 -1015 -457 -128 -552 -6 300 61 -492 ]
[-506 -781 1077 -786 141 357 453 142 180 154 271 454 584 -2 421 -154 386 1043 -1032 308 -1046 453 1477 -854 396 451 319 126 -157 -902 -681 22 170 442 -309 386 -145 795 349 487 1053 559 148 -144 -747 -665 269 116 -697 -479 160 358 -650 -32 384 455 -438 -400 162 903 -364 -305 -667 368 -640 137 -177 -157 -108 -47 353 828 29 412 -463 130 555 -702 -89 1423 -370 -44 -647 505 -98 -493 574 -866 738 -93 200 -69 4 231 -560 -67 72 610 534 -57 -398 308 528 511 176 -206 308 -90 -557 -389 56 110 280 636 24 -100 -673 1160 987 243 90 -287 -824 -539 227 39 -656 ]
[625 268 -415 802 -547 76 238 -131 -351 -314 688 444 -237 513 715 308 167 69 6 -914 -569 473 474 77 -374 -519 -1836 401 -6 -25 986 -436 131 -494 243 223 -296 -501 -173 -791 -335 214 270 -420 27 -623 837 -499 -210 -980 483 -5 75 -545 -67 -138 -297 -450 -367 15 122 -1291 433 464 304 -1217 84 487 -222 577 -457 -247 165 -926 -551 562 -125 -824 667 -749 -394 -840 291 -691 855 368 696 -560 -96 -653 574 -517 -1081 258 -1026 407 10 -375 47 -199 -348 -728 -507 -437 1052 642 395 671 -694 -92 -267 594 22 -347 568 245 54 -838 114 67 -92 -155 -308 -1018 405 210 642 ]
[708 -119 615 38 435 121 302 -1264 -249 -539 1069 479 888 -596 -344 555 -293 -959 360 23 395 -638 866 323 431 218 432 860 -1287 -628 -60 473 -555 -199 -397 532 -929 -78 1365 -446 19 -404 956 -221 -1066 -76 -248 374 211 -310 -563 -353 -785 208 -661 279 -43 20 513 1127 202 123 -131 -153 769 -1184 -824 -962 -443 90 -499 307 887 -192 -73 -49 -1820 348 -144 15 129 -134 -1921 131 16 -142 706 -418 346 -347 377 -7 -1136 -928 -702 -531 447 3 -973 -406 -526 -835 402 -293 841 -447 -333 -743 -602 -638 -67 -84 365 75 19 -173 -736 -1128 691 -778 469 -105 465 -123 336 -1745 -1642 ]
[1185 197 -263 134 -509 -804 69 -523 -261 444 -8 -846 -298 -788 -609 -145 470 512 -224 -561 262 542 181 -138 860 -655 -1355 -237 -143 343 -620 -224 -384 -696 -778 -367 -855 2038 396 -489 -610 -307 -947 -707 1369 -504 476 813 1513 -479 835 166 -685 53 -766 -1106 783 -1 118 613 162 -286 -500 -545 690 -1666 169 1527 -489 379 603 -1364 287 184 149 285 374 223 -509 409 -186 -594 -323 511 -665 164 594 -227 607 -793 1255 293 527 -1609 178 390 -348 352 236 -131 -1034 -687 725 -62 450 237 26 -562 566 311 1261 -13 -716 566 -127 -211 208 -660 -947 513 -32 -672 -494 132 -252 674 151 ]
[814 -169 487 -737 -1128 406 346 -988 146 835 72 -1415 -896 377 -906 610 753 416 -415 226 -2 -1197 265 -197 629 -347 -583 -226 -226 340 -601 215 136 -722 -120 175 -306 600 -388 125 776 -417 -236 -235 555 -657 361 905 292 -202 -277 -767 -899 617 -41 -242 -496 753 -488 802 -401 -856 -303 -203 816 -246 -674 37 344 -623 392 -310 117 799 2052 -124 -458 90 695 1627 -80 -394 -519 345 -252 2 393 671 627 610 805 -610 -333 -1062 -198 514 231 1026 138 -683 -550 98 242 687 471 722 -928 295 -330 563 300 118 277 835 -404 153 -804 775 47 -519 190 142 626 292 1465 74 -1429 ]
[473 -144 194 -750 88 683 291 902 -86 657 392 731 -348 -41 -41 456 221 -164 184 -159 658 480 -374 -50 -574 -281 -1236 723 -175 -779 -209 -796 -702 -843 779 430 -238 -339 176 -216 -488 145 339 793 367 -415 182 -748 -825 460 -836 -133 73 420 129 215 437 575 -276 318 110 12 329 649 -1586 578 -825 85 -464 478 -44 900 690 766 41 789 685 -1118 260 703 -863 932 1169 137 -218 371 -1323 1259 52 669 45 -449 1499 71 -1145 304 474 -367 633 661 45 365 114 491 606 -154 80 1378 -1627 519 -277 634 -619 -326 985 502 94 -85 774 -181 784 103 -911 -414 -247 -222 -659 ]
[-863 -395 124 383 498 -650 -658 143 -243 -416 243 -482 610 -1192 506 -1573 327 -1143 391 -962 -754 -127 -32 323 1233 -870 524 477 -416 -238 196 111 -2027 -384 714 -430 174 -148 26 655 -1029 427 31 -649 -972 367 426 -195 620 244 264 1249 -272 113 -340 1127 694 -264 566 423 349 308 -1515 486 487 -804 -289 1365 391 -383 27 192 60 -748 -1268 104 -417 -129 465 4 -46 385 -263 -107 -219 -339 351 -796 -503 534 111 551 -137 -1018 96 -634 683 -445 3 -1205 -817 469 -695 -155 7 -146 669 201 1046 -106 -301 138 560 250 -469 -121 -237 -98 544 -214 12 121 559 22 -85 -160 288 ]
[567 -274 489 -623 -295 1322 291 1147 -545 541 1154 874 204 -207 171 655 240 -719 212 -667 -28 -630 940 -399 -1510 1342 118 -135 -336 -1317 367 1149 241 -674 1033 -229 1264 -775 173 9 307 -925 -951 -105 -787 746 -6 618 241 10 523 1189 -129 -1301 -279 -1339 -851 -75 226 317 -452 -965 -368 -419 -175 -591 -769 -70 -54 242 -349 56 107 -463 248 -750 -168 229 815 -194 1005 -1610 -723 707 274 321 809 -462 58 -936 653 578 -1475 142 820 398 562 644 -854 -708 585 -585 1120 -320 185 -252 634 -291 -77 -489 -267 -997 -789 109 145 -503 -1696 1648 -808 -210 343 84 180 135 1030 413 572 ]
[-172 -383 -388 -939 347 548 401 -229 -603 1787 -894 955 -933 458 -344 416 757 -236 603 -588 -369 -147 74 -99 105 -330 -738 -344 101 -1032 -176 871 462 368 1333 -367 109 -109 715 244 1303 -1007 -533 823 -440 -173 951 93 -624 -365 -685 -583 -362 306 620 -721 -482 41 -446 -3 -678 -1496 -7 1221 -726 917 110 -690 281 571 -1224 1173 943 43 -270 272 1101 675 397 227 567 -1405 -340 -820 461 720 309 96 -93 855 165 -234 -356 241 355 1067 531 -193 -20 -559 459 922 249 -146 177 -183 204 -766 -690 -345 -824 314 -1020 402 230 -433 -295 627 -1027 673 1699 367 842 -614 1085 792 -731 ]
[-21 -384 178 -1206 75 59 -662 615 353 -1207 150 -1016 343 -379 -660 -427 -229 -1194 -302 1619 -515 -1183 566 -141 786 48 365 18 63 91 1252 1501 -1070 96 -713 -612 -463 330 -256 -366 -348 -1209 -203 -661 -1041 -1 -294 99 903 627 -1257 -989 -486 1091 -314 756 -39 286 -404 -544 -876 1259 104 -1 -272 -107 491 -509 101 -353 187 -341 856 458 -1155 -708 -945 -257 -355 63 -11 1028 233 -2359 -223 -85 -579 405 480 1402 -125 120 949 -55 89 -447 73 -187 -281 -105 1327 460 144 -593 1165 -218 -88 -889 -70 676 -563 -698 -1141 -383 891 -860 472 -626 -417 719 -264 701 249 534 134 -577 5 ]
[-1270 100 -127 422 -555 -618 -518 -655 220 348 586 243 -494 445 1237 277 311 871 -671 339 447 168 348 -239 502 -383 522 88 -361 -127 -1461 -799 -236 86 -622 1448 -90 1031 693 -52 437 1600 -242 545 -398 -62 -145 794 209 -249 1221 57 -343 -654 1101 -466 -896 -781 959 777 33 -135 -589 -376 486 360 -120 831 -469 -216 570 -298 -414 54 318 -902 1117 343 115 1321 1389 -181 -684 1525 42 -40 1031 -170 330 -1057 835 -116 -57 -1080 -409 -187 454 457 -107 247 -449 -368 367 635 -620 46 -3 -163 336 -690 136 -271 202 423 -352 414 -1019 1010 441 -343 676 -1003 1012 -399 952 -251 -816 ]
[360 460 -370 339 -231 372 927 -402 -1157 -123 411 -629 277 778 258 -1027 1 -946 286 -66 -1836 -585 191 1112 -828 813 -931 513 -1138 90 895 30 862 184 -1174 74 994 16 46 -220 -257 -302 -155 -1183 108 43 -177 1120 839 -522 593 -499 426 -1184 158 230 -205 -1023 -961 -80 -20 -672 138 -394 -7 -486 -768 30 -574 -863 587 -197 -664 -483 930 790 -278 1251 105 -495 219 -382 499 -217 436 -539 214 -250 -174 -35 -450 244 -205 -286 342 -682 -1393 481 193 -1089 265 -37 161 202 26 547 541 -724 914 -1113 798 221 139 147 -1018 -63 222 65 -89 -558 -2148 1092 -158 558 -288 846 952 ]
[524 287 253 693 222 263 577 458 259 273 -943 209 -55 748 -885 775 -427 1 446 168 343 -449 -587 141 -124 -433 -10 54 315 85 -179 -360 -429 514 -92 -310 -518 -829 197 -615 -635 -322 179 -67 1167 595 78 -1569 265 -205 -874 -101 -183 1090 739 -206 -40 1073 -57 -525 -206 53 138 1532 -248 577 176 -80 -241 346 -471 913 345 186 651 1352 -1455 497 -350 353 -1132 604 1069 -498 -986 76 -1835 999 -80 -779 303 -83 1026 994 -962 795 -167 -573 -342 458 1167 863 -596 -571 172 553 -265 -132 -459 605 -614 -337 -1456 -127 414 141 1164 423 845 -979 58 763 874 -290 -833 121 28 ]
[-605 66 183 -207 1153 -154 974 238 318 -554 -653 401 661 -20 -466 -286 820 -634 -297 -6 -451 -675 -240 -25 479 553 1649 73 -352 -12 156 1410 -754 16 590 9 1072 -851 191 -533 795 -354 -289 -748 -602 614 -876 458 820 -438 -101 -403 -332 233 379 1159 -359 -458 669 39 -347 348 -1308 188 619 286 -258 -143 165 -792 -742 638 714 12 -618 -217 -151 1135 606 20 469 -207 -879 -219 -202 -413 -631 -673 86 -40 98 -45 -370 696 199 406 43 -121 -807 -909 137 402 215 -578 233 -430 -132 -271 -350 -689 -1586 -785 -570 -292 201 -264 -935 338 761 -705 -47 -3 1343 30 625 29 -512 ]
[-464 676 734 266 273 233 435 -465 -546 378 -189 442 -23 -1084 -556 59 -97 337 264 -50 -778 148 -135 811 -619 1386 -195 250 440 -876 -426 823 71 794 -250 -472 372 -1734 122 206 -353 -879 181 778 131 -555 -33 777 -423 -718 -669 -137 -636 43 -105 -704 1062 -63 -810 21 731 759 -554 433 -928 326 154 -722 721 321 -290 980 62 329 589 -499 -49 -229 -629 340 -81 836 804 434 -1074 1096 240 -593 15 -22 -732 -60 -618 198 956 200 -144 280 254 579 -428 -699 902 -202 -448 -357 -241 -416 21 -846 -411 1138 402 -445 -458 -255 -637 442 -537 -796 423 87 -276 -539 -257 -69 565 ]
[-207 -186 -703 -76 248 -56 -274 -932 530 -280 -278 -104 513 -735 383 280 308 89 430 -271 -82 96 275 -1040 -249 -887 -670 254 663 375 239 -291 771 -154 -63 -676 580 -255 77 -104 -377 -103 -22 -257 -21 296 -579 -741 303 364 374 300 -180 184 -121 605 595 200 -549 -627 -78 -344 -225 267 359 130 249 1096 5 -39 -135 -350 -51 -277 371 666 -369 -501 -913 202 -628 -1358 -239 -1576 583 -590 -75 202 -154 1410 108 -368 564 127 -513 9 228 -267 867 229 107 -17 -654 1012 364 284 -73 350 397 1231 -820 106 109 51 -11 -580 62 -1235 -91 -726 349 -262 -759 453 -442 -1169 223 ]
[472 753 360 -170 -110 -49 -296 571 -266 1019 -447 -903 695 720 329 -95 -141 -946 405 906 -1019 73 27 -137 -868 53 -183 213 -980 -61 10 759 681 72 -454 -72 620 -8 434 -717 512 -443 567 -1417 606 -805 -18 -331 -367 -190 -332 -954 499 -1159 422 411 119 45 -1364 -1567 -781 -165 -122 134 -476 107 -935 -440 -222 -1047 -108 947 -267 -1210 205 782 -553 -77 1092 -1251 18 -548 475 125 -214 -890 -157 -160 -1073 -533 -1 -118 -23 307 -34 -155 -941 327 -581 -627 1270 117 545 -502 1218 440 -83 127 -1057 -1287 -335 773 -912 -111 -6 -161 804 573 796 -216 -1569 491 456 272 -11 347 797 ]
[94 307 -194 1128 -64 -346 123 -349 -344 340 -121 -51 325 -422 -957 -977 1761 -903 -191 269 -440 -592 -1017 676 815 -1066 -449 104 176 933 1285 281 -699 -62 290 -406 -270 787 -172 -49 271 -691 196 -332 880 1060 233 220 260 79 90 332 381 -419 298 1409 97 59 344 275 -245 -1503 -585 1198 371 224 -689 359 -430 62 104 269 391 -253 -719 694 -186 736 1727 721 20 40 -767 556 554 -806 38 -1254 157 -278 -30 117 1277 1245 316 69 -160 -226 -36 -1279 -515 -87 -699 194 -12 385 231 544 500 -21 -1057 339 194 507 767 339 496 -360 -292 11 -689 -225 -136 -639 -698 813 341 ]
[230 -1071 -995 -422 1055 489 223 209 -263 435 1254 -86 -333 -406 1322 -306 386 549 -641 400 37 -224 -407 90 -651 556 -370 -9 -1401 -545 443 -623 -1 -1029 -545 -161 400 -383 -1002 502 20 -393 417 462 -179 292 -396 -422 -502 275 937 422 138 -93 -227 447 -471 -288 34 -352 238 -96 116 -986 408 -889 -240 -380 -375 -749 30 -1444 747 820 -208 -243 565 614 -372 -399 1104 -963 -456 1219 1402 -345 -932 -75 -655 -35 -628 57 -76 -38 2040 -32 515 -133 169 744 -313 -1131 117 82 -103 124 -186 -198 571 37 211 93 -93 1083 -472 -427 1288 107 -444 -924 308 523 -98 1229 580 -141 -106 ]
[290 -900 1256 97 -417 -475 -329 601 772 -777 -8 -72 -107 -1128 -1668 582 -648 190 -172 -545 586 141 912 -1059 867 -548 1378 134 344 282 -1493 786 146 218 494 544 -547 -215 472 -342 34 98 424 874 -405 16 -715 -139 308 309 -484 851 55 849 -329 -306 191 -49 786 -65 -103 1980 -956 313 -852 1337 1593 800 567 281 -521 297 -421 306 -146 228 -292 -1545 -50 278 -859 281 2 682 -104 -84 173 354 418 -517 -133 -1195 142 635 209 1022 829 -155 1450 1068 -91 553 -356 301 875 -180 623 -211 1050 169 -346 -186 -596 251 -117 -464 -374 -197 98 116 495 510 -275 299 -543 -366 194 ]
[431 46 1094 913 -187 -560 -537 -112 -79 -530 -105 639 710 454 -518 96 66 -282 483 609 -425 -1507 469 -75 174 372 970 339 14 -794 491 839 47 -561 22 1185 85 321 -578 -326 104 -413 1717 -446 -866 804 -161 49 -580 383 320 -177 932 -1445 71 1007 -361 729 152 -153 -725 -285 145 -581 85 -149 176 81 338 -1067 -756 421 878 -1260 -524 24 -21 212 101 372 111 -908 -1350 312 1120 -1413 84 136 22 -445 -242 -100 135 -89 626 -490 117 -830 -691 508 358 -224 -576 21 1837 -407 -251 115 732 832 293 -551 -1409 977 120 -248 322 -1132 541 -204 751 65 -423 556 358 -701 -61 ]
[70 624 -147 472 -241 -607 -536 -782 -1148 -1197 38 -7 99 42 580 311 12 340 174 301 87 -8 5 1175 143 567 -1272 142 -47 334 -176 104 308 -445 -928 31 195 909 832 -294 -185 -69 36 -584 -30 465 74 815 1580 -460 749 -923 -433 -663 -168 -427 48 -886 -182 -81 344 336 434 -1130 709 -493 599 826 -676 205 868 -539 368 -646 1170 -535 -330 26 -1126 -150 559 -103 146 577 381 365 -159 646 87 238 345 611 -839 -2012 -1285 536 -354 209 -465 -235 -1 -738 875 768 8 77 214 -124 1414 -190 428 495 146 -287 40 331 -585 -196 130 -300 -740 -464 55 782 188 -346 494 ]
[-164 493 537 440 -1018 -779 -915 475 -257 721 -915 -20 239 -712 -421 913 7 121 466 875 758 -310 72 -33 -447 212 -416 1124 -498 6 -775 500 -844 1255 750 96 -899 1065 861 -451 -130 -185 -210 -744 128 103 410 943 -131 226 3 -44 -374 -517 94 259 28 654 -393 -89 90 -312 -328 1488 -721 356 -1049 89 289 194 298 206 -137 -368 725 458 -546 -182 260 1100 -294 -162 218 351 -1083 -984 -713 381 1341 -735 -55 -1015 294 -378 -360 -538 -466 -541 -308 85 1 446 85 -510 238 326 -65 273 425 -6 -345 963 -399 426 -102 -769 -1448 -944 154 -797 95 -381 -311 391 442 620 275 ]
[315 -586 277 93 -133 112 574 1075 192 -160 69 413 453 249 -166 116 -1440 264 161 109 1428 1703 75 -272 -287 181 275 -810 932 1351 -513 -116 143 369 -709 945 475 -802 -55 260 -289 538 144 94 604 -212 -330 -460 234 588 -534 -114 -66 361 -627 -883 488 884 578 -521 -1206 449 16 179 173 128 -399 454 -164 214 574 325 -537 -249 -136 -4 -390 56 -553 -809 -810 -380 485 791 -207 -91 -696 610 -674 -1672 119 413 1 1005 -326 -151 -485 -166 -469 -1 421 -403 -320 344 42 535 103 -168 -792 858 275 -1190 16 -224 -722 436 608 1349 454 94 -126 -215 -261 416 418 -1245 758 ]
[72 664 1084 215 -613 843 -496 43 237 788 -1193 -747 927 -321 789 404 -142 -420 840 814 -468 470 41 -731 -313 -219 -558 801 -359 -535 -269 -31 550 782 -42 999 553 366 1020 -1056 346 -156 319 -491 -190 289 -236 -447 207 275 -482 -163 356 -344 -586 -463 496 -126 -696 -684 66 -199 -134 -270 374 270 -108 329 636 -91 -980 373 -118 -897 -38 -21 -300 -371 362 -995 -625 210 -494 537 -893 -597 -116 -436 -156 -1052 -640 -235 -888 681 591 -792 -738 -459 -260 -952 737 -204 -159 -396 1482 66 -145 -656 -456 -1057 -309 302 480 602 -37 157 -65 -926 518 -276 -691 395 -137 -568 -56 -319 -322 ]
[-48 -898 -681 -63 -888 439 558 455 -493 509 1 -510 89 1045 490 1110 27 -263 870 151 644 -4 -48 -1111 517 101 -409 -337 384 -721 -17 444 -299 -300 1211 244 -523 198 386 -142 639 405 439 1143 370 -42 677 -277 -156 -258 453 476 -533 522 1423 -634 -890 281 49 285 -914 -922 143 -383 -240 720 183 450 705 1198 -442 578 -264 -957 -618 -116 -943 -670 372 1389 956 -1014 856 -189 52 -10 -483 1081 460 367 -146 126 -1210 408 -338 -15 -261 57 -92 99 339 335 182 -691 169 -13 -83 71 574 1338 485 265 -824 296 63 872 -417 1874 -64 265 609 -43 316 -452 -303 201 -361 ]
[190 544 -27 706 -732 -71 -259 15 656 -1134 -361 -147 57 1201 581 331 -701 -536 968 -370 -344 -182 271 -722 -1184 455 -116 214 836 498 124 110 959 -808 506 1165 1019 -1264 -565 -597 -796 650 866 -908 -171 563 -798 -284 -466 541 -239 584 373 15 -16 -197 -255 -209 -306 -1047 -459 245 365 -1082 388 374 1282 692 3 -252 449 -618 -666 -1062 669 495 -465 -257 -539 -724 -629 -365 795 167 571 -623 -384 89 -595 794 -50 -199 -739 365 -685 34 608 -342 32 757 367 -95 -910 211 818 154 314 646 -405 1151 -593 -464 -193 -713 498 -209 -68 20 -175 -259 130 448 -61 507 -657 -253 1185 ]
[-29 -335 -155 -348 -389 99 -300 92 333 -195 -1 154 54 930 14 417 -2 -61 321 -229 -819 -773 972 -749 464 677 65 -290 279 -906 -205 12 -975 325 1191 195 1164 -281 -735 -387 447 -394 88 308 -583 23 -165 1201 20 -135 440 -347 473 -992 970 -1058 -1195 678 -247 208 -1006 -617 -381 -40 -759 -316 -312 -148 58 -724 275 249 583 -216 -760 -330 346 -679 -639 1333 -367 -192 392 -116 330 -263 282 414 86 529 438 568 -363 -1199 -516 846 -210 713 189 446 129 159 333 755 290 -620 36 -281 384 663 675 -507 -1771 -131 -307 189 -953 867 -444 -535 609 96 -76 -363 62 -229 275 ]
[696 -879 271 -27 971 965 460 730 -831 168 738 1075 127 -783 -926 -821 589 463 -1050 -1009 -410 -446 -60 1066 -538 97 257 190 -661 25 1008 207 -226 183 -215 -970 539 -650 -1486 80 168 -487 355 3 -267 245 666 -209 -366 298 749 661 -39 736 -1230 1082 189 822 376 1734 857 571 369 577 625 -530 -466 -468 479 22 -92 -216 287 1076 -99 15 25 154 -130 282 53 -644 351 116 808 220 688 -760 -21 -69 234 -333 70 391 1222 -496 -94 536 376 459 -587 -32 817 -106 -329 -342 -487 158 599 -141 -868 1011 246 14 589 -259 -188 -320 -98 174 220 -124 -89 852 -665 980 442 ]
[314 49 412 -261 -411 -814 -243 162 -381 -369 304 -1244 18 -474 -527 12 181 399 -268 50 162 308 184 163 909 76 54 -987 990 963 279 507 -774 390 179 -630 -185 663 211 435 301 -684 -321 354 781 280 953 -46 157 2 60 -3 179 -53 909 335 -326 -156 375 -308 -366 -186 260 669 -144 557 35 109 -90 356 -177 379 201 -30 -942 225 -239 -583 968 1028 -215 135 -167 -530 -672 -238 113 239 223 -401 305 435 312 535 -6 -69 -757 718 -503 -845 334 311 588 457 -1393 145 -216 241 671 833 796 -197 -776 -41 382 464 320 959 -878 1688 -778 -488 922 -307 -1265 752 562 ]
[13 579 664 105 -308 -509 -13 485 -660 1044 -311 -604 173 -1155 -380 350 452 123 -956 -1062 345 370 385 54 506 -675 343 847 539 1244 -1254 -104 -576 -47 -590 485 -377 535 -138 -103 -694 399 -320 -1649 809 -1009 251 -104 -96 278 -15 -208 -203 -230 -29 534 1320 279 -283 -486 888 887 -1340 270 -265 -98 -1155 707 -437 -479 -987 829 -125 396 152 727 344 -276 563 451 -1271 692 -52 1017 -960 492 -35 211 -420 -957 1043 -521 117 -977 -743 656 350 305 -55 -752 -252 97 -299 670 261 1319 -97 162 -1203 -639 -257 259 -653 467 -420 -451 -523 3 746 -614 -968 -689 23 -137 -143 -617 -682 ]
[67 -1175 -571 -1743 947 863 521 617 -735 64 -709 1717 1261 -583 -521 -677 416 -373 287 12 25 334 -418 41 -356 -341 -635 -204 -1175 300 664 845 422 -214 413 -992 191 -307 -737 -43 249 -413 8 35 9 179 -390 -752 578 817 -453 -382 -259 983 -854 1247 322 414 -540 410 -1007 -630 192 119 269 -484 -432 -545 48 477 508 676 843 856 -1045 -100 76 983 -528 -117 -508 -1111 -251 -211 390 -24 -15 -503 -583 795 57 -384 353 1164 763 -633 -239 -306 -74 -46 782 547 367 -519 -582 -502 658 6 -700 708 -784 -168 -457 357 352 334 1060 194 -211 1035 -98 -233 81 935 -189 92 1001 ]
[-25 721 -901 757 39 861 15 -56 -304 260 507 -357 -446 816 957 -103 -32 787 -31 -787 553 -577 -217 166 -651 166 -617 765 -149 -732 20 -827 559 -748 706 39 882 -35 258 1018 -383 1112 -139 -65 550 -481 911 479 -24 -301 803 523 185 -592 388 -335 -270 -567 -364 185 163 -251 774 -55 -7 -1475 -777 294 -455 212 151 -260 -911 16 817 -475 872 866 61 -83 586 -1582 326 430 849 -392 -372 64 -168 93 124 185 -584 -1172 -983 -214 -322 1450 576 483 -408 -190 469 966 -691 294 -1428 1007 -334 -427 755 241 841 196 -371 286 -1658 -85 465 -432 34 -271 -948 -250 -81 1175 -481 ]
[-733 425 780 -432 -502 435 -151 -712 -215 888 -298 -662 -597 347 162 761 287 -32 -653 405 -73 -270 133 -8 -977 -400 73 -85 -288 -350 -1168 388 1004 -419 -627 1238 511 -725 324 -201 267 11 -437 367 596 -205 -271 156 175 863 227 -1007 -187 -397 1054 386 -254 -1009 298 -238 -514 90 249 -6 659 753 331 -404 433 -771 -44 -1136 -600 -155 1388 -1167 -91 596 816 -112 709 -930 -503 673 -104 279 1055 110 -207 -23 -468 -1008 -617 177 468 369 808 645 -37 -765 438 524 105 138 -767 247 -70 1 8 -537 -20 -128 94 -796 -216 275 -556 605 153 496 1 87 866 78 1002 -842 7 ]
[606 569 892 1350 -344 107 89 -55 -386 -100 -513 -481 140 -133 -1243 1017 652 -814 886 -501 -34 -1196 -763 186 -554 -671 251 -579 312 199 547 947 321 -141 1003 273 -490 47 -329 -501 37 -668 815 83 397 -642 -38 450 -682 -632 -42 105 726 -244 619 226 -512 416 -27 -629 -1378 -394 150 -695 -33 -394 633 366 -404 -62 -736 -388 -328 -1033 70 -224 -615 -147 1081 429 199 -1073 -479 -292 1050 -744 550 -838 49 -1129 525 -411 -1092 1345 73 209 -679 1064 667 -563 8 -220 -36 412 584 -36 -373 667 -472 881 -335 78 -880 232 207 364 0 -764 -1525 1219 926 -435 783 91 -1055 -250 711 ]
[-292 804 53 422 -634 -219 -308 -730 -45 41 -712 291 969 339 665 1029 86 -1107 -42 821 -125 241 586 -554 -149 1318 -47 749 119 -1074 -329 148 264 4 659 608 -600 -323 1535 -86 187 -934 385 940 -56 271 -224 68 427 -316 95 -856 -742 -1186 1376 -224 -549 -1170 -838 -321 -99 269 -587 256 -943 -147 -341 -593 -390 -396 54 -465 -327 -1316 1008 -363 -62 -1455 -136 724 493 -413 700 1084 -684 -554 -658 -427 725 -454 -59 228 -1380 -962 193 578 307 17 -908 195 472 -1517 516 -261 540 -805 -207 -35 -154 -343 198 654 -317 -1105 102 627 -807 121 -33 -592 216 -85 5 108 -89 418 -438 ]
[-403 571 -658 156 -285 44 -381 -739 893 -92 701 -277 -230 504 458 617 1236 284 613 301 1340 517 -33 -779 305 -255 -213 566 1068 14 -298 -641 159 -312 971 112 -454 1104 1491 270 97 -831 -71 1058 -237 558 458 318 481 -136 -378 -245 396 -1125 856 -1228 -422 -285 77 -121 -186 221 -237 520 -1019 372 -143 3 -334 -223 -392 790 -78 -1031 710 -45 148 -825 596 217 581 598 -60 -5 595 216 0 1039 990 410 1021 -390 -45 -152 -732 852 377 -132 -82 396 -286 -109 302 951 955 -254 -235 871 -750 -558 -892 465 39 -369 24 -151 -1166 -585 -331 -612 953 -93 -328 -1202 678 140 -421 ]
[783 1217 -314 863 -221 1014 -59 -587 -304 270 725 -343 -288 -631 51 522 548 107 -23 -1100 460 -37 335 1277 361 60 -445 318 -297 -31 708 -558 353 -102 -592 -1227 -432 325 -1540 241 -549 -141 -249 -1310 -107 128 844 -376 1130 116 -71 1221 174 -572 -959 -1068 -747 852 -938 296 327 -227 -34 -565 480 -2648 -225 850 182 -291 -852 -599 237 334 494 410 -292 352 -684 -1246 -576 -63 -478 370 208 449 245 -497 -684 -840 664 1159 -950 -683 -1151 -277 -663 72 -780 -326 324 -245 136 1027 -63 571 412 -1124 1123 -750 1307 -184 -135 1491 53 -1079 -66 -197 -442 -483 -1620 -89 -42 -492 373 1246 357 ]
[11 1287 -314 707 865 -777 401 -1084 326 -889 759 -53 -476 -136 -187 360 -505 -1157 377 -568 481 -798 -829 629 -113 476 -189 604 -185 -348 -571 106 -189 -365 655 -620 902 -80 221 -394 -424 239 2006 66 -412 536 -172 1102 988 407 -500 145 428 -77 -753 -228 -257 1251 450 -50 -933 785 199 3 -219 -1438 -581 -907 -974 -1125 -30 1028 224 -149 -120 77 -668 -607 401 478 -699 -457 -247 -693 846 299 559 636 -187 262 755 1264 -819 -1149 -1607 138 -805 849 -486 9 139 372 37 427 629 1036 -652 14 -676 -1280 167 224 -1166 -315 300 874 23 -586 -98 -1675 -404 117 294 585 -910 239 -488 ]
[164 417 91 -268 -387 264 -277 -694 308 1094 795 435 -423 -83 946 210 -4 -493 -584 84 -424 673 662 435 -1099 251 -621 330 -607 -691 112 -854 397 322 -367 242 -874 -866 307 -174 -36 136 426 -472 -572 -113 -485 -526 -474 33 62 1144 -646 543 261 31 -315 448 -512 869 37 2 761 263 -134 755 -184 249 -913 390 -800 -1145 -169 750 899 -52 416 -560 747 -338 990 880 311 415 -1660 460 826 -518 -133 245 -696 19 595 92 309 -645 866 768 474 -240 -1012 -481 -721 76 -1128 -1526 729 544 -1644 -252 -324 178 177 -752 518 222 55 98 321 -262 -458 651 0 -124 143 -575 -562 ]
[-220 263 840 636 991 230 997 294 -571 -741 -902 608 -252 -513 378 64 -728 249 157 -126 366 -49 -412 652 135 669 384 446 503 251 -701 -200 1209 552 -499 202 -152 191 778 1036 310 582 -6 787 135 449 99 -614 17 -727 -928 -235 497 -426 -367 266 1296 -933 -383 -922 348 370 71 -698 -300 -149 -515 -123 -321 48 176 734 -250 37 793 31 943 470 105 -728 -471 138 -379 789 -121 -8 -680 -404 45 -291 -229 747 -1309 -493 -74 -386 -497 475 76 -350 -71 -546 567 -102 -700 239 -257 95 83 -1015 411 597 1631 44 -709 1292 225 -589 151 601 74 -333 -470 334 -527 194 -939 ]
[-112 -492 -564 -68 137 -278 404 381 -257 -355 501 328 -1039 438 181 1035 38 664 -228 -1512 795 -271 -360 -583 410 -8 -165 -1107 1047 -579 -381 -417 98 75 326 858 337 621 -327 364 995 613 -238 1617 -71 -1179 21 -79 224 -263 24 -203 -82 13 1453 -1025 -734 -7 12 -261 -637 433 -16 -109 -811 -165 120 261 -83 95 -179 148 -697 1160 708 -717 94 15 -704 964 -686 -1216 172 -1072 459 299 -128 347 314 -111 -8 329 -449 398 -1206 1243 -693 782 387 -200 465 44 289 1080 -303 2277 -583 -84 -121 -69 -256 -483 -543 -73 -463 1070 -484 846 -912 -473 1117 -742 39 -208 171 -1180 -740 ]
[-931 -184 691 -146 -30 535 -202 -869 1130 205 -541 -596 251 1303 633 -834 -131 529 410 628 -971 -737 741 387 -578 1202 1047 -63 -325 -1129 -727 -548 189 1115 191 241 523 1114 370 748 -144 -36 550 -485 287 273 -260 -388 -229 154 806 -337 -297 34 748 626 -379 -534 -118 197 -360 -149 -227 -15 506 766 -533 -376 -316 -471 396 -1484 189 504 359 511 335 963 -549 -576 587 295 1 1440 -680 -958 -925 -378 -90 387 -227 -25 -580 500 345 -1805 -537 320 -523 -489 213 1032 410 -54 -728 -2437 918 -629 402 -388 636 -503 725 400 43 40 16 221 1024 -998 610 -429 -8 -446 514 319 287 ]
[-75 100 27 82 883 925 692 664 75 683 203 155 -76 -120 -444 -565 223 -8 -289 93 787 -18 -15 716 133 250 367 694 -393 -247 962 -401 -1279 351 1152 109 -185 -575 -1323 1169 129 -276 -496 13 -618 1187 1608 958 887 408 -1072 963 -308 765 -1088 -237 -846 497 261 1341 -382 -460 66 269 -667 -817 -162 242 823 -580 -824 1014 782 1117 -363 -35 400 -417 669 -252 270 63 -1403 125 111 272 -218 433 543 -239 -221 477 -611 372 -43 -14 347 -70 84 -103 -721 583 -587 -224 18 204 38 448 168 -49 -128 -271 513 1026 134 -619 -574 -140 -283 209 -399 243 -585 717 386 1998 -330 ]
[-751 -346 -1562 -567 232 1031 -266 -1331 -253 877 165 651 399 232 1146 -85 1194 683 -200 -99 -634 -478 -146 -213 263 -751 -94 -23 -142 -552 -370 -30 953 -146 183 -453 -311 1582 873 -239 667 332 -259 373 -1717 48 790 414 320 19 41 175 448 -273 -289 -910 5 -615 379 194 673 -242 169 -327 -391 -387 737 -966 517 573 461 954 -1042 538 243 -1264 40 988 -1349 129 352 713 -382 -652 -120 426 1669 -507 916 920 -38 169 -340 -933 485 99 -519 -63 -163 -868 -41 566 950 -412 -217 -11 271 -1382 302 -1230 -10 1005 1364 -43 -44 -240 -368 412 6 61 -716 194 -500 -243 204 -453 -1638 ]
[-84 -210 -1043 -82 638 775 -510 -702 270 101 -620 1054 261 45 414 543 84 -327 -581 559 -401 654 -27 -405 178 -455 -147 268 85 567 1046 165 913 838 -71 -477 -211 -1110 103 -354 918 -645 9 510 -148 203 -709 -392 67 -811 -786 -671 -435 251 -687 514 -71 161 -174 -72 184 -564 221 1336 77 785 -173 30 181 253 -278 -277 -965 -325 738 91 -322 -137 -167 -1266 -106 -226 207 -301 -387 -1086 -163 -1063 -462 990 -962 -549 -696 386 215 475 27 -1002 362 -390 -778 -1274 -1003 -630 -341 231 -269 404 -58 293 -841 1032 880 -651 -255 -630 649 -580 -387 -518 303 -10 226 432 403 -746 358 ]
[-983 -428 -88 -746 170 985 -7 306 -878 491 1165 857 -266 -699 -34 -416 510 -134 -364 -228 18 -78 -12 891 -676 -56 -15 -569 -681 -1457 641 -561 -19 -137 208 299 579 -382 -504 919 -722 -284 -401 1524 -631 -164 -617 -314 652 353 301 -186 331 -146 262 1250 -668 -1545 -475 238 -284 925 -151 52 -1275 1095 479 858 274 -743 -733 -346 -116 914 -60 -219 1231 370 187 -115 1001 713 -11 203 -66 31 -645 909 -885 1229 -1152 112 1053 -310 941 -886 294 -634 560 213 -534 869 -153 352 -1320 -484 991 1209 225 -415 270 -55 -255 -92 -61 791 -508 625 124 88 -188 644 -113 365 382 -135 214 ]
[310 214 542 652 686 278 -235 121 -180 -740 374 -516 140 339 -916 -110 368 -1197 -447 1089 -299 -1817 -764 821 723 -395 788 -591 -26 673 1603 754 235 330 94 52 592 -166 -104 -562 -70 -598 1215 212 0 607 -1126 -54 -379 320 -518 -241 1627 -51 178 681 -829 552 247 -308 198 648 526 -861 265 841 258 -38 475 -780 -326 -99 181 -550 -18 -400 -351 456 360 240 -348 587 -1236 -748 1528 -920 -423 -56 -324 188 -415 127 815 730 545 64 -247 207 516 -78 301 -136 113 796 836 -2 -1288 815 324 411 -581 167 38 -346 996 965 631 -1726 -125 179 696 322 -385 305 -1909 -832 -938 ]
[-787 467 -1396 -174 -208 -665 -579 -253 -578 549 -153 -194 184 296 416 -1389 653 136 3 1 -647 -1399 -214 867 1060 -156 -581 -299 -417 -402 1405 239 -410 274 73 -513 -369 811 812 548 22 -456 20 -450 -836 -222 268 660 410 -235 320 471 499 -387 985 321 -792 -1774 -395 444 -797 -77 162 526 270 -1193 -852 361 247 303 -50 -525 -537 -329 -459 -1150 380 563 885 -48 1434 -241 174 -981 774 286 835 -421 -116 67 -289 220 70 -458 1518 275 623 839 807 -974 512 93 74 103 380 269 292 -654 433 -958 -368 778 1106 -225 -41 415 -185 -935 -340 -409 -125 1118 616 10 414 1349 -466 ]
[289 83 -450 346 234 -1292 183 -1098 -548 -477 -619 -421 -718 465 -165 171 -692 -189 425 -384 371 -38 -601 418 -520 -844 -1430 128 -1015 -441 -742 -197 169 51 -436 -820 -694 299 -219 -74 -488 325 237 -524 -118 192 761 -156 864 -1039 135 -2 -396 -299 -711 283 -661 438 -778 18 -51 -1113 521 179 687 -1258 -258 42 -794 -334 -258 -1261 478 290 -983 277 -494 1395 -255 -770 1014 -186 354 -812 -765 838 -32 -271 239 -326 -549 -169 -449 -215 -250 -650 -906 -72 -806 -707 -27 626 103 -794 -1102 -768 81 -535 193 131 619 75 -523 -490 44 340 409 -407 -822 -215 -291 358 1513 662 98 847 1021 ]
[-244 379 -1246 430 453 -138 771 -546 366 1187 4 335 -190 -453 153 -1 753 -543 -828 -110 1368 1055 -768 88 9 -437 390 473 568 358 -779 -268 409 22 958 -404 -1364 274 -109 56 -439 -67 1089 208 635 466 418 -783 -963 824 -833 1016 260 168 21 865 371 956 295 -509 161 -192 -423 281 -574 161 -259 -675 -528 52 -663 172 -325 60 -385 253 250 -598 -639 -323 113 -7 668 886 -523 698 12 -147 -964 531 180 116 -574 -163 -238 10 570 -281 336 504 -288 437 25 -43 -958 -451 -8 1168 -1034 696 343 1083 478 -725 792 362 82 -214 -228 133 357 -1323 -386 -671 -879 160 -290 ]
[50 -375 -574 -888 574 -187 1081 463 -109 -895 295 -626 855 -134 -262 -688 -57 -1361 -305 -838 -202 657 -315 -42 254 156 346 128 -492 292 702 990 -348 -9 468 80 49 -750 -643 -554 172 391 409 -332 -235 -395 -655 287 829 647 -624 815 -269 1016 -326 1380 -343 -140 406 540 -952 618 -581 -344 86 -632 -139 -158 37 6 -500 726 154 -50 -1395 -21 139 -183 1225 -174 -113 -669 149 -758 -235 118 215 -661 -414 -97 638 -122 -95 1891 -280 25 -49 393 558 -688 368 165 -146 -570 564 470 82 182 -1029 278 -551 -729 -756 160 257 -99 94 -27 -84 243 -904 -53 662 -387 -311 417 288 ]
[-301 143 73 289 58 -229 -638 323 -68 -463 567 19 777 -500 -344 210 -892 -486 213 914 188 185 223 -344 624 414 482 1176 185 590 -175 597 -1112 88 -189 447 269 -589 1005 -158 -353 863 392 -1152 -816 56 -289 848 179 -9 -101 -182 -219 -440 -522 -504 514 -35 297 -56 -13 582 -812 430 -895 -201 -165 896 55 191 393 1243 27 -599 -682 290 -224 -726 -28 -200 -631 1450 -287 -63 326 -922 -416 453 439 -556 428 -132 410 331 -1107 -110 -36 -141 62 -284 97 -228 -31 15 1265 201 32 135 -146 489 -202 -257 -733 386 -52 -1254 -228 123 1224 -124 -718 -44 -516 -85 -179 -256 232 ]
[325 154 465 -278 -694 -879 -667 136 -467 -237 -17 -1042 -600 -414 138 329 254 445 -198 567 -30 -478 -391 7 164 24 -413 -1027 -233 204 -434 296 613 -573 -632 -58 885 502 828 566 161 2 -122 1315 354 -2 -425 -181 142 -631 413 -818 317 -17 -288 -458 -139 -482 480 -686 298 -209 140 -8 810 -323 407 -334 -991 718 573 -2143 -252 -396 361 -449 830 -561 -39 -110 468 -831 -1035 -620 963 -362 211 -943 236 -975 192 -330 -67 -432 1320 69 -469 968 164 -50 346 -831 -223 797 582 198 -557 236 495 514 518 -502 720 522 248 -114 312 22 -569 482 287 -51 574 183 1122 -281 406 ]
[126 -1345 945 -1105 -195 81 345 -204 -1011 -216 -189 -1418 398 -1263 -746 129 234 -363 549 -24 37 -163 -338 -164 94 -191 229 -202 -1004 -750 -499 445 134 -471 709 -154 -894 1060 547 458 -76 -338 -790 816 -236 -195 -18 -483 85 -437 -464 145 -158 282 146 841 225 -1046 -942 613 -69 461 -504 -647 -1290 976 -69 617 578 85 -1121 782 610 838 -539 649 -208 167 1312 1063 866 173 -910 25 -571 59 -359 1400 693 213 -275 -409 817 577 695 -679 -361 397 888 -479 378 557 -213 304 256 -271 552 -328 249 -9 395 -109 22 1416 -559 951 40 -390 -901 263 -149 856 3 872 -245 229 -1534 ]
[-226 -287 444 672 72 -893 -143 718 -432 -397 211 -35 -111 951 -617 562 122 -408 343 168 -404 -1083 -78 284 441 213 -128 573 -172 -164 656 434 -260 -1143 479 381 -384 -703 -198 -2 514 -162 94 -504 -71 259 625 -544 -100 -857 1002 -405 188 -724 1182 516 -980 -1381 -577 101 -758 -32 251 571 126 -327 278 -228 -314 -68 -33 -594 324 -890 122 496 -421 93 830 72 -33 -1360 28 -346 956 -868 -756 -93 746 -50 -185 -498 -317 978 90 340 717 -319 -498 28 686 710 -400 226 437 383 -526 480 1099 -56 -624 -144 -627 -129 539 -22 130 -600 656 960 -59 798 978 -99 -83 1502 381 ]
[644 -370 307 -241 -473 1089 -924 -770 -594 686 -459 -415 122 2 -242 119 -236 310 -95 104 -543 -262 -32 347 -701 120 -58 371 -787 -386 -214 -277 761 280 -887 -932 10 -135 57 199 -537 -455 -442 -949 649 -960 -267 -651 -635 -885 -12 583 -104 -103 -309 -148 383 396 -1293 -240 259 -102 326 465 135 -923 -842 862 458 -189 128 -582 -912 -528 1897 206 -726 347 1 -282 464 35 334 999 -611 402 809 -620 -1008 -536 399 -837 -301 -355 399 39 32 1010 961 -166 132 -722 -399 -386 117 -178 -159 -104 -610 -282 -35 352 500 412 -1236 -188 -808 175 779 -791 83 -131 36 -109 553 -244 443 ]
[-304 -682 -282 896 -476 379 -442 -1243 -531 -44 791 -359 24 -374 303 962 296 -559 -206 -564 -110 638 229 342 -146 750 -578 260 -359 -720 -329 117 -424 -117 -328 1279 -190 696 189 225 -138 46 369 569 -280 397 1049 208 318 326 24 -116 -570 -1107 303 -395 283 -598 11 113 -670 -192 -534 -152 -238 -732 -68 -634 -403 501 -332 101 -98 -198 749 -457 -620 656 -199 605 436 -583 -121 997 -581 285 447 596 330 -177 -932 -26 -517 -448 424 -15 -826 16 -573 -158 -57 -1291 -11 494 -454 289 -229 -457 9 -781 336 967 -829 143 -1017 814 39 869 -59 -216 -113 175 583 872 791 -498 -664 ]
[434 1424 -997 -248 35 264 -511 -714 678 -623 13 202 135 340 163 944 -111 -662 -43 160 -478 -38 -31 349 -557 1543 257 533 -977 -66 697 12 -231 -413 398 -674 690 -1187 -964 -224 -227 -377 305 -1018 -82 -47 -664 229 901 367 199 245 -260 383 -401 -1106 -372 701 -1283 -230 471 798 82 -1143 124 -234 -530 -571 267 -171 -52 -114 427 -41 -154 359 34 -621 181 -1071 19 99 -702 29 -163 370 472 922 81 3 836 562 -132 -655 -1085 604 -55 317 -819 206 144 -1192 130 22 349 -593 113 301 -1347 -755 -110 -343 -1664 769 565 -423 -146 177 -361 -997 -983 -471 -675 339 111 666 599 ]
[-787 959 -826 708 185 -385 -458 29 -457 333 -1172 -3 324 249 536 726 657 -699 -239 325 760 -875 -814 550 -164 532 800 1810 -641 -290 -377 107 -725 -334 787 786 -383 394 410 -164 189 475 1109 -257 -145 584 563 448 624 304 -991 -508 -14 -479 945 -26 29 -200 -202 163 208 913 135 -19 -324 380 -893 -485 -150 -288 -705 441 -718 83 1288 -673 -300 139 289 141 624 -239 -213 744 -1026 -624 -260 871 352 -159 -503 51 -831 -928 -321 517 147 453 -648 -497 367 450 -129 18 -272 352 -955 294 -426 -1177 3 1276 -99 -560 -737 602 -950 -281 286 -373 -357 -602 701 1486 -533 380 -988 ]
[385 -222 -806 -766 39 -244 -152 4 244 -99 -1033 786 -613 -31 -670 385 -422 -117 296 -269 725 -245 -547 467 376 -577 121 876 54 450 193 -429 -865 629 1091 -1147 -381 -1197 -599 370 463 -259 -271 52 269 352 50 -281 55 768 462 532 -1038 1513 -523 448 -337 647 -445 1232 847 790 152 347 229 626 -295 484 291 528 -317 34 353 1325 -611 970 396 37 332 -65 -137 -278 644 8 -373 762 63 770 109 26 530 -20 -263 -291 -311 104 882 -760 -357 211 -469 390 -370 -361 -1470 299 -819 -29 261 -288 -292 -216 376 837 325 -684 -745 -366 -581 -343 309 -338 840 208 -109 1420 617 ]
[-488 -607 601 313 161 635 -1103 -655 -234 322 -310 -565 -775 -621 274 400 356 1701 37 -92 95 -467 -142 68 84 -401 -643 -708 1076 -239 -107 -622 350 559 -316 57 -506 -185 -1148 4 450 -555 -421 1316 -217 -897 1176 -667 -1671 -97 788 91 180 304 518 -127 10 109 -535 -448 382 59 222 -226 -110 195 -64 -544 517 -481 -63 -629 388 929 -400 -1067 905 -187 -301 688 714 -72 726 525 579 1370 123 938 -744 101 -465 -155 -342 -570 1410 242 141 102 905 333 -90 -673 607 1057 31 -128 -217 -314 -308 588 -357 723 808 954 -398 -21 -443 -530 -1482 -5 1310 -21 -216 -542 868 -1078 -543 ]
[652 525 -391 1154 -31 270 -1053 -927 471 1039 -784 739 240 -332 -469 602 615 274 513 -339 -68 -812 -585 -172 399 -695 -139 410 -103 -247 1056 -452 240 1212 617 -678 -1051 589 -15 -462 596 -538 -57 448 416 -146 1087 19 -1085 -245 248 355 1100 -19 -16 319 368 658 -1019 -874 1231 -440 59 692 -394 431 -282 172 523 -355 -525 1525 -359 513 1034 260 -537 316 -186 142 -242 -946 -888 -120 -455 -238 891 416 -185 -60 -80 -271 708 -570 -234 -14 -553 -520 177 299 67 -201 331 -14 124 1064 98 -266 683 -860 -943 1532 84 507 6 -97 -185 -1094 -479 -233 560 -575 -1017 -121 -962 -539 -229 ]
[809 -673 351 -403 -136 406 642 -1054 -39 325 -193 -154 -244 -910 -287 188 -432 82 -169 -700 16 870 -287 -739 -770 -195 -23 -1173 548 142 -855 1057 1925 1153 -684 -695 -509 398 -389 -1168 127 -934 -269 840 516 191 -522 -225 639 -140 55 35 438 -850 -586 107 -353 -73 -303 -1804 -356 -557 -468 53 -105 -544 668 -65 260 -172 -132 123 293 366 -285 -169 -287 642 -773 -798 -150 -729 1312 -41 -1355 624 -441 319 -100 -346 268 299 -222 776 1710 7 -1857 -357 31 640 875 487 1396 -993 -346 -227 754 -1670 700 433 1250 317 -1034 -104 -1330 -957 862 -184 -1003 -141 -927 938 744 169 477 -392 1123 ]
[701 131 -42 -671 463 460 731 1177 -603 -129 865 434 -601 382 86 -315 126 72 -822 -199 -307 523 547 390 70 414 -508 -78 -462 539 757 229 780 -273 -1160 -123 220 -80 90 292 849 -210 -1062 -869 129 -1162 -527 -286 171 -803 -24 -1252 -930 -281 -572 487 -6 423 161 516 126 276 195 538 709 -451 -605 312 637 83 135 -134 -43 391 1027 -156 356 569 -566 -837 -856 362 997 -877 361 -717 -989 -1142 -105 301 49 -270 -76 62 -1093 -95 -23 174 251 -357 -325 -14 71 51 225 570 396 -12 401 424 608 -615 590 -471 -73 -730 -503 176 1082 -13 -649 57 -312 -260 1103 -288 -271 ]
[115 -730 -95 408 29 -205 46 -1116 -498 -229 42 894 513 43 114 -227 392 -958 358 194 -449 -322 504 273 -706 334 -511 579 -650 -547 682 718 746 -614 -345 -431 129 26 699 -713 -235 -707 1680 -383 -692 353 -67 -245 402 92 726 32 -334 -614 382 759 -87 -711 -970 -396 -635 -654 -22 -673 -45 168 -230 -573 -233 60 -149 -391 600 -545 -434 197 240 212 -536 259 178 -804 -302 111 991 -755 -252 -225 -157 649 -516 -105 264 578 1406 -49 -66 -620 -576 -46 45 -666 58 196 575 -920 413 -382 -319 -70 -234 195 -397 522 -637 -53 405 -191 -341 122 106 507 138 1028 179 -302 851 ]
[-430 -355 -697 -194 17 -511 -347 221 0 -547 229 1507 -188 -1110 35 757 504 267 -80 5 524 467 53 72 -419 541 -389 -666 -971 -252 95 658 706 -40 874 250 -846 118 1429 498 -89 -438 -282 747 -956 756 -552 -194 656 253 -59 332 1 -111 308 -24 -592 -699 435 -629 -970 14 -273 229 -256 731 261 -28 -424 1189 144 -166 -81 -60 -309 -608 619 656 -294 1079 621 -701 -379 -500 640 389 -15 900 336 -509 178 -667 31 230 1256 667 401 21 43 423 432 330 629 49 -1038 -139 1052 -258 -383 -44 -572 -595 -349 91 54 22 435 -187 -632 921 387 308 860 844 362 202 1014 ]
[-699 877 -451 1013 714 326 778 318 985 -135 -804 100 649 756 -442 -498 454 -340 -568 949 -721 70 -197 -37 235 342 267 976 229 1073 568 47 -299 482 115 -296 1154 -383 -876 -547 187 119 -129 -1526 280 1306 357 797 -315 313 15 -138 676 -600 187 206 243 218 181 -416 -33 -638 -327 115 361 -35 -381 -1189 -463 -514 113 860 -454 -879 -32 235 -456 -393 436 -745 -807 -430 -269 -9 788 -535 497 -365 -269 92 -175 180 -953 503 -693 252 -28 -224 -358 -246 929 -177 -355 -182 84 680 -775 1000 408 -444 -529 786 -176 -130 493 -157 697 324 638 449 -1004 -758 -496 -362 -915 1277 64 ]
[779 -1157 81 698 8 401 -206 450 -674 713 -502 100 780 -910 -244 482 369 385 325 -542 1087 210 -378 71 475 36 -210 410 287 80 -246 -171 404 102 -251 298 -253 564 684 242 568 -216 841 723 82 902 854 -609 -513 370 -456 750 -395 376 -361 -1450 787 194 432 488 -333 -400 94 292 166 -829 -161 14 9 1313 -346 74 297 -73 -85 -211 618 5 214 -103 -197 -415 -862 993 156 175 426 0 709 -1207 138 484 42 860 1194 -38 -289 276 75 -135 -403 -1053 337 423 855 -307 406 -1161 -629 380 -428 517 770 798 -812 256 -446 -556 -922 1121 382 356 -11 185 503 -36 -123 ]
[46 -599 -913 -348 88 416 -372 -112 -627 41 1344 -126 -871 -258 250 -963 702 752 -424 -564 -81 209 -1003 631 262 -81 -678 -195 -830 -771 88 -1128 -858 -855 -150 -276 -249 204 -1002 650 -438 -584 -539 1637 -57 -873 578 -271 -531 -498 446 -84 905 -414 311 -39 -296 195 -423 -529 555 549 780 179 -937 -470 -903 -36 -530 -471 182 -301 -31 852 -334 -674 811 129 -593 439 1017 4 637 276 886 813 145 544 -522 -194 -79 -332 547 -1214 691 -391 -197 121 527 687 -88 -958 453 487 -524 233 -372 500 600 -326 20 928 -373 638 -225 216 161 393 -1124 -335 963 -28 279 -102 729 -414 278 ]
[-13 -201 781 167 -336 340 -709 348 297 -265 203 30 101 338 -730 -636 379 -113 710 45 -167 -448 676 -265 85 257 -549 -480 792 218 1121 1018 406 -228 -152 -297 464 499 244 -430 -31 -1265 229 334 190 -867 -321 -57 267 -439 219 -584 995 -697 166 128 488 -435 -1025 -947 -1260 471 88 685 -1143 634 90 -144 -204 -145 1087 -131 -358 -253 17 326 20 336 -762 638 -819 178 -94 -458 254 -513 -140 44 -22 260 -307 -343 1034 38 23 467 -574 -400 746 -514 -57 -95 -845 204 1340 -162 322 763 -723 414 -998 -78 -986 -86 -259 898 -23 -167 -288 581 389 15 -880 -652 65 -648 1411 ]
[-301 -699 837 -115 66 -291 -5 348 -504 -706 1147 340 -368 -720 106 -282 265 141 -821 -383 -567 -81 335 1362 -106 479 244 92 -1157 479 234 337 175 -793 -445 1050 -157 454 428 166 -37 -73 -484 -845 -270 -704 -570 -1352 171 -639 1427 -51 -619 299 -221 925 -257 -957 -204 665 1755 1283 5 -530 446 611 455 825 282 35 -195 -1039 -268 1021 595 654 -17 671 -1158 -182 -1164 1059 113 529 -41 -461 -453 119 -444 -712 95 -1006 -106 352 280 -952 229 -141 792 -200 -387 447 -702 447 -144 -222 865 73 365 293 128 -393 639 592 508 -174 -117 -1137 836 -55 -413 -529 -310 -262 94 -479 447 ]
[-556 284 -1044 -259 -310 192 -451 134 1095 800 -633 797 412 -95 304 -316 69 -193 -290 485 -29 -483 137 -776 212 -840 56 1467 -157 98 -22 178 -139 159 777 -507 803 -451 1508 35 -542 -258 599 -863 372 121 -254 -377 -809 114 398 804 -45 246 913 212 823 -489 -837 -575 59 -265 183 59 -552 578 -1032 873 -280 637 -60 1183 -601 -810 -409 837 735 -548 918 711 153 76 345 875 538 -474 504 471 -432 -128 294 -189 -401 -153 305 870 1269 360 164 131 464 -668 617 105 219 403 -769 425 -1185 -897 -1078 505 -454 -331 166 47 78 331 583 -210 20 -555 -359 296 -1196 1464 282 ]
[-461 256 -716 189 -35 447 637 -80 467 172 1103 -531 -357 733 187 -1207 823 -726 -321 590 -38 -833 127 549 638 -405 -359 -9 418 449 1233 -162 -751 -1676 -594 -15 77 549 -104 -312 -612 -315 1166 -385 -692 65 255 252 390 785 107 -485 -382 461 -199 -843 -171 498 944 736 -390 -28 218 -473 651 -806 1031 -1199 131 -258 380 -282 65 50 165 -705 9 24 -479 -307 -431 588 -262 -1052 1091 -397 -25 -1156 64 466 358 604 -22 42 568 -544 511 -76 -458 -211 -65 -146 -740 -490 1557 146 -66 -784 -153 763 361 -346 451 -349 646 49 1321 76 -110 641 -214 806 -425 -193 161 163 -1208 ]
[359 250 -190 188 -338 852 1211 -504 -157 688 -110 245 306 -45 76 320 425 -696 527 -211 104 857 -375 -392 229 -550 -70 -90 198 832 836 -747 76 -133 -37 196 33 -829 -932 -847 236 -385 -404 -335 758 -216 -341 -447 688 -114 -781 -640 -215 259 65 -456 -451 847 -458 -168 550 -1585 -40 -785 -40 72 434 465 1057 -784 -1284 1565 921 -478 -323 802 -657 -735 470 -964 -714 572 -470 -550 95 -129 -623 -65 -769 -256 435 488 -699 1304 -1522 247 -177 -585 -571 -389 407 -317 -607 -973 363 760 490 131 -64 608 491 -527 -475 236 -500 -409 621 -46 -196 -19 -1387 -595 -314 -315 -279 -389 -79 ]
[-308 92 -966 -624 365 393 774 306 -370 430 111 -415 558 -494 285 -1002 -237 115 -42 134 -296 499 -523 243 -1391 970 104 -104 -332 312 -64 -18 423 -865 425 -1139 38 -1082 -426 332 -918 -297 5 -57 387 -105 26 -219 -44 -198 -873 323 -585 1135 -480 -137 5 -356 -169 -325 196 -414 65 -70 -229 -127 -109 -598 473 286 -130 197 -359 335 -469 -274 220 -577 152 -1246 625 -38 645 -128 -511 475 -320 -230 -1213 264 112 544 -962 751 880 -553 266 347 204 214 208 468 185 -582 -756 -507 430 658 -685 813 481 -245 1292 -311 -486 -450 11 233 -931 594 -1271 -197 523 638 4 1485 1175 ]
[-256 452 -159 -511 -169 938 929 965 -1107 -149 11 -393 -278 853 -165 -872 1034 -227 657 -275 -624 225 -856 299 61 18 -510 -1631 -301 95 451 17 706 -275 204 -497 961 984 346 112 10 -466 -1572 37 449 120 -308 278 767 -889 -538 -1293 530 -143 49 -689 -380 -870 855 364 -824 -1410 461 805 117 -195 518 804 273 421 710 185 -195 -252 1051 60 573 1174 411 -248 -16 178 68 -1233 439 -779 -937 -570 444 721 39 8 484 811 -196 -385 -635 297 -33 -1185 401 1052 445 236 154 -369 1515 369 266 776 409 -570 589 -602 637 32 383 701 168 1110 -819 1435 554 -842 692 711 20 ]
[-609 122 -147 4 282 -364 261 -76 -290 522 194 -79 -61 662 281 -701 752 1062 -853 -116 -1478 458 330 195 1203 -140 -684 -223 -287 -92 473 -231 -207 760 -394 582 105 1329 373 220 932 -39 -309 -885 -892 -875 326 403 42 -1229 728 95 277 -665 647 327 -727 -655 -1 828 293 -209 -362 922 -280 -215 -694 382 182 -409 294 -29 -1099 -124 -507 -221 844 981 -302 306 -293 -41 -87 -139 -236 -367 619 -1258 -260 -95 -711 106 364 358 696 40 -798 -51 906 -1345 -818 -10 184 1062 -143 750 94 -440 536 -828 807 543 1446 741 -436 393 -656 -105 220 -204 -197 -117 -389 -1528 315 785 -427 ]
[361 196 707 -35 96 -507 538 -880 760 -1011 304 -579 3 267 -99 -331 -1338 -852 474 -271 -348 -1002 910 -642 -776 27 473 625 1011 -289 -531 -516 116 -603 -224 -1108 201 -1808 -413 -28 -492 -35 500 -245 -536 766 -347 862 -18 -417 -877 687 -500 281 129 -631 -297 660 -166 -355 556 394 773 240 -421 -250 52 -831 -374 -854 584 1016 340 -456 -450 -227 -846 -1440 492 380 -563 804 967 -671 666 335 367 -222 279 1084 856 1391 -532 -1424 -1296 257 487 551 -315 505 309 14 390 -337 -184 -41 -687 -344 524 176 -29 -160 82 -1376 -33 -291 -827 215 195 -526 -563 314 -140 197 -1111 551 -284 ]
]
