[[-159 -11 289 398 -217 131 582 -101 -115 513 11 81 526 133 -58 -402 -246 -146 -127 -201 563 -105 218 34 145 26 365 -191 287 -25 287 42 -26 -245 -26 -316 6 -120 405 -292 -176 -336 503 -739 190 66 -152 26 -512 -162 189 132 73 -70 312 -133 236 -33 443 794 -58 4 -267 -162 -25 -422 276 214 138 143 334 -299 307 303 437 -193 13 23 226 48 -59 91 525 169 273 -84 -267 222 -90 144 15 110 838 66 174 -181 -365 272 385 -94 284 -575 276 280 -476 303 323 26 -616 105 -463 -219 128 45 132 -444 267 -571 -144 369 -455 -336 -438 289 -213 -41 77]
[-5 192 18 303 302 375 256 -600 -309 122 -113 279 -85 190 -67 -230 433 254 323 23 295 -97 245 -99 324 -221 -179 -282 -278 56 358 -281 204 110 -566 -105 -122 247 43 535 229 -73 -169 -1033 -37 -57 125 432 -12 -262 27 -24 809 341 -49 54 112 17 451 284 -16 100 -291 -6 -353 16 79 -297 -266 -160 137 420 232 -103 364 -905 350 -294 491 -11 238 -33 -114 186 -55 -16 -300 420 406 182 -152 100 120 -35 90 -315 92 -120 456 -171 -23 -252 155 -104 -241 -283 -420 -560 -734 516 -337 -1 -34 32 -201 -310 99 -350 265 -307 14 104 80 356 -351 -519 -393]
[41 -236 -406 224 606 -115 102 -332 -39 266 151 251 789 -79 497 46 95 5 91 -340 326 -118 -366 278 540 115 -403 -489 28 57 271 -366 399 345 176 -85 -406 328 61 49 112 -39 697 -629 113 4 -328 240 -65 92 -238 569 -308 902 77 -337 37 44 87 -187 -576 109 96 233 32 -257 468 -166 229 -306 43 881 -118 57 10 146 94 -21 344 28 91 -85 -88 90 81 -211 -34 273 -122 -204 306 63 630 648 196 -542 256 -90 117 -189 284 79 410 79 -38 8 -117 -135 -282 253 -160 110 266 163 544 -307 -181 269 63 -20 409 -8 145 -2 -628 565 159]
[735 -74 -70 -172 -5 -491 -414 -73 399 -709 246 442 -397 443 89 181 -39 316 79 -580 -255 -142 -362 -488 101 173 5 -77 -35 -67 -760 277 -456 -200 478 206 76 128 -209 -574 482 195 166 121 162 191 -194 -656 350 -203 -405 -85 -649 -113 297 3 -407 3 -78 395 -110 -305 -166 -133 488 -68 -122 470 240 653 63 -338 -537 180 -780 682 25 -9 -102 -706 -208 304 -75 -71 -369 108 546 -345 -479 -280 24 -293 -40 3 150 22 429 86 -165 226 249 501 145 207 25 21 -73 -321 656 -485 604 107 -247 -27 136 -84 538 408 -600 -453 11 128 -26 70 474 32 267]
[420 219 8 64 309 10 -320 -398 368 -204 174 455 107 562 443 374 557 738 612 -648 289 142 -282 -350 764 -55 156 -182 -206 -224 -273 55 -323 -156 303 -49 -307 307 -321 278 99 499 26 -347 394 -61 362 -432 439 -498 -204 42 205 7 51 155 -534 -192 432 62 189 -112 190 -724 -318 7 -272 -252 -334 -162 428 297 -820 -375 68 -832 314 147 272 265 464 225 112 313 -563 -83 210 278 51 198 -194 -10 182 108 522 -140 410 -246 -3 125 62 280 481 458 114 -179 -719 151 -271 95 522 101 -100 -94 98 265 -258 117 -207 -408 101 194 107 528 490 91 -681]
[325 -207 -267 -608 -459 -516 -930 569 305 -71 -89 1128 -581 90 -406 -162 -492 14 -299 -225 -557 -105 -620 -177 -42 -81 263 -398 -415 10 -301 -28 -113 23 -376 -42 335 34 -10 -195 -244 -678 -418 -104 -580 -138 -118 -275 264 -214 154 -332 -666 -393 187 -7 267 152 -201 18 464 193 57 218 349 368 -231 434 -172 -284 -285 -530 -94 -78 -518 348 1 268 -72 -243 -876 11 -502 -473 -41 513 429 -501 -610 -260 208 227 -509 -597 -483 -255 121 13 -95 60 -142 440 -98 -595 -124 -316 174 -918 463 -315 178 -326 -606 -190 -573 -473 173 76 -48 -226 598 31 108 -76 283 -194 110]
[-220 -268 -411 -281 86 284 857 -1269 17 438 137 71 365 -74 46 277 -124 -173 -161 -95 -15 -478 212 357 593 -4 -193 -643 814 35 314 -186 206 361 -269 -343 143 4 -245 -55 136 -650 -116 -547 -203 265 -694 613 -317 353 -544 643 350 148 381 93 457 -51 -226 -18 -103 -13 -82 701 334 376 197 5 239 -578 -504 1050 506 260 81 -223 -227 -358 284 -135 463 24 274 -296 36 -231 173 831 297 -19 -328 -88 700 635 -222 -402 337 624 193 -48 262 -628 -182 58 -386 16 337 -345 -305 34 -489 -297 5 749 -148 -573 -131 -50 150 508 89 -193 -39 216 -988 -206 340]
[-359 899 65 228 -81 -315 228 476 469 536 -84 699 -55 -68 26 -303 -174 129 211 -19 532 -137 -120 -487 135 -35 -107 631 -336 -352 235 -183 -323 -774 198 111 275 -165 223 -83 -321 187 412 -153 32 232 1 -714 196 15 -208 136 -174 54 2 422 -476 -367 216 364 -59 -629 -234 -474 -551 112 -301 -108 -408 216 119 314 -248 -559 157 -47 -203 261 130 -40 -84 -190 51 219 -94 36 -223 -114 -210 5 318 -41 -257 47 -899 255 -190 -56 -39 -302 -145 -279 85 -323 -330 -377 -197 -182 260 99 -210 83 299 229 -28 -467 -390 339 -130 6 266 647 144 272 116 124 -478]
[-97 -591 366 -170 447 498 464 501 67 -484 -81 -824 -108 -188 530 183 -22 -252 64 -316 -20 416 609 320 -371 -232 29 -397 -22 336 -195 -222 243 660 699 187 -399 -383 -221 -10 238 427 -326 -84 428 38 379 401 148 26 399 -335 543 -62 4 260 -196 68 83 -257 -460 329 308 -51 -179 -443 -227 -275 31 -60 -114 -218 -594 718 268 -569 220 148 -76 539 212 -146 589 66 385 -394 154 274 468 91 542 257 -27 270 358 323 600 -181 -517 -193 42 217 -109 417 121 503 -277 1042 -356 111 111 -97 442 240 -32 438 -1075 102 49 249 -317 -424 -236 -359 -186 308 -21]
[-77 -56 139 -297 -177 -324 -579 -152 -115 -105 -72 -271 74 338 -57 316 838 298 38 337 -47 310 -5 396 -281 -131 128 -513 -67 -124 -118 389 -565 251 -481 -452 201 20 -872 43 -171 -324 -338 544 -624 -32 -147 413 -76 119 215 -31 -263 -362 -581 -270 -39 3 268 -93 -62 677 443 -177 171 563 -69 -103 -184 -490 -277 330 17 138 550 -475 91 100 -146 -109 58 181 -524 313 -541 -176 -239 -270 -127 487 -343 69 240 -266 416 -96 -670 271 -78 -273 -114 -399 -444 384 -186 -24 456 -193 183 -255 -276 -113 2 -460 159 421 322 -211 501 468 -595 -132 126 310 164 250 221]
[16 -149 -136 -1041 297 46 -141 52 145 -4 -74 -557 6 139 232 495 -135 47 514 -268 -75 -139 -239 437 106 215 618 -945 248 -83 -123 -76 780 287 -14 -119 426 352 -426 -373 -47 -471 -192 -111 -797 398 -63 290 -258 310 430 73 95 -169 301 -311 195 -221 162 -153 -419 385 274 -137 126 401 -157 -236 -69 -581 -58 -84 -330 284 183 217 603 43 -255 365 47 63 -69 37 -171 567 171 47 -211 -1 -338 513 403 180 716 356 -293 796 -446 -42 239 29 480 146 282 159 148 226 -7 -300 343 -526 151 -243 -171 477 -393 -664 275 338 -669 -627 -256 -56 -318 276 -103]
[-495 624 173 359 -210 -144 583 -293 268 283 259 -421 362 -476 -427 134 85 479 -355 795 452 513 140 278 -309 -150 -285 471 126 -95 848 23 -445 28 452 67 107 -596 -87 402 -495 -382 268 421 -47 352 325 437 -395 -152 -27 -125 -225 -123 -40 404 -179 -59 -249 317 -132 -645 -327 -160 131 -201 -294 184 20 386 -137 487 75 387 307 41 -694 321 -256 133 -223 -307 -71 700 175 -250 -781 -52 117 112 129 -161 211 88 -548 118 -49 303 327 -824 -163 -1016 -754 29 -79 -236 -354 620 337 -138 -358 -45 784 713 477 170 -227 -272 166 -91 -91 21 639 48 -72 251 -50]
[-346 347 -173 -584 305 -117 1001 -83 106 -182 180 -682 -333 -273 -42 723 -972 -44 -154 675 463 106 -55 -4 -274 -248 132 -2 635 254 595 120 469 530 306 434 973 -873 -439 -183 202 -21 -467 884 190 657 48 471 -162 538 -255 -155 252 -318 650 350 130 -326 -912 -384 -157 208 -78 500 315 -138 -389 -40 4 146 -712 -397 344 245 190 728 -445 -107 -381 410 -352 -475 443 -492 714 549 -49 -44 -118 23 -313 257 -398 633 251 296 586 346 -11 -70 366 -688 135 -246 422 353 -255 1136 591 -518 189 -23 513 918 105 25 -645 120 -333 37 -296 -121 -54 -162 -773 595 168]
[-468 -147 -227 84 390 165 -65 410 -553 223 4 -495 -33 -157 172 -34 -124 -231 372 -205 -350 375 83 455 -90 -197 234 453 321 173 358 -190 -198 104 28 -499 -346 -3 -80 -258 110 -333 271 631 -820 231 69 -181 54 254 67 74 -250 403 -362 -417 -155 -475 523 -153 -737 -60 212 -469 64 521 -256 -551 -208 173 60 -320 -238 199 -471 865 -119 -128 -668 367 -288 -620 -261 231 -439 -108 -109 13 -366 11 -128 -125 203 -344 109 844 -154 25 -343 147 -110 393 450 -254 263 183 241 391 -215 -422 271 -445 84 -201 -24 209 -228 -552 489 344 -29 -77 46 -156 -228 -290 -321]
[108 203 -32 -457 512 -284 -46 -82 -574 -425 81 -537 -780 -169 -269 681 -462 285 -285 793 -126 -110 89 406 -220 57 308 -5 99 -94 -72 290 -1 116 -412 -146 -165 -221 -491 247 506 145 -407 998 -165 235 308 -59 -7 -18 53 9 189 40 -110 312 -340 -555 -256 -361 -556 47 150 -560 1012 -125 -773 -690 -50 551 288 -529 -827 515 -331 816 -128 540 -315 -226 58 117 110 429 2 177 3 -451 41 -287 -145 345 -132 422 147 578 435 79 -185 -607 242 176 -102 -20 454 279 -247 943 150 -497 130 281 197 233 168 651 112 -241 84 -179 -673 45 -62 -775 578 222 -117]
[260 -260 549 -910 -577 272 66 -489 -204 -560 -230 -617 -682 -367 -718 619 345 368 -179 235 -654 312 828 451 -740 32 -350 -169 -24 317 -599 24 30 321 -378 179 78 -363 -74 341 349 -16 -946 700 -234 -224 35 407 -11 100 372 -345 38 -96 -439 62 -111 -427 35 415 -234 -172 230 988 595 840 -243 -592 -12 -51 -601 -412 -19 901 -238 183 118 -153 -548 -217 268 406 -973 539 -155 -251 -255 -235 23 34 -94 23 -239 -20 -53 476 -22 494 200 -439 360 569 -585 -76 815 -339 -165 -34 119 -380 -362 88 -33 -256 -309 200 319 -148 641 63 -854 -308 284 -362 -141 -941 234]
[-242 -503 136 -245 300 487 -25 -380 -715 -320 -337 -312 -85 307 -60 -106 320 136 -356 407 -640 -608 125 594 478 -11 548 -1168 293 213 756 177 244 412 -298 -640 459 136 -765 -193 9 -526 -271 -184 -501 864 -306 652 -575 97 402 343 130 -87 185 -832 387 52 92 238 14 383 23 -44 358 107 -552 83 -149 -652 113 23 -44 -141 15 54 476 -132 376 258 503 49 422 37 -305 701 467 35 -379 44 -247 631 321 -158 391 -203 8 426 342 -536 -348 -578 -48 109 -787 -83 539 -50 -163 78 95 -572 268 89 141 250 27 -828 538 -96 -807 -123 -162 -86 -617 -54 -231]
[265 434 11 -568 312 435 178 -240 -79 117 -27 -649 -433 -188 -801 -519 33 -107 -32 174 113 11 379 161 -146 -17 -408 78 49 -37 174 -62 146 99 -463 -107 194 -95 -20 -215 503 -894 -459 -1175 -1346 165 267 545 157 -169 362 -487 667 -798 -273 460 669 552 -7 -27 11 -579 -697 40 -559 474 -7 263 172 93 -211 502 558 467 184 -1044 228 -91 60 -406 -476 -88 166 49 416 458 -181 556 896 -194 11 375 602 161 -515 249 -45 1215 -301 -152 -185 -799 -649 -53 -596 -464 -236 -72 -123 -168 244 -598 541 965 -749 -279 -100 -814 135 95 -534 -46 -3 -483 -305 -718 119]
[77 434 -484 -633 -118 -434 293 287 856 777 -18 844 410 10 625 373 -511 526 67 -160 734 -45 -51 -203 172 293 271 16 1146 -418 -321 507 305 -145 660 177 690 -252 -22 -573 -109 -260 -40 -376 -250 504 345 -842 -148 167 -400 -98 -376 -897 431 165 -71 -89 -598 -332 181 -370 33 -76 -695 408 -101 264 -262 20 -405 221 -144 -1233 -268 -335 135 -147 -225 524 -391 172 545 -183 650 324 274 374 -596 3 -18 74 235 744 54 19 -236 895 207 227 254 -201 496 -72 -33 310 -264 591 518 -618 974 -115 257 347 140 -414 -612 601 -549 498 25 25 -717 97 -478 438 -1]
[100 -354 383 -156 871 259 349 -17 -686 -464 -227 -150 -257 140 397 -581 394 136 -590 -94 -636 -108 576 -172 150 25 -1021 177 400 566 39 -15 279 598 4 -420 -168 177 -214 -259 657 732 -591 187 -355 -237 9 -305 168 476 -327 -357 320 -9 -325 -407 -333 -67 -375 -163 132 -207 -227 709 -149 -35 15 10 -226 2 -454 42 225 -322 -358 93 124 -519 331 -1021 605 56 235 74 -10 -271 425 298 350 -82 149 -85 56 143 165 274 814 152 267 831 -609 371 282 210 -22 -366 -474 55 433 -145 580 -218 487 60 380 304 63 599 359 -346 -129 458 -571 -586 -605 -644 -7]
[-89 -515 -466 -87 220 -22 -1223 144 -545 -376 -149 -330 168 11 146 -378 473 82 -114 179 -919 166 -471 345 53 -415 238 77 -535 -199 156 221 -357 -517 -541 -500 -631 494 -203 206 -446 147 48 -338 -537 179 135 33 597 213 156 66 600 -102 -656 -185 164 -202 160 -1037 235 187 747 -1074 -601 218 -154 -335 383 -208 674 122 -240 -463 -196 -437 406 400 -220 145 159 384 249 -13 -156 265 508 -233 -254 -535 10 490 201 -456 -222 -571 -376 36 -175 352 -366 184 365 83 115 19 215 -59 -335 -206 315 -291 -217 -423 158 180 530 -497 512 146 -362 -189 106 -547 760 147 -774]
[344 -81 -384 518 228 -735 -669 82 65 -284 88 779 115 250 127 -365 -38 604 -376 -242 -467 654 -394 186 -572 -181 -469 -18 -633 -8 -133 163 -282 422 21 24 -56 -209 -529 -76 -148 526 -421 -461 -680 -177 -46 77 208 -639 -501 -867 -143 -448 448 585 -329 610 -92 -116 386 70 31 72 -56 -707 143 717 292 303 -34 -756 9 146 -26 -126 73 259 -147 -711 -1149 613 -426 -349 705 -239 -327 -487 -282 -275 209 -25 -147 -88 443 -708 259 -50 -3 -142 74 43 -34 230 31 -191 -717 236 33 -222 485 -118 3 -510 319 -446 843 35 -350 -347 31 -405 402 -157 202 374 61]
[275 807 422 133 -747 -742 -157 490 626 721 148 150 159 35 -15 -462 379 -338 -133 -60 601 -299 -296 -337 39 202 202 -208 496 -437 -109 366 348 -163 299 160 403 840 126 -311 -8 -521 208 -731 -471 208 -315 -222 -939 493 507 -119 -497 -236 251 -588 110 233 560 580 208 -123 -400 -82 -181 -168 326 888 -351 351 -234 230 451 -127 176 389 16 -1030 -323 -852 -445 -33 -482 121 219 301 -336 -283 -504 -79 -418 -341 94 150 -26 -86 -595 629 -22 -166 86 -223 333 -155 165 -48 426 -1321 175 -38 -548 179 80 -310 -186 -29 434 201 -518 74 55 -104 -295 673 100 -284 514]
[-78 -157 242 -974 1082 378 221 -623 -356 -984 262 -662 -451 327 -212 108 -430 -187 -172 53 -624 -343 -32 -262 -31 -512 -768 -230 -201 367 46 -406 426 61 -110 256 -349 287 -411 -174 232 217 0 -139 527 370 -212 90 806 400 -454 -19 676 -11 -120 -114 -202 374 -820 -360 -72 109 -263 -22 482 -86 -483 -360 447 -280 -317 552 396 -484 -222 -156 76 -395 300 -443 359 62 587 -569 42 104 859 534 817 -483 -98 197 -223 84 -62 -477 373 -153 -27 1007 283 190 198 276 -260 -65 -372 -252 584 104 575 251 431 801 274 359 262 -246 164 -676 -40 278 -323 -736 -277 -41 -7]
[262 743 -241 -637 -550 -101 -217 131 17 -382 -316 536 615 96 -238 -150 697 1052 76 -279 1138 506 -632 -294 149 -397 268 -32 -182 216 249 475 -522 -534 215 999 505 -360 309 19 -128 -157 101 -682 101 128 582 -281 135 -284 -190 -224 -459 -366 115 256 -124 -59 189 282 561 -202 -124 247 -1294 -239 -189 58 -434 -20 -312 353 -247 -975 484 -576 1041 323 251 504 -96 105 -288 425 800 501 -286 -301 -1148 94 -78 446 179 320 -214 -629 -301 281 331 -854 156 -312 443 6 107 -569 -577 4 104 -202 69 -111 322 -125 591 -1050 150 635 -681 -317 -354 98 256 982 -59 249 -542]
[113 438 57 -318 512 54 864 -597 -441 190 193 443 288 487 -24 120 -428 -400 -361 -752 178 -578 233 350 252 573 -488 -57 -763 33 -187 -71 879 -465 -635 -42 234 337 125 -320 -96 326 265 -533 -173 -837 -898 -334 65 -154 -87 576 130 370 295 -150 -368 461 97 449 -102 480 -283 -20 333 -723 312 -275 34 -975 -123 766 208 91 433 -28 410 403 418 -767 -193 542 9 -410 297 356 -277 300 452 7 -94 31 232 798 30 -174 -209 417 -102 -596 -6 -17 230 275 -434 -1003 -315 -234 -95 112 -181 -214 421 -26 -258 -387 408 -451 199 -436 251 249 -296 -170 -422 2 78]
[-133 58 430 18 609 -174 855 396 108 -209 461 -640 -557 -88 233 468 -124 69 -501 731 -157 54 389 755 -713 -725 2 -584 62 -163 390 51 205 584 716 32 136 403 -148 -79 -257 -37 209 -102 164 -238 36 437 -46 280 404 -473 441 475 -175 -467 63 -363 -292 -359 -351 843 -164 -207 432 -333 -388 305 -166 54 -882 584 -80 308 -166 52 -331 -520 -180 -458 -447 -505 202 516 336 79 167 -177 17 -403 195 284 -587 -383 -435 -133 147 -69 512 -246 -113 -179 -277 105 -29 -117 -101 -83 361 -496 -231 471 593 334 19 603 -346 -105 815 74 562 50 -595 -454 -308 418 -381]
[-28 11 -501 537 361 -840 -860 197 -2 354 46 1059 -595 536 -56 -546 -610 144 -224 435 -537 33 -56 -982 270 -448 -113 689 144 -93 -334 -62 -215 65 -598 -260 -731 418 35 455 355 -120 -197 -72 270 -20 576 -530 210 -154 -397 -211 91 233 -122 -73 -686 345 -270 -396 150 55 -466 334 313 -130 161 61 -272 779 -232 -361 41 -1134 -164 91 -500 -309 247 -171 -62 -225 501 -521 -67 -199 95 127 286 113 109 -936 -217 -439 5 144 121 -707 674 1709 19 450 699 -570 -594 366 -140 -738 336 31 179 330 -853 -217 139 -248 642 863 -506 94 246 384 -469 639 335 -775 133]
[-658 46 15 785 -313 -94 29 -91 215 698 181 690 42 228 -267 -482 830 547 213 119 -209 420 76 83 565 -215 188 416 -266 -259 863 202 -471 486 5 -589 -95 0 -138 1032 -884 -144 -217 368 -314 -59 652 -37 -124 -624 167 199 -35 -182 -92 -254 -251 250 713 1056 501 -843 -139 -375 -206 153 -336 472 -1167 -561 -14 540 55 -524 -79 43 -314 -56 72 312 -200 -102 -333 420 -857 291 -824 21 113 935 -97 115 31 -926 -84 705 -296 -105 1027 121 -449 230 98 -2 -529 -621 -278 -336 -83 -37 -203 -441 -484 -343 -464 440 -263 -551 441 216 -157 64 551 984 373 -803 -891]
[691 -934 -648 481 -40 -87 -202 162 517 -6 35 348 138 85 380 -180 -686 -107 -177 228 -818 288 50 351 146 227 -428 286 -14 28 34 -55 378 423 253 -430 -178 -291 388 473 86 433 29 125 540 -52 380 53 -84 -112 90 604 -852 465 567 -189 251 412 -587 -406 -55 -298 -126 476 -342 -148 625 52 71 -44 371 -74 -185 194 -135 535 -443 669 -238 823 19 490 274 -92 -79 200 -463 -139 376 -487 706 -152 -48 492 442 169 -200 -3 -43 -6 448 636 -351 -460 176 129 -161 557 44 -142 543 354 -104 118 214 -202 100 224 -503 122 -297 27 317 -413 529 184 567]
[41 47 -106 503 -236 224 -567 -250 -559 -21 -87 537 332 123 126 -56 -258 -180 -470 489 118 -541 -202 69 7 241 1376 -487 152 -425 -459 161 -690 -857 -1153 3 365 101 -34 -575 324 -133 -75 34 -631 498 -359 -552 -110 -546 130 193 -16 -481 258 147 -355 -46 656 -280 769 505 152 -667 102 -249 -355 461 -83 149 857 -1237 -490 -22 222 -52 817 52 598 312 -137 372 147 -235 429 353 -163 -245 -561 148 -816 240 16 -226 413 -294 -135 -57 139 -610 -519 32 114 -13 -160 529 265 119 -652 326 219 -266 -1223 -856 -423 52 471 98 -589 121 -167 -509 -140 461 592 -143 -406]
[-715 -594 -133 -249 249 618 350 -375 242 143 -282 -399 -539 -441 -253 -270 -468 -465 170 190 -374 -202 -95 348 -7 -507 749 -448 30 165 284 -947 182 789 -518 -562 92 -515 -396 -1 -85 -407 -756 -335 -1181 273 -237 696 -488 95 437 -17 790 -33 448 210 541 89 394 607 -51 -196 103 778 250 13 -674 822 -240 -929 -311 -796 80 687 -58 386 25 -341 231 -25 585 -154 -50 -205 -11 478 1 328 570 21 42 590 -240 -189 282 408 641 551 132 283 -19 317 229 -17 -117 -497 -222 -347 -300 -71 -923 -1084 -785 2 -590 53 -1118 -767 405 708 -112 -649 465 573 -553 -1008 -657]
[332 -682 -441 -2 401 456 -196 130 -510 332 15 716 131 167 205 -546 -68 -319 355 -632 -347 645 -1001 100 288 -384 -58 266 122 459 399 -704 -465 700 -664 -468 -664 -244 367 -840 -205 -602 151 -100 -530 -517 231 -710 254 123 -611 -32 -1133 -691 206 -50 224 331 -53 35 779 -530 -439 -530 174 286 -319 649 -374 -198 500 -457 149 -680 -740 310 -137 -304 491 -380 -389 -17 32 -487 -380 -184 152 443 677 -140 -364 210 -59 -254 435 -353 -20 -77 25 605 148 707 -3 26 -509 61 -336 -264 177 -256 473 -249 -593 550 256 -274 307 -59 -441 406 855 139 -240 29 441 -310 223]
[48 -54 -148 368 -294 -1303 -4 -320 653 109 150 626 -211 436 168 31 -215 912 178 656 113 -346 -108 -110 -53 640 439 -452 56 -452 -46 686 -725 -418 -494 -779 858 -201 -260 759 -645 290 -187 423 276 492 -26 266 362 -567 0 404 422 -620 489 832 316 -541 -119 -167 414 -20 -121 -93 26 448 387 362 -493 55 503 382 312 239 460 -213 -215 565 115 41 180 789 -303 660 -283 154 -691 -463 -143 56 -172 375 277 -57 -79 -125 -1219 323 292 -4 557 -991 -720 55 111 222 587 414 -8 -262 -565 -89 49 -250 -876 288 414 -447 -51 765 -917 -585 -281 223 985 605 -332]
[-72 -89 -172 153 134 -244 126 -676 813 -131 118 295 711 98 39 -234 -44 831 -286 -353 -339 -533 -93 -120 154 724 -247 348 425 -882 -735 562 -134 -79 628 48 361 152 -375 -316 255 672 111 -437 -153 -276 -311 -635 22 219 -742 601 352 -662 -209 358 -401 -518 -457 566 -46 -993 370 -153 -649 -346 430 175 240 167 -59 549 -161 201 20 57 278 693 261 -583 446 949 797 591 -384 122 33 68 698 -422 489 58 1203 358 88 248 161 1043 -127 886 97 6 245 820 -82 -329 -442 631 549 -218 513 -28 349 33 139 140 200 487 128 1122 -1677 -449 -132 -261 571 338 -68]
[199 220 682 301 -704 716 -637 -531 -180 -469 -982 -283 -328 -523 -345 -560 819 47 -188 335 -501 -350 663 597 -409 57 -344 323 573 -99 47 304 544 -364 133 -302 40 131 470 481 172 1048 -716 95 184 -592 1 274 -223 439 -28 -91 896 131 -344 -263 -46 -801 478 -790 272 93 203 474 -820 735 -224 -1093 -447 200 58 -251 730 -665 -13 -470 652 -393 -243 109 903 371 -379 407 -86 90 197 -474 22 -882 -347 623 -332 216 -189 -222 -16 -173 -232 -13 69 16 -160 -531 740 -151 288 -41 -763 619 463 1272 476 -345 246 -52 708 187 595 -339 -626 527 -70 -823 111 -406 -164]
[-525 -366 -217 -800 -468 331 -30 131 -305 -1018 395 -156 -10 493 214 83 -126 -222 -80 -15 -169 -211 -406 -540 -151 -65 96 -619 453 311 -66 600 -221 -634 -1252 606 397 248 -877 842 -180 440 -788 545 827 520 -542 224 463 393 -552 176 256 -860 19 499 242 405 -772 -532 759 155 262 -350 300 365 -172 -525 -573 -856 78 124 729 298 909 68 319 267 -98 -393 127 544 -414 -543 -414 -216 -132 207 414 -25 -710 664 -649 -342 38 -350 -373 -438 -425 212 515 176 -662 299 518 308 306 -493 316 342 -305 34 -632 -127 -992 449 599 -83 -398 5 -549 -777 119 -84 1031 360 365]
[-378 196 -1 -554 214 -885 -267 -680 -312 100 65 -685 -1049 -128 -473 444 -244 -481 473 -72 -414 -273 65 -410 -397 -527 -27 94 -112 179 69 119 -452 215 -524 -180 -43 221 -1079 196 433 -501 -451 -205 -114 190 -530 426 -234 507 -570 369 915 -137 262 404 -470 165 326 -53 -544 424 348 -249 370 -106 185 -124 147 -140 -231 907 276 -183 80 646 -256 -35 -744 -246 225 -53 -103 -866 6 -189 215 161 709 275 -41 -843 199 275 -114 5 -323 511 -1087 254 1 -228 224 -2 19 196 438 -355 -162 -612 -364 208 250 270 -755 63 -17 -306 41 810 -783 125 -101 315 278 -137 228]
[95 377 516 -363 216 262 155 340 621 -393 613 39 -114 -433 109 -210 -279 -268 -288 -675 135 -480 348 15 509 -7 -445 -253 108 -170 -519 -138 -744 -477 -301 -458 -615 353 -186 -510 450 -43 -287 -183 -443 -356 -358 -964 737 -81 493 -166 -139 -201 -579 -250 47 -392 -354 -96 135 438 175 193 323 111 -176 60 -166 -790 -351 385 -324 849 -479 -967 -274 -361 89 -545 -620 -824 -179 242 -169 -437 229 232 278 -116 -35 41 80 -274 -718 -407 753 -41 -473 -203 -301 199 89 372 98 -523 39 -746 -365 -216 -503 -172 206 628 -775 -184 -997 370 608 -113 1151 -12 159 -143 -156 -718 49]
[-35 323 -269 238 -358 -209 425 -1153 809 933 160 280 24 989 227 647 428 668 527 -612 -561 1277 672 -17 236 -641 84 327 -37 -403 -244 -266 -4 341 229 -513 108 -197 -15 505 -440 -314 196 -1023 -369 465 559 271 -660 -257 -1028 -514 204 31 814 1004 -291 85 606 687 -121 -28 -224 -499 -811 399 291 363 653 291 20 -321 -11 -203 161 -1328 -497 -9 -329 -28 281 719 525 -39 -223 -779 -70 1042 236 274 -130 -1288 414 357 1 -60 320 390 483 334 62 -776 359 35 -170 -148 -860 -368 -262 -741 494 -306 -233 101 467 -365 464 -582 -681 172 -211 101 274 748 -336 -511 -336]
[156 341 -575 198 140 -726 -503 -1132 266 389 0 472 -641 -235 477 266 -174 -172 -26 806 -182 -631 406 39 686 723 161 -210 639 -681 -482 480 582 208 -640 -459 566 474 -993 727 477 180 -933 216 -553 565 219 219 -691 -99 -645 28 313 -387 503 590 -90 -420 -336 -903 100 667 -237 16 84 259 308 368 -354 23 196 -130 157 0 426 -617 -112 141 -116 -477 -10 188 -95 -491 -392 30 -17 89 1215 -46 -650 -77 218 529 913 273 759 -221 -856 -174 -323 -355 -141 -163 202 810 -124 -32 -275 255 430 1060 -575 -138 -432 1046 289 497 -735 -452 -187 -182 269 146 135 -32 735]
[282 109 -594 -95 -54 -416 419 -690 -544 -394 283 51 117 -62 -451 124 -996 25 -1122 -355 -971 -37 291 -527 554 -427 -452 931 956 114 -140 34 -967 -428 1316 468 -433 222 -300 -129 149 -488 -219 -225 542 -175 -153 -515 318 218 -345 6 -341 -141 -216 -58 -399 -249 84 -131 626 -994 -354 63 607 137 -729 -19 -622 933 -553 337 -485 96 -248 762 -256 -396 -181 -333 724 -99 569 -110 -146 -667 361 247 242 -882 102 -803 306 88 -995 490 815 97 -575 703 -234 438 -161 -203 100 -315 -391 215 542 -95 -114 98 420 1128 -43 11 19 714 -345 -213 250 476 -335 391 676 -725 -83]
[102 -52 -150 467 -158 490 675 -624 235 1198 161 82 243 139 807 202 -414 -374 789 -409 -67 -341 46 -290 496 134 268 247 -15 -237 -67 -654 369 -833 362 -260 -190 207 568 -236 -491 341 289 -664 518 278 -945 -448 -390 -149 -146 42 82 780 1226 408 -367 43 96 -482 512 -1009 -282 135 251 256 300 -77 307 58 27 389 -272 -256 1074 -406 36 295 38 153 1252 543 477 -432 -470 -838 376 700 495 -49 198 -292 -134 472 -52 114 -609 155 -634 -162 377 -200 -315 424 -75 344 93 238 -400 204 -192 -20 -212 157 68 -109 -224 -185 -178 266 853 -509 -497 847 303 -173 2]
[133 -109 495 286 631 1477 -184 -1217 13 -807 -202 -765 778 -573 -247 400 492 36 42 -498 66 -105 -119 395 -16 -136 -206 -304 -400 -53 -359 -306 -388 472 1048 594 -6 -543 344 -319 517 882 157 -37 318 -658 -610 66 841 -449 114 133 269 -57 -211 -187 -390 -265 913 136 339 -400 611 339 -607 -43 -120 181 136 -6 -546 239 -80 -84 -144 -419 531 -621 761 251 1105 -405 123 297 35 -230 1015 142 501 -75 -80 256 -244 72 245 -55 774 -430 -522 598 -498 601 7 1006 704 -692 -1121 393 -346 878 584 90 -113 93 234 502 -493 278 350 -890 356 200 435 323 -53 -474 -402]
[-198 495 -353 23 218 -467 -280 880 -381 -49 -757 896 -588 -99 94 -484 -668 81 102 565 1070 48 -674 -693 -1083 -223 311 -264 212 115 -44 4 -89 -423 471 612 596 -27 643 -358 -113 -523 43 -219 -122 -680 238 187 -319 58 -84 -1012 440 -301 358 170 521 955 -317 -409 -84 332 -748 385 133 -142 366 833 -848 880 -483 -753 416 -541 473 679 -52 146 183 -1013 -209 -761 265 -19 586 -31 295 -748 8 -21 323 134 -583 -577 -256 376 -231 -634 239 697 -507 -38 -238 104 49 135 -403 -365 1147 232 41 -396 -260 -534 -93 -237 180 515 -224 -177 1217 179 -577 356 15 361 141]
[-259 50 130 -308 -627 342 -910 836 -611 343 -605 57 -154 89 -322 32 584 -443 220 0 -702 597 37 553 -23 -331 310 -204 -210 277 2 -384 1002 890 303 494 -737 159 -139 101 -103 163 -770 -321 320 -609 286 148 -746 5 531 -148 -29 814 76 -615 -495 147 460 -1112 -73 531 308 622 296 -592 -659 -1352 -146 -508 -164 -204 -439 -1108 318 -671 1038 264 606 1058 466 32 269 -615 285 -36 382 223 -542 -344 381 132 -401 -235 -52 -826 323 -706 -296 -315 36 247 267 -699 -457 -270 154 -99 -526 753 138 943 244 -602 736 -437 -664 703 -136 471 30 -193 -515 -53 -313 256 12]
[-209 800 214 162 -306 187 -545 547 224 -332 -32 -472 735 316 14 -747 -285 -544 518 289 3 -262 565 288 31 600 -183 26 495 -693 82 116 764 -547 -306 -7 294 804 -248 -31 247 -348 511 355 203 860 -474 125 -675 762 231 406 -677 342 -283 -662 109 498 -509 -222 -809 698 -111 42 -474 805 710 -361 2 -234 -250 -64 1088 -381 1274 -304 -5 -569 -579 415 -168 -1076 187 253 -381 -112 -170 238 310 250 -166 -163 126 153 -107 406 -1300 -841 -877 -4 761 -422 280 35 -441 662 1133 -728 224 741 -184 328 480 150 195 401 349 -198 219 -223 -244 78 487 203 -520 158 1022]
[-57 202 -45 -781 1079 106 629 -1033 405 -171 39 132 132 -215 -397 -488 -647 341 -160 -876 -511 -736 387 262 228 472 -567 -1263 -201 -254 16 -694 226 -513 150 482 315 114 -120 -607 -161 105 718 -1198 -319 29 -493 -143 146 -371 -729 96 70 -70 193 241 -763 221 420 859 103 -570 -497 962 289 265 -40 895 -685 -636 -349 1261 -20 556 -114 93 985 20 810 -786 -253 174 183 -282 -5 65 -153 497 1198 -264 225 955 696 234 -485 270 115 97 244 -278 175 25 68 754 -1159 -655 -750 -521 142 534 -188 -367 290 217 -481 -379 -142 64 485 257 -769 -7 287 25 -833 122 -168]
[-241 -832 854 -126 -767 -48 132 571 66 160 395 123 642 304 81 337 220 -440 -716 174 879 441 -171 57 121 -340 -890 -314 198 805 532 -49 422 1459 360 -113 392 -557 -113 632 -234 109 165 602 911 -597 21 881 -285 127 446 523 -496 -30 -4 -660 400 458 -417 669 -532 316 294 413 -152 -569 196 -106 -164 -1052 277 149 786 173 206 -120 -776 23 -230 942 127 -185 -508 134 256 15 -192 196 -471 38 455 40 203 261 800 -327 382 -50 278 828 511 -2 -227 41 610 -35 -46 115 137 398 29 316 629 301 767 821 -388 -147 18 -858 -127 411 -116 -684 -481 889 711]
[-182 -644 -452 -212 239 105 -399 1651 -423 74 -672 -208 478 48 120 22 -267 66 -464 -125 -504 135 -539 -274 -207 119 312 -760 -71 381 39 -207 819 961 1212 1405 6 688 100 228 -179 -310 -91 -241 695 -362 634 636 -587 578 33 -72 -36 88 -73 -240 536 752 -896 -1131 673 808 453 144 -315 -733 36 68 -154 -118 -940 235 -225 -768 -103 686 254 155 216 582 -169 -396 786 -958 1244 359 817 -228 -477 -40 876 -76 -886 -433 -134 -121 339 -1377 342 -199 -554 688 338 -487 -119 524 -291 518 775 220 37 -123 172 -350 10 194 -564 903 67 374 265 125 -244 -733 -29 1032 339]
[286 457 300 1337 -104 386 70 243 34 -461 102 -11 378 226 -6 -148 1011 -386 739 -809 1305 748 255 -534 301 180 -443 881 172 526 172 530 -67 12 -58 13 -832 -185 -101 444 862 1184 -228 525 863 -289 -120 324 234 -691 17 -6 56 739 -33 -99 -20 823 129 233 -278 304 419 358 -303 -141 886 -459 415 -360 102 -288 986 26 314 -503 -126 -182 -286 -155 -583 -96 -1073 -13 83 94 -794 -304 37 987 361 -375 23 561 878 -169 307 -580 636 -165 584 727 694 47 220 -322 158 284 -478 167 239 127 543 -282 -259 -835 -72 -126 -251 -338 547 141 680 418 -473 -4 177]
[103 -188 -24 570 903 -200 -896 116 -390 55 218 816 -270 266 413 57 -850 924 -605 551 -375 -514 -599 240 -875 -780 73 -140 28 -61 -254 -589 186 632 -474 -551 -866 768 -464 -212 448 -86 -389 -8 -506 -232 -198 -354 -3 -151 -211 -316 -290 703 -270 -301 -503 518 -254 -1123 219 816 491 284 758 -513 96 -889 159 151 -637 -1130 -813 -261 130 224 102 700 131 20 -1209 332 -442 11 206 -82 -492 -227 -224 -366 320 -116 -557 -314 617 -893 -289 -263 229 -177 165 724 93 -286 344 68 -422 211 -80 -590 615 728 -695 -311 38 -477 115 588 265 404 798 -448 204 -245 291 82 46]
[44 1191 -360 151 550 723 161 -455 52 1035 402 -1009 318 -368 53 1352 -234 -276 519 125 -307 -181 328 532 1127 -74 -165 937 709 -861 348 111 595 -350 311 375 -394 971 -169 113 40 753 -285 -261 21 7 -145 -228 -135 -273 502 409 -463 383 194 -246 -192 -601 45 -795 552 -383 447 174 93 756 49 -1083 57 -79 -411 622 -161 -1116 71 -418 -481 8 -73 145 367 -616 128 67 -214 568 276 251 186 91 -660 -470 144 794 -180 365 -261 591 -193 -294 -116 59 702 338 -126 -714 -209 373 -361 -277 233 1434 388 496 -322 13 -473 -58 433 303 62 456 -20 433 -435 -483 216]
[240 -15 41 107 839 348 807 -951 672 -332 214 109 -380 517 508 15 -470 295 53 983 629 -681 255 -644 -650 131 -348 -611 267 -455 -562 -433 28 -286 670 111 458 -314 675 -181 691 226 386 -1105 -244 188 -385 269 141 -96 46 -212 1328 2 351 262 230 -114 -301 -587 -183 -570 -541 354 -108 -105 598 442 448 1353 -721 815 206 820 -537 -415 -179 298 1070 -1119 963 48 772 272 -150 100 414 827 -74 -660 99 -51 70 -57 -259 -75 460 421 397 831 -859 -744 -734 520 -21 224 -704 -815 778 351 9 -180 -643 123 396 -262 -45 386 171 -710 549 -169 -358 118 -543 -443 224]
[-548 688 300 -265 2 -673 -503 -669 -325 638 -604 1038 768 -764 -877 -314 -1322 385 -703 21 170 -242 -338 -314 -481 -110 -342 770 718 21 -161 -156 -1175 -618 -120 -540 -739 -854 600 -66 -174 -483 123 77 -597 -377 283 -1110 46 -944 -766 -632 -527 -340 31 328 107 -515 -353 191 604 -23 225 407 638 52 -358 -467 -214 626 -122 -217 429 -423 -522 360 -202 267 -188 -547 -444 -83 -334 695 990 -691 143 -908 -186 -744 -62 -180 583 137 -658 -274 -599 -477 228 69 104 116 571 -131 719 -363 -341 567 -261 -213 -46 202 775 -91 1047 -899 501 -317 418 356 328 -277 -255 -540 221 -424 402]
[358 462 -325 349 348 883 -523 -994 -264 -155 267 -224 -107 -29 -648 254 551 -122 -228 1009 -688 56 -243 766 503 -329 344 -468 376 -454 447 -323 -676 -106 -1077 -137 -595 -653 119 -540 561 -664 449 145 -1049 5 56 -244 -38 -612 -691 43 -267 169 -58 272 386 -57 -908 -241 485 514 45 -34 461 460 -559 684 1010 -103 654 -312 -353 509 -831 -654 -170 -311 313 88 21 -74 479 487 -1 -59 154 -21 315 -630 -919 195 153 279 -401 -245 332 32 766 -889 -100 -525 -900 64 -813 36 258 129 -404 520 -52 -642 -248 888 743 -546 441 -89 147 539 420 164 731 -251 -415 -186 -438]
[-315 365 -287 578 696 -687 -362 586 -302 501 -158 637 -138 894 -452 -246 -170 149 -282 -900 -130 74 -323 28 -20 88 150 368 -844 -836 -525 139 45 13 1197 65 254 -271 -70 -1149 139 140 980 112 -514 250 -431 -1046 447 292 -195 209 -901 -17 -451 -237 -549 63 1177 759 -479 431 282 -43 -798 740 398 199 -329 404 -320 -554 -224 -438 -467 -510 826 243 170 -90 -731 320 209 -661 -1081 -183 -26 -423 -115 -361 619 -20 40 -89 -99 412 -440 -725 -395 901 442 24 567 -105 -274 72 9 -29 701 -89 656 -569 263 -20 264 -373 283 264 74 210 -336 295 -134 335 -444 895 -166]
[-666 330 63 73 -117 725 202 -687 177 -121 -615 -717 280 222 -344 351 -246 299 -331 -516 -173 -114 210 -517 -178 -107 122 451 211 92 20 146 -168 -794 6 219 -357 74 -473 388 -439 961 -800 1046 1200 407 -3 1 428 310 -962 312 1000 -425 733 1333 -212 -105 -168 -62 748 129 446 372 -301 132 -776 -471 618 -90 -83 -30 189 -1117 764 -236 -311 225 53 808 1447 269 714 -986 454 -627 200 50 250 404 -727 -907 -522 -90 -493 -93 -44 -399 -472 412 -74 -745 -277 -369 -58 421 624 834 -156 651 325 -182 150 -114 -375 -265 295 13 -311 -122 -958 71 61 68 380 -228 -274]
[624 374 -500 150 848 -923 -312 4 -292 -678 301 129 -476 833 228 -17 981 587 185 146 671 442 -50 -162 124 344 -76 322 646 -612 -603 992 165 541 387 -58 158 158 -1095 206 1023 442 -932 -327 285 -28 260 100 -187 129 134 408 247 -884 -635 294 93 64 139 -562 -382 480 -1 -812 112 143 117 -244 -696 549 -374 -161 212 113 63 -558 255 -428 272 -1359 0 413 212 370 -835 123 244 424 450 101 137 47 980 378 1165 -124 297 83 -154 778 863 36 559 555 -54 549 -140 269 712 -528 48 255 439 174 -148 638 -37 -212 -435 303 -639 -5 -516 117 609 388 210]
[190 -1131 397 232 -693 977 -521 462 -61 743 -113 -116 1589 -645 -363 -549 -103 -51 -643 -987 -193 521 -564 739 167 -434 241 20 680 702 572 110 -761 336 78 -554 -583 448 721 177 -231 34 131 -159 -394 -1440 -153 566 203 -87 41 -75 -302 -341 625 112 -148 -490 254 -182 657 -962 280 853 -838 319 492 228 475 -579 -180 -317 150 268 911 291 -173 786 -325 1045 425 -322 87 -231 551 -1069 228 657 -330 59 -28 285 1191 -232 82 -189 770 370 -543 1236 -270 232 -165 7 404 300 -63 1021 -938 178 1016 -556 -793 -98 168 294 127 440 87 -179 42 -740 -48 60 -158 -309 -179]
[-850 632 514 154 -453 92 220 -150 358 -34 -556 -688 282 -806 -1011 -580 411 134 307 730 1151 -391 -316 -393 -941 -782 101 575 -820 -2 396 -599 -995 -610 -377 -363 -144 298 827 240 -1128 -582 997 348 -210 -334 664 812 130 -287 10 -371 905 90 -623 480 1146 473 -85 608 308 -217 -324 -677 -406 -571 262 -85 444 357 618 28 311 29 -13 -603 -408 628 387 -229 -11 382 175 714 364 -234 -359 -229 720 546 262 -107 374 -1317 -1138 -305 -893 -132 387 329 -1016 -817 -334 -139 -150 -765 54 -282 -174 -30 -665 49 62 -211 313 164 -446 -824 7 367 622 410 569 -207 729 193 -643]
[424 -1304 -811 107 17 415 988 -441 -30 -930 336 -177 238 285 473 1099 -639 -115 216 -269 -492 294 282 415 121 -500 58 441 175 -400 -564 311 -288 -129 1001 900 -122 387 -122 -814 207 652 -220 -341 1248 -44 -324 -1020 544 141 -234 629 -11 203 457 -493 -475 -332 -758 -693 6 -235 264 82 -277 -277 -335 -34 -132 -399 -440 945 -355 -1118 -612 -32 326 4 -213 917 672 675 483 -825 339 362 451 473 101 -384 597 204 32 -65 403 -942 15 448 120 53 691 1221 722 15 -431 850 -93 435 114 -954 779 1128 38 336 667 -159 150 368 301 847 -131 -181 -1149 499 320 -42 -129]
[83 89 277 20 -281 109 354 568 375 616 -735 26 -673 -209 -666 464 149 140 397 -124 526 568 -204 -122 -594 -814 -601 -364 -371 385 193 -733 -542 400 144 326 172 -271 445 -463 -198 -246 -790 1227 -385 -691 32 547 441 122 -366 -831 275 -271 512 1035 -330 204 -64 212 595 359 -647 823 -579 903 260 -397 -127 277 -1022 -336 342 19 977 -703 -893 740 -367 379 46 -318 -439 -543 -50 -906 -413 -801 -20 997 -93 -927 -853 -571 -229 790 -200 -461 -51 -64 -74 -281 -920 -364 313 54 -131 203 215 -79 129 -710 289 77 -327 -679 454 442 4 -87 13 575 384 96 -178 288 459]
[-732 -375 61 -278 386 297 -268 125 -290 90 -112 -1363 849 -574 -310 478 -692 -120 142 48 1114 500 -480 -736 -222 -750 -579 -55 325 362 709 -475 457 28 88 572 -1049 326 410 546 -590 -448 349 293 721 90 532 275 -241 -114 -311 -793 -168 369 146 -208 525 879 -242 422 -426 653 -21 906 187 -775 889 64 974 391 90 -686 618 67 1121 417 -945 736 -271 576 99 -584 590 -252 823 -1104 216 306 209 709 182 -373 567 -179 386 -574 -616 -274 35 766 3 -322 480 457 884 683 -288 441 -174 19 279 -255 110 487 1007 38 -18 -648 -212 -87 390 -421 102 201 -675 96 781]
[1517 -401 255 693 0 211 168 -303 -543 -459 -242 547 531 384 -60 -251 1405 -503 -480 186 495 517 -188 -29 88 311 -1042 -205 -666 -216 114 -303 -435 519 2 63 -451 193 496 272 933 -164 167 758 18 -295 30 132 617 1035 467 174 -865 828 -819 -793 399 330 261 276 316 704 155 -181 -454 613 323 -555 -380 758 -194 954 362 619 -153 -455 755 -308 619 11 -108 716 -557 -3 -1100 127 -794 -867 -157 683 -158 150 177 841 302 -69 454 -371 387 -1024 -929 499 -147 -671 349 392 -240 -439 481 291 376 -39 290 406 439 42 628 905 512 -505 354 792 282 101 198 164 604]
[111 -405 469 -172 176 398 -697 162 219 -14 -139 -193 119 619 195 -47 394 -400 -1082 538 -571 -10 -426 187 -79 -445 721 -317 179 -700 140 218 -306 -847 -1050 -867 -328 60 -543 248 -160 176 -81 102 -572 1535 -447 -142 -148 396 722 503 -227 -385 -986 -623 -157 118 605 -363 254 613 400 -1519 -664 789 -472 -467 -325 10 229 67 394 -425 444 -880 -105 -327 -52 -776 -49 480 412 410 -369 906 865 -197 178 -71 -294 16 -160 329 245 -729 -410 -189 530 138 54 -268 362 174 -227 -277 -131 -645 408 -313 386 -649 -118 -136 -10 196 932 -1015 125 -53 -155 -190 -74 -278 345 -408 272]
[589 240 413 6 306 -134 -572 -113 -308 -495 70 -495 178 1280 -6 -175 77 735 302 353 -1493 436 654 -421 -41 -6 -206 483 -917 -687 -130 -38 -36 231 134 -721 679 -58 -70 591 455 1293 -215 272 -126 -597 491 -324 -209 -150 14 229 252 1171 93 -419 546 -422 -618 -537 469 598 882 196 -539 -17 505 -373 611 -46 176 -481 93 511 323 383 541 187 -104 -147 825 63 748 115 -210 421 -83 -910 -190 -167 218 -291 152 -265 123 364 245 -715 91 559 -459 -168 670 53 404 -126 -433 342 -32 79 597 302 444 -1098 693 661 -103 -293 669 -404 -1382 626 45 -829 631 -37 -237]
[52 857 313 340 -341 -248 41 723 -292 -70 -21 -575 -416 -243 -14 374 146 -653 464 479 359 288 29 -326 -1479 -205 -219 1127 -272 -159 -553 -405 -94 -21 -579 969 363 -453 -142 -1231 372 -71 -325 457 -885 52 -479 -355 104 188 -420 -946 724 -390 -422 490 -404 225 -218 -1225 -516 -476 121 -604 -569 404 -111 -232 376 530 -118 -408 373 -590 175 -262 415 -813 -135 24 -459 191 -933 -810 1211 177 -379 -515 -276 92 19 19 -971 -12 -569 31 -56 289 -565 339 83 -200 -331 -666 145 -73 659 270 387 -27 745 437 43 353 720 -143 -328 465 -339 -13 188 262 47 -677 -298 404 101]
[922 110 -130 73 75 -947 -709 470 528 24 -275 1262 -825 15 -156 107 119 478 301 -667 623 207 -851 -109 -15 -362 34 481 288 -69 -167 111 -523 -477 986 -378 587 -26 -281 -305 -247 -54 774 142 -308 -1448 75 -559 224 23 -152 177 -812 -39 -1235 -528 -79 -306 342 -70 -151 272 -4 -125 -272 814 85 -65 -975 198 -514 -305 -248 387 -245 685 -461 276 -1192 -326 -599 -66 -852 442 -1130 230 -46 38 -222 -676 479 78 238 -11 421 233 38 223 -662 34 543 662 -500 -562 510 -107 -221 214 735 -111 -92 342 93 -78 -239 -74 -193 255 -54 619 1126 931 129 179 120 391 -345]
[897 -46 225 6 611 412 487 256 -317 -386 -176 -1336 -703 101 -751 936 489 204 789 -443 -422 304 -21 -382 754 281 550 16 -202 830 357 13 732 344 1502 720 -7 -540 214 -247 11 656 83 1069 698 -149 17 61 226 -802 96 -819 -265 210 531 125 -263 198 707 49 709 -253 -384 738 30 143 557 192 493 536 269 -954 -536 -68 48 734 617 133 269 643 289 312 -107 -383 -202 -484 402 -405 97 311 249 -221 -538 366 336 461 579 -714 -28 -420 -224 336 -212 -60 454 313 -145 1604 22 101 1135 -108 544 515 96 788 -116 186 -723 -308 420 19 -258 47 -87 707 -475]
[417 -395 373 -1239 -183 323 766 -659 518 170 -46 -189 85 -1360 -165 651 -1044 354 -575 171 -236 -1436 -148 65 -25 997 -290 -53 71 -357 -727 -268 1557 432 -130 237 -122 -29 315 -341 163 -504 -554 -54 42 -342 -24 -287 -521 442 713 -543 572 -445 -116 5 282 -705 -1206 715 133 -151 194 740 1328 -471 -368 -455 782 730 -521 261 -378 760 -1124 25 -63 -38 -35 119 592 -124 285 -38 -393 381 452 -86 260 -387 -419 -504 -729 224 -122 111 770 784 -153 -499 -12 36 6 21 1038 -267 -555 -265 278 76 -463 -172 -116 271 234 751 -546 -329 1337 -891 -53 -462 36 -785 6 -801 744]
[655 -516 -56 -1122 377 -505 -505 -513 -231 152 -194 797 532 4 -292 415 -233 -125 -723 -481 -323 -430 -215 236 774 1018 -275 -1349 101 -417 -844 280 -423 217 -806 -413 52 -394 -384 772 18 127 -253 569 -457 521 -573 -66 786 -426 -190 396 -1305 -608 -795 30 309 689 605 -70 553 -523 591 548 975 1513 -19 -775 -273 -265 -320 255 -152 328 -589 393 -8 -264 510 -582 -41 1159 -909 -442 -365 -863 -191 156 -483 515 -482 553 656 913 36 -144 403 -109 -220 -6 414 545 -302 -106 92 609 4 -69 -277 464 -149 -8 -1069 -677 -442 88 612 155 -312 -21 433 670 91 -38 -56 167 564]
[-182 583 -151 -215 600 -648 -693 420 548 949 224 322 548 -278 -292 217 -714 335 -168 323 702 -584 -1081 -19 609 271 32 -179 -193 -376 -147 62 -223 -468 -498 -101 125 617 -58 -104 -120 -748 1003 -338 -764 -421 -60 -358 210 648 99 540 -179 -362 -442 -214 134 -739 -403 -371 548 216 158 -381 -143 -120 -92 783 69 -1179 198 1052 -242 -109 220 324 -251 -33 97 -191 -312 -199 -434 -109 603 357 -311 -170 126 -988 -484 398 168 480 193 -315 -297 326 266 -186 334 181 87 -91 328 -368 -132 50 213 -66 -716 -28 350 153 15 278 272 367 435 765 -653 -187 -49 -473 710 1015 -337]
[-103 -482 -414 333 258 -472 -38 16 266 -758 190 -81 -102 701 -144 767 -265 8 279 -156 -626 246 -938 699 358 -72 1013 -605 -297 -93 -369 -12 -1288 -374 516 -266 -222 47 -465 -179 418 -75 743 464 277 107 -176 -25 219 -58 153 129 -397 218 -184 -390 259 -827 188 -302 -136 983 785 -1527 656 -460 -393 -131 -276 -85 738 -394 -142 457 -729 296 -310 330 119 341 -426 -381 199 248 -1149 189 1008 -82 -339 -422 -458 -193 -926 -441 479 -1253 359 -1063 -444 -491 -353 -176 373 146 683 -243 -455 -195 -106 -372 -80 -317 163 -75 -3 62 91 -654 -13 -83 888 -222 303 -30 788 555 -259]
[453 359 -272 863 -217 -1147 397 -460 31 395 729 684 937 -70 241 -186 -329 -1074 -637 -259 389 150 409 -65 343 274 -698 831 -493 -443 -425 82 -797 -588 353 -536 -36 -552 661 -236 419 107 555 8 679 639 -560 -782 490 280 272 951 -1250 846 -418 -536 -72 184 875 216 -205 562 -188 -354 -519 361 715 -104 -464 -519 132 22 261 150 582 -264 -591 -752 -263 326 -694 58 -337 16 -467 -314 -804 -267 63 91 63 -716 227 807 358 -155 -17 -604 57 -471 796 457 958 81 218 394 161 -137 -655 -459 -571 121 294 94 -343 -410 337 122 -30 249 621 290 535 615 300 126 451]
[1144 728 162 -1248 -46 -17 -61 60 -649 -139 176 -1 78 243 -719 778 77 256 -243 211 -84 -330 -33 1 668 883 25 -964 498 -318 -703 1 137 -188 130 1079 469 351 -242 -220 603 317 202 459 390 -784 -562 -301 -712 -114 198 177 -170 641 -704 -390 191 -518 -586 83 -250 -304 264 627 498 25 212 -611 569 109 -73 489 -338 224 1035 590 607 255 595 -610 944 -235 -345 906 -502 -53 364 -281 -339 104 -101 -75 938 103 70 748 497 -249 -320 282 -315 528 346 796 210 -348 140 -52 448 856 281 221 524 -1114 676 740 654 472 -300 -497 -848 55 -258 -389 -39 356 216]
[415 352 109 -619 541 -517 -475 503 190 -63 -122 -124 765 -210 -8 340 238 -457 -508 -573 -491 -247 444 1020 -411 433 -483 -280 -221 -824 -1190 -317 265 201 692 -126 -271 411 -220 -478 -88 231 -131 -578 -393 -1100 29 -721 -308 -354 375 426 -851 0 -908 -773 -50 298 937 -302 -463 1366 307 -117 -226 -157 77 612 91 -1257 -392 297 -384 -127 234 -247 -72 -76 540 -211 -400 -258 296 416 151 -129 301 151 275 -645 258 -216 62 -4 -225 -170 -292 -417 -483 -634 -233 759 152 277 -424 -1037 -358 105 -38 225 130 375 315 -184 228 614 -550 -29 247 201 353 422 286 -556 -130 -40 392]
[109 -349 -549 86 614 466 1162 389 -1937 185 257 -555 -123 366 304 -500 -785 -1115 -842 667 -154 296 587 -57 175 -1425 -599 -45 -11 524 1361 146 -548 -167 -132 -379 -626 -259 195 -242 393 -156 97 -1360 170 -605 -366 122 -536 130 64 -126 798 715 237 -178 65 -338 573 -928 -40 963 70 -668 -189 -1174 905 -505 -286 437 -124 613 -54 854 487 -524 -73 405 379 -583 33 -320 884 -264 707 -509 296 148 316 -809 825 -252 317 -531 -673 178 203 -1111 -169 -140 -551 286 336 481 21 -88 -389 162 -533 -208 -957 52 376 146 539 -706 185 -199 359 -434 129 -57 -583 -283 142 186 132]
[916 108 558 -464 -518 244 -370 405 708 -1487 -362 183 -37 554 -528 -459 208 703 386 -759 577 -49 -188 -21 -350 -78 430 47 -498 702 -529 784 -700 -371 258 -150 245 -628 -150 -279 406 -28 151 -91 457 -1086 322 634 614 -245 453 -93 -199 -862 -136 141 97 806 30 949 254 383 374 -198 -718 -422 844 -212 264 -81 -390 -547 108 10 332 -485 84 495 -476 430 245 110 -618 1064 -226 205 -478 -497 -60 150 57 -503 -790 -8 706 120 -901 461 -740 32 69 96 -817 467 178 -836 110 249 183 598 -140 -327 -5 -648 -108 -446 255 -208 -160 -754 50 582 463 776 703 -83 209]
[-126 -431 -546 134 -295 -290 -594 -46 163 546 -551 1170 -345 -13 240 -634 12 469 -121 -245 279 137 -747 -490 -733 -231 356 124 -610 -66 -850 -678 322 -757 -410 262 639 -546 35 -324 -365 -111 -425 -64 -263 61 -394 -101 153 -195 137 -864 227 -614 -151 355 474 466 -690 482 213 209 -6 563 36 413 14 190 33 1002 -466 -1158 333 -259 692 -503 140 154 -142 400 -382 177 112 -451 -367 -398 438 -656 -375 307 66 -371 -68 -327 498 -144 -155 136 -186 814 193 -200 75 13 247 600 260 -418 326 515 120 -700 -643 -586 -17 200 544 -406 -122 29 632 -529 -90 517 -69 -490 379]
[252 109 -501 128 811 368 769 44 241 445 -876 139 13 150 379 -881 206 26 778 21 725 93 421 -574 163 610 -691 -325 -445 48 -457 -489 560 39 -383 -454 -140 -17 425 -887 169 43 -127 -1114 -453 52 234 -247 -82 737 214 189 99 -88 622 43 662 72 -766 440 -385 -752 -936 236 -302 61 913 89 559 440 -321 169 387 -413 463 -831 167 -330 529 -840 1034 261 708 -198 21 -1144 106 114 1007 483 405 -598 237 394 73 601 -332 377 -200 124 187 -473 -8 127 -444 416 -120 -521 315 620 -863 -477 514 219 501 -241 171 487 -345 -275 -139 45 -569 192 -101 -340 775]
[-492 673 -971 449 658 -32 -130 78 -281 879 -397 289 1089 -98 711 62 648 1314 953 -47 1391 549 -842 188 -8 357 166 49 -534 -344 164 283 -197 -644 412 700 233 24 48 152 -599 -264 568 -1244 -624 -60 -275 -99 35 -482 -274 -408 -336 87 -303 610 785 317 84 -412 -212 876 281 123 -902 -13 609 113 398 -73 -484 332 26 -610 745 -1315 950 387 223 62 -159 219 -610 48 354 -196 -112 -690 -615 153 358 329 406 341 144 -1195 -1159 -60 134 -1120 -168 -984 -107 724 461 -409 -786 531 -30 -159 -597 -591 548 -103 -56 -786 -145 -236 196 117 395 -348 270 581 -825 548 -146]
[14 283 465 -802 607 469 326 -114 -464 893 136 -480 342 537 37 326 -187 -130 77 20 1301 947 -30 -824 128 -625 -6 617 -749 312 -328 -636 -152 -252 -690 133 148 -307 634 98 505 -233 597 -307 479 95 465 -610 538 -290 -141 364 -690 143 67 -31 -6 -23 860 585 -121 48 -40 -299 -780 346 -54 -424 -233 10 204 143 135 -779 409 -326 -163 162 583 1076 -38 -76 12 -503 381 -200 76 599 249 609 35 -787 294 -11 481 -495 107 -129 368 762 -144 57 871 -81 167 196 -896 -95 -276 -301 834 194 -231 41 -209 394 -96 -228 -229 -616 21 693 -565 397 29 -800 191]
[-244 406 330 -490 216 221 -1187 200 526 -33 -372 -499 477 -538 -460 -257 743 -168 252 201 -924 -214 131 261 757 932 -442 -565 -9 -175 -61 -11 725 593 -55 -18 319 476 -8 1071 -305 338 -391 -406 -588 143 524 778 -58 -565 75 -563 476 -498 -473 260 -286 -518 -244 -891 99 -652 224 -196 -555 470 -292 -271 551 -700 -155 176 581 -238 863 -473 37 414 890 132 372 -103 68 432 192 527 483 572 166 -410 263 560 -115 -372 -423 180 433 22 -334 410 -796 22 -279 -382 -88 -741 -355 292 321 901 585 -61 278 -316 -39 586 -215 -472 231 -572 -660 -123 867 -671 -386 -97 -738]
[132 -377 -356 -803 -430 316 -814 904 -147 -60 -235 -229 517 -619 -412 -65 1512 470 66 848 710 365 -748 219 168 -74 -364 190 -1025 225 396 104 427 612 -785 1274 -223 439 361 291 -76 -657 -30 170 -864 -716 653 788 425 208 58 -136 -575 -576 -870 684 332 -69 -445 222 -405 -226 185 399 -895 405 295 345 200 -76 156 467 -107 -638 611 -969 434 388 404 46 -649 -454 -1201 705 237 294 -124 -559 1007 526 398 345 -413 -321 -57 -220 -364 580 33 -61 -176 128 -749 -72 -192 203 -622 -505 305 584 82 -361 -98 66 -164 488 75 686 600 -441 268 -145 480 21 -369 166 551]
[-87 -700 -248 -812 -1179 97 74 27 26 739 249 669 899 24 -211 1334 -651 -64 -38 -284 -600 340 67 -448 -76 330 -18 252 190 24 317 88 700 -166 275 435 -296 -330 -70 238 -1252 -552 -454 765 1170 -603 -451 450 111 -126 21 311 130 326 -574 -292 289 322 220 -258 105 -76 866 -62 517 673 171 -629 546 -723 422 295 -237 133 244 -77 -969 608 -566 897 -232 61 547 -439 -18 -85 529 740 -381 359 356 -293 -242 -301 -565 -351 -135 -596 605 -549 296 538 -397 -157 -191 -118 -281 351 158 350 -131 -347 -642 163 -443 -678 -370 -320 474 619 868 -59 138 -477 -58 300 342]
[230 -314 124 307 -199 162 -122 -696 -389 -570 649 100 224 536 140 -149 -742 -635 260 -402 149 -350 81 -137 698 328 410 -877 636 169 299 -582 -459 -363 480 -459 558 983 -1009 -786 -263 -364 595 -141 -343 584 -874 298 -44 -389 554 441 -136 376 793 -693 -370 465 824 735 61 117 -529 -216 1576 258 -668 894 -266 -230 1138 3 50 985 -761 573 488 129 -141 83 -280 -342 38 -313 -521 466 -203 251 -473 -358 -329 844 545 -636 325 -342 -234 91 323 -49 474 -121 -46 3 -1038 -148 552 -650 -16 403 610 -503 -222 -193 -531 853 -241 -1632 379 -253 119 -180 -136 -244 -254 228 334]
[-438 520 362 -31 99 266 -155 264 750 421 562 -538 129 -226 265 380 -357 178 -297 -85 1103 88 160 -192 85 -247 -214 262 -120 64 295 801 956 170 815 -378 1 453 -163 758 -395 63 363 -465 362 -143 318 44 -838 291 696 -212 93 -239 -403 -869 -524 -359 604 264 -711 988 -180 -562 -121 -1069 382 -495 138 -370 -192 -266 -444 245 -5 -366 -481 -83 -654 8 -683 -552 -197 -62 205 -166 15 48 -37 -107 104 -145 623 -14 641 -224 362 4 -143 817 184 -894 635 195 644 -245 -412 -53 -297 -642 273 595 286 -29 756 676 -82 -720 227 -1354 -17 160 -2 -662 -370 599 460]
[-150 -788 705 548 108 67 -52 -197 -505 -563 -55 -860 77 -555 -555 -393 -640 41 -1029 680 -696 -248 133 63 -1002 -528 291 -176 957 -63 656 208 -360 -804 -119 288 -1048 499 -64 454 580 -330 247 -424 1256 872 -496 364 -1088 56 298 -185 330 488 -627 -611 -177 522 126 -245 -140 -150 -205 186 281 -150 111 174 74 925 151 -130 -119 283 290 667 -804 237 -468 429 524 -271 822 500 228 -266 302 740 355 -978 330 -593 805 -103 -542 -942 3 -566 -308 -566 426 26 -844 -31 -440 1039 653 194 -243 382 -572 701 -45 388 -153 -105 654 -12 47 830 -234 -647 -194 -342 -145 -205 613]
[-310 -116 365 -291 -564 -534 -235 237 669 -668 262 -761 -110 374 -526 -315 1 4 -529 395 -318 936 -602 -457 -61 -285 595 154 213 -107 418 244 -265 -369 -195 802 96 -161 -155 548 -265 364 -261 1524 -104 274 372 321 91 -404 -320 -626 -186 -395 391 1139 -793 -8 -358 -84 892 161 -78 355 124 11 -266 567 -302 293 563 -810 -203 613 760 492 -111 1000 2 -122 -165 33 -511 65 80 200 -861 -810 145 435 -94 100 -59 34 -129 109 812 -429 -238 584 -294 -213 -55 54 127 536 -154 34 487 -284 459 -297 -468 -229 -86 990 316 596 -587 -350 -337 -81 537 203 434 544 190]
[-124 518 -441 129 285 -249 -235 392 107 352 215 -222 913 634 53 437 1 826 281 689 863 118 -1186 -500 -96 -262 404 -354 343 -394 -4 86 471 -39 97 834 227 852 44 67 381 -185 179 -763 -29 -144 -258 212 -614 -149 411 33 65 788 232 -255 78 227 -355 -729 53 14 54 880 -228 -203 268 315 194 89 -771 576 556 -631 972 -111 137 -179 488 337 1029 -115 -72 -220 364 70 60 702 -717 -280 340 -610 -181 -116 627 -1264 -440 326 843 400 471 -275 315 29 -116 525 -117 -625 228 683 -143 -440 330 -789 476 -219 -354 36 324 102 178 -949 -616 834 -489 369 -288]
[196 -57 142 254 800 -539 539 -592 336 499 210 609 -608 607 309 70 -77 456 486 -76 -829 -636 94 -101 600 299 -938 -170 -31 -32 -473 -368 396 635 1590 -277 144 389 23 310 -173 -862 510 -201 -650 -220 -317 268 393 -414 -379 -622 725 273 -62 119 293 739 -486 -728 -54 -579 -944 891 541 68 291 508 424 413 -824 1392 -114 282 163 -350 -903 -604 -192 83 189 -50 20 -53 -987 -654 57 693 882 -838 49 -671 -73 -25 151 596 166 32 -424 404 26 -288 -1548 -134 -69 550 -341 144 417 1009 309 -226 763 734 -218 494 615 210 9 121 613 -77 -258 -62 -824 -254 8]
[-295 -215 351 1582 -290 172 -122 -177 -807 -188 -390 -792 -302 164 -696 -199 621 -560 -568 723 -218 267 -78 190 40 335 267 936 -532 366 -141 625 -262 612 673 -288 -219 204 126 -221 139 422 126 849 263 26 487 599 217 415 704 -337 188 -199 -1009 -514 556 463 595 165 -178 178 -520 91 164 -488 35 485 48 654 525 -1583 620 132 -700 -362 -779 -786 230 -409 244 330 790 -83 -88 104 217 -65 548 95 -421 -110 -413 -294 425 -172 171 -541 968 774 -574 -387 196 -305 258 -237 -289 216 137 -305 -304 -21 -469 353 -60 829 391 -201 -384 11 820 -21 -57 184 -14 -757 -202]
[-72 -238 1143 397 654 614 96 95 -29 -121 -78 -324 -301 188 173 -643 -721 -307 -104 25 -341 -595 -169 90 -426 -197 -653 25 388 70 559 -618 -515 852 779 -385 -170 -108 -101 -435 556 597 380 579 -360 -659 43 -293 -88 -45 -249 -350 -328 343 -98 -543 -205 -158 -397 372 -46 375 -107 1182 -271 -770 -54 -160 -225 304 -570 -163 150 274 142 440 -23 -201 -338 510 294 -851 -42 292 -401 -247 -470 -166 76 -102 -81 303 -27 200 520 704 -256 -411 -1773 592 -246 -351 -283 367 51 362 266 769 -298 475 -5 651 552 40 950 389 -526 226 333 -61 -250 144 -188 429 -541 162 264]
[-138 -790 -977 811 -98 95 -146 0 908 -468 79 354 -469 -6 635 47 101 -224 615 -131 -409 -188 -698 337 -241 -291 -270 -128 502 158 603 -28 344 379 895 -306 217 -300 -713 47 -435 -50 -64 176 143 591 -1362 1173 -110 612 -45 104 357 205 611 496 609 804 -518 -330 -568 -348 120 453 136 127 -55 671 151 -432 -483 397 -8 681 -13 783 -684 -188 -397 370 568 476 100 -163 -583 -343 186 77 -153 -834 585 80 -529 403 46 192 310 350 -624 -45 533 209 -1093 -68 105 -122 648 621 565 61 77 -299 473 350 -353 -175 -529 -513 430 942 158 -214 743 -21 -156 803 -114]
[-20 35 784 548 -566 314 156 -200 -382 323 555 -473 -379 -9 -559 439 356 612 133 215 -55 816 492 204 -550 -672 430 -88 164 295 173 71 -881 400 376 587 -257 -232 883 175 212 -617 545 164 906 -363 591 -345 -95 -267 65 -620 -204 427 10 -138 -237 -427 507 1417 169 214 -858 279 -394 142 236 583 -371 312 162 -671 56 -305 583 -259 39 -539 28 1271 144 -827 458 1011 -151 -784 -111 -141 -235 570 -279 -1033 23 -739 110 91 104 -819 479 -90 93 133 -209 455 125 340 -334 23 -121 9 125 121 -77 -13 -329 339 172 685 -16 264 -279 -503 -340 942 272 -844 -842]
[-419 -297 -89 -16 -446 771 -340 950 -1381 648 -825 -273 189 -64 -538 -282 129 -1171 -207 -462 843 79 26 648 641 520 635 1054 -616 467 247 468 577 -519 -790 18 714 -114 326 -710 280 -345 427 256 -619 204 -809 590 26 609 1059 461 -814 31 -313 -276 48 104 656 242 -646 101 -109 393 -123 544 -118 -112 257 -155 -26 -102 200 9 847 138 31 244 -344 -248 378 -902 -432 -323 265 574 178 -112 -829 282 -283 30 639 461 -101 936 -346 477 -643 -287 51 -214 230 -173 -733 -43 1172 398 135 -53 -381 -708 297 -411 39 -424 334 -411 315 -499 -430 356 -89 559 -1304 -210 478]
[-365 -517 462 384 5 -1011 474 142 -266 609 13 -16 262 -138 73 -647 804 1035 -606 -391 -635 606 -36 363 285 408 -117 -291 154 -45 467 -325 -641 201 231 -288 -528 -25 798 -147 -778 -730 764 -27 106 240 127 -682 -293 560 -339 -572 -607 -253 -701 -423 474 -1150 -222 309 620 -308 -37 -385 100 179 148 650 191 26 -665 -27 190 -540 -425 -397 12 -683 -131 -97 -353 21 132 443 -14 -955 267 -210 -438 418 679 342 457 -261 -361 -730 -316 -273 122 -29 63 -438 319 278 220 642 501 268 -188 -949 -800 -379 810 408 130 -144 -73 81 185 838 -28 -316 -405 -117 -123 56 -622]
[-505 152 -253 1533 222 -188 -1151 38 58 379 -233 270 855 -447 724 -270 1048 581 211 -89 -456 1087 -269 915 450 563 -207 -693 26 -17 363 -213 -11 711 -359 -786 -763 513 -180 1157 -834 -467 -677 259 -791 -113 387 945 -422 -208 666 -187 171 -402 -183 128 -252 -374 -27 -826 -254 222 455 -545 219 449 23 -369 -380 -20 653 -3 269 64 660 -782 14 -367 246 -145 10 -984 -919 578 -672 -815 -651 -770 -352 597 -172 -90 737 -361 215 -132 634 -634 -204 7 -440 -350 700 -17 736 260 295 -470 -767 488 -571 -477 710 -183 543 968 166 -471 667 -680 334 -1189 577 331 714 188 -151]
[-13 -572 -773 -10 -33 -73 -503 62 -675 -450 -18 -312 -572 123 -96 -276 -65 550 167 155 -1258 619 530 -88 -707 -215 342 329 -758 696 129 -607 319 415 -559 875 752 214 82 1118 -284 -840 -119 -824 -816 105 433 881 -518 203 380 -637 318 204 -266 -143 152 163 -367 394 -57 818 -389 -164 -603 -494 253 184 41 704 -148 -494 203 -261 -349 52 535 -376 -980 742 -93 -78 -687 584 425 506 -136 161 -275 -286 506 -606 -144 -318 539 417 -694 420 -424 193 -833 351 299 -359 520 -160 -407 -30 250 -152 -346 -572 -95 -535 -318 830 464 -1079 457 189 -387 -347 -150 164 -395 -490 -258]
[-49 -372 -70 208 652 -105 -535 630 268 -144 -193 -69 -489 264 263 -339 223 295 636 -114 519 268 -402 331 -852 -152 158 -346 -950 -17 -9 -305 -499 106 276 -237 -4 -140 -231 464 -90 131 320 -944 -449 499 558 1146 463 -62 318 -233 669 183 278 479 620 -319 -92 130 -914 372 -680 -680 -1094 -178 178 -503 148 164 181 -88 -220 819 396 -1039 165 820 -440 -79 120 -237 -6 619 -683 -176 -174 -366 87 -581 521 114 538 -609 1220 212 52 -335 -868 458 -41 -714 -295 -25 238 442 -299 351 -146 471 -117 -502 332 -426 536 43 106 -1038 221 -722 -821 -1121 324 -348 -174 744 59]
[73 493 557 947 383 51 -340 -533 668 275 216 -260 -102 10 398 268 788 356 3 266 33 -155 -75 -610 -256 -115 6 573 -494 -206 -557 350 88 -486 911 -195 -130 111 1616 -257 -806 374 1143 457 129 -891 -297 0 373 122 169 -64 249 198 112 -153 -240 375 324 126 -66 -321 -268 -729 -210 -322 735 795 693 382 222 -263 -62 -671 -250 357 -707 -561 186 -497 43 354 314 397 -412 -29 681 -203 97 286 -216 -451 289 0 220 360 -147 522 402 1158 -1010 -441 305 608 -239 502 69 204 540 -434 915 -112 67 94 196 930 359 121 60 -77 504 398 -234 -100 750 31 -455]
[-854 -276 -505 -253 541 153 1108 -213 -796 -212 -110 545 287 -779 1048 -365 -408 -973 304 479 -267 -41 945 533 230 100 -263 -448 -345 174 827 -392 -184 -377 -995 -433 -162 44 455 -299 -643 -317 612 -610 221 1503 17 -460 120 376 -85 1155 -73 400 1066 -216 286 96 -303 576 -1273 -474 -470 -1392 -246 -285 -475 -460 -35 -154 1565 322 -284 -1108 -969 651 -501 -356 -44 122 318 -525 1101 347 1035 -326 -186 -127 68 98 485 -575 -136 -72 -1008 -558 -300 -137 180 -916 -221 449 741 -285 -338 668 64 -973 -540 223 -365 -13 376 -481 -288 -588 115 -859 146 -210 469 322 -292 -417 -331 -353 -218]
[401 -3 -461 -470 1085 656 -307 549 380 -706 -363 -610 -509 -267 -225 -100 -45 1196 411 274 127 -222 -103 654 -218 259 -166 -578 -81 -599 -21 -25 784 47 -683 -1046 -471 407 -224 634 610 -276 -269 -379 -949 -257 1078 147 565 -636 389 -866 161 394 -634 356 1044 469 -440 -634 -881 354 -193 159 -176 617 -39 -576 136 243 404 -601 -516 538 -478 -730 222 -40 -208 -363 -4 -966 17 1093 -356 -552 45 49 664 -675 411 616 -131 -254 -788 -14 380 -477 -155 -83 -57 -691 -555 -319 271 -4 -249 52 -557 132 413 -124 401 262 152 775 -428 -1034 1099 -862 532 163 -50 -1444 334 76 -66]
[105 81 -548 -439 1139 -533 -382 504 -100 -474 271 -1690 418 -369 -502 179 101 -77 336 352 63 -82 -767 -144 -536 195 533 163 204 178 -104 463 276 525 -1209 715 -822 770 -1038 -324 563 620 -41 416 248 -157 -88 242 -141 1156 -75 406 501 14 -208 -105 -128 -69 -869 -638 -336 907 376 113 -172 -621 261 542 1303 -598 171 176 314 -947 -38 1002 824 -1007 -85 77 409 234 -213 -970 500 271 -514 -327 985 245 -800 -406 105 1010 621 -697 -91 604 -184 600 213 434 1111 -192 347 477 88 357 543 -200 82 101 302 33 -27 873 -36 526 -147 855 -765 -124 -404 -12 265 450 -421]
[-175 4 -236 -704 15 -73 592 123 -919 11 200 421 349 743 453 383 125 150 530 -313 446 -261 236 98 475 378 113 -634 6 -464 -142 987 897 -20 -227 226 -25 1389 269 435 -435 477 389 -728 1033 -715 380 -956 -140 -555 -22 637 -305 817 253 -712 503 -388 -493 612 -760 672 301 155 -27 -170 453 -976 -767 -844 176 613 -52 -930 248 -623 1180 645 579 -133 77 871 159 982 -551 50 -257 82 49 176 319 917 328 -222 -252 -420 -1663 56 372 47 878 533 788 368 128 -574 -430 -505 -212 -598 -42 1086 -19 -619 429 493 264 -539 350 10 61 67 -1223 273 237 88 -104]
[643 259 -248 -213 354 77 785 -210 -165 100 -422 249 -133 -947 598 181 -406 -306 -2 568 561 386 -205 1144 -323 413 300 445 647 -215 205 -396 378 100 306 737 101 257 335 -537 -27 -71 -745 609 -444 -500 -48 55 -551 817 -62 -83 120 195 523 1069 -467 -838 -432 -518 -415 -30 -798 520 188 55 -753 442 -390 88 -470 -441 -505 -41 436 1141 -261 377 7 -50 557 -127 -20 621 770 638 -570 -711 231 -174 -24 -111 -96 1196 445 544 615 672 -361 -898 567 874 -383 -429 638 -148 -266 1417 792 115 -113 259 -8 -235 -412 170 -15 531 163 662 464 -111 -223 -390 -589 16 69]
[-407 -896 -311 -3 -11 647 -373 -1087 -1238 -187 -60 263 117 -135 -573 704 238 -61 -407 -177 -115 -16 -549 -57 157 -538 380 164 -214 149 301 444 -656 -70 -1343 -157 -352 14 -644 -460 16 -209 -474 881 -426 -605 -65 -623 733 -270 -308 187 -132 -596 -534 -854 120 -137 66 265 1056 460 375 -673 143 235 -580 197 -451 -1272 152 73 -40 -141 484 -29 127 326 168 88 368 191 -113 -740 -636 148 -32 -72 1031 371 -715 482 -344 -591 794 8 380 30 -298 -196 -1062 719 -376 137 -123 -197 -3 256 -112 -355 709 235 -419 107 189 361 338 -39 457 -65 1 210 53 355 951 -247 -485]
[-438 794 -879 -316 877 436 743 151 276 -465 777 -1165 -305 519 5 10 -83 384 675 -881 572 -776 1036 130 233 -127 351 -465 -249 -199 -715 -245 -248 -1019 144 314 -350 322 -470 31 205 373 1213 -574 -120 314 -571 151 301 -120 -161 1051 694 698 -88 557 -291 -297 553 505 -1352 -182 -35 -63 720 -574 -374 -102 435 326 -5 698 -1207 535 -813 503 461 -200 -38 -573 -90 -98 23 268 323 -650 -165 382 -430 -161 616 -51 -340 422 -686 710 -424 -461 84 -371 1299 296 496 1011 -674 159 601 -821 -649 -20 -1585 41 242 -281 -7 -319 -164 -399 273 67 -817 -94 329 217 -41 574 -255]
[-363 637 182 -232 -575 -322 -167 58 -120 376 -144 -540 -413 -622 -480 643 -161 -421 58 1215 -20 28 -118 204 -1263 -315 -37 857 -391 -802 -158 -209 151 -988 -516 736 -1065 402 505 833 -466 -729 302 235 614 -182 580 -369 -330 -88 131 176 -613 586 -597 -123 184 616 -83 -418 -275 353 -228 355 433 438 195 -191 1 -81 -244 398 -235 -481 359 167 -580 173 -69 -164 -47 148 -947 704 120 -301 -841 -276 562 -441 50 -170 -109 -588 -1126 -205 -1232 63 229 -657 43 75 -1109 -385 -533 -190 594 -250 344 79 -980 1399 -568 -51 -178 -3 -2 435 241 696 869 -180 -40 397 640 -91 16]
[-474 -251 857 261 -83 -94 560 21 27 -90 135 121 -49 -504 257 373 446 -260 26 99 333 226 547 -599 -408 -492 405 126 248 439 80 703 -400 246 -226 -85 -209 -1051 -40 -169 321 -24 456 375 1258 515 -296 -567 -537 276 261 -2 -720 -211 -735 -1177 -911 -688 -74 1281 -811 206 370 -106 331 -317 734 -323 -21 98 -233 -664 206 -135 476 63 -176 786 132 -90 -69 -311 912 451 -592 -377 376 98 321 894 1183 -344 112 -7 775 -175 -139 -541 449 -305 145 230 154 1000 -285 -62 -78 21 464 -392 -360 684 40 -176 710 -702 -508 648 -51 828 -1081 -17 134 661 -382 104 921]
[-128 -67 -555 976 90 -421 -101 483 -20 -487 -378 -615 171 20 229 37 -458 -135 116 320 954 63 535 432 -496 -736 -353 -356 -135 -191 71 131 -716 232 53 -428 -731 34 -581 610 529 140 -265 -258 413 159 104 859 -489 -316 98 -979 -339 573 466 -131 737 464 -19 160 -1226 469 147 394 1010 -803 -194 172 126 571 90 -740 -770 772 165 354 -967 -303 -826 145 -292 -752 713 -200 852 -1318 -419 -596 -135 -130 354 -50 -57 -143 743 -10 17 -868 -365 -695 926 -359 -172 126 -27 1555 174 496 -1005 120 -891 910 -40 -132 1268 -457 563 -350 -121 -68 -179 10 213 287 -170 555 913]
[343 87 178 -482 521 -666 -1223 387 1105 -377 526 -175 890 -73 306 -888 -539 -116 -387 985 -304 -174 -798 755 -188 381 -264 27 -546 -882 3 -93 853 504 -334 -152 -434 624 -296 85 -187 -332 -324 351 -1365 -160 -156 292 -114 426 784 703 -338 -155 -234 -582 -302 677 -453 -959 601 288 494 -284 -455 -898 464 233 154 -761 -228 560 194 284 841 760 -430 301 -432 484 -583 -269 -493 -185 193 877 -1316 -503 27 -83 -338 -241 -77 209 784 -407 -804 556 -1156 138 -117 170 449 321 526 192 -21 -604 216 407 110 -410 54 -725 268 790 -52 -156 553 -619 123 -87 804 -54 706 572 394]
[249 159 1 -430 -68 744 -418 552 456 1074 97 256 721 -98 322 -160 -548 299 -142 -327 127 -178 -104 331 228 751 491 -1410 -366 -241 294 -1061 1065 -560 -366 226 -126 427 645 -415 -215 -13 541 -686 251 502 -686 -806 -653 -898 195 440 -875 597 660 -57 -570 387 571 19 -126 -539 -29 -32 594 -431 349 -404 571 -32 694 -726 -1034 297 583 765 545 1242 558 922 -8 426 527 -108 316 205 -242 -95 -284 -78 917 110 207 11 -504 443 -340 256 -134 -1066 203 264 -467 99 -395 -157 -154 -130 -500 961 318 -206 -227 -518 -618 -198 -184 18 -743 -290 -515 -150 -50 -498 449 138 -80]
[-60 785 539 29 -483 -207 241 -136 579 570 8 867 86 405 -1060 -97 224 326 516 -70 146 -175 -25 351 736 813 32 226 425 -1083 -735 397 358 -296 646 61 -127 80 -92 -597 715 274 -851 -272 -182 -579 -81 -794 -197 -131 177 152 889 -856 525 753 -440 -539 -765 829 51 -521 28 -62 330 309 -392 -572 -55 -579 -230 -515 294 -139 141 -958 330 814 207 -26 592 754 1079 253 -521 45 385 308 350 514 459 590 1038 378 328 116 247 475 530 77 559 -231 616 236 -1164 64 -257 533 46 356 316 -441 317 -86 -176 -359 -54 98 508 1036 -1049 -13 -603 -465 -160 -432 -251]
[873 413 -348 218 -539 518 531 -414 -37 353 -835 409 -55 221 -376 1068 278 253 460 522 548 -49 579 256 152 919 269 -289 81 -53 -273 549 762 -112 -894 121 1338 -485 218 74 263 -317 -221 -534 -303 46 1 756 -825 -283 764 -10 361 -449 720 -44 940 580 -542 509 -159 58 -720 -67 -223 931 272 -325 -74 -230 205 -1274 413 101 175 -435 -150 -557 -132 557 463 795 194 -299 -20 350 -25 163 -647 497 -495 104 -319 775 536 220 64 143 993 -691 202 -558 121 -609 307 -426 -433 652 222 -315 -39 -57 -563 297 874 287 573 -673 -316 -1301 -519 568 437 -3 -914 -226 357]
[-524 111 -9 -1017 -274 947 558 -426 405 411 596 -146 125 -384 60 96 -1174 -393 -243 -210 252 564 -399 560 118 -1070 677 504 172 -205 195 -663 -288 -295 498 153 306 -1267 939 -725 -148 -1203 331 110 -331 -136 198 -594 536 -57 -363 -66 -662 -587 9 690 781 -408 -475 -329 834 198 637 203 -724 153 -567 611 330 -718 -272 -672 -383 486 -20 -488 -475 377 -835 960 -632 -1117 -153 158 279 -73 52 297 482 -759 -485 334 60 225 -440 484 158 494 -1423 70 -116 -149 -71 71 776 396 -237 8 -858 -521 160 -368 -120 688 -220 -147 -576 -527 -101 -159 882 286 615 93 373 -519 -10]
[-25 -617 -668 421 355 417 1130 86 -408 639 399 -1174 654 731 323 271 307 -93 165 -419 209 -670 -818 160 1255 251 298 -903 431 275 752 279 116 636 -475 -773 -174 1005 441 125 -490 -316 -226 -58 -76 -986 -109 43 -56 589 425 -35 -394 198 -243 -635 1479 117 -268 -515 897 238 -186 -130 200 -279 109 -285 -342 -926 -125 438 -221 -174 1296 116 -169 -721 643 -7 1439 -229 183 48 -944 -419 -194 137 439 478 -1447 391 -139 44 402 -480 296 322 -710 235 -462 -651 -309 341 206 183 799 -70 -842 23 -854 -400 2 682 165 205 -149 -100 287 524 728 -252 -1055 625 441 345 -157]
[1012 45 510 -596 -31 -453 -761 912 -254 205 -35 -50 -479 -252 14 -423 298 -304 -17 -325 -55 45 -502 171 -251 -398 361 364 -833 286 386 -23 293 362 -645 -184 -321 444 431 495 -598 27 -60 -460 -98 -1456 936 -203 118 -511 638 -327 1061 -280 -80 121 120 666 -56 -500 577 645 368 -629 -1028 -576 416 -23 -760 -370 474 741 -204 -456 54 -851 739 628 -219 175 186 -171 101 76 416 988 430 198 834 376 -55 87 -138 -162 -407 74 -494 -192 -779 354 -484 -101 -28 151 60 -676 76 150 -590 128 407 -497 166 -320 -442 857 -831 -433 160 -118 130 90 -217 -726 501 32 -281]
[478 -650 -264 29 20 -700 -320 -193 350 -25 44 417 -98 1048 547 -116 246 1068 -204 571 -351 -519 -150 245 313 -704 134 -1621 432 -287 -88 299 -46 1365 -193 -1117 567 388 -587 -215 338 -123 -74 -559 71 -146 -772 888 -401 -512 -301 296 -9 201 671 -527 352 221 611 149 -458 717 -139 3 4 -274 125 909 -633 -8 -303 4 -209 122 -94 35 63 -314 1099 -467 167 377 1227 -133 133 46 1206 578 -760 -135 783 89 253 -521 144 -1049 157 -291 606 678 317 -285 211 96 -793 -61 44 -972 220 -366 42 -344 -554 -22 220 -107 -425 195 -395 425 -469 -46 -612 -96 46 369 11]
[-526 624 53 479 -118 654 102 236 686 -272 -444 -73 -412 -378 361 -390 1637 616 420 -833 378 671 -53 -155 -222 -297 383 379 -76 382 -53 320 333 -482 775 100 -1167 -580 462 811 -765 660 -204 -651 884 262 561 -442 94 478 746 209 -391 -430 287 -245 16 38 198 623 -422 -533 -318 -1248 -245 340 -695 -155 -545 -135 129 -10 250 -1399 -718 -286 774 -657 -405 -53 -213 247 -263 391 -1473 74 -146 -804 99 -159 166 66 -1080 -103 -92 -183 -343 323 368 -624 -50 496 674 -417 838 -263 -534 -524 619 -24 197 -102 812 680 -14 475 -4 -256 -87 -852 648 -492 198 323 1348 -987 -462]
[153 -397 151 -593 -481 641 -296 555 1084 851 -21 610 288 -10 -129 -150 -1458 6 -480 -359 -129 -73 80 -280 554 342 -269 -743 269 -153 -561 -210 315 167 24 -36 -1406 540 603 435 -503 -783 -382 -1113 884 -206 292 166 -17 261 980 121 366 -961 -140 161 911 648 -933 -10 272 -523 502 495 382 -143 399 -898 416 -302 -243 -285 -460 238 258 -733 -993 -279 376 560 -212 -138 580 -209 697 -452 385 324 67 150 383 -201 12 545 -516 -531 132 369 -296 882 682 -334 -261 426 379 954 490 -197 -799 547 -1132 128 -157 1042 -1024 -884 7 161 506 686 -95 -715 -265 -569 -190 -839 1532]
[-134 -1417 374 279 1056 -63 673 270 -794 -839 -122 312 -395 -276 828 -833 216 -73 -702 -62 463 -25 190 226 -1229 -112 488 -1528 1073 394 -64 344 -814 -262 90 -528 -138 -1182 378 -272 864 129 883 -578 417 167 -623 -402 140 458 -729 292 288 289 -488 -580 -168 152 -330 -112 -756 260 -118 -558 253 -388 168 135 -81 495 -789 -117 130 547 -889 831 415 -109 250 -866 234 670 767 283 -367 -283 791 488 -725 -387 296 803 1274 -166 210 -551 688 220 737 201 34 66 -176 618 -413 1172 255 197 424 -349 -284 -769 -284 -400 159 179 142 87 -219 1207 -100 -533 -1297 -618 10 272 -130]
[177 254 354 1367 -722 709 -430 -401 85 227 3 -4 700 -692 -101 -519 -101 -73 -866 384 -718 -37 21 509 -735 52 -1008 678 -141 -152 807 -514 274 -649 310 10 -294 169 1306 500 -670 349 664 -286 894 87 -515 80 -198 30 1389 411 -1401 320 274 -952 440 726 -633 -145 945 -1126 -478 819 443 -17 289 -7 -392 59 -156 -533 293 -458 85 759 -379 -1163 -257 141 141 101 33 449 282 187 -642 -398 212 -457 61 -43 -111 639 -896 -539 -661 395 176 -110 221 -451 -676 -251 -235 -789 -617 -36 107 348 -247 653 605 500 -364 38 -111 59 291 -26 666 -40 490 168 512 -581 276]
[-587 -766 -59 -54 -432 174 724 -105 547 -194 -42 -173 -424 -876 850 92 610 304 20 -727 492 -351 -122 -660 -24 905 318 -244 135 522 -317 97 936 -115 73 705 773 -172 1621 -49 -819 248 316 218 324 642 339 -702 -507 407 144 114 -95 -425 273 121 -358 -453 -901 1029 -843 -376 -973 241 107 -455 514 932 124 543 275 -475 47 107 -581 733 110 -44 -95 -1103 192 -280 152 676 -50 328 434 -561 -169 553 608 141 -16 459 355 278 643 327 1015 -364 266 -221 724 715 699 649 12 -145 700 -848 -178 -267 -64 77 527 548 265 132 128 -617 -369 -772 -338 -372 -442 -156 1015]
[-381 -1223 -80 719 -815 -162 -461 688 -735 657 86 629 190 -166 564 -764 851 -474 -318 -691 -1345 -205 -305 -1100 -288 -40 -169 1257 84 -129 -452 88 -925 231 894 821 -515 420 -490 -244 555 297 -634 -43 -413 383 -321 103 80 519 -738 -710 -121 18 -660 551 -802 -49 -11 -68 547 -1041 213 -214 -33 -301 -105 37 132 1088 91 -680 -146 653 -151 343 242 -217 -854 -748 -320 192 -152 -601 -589 -735 554 -526 -560 13 139 -593 -140 -864 -307 1145 403 -532 -497 476 -587 687 -192 227 124 647 -348 286 545 -98 85 -245 -902 -665 -56 283 325 867 0 140 -267 -488 151 43 428 52 445]
[203 -850 -429 385 702 365 -523 -369 -547 -497 -65 -50 -172 -207 -18 362 402 54 -332 -714 129 -403 -646 204 -320 293 164 0 -693 222 192 205 -64 324 -1107 86 -74 -568 118 -258 515 209 513 170 71 -454 -660 -201 517 234 497 829 -425 243 -1083 -658 227 -3 964 -253 -654 440 610 446 -308 150 459 34 -220 12 658 694 -340 -215 -852 847 266 -423 199 614 -446 -648 -475 -71 -540 214 -167 -201 161 7 -37 -147 -105 278 95 -320 -95 236 -525 -426 -331 -520 -84 -351 -57 96 294 -459 -79 16 19 -40 -292 100 16 -166 296 30 847 241 -249 238 -97 -336 148 250 506]
]