[[-113 185 167 110 -284 -301 377 82 29 75 -530 -409 -181 114 112 -339 -241 38 19 -276 -495 -250 -372 -259 -276 22 -199 36 -228 41 127 449 235 284 8 -257 215 -148 -176 204 509 -248 -219 -377 -258 20 8 -254 921 658 -179 578 375 -100 436 -24 209 4 -775 62 67 238 339 -354 -419 14 75 -14 -551 -95 -12 -597 -19 -485 632 -116 -50 -25 3 -156 215 101 -41 -324 194 -195 141 -63 -115 -757 -80 -707 -127 318 -59 -255 -112 -252 -205 -255 45 150 -427 -370 -315 1 218 -182 -632 -52 655 -61 411 -26 -446 -76 -139 -65 -344 143 108 155 93 421 -250 -127 -183]
[-15 -723 17 -145 -279 -141 208 69 316 261 -34 -351 -7 208 -741 168 343 -204 -408 80 -127 2 415 254 205 70 352 138 18 17 -193 197 185 122 343 -261 336 18 -39 -228 55 -143 -162 -414 351 -660 -155 -47 149 -89 -24 175 555 -209 -460 -34 -402 -802 -15 350 -43 -64 377 -556 367 577 -216 -169 201 -493 257 164 -353 367 -107 135 -608 -35 -74 -196 182 -383 -492 75 -288 156 805 -643 -364 -315 256 -294 -493 337 -100 -63 -12 369 -5 574 476 2 -172 -355 -169 127 -191 16 -143 266 153 -287 -29 -285 -241 93 298 -204 194 -4 -364 153 19 -155 -652 -251 -180]
[-552 130 400 72 -187 -193 -74 39 26 118 -512 -25 30 484 17 119 -131 -57 297 -162 450 506 -1045 226 102 -106 479 324 254 220 -203 -50 -345 -59 -73 -114 595 -198 -122 118 -646 175 -581 164 -553 475 293 -161 363 -75 -492 -256 99 122 219 -348 -218 -362 -606 -156 -14 172 274 373 -202 96 -58 -72 -442 -367 -100 -223 -209 431 -212 -495 799 294 -30 440 171 -294 -8 -316 -227 -144 27 250 109 -261 -321 -214 447 -317 -311 -358 11 204 -299 -445 -548 155 151 208 87 -245 132 -65 -122 -80 458 537 -105 243 293 100 353 296 -835 -18 -21 -664 -139 260 -309 205 -216]
[-140 -260 -896 115 586 91 -295 690 32 72 651 170 120 -192 -193 508 87 30 -180 1 124 288 -571 -154 108 -554 174 297 226 -614 -394 305 -496 444 -262 88 53 502 295 215 -548 141 -37 378 492 -112 -163 208 -21 -222 558 -403 -17 187 -588 -209 -443 153 418 256 303 -644 -257 681 440 74 -131 -636 657 -310 405 -340 -369 218 -17 487 -13 -79 121 179 97 194 -342 -125 -254 222 -21 -166 -7 -72 -16 259 -421 111 166 -556 -34 342 107 79 -462 -128 18 550 -138 -216 -13 472 487 -87 -119 -525 42 -332 148 381 276 366 -350 -582 -569 -275 132 -427 -340 -42 -386]
[991 -522 -80 -14 -329 -268 28 -133 24 -143 124 200 351 -273 -139 -125 -114 344 -143 -162 -292 295 499 -395 83 128 315 -510 -16 234 413 -584 -60 -252 223 164 -526 -10 252 -684 408 -126 -53 287 112 210 -12 437 -59 -585 478 361 429 -194 -153 -490 240 140 344 363 -80 -183 344 210 59 -516 164 255 518 270 -441 328 -311 215 -106 -224 -57 -595 -365 -166 -352 407 160 182 560 -83 388 -146 109 383 396 -38 -173 -24 92 420 340 -117 -3 330 560 -133 -221 138 -526 -93 345 -742 826 -50 -373 -57 -438 -606 207 189 -25 220 28 421 446 -101 -722 160 330 -95 652]
[608 34 -107 -37 281 222 174 -667 -673 -824 91 -124 -163 -296 351 -335 -121 138 352 -17 -253 -69 672 -193 292 78 -188 178 -553 -446 -290 318 229 186 32 -567 -53 170 -221 194 375 -237 362 -54 279 -265 -679 -47 70 -302 64 -408 -22 117 465 448 -467 692 238 74 -33 -506 -151 -178 299 -524 266 350 -117 -117 -156 -531 282 -389 597 208 -240 161 -36 -6 70 516 -966 363 83 -382 129 -440 246 598 -100 253 -562 29 722 -218 340 -166 290 201 -347 -84 162 -29 -74 -201 -92 46 486 -709 -515 -186 -85 -76 256 -122 -365 -508 158 263 -57 -1 169 -43 -407 49 -381]
[-438 369 -424 -424 685 -104 -55 -404 -21 -281 130 -275 28 -848 380 -206 -752 709 19 53 199 -693 339 590 112 -378 -217 177 -592 -511 434 364 -27 383 73 -389 227 -81 76 720 -73 -143 236 47 787 -822 -421 -653 -683 -233 -105 -496 -689 162 453 630 166 1105 171 -255 -69 -43 -372 275 152 -454 177 -6 348 -5 -154 -308 942 -267 454 66 -160 47 -356 -451 -131 -29 -391 206 227 -118 -346 -335 427 546 -213 544 173 -388 99 428 -476 -138 262 -122 -292 -237 180 167 281 -38 -324 94 -431 -221 -164 330 223 -152 46 -218 -204 -137 420 -240 -74 229 -337 705 495 37 -206]
[287 -16 66 183 -273 403 -16 -70 -350 -349 -91 97 52 -443 -141 -425 13 -176 -5 40 -233 -470 -2 234 44 90 -342 116 -455 -484 -295 -289 30 -509 -483 89 -426 750 -82 -162 188 -331 -385 -730 -390 463 165 187 283 125 354 -17 -78 -106 229 173 -785 -224 141 -180 323 -14 -544 -300 17 553 -179 -21 138 -229 607 -73 111 -968 -140 225 -228 -4 142 -122 -89 59 -82 -65 105 -141 -770 -33 176 -176 40 -385 -127 495 -153 -684 -67 466 376 -509 -614 182 -13 -248 761 -15 -1 1189 291 -285 -331 -689 120 147 319 39 -401 179 101 -242 -103 -181 669 -338 423 191 24]
[498 97 576 368 -132 -15 -10 135 -780 -371 117 -77 60 826 642 199 247 -293 -373 96 98 687 -552 -667 262 271 -99 -8 216 192 -224 -86 154 -109 -38 -575 171 -453 -135 -331 -100 134 322 973 -723 619 -118 244 489 -118 -269 187 257 307 305 -607 575 -1 -266 146 -228 -132 219 26 -371 -103 473 -18 -255 65 463 39 -489 -540 866 -81 195 -84 267 -67 -312 288 -137 -18 -138 -204 198 -221 -107 -833 -478 88 -82 259 528 -221 624 -821 -776 513 -161 141 -153 -490 -877 -602 -3 -679 44 -537 258 70 274 50 -98 47 -2 -182 -1131 -169 281 268 -464 -510 -1024 -49 -409]
[-73 207 182 -311 -108 -276 -338 255 -843 214 -70 -129 600 -55 382 132 -201 -96 -269 122 252 306 -617 -327 -637 433 -104 145 33 -67 281 -636 119 313 -91 -434 -99 -360 -356 -75 -91 507 -308 527 -52 52 325 209 -149 67 320 143 214 79 -419 -237 332 -300 -86 276 -427 358 160 93 177 47 -410 -477 -153 -165 571 -25 186 -222 511 -243 -830 -335 30 -236 -244 -362 336 -245 115 -18 -422 -333 352 -114 72 413 195 -369 -531 104 -92 -875 -168 160 -243 352 -85 166 -418 -34 199 -589 -149 298 -29 126 -93 49 120 -96 429 -124 -553 -191 558 -118 -26 20 -104 862 -828]
[221 414 289 -266 513 34 161 164 -268 284 -274 -132 659 -584 -32 -17 -30 -609 -77 576 402 72 132 -53 -135 -215 -15 41 220 276 183 -61 -222 -339 -332 562 -404 21 -165 -552 90 134 -190 241 -367 524 18 362 326 -403 208 59 133 91 -177 152 251 -108 -212 933 -231 168 249 -11 590 -110 -61 -304 365 -315 797 -472 434 -132 -14 -264 -382 -117 369 23 -456 11 338 126 -424 -257 -193 -418 82 197 -275 -353 56 -481 -39 -207 126 -429 -411 -379 52 130 292 -30 236 -251 284 -245 167 -388 -349 -475 -99 40 203 -167 -653 88 -751 141 -489 114 24 -103 -451 188 -280]
[382 343 142 344 -131 -50 226 -46 1001 7 -123 -378 61 -9 -86 -205 123 112 740 -445 170 -616 -274 35 521 -160 378 -598 130 753 497 655 252 -149 -156 789 -44 -20 479 -235 408 99 348 285 -29 397 -92 98 626 -168 -929 -362 -411 -99 668 181 1071 383 -240 59 234 -149 254 240 279 -368 -8 339 190 210 -218 114 165 -427 -100 -319 142 -573 -426 -391 54 361 951 100 10 63 512 743 -196 8 22 -461 -58 -116 -417 414 -47 -450 -159 -44 863 437 206 -429 -218 -453 327 -384 -345 -164 -67 -56 174 -3 -262 -198 -290 230 -421 497 -84 936 -1023 258 582 -346 431]
[132 80 282 47 115 105 -631 -445 -494 -545 100 418 25 -402 341 81 -266 915 -184 -233 281 -454 -555 627 556 302 -172 669 -524 -334 -75 -982 -172 -622 132 -1076 -40 171 35 -413 -508 -323 120 32 106 285 321 -505 -1042 -372 -12 -240 -390 118 386 220 -371 522 325 -501 3 -168 -377 453 -180 432 531 -148 626 -214 -525 -25 -153 -366 688 296 955 -250 -718 -9 -5 -132 -645 -30 -615 -299 -1078 317 568 6 -91 586 399 -194 611 135 515 754 259 55 -629 -122 927 90 488 -249 -171 220 639 -408 3 334 -399 -37 1024 410 201 -70 -23 -283 991 -317 -74 99 402 -225 -80]
[-61 662 -6 130 612 151 -544 21 773 -62 -552 5 110 653 295 -159 301 -453 635 379 474 253 -438 641 29 -382 148 -14 300 344 239 -207 -646 -316 -46 307 64 -35 320 261 -294 439 77 313 -525 373 -357 -304 -286 162 -744 -686 -694 -146 -106 566 111 -130 -483 -385 -104 -332 292 19 77 -282 -179 131 341 286 -726 100 201 762 -156 -592 729 -15 -273 -25 455 305 746 343 -996 316 -366 1132 -401 365 -347 333 69 -666 346 248 805 -283 -276 -577 -626 14 762 222 105 220 143 301 -238 -231 -631 -50 302 672 130 -409 -219 70 139 256 -157 224 433 -126 131 -180 -374]
[971 272 254 -409 620 -735 503 402 -459 -306 -479 -442 608 -438 292 -60 -603 258 -407 305 96 -296 185 -176 -184 159 -18 -49 -120 83 653 240 -385 -140 -198 -473 433 -541 -331 -102 569 -143 -272 66 -389 -238 -685 -647 -249 417 272 -159 251 -364 113 745 470 493 -496 85 73 37 1031 110 170 -611 305 -14 384 225 -213 -863 -127 262 1060 -449 -203 -190 -296 -182 -47 -210 315 405 -100 -239 89 -122 264 -8 -332 -496 -210 -403 705 253 698 -944 -291 209 -208 -211 -58 125 -423 -824 -150 -687 17 -1009 -163 69 -261 -548 -4 92 -508 -246 -142 254 429 301 -172 728 -410 -379 -542]
[551 -168 -472 34 -482 347 20 741 427 165 -342 -294 160 -127 -372 -109 -59 71 -304 -207 -635 17 -1184 -332 -81 -94 100 -580 -78 277 26 -342 156 -37 -138 -127 -315 78 110 -407 577 32 -847 -792 -208 -19 353 -409 315 951 475 628 656 -1258 -315 -217 -394 -1243 -231 -191 538 110 645 -505 -433 385 -642 -649 511 -212 88 50 -1040 230 106 -294 -255 -257 -272 -172 1000 -161 509 132 -731 582 186 494 -262 -102 608 -388 -861 187 -646 -167 553 88 -274 -42 -381 239 -1040 149 -232 21 456 506 40 245 550 -590 -591 190 -32 835 328 232 332 667 578 -297 276 19 -31 -413 -356]
[-612 277 -217 3 309 122 92 -125 459 744 -145 50 -335 -81 -574 296 -56 -18 553 239 156 -321 558 222 -678 -227 223 28 219 -478 -447 598 69 407 246 1143 31 -47 -312 518 -199 -430 -169 -71 421 43 -30 166 110 34 -534 -106 -579 363 4 -179 -12 575 502 -253 -126 -23 -420 262 -235 117 -562 -251 -322 -216 489 -182 413 -29 -870 44 57 -97 236 66 128 237 -35 -555 283 -104 -658 232 655 382 -292 -181 731 -160 -125 -113 -339 433 72 -1027 180 42 210 -223 783 396 178 612 353 -19 266 386 -47 -166 -225 -859 -208 743 -284 -670 -411 -851 434 149 536 501 426]
[-783 -68 532 102 253 410 396 195 97 -99 570 444 -40 231 -78 -205 62 12 178 -259 984 202 -313 14 369 -140 -20 191 -11 501 -287 -47 -231 64 127 463 410 130 -298 415 -48 1242 -183 -43 103 -749 -23 -74 -445 -55 -546 -276 -8 247 -77 241 -335 -323 172 -92 432 723 -405 -149 309 -88 -22 -267 -570 -154 -293 494 206 662 -866 238 568 801 561 802 -25 -1293 590 371 118 155 154 373 79 337 395 500 -163 4 -916 91 -463 -149 257 118 0 -128 -521 909 -13 358 -140 157 -347 824 348 492 -385 479 321 471 168 -521 581 -466 192 -356 -163 -192 -116 239 10]
[120 234 439 66 536 -347 186 -262 567 -176 -887 -299 -151 -158 -163 -630 -176 53 271 -59 951 -652 109 283 52 675 168 -23 -252 154 443 93 -900 -423 60 200 854 3 -764 210 39 883 -215 -488 124 -612 -661 -265 -265 -166 -680 -534 -319 -481 -296 1360 -620 -107 166 5 316 -423 558 -696 733 -98 -194 575 65 -138 -614 456 366 559 427 -733 -422 133 -444 170 -139 -667 78 114 -325 -247 494 -232 321 94 -251 83 -513 -208 -256 423 186 -243 475 -18 -77 -2 193 -17 26 -110 -238 -133 135 -238 -478 -160 216 -38 564 -318 214 -43 881 452 -156 78 49 340 459 -58 -307]
[405 251 -702 114 -405 266 260 238 522 6 -732 -451 -719 -241 -95 60 508 265 350 35 -649 -479 143 -149 148 262 -416 -200 -203 444 352 212 -21 38 269 508 -393 517 -296 268 394 -410 137 -983 -80 245 -332 -234 201 1075 -418 123 -75 -633 -107 337 -196 -19 128 -744 188 -745 164 -648 -49 -164 -175 327 -212 169 -140 518 -113 -200 248 -454 -613 -45 -241 -299 686 579 602 -426 -401 99 161 732 23 -42 443 565 -471 -219 388 558 90 -342 -514 92 -283 159 -30 -668 92 84 190 609 -567 96 270 -485 157 317 -36 -226 -384 588 587 906 -210 343 450 -353 793 -609 -159]
[867 -521 -20 219 -1035 -160 144 -163 6 -423 1212 -470 -674 407 -424 443 1231 -254 602 56 198 616 471 -326 708 86 835 -172 -64 352 -339 204 739 121 773 67 -460 522 233 267 -74 -386 -125 -65 207 579 -47 582 82 -384 -395 -437 268 1043 10 -584 -517 -283 287 -94 -298 -173 -109 318 426 -396 330 408 -240 -507 -412 785 -280 -118 -818 202 -134 -163 -1 -398 405 56 -191 372 498 92 713 -68 104 109 894 651 -610 96 69 -178 350 -187 -15 601 629 -81 169 -150 -336 -57 -118 -58 243 71 -142 -155 -172 -307 -23 -103 637 -307 -309 -37 364 67 54 -218 -54 518 -402]
[-176 433 480 162 -667 -547 172 -516 -77 -715 443 -334 -684 -487 52 -734 -154 672 829 -352 233 -356 2 103 233 568 -250 -229 -406 316 300 179 760 -83 288 457 -425 40 -94 -183 233 -556 130 -316 351 344 248 -301 282 179 -429 55 -499 144 1399 435 379 862 -607 -105 476 642 -305 47 -162 -52 378 410 17 -883 -806 -332 -42 -322 -373 175 483 -171 -88 -561 65 -227 88 -148 75 -310 -99 626 697 497 412 -463 284 518 -173 7 -250 70 392 -396 340 29 41 238 576 32 -168 75 -256 -153 14 35 -187 -366 140 -185 45 -203 167 93 791 -80 -250 657 755 -106 19]
[-44 -273 -19 -704 443 216 175 169 428 480 -291 -104 338 -718 -703 683 -112 242 -175 376 185 -1335 1188 476 -231 533 -298 262 353 -320 200 297 -68 -331 247 214 461 247 -515 -488 341 -187 584 -880 579 -1063 -292 -285 -404 -235 -543 -409 -447 -646 -382 1024 -369 415 387 36 168 -763 582 -681 310 680 -188 -352 -55 -123 532 -64 468 -44 704 -528 -680 -623 -687 223 5 -572 -145 -22 -777 -210 136 -310 267 69 -156 211 207 -245 500 937 -912 -101 156 342 514 289 682 -831 637 -1002 -149 270 47 -642 -351 -36 -120 -554 9 -856 -553 168 466 -411 -151 860 67 -180 252 -1106 136]
[413 -135 -357 -528 -535 -543 -192 -87 -123 -687 72 -574 202 56 -234 -171 -326 326 -518 128 -367 141 -685 318 -3 -84 789 -326 186 -103 328 -209 350 -153 -155 -664 585 -174 -33 67 -255 -933 -722 -112 -218 46 69 -706 128 -769 -5 -678 137 -631 782 -237 -32 -658 -735 -237 -172 607 800 196 -698 -43 -849 -674 941 -638 273 280 -910 81 -162 -576 143 -605 -305 -772 102 -149 -359 437 -647 572 455 -264 191 22 235 -600 -59 22 168 -496 24 -135 -559 -22 -756 -62 7 28 48 -1093 224 245 -240 -1212 -378 1 46 -631 -405 234 497 500 -788 -322 398 -485 -605 929 -147 -755 -709]
[193 453 175 418 1156 -14 -89 -392 528 61 -86 563 -70 1081 -156 -154 -349 95 190 -35 185 -767 -607 18 -97 -399 387 -43 -146 74 -143 277 -179 331 72 88 -126 -754 40 611 234 115 967 489 165 -306 -535 114 -177 -262 -738 93 -769 589 241 626 1335 1085 344 -97 184 -217 -21 -48 -81 -34 91 64 -215 672 -165 228 608 -734 151 636 512 -781 263 -498 -284 617 264 -355 331 475 -621 423 358 -896 -637 127 -306 -350 -99 297 586 -451 289 -401 645 0 349 -288 -758 472 394 -461 426 -465 423 365 467 81 -453 -528 316 102 -1 -630 -105 363 -442 -69 -130 356 88]
[-3 316 204 -379 601 -45 77 11 103 608 382 37 169 -384 -94 630 -485 -329 -568 461 876 -249 -499 754 400 -821 197 39 -294 -650 -567 286 -529 71 128 -4 -295 -151 287 715 -449 381 -433 479 422 213 627 -113 -510 -241 604 108 -561 741 -143 -89 -274 -265 964 223 331 -280 -658 747 104 441 30 -804 831 -128 865 -135 572 -61 -244 -57 491 318 -167 80 68 -615 -411 582 -17 75 -562 -712 548 206 -626 354 918 -594 -1048 -49 -209 262 -136 -405 125 80 -255 37 491 417 -820 215 233 213 809 243 -16 841 -158 284 529 457 136 -702 -557 -837 145 118 -1 643 -405]
[232 -937 474 -658 -701 -88 70 -776 -604 -1042 -213 120 -60 1040 -457 -552 87 460 163 -271 -111 -135 494 639 489 259 -33 729 -268 55 -347 -513 -301 -673 155 -62 419 682 -693 -216 99 13 -503 -493 -44 -530 -185 -261 -309 -149 -553 -865 -104 -802 -37 214 -610 -426 42 -677 451 -5 57 -749 412 473 -348 693 95 -344 -519 353 -372 279 -893 -243 387 492 -189 211 448 -396 -215 318 -761 -396 -66 299 27 569 -124 2 69 37 75 601 -431 -356 94 161 -797 461 407 479 243 -113 -539 668 -455 293 -150 237 -172 215 552 -562 -108 -27 391 -315 -158 -653 -60 -318 329 -110 184]
[346 -130 532 159 -481 199 662 -620 -15 -364 -308 274 250 239 -579 -80 813 -259 86 -258 -455 -347 961 830 802 262 204 91 -328 61 -284 448 242 -83 -705 -264 -208 655 660 72 -183 -887 521 -665 17 534 205 155 643 -16 -49 -781 -435 -44 473 265 -595 -712 -330 -727 127 -115 -398 -27 -61 297 -799 209 1 408 -152 435 22 -112 -686 648 61 384 -411 363 267 277 -98 279 -101 245 270 406 -813 11 726 -37 -336 -15 -114 -407 -267 821 219 508 -13 -38 476 -273 868 -77 143 1270 -423 -208 -1248 -182 -24 646 468 227 -261 -47 251 202 -286 650 497 -537 51 -516 -89]
[944 -396 583 -82 419 -19 640 60 286 665 -198 -240 -79 396 -910 399 256 458 -337 -512 450 -1058 406 -234 646 152 588 405 202 266 -216 789 -105 -158 212 -276 201 219 -100 76 675 -961 146 -237 472 165 34 252 536 -90 -487 131 21 69 -364 373 411 -133 609 70 541 -762 418 -42 190 387 10 -13 127 169 141 703 -633 -509 337 322 323 -223 -391 -296 -71 -6 4 -232 -394 60 243 33 -199 -1536 -632 37 -834 175 33 434 13 -555 -636 516 549 36 -133 -424 -466 -134 -259 -149 -117 -79 269 -438 49 -296 61 232 -235 -16 -262 253 -131 796 -514 -17 253 -408 459]
[621 345 -700 575 54 1139 -142 70 -90 170 220 -7 141 536 110 -272 -495 452 298 -281 -369 -255 272 -1216 -117 -386 -173 -594 -47 -967 -925 427 -334 362 -395 86 329 494 145 -112 400 -288 400 -56 60 -624 -416 281 401 661 113 -351 -430 -970 -183 -44 -308 297 737 -741 913 -469 -119 116 -895 -610 -570 304 -152 622 -77 281 -290 -623 -150 -83 212 230 15 198 218 780 -266 239 256 -185 -24 768 -100 -406 -443 319 -967 309 -163 104 -25 190 4 -175 -818 -145 -876 496 192 -470 355 1633 987 -233 -725 -61 -268 -91 426 574 -567 59 280 71 292 437 439 -410 575 -310 916]
[26 363 685 389 95 -168 -550 150 -237 -619 324 -261 14 777 252 -107 -203 524 735 -155 24 -79 -1273 509 240 133 205 905 -594 -677 -392 -421 136 409 282 152 227 67 -818 135 -408 -131 25 249 -777 227 -352 139 -241 -45 -756 -720 -439 395 582 153 115 379 -430 -494 367 202 -523 455 608 485 464 69 -813 -748 450 252 45 -752 -369 425 87 -327 217 -653 -215 19 405 -831 298 -3 -917 759 702 -128 -175 -183 843 379 -209 -190 89 343 301 -716 -902 606 490 -128 676 65 -564 592 -67 362 458 387 44 -206 475 -391 509 54 -547 -806 252 -398 -575 -41 -43 951 -267]
[258 -553 974 62 208 91 187 -625 -285 48 90 397 -34 498 -633 -351 194 3 380 -626 -51 186 369 -554 -412 828 -167 652 -108 503 -481 -261 478 150 228 -323 386 309 -791 -226 373 558 102 -204 -83 -226 53 666 758 -974 63 469 829 -141 -493 44 -238 -553 -9 630 -142 37 328 -130 629 -530 -453 510 -505 237 -656 -349 -265 -89 -19 646 575 532 -120 754 -105 76 -427 193 199 110 588 -534 -326 -378 283 -557 -923 -480 -318 -90 -73 648 518 423 719 15 -125 198 -634 769 225 -1192 202 783 -210 118 -544 -59 555 368 290 -1068 -25 723 103 26 -369 231 -821 604 865]
[279 666 -565 314 228 492 60 -164 -609 -504 543 326 -423 -1025 1223 95 -298 372 -124 38 -77 -221 -148 -800 412 105 -528 -386 -522 -527 -224 601 -94 64 3 28 -144 -29 -348 198 -191 242 521 397 -243 -412 -735 -220 -313 215 174 -427 -47 197 504 671 -26 707 982 -294 191 -231 -168 109 -342 -505 219 -308 -1017 269 449 -63 376 -518 578 -551 -791 -295 929 472 -539 -138 90 359 688 -688 92 -221 714 307 65 984 -169 307 28 -121 -190 -124 -446 386 -317 221 -69 -306 148 -1121 82 261 704 -445 465 -200 -121 147 73 268 -692 278 473 -136 127 -439 242 -820 122 -531 -214]
[-720 77 701 -187 218 -955 438 100 -179 138 -1019 -175 72 574 -498 257 813 -221 -727 -211 587 -271 -54 859 181 836 149 516 222 507 282 -269 -1095 -481 -246 -351 455 -219 247 -540 -457 -644 359 -467 -555 558 77 -240 203 263 -597 271 303 -2 -396 1140 139 -394 -618 80 -173 -20 290 -257 20 673 298 -200 122 -96 152 511 -615 1137 350 391 288 138 -234 46 -483 -480 -120 -744 -840 185 538 -164 -89 -689 -90 68 330 396 361 -208 208 16 -608 279 -644 -141 380 -164 319 -64 -6 215 -818 -105 -664 -620 243 231 50 -32 361 581 -163 -9 -818 583 499 -8 -390 -942 -955]
[146 -727 -301 -180 -967 -28 -39 443 -639 299 135 476 476 -28 -74 119 279 229 284 92 19 -141 526 -129 803 -33 266 551 1092 355 -289 113 558 354 423 148 183 693 105 -241 434 -337 188 14 237 -642 -146 91 296 556 386 244 679 320 -312 -170 104 -520 -263 442 469 -153 584 -281 500 674 -121 45 -977 -224 245 -302 -245 107 -305 285 -607 -83 676 -78 -340 -298 264 -59 220 -608 258 640 -405 -408 231 -422 341 610 63 54 -831 -327 -151 493 628 414 474 346 66 -207 -153 -49 -56 711 781 -352 -248 -139 -1019 247 -917 -97 51 -248 8 127 416 -763 154 -221 434]
[-772 526 -155 37 -67 -146 19 -260 109 -160 -797 348 -355 65 141 -405 -244 -13 143 -137 72 867 -215 564 -33 -166 -23 -179 -244 488 519 -725 -1417 -653 -159 300 -395 -503 393 -345 -1015 433 -685 -40 -1027 365 5 -370 -295 687 142 225 433 -667 -71 720 -200 -644 60 -584 226 245 -506 -366 -183 68 -23 470 -192 -150 -267 373 -182 1711 -935 -984 -538 299 366 786 -513 -990 470 -149 559 -104 319 39 331 741 260 481 557 -14 -656 -126 357 160 37 -39 -669 -372 -705 276 -103 103 126 312 -318 15 193 -157 -207 743 -143 390 452 812 848 932 -1134 -832 404 -688 310 -465 -261]
[-124 -223 1188 -381 614 -123 858 -130 383 302 -841 -319 681 443 -273 123 -208 -227 310 183 -110 65 1183 914 -529 269 -690 500 -712 -553 -15 112 378 528 167 -180 414 -220 -473 175 929 -163 371 -121 112 -238 55 -104 496 -458 -479 -166 -240 429 680 -383 78 76 -246 554 -275 166 -28 -255 135 477 150 -494 -422 134 348 -781 657 -253 40 -126 467 223 -496 -83 -172 -49 -273 -375 197 -211 -125 -336 -54 -46 131 -700 789 -172 115 -57 -13 800 -126 -136 274 -51 326 -555 884 771 137 -187 -439 -69 -362 990 279 145 114 -342 -499 -70 -185 -159 628 -351 -456 83 -748 415 -144]
[-239 879 -391 55 596 418 -1100 29 643 -17 387 -602 388 -44 11 450 -81 -822 806 575 511 -87 -613 1150 -312 -742 928 255 -28 -291 58 -438 -244 -337 -191 435 -239 -365 553 -435 -317 -122 -352 159 -916 1163 272 292 -314 -308 -431 -1184 -891 -30 -46 43 -314 209 -240 46 -273 -62 -542 327 653 542 808 -179 245 -844 649 -12 905 -303 -381 -214 -409 -526 -241 -501 428 129 -15 122 -185 456 -757 169 -211 721 202 -136 816 -547 125 -76 415 284 655 -437 -1019 -54 467 -35 1002 -412 176 950 -117 -651 -511 -391 151 41 -17 -698 753 235 -617 -12 -512 534 181 -211 7 666 -944]
[-1025 269 311 619 399 -204 215 606 76 292 281 -280 59 97 -700 -285 497 507 -26 278 63 -6 -168 82 -424 485 -579 356 -120 -135 -457 -470 164 538 868 334 -434 287 -329 -179 -62 80 292 -239 -47 -268 -230 286 365 529 -317 1676 221 462 -505 256 -539 36 -471 -151 571 -130 -404 -725 -521 290 12 -272 -370 -907 544 187 -82 330 320 605 -423 -255 -554 55 34 -241 -518 -543 13 -83 -198 -304 159 -452 78 264 -8 909 -120 93 7 96 429 -1022 21 -43 -649 -59 75 825 -682 548 -739 681 726 -523 132 -180 -210 -407 844 -53 372 -937 -174 448 461 -55 -391 338 -273]
[758 687 -588 191 -151 -658 -325 -15 185 -395 204 18 -524 -437 -12 -249 -524 121 -108 116 -675 -762 -368 21 -356 458 247 -509 -12 -513 454 -364 -178 281 144 242 -253 -37 -657 887 -423 -118 -37 377 -246 89 67 174 -256 550 642 527 -312 -907 -186 352 -58 -222 100 -884 327 -298 -232 290 -476 -174 -460 26 961 195 58 385 -434 -502 122 98 -856 -444 -148 -501 -314 521 -44 372 722 674 -155 295 1007 515 276 -706 -54 66 -600 -103 153 202 742 -769 15 326 -795 -294 197 328 -392 313 603 256 96 -477 244 252 -1046 -59 633 848 845 -484 -144 -667 802 252 1142 -182 332]
[1691 -313 383 298 -163 -114 460 -271 -539 -776 -224 -159 -474 1128 376 -342 544 81 -242 -47 -120 -788 -113 342 287 88 -365 -42 -447 -581 -237 -86 -727 -821 4 -193 135 262 -411 -428 81 -232 110 -820 -432 753 -325 -331 -65 476 -143 -569 -345 -52 188 981 148 483 988 -431 -159 -346 128 -158 149 553 686 818 630 719 -32 347 -164 -806 318 130 162 97 -27 -516 495 714 -100 -177 -850 -621 -333 530 621 -690 -634 -288 27 401 348 38 942 -19 -649 10 -336 127 931 -715 471 -183 -441 534 675 -1004 -184 -157 79 -3 294 -157 -214 699 -44 331 16 -64 549 -163 402 -226 -715]
[-548 256 51 -123 811 264 412 174 -39 -273 661 80 153 101 -897 166 273 -586 -151 -105 -14 154 -526 135 -355 -187 -348 622 -525 -322 -496 -203 -563 -179 -176 138 -179 -162 -492 -535 -290 579 11 879 669 -380 62 336 -120 -469 143 485 67 50 -533 551 554 138 890 902 422 89 -938 -446 941 458 -39 -267 788 -417 901 341 -206 169 -459 1023 -433 -131 97 83 -738 -143 -678 -287 -312 428 118 -1217 164 308 -103 345 151 297 -294 -267 -326 -424 496 362 230 381 -36 9 -836 770 -217 -210 1 654 203 -368 430 107 150 -19 1243 -73 257 -808 -1133 -669 -426 -561 -834 291 -953]
[-506 50 -231 762 -235 -348 562 -94 -158 0 142 -78 -366 -27 -320 -522 -309 471 303 -207 698 -9 -44 202 -575 141 -387 87 -336 82 297 18 -317 -135 -99 -386 806 22 -340 190 -271 105 -720 -258 -595 67 40 -356 125 109 535 -96 -167 498 234 -11 129 163 437 -523 325 179 -329 360 -50 -307 -55 341 -136 555 27 323 145 -399 -279 -69 17 396 -470 -105 -798 -187 -575 269 1592 -452 640 152 464 -1169 -49 -555 341 824 -369 -106 -798 569 368 515 -81 -721 -347 79 -527 110 -646 481 -333 313 345 497 599 23 -247 976 413 261 252 238 -105 -187 295 745 919 393 163]
[187 -735 403 70 260 566 -822 -627 749 -522 -110 -230 213 669 -505 -686 -177 209 167 386 384 219 706 1225 455 27 673 -637 -374 -256 -767 -464 185 45 407 -305 172 -106 663 232 -566 102 158 250 651 -648 -772 -78 327 -835 -770 -578 -806 -87 -6 -12 -554 287 532 -491 198 -476 99 -804 -97 -11 -494 1018 437 -340 -48 817 504 -34 -366 -194 -490 -334 -703 -593 -153 29 -360 34 443 330 -131 -904 -13 -298 -282 711 -639 28 -461 622 595 859 408 451 527 -558 -443 -383 -229 -165 -30 360 455 -732 -302 66 -241 -642 -124 -813 990 475 150 -380 225 472 -673 -242 -152 358 343]
[-153 -393 -809 -234 99 -77 -265 1124 -538 -861 -78 -199 451 -406 327 4 -449 65 464 50 -1081 -327 85 330 -332 252 -948 294 -410 -185 608 -632 -292 153 -805 212 -102 487 -63 514 14 701 -368 -435 -502 31 -80 -246 25 1254 379 194 414 -613 -356 180 222 682 1 -436 328 57 -357 102 891 -656 45 1013 275 779 -100 -972 46 -423 -20 245 -728 148 -145 15 0 332 888 15 468 512 -458 189 -231 280 -51 -390 483 -288 340 -28 -112 -592 1079 -169 -638 462 -308 686 -383 182 -178 552 -1065 415 -420 -117 84 161 -491 -480 303 -187 447 -185 -537 437 324 -221 847 436 -169]
[-476 394 151 -63 -315 -641 43 -193 -49 -319 -174 -82 -28 -438 822 -482 568 501 -110 -431 50 46 -1097 -407 -727 -242 -254 345 -179 -54 476 -159 -251 -438 -47 -5 -283 675 121 -516 -806 -428 -444 83 -44 611 449 15 603 215 -92 23 313 164 -436 415 38 727 -940 399 -985 611 429 -48 -868 405 745 155 -307 5 -714 -566 197 103 823 -216 184 -307 54 132 -174 808 -149 -735 -568 -761 -683 -332 -149 -527 499 223 28 36 -334 -395 -303 -618 -406 -1097 -701 155 1253 71 526 -112 570 -580 -330 157 378 -242 491 -854 815 -444 -97 451 -969 -319 126 -188 409 717 232 235 -692]
[399 -512 649 471 139 -28 -83 45 -54 -17 1 1019 531 -134 351 61 -94 534 203 -906 -456 -426 -808 -541 -102 273 76 638 -264 -689 -28 314 -145 -70 -732 -575 -89 157 -489 195 -225 221 211 -222 -133 583 694 217 486 -1030 701 -832 179 466 170 207 -543 84 425 112 76 -277 18 616 36 327 -537 -715 -627 225 85 -210 -257 -524 139 -424 533 -1043 -172 1105 -678 -407 23 3 -130 39 -188 791 182 -1079 -678 140 288 359 -322 -588 -715 292 612 -227 -197 681 1153 213 -254 -907 -280 401 1396 -478 291 337 -112 -53 594 660 457 -89 -749 -618 482 -521 -204 -108 464 -170 -425]
[-53 -231 495 -238 777 338 -112 -413 320 -175 -340 -362 -460 811 527 345 234 39 -484 515 117 424 -565 -401 -519 164 -607 -454 -259 564 -127 -470 353 357 82 15 -369 -313 -634 -323 -189 251 67 237 -536 -731 10 -203 231 -7 -1009 658 447 -949 -77 -221 382 -414 -850 568 -616 100 1069 -826 -727 -22 -322 -966 -31 22 109 -39 -758 104 529 -674 105 -129 233 -398 104 494 288 333 -1305 187 272 -267 244 -149 -433 -467 -1033 370 -38 397 1068 -368 -710 -512 414 495 -130 -474 -879 -30 650 -557 316 576 292 118 -37 373 163 -919 47 -340 -691 -475 661 -91 414 -64 -1234 -436 -341]
[-116 191 364 -202 -466 -558 -642 461 874 396 -517 -261 541 -518 518 -502 -144 -20 -542 224 885 399 -1278 -260 630 586 -224 -563 -184 409 396 -350 565 -507 215 123 -84 -351 97 -302 308 792 -1042 594 175 513 638 -20 711 135 289 936 16 227 -196 -547 -14 -913 44 824 172 83 612 -451 -132 601 21 -336 373 -940 128 -279 29 -428 711 -1347 499 -705 -468 -6 -180 -655 393 609 -413 78 54 -988 -881 -883 -34 115 458 -57 -1230 256 166 -562 -320 384 -11 158 -563 267 -344 -15 -80 -822 -12 393 1240 -343 306 -86 -121 419 632 -98 214 244 810 6 -743 129 221 389 -883]
[-604 -629 -238 -205 -416 -167 471 119 259 320 -664 -290 350 -539 -706 171 -901 3 -542 37 371 -285 381 654 -391 216 479 -199 475 -545 452 454 -16 -97 -667 -448 1092 -747 254 565 188 -397 -164 -684 -40 -189 141 -656 248 -329 477 -170 -80 -316 542 -755 -710 255 257 -455 454 -337 387 405 -912 151 113 542 456 530 347 -749 103 -110 -137 -180 508 364 -695 -51 306 -251 -914 -197 543 320 673 -59 243 -822 -519 -641 -218 -334 -140 -840 -141 847 97 -537 -477 -19 -583 -56 696 -126 -746 623 75 -1051 4 368 253 -207 -375 244 -37 338 71 -114 62 -548 165 532 -17 -151 427]
[952 274 -84 -385 -73 -401 917 -113 -654 -574 198 -110 -341 569 -387 -133 -324 108 -109 -969 50 -42 -585 -483 -296 -361 607 413 55 -439 2 21 -632 -229 -130 -545 304 -62 -347 66 442 -370 -308 -633 -809 1066 341 -194 -28 -372 794 -260 321 218 456 123 -1007 -416 368 -472 411 -297 -51 54 -532 128 959 323 -695 -213 -94 632 223 33 -129 -160 208 133 -453 747 229 -588 -1068 -369 699 -483 1071 -462 550 -497 -49 99 -629 212 -398 -454 69 315 46 -73 -943 -344 -1025 624 -41 -824 -885 87 167 -730 484 -160 32 208 39 800 955 536 87 652 -161 -604 111 37 -142 75 -713]
[401 -252 -449 71 268 -5 787 708 -408 -219 -583 484 134 288 -544 -418 -114 892 124 -22 -455 -251 653 -121 -833 -324 -841 400 666 -314 528 -176 49 835 -842 314 -88 343 -510 450 -90 -163 188 184 -139 -104 -484 -232 -359 614 770 32 -612 22 265 -242 300 843 -256 -856 413 -455 -137 -42 -684 5 -506 373 167 312 193 -94 304 -590 -185 710 -503 201 -119 53 -35 764 605 -966 907 9 -735 596 499 -400 426 -64 -425 21 653 33 688 -378 533 -372 96 -508 -197 327 -334 6 -92 329 0 -559 198 206 446 -1147 -576 -127 -295 579 -447 -949 180 64 324 -281 283 58 61]
[715 -22 315 25 -117 -448 -49 686 -263 237 894 -27 240 -1089 107 145 495 -585 -517 -8 -351 549 -227 -843 -371 840 -225 -343 216 -1152 -83 114 503 -169 -152 -176 -272 -119 -268 -1146 310 250 205 694 223 105 -426 585 71 213 1179 316 27 -127 116 513 -172 -30 297 755 401 -428 100 999 343 -236 737 -92 516 -595 632 -308 -919 -218 750 -86 -752 -30 -121 -105 -182 -239 -107 -181 499 -88 432 -978 -209 161 16 -379 -575 946 182 -631 36 344 -185 499 749 296 -103 -780 -118 -811 -1026 -741 1172 -563 -725 -756 181 -1134 499 139 218 -720 555 459 220 447 -132 -239 -800 -481 -336]
[-396 -280 -149 -270 -141 -46 89 250 -811 -282 -62 -56 -410 578 370 -300 552 -312 340 -238 283 -340 -333 -632 157 224 -928 180 217 -214 318 485 -287 -455 -1268 -238 610 411 -334 -636 -623 432 -121 -232 189 53 163 -307 -190 311 625 120 87 246 -240 443 182 -28 -838 -6 98 31 -376 -502 55 314 643 743 344 -708 421 -1091 677 -635 761 280 -91 911 410 -152 -21 -407 -318 -612 -154 -797 -362 -636 280 -217 -1130 -786 -357 710 353 -263 0 40 668 -294 -225 -169 45 72 354 -709 72 -183 129 -499 -140 -766 695 -444 -199 -209 -548 149 -655 -286 -33 952 639 266 -158 -90 -584]
[-1006 1216 526 561 1101 468 291 17 352 1188 -136 -96 80 146 -16 -44 -84 -635 -90 295 712 75 700 -140 -837 -40 -253 -801 787 582 -598 174 -271 -101 328 433 577 -236 497 163 -14 -111 619 1279 -563 548 -194 212 136 -57 -448 672 -894 323 -320 372 75 249 253 -329 -33 -190 -393 455 -698 -722 -407 -101 52 429 211 656 -56 148 -234 -205 180 579 -350 586 -833 -40 168 435 796 174 20 -176 59 215 -1109 -28 143 -240 159 500 -212 344 -412 -464 434 -671 -490 -408 216 19 -245 -231 -169 -45 -745 80 -26 353 -136 67 -12 242 22 -70 -611 954 66 185 -87 -45 1104]
[-498 -66 519 298 192 215 -265 564 -135 1156 -308 510 -17 189 203 -171 295 157 -202 257 333 1105 -69 -673 -544 -241 -439 -248 692 362 145 -610 360 -17 301 464 208 117 -150 -552 -472 504 -896 154 -134 434 -179 -130 452 -219 -337 924 481 -415 -413 -865 -137 -878 -100 655 -348 -258 161 67 362 587 -324 -347 56 -137 996 19 -1062 301 387 -72 -704 451 841 240 -456 -173 492 -636 -248 -277 7 -184 324 -87 -265 -642 550 908 -246 -413 -231 567 -898 -197 581 -540 -700 -651 -626 -311 -35 -503 128 110 1356 56 -212 -332 -504 74 -476 561 -1453 335 -611 -493 -557 -151 -643 383 1022]
[-69 -64 1113 473 -574 567 847 -280 -323 690 -719 -377 -432 285 -14 16 7 -374 237 -445 -281 -50 1095 -253 428 -442 266 367 -82 746 -330 1260 -291 404 -719 497 276 289 -6 411 381 -529 -145 -520 -604 54 304 -17 522 277 -379 -471 148 535 220 132 -159 -357 -901 85 -151 951 -279 -176 226 -111 -421 441 -1090 523 -568 226 -81 335 -1365 312 81 1421 1041 804 -739 -270 704 121 371 -260 8 699 -219 -358 39 -777 406 93 176 -600 -273 -321 48 -10 296 59 478 165 -5 360 579 397 -587 554 -30 268 98 779 272 758 -974 -459 -806 112 -613 -119 503 306 210 -467 570]
[-476 -509 -261 277 -1163 -423 365 -534 125 499 -681 -465 105 -287 -20 -519 -343 349 -157 -895 202 -375 -162 417 -180 288 622 -269 -86 715 402 -44 -647 -18 -180 -82 450 -395 302 -200 37 -102 -905 51 -525 11 318 261 135 297 -61 -147 527 -766 -467 -289 -219 -143 273 -915 -210 125 143 -287 -196 -296 -290 699 -372 234 -39 424 147 239 -17 -882 -858 -87 -906 62 -215 -24 66 -698 1529 -400 500 125 175 -225 -314 -46 -805 -241 -1037 384 -816 -182 130 181 -427 773 -365 -308 46 171 458 -596 -35 892 -480 49 -171 103 702 0 173 445 126 1043 78 -141 -161 557 953 131 532]
[284 -176 -882 -566 1077 -524 -546 13 725 -310 274 195 -507 -414 179 120 -15 611 -162 149 -611 -219 -372 583 -316 -418 -345 -32 -160 -83 182 21 372 448 64 -362 -1230 697 487 1022 638 -1049 500 -318 445 150 630 -446 -300 509 1013 164 -905 -450 84 -62 69 -219 -366 -262 41 -104 -281 230 -374 713 -192 -1235 780 285 -363 271 -434 -61 262 465 -87 144 -130 -774 292 722 -555 -19 -383 281 -1153 620 -485 207 920 -291 6 278 170 -27 177 210 71 -207 -226 -355 71 237 949 614 -562 446 -467 283 384 -330 602 844 -488 330 -83 707 1002 466 139 -54 878 -40 782 -83 106]
[1068 -957 -533 873 -505 -70 269 577 -161 -87 266 182 -419 -390 -264 444 589 -74 381 154 -675 -389 1105 -394 341 -68 529 -285 185 -553 24 1040 -788 531 -221 541 -6 624 -76 349 502 -113 484 -1075 243 -77 -501 256 913 -158 286 439 785 174 395 -414 -906 32 104 62 511 -948 -269 401 -362 -752 -490 307 -243 -187 457 -99 -46 168 136 -196 -570 -53 -498 -397 471 -1 -752 -46 497 -591 601 164 174 93 -260 -445 0 315 882 -874 -3 -204 504 -247 424 79 45 -1067 118 -581 -205 651 1578 -1176 -644 -216 254 -462 -479 -118 -633 30 -187 -130 -51 24 690 -225 422 -544 175]
[-354 673 -469 -227 1122 -231 -398 264 546 -299 869 -411 -664 -19 357 243 65 -254 -662 401 82 -339 -152 504 107 114 -900 -671 -409 20 482 -65 -275 -620 -393 745 -657 -451 -74 -425 -11 792 374 209 -559 -428 -17 -277 -1015 493 -389 -333 -1049 -665 -23 560 711 555 107 -354 456 150 243 -176 -110 -617 1048 829 291 594 -794 575 -173 115 -463 -255 541 3 -721 -6 159 261 672 624 -630 227 10 -221 -366 811 -340 396 -530 205 -176 727 196 452 109 174 335 375 -16 214 -63 -76 -987 -458 131 725 -550 -140 12 630 216 -670 546 -673 1675 -132 250 305 -31 -50 152 -661 445]
[959 -122 376 357 -184 169 347 -796 26 514 692 -266 132 134 -224 78 527 -207 903 -445 -657 57 1267 -374 -65 -259 1019 -176 -35 226 -66 1332 786 639 211 205 -257 -19 188 447 321 -600 -233 540 240 946 -17 809 462 -611 -160 -467 37 -133 -120 -417 -529 -540 -538 -387 -311 -214 142 -19 -357 -667 -519 -527 -1137 -406 -107 408 485 583 180 -744 -1070 115 262 244 842 117 471 251 428 -264 -50 141 -768 972 481 134 -349 -160 632 606 -207 -1040 -7 -521 180 407 -84 -257 63 -285 641 -76 -993 -28 -380 -635 215 -130 -260 -903 -209 -496 -716 323 671 264 -241 107 -68 88 -394]
[-1023 370 482 895 -897 365 -522 -247 -598 73 -1077 33 412 -306 429 -872 49 -1238 40 120 -91 462 -518 -78 -890 994 259 -1034 126 219 -519 -63 822 56 5 -119 812 -1378 83 -486 141 834 256 478 -175 917 -328 41 893 160 -913 522 -585 -207 -29 -682 -129 86 -64 223 -1050 363 194 -62 -345 -391 -648 146 -802 474 1007 350 461 -325 757 418 -573 307 575 240 176 659 -338 -489 539 -136 -10 -175 -50 283 -266 -191 668 322 135 -752 -78 -132 -314 -65 -17 199 -292 -594 -260 -12 657 221 156 -288 152 165 -107 561 -74 -818 461 375 -1087 20 149 -365 53 306 -220 897 -710]
[631 2 -546 523 261 745 -122 713 179 -24 554 250 -101 700 -146 432 1025 -348 685 724 -37 -225 100 365 376 -328 -391 -196 384 -90 31 304 448 416 -112 445 103 460 90 -751 -31 217 128 169 228 -505 -834 -726 -706 1041 -440 -20 -869 -202 -112 456 856 -292 218 -440 552 -823 -80 23 830 16 -473 827 1376 561 132 -518 -1068 -346 -245 913 68 51 -125 -1085 541 530 311 930 -575 691 -500 734 -403 438 -53 -718 -147 259 1536 -59 1076 -54 497 334 905 -361 693 -650 -379 47 -86 401 382 -123 -114 -446 201 -678 -404 -483 -43 -256 -99 -382 -59 614 22 -582 18 -301 -423]
[904 860 380 -128 452 132 200 -793 -496 -19 -196 842 860 -242 -268 -457 -73 86 -22 515 207 -387 696 -921 -572 1 282 -278 -207 361 210 -899 -395 -570 90 779 -639 42 82 14 -63 -243 -274 668 385 410 177 1047 -338 -360 470 590 -46 -92 -434 -146 148 448 233 -6 257 -517 -147 -449 -334 -763 -531 -68 483 144 -300 169 990 -131 442 -79 -208 -778 -193 -177 -348 243 415 197 385 -474 -1086 -750 -117 333 -515 269 -176 -1239 53 1060 -55 -958 304 -417 166 -530 181 1 -320 175 857 -701 218 -743 -465 50 128 -195 308 -711 59 -44 464 28 -32 138 -397 -1 449 1110 525]
[186 -456 559 -139 272 -619 -55 -50 -147 511 -14 54 606 187 418 123 -517 300 -123 806 632 636 1202 120 -125 128 -654 -283 -270 -583 103 -217 -374 -352 -333 251 -152 -280 -206 -192 259 341 -186 386 -197 -593 -16 747 -101 -304 -247 -415 318 62 -67 -419 272 16 119 461 65 444 58 -326 377 552 113 275 873 -37 376 -838 -389 336 -98 -988 -49 -453 774 43 -845 -399 157 343 -222 -603 -416 -133 496 187 -830 -646 380 358 10 102 215 -13 74 -134 132 200 195 386 652 -120 -501 63 680 -614 -629 443 -425 -410 187 -337 -822 -240 250 -437 236 -658 -472 -231 470 516 1102]
[640 -204 -113 -2 80 293 13 -599 -57 -162 321 636 147 524 -412 -57 -474 426 689 -257 -946 94 187 600 160 -190 338 540 -600 -1082 -698 -135 153 196 599 9 438 127 61 428 -583 -801 -714 213 -335 19 -199 -728 387 267 -39 1079 338 -258 543 140 335 -518 125 -748 -257 -82 -240 1017 -518 -780 -796 -210 -197 189 -461 188 217 -205 -842 -243 928 -21 -142 -91 -70 927 -347 -46 1430 269 -73 313 439 136 -730 -1360 542 333 -758 -356 -412 1102 295 -900 591 121 -546 -212 -499 949 -75 412 472 223 25 619 -432 767 -402 -116 -91 274 911 -58 -587 -657 439 117 185 -141 616]
[343 75 -8 473 69 623 434 -45 -251 -110 -460 376 -171 150 -18 -515 -245 -241 356 -396 -607 -630 -53 103 -452 144 -1184 121 -414 -60 516 -752 436 -560 -476 -162 -94 -285 -557 -768 867 48 -226 -592 -558 810 186 -1162 304 824 886 527 352 -1518 941 390 113 -549 453 -33 1093 -419 -352 -1239 201 568 154 -91 1118 5 38 -288 -573 -223 403 379 -54 -321 -203 -507 373 -469 344 497 -749 325 434 898 -296 -234 -474 -1090 41 767 871 -21 163 162 -4 372 -673 308 -425 -461 -10 156 -389 860 -743 -218 -8 -815 644 425 -576 160 -49 -629 844 973 -246 -21 512 -623 154 -686 -206]
[3 259 -675 383 -261 215 -357 -648 584 186 210 -639 -470 -103 715 182 43 -94 751 161 -365 -363 399 589 244 -418 -444 -441 -1192 -569 -422 510 70 606 769 -1026 -620 464 374 473 213 303 114 -292 -645 -354 -342 -52 106 -389 -201 -554 -473 293 -41 872 -1323 -4 261 -684 -44 -1124 -810 -312 179 -611 202 411 -443 -311 -248 113 381 -319 -208 -998 -492 56 -543 -45 501 -249 -267 1180 1313 149 437 -418 218 510 336 1098 -699 -212 -467 30 -45 336 845 -126 -707 333 -361 -255 27 480 392 504 -98 396 -16 -620 228 442 -49 159 774 -11 350 415 -431 105 -60 2 447 205 -520]
[280 -271 310 -412 -132 -396 894 85 -426 -686 164 110 384 872 -18 198 819 -574 -790 207 -111 803 713 -86 -80 283 -298 336 -174 493 204 -292 -265 62 -392 288 440 51 -794 315 -293 -109 -272 600 -593 -57 -144 321 -1338 -323 322 -82 -195 154 -951 -109 166 -601 -101 -438 -681 213 55 -486 297 267 -107 122 -89 119 160 869 337 200 -621 384 -189 842 801 129 -481 -82 650 -813 322 594 -107 -208 -290 476 756 308 -143 -564 407 646 352 -186 159 212 -488 91 -47 756 -61 649 214 -325 -408 1117 -176 166 222 -18 693 -202 229 360 -51 -1016 579 -944 -173 -772 -675 507 -1052]
[169 250 -869 17 492 50 -451 -104 -144 -59 414 760 194 -328 -414 -576 -572 797 325 -435 203 -881 -807 -717 -717 95 -46 288 656 -344 105 -1030 671 375 160 51 -214 171 -13 -68 287 1000 832 789 273 -729 56 362 -655 4 402 96 -355 -345 -143 -123 643 1281 473 166 -127 -108 -254 326 -39 -169 414 -344 200 -103 -218 -253 468 -700 601 957 399 -754 -287 386 -387 460 -200 152 412 107 -653 332 220 -47 822 315 -553 -549 -588 -2 50 -890 1140 -70 231 -281 159 561 -734 154 105 -663 539 -620 115 310 -129 46 -921 524 289 -513 239 -112 -9 481 -429 -97 382 549 631]
[0 -139 105 -921 51 -374 1093 -514 -265 -877 29 83 -645 436 -126 -316 -539 77 79 -220 295 -261 1006 262 -186 -584 -709 143 99 -125 -233 759 -584 -502 -697 539 247 -533 -106 -41 -70 22 -219 -88 30 -188 314 28 148 432 878 -363 -151 -111 354 77 -88 915 295 362 442 462 -682 -277 70 827 687 556 -21 -371 -164 -1053 71 202 -1179 752 517 799 855 1206 -243 -1126 -577 207 3 -64 106 -195 -282 370 -24 -596 680 3 385 -296 386 -158 1239 -32 118 9 -390 1023 171 -191 11 362 -75 -173 343 249 128 -73 -224 -144 367 -462 255 -607 -192 -877 337 -438 -625 -109 -657]
[200 649 493 597 -371 -37 113 594 458 -724 -406 -510 -578 498 239 -17 436 -508 112 -50 -109 1209 117 -388 223 536 85 -809 -89 310 84 -222 256 -77 274 -32 783 -734 -481 469 -78 -60 -327 386 -818 342 -531 -667 -204 -209 -1186 887 376 40 114 -563 -66 -239 44 -757 -640 -403 399 -224 -592 -347 551 1250 -551 777 182 468 -314 468 912 -360 375 235 -765 473 -578 759 -726 -83 240 77 1345 -426 562 785 -528 50 874 364 707 128 571 0 115 -140 -212 31 -936 -524 -960 148 -833 -498 449 427 782 898 39 318 -850 70 154 290 -316 232 332 -1008 -258 558 -313 -140 331]
[346 -80 167 1 5 3 425 387 -163 734 -13 -400 771 -284 -271 170 245 265 -196 163 -781 -905 1179 796 115 -667 -322 70 -14 13 241 146 59 -185 -107 134 -555 671 51 -269 840 -628 265 -193 -1118 -124 -74 93 -162 -71 11 -48 -384 335 555 355 472 136 152 -130 107 -245 -148 456 61 939 739 -561 -590 16 1288 559 128 -912 -171 -793 -983 135 -366 -386 -614 -95 -38 190 741 -437 -48 -62 185 257 212 -783 897 584 246 70 -802 -481 61 -929 180 431 505 -1218 715 -313 -800 437 -774 215 -111 162 694 119 -805 541 -1132 380 -63 364 -641 771 -383 -195 338 -512 366]
[-609 455 160 724 340 -2 8 -696 -131 -579 764 -250 -599 -789 335 -484 -597 -328 -249 -790 764 -1050 -1558 506 454 -97 418 -165 -416 640 -291 660 -113 -27 -157 345 -217 -357 -266 -34 583 252 167 262 -197 712 -37 -164 -43 -500 -584 142 -717 620 1236 286 350 695 339 447 88 162 -496 781 105 -118 557 -882 310 -644 558 -253 187 -974 404 440 954 -5 -142 280 186 -197 -645 711 -1167 -101 4 93 490 171 -475 -561 246 594 450 -595 22 72 -295 -801 -28 539 414 -3 -171 -994 -243 231 -141 -363 735 -372 283 970 -40 49 364 144 -771 -716 194 -254 -301 255 27 -614 -763]
[-67 585 807 35 -743 765 546 -106 -210 -152 -47 208 346 643 703 -211 566 -260 248 133 214 604 909 159 167 -334 -61 -51 380 519 -543 -671 209 328 811 782 660 -457 559 214 207 -257 7 172 -381 39 -505 -745 -273 361 -350 -272 250 -3 907 -636 164 -316 381 -934 -18 -164 -463 -426 -758 31 24 -241 32 210 688 543 -163 453 -590 376 395 884 -11 -310 -564 -1098 408 87 743 256 162 847 -192 356 -107 127 1453 -76 323 245 -500 670 -865 514 -170 -309 -535 -587 458 -525 127 390 -527 560 667 848 -138 722 -784 330 -512 967 -291 129 -46 -467 -481 -381 -265 -560 258]
[472 -538 -462 -254 928 -505 -127 389 -152 -137 740 297 596 -194 -773 704 -516 360 -794 541 -556 -203 -120 568 428 -742 338 266 -276 -551 575 -428 151 -589 -70 41 68 391 856 -604 -79 -432 -413 -925 23 -223 -192 15 -886 -797 237 171 208 515 -216 -358 -58 -120 -466 355 -101 -93 207 642 990 530 696 -368 395 337 559 -208 491 -455 -44 835 14 -376 -185 -492 -509 -299 57 -109 908 -193 -537 -1037 -201 14 86 -1365 518 192 539 -107 61 952 680 353 692 -528 182 159 -178 -539 -127 -283 58 -241 106 -470 178 -450 -186 104 -117 -103 -122 -733 -353 359 -1136 639 -43 -13 220]
[429 302 -451 96 493 -670 382 735 851 190 798 304 156 -169 363 609 47 840 426 -801 16 55 14 -273 586 -258 -350 111 -290 -378 890 468 -1101 774 -258 -147 -40 414 213 638 -591 -80 272 -25 565 -419 -1 45 -523 582 557 -233 -171 -60 212 201 -309 -106 847 -330 1170 -941 -336 1277 1358 -55 -17 316 150 726 -558 154 -428 9 -254 -14 -676 -208 -120 812 -199 -78 462 -117 728 -429 492 409 505 316 176 709 -174 69 15 104 -149 427 456 531 699 121 -180 488 247 -547 -645 202 46 721 250 -8 289 -325 259 701 214 622 1019 671 7 44 -105 -608 325 -597 74]
[137 552 549 -379 162 -752 -89 246 699 -161 777 -193 -200 850 -431 398 284 -665 -193 703 -209 648 -168 828 885 6 328 -56 354 857 851 -291 -149 -343 542 -464 -819 -981 660 -207 -623 -194 447 -73 -977 703 835 19 -992 -1037 -264 688 455 268 468 188 465 -1421 -540 268 -345 364 44 184 236 486 15 -1080 272 -414 108 412 -1094 587 -276 148 653 -869 -312 84 246 -621 -240 657 -1490 443 1048 320 -199 332 -558 83 604 202 -233 -369 372 314 -155 -97 573 -272 181 -325 -451 57 -49 -654 -251 -56 -640 107 -251 842 -344 65 383 -420 -199 317 -426 235 -273 -303 -931 -881 -125]
[252 71 498 365 -114 -92 770 -89 552 -177 -363 273 -447 453 -153 -578 -62 -333 184 563 2 34 603 513 229 -125 -101 -176 417 -15 69 -46 -372 313 -561 107 -334 820 264 1980 620 -762 37 -822 -552 302 418 -19 417 80 88 994 -25 751 1215 -185 -1498 -183 -830 65 566 -91 372 -693 -964 665 -224 35 -1294 285 -960 444 5 -229 -339 -184 1008 292 59 194 -187 919 -235 -303 270 495 -150 573 -63 -651 -108 -86 -171 630 115 -851 257 -249 539 -1250 51 -196 -73 399 87 705 -245 917 321 -282 -481 -573 1041 603 -646 -405 -224 -588 810 -1050 453 -356 1457 381 186 -40 321]
[231 -253 365 500 -1107 -161 76 -709 -40 -80 -1411 -848 129 841 -1059 -677 -7 50 305 352 -39 326 289 276 547 547 868 -437 -260 851 65 101 312 -279 681 -609 438 -419 -298 -576 908 -1024 129 65 -268 240 -333 303 507 -1022 -476 -74 -422 -291 390 -423 -28 -541 -747 -244 441 -844 908 -992 -367 403 -261 513 345 -739 83 165 -825 -231 -167 -760 -93 -242 -605 -1067 -44 20 -994 -351 -749 -681 735 269 3 -691 -332 -489 -469 184 29 150 -153 557 -433 97 -441 360 394 -691 -249 -587 801 -12 352 -810 152 443 81 372 44 200 221 698 -516 575 45 -774 -1209 -58 106 57 446]
[-197 -68 267 1 514 -58 -58 434 36 -556 -340 -251 -13 25 539 -302 47 -231 -215 263 -129 423 -215 340 483 143 -317 -628 -43 -359 316 -644 -150 -593 -192 -465 354 225 611 396 -209 -64 -253 -228 -430 586 525 -181 635 184 66 195 474 -576 286 -84 -785 -154 -99 250 -109 -57 -325 -135 -241 349 1223 -208 605 -229 701 0 -1577 42 460 -216 306 257 219 -588 -1500 -498 -999 58 264 690 -273 -1051 -114 134 -506 -574 16 968 532 -1350 353 315 177 -570 -671 -272 -792 -521 766 -311 -574 281 143 -348 -438 -1015 451 258 -1154 522 951 248 486 -21 -167 -136 -303 102 -313 -396 -509]
[280 -239 703 -282 -248 0 38 33 118 94 -300 -431 638 -18 280 -778 593 883 784 -245 -576 -348 101 668 -12 -350 -381 675 -917 216 -14 -171 -383 -285 31 139 372 1086 86 -481 155 271 -796 -268 -653 -52 -641 -756 1041 103 -963 -155 449 -620 -518 1078 1 407 -490 -296 -817 867 493 436 864 -904 -208 610 -281 5 -1055 -752 -69 -341 -128 -360 20 -3 -516 410 -458 418 412 351 59 -375 -460 454 -297 -100 57 -225 -309 -565 -369 315 -725 54 -109 -551 -308 245 1253 -242 -48 -596 512 425 165 510 -491 190 -785 -6 1234 -64 -494 -311 -1131 233 87 290 219 372 274 -166 -73]
[770 16 362 -182 -111 -105 281 533 239 103 918 -192 303 -441 -421 92 -14 366 155 758 -345 205 -172 -337 -110 36 460 44 76 90 14 128 64 19 318 1009 -241 -53 -253 -317 248 -864 -89 -305 -877 269 -641 33 13 396 -463 964 607 -374 44 599 297 56 -576 -341 -174 547 319 -47 -137 -28 282 -8 137 -754 65 -344 -711 -281 -298 -109 -63 -573 944 94 -294 270 508 52 -362 506 -413 195 79 -506 319 -668 -431 -25 150 -518 372 -714 -12 -841 -505 75 -648 -354 431 -577 413 679 155 -686 8 80 -718 -257 330 -290 -630 122 70 -189 -498 117 95 -540 -217 -412 241]
[25 -145 535 769 731 -228 133 453 -67 330 -397 114 -269 550 -311 -151 -386 -468 -105 566 255 -24 120 -336 -263 366 -75 -316 25 459 184 440 -476 -972 -653 544 -7 303 -727 318 -805 254 -537 77 -321 557 -98 1169 1260 479 -768 25 -343 123 -225 -687 354 290 -75 -455 654 638 -436 -331 240 70 -493 128 502 418 608 41 -159 -969 188 34 -221 -47 497 -189 -589 282 284 132 -28 254 -592 447 -48 -1089 -1197 -943 -299 413 442 9 338 -781 84 -615 -88 -314 -651 -574 -301 -60 -323 516 -220 -487 -822 -128 626 -301 526 -414 -1079 -60 -806 -850 -236 351 223 -182 -52 642 933]
[287 576 38 -66 606 105 -6 -454 606 960 -487 123 414 -613 -92 1043 -303 -511 -157 1234 440 359 -68 -337 -245 110 441 -521 132 -125 -216 -356 634 101 37 133 -474 -105 -112 231 -467 -875 -727 -357 -741 279 678 559 417 38 313 331 -245 -582 333 -279 -699 -701 -584 103 176 72 837 669 -707 -389 192 -448 -932 238 -215 232 -372 -10 -662 -398 1095 650 383 84 192 674 215 623 208 182 -288 186 -562 -263 323 -471 -148 -456 -595 -315 510 662 -699 -699 -420 -636 -183 223 989 450 326 317 869 -194 -112 118 -327 665 250 535 17 -224 481 660 182 -710 369 449 -129 525 376]
[-642 103 -239 310 504 34 -595 625 -41 -239 701 -309 608 513 534 90 -123 -198 -440 -404 -328 -796 -423 19 -279 481 -235 -325 106 9 93 -180 279 -304 -395 170 553 -709 -71 323 580 1046 547 750 -398 -107 -551 282 -1660 -234 -1046 -613 -753 175 -385 -25 872 47 989 -318 -203 412 -309 951 502 370 -71 -1086 -564 1144 311 385 358 -672 -223 518 -619 -439 189 581 573 117 1504 828 -31 550 -415 234 -583 991 217 -40 750 190 -1 150 668 -260 225 89 -530 416 277 350 280 -834 172 653 -1142 934 -409 132 268 762 -457 -173 -186 -310 121 -1056 346 817 -525 -139 623 465 23]
[144 290 353 -195 -4 -606 598 196 118 -761 864 350 -321 250 -181 -313 373 -1152 484 -911 -263 -597 8 -670 -333 348 -541 24 -581 69 -868 997 -377 -103 -195 -361 274 1464 309 -39 852 -88 342 -147 435 -71 -437 -46 944 1119 -360 -267 -268 257 111 1441 -723 717 286 7 1015 -243 -181 -217 1076 484 48 462 -984 -18 -603 -1347 -28 -519 516 520 -72 183 -316 1402 435 -319 -53 -517 -71 -846 154 -40 -298 -575 75 25 -630 540 -374 -563 -610 15 290 1114 33 807 -185 285 -346 -744 490 -41 145 233 -140 -644 513 493 117 -88 -275 -133 167 -543 205 333 895 -508 -567 -217 -401]
[-74 -238 -32 377 4 184 43 222 -407 5 -132 71 -379 -383 -5 94 -105 -680 -59 -372 -733 564 -623 -952 -591 328 269 37 164 -378 207 7 667 -54 -426 -602 194 193 -692 813 386 -407 -553 227 321 330 -188 390 -235 -420 1388 190 693 -87 -102 -327 -673 -415 -781 106 -419 350 -230 663 36 -736 397 -501 260 164 -640 -744 -587 -460 656 332 79 1088 535 -441 -120 446 -161 48 753 736 -245 -478 -157 -183 -19 -785 -912 -8 993 -879 -30 -3 312 -57 -649 -322 241 54 -375 501 224 -811 271 -274 -680 -153 744 -326 306 587 -286 -1016 208 456 -187 -52 232 914 -334 111 95]
[42 -859 354 -427 292 495 -284 532 530 49 -420 429 173 183 -517 540 516 -46 -605 180 354 876 -468 194 -118 450 -341 30 303 -281 -506 -479 68 -101 220 -1 214 431 -268 -643 -799 34 339 -63 -96 124 20 -188 52 -316 542 101 -741 -371 -1137 -404 -480 -552 -6 -117 -421 -804 780 -182 -169 851 128 -368 -166 284 290 890 -221 883 267 -659 799 315 184 733 -386 -199 481 -236 -565 33 -60 -168 -386 -566 -12 699 397 277 35 694 -427 640 -267 359 -237 -10 -12 -292 138 -739 -438 145 520 690 361 372 -448 -30 1002 -85 186 1016 80 498 161 -206 -226 -140 159 -446 -336]
[346 -213 36 -31 -355 557 31 -96 -951 208 367 -289 -112 137 176 74 750 94 491 619 -979 467 648 -593 -194 293 -136 549 -880 -524 -269 -450 63 213 249 -901 -234 92 -952 153 607 -612 -307 -595 -451 -447 0 -397 -815 227 230 -145 498 285 52 -198 -591 -455 -80 -73 495 -209 160 -990 52 -813 171 -187 -560 -567 376 326 -717 308 -612 -452 -238 -81 588 -758 -516 -171 -563 -364 262 316 -380 180 759 186 -557 204 -816 851 816 -575 -57 289 -186 181 -777 -243 124 -185 -365 715 -469 703 206 -2 42 -183 357 435 372 486 248 -420 507 7 567 -750 199 118 -317 6 -512]
[-501 -451 151 -85 160 -72 -204 473 638 67 12 531 -291 155 -886 690 481 -111 106 740 6 445 243 228 71 -234 -285 1104 -210 -123 -1081 -364 -61 -247 140 -12 337 375 -623 374 -372 -225 -64 -1095 -83 44 57 -113 3 -125 -221 -764 260 223 -495 -203 -713 382 188 88 442 120 95 164 -171 70 517 -156 -289 -213 -673 -367 -98 46 -382 -23 1446 828 13 509 769 353 -388 -65 -698 132 -135 344 -820 -849 605 478 557 -954 974 466 -126 1292 -100 342 -140 -162 1243 507 756 330 -445 929 -123 173 851 781 108 -352 349 -75 272 -668 203 -696 10 -181 1156 -171 -578 -292 -102]
[-451 -551 -641 520 -45 -257 -318 90 -460 -370 147 555 -17 529 -499 177 -32 -1269 863 -109 66 731 -35 170 -1174 -62 233 -86 505 -85 -81 224 -388 234 -58 831 -647 -37 695 -185 -367 524 -350 -126 -54 762 -10 663 410 -535 -242 -1052 40 478 -550 -137 499 -19 148 518 -596 -383 159 272 371 461 -1177 -585 -400 181 222 -529 359 537 -1025 -657 94 -882 753 -174 542 142 1064 -208 89 198 25 1062 131 995 678 105 429 291 -76 -403 117 210 -203 -112 -537 281 -190 744 -209 121 1079 662 473 402 -1212 -464 -498 -80 -272 -647 -359 653 -1155 -874 -454 -1506 515 -797 457 1096 -288]
[378 -1072 -22 -315 -381 92 -168 -685 524 241 -397 133 -491 -63 -307 233 -417 104 535 -383 -695 365 -254 544 398 -733 -261 -88 -1250 -940 -1259 567 677 1001 -131 -354 364 61 458 1018 -718 -801 -118 420 958 -282 -34 -289 -424 -181 178 -693 -898 438 555 16 -434 474 848 -299 274 -1031 -450 338 522 569 -708 -31 -139 -205 269 -291 472 -361 -593 704 858 -73 252 149 -121 1016 -728 -489 1092 155 -531 -483 347 623 -380 420 460 -357 -188 -301 -589 1324 378 537 94 297 423 -426 482 -130 -175 233 1171 180 107 719 -94 295 705 -57 24 594 158 -140 -849 -1155 -267 -74 10 616 371]
[775 285 222 312 468 -68 186 398 275 41 -604 571 -217 881 -231 -255 96 -357 617 -10 -548 73 -426 212 649 -430 600 233 320 272 -503 273 -715 697 470 209 -361 251 272 430 -539 -379 595 500 821 1370 -330 353 896 264 -291 458 12 404 -47 -110 248 484 -286 -179 -214 -356 -132 545 -24 -490 -732 467 16 370 -75 -416 40 954 348 793 952 -118 -553 135 128 1659 -205 -887 -709 -197 -303 809 -125 -158 -849 202 525 -831 896 -250 762 -121 -425 -227 420 -152 847 -143 -150 612 -37 -766 388 -692 -172 535 -139 659 37 -329 158 715 -522 -112 -509 -253 -33 78 -525 -189 -557]
[481 11 128 474 -123 1189 -334 154 -468 -618 -102 58 -198 125 871 -832 -877 64 -534 63 -507 -53 1044 -178 1014 -381 158 -391 134 43 94 74 -97 -253 -411 -309 -233 -422 324 116 532 138 299 24 -379 188 294 -103 -476 25 286 22 -296 -342 723 -599 -628 142 767 40 397 -281 -747 -578 -122 428 150 343 -64 510 10 -15 -614 -1009 650 652 -584 160 -209 466 339 94 -834 145 -263 -333 -470 -367 -574 335 -485 -71 129 652 866 -443 632 -225 578 159 -620 -729 -594 -445 47 -314 612 211 241 -769 -435 -145 231 28 -94 -2 -572 -532 -169 575 16 -434 -49 -911 -56 -17 1327]
[962 -502 -75 907 242 -393 -721 263 -60 -638 567 -140 -494 123 654 -76 -34 51 198 -725 18 177 -336 -724 -145 860 326 -547 -260 -868 -457 315 -437 -295 230 454 -70 987 360 312 1095 -426 -403 -109 -593 707 -252 36 1185 488 332 44 -36 259 -118 215 -718 147 385 -283 694 -893 352 -180 -369 -98 -73 322 -477 626 -1291 -391 -597 10 540 -1272 570 -880 -1045 18 112 568 157 1062 888 -231 -68 -157 -229 -17 -391 -561 128 1341 24 -65 102 -886 758 126 -817 -62 -701 335 -344 -570 -801 439 599 -84 -336 -1063 345 -4 -407 -292 -115 278 631 175 275 138 335 519 1101 212 301]
[-513 124 19 177 -673 1150 157 -129 738 559 -458 38 508 156 -790 81 350 -606 -3 682 478 -134 234 1501 65 -470 658 259 339 20 -628 -154 36 -355 789 61 87 125 488 34 234 -377 588 -631 -227 -652 -306 -268 133 -818 -1467 -7 585 459 489 397 -54 -178 -109 -168 -751 768 -388 -832 -622 -387 -337 -426 -308 -377 1122 1288 530 79 -742 314 630 -126 58 -876 -289 -850 341 -830 -39 603 -199 213 429 -960 -522 747 -396 -230 228 -174 -383 -527 -574 -623 195 293 574 -486 -51 878 210 369 -164 -395 -61 -75 22 182 -481 -350 -300 95 -150 -823 -327 158 -446 -9 -26 -759 -219]
[80 675 535 -134 406 -443 483 95 -1388 -80 -35 298 1370 151 339 -18 -318 -176 -1355 83 2 297 -247 -93 190 -206 -665 192 -373 -434 -72 38 138 541 -1197 351 -107 -4 -331 199 168 156 -194 -185 -782 97 -210 -119 669 -473 883 -188 11 524 842 -75 922 -364 -563 109 -297 496 14 888 208 -330 -1042 -497 564 501 923 -556 41 -730 -170 305 95 353 382 312 -449 -107 244 174 -38 142 -277 -553 282 -395 -236 -894 525 121 -890 -729 -766 202 -564 -311 -106 343 -350 717 -380 -585 -483 116 -221 12 197 451 -412 651 73 553 -288 359 -1037 -246 -626 -351 -787 450 -689 530 317]
[230 -56 500 421 -481 -601 961 -548 -900 -497 -238 -319 -1073 1097 -105 -537 95 -405 -491 684 -635 757 538 -1426 -313 888 -1059 -738 -780 158 -87 111 217 -109 813 -356 208 -781 -718 -47 -319 170 -201 -603 -610 -685 -579 -315 -51 612 419 439 222 -471 -146 140 285 133 149 -178 434 -37 912 -1123 -26 -316 -413 709 -56 126 -200 200 -451 12 -174 -132 273 71 607 -229 -38 -69 -406 841 170 -253 786 -350 506 218 -249 546 21 -332 357 679 535 -517 -370 807 -84 -359 -764 -428 -661 273 -319 -208 -142 -191 328 343 -145 -484 7 115 412 -168 53 -72 -433 -621 -288 467 -1085 103 -825]
[-1207 9 1082 954 -572 509 57 -117 325 545 16 234 921 268 -494 -100 -542 -1236 -836 125 -231 536 -340 657 -327 195 -275 49 -345 -273 -453 -597 -514 -284 -3 -159 -361 -761 163 -1060 506 -20 170 248 -941 271 104 411 519 -455 313 958 56 285 356 -123 -349 -232 -123 269 857 210 -94 -1077 -681 1064 -214 -352 -125 -484 227 -395 96 70 -170 -60 296 -504 -726 44 66 -271 -26 -197 187 252 -807 -200 -343 -362 499 60 1311 324 -215 -206 -101 430 -403 114 -99 600 -228 -414 769 398 -101 557 371 342 235 -424 318 -118 443 18 161 -239 -102 -1537 363 162 211 -339 -1316 -280 141]
[632 -916 750 -140 -263 -1128 1210 -538 -453 -972 -438 309 766 -194 -123 -204 -112 625 -518 122 614 576 315 1605 1099 340 811 646 -413 611 627 -957 -524 115 260 -1038 314 -1013 -611 620 -860 -238 -852 86 29 -139 -119 -82 -243 -105 494 109 662 799 559 -318 -323 -742 -474 -38 121 300 628 -410 167 260 327 0 364 -707 -421 481 628 760 -183 203 -164 -218 -237 -58 -86 -1020 68 93 378 -335 425 -195 480 -276 388 -160 252 -443 90 302 984 100 -150 896 382 -264 -387 385 163 -90 -308 -183 110 -329 467 621 -295 -122 1 129 548 -51 458 -108 1204 -560 -185 175 -211 80 -1463]
[-501 -733 2 621 263 -127 250 -302 -58 -17 366 -233 -407 1583 -462 26 686 259 -81 -400 -18 -9 -173 132 -753 -649 396 994 -15 -420 -631 -344 38 -65 199 657 71 379 250 29 529 -236 -408 -750 -581 248 6 375 -232 -2 -1150 -43 649 132 178 -609 -829 -130 98 -190 -484 467 -340 -123 72 862 319 -426 -499 -431 -170 349 -696 -33 -497 1001 -49 180 161 -312 852 568 -259 -962 -542 -153 -175 215 -420 -1018 16 -444 -65 799 -127 -763 914 297 -90 -217 -771 203 402 -17 79 553 -36 1001 -215 79 298 47 172 -294 169 -702 524 -691 -704 -815 -1049 287 473 -324 -398 869 -118]
[-121 366 -851 117 118 594 -932 295 -502 364 232 303 577 -461 948 526 -215 989 -192 -123 -56 151 134 -871 308 493 -534 206 91 -705 0 -758 -186 315 -481 552 -227 -187 -322 -58 652 -310 580 47 -3 -460 -305 712 350 530 574 669 267 -71 -103 -430 -187 28 440 -426 975 -580 -952 -55 -337 -203 440 -205 8 -146 1065 674 -38 -153 238 72 -771 -129 453 63 -621 -556 332 -199 578 89 -442 946 628 319 -470 16 651 1292 -367 306 -286 -292 162 88 -842 140 -1075 538 401 -398 -304 698 969 155 546 -282 -302 143 -532 512 -423 340 714 -274 166 592 451 -413 620 -306 506]
[-774 -1018 276 125 -420 129 -179 -5 -102 85 334 130 -835 124 -141 289 701 -337 -354 -67 563 -179 532 544 364 -518 207 -203 282 -84 -475 436 -134 -381 476 975 490 1050 72 768 -414 -249 -298 -310 406 823 -136 123 220 -757 -1376 72 -540 1190 576 -167 -574 876 1074 -176 -1654 419 -1494 760 407 40 71 -28 434 -639 593 875 -40 -557 -1079 238 520 402 903 -370 -462 -518 429 -248 -401 187 -266 -301 326 -322 -424 438 778 54 376 -593 -56 -335 -978 -32 -106 96 551 -658 195 264 -421 564 -56 -429 -616 30 477 -39 98 -655 -357 46 -612 -1291 -1231 166 -151 -174 861 319 -110]
[-216 883 117 654 351 847 -35 955 331 -14 -93 165 1376 -133 182 -287 -356 233 663 26 -623 701 -1359 -64 -744 -540 -154 166 -142 24 107 -1367 129 -73 -54 82 -373 117 339 -1052 176 480 -209 198 -637 85 627 166 966 -24 142 -44 336 -152 130 -25 -141 52 -670 693 450 952 11 -230 522 346 6 -171 94 -122 9 -777 17 -307 -441 284 -694 -494 82 834 63 465 836 -207 -158 306 -150 1163 154 414 913 -500 427 -330 -862 -442 322 431 308 -192 -30 842 195 954 118 514 1101 -124 160 -534 251 -154 -537 91 18 977 166 83 -323 314 53 190 -148 92 -740 124 -201]
[90 -128 -772 -87 138 -327 278 356 786 1034 196 -207 277 -202 -617 -128 -189 180 423 -402 172 -350 -873 -280 147 -1082 805 -633 832 198 339 1884 516 636 -643 848 681 26 452 170 932 278 -456 -283 502 -591 288 -670 58 327 437 -916 -314 199 -62 -558 706 -26 -71 17 327 40 394 453 287 185 292 -103 792 517 452 -1243 -416 -518 -153 77 395 65 -543 -40 285 114 -59 715 -205 -46 398 446 -57 -12 -75 -1369 -254 -353 -375 -206 -583 -408 44 -727 688 -45 -24 -331 443 -340 -635 -140 -188 -51 999 224 171 -271 -1237 254 -696 441 -75 588 -197 138 -23 1067 175 -164 677]
[249 -805 -163 775 -1804 -233 -326 -428 -910 -585 -221 -2 206 -266 759 -302 435 420 207 -267 73 -252 -584 589 586 323 -98 -7 -361 408 -402 -1347 178 224 -465 -48 -100 648 119 -237 139 577 -526 -366 -105 344 965 29 359 254 36 -164 20 341 975 -583 -145 717 542 967 734 -502 418 -162 470 706 1015 900 -49 -290 -791 -76 -38 -615 -59 -387 -11 -4 241 -478 338 458 -401 -466 57 -358 -121 245 109 -134 756 -484 529 -158 -361 -104 -1 -110 614 260 251 579 1215 312 -25 -41 32 -83 -373 -145 913 576 276 216 203 251 1208 -38 -121 455 325 -464 43 -608 488 1050 -448]
[282 -207 96 177 -352 512 -262 -449 -1013 66 786 -151 2 -968 65 497 -172 670 256 666 99 -582 413 549 924 479 602 248 -195 318 451 -719 1223 320 571 -476 -280 -117 55 6 -205 -575 -359 -347 372 1139 -55 -81 -734 -896 -418 -189 203 -1 205 -844 -1370 -13 363 -691 -447 -513 -967 311 20 307 492 -335 47 -871 915 482 132 -752 194 214 -1115 112 -906 -813 406 56 -857 532 376 662 -177 255 599 444 350 969 -280 -684 -51 -183 65 332 482 258 -563 -193 -56 -1004 263 -313 -486 503 579 -656 197 114 -748 636 34 223 466 -844 -454 -37 581 687 -288 -159 -23 723 -443]
[-583 5 426 -280 653 -82 -218 -288 -606 -34 -1116 210 614 -351 89 -1062 -652 289 123 -1240 160 -439 -786 810 163 -261 1105 728 145 328 279 -326 -349 466 -239 -999 416 -160 712 237 -32 -394 -420 -425 541 637 288 -858 1304 -92 -298 755 227 181 171 312 50 82 -718 820 -557 483 456 363 -498 60 -845 -124 -214 -534 -135 -265 759 382 245 238 359 122 -374 -37 -374 81 -624 -595 -59 454 -366 -366 2 105 23 -134 337 -361 -743 -807 74 -255 86 -334 90 -61 -527 908 -383 304 943 -301 -30 -585 -127 -304 -471 -250 -314 454 532 70 -754 159 -114 304 77 707 102 26 -1292]
[-12 -82 209 -433 799 524 488 169 -561 -67 -64 -321 -382 548 424 351 315 82 -468 451 204 951 817 -237 -156 -12 -391 -91 57 -1064 432 315 -663 702 -555 -177 -414 -317 119 213 334 117 701 -1117 -525 -972 -275 -504 -1119 -62 290 -629 -12 -146 -36 848 -673 351 71 -391 -367 -338 -271 -1107 -193 -297 1117 219 -537 332 380 1213 370 718 386 392 -653 845 236 -291 -607 -436 -259 -624 348 526 590 -214 260 168 -24 1875 -575 458 416 312 -42 -913 -12 637 -706 -588 -505 81 -458 -318 -639 361 107 -617 -1000 -485 108 -373 466 -718 -4 -691 630 183 -563 886 598 128 -745 -620 -770]
[174 152 -444 468 -44 -980 619 -231 685 714 -201 -123 -772 -1210 -279 -688 -52 964 -323 -296 230 -1175 483 -301 364 414 -223 -401 107 517 82 -36 259 116 323 403 -101 273 -393 874 237 -570 -671 -750 298 -57 3 -846 -102 80 -300 820 202 -37 910 551 168 -244 1057 -310 512 341 -330 168 -69 -342 -647 -561 1142 -327 593 433 -530 -39 402 69 -1 -444 -46 -4 -487 -691 -238 16 355 296 578 863 1311 183 107 -697 115 797 -251 191 117 252 103 -284 399 -703 -798 -327 403 171 -1011 522 -106 -341 171 349 46 124 -589 659 -543 647 586 445 -294 -303 376 923 1292 -553 1031]
[-749 -244 302 229 432 381 -109 -390 -142 -473 758 570 -450 -19 683 -743 16 635 -183 -1411 -378 36 -55 -681 -729 -46 183 -704 44 731 49 -389 -425 122 79 590 -739 -302 716 30 186 330 766 945 1217 279 704 1479 498 -872 -347 6 -180 -275 -502 93 487 814 457 696 632 528 -678 39 -802 -248 -89 -299 -178 696 -516 714 -71 970 -11 291 -303 -333 317 286 -51 68 565 -217 377 290 148 339 133 1027 137 614 23 573 -1025 944 -1378 -968 391 66 928 -267 -520 933 -332 55 841 -860 -538 710 -691 156 21 -473 98 -516 628 -253 84 -558 188 640 -898 315 686 -175 411]
[974 -399 -24 497 -445 172 294 673 156 69 529 -607 182 -84 175 177 -65 -220 -817 252 -63 -383 -307 -453 -25 -27 -1007 227 195 -577 -466 -847 -791 48 507 150 -124 710 163 -354 1296 614 -30 414 -285 -347 -613 842 696 94 79 441 319 72 -215 -558 -94 614 193 537 822 -685 139 69 -91 12 737 316 1234 288 249 -703 -86 -1066 750 -203 0 -162 -445 239 484 607 314 630 122 -687 -366 -90 -67 -437 38 -573 -423 417 475 577 405 0 -883 83 485 599 -304 -255 -225 -503 -237 -42 200 -368 791 -696 243 -91 -593 605 -794 740 -391 -652 567 -21 20 -296 -496 -880 1217]
[-950 -703 -84 479 -119 -652 52 532 -196 1367 -596 682 271 1137 -482 14 322 -253 -530 -22 556 1098 190 -732 65 388 356 -743 694 279 -324 118 -299 270 -234 945 599 -806 448 -824 -286 1076 198 220 510 -151 36 350 -632 210 291 740 319 -217 -681 -599 184 -446 868 645 352 926 63 206 -182 460 -333 75 -157 426 432 -93 -1030 1611 -969 188 90 668 1080 109 -99 -236 -262 -616 130 349 748 -185 -55 139 -195 576 554 246 -726 -116 402 179 186 -74 -261 -191 -570 632 265 419 -225 -39 1165 403 -303 558 -703 -432 260 99 471 389 204 279 -757 -324 47 -614 -669 559 252]
[-527 -660 -450 335 -613 110 -756 1259 -838 101 122 -238 305 308 -727 477 -258 -329 -862 408 -199 38 130 1130 -32 -580 -815 860 -290 -348 287 -854 -756 -177 -129 -588 461 481 35 -647 -1016 901 -203 330 151 -890 12 -538 -1296 95 264 131 7 -191 -1241 -477 560 -168 351 -558 -619 -209 -862 233 566 864 -124 121 1171 20 52 -345 135 187 500 957 -487 -170 -573 -595 172 -767 -90 -819 -749 -87 -949 61 -301 -712 -296 632 269 -454 -43 -15 18 595 573 278 -636 153 338 -259 -593 664 71 472 -470 662 -518 330 159 -58 447 239 72 -434 -670 -771 -150 51 -113 -511 527 490 -208]
[-338 337 -622 388 -275 101 690 282 -1067 -304 513 129 86 499 182 565 552 -128 360 113 298 314 -615 -469 813 204 654 -65 126 131 110 112 -321 579 -831 -285 -22 59 291 80 -213 -291 -564 142 147 163 195 175 -481 1432 -315 -365 33 -191 205 -609 -348 34 -129 -641 677 -284 -682 299 822 -164 41 779 -522 123 -218 -284 -1185 -116 -660 480 -522 820 -101 197 448 -22 282 -174 291 -541 489 242 -340 -68 523 210 -621 278 -97 -1038 -1 -268 237 702 -912 200 -105 885 -828 -625 626 468 281 97 -23 156 -21 715 567 166 479 -393 -490 304 476 -264 336 -1031 -72 126 -1044]
[536 -375 -445 -508 839 -104 108 -282 155 -163 -597 -376 197 -575 120 160 -55 653 -522 -136 -11 8 -431 478 807 -990 939 335 -108 -55 307 -1195 -247 -700 1006 -353 -848 586 869 -360 21 -957 -649 -423 -30 606 -14 -393 -21 -711 199 337 1190 -388 -437 115 -768 -356 -5 678 -48 -490 226 -267 -338 103 894 -266 1003 -484 385 341 -253 770 201 -598 -144 -634 -741 -918 147 -91 -581 303 -57 -301 15 -810 -220 439 -299 207 -45 -283 -4 472 155 -226 -548 -1011 -366 151 531 -193 407 -33 -313 -831 -147 -337 293 -546 53 -500 310 -262 129 625 14 226 -1077 274 -155 533 -69 -176 283]
[-7 151 -594 355 1285 -143 88 695 156 219 1106 -180 -519 -600 30 403 101 -427 -1002 291 -312 -1026 -818 -241 14 -49 -142 -413 585 508 -166 581 -271 -142 -156 35 -33 412 -87 -13 118 107 949 -648 28 92 896 217 1086 -170 376 574 -305 -276 64 480 -9 25 -21 1248 1015 -12 579 253 -227 253 160 -483 -213 81 250 711 -426 -192 -94 852 195 233 610 92 431 -457 -460 72 -877 70 318 -453 -731 -1267 201 -924 -666 126 116 -482 -462 436 -308 434 970 -675 -269 441 343 -646 9 -184 -337 -689 299 -892 615 -41 -326 484 596 -59 -128 321 -54 849 -58 84 -101 -595 284]
[877 312 140 1045 -908 -722 -830 158 910 370 687 323 -488 -426 -331 241 431 -381 -411 168 609 485 207 133 -288 228 236 -401 381 382 286 -110 -544 -755 464 214 149 190 249 -260 4 -424 -662 984 -101 806 281 283 -383 27 830 608 -359 -251 -130 -320 -593 -945 979 -517 194 -612 -365 870 329 352 -390 -384 1300 -257 -305 930 -503 -411 169 -528 103 -711 -414 -742 -408 -130 184 38 369 184 -95 424 -45 -825 -12 325 103 331 -15 76 -129 937 -301 873 200 79 -230 -1311 -477 -137 -566 116 1354 471 -295 -548 378 -171 165 722 278 -90 825 -162 506 -570 515 -796 630 -509 426]
[-226 -574 224 -50 -695 -7 -21 -37 -178 374 -422 86 845 1052 292 -390 -202 -460 -845 596 -378 64 42 723 80 -398 -478 40 273 -62 169 -505 -825 -831 5 -148 285 -340 353 -786 138 537 -34 -340 -953 -348 14 -527 158 313 -217 1198 524 124 118 -60 758 -416 -287 262 -466 616 195 -804 -537 661 -294 126 -164 -461 758 -178 173 -73 -218 -1472 99 -153 13 -412 146 -520 152 -52 -735 -791 -372 358 -589 -240 -1237 -776 978 458 -298 349 380 -736 -200 -565 480 461 33 -448 -376 166 -456 -167 135 -246 570 228 179 700 -542 -205 -891 92 -43 -259 -260 31 549 -544 -735 -436 -649]
[-162 398 820 359 745 -147 -143 -513 691 -545 -717 336 -124 614 -701 -522 38 -947 151 -265 167 -637 -111 291 -312 999 287 -20 -687 697 -240 11 -318 -614 -161 -180 82 408 265 -458 76 -194 567 -1002 -929 365 -981 -269 535 374 -821 753 120 -35 -226 1060 -411 -217 -40 -598 43 238 124 -999 -26 231 -160 1282 -734 439 -592 -653 485 -31 239 74 42 43 -471 482 -183 -266 -334 229 162 -366 -354 -853 -1060 -1211 17 -675 -703 -487 -252 -642 1254 888 680 53 -117 -421 27 -299 740 67 309 -156 -807 -445 -135 -241 362 528 589 155 -144 70 292 556 -831 1157 674 -528 -238 181 291]
[-277 293 -859 234 -512 -360 -250 -539 528 -315 -437 31 754 -607 198 -767 261 181 -97 -126 -834 32 597 444 841 -1043 69 -272 -837 926 264 -679 21 -310 11 -418 -551 973 889 -723 219 -384 -248 623 -159 -793 -573 186 148 -7 -306 -287 336 -635 49 213 -133 -278 -421 336 51 -434 50 -2 649 -906 -261 -518 1341 -594 -307 -683 -355 454 16 -273 68 -773 -622 -128 -527 519 -437 1400 135 -499 376 156 7 1732 261 -453 -203 204 191 -252 148 527 138 -165 -213 -447 628 317 20 94 500 147 953 155 -511 -558 68 -389 -274 752 -765 64 -481 -477 -473 8 -118 366 390 -645 -222]
[-413 84 -450 791 299 54 -470 -189 526 -247 44 -476 -599 -385 363 81 -361 57 633 91 1375 465 -809 -274 37 607 -301 -614 317 582 -285 -498 -57 147 -65 496 137 123 -384 517 -616 435 -100 506 -589 -15 849 212 -439 -80 127 -653 -494 -407 505 -929 53 -357 576 -309 -91 -70 -28 259 -162 -654 -366 -178 136 -424 -337 730 -306 265 52 -893 982 196 -53 107 -525 -155 -355 -21 51 75 59 849 266 424 -136 243 4 -78 -289 64 336 222 325 57 -167 -421 -359 662 683 192 -229 64 432 100 -552 857 -409 996 469 879 420 -34 535 1356 546 -111 -799 391 1005 987 795]
[12 227 256 -39 -32 254 -358 -884 105 -361 223 630 22 -1165 -299 -382 -524 479 -390 590 683 -363 123 23 -52 -109 207 198 -154 794 761 -464 -75 -10 301 170 -363 704 -323 -268 -707 273 194 -563 614 -936 -265 398 -89 -1328 197 -127 -589 -344 -326 794 -148 561 -56 409 194 -400 729 -310 43 -279 -820 284 165 -228 74 836 582 -399 -30 -230 -382 -234 -230 -1044 -694 123 506 118 -58 -148 -390 -452 378 -443 1112 1094 -814 -1107 -27 779 -680 -555 -40 182 261 -43 506 -361 -551 458 674 -738 -54 1019 -316 -566 315 -1087 1051 -71 -79 -161 218 -486 471 50 -226 -81 480 -359 -307]
[-1162 -1352 -5 405 -1751 -300 180 -125 331 365 -187 -236 664 -605 -613 -969 214 237 -190 -1030 -419 712 894 203 -534 502 25 -94 -65 276 -46 -120 630 196 292 -156 -304 -94 -81 -693 128 -707 -280 136 340 -932 -76 646 194 -224 -206 46 1019 -240 -393 -153 267 -408 662 -103 -950 1179 -172 -123 -275 113 -845 -642 -554 -519 720 695 -934 370 -785 -529 -571 -778 -120 323 -386 -49 380 -403 720 200 36 97 97 583 691 823 -266 1234 -1140 -376 -847 -390 -250 -71 195 605 196 -208 124 -26 383 -52 568 1558 -543 5 -1316 -1173 -306 554 -327 -27 54 30 413 -404 -545 635 836 120 367]
[144 -23 -391 -47 195 -243 570 663 -431 -375 -100 -454 587 40 -169 84 190 38 131 156 -691 2 -380 -129 -754 374 -302 -272 54 16 -321 -549 -319 131 26 49 694 179 -347 -203 701 281 -362 812 497 -323 -456 0 779 532 -475 659 567 -395 -716 -29 -342 609 271 315 240 -503 396 -367 215 -253 64 -197 493 80 540 -882 -819 -222 762 -355 -1010 -281 -547 484 -653 -279 -133 107 474 -913 -98 -1076 552 140 -279 -953 -25 354 694 -94 108 -1177 -167 -189 194 621 -96 214 -816 -634 794 -474 151 -631 316 -529 446 -166 -612 -758 390 848 -916 -617 374 -595 48 52 169 -546 -785]
]