[[-414 -314 37 311 61 -79 -151 87 3 -36 -449 -576 660 -153 161 40 -21 -76 148 -255 -185 4 617 -508 92 630 -416 -110 -390 415 -16 231 184 138 -709 361 82 -232 465 -695 118 -240 432 621 187 -114 470 13 178 131 -199 822 -398 38 215 212 350 -298 -166 294 372 497 135 -318 152 -679 -29 386 -168 135 -532 -185 -186 512 -214 108 -129 -57 -443 671 375 -37 13 546 -309 -450 334 112 -31 479 35 -414 -111 174 335 37 434 174 -202 -48 450 411 318 256 139 -72 -218 -141 -152 -107 189 218 -801 -328 -123 -2 -196 -331 -555 -699 227 -208 307 26 -41 403 -578]
[488 -100 -33 -363 121 -294 44 -181 -732 -98 224 124 -236 -447 460 123 77 98 -33 318 -151 587 -214 -23 46 -221 -167 -196 -294 -222 -219 -394 -111 -4 12 78 -339 92 -320 -217 325 -725 5 96 -388 324 -137 -494 -265 508 -62 -484 137 -57 -165 -436 -97 44 530 -750 496 -141 244 356 479 354 70 602 130 -333 430 582 -262 -584 -385 -13 296 -318 -261 292 234 -102 82 -279 -203 827 -160 137 -207 236 -430 321 -161 179 136 327 -645 66 -161 516 177 -787 28 -243 681 -136 260 802 -294 -147 208 594 192 -217 90 68 111 -78 -114 -651 689 1 -114 317 -184 49 -53]
[612 -371 -263 -45 -7 -342 287 -357 131 57 209 345 -51 381 447 -396 23 554 176 -213 300 21 -129 190 187 -568 142 -217 -210 171 538 4 182 87 -424 -301 -424 -42 -657 -493 -475 -522 -219 208 205 20 180 -404 -252 -700 -200 -458 209 32 101 179 -505 -164 303 137 -350 -519 -149 -579 761 583 559 588 69 -469 -1 512 -429 197 532 156 -16 41 -290 -312 -283 293 232 348 355 321 -233 51 -728 173 -138 -115 369 344 50 863 202 243 210 87 390 -448 -21 -215 251 257 128 455 169 -285 -819 159 -541 263 -5 -436 -306 -90 -180 -202 -27 146 -22 -120 -103 332 76]
[-628 -90 7 -363 -139 19 489 54 -119 349 -264 286 185 94 -272 327 -490 -65 -785 98 193 454 -175 444 354 85 -546 70 197 184 -600 227 350 -11 -451 353 237 -479 618 482 -284 -226 618 -86 625 52 493 226 481 2 -248 -99 392 -173 256 -416 -123 -218 -226 153 -150 958 468 422 196 -629 2 531 227 -518 8 -241 -146 -348 342 -305 -430 14 289 473 -180 -89 397 -337 418 338 -77 -238 311 -101 90 252 93 -227 -105 25 111 1 464 675 -100 5 414 100 -412 267 -355 -183 -337 260 143 703 -32 404 -318 204 390 35 76 -272 688 -196 24 -166 43 146 -359]
[-114 683 -30 -31 -112 299 145 -111 735 -78 -192 -70 -46 573 320 -86 28 5 -780 243 -265 96 457 -63 616 609 -566 59 129 -149 287 -204 108 -348 545 -61 -167 257 275 -67 -525 -354 626 357 159 -185 151 282 -425 172 -37 391 -306 247 -444 58 -358 83 -875 53 327 398 271 -137 -6 -231 -45 -98 -152 -750 -158 -819 -604 -570 445 84 -222 264 180 -110 433 -398 -272 -366 -8 -587 -223 -412 -211 -504 154 -39 178 62 344 568 225 -453 21 -567 -319 -251 93 -516 -326 -152 -5 -12 153 328 -717 -100 145 -173 -317 348 -36 -74 163 -121 129 401 361 -160 -309 -76 200]
[-57 -205 34 149 -199 606 258 110 -171 407 174 -112 -44 253 558 -164 -302 -62 43 -559 648 -281 -103 -279 -791 -563 622 39 372 243 -88 -357 475 408 -93 -230 346 -252 -464 -39 132 165 -62 -416 -246 33 469 -674 321 -1251 -136 21 601 -154 40 515 -91 -110 256 292 -1062 -404 102 182 532 -388 292 -189 235 809 -42 770 80 411 264 -94 -326 294 -515 66 66 -404 -135 475 80 -198 -248 382 -365 -195 -186 -421 -2 47 -432 228 -428 220 598 -100 228 -698 -243 2 -108 242 157 135 146 -81 115 343 -593 84 251 -260 -110 -377 612 375 -408 -628 -639 -14 301 -183 -259]
[80 78 -130 106 -16 583 -416 114 193 -79 303 -401 -721 593 546 -255 30 658 388 578 -303 -338 334 -614 105 -196 733 -443 159 -166 -265 -311 -60 -148 321 -749 78 859 293 -102 -173 -30 -553 -93 -21 -84 -350 -811 -497 -212 278 -245 -83 4 -270 41 -19 448 109 -517 779 -806 362 -590 -31 521 460 -157 -137 246 40 -114 -125 30 450 321 -469 72 -167 -459 -326 -350 -625 128 -119 -23 164 -2 -604 -534 -254 473 291 233 -254 608 -195 -556 -378 24 -575 -497 -364 -204 552 122 486 472 -239 514 -427 263 1092 -606 340 40 -359 27 576 -329 -51 193 -19 539 208 581 730]
[-779 771 401 197 -213 64 837 -391 589 79 -443 203 437 617 -216 373 -307 -145 -903 262 108 388 310 -240 48 567 -905 547 -661 -64 -274 452 279 -78 234 612 -172 -51 -49 278 -627 -957 918 131 133 609 334 190 -288 408 -8 732 -705 -158 211 -83 -78 240 -254 373 15 851 477 -340 118 -240 -176 365 -181 -453 -39 -287 -418 -75 -27 -343 -469 223 -30 321 981 194 216 -268 200 -382 -467 -396 357 -270 435 -766 141 305 460 -164 75 474 326 -49 908 236 -74 -20 -561 -145 -284 -413 91 114 -453 711 -700 858 -60 31 -194 -501 -468 -330 91 302 -348 -121 -169 7 -171]
[-71 -238 -229 -238 -189 46 796 332 421 452 -115 495 347 88 -1063 -271 -452 -19 90 -20 447 -38 -199 490 -399 -476 -423 387 257 331 -306 33 -115 118 -307 570 -122 158 -514 -74 -176 -201 383 297 658 269 412 10 44 -390 -82 314 296 289 460 428 -276 -38 275 279 -1408 619 -668 -378 1019 45 -192 859 -250 143 -25 77 41 337 333 -276 216 679 161 179 -582 423 439 67 378 -510 -137 305 -384 371 187 -664 493 223 167 13 289 1403 173 350 772 713 -130 561 448 -430 -627 -614 352 -472 -207 535 -712 813 -112 -568 -144 -161 435 -100 -61 54 -193 -572 -86 -313 -478]
[432 -197 110 187 -226 -154 -205 -194 459 -19 -205 146 497 124 281 17 344 334 -52 -76 361 -123 377 -157 -46 -17 -568 310 -434 277 201 -50 17 285 574 -549 -375 193 -808 294 -44 -1012 319 69 -390 77 -312 79 -511 -229 419 842 -286 33 -117 -4 428 -7 -442 409 -56 -1268 -778 273 196 281 -70 -137 -116 -21 49 -355 -24 -646 -184 115 -52 38 -474 497 672 90 -390 737 171 -259 -263 165 -1 -332 422 -42 318 331 -217 -26 411 -167 424 134 150 161 -230 410 -215 -53 118 -269 195 -677 -1131 -170 -336 712 -475 80 -312 -345 -127 33 -143 205 -183 -264 -216 -99 -231]
[-38 299 52 -295 -627 162 921 230 585 -341 -107 -684 -159 223 130 224 -106 349 -515 798 -400 -291 -69 -184 -83 726 -848 -143 -587 -289 285 104 197 -284 -59 430 -364 78 394 -22 -517 -279 752 101 -382 339 495 -235 10 282 -730 152 -52 -584 216 20 -443 465 -195 570 107 757 105 -591 474 195 286 744 -313 -382 151 453 -710 -55 301 -649 -115 380 200 -375 -124 235 704 -598 2 -249 -452 -293 -466 245 361 213 235 350 183 1361 460 -76 -482 -67 637 -154 74 -554 -168 54 -635 12 139 269 22 232 257 -56 15 -116 -53 -77 -101 -402 547 51 -164 245 -487 -311 -104]
[477 -79 140 245 -158 -7 58 -444 -661 -215 124 -117 -490 149 255 112 -102 62 369 743 -385 -43 262 -359 191 -566 -678 103 -679 -247 216 -191 -195 -185 615 486 -11 399 -340 -616 580 64 -329 -178 -733 779 -606 -367 1 470 42 -82 -96 -375 485 333 -346 -177 503 60 83 351 -413 107 80 609 -760 370 37 -31 348 661 170 -91 -927 -503 898 -297 154 -177 78 243 376 -180 514 175 -360 124 -707 497 232 -154 -200 181 -294 415 -292 -113 -596 507 354 259 -337 78 851 158 -13 543 -223 -190 954 444 457 101 -3 -142 -107 -490 255 -68 -499 47 -618 48 -209 -242 144]
[62 550 -165 -234 82 390 164 312 238 89 104 -115 -228 718 17 -160 -235 -738 -182 -179 -206 -435 221 -294 195 414 540 -122 1082 -572 -426 -754 -311 -302 693 268 256 840 479 738 -19 78 -300 329 455 -730 -24 -294 -362 293 327 -71 23 342 -127 109 391 354 423 -685 285 175 414 492 -313 -378 -99 -502 117 281 -76 -1234 466 -149 116 111 -82 396 -62 -902 -87 -198 -916 12 -825 -612 425 134 -77 -691 -233 3 -295 -326 -683 -413 85 -39 341 -536 -442 -733 -437 -196 -396 -705 -79 -448 -220 700 -368 -396 38 -315 244 307 213 29 466 14 478 58 329 19 80 -745 911]
[28 -79 123 80 167 -426 -164 84 -241 -110 -752 309 -62 -533 -745 -109 -298 -827 -272 -892 -594 657 185 328 600 -604 -342 -204 279 280 -1128 116 -254 244 -282 1112 607 39 703 -196 552 140 -102 245 537 54 -475 225 780 763 -231 -199 196 452 140 -408 360 36 1 13 399 969 353 89 100 -1075 -380 898 23 -888 -526 -728 715 -294 -67 159 161 58 310 350 81 783 -181 -373 -156 -190 576 335 64 306 -125 623 -30 90 -12 -672 535 407 -408 850 -320 325 549 268 24 -101 -43 134 -726 4 466 524 50 -148 21 -308 506 -293 -6 -480 419 -4 600 -337 -378 128 -105]
[15 -98 -129 -551 315 190 -57 635 -338 844 -47 634 -498 -641 -299 -691 356 344 -141 -272 155 611 -635 694 -169 -367 451 40 1344 99 -1082 -89 -111 -88 -45 -323 230 -128 -172 610 141 -212 234 -223 -5 50 -339 259 549 57 954 219 1106 37 -482 -883 -26 284 109 -897 -1180 -324 117 770 -32 -359 8 507 475 788 369 -470 372 -444 564 -280 -313 -451 31 837 -723 -909 -251 -308 452 501 31 692 285 -542 -603 426 350 -364 -82 -1086 -775 490 222 232 -419 135 -84 549 -60 -550 25 -454 -53 -8 -522 89 261 548 -685 2 674 132 522 2 507 -340 431 412 709 -436 -523]
[-418 759 731 -119 -168 -651 169 -409 584 -287 -777 -848 -13 166 -232 644 -172 -137 412 -133 -221 -279 257 -336 -543 1386 400 -37 -691 -572 806 538 -131 106 146 -102 236 345 -3 191 -331 60 -176 -93 330 -362 157 473 -407 195 -125 32 -898 41 -201 -227 286 66 -160 194 760 -497 6 -408 -523 15 499 -219 -481 127 -217 -66 -166 -183 -452 -245 127 105 -470 -662 382 1079 -84 322 -601 -317 61 -296 874 293 149 -269 176 437 -91 203 775 -478 -396 -549 424 -200 -517 89 -223 -101 220 -8 -167 811 118 -419 78 -669 98 -352 -168 239 -566 22 -618 510 -305 522 -282 102 314]
[603 -243 -351 480 203 450 -178 -31 73 852 596 -76 -237 300 334 -918 988 385 -281 -188 93 -510 -390 332 -340 -200 364 -380 715 -302 -718 -261 -388 -446 331 -716 691 352 -51 500 -249 -351 -259 38 65 -411 -718 503 228 -380 307 218 160 318 -664 369 -238 340 -151 -332 -199 -1025 349 -141 -496 324 237 -115 -74 383 142 -710 140 -181 591 365 -88 484 -305 -54 -491 -364 -505 -306 54 -63 55 440 -12 -1307 -225 257 481 511 -172 -372 -276 -73 -153 -470 -332 24 355 301 156 -156 -12 139 -56 380 -872 -217 510 278 -126 224 -747 25 487 -257 -475 -339 474 470 569 18 83]
[-146 -978 -333 825 479 -105 119 139 -4 388 -132 109 -8 337 247 -719 46 -148 -1 570 -6 -435 420 19 771 -700 -250 -154 18 663 -422 -415 519 154 -593 65 418 -167 745 -239 282 547 -303 -81 42 -98 111 -7 352 -718 167 594 243 -362 -61 719 359 -318 -506 412 242 132 17 -339 373 -818 -484 -61 261 29 -710 -954 -144 331 434 697 398 213 85 791 -460 -323 -150 965 525 -28 517 -35 -212 -377 194 473 132 -536 -366 110 455 -627 -11 -32 -512 1487 146 567 82 -30 129 -409 307 -688 -34 93 -4 -269 -466 380 -545 -483 357 -4 944 -443 699 -45 290 416 -433]
[570 191 -151 -772 9 -503 -32 -657 -342 -283 623 1084 323 513 -90 -219 -3 346 357 56 378 466 -687 410 -166 28 -417 104 -409 313 -362 272 -563 -36 104 -178 -892 -193 -904 505 -335 -1118 809 -154 -73 277 -208 -365 -315 180 355 260 132 98 890 48 -486 -149 258 -35 -629 -124 90 722 407 332 258 199 92 -419 454 469 -11 -912 -360 -241 46 -569 -151 -346 943 -219 -191 -41 -21 514 -449 369 -326 -125 -467 20 -208 347 -102 -175 -45 219 916 358 486 -353 -83 120 -27 -411 98 -133 -486 -684 -571 474 -960 1177 -45 162 848 96 -565 -1008 261 454 -441 -192 156 -356 -8]
[462 383 -131 303 -398 -561 220 -848 -311 -326 261 -68 -21 381 1141 -51 40 -166 629 68 55 -60 -290 -239 263 -377 -61 -599 -343 301 72 -202 -329 -428 28 432 80 247 -391 -182 -63 -508 249 -432 -392 761 -538 -834 455 -60 -370 325 212 -211 878 1012 -629 -372 323 196 336 -357 52 331 456 177 -320 262 -166 222 146 1091 370 13 -213 -325 618 -243 -113 -800 427 332 -20 252 -431 -248 -520 -144 -643 46 -242 -50 -4 167 -72 608 90 56 -98 -239 462 -171 46 -360 -204 -36 286 259 -46 -277 -163 292 -590 1261 -134 -785 195 -244 119 -91 -264 337 -135 237 -515 -417 98]
[-547 636 -173 116 75 779 514 132 -213 174 177 186 -1245 4 -55 -208 -242 -536 -348 142 -285 -137 -123 467 -326 -742 381 -47 1020 370 -1576 195 -95 -896 340 466 744 309 591 366 98 1513 403 -165 54 306 -512 -405 1060 -10 -307 440 699 209 177 676 -590 -80 -691 93 -227 569 926 265 403 -893 -279 366 -20 35 -89 587 302 -204 711 -10 455 -7 643 18 -691 -850 -41 -414 443 -718 235 -354 -421 -624 -1066 972 334 -60 -396 205 -414 -458 -505 296 -1248 598 137 -195 -329 84 679 211 280 445 825 876 1167 -365 -112 -60 1063 -251 967 -63 792 -367 327 5 -101 -20 161]
[-299 -10 255 -276 -36 294 -52 -97 -52 136 -165 -170 238 363 -485 13 280 -44 -142 63 -74 184 -81 -477 264 953 -868 657 -442 -89 -446 -82 443 380 -341 -203 -998 97 -24 521 -434 -859 1048 547 170 -565 559 -536 -77 233 54 460 -721 292 48 -273 80 -175 -194 -150 121 329 -131 527 -76 -438 369 380 116 -376 362 -139 -469 -882 13 -52 -457 323 85 363 1241 -52 287 72 -203 418 194 256 -194 65 445 49 337 -24 -441 -397 292 0 560 722 237 359 135 80 -103 -78 65 -520 -529 -593 123 746 -281 -112 -281 250 680 138 -288 -673 616 492 -575 67 14 -694 -250]
[-115 185 -600 382 187 12 520 -3 364 411 388 172 -592 137 -41 371 -260 -846 -83 498 469 -38 -10 -188 195 -819 202 -623 28 -107 -934 -9 -150 -556 816 133 382 536 61 170 -177 -385 -98 -788 -297 491 -939 -4 -57 191 103 465 205 -723 58 -527 257 428 -34 -34 585 -10 840 -513 569 431 -720 -178 109 -401 170 -377 198 -162 357 234 -270 84 537 131 -19 122 -495 -177 219 -83 -727 -718 831 -907 94 394 -95 244 -180 -373 -567 -183 -88 -316 -957 17 -29 -6 -115 -134 390 606 4 117 -384 579 891 918 63 -315 -303 -234 233 505 310 200 171 -148 -120 859 254]
[-1198 260 -419 -404 39 -188 21 460 19 443 -40 -691 143 -490 -432 446 -399 -443 492 -243 578 236 -156 59 252 755 -40 324 824 153 -425 -330 222 366 383 320 -415 762 64 -200 -555 -95 -165 826 1036 -357 94 -250 -478 293 -32 -469 322 394 -459 -574 264 -301 508 -917 796 853 -296 624 223 -213 -167 124 -52 580 627 -872 88 429 554 179 -728 -355 420 99 -613 -332 -73 -326 -791 -301 -164 -599 642 180 -118 -266 44 -158 -255 -425 -778 597 83 111 -794 -465 281 -145 233 -335 356 -50 -305 225 -65 154 93 -84 8 -643 507 500 326 578 308 863 179 -403 -353 -3 320]
[709 575 -13 -480 -114 -922 -419 -345 -116 121 -355 194 -31 28 473 269 193 586 319 -465 -244 -459 203 302 262 502 -102 -491 547 -437 825 162 -148 -442 265 -416 -208 564 -96 733 -529 -291 -430 -483 170 377 -654 642 -29 439 72 -125 -56 169 467 152 -304 -82 189 -675 -53 -954 -369 98 -1219 967 250 123 122 -388 331 593 687 -128 55 -675 512 -417 -262 -1055 -473 428 -59 431 -511 479 218 -141 -540 398 -97 231 7 -168 155 -405 739 51 -221 42 540 -246 -408 177 -952 28 142 55 -419 302 -657 -720 -212 1088 -596 -186 49 357 184 15 -884 711 -198 641 -222 -379 807]
[-12 341 952 796 -377 349 594 310 892 -391 -679 169 -707 179 -54 -44 -984 -135 -19 -38 -779 20 196 103 -339 -1022 1288 850 464 -363 282 396 46 262 699 -86 849 -262 -246 -482 369 1050 -1343 -131 -847 364 -2 -189 308 -386 354 -51 416 -357 155 0 272 420 177 650 -573 -650 142 -651 490 -76 484 -265 134 128 -608 487 13 -57 -365 -428 600 82 139 -186 -569 348 -207 98 1115 -26 99 59 382 -13 49 22 384 209 -312 402 346 -358 -812 -437 83 -262 -955 -567 -197 55 -432 -65 582 1102 664 -108 455 -1000 324 -296 -143 -472 254 722 -157 -950 -148 396 140 -238 277]
[-731 104 67 1156 -91 530 254 -455 776 461 52 -534 -213 366 -154 155 -121 -1453 39 66 -14 156 -139 -223 522 50 515 687 1018 303 -648 -768 196 269 466 353 -12 896 236 -208 -160 275 172 817 282 101 96 -742 674 -390 -750 11 -101 449 -382 436 -98 57 -499 187 838 1660 915 15 -5 -1032 207 -419 -161 83 -69 -875 79 134 -57 137 -252 753 796 -228 241 -189 -439 -902 -695 -534 -208 -142 227 -765 425 -223 142 186 -535 -744 -326 -420 170 -365 -817 -630 194 -709 -159 47 350 244 -51 444 609 446 115 -293 434 -94 -7 -318 732 658 253 90 28 -130 -144 -446 485]
[411 -188 38 400 -125 -340 -341 -93 -568 2 -222 -318 26 -762 -60 -37 686 120 133 -428 -422 -654 250 -209 272 395 -832 715 -327 -8 322 -581 32 451 352 -73 -549 44 -440 260 97 -71 -1062 773 -228 -650 44 388 -366 840 424 346 -413 252 -918 2 446 -472 -62 50 802 -1007 -747 342 -3 -479 -25 -53 -107 -469 -115 -446 48 -602 -288 276 849 51 220 273 224 48 -54 518 -508 458 61 277 559 166 296 151 80 -429 -258 -431 370 -513 -960 -87 119 916 -53 -127 150 -584 -519 -431 -134 -890 184 -1384 244 -687 -581 289 -252 351 -372 578 689 88 751 -37 13 -887 15]
[501 -57 -272 26 27 -349 977 -239 -380 634 -156 27 214 148 682 647 -712 -1162 3 205 546 157 -587 287 106 -732 -184 -124 401 -383 240 -414 65 233 504 176 952 -244 -353 163 10 -490 -945 -285 -65 -464 -466 342 278 -955 26 -655 678 -37 -19 402 505 -789 1036 -150 -198 -630 -370 725 772 375 -326 -779 363 -299 729 162 132 -155 -568 -94 817 646 -730 -159 517 283 -247 351 312 734 -364 -384 510 -526 339 -572 54 398 -620 -113 284 197 287 -17 2 -704 -343 -113 -348 376 -38 523 119 515 143 646 94 473 -51 -320 -356 32 601 437 -484 -498 -716 14 -310 46 -203]
[-505 183 379 -232 -424 -534 319 -265 -415 279 -747 3 -248 -67 -121 237 68 248 -784 -700 -178 24 614 -186 545 944 -334 960 1 -636 798 506 480 -477 -176 372 -421 -230 -95 368 -494 -531 5 259 310 264 802 432 294 974 44 -938 80 -313 37 -939 -763 46 500 -54 256 501 469 359 -842 -352 353 937 482 -538 406 204 -35 -223 592 -1357 -299 -247 440 -862 -643 522 1078 -527 -479 773 -44 -593 19 312 380 -70 -145 -546 -244 420 274 158 -10 455 247 -962 -411 -801 -914 196 -188 97 -481 32 494 -798 -323 -483 -534 -137 594 133 -196 646 78 828 14 -21 -190 -998 913]
[-4 744 1040 557 -118 -667 -117 -544 437 -776 10 -376 134 329 453 -68 717 306 -126 101 -368 921 -28 687 411 705 -277 370 -153 118 -17 360 -261 -364 243 -241 -740 272 309 -545 33 -154 952 878 196 -184 228 -376 325 -25 -668 388 -169 313 478 -131 -1105 -488 -512 -353 751 700 -241 526 99 100 81 1214 12 495 47 318 -248 -177 -369 101 519 -741 587 -166 -215 271 617 -414 145 -38 76 -77 -142 445 -130 433 668 245 149 419 -362 -49 -194 -490 77 265 474 -398 -304 -180 167 -231 575 -264 35 29 -268 300 -490 -287 852 137 -549 -331 354 333 161 112 -841 -583 -457]
[572 181 -210 -186 -371 524 827 581 1197 -123 -174 26 -782 -144 -471 -715 -198 -342 -40 671 -286 -365 718 -1089 139 -648 -190 -133 -393 114 27 -496 -135 -422 507 728 130 351 -425 -229 88 -174 214 -154 -1253 527 -602 -63 -620 651 759 546 -242 -639 -209 -96 187 759 -66 476 16 -564 -374 -1361 360 852 -884 -37 -402 -490 79 -133 -522 -34 631 -193 122 418 50 83 110 -54 -31 316 100 -610 -436 47 15 -367 363 385 -40 315 991 658 251 -588 -676 -627 137 430 -825 129 -64 29 -410 -205 688 -387 -736 -314 957 7 -146 189 -461 -779 622 390 143 323 -28 -647 -355 137 -57]
[-240 256 603 797 112 -730 -137 57 237 -28 254 444 658 -322 191 838 783 956 -680 763 144 475 44 882 -641 663 -264 228 -299 -565 -84 20 -342 -316 403 -247 -607 -478 -277 649 63 -664 334 -311 -509 301 388 658 -180 369 -196 665 -668 29 -730 -538 -3 415 -292 -623 386 -131 540 -220 -475 119 216 46 -185 563 -193 -172 -423 -566 -1294 125 786 14 -95 989 -203 155 127 -70 29 853 -827 136 1202 -203 -202 -555 85 159 868 -1207 -273 371 -56 -415 849 1160 -229 266 275 -1116 -367 -383 219 -17 58 -282 132 536 -256 504 -690 137 -508 -380 305 -501 593 460 216 -189 -476]
[-748 820 20 340 132 145 1135 -857 128 322 61 264 -676 803 -612 -141 -610 -104 -584 -219 70 -83 50 866 -513 -144 173 323 -545 215 -379 942 637 140 -81 52 644 -405 -250 -343 -605 496 -209 84 -158 245 232 601 -400 -55 332 169 168 -890 33 -480 -528 333 -236 651 -516 -59 937 -647 937 143 156 402 -56 -963 -268 -211 -1123 -51 796 -19 -494 -289 194 150 470 -44 67 84 1126 349 -206 -847 736 -29 -486 -133 -462 535 39 515 -404 -399 -65 -411 214 -242 -139 172 -785 -128 134 334 412 377 -338 32 -433 -114 -278 505 -123 -163 -609 13 372 -107 -510 144 338 413 70]
[-409 -232 -49 332 -137 -491 -583 25 265 95 70 1187 350 151 -43 -676 365 321 -293 -1075 428 -76 184 -495 -14 -461 876 -432 -523 501 -401 1101 -696 -555 -130 301 646 -527 15 38 -62 -284 519 -1053 229 272 -709 440 236 44 309 320 -87 -51 558 527 -464 211 -256 1146 -618 -830 470 -417 -411 -347 -457 -289 -448 -287 -566 394 497 363 443 117 -293 -166 -72 -46 268 261 -279 -69 463 -497 -144 200 537 -521 -343 -328 72 80 799 -613 346 95 265 -408 128 636 102 41 191 -17 267 -357 23 -463 -241 252 19 1003 -114 -96 35 341 -501 195 -698 386 739 -998 -83 238 -39]
[142 -679 -504 -560 32 -865 -674 -373 418 -529 115 124 265 -414 -345 52 452 480 222 -89 -151 -28 -737 723 -473 299 294 -24 -643 659 671 991 -73 748 -155 -1016 -380 672 319 -190 -45 622 190 109 186 -75 -885 639 -534 -392 -600 -967 151 262 -534 -156 518 388 -982 670 -31 -436 -897 114 -193 588 1037 -414 -354 -645 356 324 68 558 -147 473 -138 -730 -660 632 78 -115 -63 -113 456 -97 79 134 -313 687 -212 927 -167 795 -148 9 712 -628 479 979 -336 -574 851 555 -270 765 590 259 -30 -639 -649 -179 -115 172 -368 547 221 506 -699 -113 243 410 -534 -61 46 755 223]
[-552 -261 -673 354 -1053 968 385 519 992 202 536 -107 -711 141 -733 -1049 1267 119 -150 425 -430 -547 -291 -298 -713 -272 859 403 -127 -102 -1585 -94 1 -408 256 10 684 309 -146 895 -408 -178 373 -85 -1027 -135 -371 -670 336 237 398 249 -384 -250 -750 358 574 1140 -128 -33 471 -1525 160 -338 -83 327 97 -320 -130 710 452 46 435 -508 731 -103 -256 903 151 395 324 -7 -307 -240 256 -530 42 442 578 -941 60 670 358 533 -72 -267 -260 76 -106 112 -239 627 101 131 290 -433 -228 -902 251 431 -696 56 963 -21 -168 140 -367 -77 689 185 162 -277 -231 154 -34 -786 274]
[-1039 410 115 -251 -698 668 155 420 633 226 -319 -242 -319 217 -83 743 -847 -76 672 132 59 178 900 -981 306 -116 533 208 362 233 24 251 139 -340 59 188 215 550 -495 -726 -405 -635 961 571 -273 433 452 -776 450 242 260 444 -226 -226 545 -326 -207 48 440 -376 164 232 29 -148 307 483 12 791 -462 467 104 603 -11 -50 240 -1114 -427 248 -93 565 -680 237 156 -193 474 79 -622 4 249 424 437 -355 248 627 -50 662 -509 294 -352 14 246 -684 -791 47 830 146 -166 421 -127 1158 415 678 720 -241 -804 -209 444 -169 399 -364 414 93 -556 -55 -594 129 -124]
[-278 539 -562 700 -192 401 46 159 119 61 663 1009 -103 1484 386 233 553 541 10 223 -80 731 559 38 204 -1167 -151 -104 -199 -263 -1042 830 -161 -665 304 -457 470 134 445 -1111 -150 -415 75 -265 140 360 -212 -426 -527 -273 443 848 -91 71 -216 470 -389 236 -125 -77 30 -400 521 -396 1470 390 -83 501 -171 -613 -253 -50 -337 -108 307 290 333 434 212 763 107 161 -434 289 1221 -577 -649 -40 -192 -377 -534 197 238 1121 -67 -28 -110 683 -98 -136 -303 861 43 161 903 -724 127 198 297 -216 -648 1336 280 633 -600 149 -172 -270 347 -970 11 -341 282 121 63 808 70]
[336 -879 -252 -146 731 -217 -319 -284 61 286 645 -226 -1102 305 -456 -864 483 314 418 -507 42 -767 257 -397 -326 597 1226 -503 425 -275 53 96 -788 -997 -189 2 -259 126 -937 73 -709 694 -217 446 87 -832 -160 534 127 43 171 40 -80 0 11 -10 -687 -240 68 357 -506 18 672 -196 -1414 -449 197 -32 -60 -27 97 -271 -168 -116 -58 -100 0 -911 605 -1172 -649 -534 -144 -252 317 -61 170 105 251 -321 -780 -779 454 -298 110 -522 -490 -1225 307 -573 -344 273 -188 -110 813 73 237 35 -662 771 381 -977 562 -704 88 -42 102 231 -564 39 -183 -172 991 -413 942 194 490]
[158 535 -164 -877 201 -321 1246 -761 1078 880 -177 3 -1367 1092 -386 -772 -874 -458 -356 457 67 -738 -142 -310 82 109 193 -803 178 -370 -121 -322 -263 -379 401 528 248 700 -436 867 -1042 -252 111 -301 673 58 -103 -307 -67 -408 -765 -173 -66 -348 -233 534 -944 54 -578 -142 -647 497 526 -939 96 -282 87 637 -484 -480 -274 35 274 -97 1218 -116 347 275 512 -1178 -686 268 -112 -554 162 -494 -499 112 -645 -824 127 10 1086 299 -124 260 -67 -193 174 -679 538 98 -227 144 189 -127 -109 -283 266 175 -734 506 437 1181 -97 -205 -593 -76 472 -35 679 513 -261 -70 -222 45 282]
[44 -432 522 385 -211 53 207 213 -750 -608 -210 -574 469 -564 365 684 71 444 -766 -34 -398 324 489 512 -400 -190 -814 406 -334 254 -147 -78 490 943 556 256 -114 -439 -43 413 856 20 -575 488 -743 14 365 -1232 -258 332 -497 69 933 -816 -367 -697 843 -130 112 592 537 236 -475 971 1004 -882 -828 433 -119 327 -210 -74 -64 -460 -457 -83 -318 -440 561 272 -133 152 69 432 -78 399 -196 -30 -736 7 -36 699 -480 -325 -892 245 0 -161 122 974 -332 63 -68 -191 -725 -300 -51 -340 517 -707 -190 209 -312 -323 310 575 -65 -516 -482 451 1259 -789 -201 -376 -741 -436 -244]
[73 -238 225 699 -300 1101 269 207 -405 230 535 -1084 84 125 668 258 -492 112 115 -188 276 -603 1510 -1061 -324 4 -239 358 -519 -124 -804 -424 529 -68 426 453 -205 -4 -79 -26 751 -153 -446 563 -677 251 291 -600 55 618 396 424 -192 -440 432 -256 142 740 929 -241 695 -472 795 -408 -115 325 434 302 344 857 -530 -62 -233 520 -647 133 -298 -124 -984 -88 -415 -767 37 1318 -969 -58 203 36 168 -25 -67 -21 -924 434 -753 538 -800 -49 -75 483 469 -445 -493 147 117 62 -289 156 -744 -68 341 -515 -43 -762 293 391 -832 -523 -162 -335 574 -430 -242 -494 553 303 523]
[241 -446 318 149 518 -627 109 -925 -199 -231 -158 595 -417 894 543 -504 190 868 370 -260 -327 13 -255 -434 954 -1325 529 -456 -583 -577 6 728 -79 -137 -764 320 204 -172 -236 -761 -428 -416 -393 -413 630 632 -325 -677 -505 88 298 -130 -688 -271 910 419 634 -261 439 180 181 -317 414 -256 -26 85 -309 481 127 -613 -584 -109 -497 15 58 373 74 -736 595 -104 233 1093 208 40 972 441 748 348 -355 143 -88 -64 442 -404 -426 1 552 137 -178 505 161 677 -190 50 806 -222 393 465 -359 140 96 1019 -448 269 513 -504 -155 -409 -956 -632 337 79 727 652 316 436 415]
[-144 581 395 586 203 816 -969 100 -384 -498 741 183 -273 68 -84 -15 -81 26 -755 180 -251 184 245 -502 -451 368 749 -392 -457 -380 -1035 -453 -544 -575 -360 -322 365 77 555 -304 439 -179 351 -511 -53 -454 611 -97 -322 439 241 -70 -260 -149 446 -1031 -1238 1145 -60 57 38 -182 719 98 75 192 -171 -506 -331 672 137 -126 -526 -41 28 341 -1356 15 29 -569 1167 -449 -411 -966 -40 -721 394 -737 -721 -58 -666 -324 -195 -356 809 541 -860 689 129 -202 -174 -1068 443 -552 107 -206 304 349 177 -28 365 54 659 -409 952 -230 344 337 339 -218 -680 -11 160 -32 655 -74 136]
[-778 96 -450 524 -99 647 138 1150 1260 218 532 375 1309 524 -332 502 276 59 -825 816 577 824 -63 686 189 -11 66 312 648 -511 -784 -547 -246 -681 346 -829 -581 251 497 536 -31 -719 886 93 181 302 438 -65 -224 -772 -848 554 287 622 180 157 264 418 -761 -595 284 455 820 -98 477 26 119 -219 307 24 -160 -18 -215 -311 33 131 -342 899 627 120 -238 -294 -344 -410 1 -144 -214 -635 742 -799 408 159 450 152 529 131 -857 511 569 -224 -531 440 558 -636 280 35 -418 -568 -127 607 -537 602 -77 211 51 351 -914 543 668 23 368 -144 -16 -384 -670 399 80]
[-139 -277 335 647 230 -216 -482 -335 269 -97 -738 384 -162 270 -342 -208 -568 321 -78 483 58 489 -618 826 82 -555 573 386 267 -390 78 1010 -661 10 -165 -1452 501 -307 426 597 -243 63 -692 -360 682 -196 -83 805 403 -280 594 -783 40 -43 -292 -932 -9 -224 372 -98 -174 172 -75 -355 -898 9 730 221 118 277 61 -1033 1179 -8 76 -345 -462 217 424 481 -1045 630 238 -957 842 626 392 85 1029 -656 928 -568 1199 -440 -2 -1097 135 275 82 52 -130 -4 -98 -51 -221 511 -639 -230 -34 665 -157 -669 159 581 329 -740 -271 100 -422 531 -911 -308 -47 978 943 828 -13]
[-1305 1193 319 279 -247 -229 -191 -379 472 -419 -222 763 676 653 -527 -12 -350 -941 477 -491 -401 363 158 265 1149 74 -240 837 62 86 -676 13 -184 -137 187 850 722 -27 861 -238 -630 -9 16 -113 510 1113 -289 390 274 467 465 -345 -433 27 959 186 -303 246 -221 386 1399 669 989 3 -921 -189 -459 -1142 445 -260 -338 -1006 189 389 290 262 -438 -583 4 -462 552 656 -514 -339 -570 -699 292 -622 243 -344 -203 718 -1171 254 -27 384 62 -302 158 -345 -569 -430 15 -280 -978 322 287 -206 -674 512 -236 -212 -901 -152 306 -128 669 -449 -121 -266 -422 631 251 -326 -394 314 1180]
[1337 -137 -223 -56 836 209 -769 -375 -402 573 287 657 10 127 399 -1492 709 -174 182 411 83 -332 -269 246 646 8 127 71 215 -184 1242 -425 -123 -667 -369 -714 -7 -316 -835 179 486 113 573 561 -796 34 -527 454 89 81 311 638 -654 420 -58 729 -182 -147 -319 -502 -693 -192 208 -233 -486 698 -87 -85 -30 -57 -120 -234 -265 -14 687 149 517 342 -481 -255 -151 -605 -406 280 354 190 286 342 -646 -551 94 165 125 -310 -265 138 -380 -796 -340 -738 -223 434 -178 278 282 147 159 411 628 67 -84 -360 -278 -374 -156 767 -482 -238 -353 -201 196 163 -33 658 95 -323 -35]
[587 -273 67 -239 558 85 347 -652 -408 517 -434 -314 -342 520 -585 -220 -235 -1086 869 29 90 192 -327 80 104 -147 837 99 230 -851 -322 457 -396 -451 -1184 106 758 -443 19 -316 191 271 -352 552 100 -157 172 325 649 -321 -110 -298 -2 -101 1289 -523 56 -574 678 251 -82 101 982 635 -479 -115 568 -565 319 115 720 -273 -229 -245 -472 -294 -118 -613 -400 -783 354 -198 -273 -26 -10 379 1461 83 217 -84 -504 147 443 -178 -599 -683 207 -663 286 321 -422 -902 -697 -93 -115 598 228 595 -690 863 981 171 -353 -1002 924 -528 180 2 -599 -678 -211 -646 -341 517 818 362 465]
[-631 134 -208 331 388 -42 301 -274 636 493 -277 163 -16 447 -1409 -511 -351 -467 -65 77 349 -490 -229 243 -23 240 -790 -69 -224 681 -957 971 159 319 296 187 -44 921 212 72 -661 -614 825 118 759 -2 -859 192 -321 153 -72 582 -753 229 95 546 -190 -117 -893 -194 760 -42 -477 -706 485 69 -297 140 -437 -886 643 -170 -170 -460 1006 988 -440 276 436 343 384 657 -51 -300 -301 -73 190 -618 -149 -795 -108 716 917 608 590 -290 476 100 -479 218 -649 505 657 350 -222 -415 909 91 -56 -643 -716 1528 492 1007 177 -377 -164 85 -419 -865 60 1484 0 -530 -603 496 -332]
[-122 -206 356 850 109 -374 -532 -54 -943 480 -146 -333 642 -190 129 255 961 157 74 -906 709 -48 -149 330 -715 191 146 -291 464 -616 -727 408 -529 -464 -185 407 294 39 334 307 714 -247 587 138 -143 -344 -96 -72 177 837 -155 416 8 51 -6 -352 -195 102 624 -259 -76 -783 -140 1169 -131 -50 -630 697 -401 1022 530 178 223 -45 -370 -274 51 -258 -175 357 219 272 112 529 -605 126 196 830 492 172 -516 -25 -157 -382 109 -1527 -556 242 -242 -125 160 -35 -523 330 -302 -674 241 -18 -191 -661 531 -432 -257 1090 -497 -117 110 -18 -336 349 -492 -223 -49 -58 -251 -1367 -312]
[156 110 197 418 347 -98 286 -173 502 -71 -67 252 602 -378 -791 -83 -116 -405 -265 -634 638 179 -477 227 -112 -414 2 52 403 396 -669 -140 -5 125 334 357 -388 67 62 226 -92 -20 -131 451 1003 -842 294 109 -449 310 -203 711 -527 781 267 -256 567 -563 -795 -39 931 335 -386 -324 919 -43 -470 335 16 -235 -314 -667 320 -362 1063 936 -287 542 1331 226 -40 559 301 -367 -289 -605 353 123 961 -313 338 370 955 -873 833 -814 -266 415 -633 -694 -919 664 759 -13 -498 -205 -245 -111 589 -321 -849 -611 -398 889 441 -908 -264 74 -247 658 -139 82 755 -908 -257 271 -96]
[534 -617 -322 918 3 316 -52 363 -149 -121 1160 -70 -358 54 572 -335 -468 323 576 102 226 -903 -1060 211 175 -710 -597 23 90 -248 -844 -775 425 512 191 -573 -636 -550 476 -363 -568 436 -39 -534 353 -897 810 -322 454 -591 -350 -66 395 -301 304 835 -353 -733 -122 494 -543 1136 61 -230 921 -318 303 100 261 183 -359 -246 55 213 213 188 -343 385 813 -256 -789 -31 427 -645 354 304 -691 50 75 214 780 829 271 -173 -1201 938 -134 -167 -578 -273 100 90 1306 -512 394 65 -786 379 -593 -21 1132 -207 146 52 436 -692 311 -16 159 354 175 -372 209 -267 661 -123 -751]
[-97 328 48 -298 488 0 271 -336 -85 -566 681 549 -72 616 -373 232 428 -435 726 -212 -631 390 0 -862 345 -52 447 278 -92 104 132 -30 343 -53 -900 1122 290 -1310 -182 -757 -541 593 147 147 -974 198 398 -4 -373 271 544 738 -752 -362 562 298 531 -25 299 484 -373 458 848 -91 -573 -132 -722 -1201 -54 -48 -287 -363 -378 750 -763 197 -62 -467 577 -353 1919 -732 -763 7 502 288 90 257 843 681 52 -783 -1129 -31 544 -1629 -564 -507 346 -1042 1124 434 -704 226 240 -485 -142 -378 527 367 524 -74 -675 -121 266 878 386 268 -663 61 221 -748 197 -177 524 -549 23]
[-806 482 770 108 -117 -175 -825 -431 763 -33 -551 -140 752 -159 -731 481 -1346 348 827 664 66 -509 -428 -389 401 525 109 463 -224 -568 135 -482 -325 279 65 -783 360 568 365 857 -377 283 -593 -270 211 168 -327 86 -1010 1085 708 -151 -729 450 849 -268 289 -172 -380 -438 691 -1610 -853 36 -1064 1286 19 -1514 -287 570 191 -384 349 -316 -359 129 -396 -1045 -342 115 533 293 -514 434 -160 46 314 -781 641 355 199 518 265 -505 552 -308 273 -863 -241 343 -127 66 -387 425 -664 842 100 -695 -332 896 -374 -244 348 835 310 -543 -129 893 48 825 -1265 914 -700 207 153 161 600]
[-204 112 -152 54 30 -63 82 -416 -560 362 349 -747 -233 868 -35 791 109 -693 515 692 -47 -626 -25 -10 19 1207 -243 -648 -78 190 -342 520 375 -783 -1208 61 642 -749 731 210 -485 698 -178 305 -215 -963 687 -50 1149 -367 -370 675 -31 -654 887 -321 -168 -396 424 645 -117 686 539 203 -164 -350 799 28 667 409 58 -347 125 1095 126 -419 -215 -350 50 -483 -66 -95 197 226 444 42 -247 -552 -123 -9 -465 -538 -178 365 -1587 -350 538 221 426 -434 -103 543 245 340 -771 58 -597 -376 462 428 394 100 38 214 78 -109 1049 -69 -629 -653 370 -1164 477 1284 1004 -34 -271]
[83 -1120 -673 9 -315 445 -48 -354 376 324 508 423 493 -544 -319 -639 233 -473 -288 -308 925 -178 -375 165 -376 -316 -698 732 -703 815 -992 361 -774 205 349 -503 31 -121 -1320 -144 -143 -1015 808 989 377 226 -127 313 -18 -667 48 491 -407 213 229 602 261 -483 124 682 -470 444 173 219 281 157 314 -13 -191 -285 290 -572 173 -554 -529 17 -266 178 -280 589 467 -173 -257 -278 382 -505 257 217 448 -372 383 -1116 -302 492 -299 43 -101 203 1303 611 -96 -468 413 -33 484 187 188 479 123 -214 -253 756 -849 -130 665 484 -110 -340 -317 -577 -228 85 -719 -961 -88 593 -432]
[121 393 604 296 -198 -966 965 -944 -633 -133 228 -261 -525 219 267 70 1109 349 44 -493 -509 148 -936 756 -37 -192 845 -185 -122 -1006 499 566 540 -142 -126 468 718 463 607 332 -110 648 -425 -724 1009 203 -228 561 311 740 -92 -1302 -160 -341 -394 504 -410 672 586 -166 246 -522 -35 223 -265 801 -71 404 63 339 122 -178 12 532 -784 242 388 -624 -471 -923 -704 1282 563 -269 -216 -402 279 -350 710 664 -177 525 66 -103 -761 154 -43 -403 -476 -65 292 -686 97 32 -374 -33 368 58 251 785 -115 -650 67 624 148 -508 -714 372 -1153 760 -428 52 448 702 271 -244 589]
[874 -362 -511 -328 -101 115 559 848 -565 95 103 -122 435 -96 74 -529 406 -785 594 -893 858 97 -856 -630 389 -513 -525 -873 78 760 26 -247 -138 202 -561 328 738 -625 153 -181 779 -404 -373 -351 -298 -177 -658 -391 411 -931 -12 263 1018 -288 1232 288 363 -417 869 1511 -694 -1262 -569 610 916 338 -84 -206 508 189 -78 370 804 209 -88 -496 -178 284 -712 -729 267 136 -189 460 -72 124 9 774 520 -344 376 355 -332 225 -494 640 600 -434 340 -488 5 -668 176 -382 425 491 -309 -57 -303 -552 -732 320 -383 -256 382 -240 235 161 32 -73 -554 -378 49 -915 -354 -312 -503]
[-199 -808 -703 366 11 428 602 713 91 244 219 64 109 -774 189 -313 -754 -802 55 659 -453 518 -311 -126 605 -276 103 64 527 14 -15 -529 -22 -122 36 12 168 -35 39 -556 -606 515 22 188 26 -160 458 27 100 406 715 -720 880 -124 -893 62 -69 317 333 339 -418 1406 -184 170 193 -881 -372 -453 34 -157 190 -908 -401 286 53 -341 -403 60 311 -71 -712 -646 373 -527 -378 -195 -605 25 76 -282 267 -528 -509 -681 113 785 -459 421 187 -897 -262 -664 -73 -1023 324 -193 -376 -290 226 162 -525 -753 216 -1263 255 56 -216 -438 209 695 278 -213 965 -695 593 87 -324]
[-475 5 -193 -772 -100 759 51 1137 -554 -527 359 706 826 243 -313 -279 88 479 -126 124 24 377 -697 145 -173 236 229 357 198 241 233 429 -177 -281 -85 231 -416 -146 1028 615 534 190 1223 -581 -108 246 205 -21 42 753 556 -235 437 267 -158 246 -793 715 -12 80 -309 922 -135 573 -688 -754 3 108 -601 126 -24 -166 361 -688 628 -190 -902 1147 169 90 -930 -1119 569 -1538 -454 -323 218 356 -307 -675 235 523 -94 -268 514 -293 -297 284 175 -74 -146 -149 98 -530 364 -490 -449 -636 -406 -207 -258 -162 213 -342 214 493 534 377 -136 -298 783 309 899 247 615 -901 104]
[482 -18 287 349 -378 157 760 63 -103 362 -398 -39 -550 82 -12 264 -254 255 -1082 -565 -236 87 268 -230 -532 -158 149 661 -485 -11 -284 -384 279 761 1283 125 -259 1138 -697 -45 558 -632 -488 96 -1052 -153 -329 -466 -12 -9 196 -49 1126 -145 -609 -987 -134 730 721 136 -859 -793 -149 197 996 -11 548 1165 355 -327 -20 194 288 -901 156 -760 -208 392 -663 114 -377 -140 53 -14 925 393 -989 388 -600 205 374 -322 -158 525 -968 553 326 551 148 660 736 -707 -520 -252 -682 -301 -119 164 402 -149 -453 464 284 -101 -758 -22 412 -228 452 370 613 190 -458 -43 301 -1192 54]
[-252 197 -354 -1452 -267 872 -161 591 640 -46 -58 -88 512 -271 -888 -433 -259 249 193 731 -636 160 -470 242 -120 -93 55 477 529 -75 -719 501 -82 -817 -246 -684 306 -273 851 386 -310 -160 1447 721 313 -636 650 -399 92 618 -570 -80 270 351 435 120 -206 -164 -161 -747 -561 385 517 -308 644 313 106 507 33 -205 35 510 -120 -136 877 -191 -838 504 196 145 89 -1111 24 -569 -330 274 867 -93 -738 -118 6 1052 -25 565 293 315 -125 478 159 344 -890 -685 -195 -606 -249 -269 -128 -114 449 -223 280 672 -153 -500 299 788 757 439 472 -852 494 -147 -574 172 -256 -14 -52]
[-462 -1193 -693 136 -536 699 -433 -177 -122 438 225 -145 -472 480 318 42 220 964 556 510 333 -320 147 -418 355 214 -471 42 -835 55 -212 346 -215 214 -660 -1129 -347 -527 -401 212 -171 -51 -163 -383 -354 -479 331 -240 638 -995 -172 -678 463 -859 137 -7 -209 -124 176 155 -152 450 350 37 -697 -324 667 -501 615 206 252 657 119 419 -98 -577 -378 -131 256 -568 -269 -445 234 78 613 928 114 -103 -226 -469 537 -16 -271 285 -603 222 246 -341 389 528 -318 778 -504 -274 -185 705 -241 -9 -786 127 602 -163 442 -688 425 475 -597 654 -141 184 -298 -323 -713 -34 354 559 -55]
[-692 -219 159 531 -355 -128 98 -873 -353 376 -265 865 -308 143 25 443 -708 116 -473 471 19 1443 883 -187 89 -250 -84 1309 -427 1301 -244 -122 370 431 44 -781 368 -3 -661 -407 -368 -34 390 94 -26 365 539 -254 -200 -412 375 -153 -199 194 -744 125 -442 -291 186 -170 29 -97 108 229 656 -310 569 135 -161 -189 90 159 -185 -516 -1440 -367 466 -209 -676 1126 842 -660 61 716 403 644 -521 -144 85 178 -366 -806 -168 515 85 -130 -69 -382 956 1182 469 -81 -706 123 535 -492 644 172 -74 -414 654 1400 426 -590 -237 1098 89 -71 999 -280 353 286 -831 -882 259 508 -68]
[-843 -641 80 236 117 -528 -477 -635 -413 1474 -178 92 133 -118 -440 -64 287 462 263 761 326 -57 114 831 172 512 526 -244 -102 547 -166 1108 771 217 -280 -510 119 94 -245 821 -33 -435 120 -375 -4 664 -691 796 751 388 117 -57 145 -428 577 -484 -422 531 -202 205 -360 -634 3 315 -1431 697 182 533 9 -386 477 -171 247 -809 -59 -1080 -613 -543 -243 479 -648 -459 -64 -33 850 905 293 -340 1025 247 913 -217 -28 -442 -286 -791 -188 -230 251 460 480 48 -360 882 128 977 518 -43 -345 854 -470 349 648 503 -1100 572 -759 132 -261 353 -948 558 -657 762 461 -97 -43]
[-254 -28 369 -243 -563 1124 -96 -248 -1 380 406 -960 777 729 -824 277 -201 288 -401 635 26 124 434 227 -501 928 308 -130 -511 70 283 280 116 254 -221 -379 408 -510 1047 -84 -519 -662 409 632 1157 -773 963 -96 -521 -338 -391 -593 52 -215 -142 -866 -711 -266 -412 762 184 723 319 -223 12 -15 -463 -90 -1090 486 258 -734 -837 265 355 384 -1903 141 336 -388 -328 -616 173 -668 -496 -36 -124 -55 -312 -434 20 9 -206 164 248 746 -183 169 352 -322 351 -988 159 46 -239 498 -1073 -252 213 153 -500 290 596 -61 697 901 -755 -34 -52 -92 -220 -56 164 -512 574 160 -547]
[-128 -194 742 215 465 527 -823 445 -127 -266 -104 -698 483 -87 -30 -254 549 432 -65 155 -980 -140 1030 -722 561 62 247 620 639 293 350 -343 996 108 134 -517 -236 599 481 -340 453 -16 472 854 -783 366 192 -480 -295 759 432 658 -352 222 -51 125 49 674 -428 -547 484 -1058 -491 187 -680 484 43 435 -269 47 -29 -622 -567 -421 759 428 -334 11 -159 1307 226 -542 -631 152 -311 392 806 507 -455 175 266 190 128 -18 459 -22 -914 -843 -223 34 -523 -808 -314 280 958 -49 458 -68 292 43 -543 -193 548 -1324 -916 1058 -400 -50 9 -474 758 -5 244 782 -419 91 313]
[-383 169 642 -119 19 -931 -282 573 358 -343 -547 -31 -82 -668 -22 897 -366 -39 -762 130 302 82 401 491 347 -948 903 -1332 -527 172 35 -177 -148 -176 -295 781 912 -290 890 254 843 565 -182 -1550 -211 -329 -337 497 -87 -306 -816 -693 48 -402 638 -1095 1005 -561 -292 229 719 -742 -471 67 -458 149 -1088 -163 -185 -294 -279 262 -113 -32 -520 226 -115 -496 -9 824 -505 656 569 -89 643 601 8 -793 802 822 232 933 -306 -808 276 172 657 -400 -6 800 -150 843 123 1082 -336 778 -8 -81 -36 372 613 198 1667 302 -413 419 659 -21 827 701 247 362 37 -231 -608 532 -533]
[629 -135 576 316 -89 -378 2 671 166 -466 230 806 446 -419 701 -165 709 -90 -793 57 -210 894 -652 351 1016 -404 495 -521 225 -192 292 -621 30 -393 246 802 -27 -159 558 548 488 -539 792 -554 -230 -329 190 -177 664 885 -731 -659 -404 -183 -414 495 -110 360 95 -340 454 1545 710 -34 -120 -352 -264 448 -157 -409 -458 -888 261 -727 -380 -51 159 1248 141 -208 -670 811 328 -1521 -449 1 18 -142 164 -494 670 570 -88 -885 -10 140 -224 -57 158 -520 -400 -483 115 -921 -99 -399 202 122 186 1080 -484 -144 173 -71 156 92 -127 -116 -546 100 643 -403 860 325 -664 -564 224]
[-208 -256 168 -8 29 -1039 -508 67 72 217 275 779 456 -124 -216 340 212 652 110 -530 490 323 -780 796 -141 505 142 -143 500 -30 44 176 210 -354 -230 -296 305 -224 126 254 -1367 -898 921 -273 320 -88 -197 516 167 -89 -231 -534 -28 142 -406 -204 -616 81 68 448 -243 -27 331 -143 -423 935 187 442 -80 87 616 625 -599 329 690 163 -692 123 -322 452 -970 574 520 -306 29 559 -1523 -753 512 -296 -591 225 262 1157 256 722 -758 -298 283 -141 -190 -1110 646 42 130 597 638 964 -150 816 -7 919 -264 739 -453 -701 611 -297 -394 -163 -635 30 196 84 27 535 -385]
[-411 82 -409 -202 258 848 916 305 636 -131 734 -1149 -299 57 129 159 152 61 255 -92 -741 -182 -359 -709 -706 602 399 -517 13 193 -235 -272 -194 143 -285 330 183 200 -424 -413 -292 296 -272 368 39 -461 -419 -945 -207 -92 -600 688 -332 323 -264 846 425 722 -181 240 867 252 136 -683 345 456 -26 -764 -599 71 -544 769 -745 -676 -31 600 209 329 565 -684 -228 -816 116 -368 -428 -571 -78 -111 -84 11 -126 -113 -93 592 370 329 10 -523 -654 -483 35 113 487 -342 494 -148 227 379 211 619 128 1126 404 -821 996 149 -389 584 139 -427 112 -201 48 -21 -212 140 518]
[188 754 456 243 -59 -74 -60 -789 -247 84 310 -278 -26 208 863 -59 205 0 -114 868 25 -304 19 273 958 296 -360 371 -508 -109 211 15 -155 -1022 1031 -297 105 1189 -184 -59 -297 402 -356 291 100 253 -1225 897 -147 787 30 93 -670 20 352 -301 -849 -84 297 -441 733 500 -371 125 -836 1203 -101 -38 693 -32 708 -430 90 377 32 153 141 -931 153 -2 -770 -420 543 -207 601 -47 -124 -828 -5 -10 -101 -271 394 -838 -542 -111 -1167 -96 12 -168 -611 265 19 -112 -484 95 593 327 -40 42 -687 -519 12 550 -438 -1331 392 26 -781 779 -523 232 103 290 300 -48 1211]
[360 47 -422 -813 -107 158 91 104 -699 -66 166 708 -768 -333 -841 389 705 141 -408 700 101 320 67 1453 487 -1195 -1198 -447 428 67 -164 -444 588 -258 -460 957 277 -559 -292 403 152 344 -126 -597 -559 1044 -360 434 374 476 -118 -86 0 -159 -435 -284 73 290 -185 -481 -946 250 -209 1 -576 888 -1165 261 43 -680 6 17 -149 -520 -52 475 614 80 773 870 -709 -715 690 114 704 522 289 -332 -204 317 291 419 -369 -735 173 -487 -633 305 -165 1150 -490 1333 -300 856 648 -588 -291 183 211 -456 167 404 859 295 -367 161 -320 -344 411 416 405 -610 -134 333 232 12 -437]
[543 226 246 -381 357 -255 -366 -459 -981 22 -597 -24 -336 -1523 -574 774 609 -1524 289 -208 -300 131 191 -151 403 1 -244 -609 -843 -800 698 81 -77 24 -347 1011 286 -464 -158 -679 808 -50 -546 -721 -341 -151 -166 1326 1192 565 -478 -416 -289 -51 -949 -578 -372 -615 -180 -1010 342 6 284 -144 -593 -73 -493 -346 104 -831 -68 759 270 -235 -32 680 721 314 -16 -286 425 1201 109 -147 -648 539 257 -455 161 625 576 58 -689 -371 31 -134 -35 146 -1182 -295 -92 256 -166 -44 -62 177 467 1181 434 -308 1021 -683 738 -929 -470 -854 -102 637 -246 999 -600 393 -75 311 -653 470 -391]
[768 -1047 -1025 -695 186 -1241 -186 537 437 283 124 1336 318 -538 -426 44 -382 368 128 -523 425 781 -1007 845 -335 -1134 386 690 980 279 -371 -430 -348 358 -147 -1057 -1136 -28 -890 199 -386 -77 -276 -304 613 104 204 76 -685 -821 -446 -829 876 206 -15 -340 415 247 262 247 -280 905 -234 507 193 -192 353 -139 232 -591 515 -390 -413 -406 658 -123 336 186 769 -95 -627 424 564 -342 -574 -81 105 279 -406 176 -319 724 735 431 -5 -466 564 745 760 846 -853 114 748 245 66 -14 131 105 -618 -916 266 -193 -528 -106 786 -202 356 -26 1391 -213 -154 374 -50 -256 -164 376 941]
[-609 255 575 797 103 -357 345 -399 -366 450 -226 -163 373 -347 320 12 -295 449 -206 74 -69 933 -348 481 388 214 206 233 -251 883 -669 -402 266 547 -71 325 -7 -264 -209 -241 344 -770 -1398 841 -128 559 -56 -225 1052 -549 439 357 427 -229 -121 -476 -562 -10 74 232 1140 -171 1340 -269 203 -724 783 -339 46 501 -467 -890 -534 -436 -485 640 65 -691 -1263 7 354 -976 -181 202 -73 456 284 -38 -262 -600 -665 -69 199 461 -125 -192 252 -138 -146 -89 2 640 198 186 -358 463 251 98 -101 -97 -1030 53 -211 -346 246 265 -556 -264 -360 -1009 414 -732 478 432 592 429 -19]
[-346 184 -55 -213 26 -49 206 -748 167 55 32 399 275 422 190 211 -305 680 -175 352 382 -409 -164 -239 371 -309 173 30 -712 -222 1150 -543 -650 -83 367 49 321 919 150 -330 -504 108 -174 -46 1027 302 5 293 -1458 308 272 -1047 -1166 -151 -812 209 85 -441 490 30 378 1454 49 -819 -855 721 -771 -724 -537 -602 -217 -1028 -176 981 -166 32 -215 163 -319 288 -458 248 244 -315 103 -541 -771 -60 -222 71 262 -737 -808 113 526 486 -195 1 294 -413 686 199 -46 118 407 -96 -280 461 -347 944 -47 -154 -275 84 515 227 -381 -552 -177 410 -539 307 36 29 304 739 404]
[296 8 -232 -35 568 -201 180 -677 -130 -214 -478 359 65 -652 705 388 691 -339 -403 -406 985 302 791 -752 432 -923 864 -613 -580 473 547 137 178 -796 -1115 -494 -248 -142 -1024 -1394 898 -344 475 867 -111 363 854 379 -1179 -364 148 31 -575 -23 194 -457 -260 -904 -168 -141 123 -936 -187 1021 264 804 -553 324 -194 -314 -34 -152 -1033 211 96 402 286 -547 -206 907 155 -4 501 720 154 65 904 -589 1128 1014 -677 -463 -300 -548 1328 491 -793 -3 464 -1158 136 -708 -10 -139 425 -289 953 931 1224 -708 -429 -1095 -558 -971 -471 410 -137 -86 -252 271 418 8 334 5 -821 622 -646]
[-7 1208 22 -129 197 -49 -96 -744 -552 -1096 574 -623 137 642 431 779 310 27 -437 331 240 -950 -636 -161 -573 -95 -504 -253 -441 -813 -32 -359 -589 -1066 481 -87 -910 274 -12 1312 -702 -58 325 -234 -519 -176 -407 291 156 461 -369 144 -582 -60 93 835 413 -176 248 -503 252 118 203 215 -181 151 -612 -82 -231 -409 512 327 733 330 216 219 241 131 424 -1101 1197 -172 336 -663 -332 -245 78 -941 88 -598 724 -536 40 -540 -519 161 -555 272 -414 -328 -98 789 82 -514 -1644 556 -383 256 5 -309 852 -1301 73 1295 156 -127 176 300 -686 671 436 -45 -646 790 -210 -117 472]
[-411 168 -39 -41 792 -543 -55 -179 232 -566 121 -342 184 50 -385 -452 47 244 -469 -92 -565 -586 145 -374 -279 497 208 68 -260 -447 157 -123 -182 -681 444 -75 142 -413 -71 512 -396 819 500 -155 -389 -948 -153 342 -1093 844 591 576 -1011 -177 -877 -225 631 -388 -347 -110 234 -550 -100 -263 -858 -90 -1211 -672 557 -36 -552 -781 184 -81 160 645 121 -658 351 909 549 86 79 747 294 -170 -742 222 1215 -193 -40 -510 -479 -162 453 -691 -331 -1081 530 -1292 -352 890 50 767 -276 -401 58 -993 348 -252 -506 -821 -599 -101 -341 852 162 -819 -1175 232 -46 23 489 -641 183 457 -396]
[-5 -630 622 -321 31 674 -1199 -213 -53 -200 -321 23 -481 -278 10 -483 774 267 89 -748 -795 166 -70 -1081 290 -129 772 190 570 19 130 162 7 741 -582 -612 -552 -714 268 -620 562 677 204 -441 -276 336 176 -207 -393 634 647 107 -101 -534 -287 49 698 27 -991 387 -1024 -569 -182 320 -1050 -458 -334 -41 -18 -152 -583 -560 -119 -162 -177 -354 -647 -861 1178 535 739 -49 155 -508 219 -294 858 857 377 564 456 -48 75 -1085 523 -836 -2 -1232 -311 -172 -31 457 291 -64 -215 590 -413 -783 85 -25 625 -848 311 29 366 289 244 250 85 751 -949 -143 365 342 681 -590 -192]
[393 95 -614 -688 197 413 -1271 -275 -269 -206 134 376 -127 401 -531 -132 -100 901 967 228 207 -40 1087 441 -189 -269 -353 -426 -103 648 1105 990 -925 72 -334 -1073 -224 -54 -329 -613 362 550 -639 814 1191 215 203 679 -494 -579 210 606 -433 900 112 476 -9 -957 -513 206 -448 1205 -147 -169 -218 -175 162 5 -1231 -233 -321 -221 421 574 -445 15 700 -82 241 -559 -536 -160 -789 93 -305 -442 1098 708 -604 453 -288 -550 232 229 500 18 212 471 -385 -134 640 842 -559 841 1750 -126 -564 264 -306 -108 317 -907 -85 -881 332 1000 -949 443 -167 -1067 -426 -55 -67 82 -180 1255 9]
[334 7 162 538 -215 -85 948 40 209 1121 -142 -204 -41 -22 30 456 362 90 -311 -61 739 189 -87 219 -282 196 -12 -788 131 -286 -1082 -557 71 -69 445 132 187 1014 459 1367 170 76 1051 -846 -39 -358 228 -297 -101 -82 -519 232 532 37 -203 -317 73 468 -117 14 85 334 109 627 469 -555 -238 317 -193 536 94 -567 -152 -527 -241 -112 -100 737 113 -110 -461 -19 -273 190 -1195 -198 -614 658 1111 -392 144 954 102 -202 -467 -1043 -116 70 143 -381 -70 114 -791 221 -126 -1476 184 -412 -18 66 -193 415 583 790 -22 -15 -507 446 489 619 396 200 235 -235 101 -797 -397]
[821 -286 52 112 169 106 -192 -173 -325 427 -326 -150 -82 -119 -99 -654 -326 -400 792 59 238 -707 -330 -225 357 -629 -734 268 -132 -477 -323 -541 -542 361 467 -79 -441 604 -173 108 431 -243 -56 700 -434 334 -536 -460 -190 26 220 193 228 628 407 924 -137 -493 261 -103 -427 -1092 -546 815 442 -334 525 343 -719 303 3 -340 239 -782 -16 545 354 -196 -218 -44 90 -156 -806 72 -226 314 163 805 -40 -84 287 180 571 62 -918 -95 -664 -774 -456 -32 -211 -615 -977 -227 988 21 227 108 -188 -764 284 36 422 -138 -20 154 -122 164 -22 -47 1047 572 -10 -45 -247 -419 -241]
[-851 -610 -391 -19 245 -450 379 -79 -385 388 611 -786 525 460 -245 -92 664 -827 -430 228 139 89 0 -462 -536 1516 -405 637 -1008 -854 -459 104 -103 -119 159 190 -181 418 293 -254 -373 -724 1162 199 228 -1269 632 631 -46 596 68 -314 -278 -113 -111 -354 194 1078 368 -658 39 283 240 1256 490 105 353 868 248 109 422 -737 -925 -442 -61 258 -71 177 -397 850 1070 -3 163 -454 -275 -346 393 -356 996 113 55 -940 -31 491 -491 317 -1049 637 371 -11 -124 -307 180 -1 668 -395 -31 230 -522 99 635 83 76 -944 -187 396 -132 644 -577 -372 1112 376 226 28 -110 -557 177]
[-122 -223 -282 -45 223 -72 14 28 186 -7 -284 -511 -351 -616 288 222 -138 -219 -34 443 -603 461 3 -149 78 924 -464 -861 -45 186 -79 -819 -22 -61 -125 -730 4 676 762 44 20 55 350 -455 101 -1120 191 21 -208 -417 -74 812 356 -43 83 -29 689 -1003 -1399 -312 594 -320 -326 395 1034 -693 -357 -436 -25 -365 -216 282 171 -918 -473 264 -53 478 193 183 1878 401 -661 -295 198 449 717 -543 -294 -324 -9 429 533 304 288 225 985 -599 -231 246 -491 286 544 -63 580 -328 480 64 -796 567 141 605 -149 -582 55 -44 -157 602 697 -234 393 -74 199 282 -588 756 -835]
[421 258 -530 -987 428 187 152 130 329 1000 338 406 247 -287 -583 -1030 33 -654 254 278 373 -310 -785 872 649 -384 213 -880 107 -538 -119 -512 101 -631 -875 -829 103 -605 -96 -58 -311 -221 625 -549 -12 -28 484 454 333 -428 -380 -304 412 -216 -22 761 -1382 179 -108 -912 -824 -291 -389 -374 101 826 448 -104 -19 105 -230 316 -677 -661 1276 70 169 471 461 -578 -680 303 855 -414 -539 766 482 -165 -385 -216 -55 71 212 -325 607 984 -1434 766 266 -1344 -91 -251 454 -683 492 -308 119 29 755 -722 -253 -313 -294 23 -238 -139 -428 1192 612 179 45 436 50 306 -393 -214 88]
[-632 658 366 52 1030 -546 301 -367 -221 333 -201 -424 -103 -26 134 211 -283 -175 -892 -165 323 649 -937 848 45 158 139 47 763 -377 50 391 592 86 154 -581 337 -141 -104 784 -418 -79 159 130 176 -152 -224 672 731 -45 273 -1 394 590 -286 168 -51 -22 -228 -1051 -524 125 340 670 -313 182 106 304 415 -397 7 315 152 -660 506 43 382 272 34 409 501 -346 -191 -765 566 748 -76 -907 1065 -632 -371 -619 266 222 -97 -274 -1298 572 129 -607 -421 -29 489 -318 -91 -193 859 502 59 1396 294 959 -90 130 -397 55 -113 550 -507 -181 381 -123 -74 1216 29 -4 -1020]
[414 -686 -339 -263 -803 157 113 -79 -264 20 182 1470 348 337 104 216 700 1161 -266 -38 365 -412 135 96 -17 -964 -162 829 -368 403 533 251 81 -365 183 -355 -142 -174 -270 35 461 146 159 -433 732 -383 296 503 -125 -1171 410 -191 318 667 222 573 -44 -1092 -568 792 -1580 -140 -420 799 305 -248 -197 -781 459 1 277 275 484 311 -20 67 638 116 -759 176 -368 -654 62 138 1221 -111 -213 634 -684 315 -647 -555 103 45 -611 142 1358 216 932 807 -274 -200 -922 413 -170 202 365 -216 488 -478 -627 18 99 -401 27 379 860 -144 378 -47 -1140 84 223 -748 533 -604 190]
[109 -684 -61 -42 342 -969 5 -811 -763 699 365 375 894 -244 508 480 -773 733 529 195 1421 -893 -353 714 -222 -682 1019 -37 282 -289 117 -936 -420 -320 -276 -255 77 268 -598 1002 -698 -184 -1058 -416 651 718 222 -318 -509 -305 -174 -1030 438 512 35 420 -563 -194 963 -992 397 -658 379 -481 -468 610 374 -53 -875 831 -556 -110 249 242 504 691 658 336 -213 80 -1398 41 128 -32 -1300 1208 251 254 -19 -389 -288 -47 209 -66 -222 -528 -623 299 198 358 -136 -140 -947 845 947 -324 155 563 -72 131 -41 -1 28 436 518 139 -928 596 356 330 1140 479 370 516 -108 687 768]
[-311 -397 -555 -729 -372 645 -1067 311 -150 -366 -245 162 -359 122 102 -425 68 948 5 766 -195 -474 1295 -905 -445 808 -110 -169 -634 1338 -379 -816 -97 256 -39 -422 -196 494 489 44 620 339 773 -251 -366 -618 200 -384 -726 -180 521 504 -317 -105 -3 831 632 357 -80 -505 336 -71 -105 -25 179 -529 -356 -120 176 135 -33 -45 -448 -264 -636 192 619 160 -49 633 917 -1007 -935 1083 -48 -458 741 58 -313 626 -770 -470 -458 -447 918 520 303 -1064 -161 669 -674 1279 -901 357 173 -306 370 -150 -219 -34 512 388 1046 -754 -153 961 208 819 1006 -580 505 163 2 -355 -272 157 327]
[352 193 240 288 215 -745 -690 -229 -242 184 -244 -227 -298 -340 1053 564 971 -462 -304 -1416 -295 -585 661 -668 503 151 -1586 -304 -64 -1087 -121 -337 860 -51 783 606 208 -185 -538 -63 -800 -36 148 -278 -1011 -181 -563 277 -408 356 -478 94 -739 -400 -699 -394 177 21 -466 501 312 -620 -727 811 -1048 -262 -852 -114 53 -1084 327 -574 -694 -463 27 729 189 -546 377 431 519 544 -152 427 638 -329 -214 32 77 556 329 183 -196 -159 -525 -1076 86 -486 21 244 -441 237 98 -53 13 -292 675 401 48 -385 -779 322 589 116 16 -224 -298 -368 -524 788 -422 207 240 -69 -622 -602 396]
[615 539 182 -705 -450 80 337 581 39 66 -756 -761 -217 -509 247 494 280 -104 -239 -70 -561 -686 -310 -409 163 376 -1291 -64 366 -262 356 -892 501 627 722 798 258 12 -399 426 168 257 -38 -461 -38 288 124 116 -357 394 123 856 147 -22 -488 566 804 178 -297 498 -23 -107 -801 167 33 -472 -975 -979 -433 506 -310 -1570 -31 -687 195 66 305 328 -494 -29 462 292 -578 -104 -972 -1405 -545 229 -515 219 89 744 -32 -390 -409 151 1661 -514 -819 -523 -216 379 -282 299 -195 -1079 -98 -291 854 47 -239 -510 378 -15 276 -320 -110 95 1006 36 -214 93 865 -232 -240 -1054 59]
[101 233 121 -180 -158 534 326 -196 288 764 -674 358 -56 -31 181 -88 -1381 350 -729 -396 37 9 454 349 731 -106 7 544 739 752 1217 -211 162 114 446 -1257 222 159 67 -207 -119 403 362 953 536 -1148 152 332 -936 -497 826 363 383 454 -171 -502 -107 -1346 -517 202 -897 -97 -1125 304 442 -340 -568 189 -28 -538 -260 -27 -202 -350 -121 -326 160 347 -251 1534 -27 -848 314 424 1405 514 -139 347 -37 -57 245 -616 313 -176 624 -46 652 163 199 -135 294 -39 -341 448 -333 144 -790 -316 399 596 -407 215 -299 -52 -1150 765 45 -330 361 677 439 223 347 -740 345 -133 -921]
[-571 158 -172 -1 -407 520 -43 -347 -189 35 622 914 -66 1185 -641 211 -450 97 688 614 530 257 -322 -9 563 -1242 1011 114 -316 518 -381 479 -223 -141 -307 -572 -41 -263 -657 -2 255 -253 -36 -665 138 128 -77 -1529 -425 -233 575 -347 190 -179 708 -431 -103 -377 720 21 221 -737 517 -606 760 792 -681 -252 -5 -648 -372 568 -880 -233 882 215 -824 529 1027 -510 87 613 362 899 212 812 -870 -661 91 -956 170 301 -385 75 -521 -85 639 -41 258 509 -1098 1365 -257 74 -334 8 -53 -283 -49 -1141 730 970 339 722 309 54 305 -83 866 519 -98 734 -650 -226 435 386 155]
[-788 699 513 -236 -371 -267 235 -392 64 501 -86 845 488 166 -210 -256 -1212 -214 61 -898 -172 -359 -614 192 113 -153 851 -183 -166 38 241 40 95 710 -793 153 550 -478 532 347 -708 201 -513 -109 1098 -448 953 -630 774 -1059 169 -949 99 -3 207 325 -199 -1253 -12 -120 -27 159 342 116 105 -710 429 -699 -811 163 -35 423 -107 71 607 702 -184 -40 -138 -343 -458 920 33 -66 40 645 -706 432 79 -281 -524 -89 911 -178 362 -296 1028 -220 -30 -318 505 493 225 125 -895 835 -476 -812 -375 455 -372 -22 -312 855 515 -537 291 512 -133 31 150 118 363 -302 243 273 -239]
[-138 -16 625 749 111 251 -695 -143 -407 -61 -185 -72 -134 -188 -282 -123 -157 260 -282 -504 -301 602 1128 -24 195 544 864 614 85 18 554 2 75 375 -262 123 -281 432 -565 -425 423 4 -39 780 -604 -235 353 -739 55 890 777 17 -49 192 -837 -997 -55 1109 570 -920 -42 167 21 -182 122 -601 500 371 -246 585 -217 -243 121 -314 -610 -581 -157 76 7 58 867 460 -603 217 -388 100 -548 276 -483 -91 14 -1120 93 -48 -65 -119 -483 1041 -479 -45 181 -371 -254 -58 1084 -778 288 138 -247 392 363 -79 -43 -904 -285 -563 236 403 -574 581 -92 744 494 -135 -141 -662 -320]
[-366 -125 -371 360 -51 -38 -175 145 6 -78 29 -428 960 126 283 -352 192 434 -132 85 -222 392 -581 334 -627 806 16 978 236 -167 1401 805 -18 66 -459 -756 -820 -432 -228 -857 134 -80 584 1431 -651 -131 846 -631 305 -891 -63 -14 614 573 331 119 -194 -664 207 166 -697 244 -826 760 849 -383 611 -43 -119 793 681 653 -124 7 -137 -532 85 -132 -384 -30 587 -364 -31 -828 286 219 -342 -108 -697 145 -49 -625 672 638 336 707 177 565 265 -21 -62 -413 298 -602 61 447 105 -329 770 83 168 -255 -1312 -362 -400 339 343 881 -638 -497 224 22 -466 -238 -309 -598 -542]
[-220 -554 -429 -244 425 -338 472 170 56 -21 237 27 -333 -400 -75 -697 243 118 -412 29 -3 619 -236 143 624 -956 255 -680 -343 210 -1334 -213 -139 -655 -904 -228 788 -268 -19 -312 546 -153 162 590 347 38 -412 102 69 -118 -472 -298 285 433 -213 251 327 -296 -196 87 601 -425 -299 25 509 784 9 1551 -375 403 -73 -52 159 -243 727 176 -85 -412 -3 849 -1437 177 724 -97 563 140 200 -44 276 270 -596 1180 753 380 -97 863 -585 -284 344 1021 -186 459 1614 631 768 633 -41 309 -384 157 -712 745 -140 -420 -287 -145 -431 -466 212 -409 927 -51 -240 -10 -245 1253 -363]
[549 -238 -558 776 -401 -393 -360 -117 501 -736 664 -270 257 388 801 -613 752 -260 -368 1262 452 -40 -616 533 23 177 216 -232 -260 -1018 80 -451 -239 -292 228 51 -465 243 -46 564 656 -295 1022 -783 -1265 602 -473 188 -215 249 -32 -169 -193 -692 -705 531 654 586 -253 287 958 -235 -47 1087 -249 70 -122 -975 -4 106 187 -929 -191 -1350 -972 -331 486 459 -470 -57 615 -306 -359 -64 -297 -413 -582 -261 1319 -626 402 194 -602 -392 -532 442 -226 -1180 805 -367 -141 -793 647 -293 190 -743 253 -144 122 127 461 -710 -251 865 -173 936 -297 -428 -79 -297 452 -141 205 -70 314 -1120 -240]
[124 203 -542 -735 -81 239 137 -246 41 -879 261 85 162 -587 -307 -176 568 172 940 1352 -31 16 -537 -169 -798 855 -793 -565 -643 681 690 286 -536 -436 -142 303 -773 572 -266 5 309 -509 756 -152 -42 299 -118 -698 -774 1016 64 372 -796 293 97 62 160 78 -21 -482 664 925 -887 -401 533 698 -303 434 -164 324 456 432 501 -538 -617 -799 86 391 389 -550 658 447 59 -1008 -1128 -653 144 -73 -720 -248 12 -167 -83 -279 1316 517 215 523 -533 -286 -132 -35 -347 -821 534 -781 581 315 554 -200 -646 -90 -429 5 785 -916 180 213 -480 -519 -769 698 -32 299 -689 -152 297]
[-721 138 442 -74 -612 304 249 -909 906 136 380 -498 -650 646 -313 -783 -1032 -819 -887 -239 787 -108 -1003 468 -631 50 779 544 563 362 -308 564 5 200 802 234 748 -320 -1020 234 -305 492 -266 63 1015 -8 -150 275 -38 -107 -638 -418 -244 244 -278 768 -772 -314 -970 -152 -417 316 679 539 -116 -812 653 40 42 -434 219 596 139 -1000 568 289 189 -314 490 -373 313 -374 -348 -148 685 -947 -741 -570 1316 -1096 -167 -206 779 373 453 161 -623 -664 861 -302 -959 -934 1396 -352 278 144 -317 -69 -709 1039 402 533 126 456 349 -407 -560 -667 583 69 -637 33 -100 -254 261 164 -229]
[271 -574 227 1147 233 268 -224 182 130 245 274 662 -274 59 -130 11 551 934 -572 -378 -343 -29 -281 -640 -37 -651 235 550 39 -329 -314 202 1244 616 606 -88 -1238 474 -568 -229 -1538 -240 -1362 -3 -328 365 130 -406 -524 312 101 368 -610 16 -595 -76 161 366 -74 -519 463 168 727 -1134 -471 -74 841 -203 152 -299 216 -158 84 -185 310 631 -841 -731 446 296 262 -292 115 -450 60 523 -635 424 -139 -190 378 142 640 -422 320 -1127 -815 88 -413 -535 374 -243 458 -496 156 -202 671 275 13 313 -595 142 61 221 467 -28 -260 -221 -229 310 -918 102 573 196 661 46 454]
[1056 280 441 -1232 -55 141 136 -271 72 -700 -510 -335 -1304 -226 595 -422 -176 -949 189 569 -1086 360 -377 -1213 1054 -430 779 -734 -278 -808 415 -124 -167 -399 39 453 -269 -40 -883 -252 163 -994 63 -483 -523 163 -945 -182 858 329 843 -377 27 -463 168 -1226 -208 1640 923 -170 -278 262 -62 -277 -261 438 24 -99 287 207 177 68 -295 -501 -243 139 -431 -215 -455 -1012 1185 -349 -23 -770 11 -330 110 -103 -782 -347 497 39 235 -61 -950 791 72 329 90 58 -232 -1060 -410 -375 117 467 468 603 -101 72 101 -57 696 -217 -100 -557 597 -299 -89 384 572 230 -122 305 387 -240 385]
[37 296 303 1271 -240 302 -185 -846 77 552 -221 -815 -1 -632 970 -418 1012 -66 -596 427 -433 -820 468 385 293 250 -148 111 -145 -250 -353 -734 676 -195 -286 -44 449 -1060 -184 160 384 -23 720 412 -771 315 1101 17 1103 -228 -1122 643 -510 -837 134 -294 -6 108 -833 -56 430 22 720 -256 280 -673 145 530 981 838 -732 135 -109 634 255 -472 -168 210 304 812 399 454 418 -409 -138 741 499 468 -467 -256 480 -166 40 -1058 -593 -3 112 421 -512 -137 169 65 409 -585 -795 -403 -238 304 1001 -529 444 -1112 -748 123 -178 50 -296 -535 -407 -82 693 -858 54 454 -394 -613 -298]
[332 228 -774 454 334 604 -265 730 648 557 493 -9 104 -341 310 -515 804 104 -338 -838 554 90 -436 749 153 53 -750 323 1178 -201 101 393 636 -328 418 -853 -654 -900 -69 -404 -583 85 582 611 -645 -1140 -212 780 -33 -488 -182 -32 549 604 -1077 338 590 446 56 -24 -821 -216 -385 -146 167 1000 872 -546 400 -315 967 -245 -1332 62 963 185 -472 521 5 168 91 -858 432 54 -567 -63 131 -799 121 -785 165 -404 60 99 547 249 582 508 -2 -251 -768 -163 616 -1189 -1213 -370 167 456 129 -67 157 -377 -208 -311 494 -269 61 76 806 935 -784 203 243 -324 11 -564 89]
[-185 -52 -278 314 321 -420 -436 -457 863 -258 169 25 -43 437 -479 -91 886 644 -992 -226 -135 21 283 586 -225 -243 -526 140 149 928 -702 890 312 268 -603 81 108 67 841 -58 -1638 -62 716 668 541 -541 124 471 368 -371 -582 -6 -408 632 -188 -176 -151 -449 -785 -85 525 -420 877 -792 -434 -37 363 -62 28 -1157 -130 -47 -274 414 462 888 -259 -255 -488 1152 1193 -68 -411 507 888 506 207 398 -228 59 98 693 50 561 987 -560 826 119 108 850 218 656 293 462 -536 285 -117 -318 -37 -185 -419 421 501 -177 -969 654 172 -92 106 -1276 280 -77 90 -268 107 1147 -549]
[-374 442 385 176 -198 60 652 54 232 667 -417 -557 -314 -363 -265 131 -85 -761 5 -1194 238 5 -105 160 -62 220 669 -42 278 -635 -63 614 503 125 1078 -378 -438 236 792 -73 50 834 140 -682 594 -386 -4 -1039 899 -188 -827 -237 608 -323 327 -120 -688 -1024 -543 644 -1602 1078 198 298 685 -429 289 478 113 -72 -402 732 818 174 -376 -543 132 -138 508 -468 -311 -10 642 -824 -5 -279 56 45 -306 519 78 544 418 489 -1177 -1054 536 188 743 511 -530 -453 290 -285 -630 735 341 -157 171 -129 843 1038 -278 475 -44 -528 1172 247 230 864 -537 312 -711 -126 -379 -100 286]
[131 -461 -663 -162 551 -631 155 213 -258 1039 -6 -1 1010 -376 149 -28 290 544 -356 -158 512 -387 -258 426 -1605 1136 21 -156 605 -110 138 -285 -170 385 -6 132 -37 288 -2 59 287 571 231 55 674 -386 84 949 -792 -803 358 -320 735 1069 -241 562 668 -146 109 756 -1360 378 -622 692 136 -306 65 -414 -257 -139 371 -1160 -1144 607 157 -284 500 484 -483 442 -104 -376 -342 203 -685 -1009 -171 684 179 40 -900 -894 -554 457 -86 -217 1366 537 253 -440 36 191 170 764 232 -223 -60 120 272 -1 276 108 -854 -916 263 556 213 52 514 -332 -635 -224 187 -96 202 238 -505]
[885 679 -273 -692 357 -804 -560 260 460 -170 -325 51 279 -344 454 -56 -616 614 238 622 -113 133 -152 603 -232 926 -313 -468 -119 -245 1100 -100 -500 -1 976 -552 -408 561 -537 54 -115 342 615 -309 -567 178 -1108 357 -835 486 -130 282 325 -74 360 -255 167 -223 -765 -363 -621 -923 -1262 1059 -466 402 115 91 -828 725 -209 -792 288 -866 115 -53 673 -442 252 491 -1291 -446 -398 -299 -108 -519 -272 -303 341 331 25 492 560 -187 130 431 -219 453 -377 -738 -88 1017 404 124 669 -921 -134 -509 170 234 -736 -639 -120 262 -852 -715 213 1242 88 -35 836 470 520 -23 -417 -288 -66]
[-324 -652 -348 -114 94 -209 51 280 180 83 337 189 718 -98 -425 -706 118 -1023 -512 17 592 -113 381 742 284 148 645 -755 -1006 377 -515 1299 -53 -578 -505 1152 366 -2209 320 228 356 95 638 -120 -490 -237 200 773 1186 298 109 350 -453 -552 762 -447 261 134 380 8 -413 862 946 -354 -739 21 91 104 296 170 -449 -358 609 283 184 226 -907 -444 379 160 -685 -188 277 -228 40 275 -117 -607 1294 274 141 -544 -692 -275 -160 -628 -794 443 1149 -550 407 515 946 316 -121 101 -95 -602 246 339 -197 -594 -549 512 -69 433 614 223 -1137 -118 26 200 373 -723 216 -59 -856]
[-300 -528 348 495 -479 -216 245 -241 167 -430 314 -608 346 353 -417 -526 403 217 532 -768 -357 -615 161 -472 -1034 323 194 -93 -1130 280 16 248 186 343 -562 -226 249 -158 85 -275 68 661 412 -295 -370 123 56 -724 308 -328 77 193 -243 -537 1039 672 241 -243 -450 1601 23 231 -16 -245 -691 -93 -533 0 -452 625 -588 368 331 383 -82 -156 -504 -358 310 35 850 861 406 -215 743 -181 818 1092 54 472 443 272 -20 581 -490 -321 138 -1324 165 173 897 -26 39 525 211 1003 -25 -230 -511 -261 492 146 -861 -383 408 177 297 -195 -847 -44 -922 -519 -1002 -49 -311 -90 -86]
[50 -126 460 -569 -540 24 -79 568 1217 -136 -714 -478 274 272 -1165 -538 -265 343 150 -288 -412 860 693 -62 39 -132 -525 1096 -223 171 370 615 54 149 60 460 700 -351 -234 -1024 -785 -719 -34 395 -108 601 173 9 -448 485 -333 140 -27 -392 318 -669 173 -216 24 148 -171 551 -217 -1293 212 310 -501 554 82 -312 -67 -990 118 17 788 -165 -1005 -490 588 398 -1021 733 193 -831 534 -493 -560 30 247 -63 869 426 492 788 236 655 573 699 -229 345 40 -485 -55 179 620 -297 -1132 -414 -9 351 -186 792 -77 -345 685 -767 -89 -676 378 -110 -933 474 275 254 -352 741 41]
[296 -482 -160 1008 -672 490 -85 561 -550 -291 244 -652 97 -98 472 120 412 -276 -176 -467 -353 159 -131 -314 -1069 -122 577 -184 488 46 343 394 359 166 19 606 1077 -257 181 -710 724 1444 -932 -353 -1193 105 -493 344 713 -558 -735 -278 671 2 -621 881 -12 45 679 859 185 124 -499 535 163 -307 125 -382 205 147 701 1032 377 1100 -296 -50 144 305 -396 -378 -830 187 142 70 67 -394 -822 69 -32 268 -511 -283 141 518 27 -101 11 -202 -597 -260 -83 -250 651 -474 138 -62 -243 34 170 478 544 -215 681 -626 762 -564 -791 -250 619 155 -1036 -1295 518 -76 77 207 -114]
[-155 481 -849 -423 -103 991 -781 -518 538 479 575 215 252 55 -733 69 313 -995 -519 -207 680 -423 -98 12 421 338 229 137 177 -419 304 553 -145 -715 136 -329 -286 -327 -564 868 35 470 309 710 -245 -669 67 369 637 665 -644 -141 -1230 650 -557 -470 -199 188 -574 -889 -128 -183 751 -4 -1191 978 480 -1025 450 -974 156 151 464 -509 169 330 80 494 -5 -73 413 -446 -141 130 -400 -47 -162 -83 769 -402 112 -461 -194 -172 -124 -1173 -334 -455 486 -616 -851 42 -158 -659 -340 483 576 342 285 222 94 -924 628 -598 303 555 -95 1152 -661 445 -758 366 -923 -720 -57 87 613]
[991 -171 139 -1030 -256 234 -452 -786 -335 -12 509 -182 458 -25 839 -26 -34 -441 906 -365 382 888 -645 -331 454 105 -899 -272 -422 -624 675 117 -669 360 478 -845 -233 -265 -881 -344 496 -964 468 -698 -140 128 -448 -185 -582 7 210 -352 312 -88 -118 -125 -499 -267 -190 -301 304 -404 -187 1078 -167 301 -207 -842 489 -196 819 749 -846 -1170 -455 -44 146 -432 45 -1059 1086 401 42 201 -943 55 -296 328 -512 -501 160 240 -607 152 -68 1045 -160 -599 740 -346 -763 -899 -297 -668 -434 525 628 176 -309 -554 -593 -149 -549 316 470 444 -325 279 -89 -285 -927 760 -386 -196 68 -329 -308]
[-216 -292 -18 -893 317 318 -346 449 59 -263 -210 530 -332 530 -961 -177 612 589 -193 479 343 208 192 -154 337 423 -463 85 -153 -743 -645 -3 -340 -186 -38 -125 140 -445 720 -67 208 -645 136 -268 214 -1514 708 -561 -771 6 739 -565 -359 -108 -323 -803 706 -419 -524 -1048 620 -275 82 827 124 -110 -248 -719 787 854 127 -811 -38 -645 -28 68 -625 -124 511 -540 584 -500 253 -146 165 394 619 508 -589 -804 117 1269 -164 -431 -692 200 102 -4 477 365 -1449 26 -588 45 50 -484 434 -311 -16 -65 -8 660 886 -762 487 868 1279 120 572 -564 -27 170 -104 -551 -64 -356 105]
[-262 -148 184 -78 13 -128 441 11 453 49 -336 -115 -242 -432 142 -171 -360 -74 -278 647 -434 -417 695 -83 -404 136 87 461 530 334 -835 -267 130 414 1070 1166 -545 482 -407 -272 -459 -257 -760 126 -869 1032 -63 225 -115 -38 148 180 195 -565 423 384 266 826 442 -252 -421 80 209 -277 -279 -234 -349 -494 32 254 445 74 -282 271 -566 201 568 -12 -181 70 616 -781 -322 259 -549 -915 805 -123 -80 -556 -227 -814 -4 -100 465 -551 245 1072 -482 -81 608 181 -815 80 -124 -898 301 -130 -58 4 638 292 -229 -144 410 -427 -434 -976 500 -76 12 -26 93 -212 -137 -394 276]
[415 -869 -748 -427 -154 447 -1317 123 207 381 411 87 -364 -283 -61 -31 401 740 -234 184 -743 338 1356 -845 796 465 383 208 354 229 135 -385 -429 -253 26 -366 147 233 268 -892 212 -404 28 381 71 252 70 278 -486 859 265 718 -413 50 -576 21 -209 580 -383 -821 -100 32 320 -748 -382 989 -162 -374 -179 89 -495 34 295 -519 -490 294 349 278 453 436 -509 -871 -763 -323 -309 -378 455 -264 -183 -113 -309 -234 -492 446 657 -176 -559 325 131 120 -836 -90 196 240 1887 -1031 221 241 -105 313 488 691 250 -450 -213 987 -928 751 165 -406 168 -9 933 -422 242 433 -65]
[576 453 73 87 -358 1135 -171 392 -400 -984 261 1141 -794 744 28 325 49 -645 -210 489 -881 -468 592 -746 -868 -952 209 1157 -226 -388 -334 468 2 -283 236 -546 -260 -786 120 367 905 555 -947 -2 -450 -492 672 -1124 -397 -32 20 -285 -396 -309 -27 163 133 22 807 204 150 -779 -640 -82 168 -6 459 -679 394 761 -157 354 1353 171 -233 312 433 753 323 -76 -577 44 -209 -211 32 -348 295 -60 -426 -234 -310 1039 280 49 -705 -166 63 591 -284 240 356 -262 -187 -555 114 -230 -718 -420 631 -517 1145 -260 510 -728 783 -119 361 -462 275 151 559 -1093 -12 296 487 -531 754]
[704 330 375 85 -50 -150 232 195 549 -819 169 -152 359 -1001 815 113 -123 4 387 -67 -866 337 -592 -62 -111 -299 1031 -635 -608 62 364 152 195 603 -237 -442 -492 -51 313 -837 250 -708 811 -84 -453 -795 322 -696 768 -163 -161 -135 433 282 220 -79 663 753 82 121 -1053 810 -126 -278 639 347 881 2 -323 442 -112 1252 -664 491 -552 -427 -135 796 -706 64 689 -445 207 -314 -501 751 71 717 -452 666 276 -384 -576 94 456 296 301 1484 139 -473 1023 -1109 -128 -821 -522 -80 412 710 414 -281 -102 -427 -1355 -574 -602 18 477 78 -575 165 169 -504 -1050 83 264 -431 -370]
[879 263 -531 528 184 1114 -369 398 286 66 870 -63 -78 1043 -832 -144 -533 -897 707 -359 527 -254 -224 15 -116 -613 606 -42 983 455 -414 23 -332 634 669 -858 -699 624 -195 509 -317 443 -809 10 95 -605 -989 -291 798 -1303 -860 -7 -3 695 489 1157 -383 33 609 -145 -408 -740 -61 -340 -215 460 990 -645 -128 -35 129 276 950 47 -171 840 449 1084 -151 -708 -108 185 -236 -274 -739 -123 358 540 -312 -729 186 -258 1028 576 -602 -856 292 523 495 -572 -297 153 356 -430 6 590 163 -660 181 -471 51 211 584 427 747 -377 145 632 384 -867 -781 140 -105 -551 292 272 679]
[463 462 451 43 128 156 449 233 1462 -211 363 -1185 -596 917 603 -87 -333 316 314 -220 398 -1139 293 228 -17 74 -36 -317 134 -1170 -101 33 46 256 732 -713 -316 576 -435 199 -1096 91 -117 233 79 -1163 -127 -317 92 -548 495 431 -185 -303 -200 108 120 202 268 -230 -185 -659 -642 -642 322 1167 689 -348 -287 -151 378 -624 -762 130 388 280 -40 94 -307 -1154 -405 225 -254 636 -141 -316 148 -186 40 -625 206 395 1209 879 -947 779 490 -625 -39 -169 -224 49 -626 -76 -470 437 -31 -68 325 685 -296 -73 889 513 96 -495 133 144 -437 -74 147 327 -642 399 -272 814 -459]
[-404 57 185 -486 -69 -738 -645 -980 -906 443 80 485 -185 -417 496 44 520 427 514 211 106 501 -795 -132 716 684 817 -238 -775 225 -86 739 351 629 -18 -534 38 -46 -959 587 -285 -1281 114 -74 784 226 -601 -647 210 -125 324 -1030 -284 12 -508 -504 -126 486 485 -146 611 -1395 466 459 369 438 528 -601 -277 510 612 -615 -436 119 419 472 -1409 394 -273 -878 441 987 -447 302 -126 1477 -275 -179 250 -820 -361 -320 317 68 -416 -84 429 390 577 861 -328 -182 -383 -79 303 -343 1847 258 87 297 -1376 653 663 497 -318 -504 -287 714 -768 -294 76 1216 61 -210 -427 552 584]
[620 -97 691 -163 -217 178 204 -14 -225 124 -266 -124 -282 5 1302 56 98 -351 65 -725 67 424 459 -1368 1076 303 -95 -330 -145 -345 755 -145 185 -327 68 195 614 13 -4 -860 109 -1405 180 195 749 -320 -181 201 -258 305 -39 -114 -139 -320 -523 -235 -1125 -187 295 104 24 469 110 93 71 239 -244 689 -363 28 -182 910 -681 784 -151 -331 48 -165 -474 -468 -37 253 297 447 -66 -641 -620 7 -408 -49 -89 186 -105 119 234 1295 -902 -350 145 -632 487 -1662 592 -834 126 205 299 610 -45 -102 -147 247 -362 136 -628 -560 -188 -456 -727 295 468 161 -149 -335 -518 505 -734]
]