[[-289 135 85 54 253 -201 -862 237 -457 498 699 243 -200 -162 67 191 -49 141 -282 76 125 298 433 52 244 237 -227 147 -389 -255 -204 -347 214 -375 -144 -18 480 -282 -349 110 -68 -25 398 56 506 43 7 -479 29 -725 344 144 -58 169 52 -277 -75 -634 -279 61 -152 520 -89 282 -356 -652 -85 468 -240 238 76 -215 -156 510 -356 -198 177 59 244 294 -398 -76 -430 -680 41 272 -17 -260 -846 -188 2 22 -385 684 -110 855 -445 99 -58 -44 -668 76 -522 77 -57 132 -409 -108 -10 136 -79 -88 -515 172 684 483 91 -165 136 -76 650 -206 192 477 227 -220 -289]
[225 362 848 384 501 -213 -119 -51 -202 119 -380 -278 -978 -259 142 350 -116 -325 62 30 -85 -92 -376 285 -179 -99 -242 27 130 -88 -384 -128 -97 98 -237 -83 166 -172 -77 69 263 82 24 -59 191 -612 -71 206 -212 -442 401 -209 193 247 372 -63 294 240 263 -66 253 671 440 145 112 611 321 -215 -41 481 382 230 -75 96 823 51 510 364 103 -116 276 52 323 458 234 -563 -145 341 483 810 242 74 -312 -344 -917 -356 -302 86 138 125 -558 -66 -624 351 612 -321 445 -523 156 -195 127 36 -324 -292 174 474 -171 -63 238 -276 -478 69 -57 196 -143 -319 545]
[-99 243 -690 -287 71 -77 834 82 -484 -118 456 769 -14 359 -16 -217 132 230 89 -47 -201 324 -171 -619 269 786 39 44 -616 203 212 -569 -8 323 230 -489 -126 -401 -56 -203 -417 367 -252 284 -34 557 521 135 402 18 -180 769 29 -32 231 665 264 -294 401 -593 74 -262 186 -236 -551 -236 -103 346 -147 -514 56 96 102 112 -101 -608 325 -431 -93 115 -122 -97 -76 240 -409 493 581 -404 640 231 -148 197 331 229 714 -383 59 -167 -168 -179 -272 374 85 246 44 -19 -179 452 -32 -286 -82 -407 472 -64 -14 -410 664 233 67 -68 515 768 136 175 -418 32 -211]
[-370 315 -474 -464 -19 -290 547 297 -859 513 -25 -300 -1 -101 -287 -344 -67 -139 161 219 -29 56 148 -295 -317 410 245 -226 -264 133 163 -624 -423 91 53 81 54 -212 -137 19 238 -295 -331 -453 362 21 -128 253 367 56 -734 346 -224 213 -612 509 371 210 -225 -971 32 -849 127 -205 196 -176 -262 357 -583 -501 -162 -615 -352 -24 20 6 732 -287 -109 225 -31 -324 -86 -445 -24 240 290 -130 -182 -496 -949 -321 6 303 -147 -84 332 -242 -419 168 -531 -225 323 -502 173 -14 -479 72 -277 -120 309 -130 140 -248 -239 -794 79 261 69 -372 -147 300 -288 485 334 445 -190]
[-140 620 -190 68 69 17 -14 144 -703 205 519 -33 -431 -21 -473 465 380 -255 -684 -405 129 -528 -179 -33 -222 -144 -78 147 -248 422 176 -450 574 -326 172 390 300 12 -201 211 -176 -646 397 -109 44 205 273 798 435 307 -3 157 -245 -616 -347 480 222 261 239 250 611 253 -172 -157 -413 -515 -276 -107 186 -262 545 -394 431 372 94 -123 6 -401 27 -416 535 -159 150 -240 178 546 336 -332 -143 -243 -9 140 299 -92 -31 399 5 -185 -20 43 -380 588 471 -297 -514 337 -173 264 20 83 538 25 373 -296 -824 -347 -344 5 -450 32 59 192 28 451 -336 427 -214]
[-321 -390 -425 248 355 360 95 -179 -880 -401 923 964 -441 -122 10 -691 226 -42 -705 0 336 620 -184 -449 400 845 189 -87 323 152 369 199 455 -435 -203 -126 187 46 -507 128 -545 -255 -25 462 525 412 209 140 646 76 -594 500 -743 -645 -295 599 285 -127 -150 268 123 407 205 -338 -901 -64 -180 373 59 -264 574 -194 455 274 11 -89 -552 -345 69 288 182 311 123 -367 -667 260 226 -316 160 -424 -263 -373 591 -265 522 -427 317 67 -53 -333 -733 107 325 -265 -403 387 -332 206 -245 624 -166 -197 304 122 76 -446 -50 414 -185 278 650 151 656 55 -218 187 -424]
[-133 446 -53 -130 -160 319 -194 -11 345 160 -373 -109 550 -28 591 977 81 373 408 166 63 -234 748 132 392 11 -369 6 -573 -39 49 -298 -120 -22 -225 -210 -196 -526 8 198 366 554 -70 156 29 515 -29 -461 221 -315 1083 339 168 -270 -57 43 -137 -648 -577 -662 -461 -196 -301 443 397 -557 -8 151 19 196 122 402 273 377 -231 -278 223 115 211 -237 -1389 220 -815 -689 396 320 -155 -660 -715 -3 715 129 -754 549 541 401 -629 -174 -137 40 -86 378 -216 -472 106 197 24 242 269 198 133 -145 -21 322 558 -276 -342 6 63 -98 115 304 -258 -54 -36 231 176]
[-492 125 479 323 800 336 61 -634 -546 -276 58 -552 146 -140 416 -448 23 -111 -397 -129 -431 -276 -581 90 556 303 -540 63 49 -286 708 386 70 -117 -356 182 257 250 -584 -236 -271 -67 -260 391 195 -209 329 15 120 -107 -69 -154 -546 -920 1 251 69 12 314 544 154 209 197 -237 176 351 330 28 150 59 388 -345 650 182 111 -19 -422 -278 88 416 -24 242 719 -138 -359 -414 142 122 89 755 158 110 -54 -318 34 -844 518 597 710 -311 -371 256 446 165 -104 -250 681 107 -904 -180 205 -255 68 -145 -466 1 287 -213 -435 575 648 -65 100 -15 -305 621 364]
[-134 -132 215 -801 -242 -43 -704 -299 -824 600 -448 -641 201 93 -216 26 205 117 -111 -679 -459 -341 138 -541 676 -278 -400 -262 -198 300 587 65 -574 -35 212 123 18 -374 426 346 60 -458 -9 -183 527 -197 -254 130 -296 -70 -143 -470 -77 103 -461 -193 -227 -857 -346 147 427 -655 -222 478 618 -761 244 -4 -272 -417 -633 -321 -2 -283 -727 -511 829 -552 -10 443 -227 -954 123 -645 -80 97 202 -8 -454 14 -60 -231 -861 496 -220 402 254 277 140 350 -93 506 267 -18 -464 -292 -324 269 -221 -275 320 0 427 342 -373 -399 125 71 -85 -15 -400 -72 -289 -154 174 569 283]
[362 638 364 1000 313 -130 -513 -520 -607 252 559 522 -898 222 -107 559 492 -61 -524 -832 -133 -122 -48 -142 544 993 -323 176 221 -201 -245 -550 -230 -468 -66 -159 503 -249 -41 486 603 31 -340 193 475 150 -109 413 582 -480 794 715 -266 -90 -324 109 369 -194 -86 -221 798 874 338 -160 -758 -68 277 -16 -285 309 171 207 -493 435 255 -168 -167 -224 -60 13 107 691 407 -411 -379 -690 -99 84 -139 -141 316 -18 -445 -348 -543 26 8 -120 98 492 -1557 615 -735 -99 74 218 -790 -399 337 23 206 -191 -77 -157 378 -242 -199 473 245 -500 -77 537 595 354 162 -860 266]
[-592 -330 -321 57 -392 135 -722 87 308 195 -175 -81 182 216 -401 -118 130 -57 -11 -669 -326 -288 254 -528 -427 90 -35 -242 -228 68 81 14 -63 -546 -133 -402 -46 -26 32 34 764 284 -501 212 -420 668 107 -198 371 360 -192 344 142 -103 -593 -527 -515 437 -439 261 714 11 -516 -224 -182 -376 -403 19 -49 -122 -31 -371 -89 -315 -18 67 -101 29 185 -137 261 -274 232 -417 -308 -244 398 -19 31 -261 307 274 -395 -371 255 460 -50 -424 -15 432 602 556 483 -1088 -945 261 -853 415 -429 -431 537 -4 794 12 -243 -698 423 121 164 194 -346 -92 190 -257 313 -28 151]
[226 -395 405 391 103 286 -1132 -317 -186 554 703 156 -250 111 -92 -572 -95 111 -458 -678 -262 100 -22 120 361 959 -429 -349 222 -200 -374 450 -104 -1241 -571 -551 752 211 -261 480 274 79 -254 468 188 -207 -60 -63 -245 -61 -391 -352 -51 289 -343 -460 -391 410 -253 786 1117 285 -77 32 -251 -40 -36 -237 -254 -239 -128 -387 -13 -688 -52 271 363 -285 256 411 -161 -115 18 -467 -463 -769 -126 248 -991 -115 37 38 -77 43 -1090 546 123 429 702 218 -194 -236 -551 363 -345 55 -737 -325 -478 424 -348 -202 -379 -88 -39 253 957 -171 -629 168 551 -352 894 -169 406 -321 43]
[-173 -289 -521 366 -640 334 90 329 -350 -12 315 152 -221 55 -495 237 348 172 422 -214 165 -202 -8 -565 -173 -17 797 55 549 -98 416 104 644 -363 152 468 42 -96 656 327 -135 -393 49 -549 86 51 -114 -315 334 206 299 162 -227 -317 -771 266 430 343 -780 -146 -452 -169 351 33 -504 -147 205 31 365 -156 478 233 630 -96 -176 39 -780 -781 -634 -432 -149 139 -491 -312 -772 -156 -5 -100 -43 -1159 -680 -309 -38 -232 454 -707 789 -242 -353 231 -389 172 1243 -803 -381 559 -313 -105 133 -82 182 -274 88 -103 -213 -1143 -298 269 137 246 -181 586 -283 83 -249 62 -528]
[197 -194 246 282 547 -509 -141 114 426 271 84 -247 340 250 -205 -88 -152 127 148 545 -46 -218 -209 693 -261 -624 -306 386 -560 -513 -368 -366 -207 99 -284 196 -42 -56 -513 -261 -422 257 195 112 -226 -364 -69 -713 -243 -131 -303 -210 210 833 659 -357 -918 -405 934 630 184 870 146 529 554 192 107 66 75 57 -10 12 -299 -96 693 -232 434 580 58 312 -442 -864 143 941 217 -581 199 -334 387 1064 357 1249 182 406 -796 534 -451 493 692 226 157 -270 -931 149 -234 -141 128 -536 -153 7 -509 -116 -39 312 256 827 665 -360 -147 114 1134 -821 394 -182 -157 -528 241]
[-133 583 111 99 39 -146 336 141 -439 -292 465 88 -950 -3 466 -32 -165 -454 -413 150 -29 686 -487 -298 397 310 664 -264 275 -154 234 -467 465 124 300 236 60 -300 322 -178 335 321 -11 -109 496 -461 314 231 277 -459 399 -185 96 43 152 147 915 -162 327 -456 -466 -4 556 159 -483 -181 513 -38 34 488 143 853 481 754 80 -472 109 -51 -33 93 -218 -1 -367 -542 -725 -434 -806 666 356 335 -554 -449 -557 -2 228 -893 -50 513 -340 -464 -698 47 95 484 307 -115 -143 -262 -177 77 154 -824 -663 -822 319 342 164 -147 494 -214 -333 383 -795 436 -262 474 -548]
[-154 1018 389 -385 -65 37 375 -89 398 333 -14 -579 -261 -648 -168 109 440 -332 35 -40 183 -172 -375 110 -873 -782 -68 0 -126 627 -302 -497 -25 452 704 624 126 -494 -284 -110 251 -612 306 -578 126 -431 57 170 -307 620 63 -499 131 -189 -429 323 727 660 -558 -575 117 113 -150 -180 347 66 -457 -421 -167 415 345 -188 -63 -55 4 412 -66 289 744 -788 136 655 -232 -275 928 841 -468 205 -567 -356 78 -594 151 -298 -246 435 -768 -485 109 67 -278 -14 18 -397 348 428 685 -114 394 249 -345 466 -21 -445 48 -502 -658 416 32 -976 -1014 -9 -193 161 368 775 178]
[259 466 -611 -4 -507 225 440 522 -7 -243 275 -434 234 117 -123 1516 -16 -285 -273 146 -17 -441 22 378 212 137 870 -160 -347 269 -170 -282 203 -776 -333 524 -495 344 339 441 365 -6 -539 -228 260 555 352 942 463 311 -583 652 21 129 -460 802 581 675 160 -763 62 -335 -190 -123 450 -885 -520 -562 -156 -646 585 425 333 280 314 395 687 -515 -103 -359 -674 -169 -83 -527 -104 -20 -281 -542 177 -635 -727 319 453 468 146 596 254 -101 -405 -124 206 -432 724 -348 -419 159 206 187 -239 663 544 -593 143 -763 -939 -440 -78 -613 -985 322 192 421 -627 201 -256 496 -97]
[238 1030 175 -194 -612 266 -505 71 124 972 145 -76 -662 0 -291 -118 365 -483 -332 39 621 -219 361 296 -593 636 -1009 176 -98 531 -386 -419 -71 -314 -277 -135 493 -194 -195 448 201 36 200 -531 -424 98 79 -201 82 5 -236 43 -358 -671 -381 -97 152 778 -668 134 709 -101 -72 -340 -264 339 -117 195 5 30 422 -712 -327 168 273 451 -53 -379 357 -979 816 754 -185 -444 489 715 31 185 -704 -659 326 -115 -234 -147 -180 463 -388 -849 -138 -77 -505 194 281 -159 244 823 -413 83 614 303 -118 597 395 213 246 -768 -901 933 546 -548 -767 -46 398 721 150 -38 42]
[-101 697 -760 -376 315 -370 591 212 179 728 955 -275 451 -87 -423 69 -39 -224 -464 130 -92 -523 -59 472 -1008 118 -90 736 -761 -350 -83 -736 -327 249 590 443 482 -76 -500 -443 36 -129 595 -92 -1192 -301 226 15 184 -102 -765 457 -70 48 -149 -780 216 635 320 439 446 187 -137 -163 200 -427 -809 495 -665 -204 -118 -266 -1110 214 142 -91 -384 471 796 317 562 -4 -228 97 380 152 366 230 -215 336 -410 963 118 -174 -449 788 -656 -281 114 70 9 382 -321 -27 -182 440 -536 -308 -496 -356 -217 175 255 -13 344 77 485 375 302 -613 393 431 172 449 377 409 -103]
[661 -571 709 -995 -965 -492 -520 201 92 -154 -482 36 37 20 -1 -342 -594 -335 -19 707 289 623 252 220 294 -184 1250 -954 647 687 -138 348 -526 183 -87 797 -1006 156 1208 -220 395 -61 -413 -285 1012 -164 -428 327 -722 25 -1220 -436 -362 943 279 -86 -141 80 365 -136 264 -1404 193 242 481 -684 -121 -444 6 -115 -180 343 -184 -222 -97 367 470 -333 -143 27 219 -660 150 292 -306 14 -821 178 -294 -547 -351 -381 82 755 -406 -404 211 -42 -411 -325 1202 -953 230 -176 -116 -651 134 53 459 463 -79 116 103 63 -488 560 -446 -32 -339 -156 -1210 -643 -467 -680 275 364 -52]
[-245 388 -233 486 477 214 90 388 464 124 -139 -390 -376 -274 170 899 -221 -532 -296 468 867 -277 28 344 -897 -909 -355 621 130 143 258 -433 706 384 420 368 -46 -363 -618 483 33 -290 1043 462 -591 -566 -449 293 691 171 18 -566 -254 -424 0 -143 1 537 -379 -105 -74 921 -45 356 101 -281 -59 76 209 541 -485 403 -34 673 800 -599 117 1222 1037 -414 428 -584 -338 -113 611 51 -332 -422 276 850 1193 -36 -527 -354 -354 458 -1040 160 105 -200 -116 73 -4 -360 -549 209 -798 54 482 997 -175 61 -160 166 490 213 -1025 -30 206 -152 -124 -697 -388 172 62 1010 40]
[-179 579 342 327 -50 -741 881 -35 -99 380 469 -334 651 143 260 -9 -188 203 16 371 -84 -245 65 319 -391 551 37 352 -329 -370 493 -908 -402 159 597 96 -31 -1035 -375 -242 609 280 -887 -564 109 119 309 -619 141 -246 -71 404 -659 350 13 149 78 288 427 -1239 -176 -433 364 1 378 -283 619 -55 -571 -4 -369 424 -579 -61 108 -509 139 422 660 872 -287 209 497 312 -369 -460 -109 55 -43 331 -173 284 -378 -25 -682 -342 64 -95 479 282 -492 -428 -533 50 620 -19 -59 -105 128 -162 -646 -200 -401 -363 804 -536 421 16 484 -581 1 418 -425 -274 326 622 815]
[-316 -328 -398 290 -383 314 -412 166 177 386 -199 310 416 154 -605 1051 253 108 306 323 116 117 969 259 22 337 -225 183 -164 -112 -41 -424 -370 -101 -326 -196 -131 40 362 228 -80 -132 378 420 -85 110 -885 -385 792 402 -61 12 -160 -388 -384 -267 -222 -243 -841 -138 154 -64 -477 -400 204 -799 -651 189 299 -275 -287 -409 -160 -246 852 531 -42 510 -146 -382 -145 -685 -412 -638 352 363 293 -764 -654 -481 788 -147 -90 708 268 577 -693 -546 -94 377 835 38 545 -1484 -584 319 -550 -300 434 41 356 151 217 760 39 -605 -665 -2 -358 -355 330 108 502 273 608 -477 116]
[-240 363 -182 -691 554 227 519 406 -480 191 -856 -495 -1319 -389 281 631 309 -203 224 681 -274 -354 -169 87 -195 -387 -208 -578 -495 234 -295 -654 -351 -40 62 333 -33 -492 -101 757 175 -40 267 -272 -74 -69 -340 570 19 -178 100 351 423 722 -287 207 609 -859 -599 -228 315 678 166 937 515 38 -406 474 -757 -231 401 516 144 576 235 -1158 946 162 -117 22 -17 -282 -1055 -504 475 175 308 70 809 442 -619 -140 -666 16 -553 310 -815 -331 -759 168 -1022 437 -512 -32 283 250 -446 3 447 521 538 -52 298 22 385 209 -787 923 -227 -176 -478 349 -834 379 -367 290 -96]
[-257 -133 616 228 -17 -401 -477 -26 -732 380 -66 -497 195 -769 -76 -384 -78 -366 -600 446 318 -60 -374 858 -662 148 341 322 125 -569 -326 337 280 -753 -1050 433 222 915 -1026 -36 -394 -330 -205 -611 422 -87 -308 44 282 -319 -685 -337 -604 103 -575 48 -422 392 1200 -10 -91 -379 76 -625 267 609 85 6 330 -451 886 -815 354 -115 996 890 9 35 35 472 241 -326 1258 -242 237 -659 350 184 -500 -1172 -543 533 847 352 -978 317 883 177 509 108 -226 -682 -114 -648 528 160 247 -431 -1020 -281 676 316 -376 87 -565 315 368 -994 -185 -275 684 -605 620 212 343 -317 18]
[-218 101 -60 80 619 47 136 -531 -517 -111 382 -255 -34 65 -110 -570 -263 44 -652 -144 -44 491 251 -249 403 47 -113 -609 -117 238 247 -101 -378 122 -87 -455 34 151 -293 -125 164 -239 -375 185 84 -412 -614 1371 12 392 -1062 -81 43 -399 -224 652 406 507 588 -120 780 -139 -192 -597 503 -26 -283 314 -136 -760 -301 -505 34 174 692 520 643 69 -17 586 -782 -507 679 66 -44 50 225 -317 143 1181 -521 -271 441 -533 505 -71 97 526 54 558 41 -144 -100 -434 -619 -858 17 -27 -1189 225 552 -720 163 -643 -910 -540 286 -258 -450 567 20 -195 504 280 79 330 -289]
[-176 -1420 942 -218 411 -98 -371 -141 -1107 -247 109 213 152 -241 -593 -470 142 4 -108 189 -486 178 423 127 509 77 63 -343 -16 -77 35 246 -357 -540 -93 -162 366 -8 -13 -201 -134 -557 -350 207 1190 -36 -112 -677 -575 410 -227 -671 -505 -377 -268 53 -540 -726 -555 285 -23 -13 -119 116 351 56 -510 375 -21 -633 232 -322 -197 -250 45 170 45 144 -341 666 36 -374 890 -163 -214 18 435 -59 -338 58 -697 -934 491 32 47 -11 -110 -300 103 331 61 376 504 -802 -451 -105 242 -15 27 -275 500 346 188 20 -613 -868 349 2 -413 588 216 -52 331 -434 851 -24 732]
[449 -171 118 -482 -74 -90 21 67 -784 -136 -1301 611 -407 -264 206 244 439 -409 -274 -336 245 56 -589 -206 1061 -747 -88 -221 34 426 -457 184 -152 40 -866 475 -216 623 544 139 -584 -59 8 134 1202 -63 -381 -415 231 -52 245 -146 504 -442 -272 578 -292 -1125 309 125 -433 -277 304 551 117 530 227 20 467 -102 601 533 193 279 941 140 728 -274 -1175 -94 -348 -355 423 314 322 -11 -14 -393 787 174 414 94 39 262 627 -715 -56 -221 -143 -176 -444 670 228 -342 404 -396 699 -467 167 -7 777 -14 604 678 -574 -59 -240 -324 172 376 -388 -562 116 -60 -9 -108 709]
[46 262 -975 -89 352 -320 102 -11 -62 709 -293 -1251 744 -709 604 -144 -14 -284 146 524 1034 10 -173 465 -849 345 -68 1004 318 205 -274 259 -312 281 -605 431 -93 213 -1425 70 -321 -389 610 -94 157 -948 199 218 -173 -229 -842 -296 46 448 -398 -153 -169 55 -287 174 -521 386 478 304 409 637 153 -126 -305 -149 -194 -744 -550 -117 -61 235 931 311 966 137 -588 -356 -284 -185 356 -670 -417 244 -414 -503 -516 194 179 367 -1423 596 -130 1299 577 -583 -1184 -721 -465 228 732 427 -231 -330 -485 849 -1509 -241 -145 467 904 543 47 340 -225 -689 545 -619 92 309 248 319 -472]
[215 -862 92 78 434 -67 -352 165 645 -773 -271 5 376 -243 440 981 221 447 -23 198 222 143 924 -259 128 -848 -156 452 -381 118 -29 391 -100 -64 518 -644 -248 -1118 -457 271 300 -123 319 110 82 491 -124 -515 -438 -230 1104 104 -384 228 900 -219 -114 -961 -40 -158 -414 725 -343 912 22 -431 617 208 -109 -12 -222 359 -295 450 -139 -737 187 1283 621 610 -959 -497 364 282 -114 79 -454 -384 184 74 471 -95 -227 202 -55 188 -649 -243 -339 569 -211 323 -135 -300 -716 -313 -3 698 667 512 -656 -294 486 475 799 207 -336 12 203 275 233 51 -210 -915 -76 -291 177]
[406 549 209 -110 -359 328 20 -215 -301 81 -541 983 -666 40 199 -471 -186 -342 18 -225 456 -184 159 140 -442 1110 -72 -743 -490 284 -197 -381 95 -417 -470 -479 -281 388 -148 437 287 814 -591 96 269 683 433 705 376 653 91 518 -257 -321 -691 904 -823 138 27 -114 890 -778 129 -165 -74 489 -96 -353 -200 -863 1065 -411 148 -266 -54 -390 -233 -631 290 -447 618 691 947 511 -282 -242 559 190 504 -867 -41 287 512 -423 -428 -359 283 -455 75 -309 -397 321 -651 -160 825 513 -650 593 333 294 618 789 610 -235 -259 -232 -39 811 -58 -402 -728 328 494 -472 -115 3 -187]
[145 -622 -130 -210 -31 724 69 244 -22 -181 222 1062 -591 -50 -184 1335 -508 -599 122 -215 16 -247 778 -6 -77 620 786 -14 -454 689 -279 1301 676 -575 15 -915 -33 -370 656 -139 -171 140 1223 783 140 273 366 326 -379 461 463 -194 -389 -373 747 -130 433 -359 -234 555 264 465 126 507 -396 -429 -554 -448 242 -595 971 417 600 -28 44 -71 15 139 382 -433 459 58 -156 118 -224 323 -107 -79 82 -425 -173 -303 892 -119 -392 -175 -398 -271 -185 -779 1137 491 998 354 -211 250 150 90 824 -77 433 15 364 172 -131 437 461 91 -546 200 -137 1582 -401 -253 -406 -279 -194]
[-724 -574 202 367 685 586 -926 -259 -794 464 -446 -254 -553 -689 292 -328 384 93 519 -856 -144 -200 -265 -55 -554 514 -691 -926 149 40 -120 590 180 -804 -789 -165 254 80 -678 476 366 106 -170 119 658 -196 619 -554 -340 533 542 -759 750 -341 -636 48 -686 -107 -1221 106 373 549 34 536 419 922 -346 -231 143 101 523 -227 1303 -956 -627 224 -162 -881 -166 -207 -40 618 -330 -562 -440 -353 160 301 -303 -115 -401 -887 -591 -732 19 -299 -12 65 841 227 -1215 456 -71 129 257 331 -430 36 -414 -269 303 306 -335 -39 -331 -781 310 745 -390 -50 -481 -22 385 -25 116 -146 26]
[-260 -595 -1005 267 953 971 503 -949 741 -253 -782 384 60 16 264 -145 279 311 344 -902 -487 -328 -6 13 724 410 -378 -465 -152 -324 355 659 -1057 -162 -322 -391 -445 311 -258 616 459 652 -456 931 -34 141 -110 -422 211 1017 64 207 341 188 -106 -128 -155 -1181 -149 -190 233 522 53 317 610 -9 290 -537 -506 -529 -254 540 193 -266 88 -192 -150 119 -176 774 -370 -202 378 -182 -1028 -1059 -277 -38 722 -194 269 103 272 -192 -81 -545 552 599 1168 -31 -443 747 -410 80 -230 165 -716 -194 -709 477 223 -469 295 606 -106 241 724 256 -275 102 951 21 1021 -337 -197 -426 -4]
[-131 968 -632 -5 -358 -599 -173 573 -66 547 145 539 413 599 -638 522 -479 -423 -675 -127 394 -242 837 -138 72 -306 -112 610 -735 43 112 -1392 168 -162 -150 73 -5 -353 165 -134 1036 423 -393 -234 388 1262 927 -201 963 121 -292 1274 -588 -1 -362 215 -6 -86 282 -923 -444 -173 -270 -186 -819 -909 182 -172 -611 45 623 -494 -952 1658 125 545 568 -419 70 -364 1025 0 748 -186 100 445 30 -1006 96 -781 -106 327 192 298 517 1088 -310 -654 -796 -297 10 -47 -150 -779 -373 366 -459 -131 727 -263 753 64 261 -297 -12 74 -315 -728 647 -187 227 -379 -404 910 72 37 582]
[321 8 -596 -296 -194 660 823 611 1318 516 218 -7 682 98 -124 -114 -656 319 400 90 250 -330 574 -106 -567 158 -16 -394 -67 -224 24 -204 -136 -63 384 5 -195 -598 99 849 967 801 -376 -606 -736 611 21 -1042 255 537 -312 608 0 597 -623 317 950 1750 -165 -953 130 -210 71 384 209 -131 -287 -384 -1047 44 -11 656 146 -677 -228 309 -578 -196 429 262 -407 707 -232 557 -588 193 -681 -699 355 -483 -219 442 108 -522 6 -597 -34 -974 28 336 189 -737 -19 -285 -85 10 -330 -310 372 715 -593 -452 6 409 62 -304 416 142 -125 -18 249 -248 -107 -103 -310 425 494]
[-306 -325 -65 245 41 -128 -54 941 417 -39 -429 -657 544 -161 -55 -166 -339 66 446 -106 -58 -653 139 549 -694 -661 23 -410 443 -78 -209 136 182 -159 -468 105 128 -15 560 -83 1039 119 -443 -533 -549 206 256 -693 -2 -580 282 573 -12 -180 -88 -468 93 1463 -9 -796 -898 -700 -225 270 370 685 -34 244 -299 701 116 181 -150 514 -50 486 41 -114 -529 191 855 256 -420 524 131 -25 -115 -417 -305 331 -510 -281 -391 -99 252 -958 557 -1498 -1012 1091 130 -530 913 -146 -72 -731 -617 -66 -359 -807 523 -206 -216 -562 -752 -180 -69 -387 577 694 -969 -659 -953 65 246 589 -13]
[1 526 74 -606 -892 705 -47 -262 422 211 339 513 170 605 52 -604 430 549 84 -375 -705 200 -280 -545 1100 849 -619 -808 -263 -334 238 -239 -436 -502 214 197 -36 355 1027 -115 90 1379 -803 -308 -338 321 51 -507 211 -2 -229 370 848 34 -264 -332 273 -32 4 -220 183 -900 -248 -795 -280 -569 -19 140 241 -54 346 633 1014 -741 12 410 -201 -1215 -733 -318 -397 887 -902 -174 -598 -319 82 462 226 -29 91 528 -903 87 1243 175 159 -168 518 289 871 236 374 390 267 208 958 252 -93 -836 150 -677 -167 -117 -375 -539 183 -335 -409 -363 474 610 186 -1 -92 98 542]
[-37 201 -276 -650 -1171 -478 616 293 -368 53 -665 566 216 -136 431 563 301 512 344 596 -55 419 -305 -534 474 798 739 -66 282 22 -247 -622 13 393 -227 375 -692 23 674 -33 -962 5 -471 -429 363 412 537 -505 90 -800 355 1278 248 426 -435 682 1281 -56 -976 156 -819 -803 102 -373 -595 -410 -249 161 -722 233 884 642 -105 -150 -1131 -386 -500 -738 -386 -269 -451 853 -735 -312 240 1272 234 438 81 -1061 -196 -122 -243 867 775 -638 28 -865 -1117 -400 -370 132 417 -138 1319 262 867 -252 -97 -56 -535 451 401 479 1115 -176 -404 473 -29 376 -398 818 -731 64 18 -120 437]
[26 604 -992 -449 -223 -735 194 152 -435 662 -649 -486 605 -229 680 691 -297 92 -404 560 1183 -780 583 665 -447 -499 94 176 -86 -472 1241 -446 626 -74 -161 1032 -837 282 390 -178 -230 -149 541 -956 -280 -1047 14 -11 581 -349 -498 244 -368 -349 -198 -450 135 316 527 -174 -1019 -1634 291 118 908 -641 1072 463 380 -537 380 487 722 510 493 152 93 -841 -192 568 -368 -384 -748 676 -479 -47 -54 -224 162 836 153 852 -1160 34 846 -492 776 399 259 164 -485 62 857 -263 306 -242 689 74 -696 -371 271 -625 -742 -128 3 140 -1059 -381 378 69 -343 435 -1195 453 -62 1107 -34]
[243 21 467 6 -393 -224 -67 -269 1191 -318 -1588 -589 -488 -254 478 590 363 320 624 272 -219 -204 -426 -142 134 -731 394 220 890 271 -423 680 -271 -271 -349 380 -566 9 276 221 -11 152 -297 -492 -13 280 -521 -220 -645 196 423 -236 437 1246 -213 -702 469 -1101 -190 -208 -772 910 318 -94 75 469 1205 -473 325 417 206 573 754 382 -26 -415 302 373 -651 -255 -524 594 -751 -310 -276 -736 -868 195 840 -164 103 113 -270 342 -3 700 354 709 -7 51 156 16 31 -321 184 186 1023 -210 264 126 5 -732 -693 372 794 1214 -382 -420 437 511 -326 -569 -650 85 -166 -1065 414]
[-136 -536 -729 -104 -424 -6 -331 234 481 -275 -331 -162 509 -506 516 -465 48 588 1274 381 137 554 848 -278 -459 139 -91 -295 186 89 -299 229 360 -103 -1208 -962 371 188 -710 -319 -248 -66 -408 230 -351 751 -400 -14 -83 -175 473 568 309 -223 -535 4 -656 -78 -778 -355 -386 -525 -343 -464 299 654 -101 221 337 -284 41 -1235 226 -463 330 1079 -3 408 19 110 -1584 197 -449 -113 -101 350 41 -1029 -728 -243 -48 632 206 850 849 11 190 -83 -785 364 233 -652 36 -1527 16 -33 157 235 -829 -371 112 -247 -512 -140 477 -87 566 26 162 44 193 -413 1027 -235 243 -1311 -1206]
[-203 25 343 150 -290 -499 -1069 277 -559 1046 -249 145 -783 101 -696 99 390 721 695 -947 618 -292 386 -112 215 -510 -254 -168 -17 583 -766 -757 -216 -12 161 224 -181 -580 271 469 -341 -19 348 49 576 -263 -575 489 -323 -186 1003 302 797 1018 -146 344 -392 -452 -60 -76 572 375 81 337 296 -276 -329 -139 177 -115 572 125 -31 -115 123 256 960 -567 -15 -521 -823 -523 9 561 178 525 620 -495 -346 300 198 530 -295 225 -551 413 -41 -570 250 1474 -853 299 -1096 -704 363 324 -307 -251 -87 -416 70 41 434 -304 -185 -384 -231 463 -84 -802 -172 483 935 49 -477 -1080 -171]
[-105 252 238 1148 273 157 1035 -436 -463 -754 173 -38 -49 -71 477 720 261 -338 -93 -29 -1039 348 -1354 426 -81 759 352 469 355 -622 -272 67 480 -115 -265 -430 587 533 389 -101 -257 -186 -19 113 -742 -889 278 600 445 160 -17 -311 -111 -470 -323 -32 1068 755 -36 -427 -240 -455 535 -633 -636 617 1091 -727 -106 -113 180 -51 313 56 419 -482 64 -284 -597 25 1076 -269 316 -11 35 -1115 226 1406 -165 -745 -431 -775 392 47 -992 -1087 527 333 -359 52 -344 -564 263 956 750 -640 -154 -869 45 -348 567 -342 -743 -862 -367 672 504 -697 -1013 84 802 895 -518 169 222 42 -232]
[-703 -1379 340 -706 485 -41 -1220 795 -572 224 -482 725 45 -18 -195 -1287 -373 54 531 419 -44 99 -233 -237 242 -823 100 -243 -91 -340 -451 522 681 -454 -605 488 235 228 164 -275 -708 -102 433 750 -73 -294 -318 -1330 124 -283 498 233 -106 413 -251 -1032 -1062 -1223 -499 1051 -519 -461 665 1103 83 263 -45 881 -38 149 119 -416 -165 80 -207 -420 251 -312 -630 955 21 -622 -503 18 -331 -513 735 -203 -488 129 334 691 -519 748 243 -856 475 29 -230 -44 199 268 182 -646 8 183 -533 -212 -698 -571 914 559 170 339 529 544 649 -232 62 621 914 -345 264 -413 387 -305 -535]
[94 -85 338 261 595 530 -642 -332 496 -771 381 -114 966 -272 188 596 341 -92 -540 37 34 393 -361 -325 -94 204 159 534 -84 -619 367 457 1022 -541 -357 102 41 248 -903 414 -119 -199 -101 435 32 580 1034 -640 463 599 681 -469 -340 -245 -36 337 -101 314 575 -144 -145 361 -483 -150 -176 -175 279 -650 340 343 294 -731 1313 6 -536 252 -540 79 546 -548 -520 -269 378 -1080 -537 -282 -453 -858 70 -426 785 -613 517 913 598 -174 98 749 468 -601 -127 -84 717 -110 -1041 355 149 268 -474 1126 -485 -159 -175 0 -514 29 601 -1201 -785 243 666 -269 -156 -477 -519 658 -320]
[1071 -172 142 -352 284 310 37 317 -265 -134 231 1050 -620 576 -44 -142 -369 -560 4 489 440 -30 272 472 655 934 280 487 557 -385 -418 -836 198 435 -419 21 -304 117 555 811 120 684 152 1331 99 -499 -105 -175 610 -16 241 345 -125 -17 89 -87 -268 297 412 -108 604 751 355 475 -502 -45 -717 34 427 62 479 755 -375 883 402 -164 579 -254 531 -550 -7 -578 -548 222 -675 -440 25 -718 596 989 1384 183 220 177 -196 -580 -842 -124 233 -538 -728 214 -529 -577 -119 689 -800 -353 432 1178 -3 195 514 -189 22 237 -353 549 351 -878 -128 704 583 20 -565 303 -37]
[-77 -108 -76 -405 21 632 -34 -616 -629 193 455 -38 371 -160 -117 -945 -53 796 -250 33 72 335 -301 -688 267 -433 174 -334 229 527 1039 308 -315 623 151 25 -69 -282 11 170 -245 -427 -1332 174 159 218 79 361 -446 -194 -1560 342 -780 -543 -296 840 -162 400 154 -260 -94 -692 328 -368 624 -453 2 -211 -541 -260 68 -15 -533 -509 -229 -120 -144 -91 704 1000 -25 -134 941 771 -239 -16 24 -495 409 142 -283 558 313 -281 324 -342 1392 349 435 -507 612 -230 -371 278 -317 -163 302 105 -1029 393 -311 426 470 214 -154 -624 557 231 140 840 -211 -1074 1270 -423 23 941 366]
[-592 185 254 1022 -183 256 354 649 -207 88 -263 114 -562 -859 913 620 -383 338 336 -62 797 496 -185 -86 -408 682 -270 609 886 211 -962 745 264 -805 -948 -366 695 293 -484 283 -412 -265 639 -51 -561 -12 -896 169 425 -796 998 142 96 249 -454 36 596 875 -885 -429 -600 -130 -35 43 -656 519 648 -72 -22 654 74 -315 435 -583 957 569 727 835 -360 -139 -246 439 -764 -204 529 -91 399 1 -629 -149 -71 -633 -162 -361 -1182 -374 542 -473 -553 745 -434 -743 -32 324 1297 -103 314 -380 -32 499 -125 -220 -883 158 323 -257 -706 -497 110 703 142 825 -188 -441 -346 -29 318]
[768 -307 276 554 -61 -354 596 -76 240 -1104 424 -81 328 584 -255 65 473 -162 -688 -42 -177 -76 -494 1086 254 367 17 18 448 117 -56 -104 -697 -491 -97 304 -452 -168 -102 -248 275 -228 -137 183 -519 159 340 237 720 694 -435 208 84 -289 458 -247 -8 419 1240 59 474 -247 59 -125 894 78 -351 -572 608 -80 -699 303 -16 -310 111 242 310 399 272 255 -137 -168 -54 324 -254 -173 -434 -165 224 1128 625 280 243 758 78 -521 -442 -362 -226 357 501 -927 -222 238 -559 -144 551 138 205 497 -911 -384 479 -673 -490 -15 -82 -126 -626 -621 356 394 365 -144 -17 136 436]
[-356 70 338 1042 253 -681 25 -52 -75 -273 -728 -635 356 158 411 86 410 97 556 380 -435 -180 -626 -349 105 -936 350 366 495 99 18 -254 7 568 133 751 -219 -845 -595 -585 -103 -187 -404 50 684 -224 -217 -453 -91 -390 207 -613 71 225 -275 521 1 -776 -695 -586 -601 537 966 358 -358 306 745 -225 -78 1013 -123 658 -169 833 -709 -1261 679 388 124 -184 -817 106 -315 125 -172 -434 -772 349 -186 652 285 -61 -1114 514 -153 -182 -550 484 -217 -321 -963 -320 -218 -8 -158 -355 69 -176 360 112 -364 -516 -77 -337 898 209 744 -54 -142 219 594 -729 -679 -80 389 -34 566]
[1951 -412 -689 -658 72 517 263 -765 210 -591 9 -81 260 73 422 894 263 112 -286 -218 58 -22 70 103 845 964 252 -111 -67 449 196 1181 -785 -594 -393 -745 -449 288 391 403 382 141 -569 33 -167 101 240 1092 -467 -167 -879 133 -565 -407 226 141 1037 300 -518 -97 572 -934 401 -25 -242 723 -179 454 -462 -1279 231 533 -247 608 480 491 -108 -1260 -332 188 -770 634 -151 -359 -646 65 36 -358 427 -497 -564 -1110 303 -282 637 -912 -146 375 -330 -217 -915 295 177 469 -595 -527 130 364 668 800 -94 -793 878 393 -263 -719 -17 746 -621 312 -257 1008 169 129 -502 -212 -177]
[726 237 306 508 1327 583 -16 -584 -251 357 -187 270 -868 268 -7 1516 348 732 -282 -595 -324 -369 -285 -370 582 114 -899 434 -689 -263 281 -405 155 -323 329 -892 107 -845 44 696 -458 -31 733 13 -377 -530 105 563 173 389 1209 -885 -457 -98 161 687 615 -1028 557 -59 273 370 91 563 -36 197 522 -193 164 -1297 52 492 1000 -413 670 -944 -98 -396 -135 407 -671 -549 -116 -163 -205 -99 18 -200 387 523 20 -433 -43 120 -432 -631 -241 125 928 926 -411 612 -131 733 -302 -302 496 -120 665 -391 164 -653 -526 260 -245 251 354 101 -511 302 491 829 390 523 -234 -680 80]
[116 1154 1396 466 -255 -1237 121 -454 424 600 222 -371 697 708 -636 34 -421 -255 -279 310 -252 -640 -423 988 -1231 -160 27 22 -320 -280 186 -1288 192 212 347 870 127 33 84 -914 134 -142 -140 -624 -749 -79 312 146 620 443 396 -11 -1084 643 -632 -256 -569 -335 801 95 152 250 -267 -653 253 -22 211 -123 -156 -123 -235 -757 -222 104 126 -264 -1102 168 -286 -38 1341 202 912 267 412 -481 717 -361 158 483 -58 216 532 118 -632 295 -25 126 304 1057 295 -38 188 -584 -342 33 81 -297 502 -897 167 282 -676 -398 -223 157 -591 154 -287 -206 325 -504 -1055 -174 491 -8 -2]
[-772 267 -248 41 374 10 255 -149 262 -869 910 8 -26 -295 580 -397 175 195 -907 431 216 516 -276 -58 -937 -356 221 29 -338 -194 186 41 584 -590 298 334 165 -629 -803 92 558 -580 97 -930 30 307 -83 -229 161 1081 -400 -107 -981 -270 -185 -66 671 -212 245 -272 -780 10 215 501 72 222 320 606 -133 6 -294 -522 423 831 -816 -262 -1087 -165 250 839 -460 936 -827 -989 -31 231 -606 -109 -536 -1415 -722 -845 388 -234 714 895 388 48 -592 -65 -608 -617 -145 -169 -366 554 -178 455 -301 543 -261 -302 -336 -408 570 -417 -690 25 462 314 5 -488 -401 560 458 230 -682]
[-501 950 -1237 243 -861 187 1409 568 73 449 -302 -515 637 516 -106 486 99 -643 96 -370 -320 -309 -541 -244 -345 -815 370 178 -275 819 68 -39 287 378 -118 -251 160 151 -6 -49 193 -403 -260 65 -1170 1082 -355 -160 1170 -221 -932 1160 116 -527 -138 778 65 102 276 -1093 -94 130 -468 -370 217 -91 -578 -41 -283 248 36 -194 -674 484 674 -21 382 608 -445 -358 -33 -759 -72 -157 885 678 332 -955 1108 190 -89 479 193 266 626 -206 888 -551 -602 -106 706 -285 482 -758 -353 47 -489 -450 -347 296 455 -186 1128 225 -155 -622 61 73 325 290 -62 -179 -129 306 -541 881 -336]
[-528 717 326 619 -111 -542 -478 -401 -535 972 184 -37 -609 101 164 -720 -678 -494 336 -47 216 878 -311 -859 251 592 440 -399 7 -212 -49 -684 322 470 -521 -121 976 18 584 -625 272 752 -460 -174 919 77 45 -99 -413 -1066 644 309 360 -276 -967 483 -146 -449 322 -505 -439 -180 473 -215 -266 732 -141 475 377 -141 261 -234 -826 744 493 306 -487 -73 -333 280 -890 943 946 -339 -749 -930 -63 342 682 395 -1571 -468 302 172 142 -1541 149 208 -395 182 -555 -264 44 -144 337 -762 -372 -1114 -230 -891 240 -634 -551 -446 713 92 1371 27 1159 392 -747 -403 -82 420 322 -509 -943]
[-393 -647 -533 -428 -453 214 424 694 -13 -304 100 -41 271 561 166 830 93 39 64 538 249 -151 -113 282 61 335 684 262 -454 441 57 338 -368 -674 -387 -273 -1235 -457 700 -359 -187 874 14 -336 -486 31 363 267 393 698 -986 352 -625 582 363 -338 -240 -313 208 28 267 -269 129 720 655 -207 343 -353 382 -590 332 311 986 -368 894 -9 644 -264 169 371 -446 -722 -811 -430 -52 -210 425 297 82 -295 -293 342 -253 24 -360 -152 -1186 208 6 62 910 -974 -8 -255 -93 729 77 -175 253 242 131 -201 1034 -140 472 -502 -497 224 -247 -625 -323 1219 -744 -391 -383 -231 31]
[-280 629 284 566 271 -233 -521 -75 375 977 948 105 204 -21 -803 74 -406 -227 83 -811 242 -52 -58 -288 -753 348 240 338 211 -53 -206 212 411 -141 453 -361 141 -370 -26 -10 184 -20 138 -524 -768 -353 145 56 278 -466 342 285 364 246 -217 -848 713 988 394 -102 -230 600 -22 -426 -550 -501 430 -184 -61 518 276 152 2 -128 -156 -208 234 451 46 21 398 -220 -251 -263 -107 -327 -126 645 -168 -329 -485 -165 153 -300 -718 74 737 553 745 927 168 100 206 951 261 -324 -180 -356 -863 -310 -226 -178 -363 217 128 -482 501 -693 679 40 47 462 383 391 -408 330 -199]
[-1212 252 -247 1 -319 -257 -89 596 307 -580 -1311 -1486 783 -703 1336 -404 159 -43 -109 -259 -602 -204 -583 173 -34 -990 -203 214 318 -29 -432 278 682 -258 -440 274 578 880 -474 -339 353 -501 -351 119 179 716 -101 37 -138 -422 1120 144 -83 -233 -196 105 -420 -544 717 507 -691 92 -894 556 -557 763 651 -370 322 421 170 -579 131 1122 -241 153 47 587 -492 414 451 -495 169 -502 851 125 -61 -133 -348 94 -292 -609 187 -318 -333 -259 474 -522 -389 -418 -10 -199 -115 -11 578 -207 238 577 -293 -677 -86 133 -27 -368 -594 889 -441 -924 -494 393 -668 -956 -1001 -57 -135 765 197]
[-553 -829 -223 355 402 98 -149 405 -63 -310 -265 -486 -396 199 -415 143 110 -320 -176 371 359 -114 390 -162 -209 -536 -426 687 -389 19 -45 -526 87 826 88 -463 -339 -343 -523 -197 -163 529 419 168 -271 289 204 289 69 258 -283 143 -136 -817 684 44 -169 -215 203 -457 87 625 -235 337 -212 -186 33 119 598 -213 -344 101 -58 832 195 -518 802 564 593 -285 523 -1074 910 181 910 134 136 190 400 142 710 199 -113 461 355 871 -1194 -667 -683 -188 262 539 403 -170 -727 26 -832 490 315 -489 569 116 863 -188 -247 -91 -610 -315 137 302 344 -257 256 942 297 -319 218]
[-125 -746 1 -825 -424 -132 -1105 94 -861 583 1408 -545 617 -752 -528 -650 -103 440 75 148 356 490 418 -226 -341 238 182 63 182 -161 463 251 -219 -523 -494 293 -209 -89 -148 -445 -1142 -193 277 -694 909 -400 453 -873 -546 -841 -1169 213 -43 -199 -631 -1000 189 253 -1012 1790 169 607 -179 316 286 -685 -358 574 -452 -269 1228 -329 752 -223 -738 370 -208 -816 208 899 -913 -128 -165 396 -837 108 677 -387 -9 -233 -1458 688 -117 183 159 577 110 377 420 734 -279 681 103 -322 -776 -543 627 110 -732 -182 -403 -564 149 764 536 -382 198 10 20 562 316 -465 366 -286 -344 268 -252]
[180 425 110 -401 -149 -72 169 848 229 643 -651 -566 -119 440 -370 -512 -501 -322 -136 42 501 -418 -5 263 518 -1119 -231 -147 80 503 -720 -170 -536 556 129 991 174 159 -123 756 -244 -309 765 -277 162 -67 -1128 500 -405 220 -1033 -928 -355 699 -482 247 -578 -550 -179 58 936 -548 69 586 123 -532 289 -628 -111 -290 -669 -1135 -138 416 -440 -937 1342 -683 -423 -575 311 -1015 -28 -32 31 458 -145 -49 -582 -986 -443 155 429 1052 -1319 581 355 90 55 -39 127 -617 235 150 -501 -36 -924 -95 400 1100 616 162 45 703 -786 966 180 58 -433 393 762 -851 -533 428 -755 754 -960]
[150 692 9 -466 610 204 337 -283 189 305 -615 -843 486 258 -670 -513 -60 -559 -477 -400 -15 -292 -642 -50 518 -134 -1056 540 -543 567 43 -193 -377 238 -130 117 253 -196 -389 -14 -384 -158 689 21 131 -176 5 144 87 1095 -485 -1028 -37 -1033 -719 1072 277 204 -5 1082 670 -620 227 24 885 1504 -433 23 -89 -548 131 -1504 -173 -257 326 640 147 -461 -457 -843 -619 28 688 -193 572 546 50 7 -266 -274 -374 26 384 -535 -255 -254 4 323 414 -349 91 -401 359 -511 112 329 547 -386 -298 104 39 48 808 301 -492 -567 46 587 -198 -176 -512 -270 236 178 -393 516 -10]
[-22 627 655 -24 -476 -90 -324 -173 355 161 1090 723 84 229 97 391 -311 -235 -241 -483 -131 568 71 -337 158 1087 281 -168 -580 803 -695 -669 -91 303 1082 632 164 -472 -66 -636 342 662 132 189 -200 317 -49 247 17 54 149 -250 -181 -143 -416 -5 413 220 -352 -432 585 485 380 26 -879 -1294 -790 392 -213 -1 -603 966 235 -98 55 -879 -688 -231 318 -364 159 636 -240 -457 -220 679 -697 100 -321 215 224 -95 -365 7 1003 746 -1136 -334 242 88 938 1054 348 -390 -244 -335 -439 633 14 -538 348 -657 145 483 -269 -340 505 95 -84 306 523 496 539 194 381 -7 232]
[-83 -164 606 201 258 126 -197 282 -639 -1010 -394 -195 14 16 540 -433 132 -150 14 524 2 478 -95 -110 -115 -262 -23 78 671 -154 -124 -258 349 2 -675 107 -640 352 -559 -262 183 97 -350 378 -585 332 748 297 411 145 -218 -76 26 -94 -68 112 -882 355 488 -355 -470 404 -23 -422 537 349 64 -331 669 212 407 -531 313 520 -915 -156 -109 -184 185 -282 729 -106 1061 173 -223 99 481 -99 785 1178 -216 -158 -52 -640 1229 -216 682 65 -107 -619 -234 -295 344 38 -581 338 631 1007 -661 47 586 655 32 -658 -615 -3 -258 704 448 626 -35 -337 -306 88 -166 199 -23]
[275 217 -312 501 90 168 -707 -60 196 185 652 709 -163 -170 -313 315 640 -206 -1071 786 490 -463 809 1040 479 -94 -246 -494 -351 194 20 64 488 -415 -212 656 -370 453 527 52 -312 -255 1031 -394 289 -533 -144 93 -150 351 -272 -248 379 -258 -107 -313 -180 -451 809 80 -227 135 -210 -315 23 -1204 -56 161 382 -925 497 481 319 526 532 -117 6 460 365 305 -18 -140 227 199 157 60 -104 -276 -604 581 1085 127 435 826 7 438 -1245 205 567 -35 -339 -181 424 139 -156 -170 -212 -46 539 602 -3 -218 -553 -124 128 1380 -106 -536 -886 -64 694 -769 231 270 599 505 -533]
[163 -1275 -24 -924 -740 -205 -554 265 1292 375 474 185 564 -161 -320 239 96 405 302 120 -162 -89 -770 -67 -1276 -1452 464 21 57 7 -440 1036 420 -437 -370 567 -462 -737 186 -321 -840 572 451 -489 -1396 470 586 -1407 -816 -203 -1102 -252 539 877 -164 -1430 -126 212 -345 1060 -437 194 276 525 890 438 -388 39 154 -38 81 1065 502 -617 -1192 -145 -734 -621 281 94 16 223 -492 -14 650 182 334 -642 -239 -477 -560 955 -132 470 990 910 -527 -244 -617 250 998 -289 432 348 -554 237 -20 -322 -27 -617 -480 636 -58 726 1432 -201 1457 16 618 712 -36 -1255 -5 -202 329 -269 -60]
[772 -225 89 -101 215 -536 -948 -669 1074 436 -713 83 -118 -263 -451 -795 199 -248 813 -96 -407 -537 -756 194 -702 -409 -697 -415 261 -616 -790 -383 -151 -167 -708 108 -584 -71 -432 383 324 -11 -374 111 -402 -237 141 -739 18 400 -118 -492 971 1621 -103 -1177 -961 -464 -156 -147 262 226 -645 494 161 468 -593 -71 -233 343 271 510 -544 -185 -308 39 438 -451 443 -205 323 -366 -1004 22 340 -589 216 147 -103 116 1074 -211 -593 285 -710 1240 -367 -266 847 1177 -722 -82 -964 589 -136 13 -760 -377 361 -426 -490 760 -398 259 339 313 367 230 193 -810 -201 -976 601 -606 712 -706 589]
[-856 317 -453 388 603 -769 531 1060 -533 11 776 -291 -131 -1035 218 781 -373 499 926 -211 32 239 -1220 -935 -1485 -442 539 1128 -832 -761 24 -467 172 515 258 262 612 -32 -1019 -357 -821 -246 -518 -35 199 -373 -263 80 98 -968 -729 136 292 59 243 325 -238 841 -485 -189 -519 978 65 -606 -281 -88 -139 473 -146 211 218 -587 -494 -131 414 -261 -99 1267 615 725 178 -308 878 641 -210 -198 1532 -624 1423 542 -808 28 348 -716 -279 273 -272 678 488 -261 -737 -371 -423 451 521 -165 929 351 -1018 -128 -498 327 -152 -210 790 -848 582 -655 897 9 -308 187 -412 156 -413 680 208]
[1422 197 -394 -621 -422 845 607 108 -30 573 990 241 174 -572 39 606 245 -523 244 -132 149 549 -758 381 415 445 161 488 -73 389 -928 -151 588 -214 -542 -439 368 280 49 396 -545 7 129 -62 743 -163 -178 -113 724 -354 -781 205 32 -308 -1054 292 1157 696 -571 -1068 -620 236 194 -387 -349 917 -465 714 -291 -618 391 888 -63 97 589 459 532 -347 -403 -310 -170 229 -387 -490 216 269 -337 -279 216 -512 -583 184 580 -184 533 905 267 -458 -435 85 -1304 -233 669 -130 189 165 -118 -574 87 136 -578 -944 -799 -155 7 -439 743 572 30 -859 -7 -76 543 588 407 288 -71]
[329 -262 364 -118 -695 23 -1217 -554 17 617 -512 -1112 1235 429 349 -322 199 853 158 340 -382 -303 1187 -143 519 -359 94 -178 547 -488 120 234 -693 546 117 -67 -21 566 213 82 727 -607 -484 -779 110 -509 -511 87 -1056 -918 731 -78 283 121 439 -66 -536 -450 169 305 451 -878 -501 -270 -401 -1030 107 339 481 335 -803 -603 -263 -483 -1764 -8 -64 -536 -764 311 -1091 -250 -256 1 -225 -292 -25 417 -1544 -256 -86 -293 -318 183 90 297 1171 123 -144 293 -38 625 260 -261 -387 -375 309 563 -312 -93 -387 236 379 201 -604 -119 -361 -126 -302 286 152 460 -454 -465 -161 122 -434]
[318 -7 -1 -516 -146 666 154 401 -162 488 -959 -257 438 -241 462 236 53 -201 -123 75 233 -690 296 277 -28 -313 -1091 -317 389 627 -278 571 -635 66 75 -154 -460 139 261 370 333 20 131 -212 -208 -369 42 249 -334 20 3 442 53 -402 210 -413 53 -299 -1279 -344 201 -418 -228 361 428 301 267 600 -863 -249 -463 496 -529 340 -170 -259 475 138 -339 331 1042 453 227 -41 944 -352 102 634 -305 -133 -251 -1012 -783 -786 -398 -408 -421 -631 123 4 -666 223 277 1000 997 -76 -766 372 267 188 239 956 191 81 529 -1277 -1558 703 -60 -513 -1344 148 -713 -686 705 853 755]
[-500 -443 231 1018 362 -253 -725 295 -975 -390 -59 346 -736 -206 283 1063 58 245 654 39 38 -226 -21 -544 -509 167 829 318 8 -479 -393 227 703 361 -817 906 -334 164 66 -22 -262 -108 -161 -40 841 185 -706 199 803 -557 216 1271 -36 -222 -25 784 308 640 26 -1138 435 525 808 -55 -684 84 -240 270 -58 878 540 -85 516 271 413 914 -165 -561 -270 -697 -176 633 269 738 -851 -688 387 -1550 916 386 1074 827 -565 -11 620 -361 703 -393 -563 107 -1121 -591 318 -1337 543 -398 388 80 103 -597 1101 -272 110 -241 -231 -442 -589 123 -162 -115 231 645 366 144 -366 -1215 14]
[-127 -89 697 -204 260 410 -280 -231 2 563 12 138 133 -180 497 -18 73 453 295 49 65 -689 145 255 354 -1045 7 236 -181 194 -162 196 684 -590 -341 485 761 -656 -685 -129 -38 481 24 1 724 487 229 -1139 -367 -350 461 -246 -155 -86 500 1069 -178 -122 255 -144 -61 603 391 948 -804 -252 41 -220 189 434 1306 1150 1017 718 94 377 452 133 212 -583 -542 45 -733 -88 333 448 -660 -878 -971 65 220 220 149 566 -492 258 -766 -458 433 -579 87 -92 -575 -124 175 594 887 -26 1169 724 -346 80 12 229 -302 223 478 -535 -939 -103 763 -634 914 -480 -692 358 834]
[-420 321 -245 -641 -115 755 63 483 1160 -14 1034 -18 463 -84 -62 -228 -11 146 -367 64 -70 269 297 128 171 258 -678 -31 -294 486 -59 655 59 -693 746 152 607 259 -210 99 -456 447 741 376 -964 913 125 787 -214 575 35 149 201 218 -469 -746 264 -490 64 949 431 269 -660 -68 -122 -572 -775 -111 -746 158 391 -468 846 252 67 2 -765 182 790 439 69 528 30 -559 -95 33 57 -128 -4 177 -602 776 236 14 49 1179 -528 254 -19 442 948 136 -513 -147 5 133 -71 -190 -395 445 49 -697 84 108 122 824 906 -1185 -756 -170 825 290 53 -628 -628 -207 -137]
[292 353 -211 14 317 446 456 -900 -545 -86 -30 579 -807 409 -162 -1051 177 -502 -116 -730 15 -192 -736 5 929 -554 -397 -693 3 594 354 -214 -345 45 157 448 -641 235 168 -178 -260 -299 -45 -244 926 -335 -704 1463 548 845 -1042 122 -561 585 -292 960 88 -400 832 -522 735 -330 765 345 276 425 573 -91 -487 44 -201 425 268 324 826 -28 779 -1161 -1086 274 713 181 364 651 -263 21 64 -692 490 762 -150 -147 398 -867 -57 -344 1249 887 384 646 -688 -40 -561 -20 272 -455 -567 16 -315 -99 936 -607 380 -292 -1246 100 -200 269 -143 -25 309 -300 594 -443 -752 -195 -264]
[151 156 -611 38 -765 286 -428 47 -120 -340 809 602 220 939 -566 -213 71 77 -49 344 457 -191 997 -447 304 -372 26 -612 -478 329 132 -722 1496 -59 381 -279 -156 -417 701 -34 -354 -384 269 -32 326 5 636 1262 34 734 1086 -70 -98 372 134 496 -586 -457 -98 432 -15 -261 -282 1318 -845 -892 303 -105 -118 -536 55 368 987 507 -1111 -925 718 -759 -232 -157 544 -504 -554 483 -169 386 228 -538 -198 111 -56 -443 286 141 297 795 -381 225 -368 -14 604 669 412 1249 -69 -235 -1120 627 1011 338 -172 -40 -43 -925 -439 186 -56 -644 -993 667 -612 -57 -1343 -665 -591 419 -1073]
[371 327 -989 126 -49 -203 330 -347 -53 -18 -261 -694 753 388 702 -159 361 92 -630 -644 -200 -378 -198 527 949 -341 -571 -519 -306 777 698 -79 67 -1329 -731 -424 -106 125 -278 75 502 -196 -522 -183 262 262 463 225 52 -72 -132 -88 -493 116 -610 839 -831 -1092 156 -70 54 -272 -205 713 129 81 1212 -208 204 -864 -529 365 74 364 567 -286 779 -278 -1002 910 -684 -895 166 -709 -213 -7 -71 -679 -643 -342 -693 -250 -254 -271 -223 345 199 845 638 -14 -848 338 35 224 -1050 -269 -649 496 96 644 26 -646 18 67 -684 -319 163 356 -41 957 443 -1345 -148 -539 49 720 -392]
[-347 -625 -645 -664 -63 -46 247 -420 163 599 -1160 -1046 312 14 -27 -1612 -192 -589 -453 -62 399 -609 160 -475 552 -206 -418 655 906 969 890 1038 -296 697 443 222 -643 859 -194 -202 -238 -293 764 -112 -692 -369 -638 960 -518 349 -1535 -486 -160 -293 -995 -535 411 130 -1026 352 -350 -267 307 -757 -301 472 137 383 -270 -395 -821 -484 -85 430 -186 -117 -191 -838 127 490 938 249 314 15 667 796 436 358 26 695 -554 -962 -72 -898 454 547 608 690 30 -141 -46 299 1074 -238 160 -455 -237 661 -218 24 770 -336 684 596 -348 -21 -220 195 481 1464 -475 -1194 -293 267 154 770 602]
[-1217 342 -129 41 -269 -662 -288 1122 -517 921 -284 145 -165 -276 683 170 -254 -359 -514 -182 870 -562 -387 118 -760 681 179 -416 -315 524 -107 -150 952 -1066 -253 809 -198 -644 186 -189 236 474 137 164 88 576 186 -196 462 -321 261 239 -221 -123 -404 -181 -129 416 15 -602 -132 -1178 -666 36 -410 -479 -584 233 137 -289 305 -66 418 631 -652 -605 469 -61 203 262 340 680 -1256 -331 -504 380 497 -148 -517 -653 -265 -101 -582 469 -99 361 312 -697 196 650 -215 254 1782 -173 -113 243 -1008 843 -303 -370 667 -280 -269 -420 -126 86 -331 258 -62 738 -720 173 -1267 -404 366 1086 -357]
[313 -166 -211 -546 216 714 -646 -698 77 -313 164 499 206 -101 -306 -413 -357 42 -252 -180 203 -633 -4 52 64 479 221 -704 769 648 430 1225 690 160 315 559 -130 -22 491 725 -393 -372 618 1651 -464 -299 -260 1898 23 899 -100 -804 -677 -101 -371 39 -2 46 847 546 336 -126 304 6 -16 15 -427 -371 298 -290 76 402 1192 9 -1184 -233 -411 -365 771 -201 1382 310 -338 -94 -503 -291 -733 -575 87 287 502 -12 518 -276 -79 14 96 510 264 -484 962 -83 428 1063 -870 -127 -1124 598 -221 296 -229 318 -37 -10 -729 1110 163 375 -1242 -960 -464 -491 55 -243 -275 443 -519]
[-714 -938 -112 -51 1294 406 -535 1212 159 -592 -90 -153 49 -26 156 -450 111 80 50 172 -496 -103 -200 -1016 344 -1282 -269 138 -95 -780 -235 788 357 120 -70 1104 449 348 241 159 -433 262 85 379 439 207 -432 -994 -122 171 -463 274 -75 81 138 -229 -428 -24 -798 860 6 596 339 746 -343 13 34 5 -50 1121 187 -778 702 -697 -365 2 -728 -367 -893 -147 -23 213 186 578 -520 -606 -216 -185 884 -17 -397 502 -585 -228 212 -317 151 -396 94 270 547 -284 719 -77 -663 -577 912 505 101 71 292 -11 223 677 -410 266 9 -129 -482 1051 85 -556 -556 -203 -668 -31 302]
[23 47 -785 87 163 709 146 -691 -510 -17 -276 -503 925 429 -486 297 193 -400 249 -46 163 -290 400 -106 491 -106 -556 396 -113 -451 516 -613 -125 572 -47 491 -545 1103 68 191 -92 -473 616 -899 -421 -581 -460 1000 545 1017 -381 216 403 -393 -622 14 -272 -397 -97 -425 -89 -287 227 85 516 -552 320 24 649 -1010 -867 -448 478 -665 0 402 82 -1440 -1397 -379 192 -985 871 115 178 -395 520 -131 247 -681 -347 -561 570 -279 609 154 766 803 225 188 242 162 377 -287 -322 34 375 126 414 -224 576 -412 -50 367 -1411 -736 -1263 -275 -957 -494 776 457 505 552 -180 -333 -356]
[-152 -297 196 742 674 -833 323 -771 930 -479 585 -167 810 690 -448 -457 -349 -204 -624 -618 -636 -385 -413 254 471 779 120 -258 47 -360 -85 -3 -232 221 221 -435 -631 114 -238 -311 398 560 -972 -168 -531 358 415 483 -306 470 -143 214 459 400 276 -167 297 376 933 759 -420 615 -238 -673 311 497 -44 -461 -138 407 -667 422 -178 -676 -499 103 -442 301 -425 475 -540 943 -120 94 763 -176 -272 -48 891 925 -351 304 832 -434 536 649 294 604 -192 1137 664 -117 -516 561 483 -473 72 -193 -1013 -758 315 -83 -341 -308 368 210 1257 -613 463 925 346 -687 585 14 -114 -823 52]
[266 -197 201 816 190 -274 -475 380 -577 -157 -71 24 -808 -348 120 -185 -494 -273 330 -1061 145 31 -645 78 -32 83 1669 -503 -133 412 -556 1007 -249 -186 -594 -172 550 171 267 -564 371 -7 -445 -316 1314 -259 194 -217 247 -443 -737 -250 -644 284 -332 424 31 1044 -630 -1324 -402 -208 785 97 307 305 397 -452 -455 684 -144 -171 -437 -687 -42 165 754 287 238 153 -179 575 60 249 -848 -410 -1285 326 -516 -375 -144 76 141 135 -857 -285 904 49 -394 -575 -785 -1207 140 272 -85 -187 128 -255 -142 354 274 -665 -1171 -927 -137 924 1052 -94 518 91 -200 -421 -496 161 1029 -347 -483]
[533 -290 -924 -1046 -447 -9 356 -263 -245 235 879 56 396 836 -164 217 -167 -270 431 -382 -456 -74 677 -326 678 1431 413 86 73 -416 303 -297 -116 143 334 -1166 32 -305 1030 285 270 484 -16 -351 -16 158 471 -245 130 -323 -365 588 459 189 244 -729 170 67 184 381 726 744 -224 715 -62 -209 -446 674 -528 -321 -1463 410 -348 139 -1112 -560 363 -712 -850 169 512 -510 -1076 -787 -751 35 689 -77 558 -134 -617 -539 35 -220 366 74 126 182 -240 -158 407 127 261 809 -516 -113 -1615 -31 492 -21 -254 -927 -66 435 -103 -42 617 684 312 -474 -658 769 -1287 222 -478 -513 -1242]
[-12 309 1285 -1099 -334 115 -871 307 68 -93 -266 -245 -153 -1008 1110 -501 -139 238 184 -625 -361 655 -268 74 255 -604 231 -848 -311 43 -231 454 -806 -197 408 975 44 121 574 -95 986 408 353 -100 -193 -579 -219 -138 -460 -334 379 -542 1175 -109 -478 -1036 -16 -186 203 412 -260 -1250 381 356 689 -716 35 96 -398 145 -143 518 85 -337 -981 -674 -556 35 -113 911 -67 -484 570 -225 -303 -674 -196 864 -909 -155 -736 285 -972 -357 -6 -206 381 717 378 -502 391 571 -1130 341 485 -726 512 493 -582 -455 537 156 -427 445 83 1031 -49 -10 305 -240 -204 -529 20 -281 418 1115 201]
[-487 -209 298 933 -310 -142 -165 78 -87 -280 39 -394 355 557 796 42 -742 -48 -602 139 515 497 221 497 490 278 -200 357 1095 -591 -69 -475 167 130 -400 247 517 526 -39 -252 735 706 -382 547 445 119 248 -290 58 41 1250 -1012 -313 -1047 -440 -357 -952 -88 -340 841 -744 111 135 78 -660 529 4 -548 776 326 -464 -95 539 249 -415 5 -958 -281 -177 312 -488 1105 75 -438 -888 -1028 -663 477 -116 -189 -499 8 135 -669 484 -111 -57 680 167 -198 93 139 54 -581 84 359 -477 -474 102 87 317 -433 -714 -378 248 -106 -24 -70 222 339 592 -452 -82 328 20 -746 -468]
[298 960 -511 -369 429 234 332 527 -85 -315 48 214 -596 -314 991 1157 -445 345 -159 -567 -346 -748 68 102 283 -802 -104 -161 -486 -194 596 87 386 -212 -380 476 358 129 272 121 -231 543 145 775 90 836 787 8 213 -873 1090 541 170 -492 1056 608 302 160 643 -259 -336 33 -528 663 -356 -1325 237 -610 -425 400 840 238 934 844 -645 -173 582 -74 381 -177 -792 -583 -739 181 141 437 -500 -1253 -391 41 786 856 -177 1550 -296 -417 -332 166 -303 -405 -466 -148 -239 1309 -255 -617 823 738 -355 769 -68 -538 -803 -1010 -609 910 -516 -1311 -1187 -28 989 -183 77 72 -1264 980 151]
[-940 -516 150 492 -25 -659 -664 1110 -431 326 412 -746 -508 -529 -812 -285 -437 -562 -67 390 299 261 118 306 -463 -216 61 519 -41 -449 -494 -192 93 -640 -562 -5 -8 119 -861 258 -185 -418 -2 -340 208 375 -308 -1143 284 -410 -499 -914 -954 927 -120 -544 -238 384 372 -1015 -625 123 -210 281 -197 -355 471 419 390 506 170 -195 227 793 287 -344 743 545 -243 774 674 -773 943 -817 -713 355 247 -288 121 -534 -495 -865 365 230 -344 104 438 -581 183 610 -910 -228 728 296 -850 -422 -1334 606 -266 474 621 122 -131 77 -472 -181 350 -975 1184 340 1522 -790 -359 866 -201 -133 124]
[451 1057 831 -264 507 -423 436 -15 127 430 248 -868 -276 542 -980 -316 -295 214 288 104 -687 -929 -810 -416 -538 -250 -38 227 -1016 0 -172 -186 -178 959 -465 -82 801 -269 214 -199 7 -1 -232 -677 -173 -87 854 -545 -771 -371 281 117 323 -110 895 538 303 583 1418 1238 510 376 305 -98 -74 536 121 -19 602 223 913 -1177 262 -838 -266 94 311 -212 -316 -1239 -518 -311 67 960 179 -433 216 -139 640 422 317 1265 466 -132 -1071 -487 325 583 120 -305 47 145 711 678 -395 139 1864 -372 -110 -351 -732 59 389 3 -706 -201 720 398 125 356 217 256 -346 591 -1332 181 40]
[-773 -975 192 514 -766 -90 -382 -448 -146 58 -307 -729 406 284 415 -1014 177 -204 168 245 55 -334 -245 439 24 -774 851 311 502 -79 460 1241 1117 -244 -783 -440 -125 472 303 -468 -933 176 -9 -619 163 -152 -335 -329 -118 -536 390 -296 -487 96 -95 142 -1127 -964 399 592 -1368 793 -140 246 -209 1044 704 477 1250 -197 -389 371 1144 170 -229 -205 -448 -42 -418 450 -575 -480 -110 -763 822 -226 599 -297 -133 -398 -460 -251 365 -206 -9 471 747 682 -110 13 173 -123 472 120 -259 158 -60 258 161 -409 -135 128 -226 51 519 -165 -530 4 392 654 26 -1077 -620 -259 -209 31 -814]
[-459 253 1109 -350 53 -923 -609 -442 -1208 686 100 -196 -247 -127 -183 -58 -101 6 -438 -355 -375 120 -67 -606 4 -22 736 -182 -710 -203 228 -285 270 -174 666 -90 -183 -301 -117 -800 330 -324 -240 -303 118 -369 579 1106 -117 -118 -377 704 36 1023 393 -841 330 884 809 195 1257 -342 74 -317 -164 -858 133 -269 -729 43 -105 -399 -50 235 -217 192 816 -31 843 668 421 -292 710 -527 260 336 484 380 44 734 275 430 -697 -420 -400 219 73 318 62 -161 256 158 -718 46 335 -534 96 99 -718 -781 620 474 153 -827 156 527 496 -440 -531 -516 -407 1147 -487 636 185 473 680]
[1104 -189 945 -288 -132 407 804 653 -220 -472 363 -333 295 -170 -636 1559 -381 197 159 877 -505 -150 123 787 -148 -5 694 594 -114 -255 60 -785 -30 267 -256 -88 -609 -306 376 229 -24 -32 230 -455 -554 230 -391 490 356 -38 85 309 -597 333 -209 -157 912 141 408 -546 352 138 -44 401 834 -411 450 -500 -154 -20 819 505 994 -105 418 -783 872 429 -35 80 134 -1341 12 925 224 33 549 -669 263 706 109 218 493 -229 -769 22 -527 -880 -916 805 70 -153 -676 -622 -502 34 -210 -327 537 152 489 -43 63 8 -611 136 -379 -414 -256 -250 -210 923 -822 -374 -617 971 851]
[-246 3 -544 543 -437 -358 963 324 208 -396 197 359 739 789 137 -54 -730 1095 530 -77 -482 -406 189 265 901 253 84 291 -447 -645 28 -102 -577 -410 -501 85 -13 341 32 -499 -742 226 -954 346 283 661 -1251 -389 277 306 -610 586 -798 -342 -190 982 -457 -278 279 -284 -618 250 146 -387 151 -50 50 427 336 -738 -984 -352 -374 142 382 36 13 338 -947 1181 -1008 1009 216 250 -252 137 659 -1260 -104 545 -83 -10 1024 183 1001 -25 258 259 537 -510 212 -1149 411 150 -54 -80 995 918 -144 33 -238 173 -308 -16 260 -791 -150 -435 -169 1204 959 35 82 393 373 -365 595]
[119 -89 801 290 489 -218 -209 -461 117 -869 -213 881 -18 -163 631 490 -182 -732 -1132 543 76 546 -16 -98 857 335 -7 913 68 -438 101 406 285 289 219 83 -197 422 -626 -105 -378 86 225 491 326 234 -593 901 40 -1186 -636 -241 -1082 742 956 383 487 -256 1480 -167 77 250 303 -718 -486 190 -46 428 513 -435 172 919 -571 538 1204 703 -66 -271 260 10 473 65 977 188 55 17 3 782 567 724 -299 -64 255 -274 -113 -119 647 -463 -55 -253 589 -449 13 555 -130 -76 875 283 -186 -55 157 -256 -284 186 20 618 -312 -396 42 -651 -240 993 -248 -691 -101 -418 433]
[-226 -187 -43 464 573 -100 494 -68 331 -271 389 774 -178 177 340 615 -520 559 1255 901 436 459 766 -395 -712 -584 -96 -73 -495 -72 96 -544 166 559 34 -584 -95 -1005 -315 -182 197 289 222 195 -386 511 -285 -1053 -418 -54 295 -147 -218 212 1737 541 -817 61 227 -1103 -23 -332 -377 393 -164 -413 -228 927 1071 440 3 193 16 360 -459 -505 -615 464 224 -575 -1008 220 -202 281 -211 859 -53 -298 -284 484 839 -50 293 398 916 -661 -285 -611 -381 -223 -16 -247 -321 -218 -863 -313 -369 6 915 453 -478 325 352 532 1101 -76 181 331 1175 525 623 -167 218 14 10 -277 -290]
[990 -391 32 -1058 -397 243 -38 323 -599 827 -298 -716 43 -215 303 254 -234 -62 196 43 -347 54 33 -799 357 -321 -6 -382 280 496 -544 118 -208 -271 -150 439 642 -241 -145 818 -14 -1147 118 322 44 -530 -1207 295 -480 312 32 -232 282 75 -361 889 571 -62 -1199 -193 802 -527 -128 202 -94 -290 -622 764 -715 -496 -914 -98 -386 -421 -657 86 278 438 201 476 -1280 146 -302 -664 254 62 -868 -582 -719 209 -136 -833 -214 642 123 -562 -685 -14 -489 133 -666 321 399 -688 -216 -434 43 3 678 997 -874 304 247 210 290 -394 -282 262 -1170 95 -140 -525 285 -109 982 755 440]
[-655 1399 344 -211 -961 192 -89 317 249 865 852 248 -33 101 240 -23 -436 27 209 160 173 351 711 250 -646 1211 -170 -304 -1158 -32 201 -109 249 241 -63 -540 67 -565 347 336 -358 822 414 -696 -588 720 -15 -1151 -209 58 344 172 -302 -381 169 180 -144 203 528 -1144 -30 -545 251 -284 185 -886 400 -339 146 247 1148 -624 873 -728 -611 -463 -350 -330 486 -773 -1315 -49 -346 -436 479 1191 257 -40 -1221 -805 660 355 141 835 -20 499 187 -696 -33 247 12 -227 -151 521 798 415 -261 255 157 230 -382 -245 15 29 3 -287 270 30 651 -386 0 976 -166 45 -576 284 -787]
[615 80 409 -297 130 -41 -445 -394 -1035 -199 563 586 -957 -462 413 567 127 125 -320 241 463 771 128 -350 454 1071 620 -173 267 764 144 -46 -420 -200 -534 -342 -934 -104 -617 -215 -8 355 -818 323 1202 153 661 1328 259 -512 -11 -445 145 276 806 467 -772 -1690 805 66 -486 286 -286 -101 -329 -925 -379 -22 95 8 860 1296 297 55 372 -523 512 653 1084 500 -443 -876 203 -34 -275 -362 -547 218 587 245 -135 174 -289 982 -293 692 -390 741 285 -433 -96 836 -880 517 427 98 474 562 110 39 104 -179 154 -370 143 125 307 -234 103 -162 -133 -601 1309 -148 36 -137 730]
[-652 150 127 271 19 194 -1051 -76 -597 571 630 488 -1031 -277 435 170 -420 -241 15 216 982 427 -43 -378 -298 -92 419 -249 17 441 224 486 518 193 442 684 -566 -956 335 416 -163 98 840 -211 559 -848 -139 -925 -283 -490 -500 -515 -528 -29 448 68 -261 -76 -581 195 -553 14 707 648 -216 -312 302 133 131 855 -163 197 -71 -458 -700 -508 -748 -324 569 -654 -236 145 -995 -343 -298 -58 -674 1065 -113 -746 -219 209 -810 -678 -258 -119 364 171 -267 -178 -557 -910 -17 303 51 521 -594 26 186 557 -699 668 24 220 1182 -348 -803 1517 1101 -457 -245 -3 285 -342 138 -225 -396]
[-454 725 -163 325 -8 624 552 72 -464 -357 338 -226 -112 -488 715 894 -239 -753 361 14 -984 153 276 447 -142 1115 315 113 -549 358 370 145 257 356 -545 -758 45 -60 -36 -261 -180 121 -62 692 561 -732 -375 1272 83 -101 -438 -865 -310 -1054 -191 212 301 -656 -880 -203 -588 316 -100 -607 235 -359 -606 11 -263 -193 -310 119 154 446 -63 -680 325 1184 891 298 -124 -432 201 -901 45 -239 -172 -96 13 424 -621 -538 332 73 -171 975 -553 825 68 -763 608 -3 83 -84 340 -577 -367 480 -993 -183 525 -352 -199 -347 342 224 764 -474 669 -197 -584 38 -509 51 592 633 -496]
[371 -215 155 11 327 397 -1320 -97 256 -168 60 431 -128 -5 379 494 697 428 -601 -826 -60 460 -337 -376 322 20 -261 -58 -954 102 -865 230 673 -76 -484 -1058 628 226 595 67 -312 321 10 -120 -341 147 287 805 -615 -202 414 240 149 -544 309 303 98 20 303 212 815 56 -393 -195 -709 164 408 -156 -140 -572 22 -975 -159 24 -30 377 -83 -183 -163 305 336 -398 759 312 635 390 612 -11 24 -266 568 -340 408 383 323 126 -10 77 285 212 49 -105 -54 618 325 -388 195 65 -319 -40 671 405 -32 134 25 992 229 -227 -496 698 -745 -94 872 -264 -9 -1141 -982]
[15 157 -614 42 17 29 68 -638 740 351 429 1060 92 -1137 732 502 11 560 312 -604 735 130 657 384 -615 -1 54 165 464 842 -685 1025 251 -296 355 645 188 214 333 -530 -602 -923 1603 579 5 -993 -685 439 -952 644 -390 -539 -442 -60 318 -369 796 556 -537 706 -236 41 138 -431 -138 -724 409 -585 -175 -195 1023 56 350 -293 429 1145 -448 198 591 -376 440 609 -456 1095 -89 980 -738 -610 -741 338 639 -61 934 -251 -84 -124 159 -109 460 333 273 -256 320 375 613 -328 989 -231 59 154 -832 -360 -786 67 313 914 -34 -339 -758 -497 586 727 730 -193 105 -61 -482]
[156 230 -15 -937 -479 -255 426 800 -698 1188 -379 130 338 -160 193 -586 -1012 165 587 594 957 -458 742 75 -650 -10 92 -69 -634 286 -171 464 504 406 -619 -601 245 124 -927 226 -233 168 -410 -796 -280 -58 115 -319 110 -435 435 251 -225 600 814 617 -496 -150 289 -76 -772 -940 535 446 132 196 470 801 -391 -705 340 -336 68 -109 203 -198 493 -307 -42 283 -459 -1055 443 329 550 269 895 -78 -316 -380 -476 705 638 -181 -287 -386 997 609 139 -849 -248 404 53 112 1492 584 -111 210 -516 -294 302 375 272 568 -743 -1040 559 -448 249 740 661 -155 -340 478 -505 16 260]
[181 -491 0 -317 -181 806 -640 -17 320 -801 -111 95 321 233 194 -793 454 909 114 -13 119 205 348 -173 403 -779 165 -148 456 154 -384 -75 316 -527 -37 -539 70 196 671 -555 429 360 217 610 -7 -475 -83 -100 -269 1590 233 -518 11 -477 326 -432 -453 361 -347 1077 657 -694 -174 79 -586 48 18 -137 879 -279 1204 -924 999 103 11 328 -160 -117 -228 -649 -534 -535 -626 344 -261 -288 114 -32 -873 -241 865 -523 262 -366 121 -296 -528 -76 535 323 1063 479 231 -1449 -354 486 220 591 238 141 -83 -518 786 -668 -920 284 -49 -161 -1026 178 -146 16 -111 -586 133 148 -426]
[-585 821 -804 -48 86 16 250 -28 501 1283 368 -1068 -427 -352 439 -376 -900 358 863 63 351 -548 -48 240 -921 -146 -157 191 59 479 -3 55 -800 -121 94 1123 275 8 -343 -602 -397 38 766 -82 40 -1276 -418 -518 -711 -216 -706 -286 132 572 453 108 344 1031 -254 680 730 557 -62 -137 383 -296 -357 696 -399 -204 -549 -577 -861 226 -147 716 -30 -133 299 487 -177 653 -243 384 1 134 410 -523 -966 544 -369 788 -294 -197 -872 293 157 522 856 -383 -565 12 92 77 -4 -96 196 -11 -659 255 -534 -304 -649 -89 948 846 -650 197 -89 365 729 -732 -115 652 -17 390 -125]
[-499 -635 296 -42 51 -201 386 796 258 32 -438 1398 -361 283 -492 -1364 -442 308 840 7 266 68 508 -893 -42 569 -515 -794 -183 788 -460 511 398 90 111 -215 246 34 -35 -592 41 207 253 829 -142 695 -60 -616 -261 675 639 129 1008 82 281 -55 -342 -185 -562 534 245 -310 137 -53 -1393 -283 185 143 -28 -214 65 -502 529 -790 -541 -398 118 624 -900 -281 718 -127 335 911 -262 -289 340 127 291 -124 773 537 258 342 -222 -1076 187 453 -163 -529 953 775 800 -418 388 -204 126 607 -25 259 -144 -253 424 455 -257 528 389 -89 -1476 686 1336 -661 595 127 -380 249 205]
[394 -1162 22 -29 -58 -160 493 183 -502 -838 -1014 -5 682 -78 410 -765 494 98 -360 13 459 -732 578 -72 371 395 -984 224 1138 600 -60 775 -281 -651 -1057 -410 423 219 -710 482 526 -246 121 73 -508 355 434 -894 -488 526 384 -303 454 -1199 -156 -267 -422 7 -1010 831 -377 -801 55 525 -355 1024 598 235 307 -645 420 -661 468 139 -373 102 1076 446 -727 43 -196 150 -592 416 153 -329 175 110 -201 -655 48 -675 213 669 -72 -642 -167 -294 -457 399 203 135 349 -133 683 -44 71 176 33 1020 237 295 430 325 -184 -266 -632 -518 -170 1078 -83 -494 150 -1175 -487 966 216]
[397 -252 487 -92 -734 -556 -1444 352 -344 -293 931 -305 -529 131 -392 117 853 -313 -486 -442 779 259 198 511 294 -23 401 -120 1029 540 -225 249 196 -318 -8 367 -427 84 -63 -259 330 -527 967 -607 773 23 362 521 8 -725 133 -407 149 336 -30 -879 -32 -327 94 574 23 580 353 206 -359 24 -71 -280 166 1404 -338 -9 320 136 -983 35 -19 -554 -68 74 1253 543 -49 127 -229 348 -6 -13 -123 -377 -256 -154 -628 290 334 759 198 119 -201 89 -403 204 98 355 -196 7 -433 304 1124 -406 89 233 -124 552 224 1398 -426 385 478 -385 -460 -1137 -640 199 -223 -1036 -838]
[-288 3 -20 -2 -170 396 3 157 -219 374 51 871 -457 -476 578 -808 -730 850 962 -822 -246 -440 521 -952 471 -49 38 111 -433 -6 164 572 -211 -342 -89 -252 192 -1222 909 269 -88 -273 118 305 428 357 -873 -942 -263 -253 -240 437 -784 101 258 -12 -10 185 -478 -930 -280 -825 99 1075 -163 -734 263 99 -496 -715 70 -127 1 -27 -834 -439 60 -293 118 712 -962 -237 -268 288 -990 608 137 -1501 -792 16 96 -105 32 452 -515 -600 1195 -722 312 184 753 -914 173 377 212 -1073 530 605 -298 232 -470 -530 -235 -76 99 -50 324 126 987 729 -538 742 -195 -213 -526 888 -84]
[-68 1214 -15 242 -520 177 -24 -345 -141 -201 553 -287 632 632 -99 -430 375 162 -406 -145 -275 -513 27 286 223 230 -602 13 -344 -373 265 -32 237 -327 -145 -616 599 -231 -475 304 -260 5 -377 -491 -570 115 -135 -41 846 -854 459 632 -911 -556 -16 59 30 -93 781 254 -630 8 -650 -588 -84 456 369 766 -334 -224 82 -1016 502 878 152 -194 -511 -242 -232 -87 -553 -11 -85 -823 109 59 -9 -343 -812 -1578 -29 1034 -136 720 36 706 1074 97 -195 778 -153 -78 201 -222 -102 -47 -345 160 -1282 -460 582 -324 246 45 -72 -307 157 -440 347 -29 1007 -136 93 693 -351 -355 -1139]
[-619 372 228 1027 310 -431 337 45 524 239 -214 -714 151 327 -606 122 -51 209 -586 -277 -301 -1214 -365 795 -548 -1092 -114 299 -420 -809 437 -63 -75 -21 -175 -275 381 292 -585 -308 721 -455 -270 -533 -840 -93 -459 746 350 -117 577 61 3 -96 24 -192 -514 -135 1172 487 -2 160 -256 -444 965 365 178 32 249 -291 -947 -540 -539 117 672 5 -259 1439 63 933 -9 -350 1034 146 1018 -938 586 229 45 143 101 1181 458 -36 -1220 343 484 297 -12 -82 446 28 -803 39 -121 185 73 -373 -849 -376 535 408 -147 -203 318 426 690 -887 553 187 -102 -594 -311 466 -151 -444 -698]
[151 82 492 -36 693 252 -378 -370 -701 -354 -81 640 -602 -599 -19 -332 53 -642 -891 -1120 -241 -530 -279 -926 -203 -175 -472 42 321 -291 -162 1175 227 102 -509 -333 424 -124 -870 28 557 138 741 2 -914 -75 -659 191 281 -848 615 127 278 -458 -727 -247 583 -64 -68 231 410 754 -31 -17 -896 695 -420 284 -144 381 830 371 545 80 -273 253 36 -202 626 -483 -360 520 -35 -302 522 -388 319 -353 -320 -65 334 -233 -699 -930 138 -46 -743 -278 -369 469 -583 1051 -418 -437 -272 203 -157 -253 -445 -699 866 415 754 715 -184 -347 123 155 576 -365 -75 724 526 -194 -85 376 362]
[571 136 -267 -696 -18 -147 -939 -392 13 -509 489 735 -383 664 -34 -154 211 -120 -400 -259 253 -235 1097 208 597 -688 65 -431 160 -567 627 75 465 334 281 135 266 564 567 4 537 -397 482 55 85 355 -341 -352 191 -317 628 273 -340 -170 314 -541 -1000 -1213 -159 787 161 269 -738 352 165 -590 -316 135 111 234 -88 -765 -844 15 -1171 381 -835 -768 -709 -582 -73 61 -530 -585 336 520 255 102 -689 -935 287 152 -182 294 425 420 531 39 -499 40 -604 52 -406 -1 -1201 717 -344 508 509 373 133 941 -434 51 132 542 -1401 881 174 -563 -479 -73 -140 -171 -170 -495 -686]
[87 570 501 -455 -826 -340 -1117 -365 -172 526 -299 -1781 666 -95 137 -692 563 548 273 -218 251 -51 400 -543 -160 125 -1220 -602 49 524 460 -540 54 557 -231 -430 -70 -594 -389 -327 536 -354 -1060 -1308 267 -127 623 857 -188 -903 250 -285 -116 80 -951 -449 217 284 -197 132 -588 -297 90 -137 71 508 583 72 -524 -268 -504 -334 44 -80 -611 69 1031 -751 599 677 341 -258 15 -275 119 786 143 -352 42 483 48 -181 -1367 163 440 824 48 288 -162 49 -345 -98 21 546 239 -303 445 711 -399 -1184 -536 -216 -581 -23 421 -329 -146 411 -99 -17 -971 -920 -471 900 286 748 -60]
[1124 435 -1089 -508 -576 491 304 -164 247 710 -5 317 -245 601 289 542 511 992 -109 -765 180 -995 -36 61 -152 624 334 -479 183 261 295 -540 423 -540 190 334 -319 630 928 424 -188 -4 -239 -488 -312 141 199 711 -357 439 169 733 153 -573 -847 270 28 55 -495 598 1286 -657 -398 651 -358 -561 88 -272 111 -580 128 434 827 -669 -874 -232 -854 -1212 -694 -258 96 827 -1480 -113 -1143 23 -199 157 -200 -832 -53 580 -893 87 682 -249 558 252 961 -485 40 1093 -5 307 487 408 -215 225 53 574 219 282 -298 348 -43 -289 -382 982 238 89 -1460 553 820 55 -186 398 -801]
[-426 267 -149 17 96 -114 -485 -461 -550 -91 -14 -604 513 43 -232 -488 758 333 -186 -268 166 -303 -115 -812 500 8 68 750 -997 -116 354 147 -449 398 368 631 -51 107 -510 279 -1122 -1077 175 343 513 -173 -121 -122 609 228 136 -18 -66 -304 -334 892 -270 -207 458 1371 141 603 -481 -70 -349 -398 -387 595 -370 -628 -324 -1020 -42 -652 -1058 -569 7 416 669 197 -343 -504 693 -241 -325 595 774 -289 658 268 996 640 385 473 206 113 -94 295 829 -373 -219 577 658 -554 -469 270 757 622 -272 1078 -1175 449 1513 261 -9 599 426 215 -1169 -114 555 -25 62 -276 -461 411 75]
[676 772 -1131 396 -889 -274 190 449 1111 173 211 -544 -61 -347 181 389 124 528 702 254 571 -934 501 -132 -1221 -203 -228 642 311 -143 -172 -445 748 -106 -166 270 551 797 -796 -56 -431 -464 659 -1183 -1057 458 -315 412 -163 -638 526 448 615 -277 -350 -169 -472 430 181 -390 116 20 -11 -107 -810 -572 521 132 392 115 -489 95 199 -104 522 -323 227 699 -274 9 -61 -241 -595 438 -201 -220 -184 -616 -211 158 446 534 -59 814 -302 623 64 -268 -238 253 7 476 -345 46 -143 -329 -634 596 115 -67 -446 -337 -749 544 174 581 -320 -941 467 155 232 -337 421 495 -138 -135 -864]
[-905 392 320 814 -551 -1060 147 -66 609 155 300 -275 -823 257 -691 192 341 -679 -42 -582 -658 -961 -701 60 -939 -315 188 -111 -408 248 -468 -160 515 -141 -667 -67 34 -169 -234 -948 171 -435 -578 -1247 472 570 599 -352 421 102 190 -81 1033 35 -40 -111 183 30 71 646 -99 1347 -46 -567 -178 460 -362 -646 -205 1018 -567 316 -261 -335 -131 868 -823 681 -660 -535 1771 830 114 -76 472 792 591 326 412 330 346 104 320 -212 42 857 -622 -588 -390 -286 332 -465 356 614 626 390 1363 -607 570 -830 -90 198 -569 -277 365 41 404 480 397 -183 -668 -790 -716 765 227 -1292 249]
[-141 -968 559 -421 682 45 734 65 -1250 444 -118 62 931 342 -320 211 -85 255 -682 124 -41 -339 25 837 1042 -543 -315 -904 513 224 -36 624 -427 -736 -91 -55 333 41 228 -60 78 -653 -137 828 -56 374 -369 -61 223 -179 180 150 -118 -440 -17 -57 117 -138 199 862 107 -1418 -523 178 329 328 -742 113 -421 154 249 -11 221 -839 -265 32 443 395 -1156 878 206 125 -42 213 344 496 593 442 -677 -35 -429 -307 -257 -294 -479 -1366 349 -662 -474 656 382 -261 -39 359 167 -231 163 -540 341 373 472 556 532 325 -846 -689 152 226 -1612 192 1118 70 -299 -592 -228 667 813]
[-230 415 284 -506 144 66 -298 399 -747 -18 1075 -70 338 61 -438 -392 179 -255 -1198 -871 -644 -410 -221 -303 209 716 -43 460 -401 -53 -210 205 -157 -528 -397 -420 -62 788 -362 36 887 -155 -537 -994 880 274 658 -276 540 -566 -164 140 -547 -485 -584 -309 -173 -109 259 -196 -50 264 -507 -92 -683 -483 -195 -40 -529 -106 303 -446 218 7 -486 196 671 -437 430 484 255 236 288 -986 -310 -58 409 -411 110 -1262 209 201 122 170 -153 1132 -241 -316 199 94 -871 748 154 -113 -61 333 -72 424 44 -654 1167 253 380 60 -361 -122 780 -457 969 -343 -10 -199 592 666 363 626 182]
[-1139 -407 -189 -455 456 -101 -718 -308 -174 103 -46 -1187 -422 -283 407 311 792 -108 1072 -201 22 679 -1117 -753 -330 -1023 -330 123 -1407 314 -420 -3 455 1 697 22 -32 -307 -360 -97 -878 828 -360 147 940 -372 487 1 -622 -270 -373 -424 1231 542 407 -169 -356 -416 -23 -328 22 684 176 457 786 96 -202 609 244 6 -2 166 393 77 255 -625 713 -389 412 -249 -1000 -544 280 54 -476 -454 558 703 1654 1019 -352 364 -580 367 745 177 -373 673 323 407 -265 302 -192 116 -193 -413 373 590 -404 -584 -289 -880 687 -81 435 751 857 49 -691 -537 202 167 114 1 -617 -272 -488]
[94 1201 -489 90 284 -651 1172 195 449 773 -439 -1121 695 331 -425 80 353 -572 260 -200 87 -1044 1 52 174 -3 -647 1157 8 385 82 -773 -525 685 231 652 759 -102 -42 -380 90 -457 733 -461 -588 122 91 -237 -538 -120 -38 574 -86 -787 -123 534 690 540 200 80 -22 274 410 -197 -149 483 428 42 106 5 -106 -752 -203 558 243 -410 -268 -256 -1032 -465 773 92 337 401 1285 819 -94 -1139 -114 956 -455 11 735 427 -170 -320 -214 -444 -449 -201 -21 440 717 -299 58 -568 70 -514 915 -254 -715 -416 402 804 -108 650 -59 -372 24 307 -407 -74 -406 945 -259 91 195]
[116 147 -411 153 1170 71 897 -37 -292 304 -196 283 419 -172 877 433 -199 -518 -342 -8 1 -1384 -426 731 -249 -1363 -165 499 139 -195 277 183 236 237 -150 863 453 1015 25 47 189 -576 659 995 -477 -396 -136 355 66 782 -35 -907 -93 10 74 -348 -1057 -397 825 -452 -222 142 -290 121 334 16 -11 -536 563 312 -686 212 -803 114 224 333 -88 279 -256 -238 295 -43 -689 -105 1089 -250 -121 -554 -1111 648 625 507 -106 -714 -206 806 -99 703 527 -453 -229 427 -376 332 -951 404 -303 -326 404 338 1022 489 -909 -395 -1328 619 -449 7 -186 340 1562 -553 -194 250 481 159 242]
[-691 665 380 -468 248 -503 128 -606 95 524 305 -219 233 -25 1097 227 -132 193 28 -637 -514 -282 135 54 831 -59 -1020 237 -703 488 -286 164 228 175 -431 -41 1021 -158 -423 2 -333 -97 -510 580 -86 671 -646 230 -742 151 767 -153 49 -172 4 105 -59 -1043 -41 -404 438 692 -885 257 -445 -109 47 265 178 -62 -389 377 316 645 -12 610 90 -58 -285 -11 -753 307 480 -1132 480 1183 125 -547 -1620 8 824 -511 150 -57 68 564 -845 559 626 -218 -168 353 -385 104 618 -158 877 16 244 224 427 -1 -321 -113 0 -342 -315 -51 -493 5 280 -250 478 -4 -99 35 653]
]