[[-161 55 -3 89 -181 269 -129 -106 62 70 269 45 364 -123 213 492 592 -80 -169 -386 -700 531 -427 -214 -333 -79 320 -526 -181 290 11 -314 763 299 -321 -64 -44 309 -29 -215 -186 308 122 -69 -26 166 497 -183 -213 -187 -352 300 111 400 64 -203 345 221 -133 -4 146 -345 239 -19 -549 -496 350 340 -74 -67 141 -196 472 -187 852 -118 19 30 114 -95 164 -80 -56 -334 -494 496 452 51 -19 14 -325 -120 -788 -160 -248 513 -101 24 -93 124 47 -227 91 137 -118 -284 373 -261 356 105 411 -229 115 -24 351 287 77 208 -282 223 -399 -262 158 750 556 49 64]
[20 22 -139 117 498 -301 193 297 464 483 339 -161 -37 -487 -440 60 383 45 -351 399 -290 -64 495 270 -290 -358 -351 110 129 274 -78 -37 -181 -156 496 394 -413 -102 354 344 28 -1 519 -506 -119 543 -38 -52 -113 286 223 530 -233 -45 -504 -29 -275 86 344 -443 -109 444 -253 -408 -383 792 209 260 -263 -209 670 45 -169 -334 203 196 126 -593 321 56 -162 -172 211 328 -522 -109 -253 271 -296 -193 -18 -204 53 -138 -272 -86 -376 -324 -468 473 198 -88 -686 378 25 61 -464 -227 161 -386 508 -329 526 -130 235 -38 -379 319 -17 -83 -98 136 451 324 146 -74 -107]
[-212 74 209 338 -65 88 -9 478 304 -569 129 272 -57 130 157 -86 52 376 -543 -327 -455 634 -571 -165 -241 455 159 11 38 -134 151 286 303 246 15 36 912 -455 -344 -348 582 231 20 702 -378 -353 -395 -150 18 -450 23 507 -335 23 135 -92 -11 -139 50 93 -615 -819 133 714 -337 -454 28 -93 -96 -163 -455 -115 -478 -146 -43 -117 104 223 209 123 2 -286 388 111 -186 283 210 98 295 235 -384 76 -617 54 -36 300 372 985 -21 -824 -3 177 -84 317 -335 -187 514 -417 -24 206 -306 114 283 -34 -125 11 548 -17 408 475 -706 148 -737 91 29 -438 -415]
[-317 -380 -472 169 47 -89 76 -49 367 372 463 256 -55 -82 -236 733 608 113 452 -4 -571 160 153 292 -412 -399 50 -239 -398 734 509 -85 -216 284 -317 -39 -542 353 412 137 -229 424 450 -386 305 467 821 25 -132 504 -854 782 110 -412 -29 -53 397 728 207 -578 193 216 119 -688 111 628 -163 160 134 -236 642 657 611 -321 403 225 -188 -445 -426 38 -169 -93 -616 197 -649 -524 -7 -18 -450 -60 52 -163 -4 -303 82 -343 -72 -36 232 698 779 -521 86 -72 596 -20 -378 592 -143 -355 626 -789 -341 -107 -16 -34 -234 -247 -179 -733 93 -18 -112 559 -333 -161 614]
[-34 108 -124 -886 295 -327 -143 -381 -18 180 -530 -331 299 -75 12 44 -140 -553 244 362 304 29 -144 -5 370 20 -136 -179 -65 -514 401 394 -141 -207 -13 -162 -227 -667 -255 -190 355 104 -410 -219 56 160 -1 237 -655 7 258 -301 225 238 -587 85 -17 -588 -375 3 -293 1185 -327 248 812 -339 -87 303 -327 -410 418 161 95 -128 -382 264 96 -560 739 -626 -172 221 130 -199 -567 -266 533 -111 -189 -214 184 -348 702 496 -24 269 -152 -757 -494 238 -73 647 -162 -210 -62 255 -41 -211 322 -468 -103 209 98 304 -22 -376 6 126 2 -2 213 79 491 407 619 505 -279]
[267 -114 -260 -687 -238 277 496 110 -185 -57 94 274 54 -537 360 -140 121 223 -610 -476 -790 642 -766 -476 -269 82 701 -373 -5 231 44 371 363 317 106 -194 871 -280 -122 -1053 375 -220 -524 542 16 53 57 -154 374 -73 108 -88 -62 588 -42 -433 -151 -1097 -123 531 -47 -81 -112 790 -92 -304 -263 149 -497 319 -444 -710 17 -198 72 -498 371 -372 652 -240 -209 -526 216 156 247 717 949 -167 45 107 -288 33 -81 -217 97 483 -225 -30 -403 -275 -288 -104 -183 497 -366 -445 788 -301 575 412 1 38 -200 -519 -359 -505 172 241 -229 139 -1021 -75 268 388 510 -575 -423]
[-278 545 725 -212 92 406 30 281 340 -772 -252 49 726 283 216 -387 -327 136 -93 174 539 140 -24 179 315 395 90 53 -282 -577 53 38 -477 -354 -240 564 448 -424 250 214 650 -100 -524 613 308 -160 -348 136 196 -507 -291 -189 -284 -33 -225 -35 -64 -370 -660 45 -406 -47 -241 733 92 -134 20 -208 94 -318 -481 -652 65 360 -331 -488 1 -318 630 -616 -5 -42 960 -546 7 -7 459 157 70 -260 -257 -516 -640 521 -212 436 -3 27 -560 -66 352 865 458 -462 -198 171 915 -1069 475 529 339 298 325 237 -58 163 85 275 256 673 -70 99 -32 -559 46 100 -394]
[-103 72 369 9 185 59 206 1 110 241 -275 405 473 -196 -261 236 -130 31 296 -133 -935 62 -32 -209 -211 425 584 -427 -448 -157 139 -101 -442 271 -651 21 149 166 49 -547 445 160 -576 -91 -668 501 -217 -183 375 -20 -306 -84 85 489 -163 99 607 -32 -179 220 -566 -243 -645 135 -194 485 -73 -67 -277 -301 -336 -215 530 -479 -450 -435 -362 -80 -5 72 -150 441 195 184 -307 -319 -397 -103 -124 -360 -125 67 -117 -130 257 284 75 39 -289 397 417 -137 336 -192 -175 -193 -652 -23 186 -260 302 -710 105 266 218 -550 388 65 195 -224 97 456 190 593 14 -572 -591]
[263 -26 240 67 -239 140 -435 -875 -18 -342 453 -593 -623 91 249 -271 400 38 169 -82 114 -400 -284 -553 -281 -415 -748 -154 -39 138 237 309 169 286 182 2 376 -306 58 64 70 67 339 77 198 -366 0 -67 -638 -356 -409 14 -91 24 711 -615 -282 473 -407 -22 187 -365 151 194 -114 -513 648 59 375 250 499 405 37 480 423 -184 627 -23 220 -505 262 -118 -174 -420 -407 778 802 9 277 -24 116 -222 -659 -384 113 -466 71 78 167 194 -582 -265 546 21 379 162 -31 -247 9 -184 -143 236 -423 -46 456 -57 135 0 353 281 -285 -180 63 115 186 656 776]
[50 -191 443 -293 473 111 -103 -149 266 68 -53 354 993 -540 -299 264 -682 -321 26 -16 -23 58 580 422 -194 -615 81 52 330 102 -15 388 -11 -168 217 -236 -686 448 -58 54 -24 -261 -77 -917 -153 645 -541 -31 532 98 -76 -254 -34 -116 -654 145 -254 -696 -8 470 330 464 -533 -203 -520 274 74 -100 -451 397 -425 -495 390 76 -559 -532 -108 368 60 235 -15 794 556 -541 772 351 -632 210 -43 -459 234 284 458 -613 -139 538 -334 -768 -403 278 -158 -344 -562 185 -545 -17 -70 -182 856 -298 191 -349 539 95 59 -176 -295 24 -173 260 795 551 817 -105 566 -608 -371]
[-89 797 840 24 -269 176 -242 -202 -50 -401 -315 155 -174 -248 -284 -810 -520 -142 -426 261 -125 -190 -472 -993 313 -32 263 -189 -517 33 180 379 199 -51 -650 554 523 -582 381 -307 574 -66 -509 606 -548 -275 -207 472 -334 -11 -19 -308 143 322 -86 432 -221 -791 -587 -254 -902 -850 -684 899 143 -178 76 252 244 -185 -323 -266 20 393 -3 -524 747 -303 -113 -1025 237 180 367 -90 203 4 309 108 321 -261 63 97 -70 320 -38 348 99 -311 -463 129 -97 587 632 -532 -446 320 283 -803 373 -373 -643 18 228 358 -86 -329 799 595 643 253 -286 239 -230 403 -236 674 -462]
[-454 626 -302 371 -671 221 -190 166 -117 -867 -96 -164 176 -70 -122 -781 -435 -146 1 -168 1522 80 613 474 422 -285 -48 316 249 -58 -471 -385 1111 -701 35 -496 -522 166 -235 558 -431 -268 -415 254 842 -170 40 362 -94 -105 -132 -724 1 -148 -182 409 -726 -22 -163 -142 312 200 294 -432 924 -302 199 77 320 952 -356 -249 -12 343 349 44 284 460 -792 56 -283 337 -181 -440 1318 132 191 146 -194 -374 278 697 514 291 -719 327 -257 -383 0 -323 -585 293 -154 -662 -180 732 191 -545 192 221 -13 802 50 39 -608 546 -90 27 -762 -86 993 -106 45 -699 -384 83 -118]
[-195 470 234 630 -479 -11 -354 -626 26 385 -502 162 -813 472 -24 -230 -546 314 687 -193 610 -425 -153 283 -174 145 -245 209 -497 577 -174 384 -83 234 -1011 79 192 -48 44 138 235 442 119 492 -464 -415 -126 512 -368 5 -453 -387 84 -8 471 -201 -77 574 -387 -553 -142 -198 422 -296 956 175 6 -142 844 409 279 659 237 -88 113 295 183 -490 -299 93 195 306 -650 -8 575 -276 196 -300 -116 -188 235 243 593 185 -138 -284 330 -295 245 397 47 -444 75 -762 294 738 -396 -112 -614 -282 -848 345 -740 67 -558 -63 489 -343 -72 -801 328 40 193 265 -904 166 416]
[-175 354 -98 146 -319 -252 -329 -194 306 -47 545 82 -555 -299 -381 -386 240 59 170 385 504 -512 835 -596 86 -515 -357 -714 -72 -71 428 0 -195 -90 -322 318 353 -271 360 3 0 -109 97 29 -234 490 189 64 -301 766 -321 -150 243 -680 362 361 182 114 34 -580 -696 338 -379 14 510 101 -148 244 105 -519 520 892 5 -280 92 25 363 -124 -124 -640 -391 -121 -759 93 -1115 -895 192 159 -266 -366 110 483 566 -218 -369 -315 -44 -68 124 287 70 515 -242 412 791 247 -1202 344 -1030 -410 -146 -270 -677 -216 39 -509 -24 -7 188 -164 -32 656 99 703 -411 477 -406]
[978 -716 -479 -578 -682 202 955 298 -494 74 322 -123 399 9 424 334 354 284 -6 -36 60 232 -631 353 357 420 673 47 374 -261 -214 -857 191 -752 371 -435 -507 586 -166 -112 -299 -190 72 543 432 250 166 -65 769 305 108 -426 -58 -71 49 -93 85 348 272 657 691 173 590 -440 138 41 -11 262 24 615 563 -688 -269 571 274 253 -409 -6 -552 748 -24 -875 -371 508 551 325 140 -984 -273 181 -143 208 132 320 830 -489 -151 468 716 -64 167 -74 671 -260 -58 -816 346 384 -160 962 79 460 -393 -182 -10 62 -804 173 -1000 -445 -696 -724 -453 -836 110 -29 198]
[241 -476 66 -70 -32 348 255 454 -434 901 -381 175 -517 251 319 949 -426 -430 -739 84 -973 -22 -609 -118 -356 25 356 355 -114 343 -185 -254 -523 560 342 -207 469 699 112 -492 -370 -511 443 -140 -172 239 335 -625 108 -77 126 283 -178 481 -34 -507 -233 -220 121 433 733 -343 305 -302 -306 152 -286 -120 -518 396 -741 -368 -184 -521 -49 -595 78 817 -209 397 46 -202 0 -335 125 586 -232 193 324 270 52 -194 -561 -101 427 280 324 -193 220 -585 129 -1183 -599 564 -633 -195 699 -43 292 488 -180 -221 490 -371 -159 -14 28 130 -424 288 -290 -583 337 -356 -66 -461 -150]
[-652 -181 444 -142 671 212 -171 -246 -210 249 -919 -435 128 1630 445 217 -37 -392 543 310 642 -184 38 212 178 734 -266 39 -288 -823 125 -42 -674 -100 -569 474 9 416 -438 -256 258 -382 -161 338 130 -168 137 -639 -106 -582 -335 61 310 1024 306 -640 24 360 -532 -301 257 -236 34 -123 454 195 -49 -646 316 -107 -63 402 45 -330 -265 -97 -749 327 517 -180 -179 339 84 -824 -760 -314 55 178 360 393 -234 -728 -487 961 -127 253 -95 -18 199 367 483 -108 644 -434 205 535 252 -490 444 243 371 -55 394 181 232 176 -226 -16 149 367 405 -153 830 -273 -554 435 263]
[-403 163 660 -196 -488 583 -514 -852 448 -239 30 720 426 235 -228 509 -117 111 755 -121 -266 199 -828 -186 94 -1093 660 0 -880 746 745 376 -171 485 -575 492 299 154 677 209 423 622 637 492 354 -364 348 931 -614 -157 -673 -361 191 -486 294 -78 808 394 -997 159 -1 -116 189 -349 -296 -970 -54 342 451 -181 668 -68 1231 505 205 382 402 -773 -211 -1045 584 108 -367 -701 -116 -270 330 -194 -30 -239 -139 -281 -478 -17 104 -44 316 -462 331 281 701 -495 740 -1082 436 -5 541 213 -237 207 -543 -259 -842 518 -347 -351 255 -154 -249 -38 -142 -432 -222 308 350 574 147]
[268 -624 -36 27 863 -633 -297 -467 -237 -60 -86 -65 72 -84 -881 -241 -220 167 529 -4 -220 334 -156 -256 68 14 -362 280 390 -366 629 570 209 227 -297 -869 -500 -430 -548 -378 476 608 -272 -5 -564 29 -740 78 603 42 -489 742 -207 103 -178 96 310 455 363 214 -433 38 -288 170 110 -233 392 186 -129 -47 333 994 85 203 -879 364 -284 -100 -285 -88 425 533 -6 -153 -404 154 -628 -324 -104 -263 403 406 680 -246 733 -653 -486 188 -256 487 -542 138 884 -906 515 188 -1138 346 498 -1434 -167 -148 216 252 209 -904 -258 -248 1044 -354 718 952 -445 526 -203 381 383]
[418 -71 893 -162 -58 127 66 -503 685 -570 716 -494 128 -121 29 -276 -453 156 157 396 1049 -310 203 -142 383 241 -263 -98 216 -555 -27 472 -253 -201 -131 -155 528 -332 -222 -527 961 -769 272 204 -260 535 -685 -94 410 -454 -404 -89 -307 13 115 -210 -383 -764 322 479 -672 -94 -336 411 319 -39 127 -504 -83 549 -167 -389 -702 496 -914 -36 -353 315 534 253 -524 -78 848 -193 -224 249 160 11 924 -54 -13 248 9 282 378 -172 -286 12 -473 34 -329 758 337 581 -261 165 -283 -586 251 150 294 469 -186 -182 -138 -822 -570 202 351 123 132 777 691 -129 -256 -217 -145]
[-30 -248 469 -35 677 447 424 236 197 266 -388 672 879 355 354 461 259 -113 615 -238 -519 284 -137 184 -40 -53 544 -323 29 457 251 502 250 -586 -471 210 -719 705 -255 -158 348 787 -356 353 -1092 357 -191 614 235 598 236 16 1026 206 -220 270 671 -113 -43 -164 -403 -733 -432 418 -302 271 -1061 292 115 -154 645 283 609 187 372 174 -148 -413 166 463 114 325 -180 573 114 -527 31 -575 -380 666 -109 338 801 -99 249 282 -161 386 669 595 737 -875 64 -267 -249 -975 -10 597 13 88 -892 -676 340 255 -400 77 595 482 -133 110 -498 -198 145 586 391 160 187]
[-575 31 382 -179 60 99 -635 -897 255 252 -418 572 396 477 -310 -406 4 500 363 -288 492 506 55 -191 262 -930 226 84 -388 443 -251 -54 634 363 -1627 952 720 594 682 -257 145 -476 337 590 208 -628 124 233 380 -72 -664 -381 29 -160 334 -391 539 72 -353 -358 279 -192 196 -235 -608 -575 44 -395 638 -161 -593 236 506 339 -286 -37 -388 -703 -279 -748 603 -265 -132 -749 632 -248 -189 244 181 -195 -442 245 -16 -181 -292 793 -432 -546 73 1072 384 631 753 -485 458 198 217 236 -307 -101 587 -107 -914 -511 -47 377 -346 -214 79 257 199 225 383 1023 -691 397 227]
[325 178 -176 694 -731 -224 -460 -484 386 -81 792 324 -188 204 -216 254 -351 348 385 -315 139 671 -589 480 -443 403 -315 86 -108 131 215 48 507 356 -258 -433 199 48 -116 691 -79 6 1192 -291 -15 -398 -457 -77 -241 -525 -352 142 -64 -555 188 853 480 1235 254 477 1 -339 694 -953 -439 -974 351 -224 139 79 -215 70 113 625 -392 841 -377 38 -365 523 509 -48 -22 -170 257 167 -789 -316 596 -102 311 147 12 -199 183 52 82 458 779 -149 -215 -105 -84 106 -104 192 34 589 -610 -705 133 16 -495 624 196 -70 -346 -484 14 -245 481 181 -817 -414 -573 -761 -164]
[-274 -99 264 487 14 -121 -300 -407 321 -162 -525 67 -422 345 358 -152 -104 -200 103 -217 180 302 -26 -60 -278 -93 -686 356 -177 -306 -24 -159 165 5 -52 124 827 -480 -324 -67 95 -94 185 425 -601 -440 -745 -300 -917 -539 -309 188 -321 39 -89 -465 -505 759 -164 -170 -148 -943 417 90 -336 68 1035 96 -466 334 341 1208 -678 -184 332 -204 686 918 -372 327 62 255 -497 -52 196 493 263 -326 -336 -381 -103 693 -17 -38 -183 42 1072 845 789 -747 -136 -619 -487 -438 -178 365 -870 -206 -910 -40 -353 376 -229 190 -113 -44 877 -283 305 -121 293 435 -414 205 226 -493 -553]
[-6 356 -291 -10 248 -170 -94 502 -576 -175 -442 -247 -42 392 23 -198 -26 -243 -59 -722 -740 -56 35 -40 -212 761 418 143 149 512 26 405 492 346 -489 -400 88 -67 -458 -292 115 993 -678 25 -678 -571 197 235 412 136 927 296 -11 171 -19 -434 562 76 451 163 155 75 -189 1611 -128 -627 -950 -361 89 -694 -640 146 243 -415 -150 -489 -237 -48 37 362 726 105 424 871 -86 -452 -72 473 -169 726 -399 -207 -114 -14 76 313 229 872 -3 -294 -335 4 592 -234 -61 -472 248 308 -360 -247 -783 194 322 18 -150 420 926 -47 550 -268 -297 63 -891 47 -404 30 852]
[-490 -109 313 1136 -21 110 -306 27 853 142 224 487 -101 -585 -37 60 194 464 520 -295 79 -454 531 225 -99 -316 -328 -271 -437 -158 -65 -762 -331 293 -571 -13 189 14 134 467 -67 411 -47 27 85 -149 -224 24 17 61 -583 -43 -344 -491 539 -307 564 477 138 -474 -80 -44 58 -342 -165 993 1492 -170 763 35 988 64 152 -382 576 -135 320 -209 -549 -231 179 -31 -262 -22 117 -88 -692 -57 -652 -908 -344 -380 -882 -354 -163 -641 681 -196 348 94 105 -161 156 -357 782 403 -685 -468 -554 358 739 -500 -416 -277 25 -111 139 -914 357 -415 20 437 13 -365 208 -635 51]
[-589 -430 -486 71 626 41 -359 -32 45 212 -267 267 514 534 437 -82 646 -552 694 -535 91 228 82 -200 320 -271 -383 -50 -161 0 658 -332 86 168 -110 -366 129 -198 448 575 -600 369 47 -156 1066 -576 -34 -165 -613 -703 -367 916 403 148 493 175 1059 985 -625 -148 710 -240 -1 309 -807 -372 334 -208 186 -283 264 662 780 231 202 173 -221 -597 489 -902 373 38 175 113 -133 7 -83 -113 -567 349 59 -866 -242 95 530 149 -33 268 346 192 -43 -278 708 -1046 524 -276 372 301 669 -178 623 -668 -101 408 350 630 -158 -691 859 289 228 -492 -441 -406 -56 241 969]
[-272 -104 -370 237 289 262 0 512 -115 1100 -876 671 -227 271 182 788 -146 36 -246 262 316 -284 469 44 462 -289 61 163 -379 854 41 -621 -1037 83 -316 88 93 334 961 -70 -777 -18 352 622 53 -220 492 170 -234 453 470 387 497 -425 -245 -183 66 -112 28 -717 480 436 668 -246 170 352 -348 -130 -590 -255 393 1304 216 -474 170 -80 -354 -107 302 -382 -233 -533 -716 42 -313 -1008 -94 -25 -558 580 -68 502 1168 311 280 218 528 -288 130 358 996 60 -859 15 366 -652 -625 371 -1023 442 -447 -131 -89 -336 -254 657 -228 24 -274 188 361 -100 593 816 -113 280 200]
[280 478 -761 155 -605 436 -182 560 -417 373 -506 405 3 208 186 8 -854 332 103 -650 547 -586 392 411 142 260 16 -423 552 -77 -275 296 148 203 84 -574 423 591 -345 -3 -597 248 -403 358 148 139 -339 270 648 -244 -199 -822 463 -310 658 -730 166 -428 -23 542 505 268 343 126 253 -602 -277 -487 494 661 -394 -50 379 -17 -175 -905 -94 502 195 -131 484 332 -353 -219 727 235 -297 -184 34 239 318 692 544 -441 363 379 -49 -310 -399 -212 -597 -289 -589 417 291 -384 -55 -241 -271 12 -649 216 -222 -201 62 276 -317 -312 -728 500 -164 -427 219 -123 323 -340 167]
[192 554 -619 -57 172 615 112 621 107 329 185 309 183 101 -639 -523 -161 745 -703 -517 -612 1135 -914 -21 -306 466 176 311 -107 -15 640 416 628 -379 300 -157 446 -219 -385 50 405 553 117 1137 17 136 -609 139 119 -466 65 -99 -173 341 -762 -882 -400 -238 236 696 -168 257 367 471 -146 -221 501 -202 -834 209 598 100 -19 -6 301 -116 533 -989 306 -652 265 -641 243 -48 498 692 263 -425 -351 -437 -267 11 48 254 -172 605 -714 -168 -99 453 121 -298 -216 -265 -192 189 233 -1411 549 -199 304 -205 508 -91 -650 -535 -347 452 -578 -414 -1079 -422 268 -4 452 -315 -906]
[10 -155 199 186 -8 644 33 -531 190 789 -34 351 -91 67 100 321 -31 277 -65 54 -718 -385 -372 -587 224 193 583 253 -527 -155 151 -195 -676 203 247 192 304 -43 107 -142 159 111 444 123 -169 567 -164 -85 42 -299 -336 -403 5 -181 504 -982 414 114 -549 466 41 -668 -78 -365 -523 943 397 -245 240 275 204 -566 -291 303 -16 137 -215 -313 405 152 -39 -61 160 390 84 -141 -913 -359 98 -184 -538 190 -823 -73 709 -270 307 84 6 -556 1019 -319 753 -175 -178 -263 -501 -693 443 960 80 -265 -198 382 320 -535 -14 23 2 -244 -582 -418 -163 418 281 -202 -126]
[274 932 -442 -433 -652 -367 678 261 -163 191 -355 141 -453 686 -69 -577 -306 564 -192 -435 412 586 91 909 -407 917 308 316 -151 -132 -593 -249 479 -34 -550 846 1084 249 -12 -31 74 -192 -458 1060 431 -679 -37 390 653 -622 181 -133 -283 -144 -450 -198 53 563 134 -378 116 32 534 -264 -106 -594 -278 -55 301 -169 -677 -294 215 -120 -258 -569 -92 -475 20 547 692 -476 148 -6 -215 -147 421 -416 -160 -262 -806 289 -206 106 -303 747 74 580 -17 -212 -12 262 -458 -272 -66 64 233 15 -567 310 650 795 -98 -560 275 383 -272 527 -1060 199 -384 -141 -217 -271 140 -917 -652]
[137 -299 -1093 -1126 571 -923 300 367 -367 1111 -807 348 174 28 305 376 -239 -313 100 -450 -796 -27 -966 541 -457 813 -297 -287 532 -20 -326 246 -229 188 232 97 -154 -201 -324 282 -844 332 -315 -1029 -314 395 113 -303 -301 231 252 71 598 559 -180 756 489 -252 222 90 -112 368 -182 284 -336 330 -450 -252 -213 -387 -633 -357 536 -776 -285 69 -332 -458 411 139 516 569 96 354 1053 138 -307 -3 -388 229 707 -946 488 -307 199 570 -312 -564 -851 121 -335 -176 -534 300 433 -471 815 774 514 -749 110 -865 -89 -148 168 448 -112 -436 -376 -531 -288 -274 347 478 389 -169 278]
[-7 568 911 576 -476 666 -695 -332 -579 173 -152 -361 -626 -116 -610 -205 -1116 -123 29 218 95 -1202 -2 -232 674 -11 506 865 -1248 128 -208 191 -608 519 -222 -995 -311 -99 973 218 753 651 240 535 -94 -589 85 650 -167 -497 1077 -550 -358 652 -49 292 262 250 -321 315 110 88 -41 126 360 -655 218 -468 680 -33 336 -545 399 -24 -543 158 -165 -282 -271 -937 302 169 293 84 -237 -376 -24 190 323 -694 -4 -77 82 875 363 -241 463 -696 -307 165 -238 -369 674 -1790 -590 463 -155 -1049 56 63 -989 585 255 642 -154 -167 499 151 685 -54 697 -184 397 -480 -214 1104 117]
[-554 -71 -474 823 512 -178 525 259 4 442 -46 735 -423 -377 -698 54 179 -515 -130 -149 -359 594 223 -353 -25 -319 89 -468 -101 -525 400 274 349 47 304 -546 -87 120 -173 -277 -456 -346 -243 428 279 352 162 98 471 791 312 311 1285 157 12 724 85 195 89 -427 -752 -996 -473 -264 -177 287 -213 943 -22 -178 669 656 610 -141 500 -51 1067 -145 -160 -779 -190 -127 -616 86 -1409 -644 -350 -265 -613 -273 -33 959 604 164 -262 457 -597 -61 169 -380 240 -722 -788 -190 222 -118 -775 650 287 -641 -153 -746 493 -58 -244 -449 -519 791 85 247 271 680 -154 558 67 -559 -867]
[82 -664 -330 284 130 610 -657 -140 -74 109 223 183 167 419 152 669 71 -574 -50 507 -203 293 -146 279 -685 -327 -105 -170 162 1104 926 44 372 76 279 573 -725 421 -247 209 -685 -735 913 -470 -119 -409 293 454 -747 366 -90 486 454 216 -501 170 67 465 387 -185 851 -823 379 -340 -655 647 609 21 -323 487 1496 762 103 758 472 -50 629 436 -483 -42 303 234 -560 -363 1093 129 -1155 -207 14 773 496 -93 357 -409 520 -187 659 218 1404 847 470 -958 512 -215 487 -347 238 292 -363 -744 -25 -1024 436 357 362 -15 268 32 -279 -321 -266 99 -157 25 -92 23 1007]
[235 -1334 389 400 -44 -717 793 109 717 498 -416 269 -529 -853 -147 827 -378 51 -175 -90 -471 275 -382 441 -99 -363 125 459 -73 534 -74 545 34 -315 -389 -549 133 231 -395 -1012 104 -97 643 -10 -33 319 117 309 -22 349 192 367 -237 -311 -323 138 -347 -481 621 -536 -358 -47 -5 -786 978 574 -524 -318 201 516 -484 -91 -211 -758 -853 200 -228 457 -1047 508 -851 -588 -133 290 109 -182 209 -16 -196 -208 -67 701 418 252 525 2 136 34 393 -415 222 -480 -724 757 -764 -686 -257 1277 144 45 -514 -453 335 -384 -1042 -183 448 -79 -612 -328 320 263 57 -48 -618 -756 15]
[-457 156 -122 -227 -284 -319 508 -57 -454 867 -839 403 -92 537 -294 -372 -745 32 43 -473 368 776 -74 -342 442 616 602 277 -187 -405 170 740 489 -280 -858 -415 306 -96 -164 -399 -346 426 -200 1002 -37 -154 -470 351 150 -331 47 -221 266 101 408 72 604 257 -694 25 -179 -41 348 -474 823 -248 -784 -190 845 132 -403 88 394 -195 -557 393 -750 -1212 153 -671 -218 254 -666 -27 -277 -613 -12 -88 -316 -217 -147 396 1381 639 105 675 -671 -362 44 109 265 -171 266 -734 -379 139 -43 -7 123 -276 -496 65 -231 168 -401 -449 -133 -105 120 514 547 -364 148 -2 -357 256 -752]
[195 -504 188 -366 409 -259 -330 -857 300 -758 655 223 -1027 35 -89 -410 -23 196 -330 798 560 235 -332 -829 231 -554 -500 469 609 252 798 215 433 -744 790 142 -215 -628 -624 -211 317 320 306 736 -138 38 196 393 -941 -233 -424 -149 253 53 -738 807 -1088 -371 46 -493 -644 -457 98 -491 720 -572 146 914 -886 593 -133 586 -231 400 111 1165 541 1137 -184 -140 -363 -294 -269 -941 -435 131 393 -246 772 -261 -592 988 -493 -73 63 -493 -228 234 663 -1255 -162 -74 86 143 195 20 -372 -26 619 116 -706 259 328 56 -620 -559 620 505 -681 581 185 224 -132 329 130 1058 -548]
[258 105 540 -317 307 -516 464 -1076 339 -1 391 116 193 26 328 -565 -116 255 347 809 58 80 -385 -390 241 495 -355 -8 -868 -510 -356 149 -993 -391 -573 268 393 -564 427 116 1207 -261 -227 602 -778 257 -108 293 -360 512 35 -519 740 237 -297 757 258 92 -259 133 -858 -593 -254 294 215 -12 -42 -52 -372 -466 -284 -59 -248 420 -269 299 273 -687 621 -624 -418 -357 439 275 -237 -35 592 -581 221 -643 58 93 -52 308 144 437 -339 -69 -386 348 611 875 669 -636 -275 -322 58 -36 -498 -175 202 273 -664 132 -91 48 -230 295 1 292 86 919 505 257 -669 165 -608]
[1431 71 -405 -4 -244 393 437 138 353 138 -746 -421 -732 -331 486 -384 -544 152 -68 505 972 24 -116 253 715 397 -359 463 -64 311 -319 34 52 -586 89 -607 828 -572 389 -128 145 -740 272 810 -280 388 -153 41 353 15 186 -494 269 -365 -174 -209 -68 -231 -38 111 209 177 87 525 90 -348 -604 -516 -60 223 -800 -499 -123 767 -685 -706 712 -430 782 -422 452 -959 1074 178 217 343 1119 -208 221 275 462 637 211 436 777 92 -363 27 141 -408 -355 456 -676 101 -69 -290 770 -168 -617 410 -206 841 147 -9 -253 -140 192 530 308 955 82 117 -135 -451 -420 118 230]
[243 -158 325 183 -773 965 287 657 -599 -219 -215 97 133 -855 -236 -32 99 222 -128 199 -923 -543 -678 -407 -378 -352 530 -461 -470 -49 -101 -256 -568 135 452 655 287 106 694 -535 64 -415 -588 -5 680 221 -211 -234 201 336 -207 233 -389 341 293 -719 -447 -387 -1167 -256 140 -129 -416 -106 -16 266 550 1016 -38 537 870 -902 256 370 834 -146 262 -758 444 -304 -487 -475 -3 25 383 740 444 245 -344 -67 388 -194 -408 58 421 -275 -34 -441 -802 499 -43 -247 288 -307 -189 -184 -54 -304 989 406 -353 64 259 754 201 -550 203 469 15 315 -506 -467 -191 349 -166 142 -126]
[362 -137 -741 187 -662 153 81 1044 -496 -452 -115 -900 633 -131 -908 130 -448 -131 281 434 805 -220 214 520 1398 240 749 157 608 -145 458 102 -131 -636 583 -1001 -1145 80 -248 120 -271 -167 706 -656 1063 653 -149 -354 -60 -140 -369 179 -545 -161 -464 -820 -946 -423 114 515 837 1665 393 -240 503 -323 297 -13 -520 757 994 106 -297 184 -84 -165 -594 669 -569 -184 -413 -103 631 -109 439 -193 -392 286 284 367 -44 184 276 1308 438 -490 -207 -377 -674 47 -135 538 -68 -295 -81 910 -358 -631 731 -144 217 739 853 1009 -30 -593 -991 78 -485 -596 1079 -121 -55 -706 -255 100 -319]
[-5 -154 -31 -137 -363 -79 -754 -1135 -286 -1370 1072 29 -327 454 -212 -1208 216 648 212 -63 1476 -524 558 -758 31 178 -503 -4 747 6 268 569 173 -579 1018 372 -254 102 -640 265 -482 -623 -35 -891 561 -162 -212 -61 -319 402 -434 -797 213 -316 558 624 -481 175 -408 -239 -70 -363 -167 -775 159 -194 139 -106 -127 618 -642 295 -309 620 454 398 154 478 -359 443 -939 514 -127 -872 1679 232 -83 -13 634 -55 70 228 -241 -851 -539 -226 -226 215 204 -132 -346 357 572 787 619 983 -206 -256 -33 561 -2 -195 -712 -174 267 -115 -10 -238 -476 587 518 443 355 70 -217 558 -428]
[-518 679 -145 219 261 -482 -200 291 636 -140 -447 749 625 65 164 -566 248 519 489 46 26 763 660 590 140 -373 -500 -110 -179 302 -577 167 -204 -514 12 1096 336 -229 399 1105 155 537 -9 -15 -5 330 -408 614 -584 344 -566 140 -83 -305 -755 929 -46 681 -366 -789 -471 191 -190 -850 39 -540 -560 929 -892 -142 -774 541 489 -389 784 937 298 -257 136 -102 -129 357 119 7 625 -262 432 274 -593 -543 197 114 260 -427 -987 419 -195 -392 -746 168 313 543 -1217 -289 -133 549 6 204 -668 -71 69 -416 317 383 -364 139 988 -239 -168 941 737 131 -15 192 -634 139 -1332]
[-177 -214 272 -535 24 376 -511 -491 26 -18 763 -751 -104 408 199 587 128 -613 157 213 -330 64 -352 -129 -422 -888 198 -443 63 211 214 1054 -753 460 688 -140 64 375 -108 386 -320 -684 1185 -861 414 325 697 -685 -1091 768 648 -26 25 -751 320 -436 -697 -527 -6 978 137 822 608 161 344 -502 -1103 -57 -192 -507 206 180 -197 -18 221 831 73 431 -71 134 -526 53 -551 -709 -911 -211 527 1155 429 460 -149 -679 -7 -153 -360 -211 73 -382 258 -261 91 -221 -941 1170 -6 184 13 1269 -325 258 -185 -375 -607 -147 -610 -822 -249 -162 -81 -885 -284 -31 998 -44 66 486 227]
[-574 314 -144 841 131 -328 207 441 25 238 -321 -56 -817 66 -128 -487 -764 -64 -611 453 304 338 -1249 -554 486 -137 -299 620 -220 -731 -563 -346 968 148 18 946 802 270 -253 157 -513 -880 540 -37 495 -748 -61 88 90 -8 250 381 263 -261 46 333 -392 -354 385 -452 -154 -753 -167 -282 -242 -675 220 -107 -96 -206 -518 -464 -361 416 -77 396 572 389 -612 -507 1132 -749 734 -301 636 -122 -1353 937 847 605 303 -62 -913 481 -508 109 -725 -513 41 -988 -491 764 -174 233 -171 250 847 780 1038 390 380 161 648 300 -458 -113 -1043 809 -248 1085 520 -336 -447 -647 -549 74 -314]
[662 558 465 -9 33 -80 193 -1076 613 -66 -1061 -708 -517 -75 316 518 139 110 -712 68 -156 -506 -1326 -161 530 270 128 28 -246 503 -148 44 -413 -342 -174 52 -150 -796 297 396 -526 -78 755 508 -113 -476 65 -300 -840 -67 671 -885 45 -370 446 -400 -1014 -428 -653 47 -863 -180 -122 -94 498 401 429 27 521 585 -316 -973 -406 1160 45 353 237 -856 372 -170 453 -375 34 -164 137 295 859 -28 280 177 819 -314 -242 479 640 -668 731 -549 -501 -7 244 1268 545 650 -570 -322 316 -270 -376 93 -1065 208 73 473 833 412 430 234 493 -410 -90 -845 -672 480 -94 983 1135]
[330 -533 530 -569 761 1431 -488 -504 -182 68 -626 -415 -203 438 -34 320 -778 115 470 194 296 -466 -1080 212 430 -430 148 562 -314 -9 6 407 -277 -583 77 15 -212 394 -113 -168 162 115 -121 732 940 -737 187 305 -253 156 1053 -1198 629 465 -239 -287 -911 -658 211 -103 58 416 -215 733 369 -699 -133 -176 256 809 67 -515 625 552 -344 233 0 287 74 -166 330 -501 333 -738 607 -127 430 619 73 -228 -386 -342 -394 371 449 -32 271 -791 551 428 -294 -278 953 -542 152 -279 347 -248 516 911 -1199 -101 226 -387 -565 -95 151 156 -308 256 -109 -555 1203 -403 7 1654 525]
[-665 171 -32 -553 -855 717 -265 405 -782 -631 675 -94 -89 1236 652 -372 604 395 352 384 686 -362 711 370 -167 132 228 -40 425 -1171 655 -222 -511 -108 465 1075 111 -440 -349 -293 757 -274 -137 669 369 253 -184 -688 414 157 -889 175 -704 -754 300 -839 -300 785 -630 -18 -122 681 150 576 763 -275 111 649 27 -376 1209 769 -781 -11 271 90 65 684 199 -25 -337 -582 -274 -147 -960 -991 196 -95 -84 -82 -700 28 -252 558 -660 -659 432 1571 1012 -990 875 453 915 -667 1316 877 -41 -622 -161 959 28 519 14 -111 -281 -468 43 183 -36 -93 -951 -57 -767 -352 -445 213 -454]
[366 60 14 -257 297 -212 -621 -1018 153 -480 277 -25 145 -856 52 -453 -452 57 -618 -19 89 -717 355 -1074 519 -632 -214 -683 -626 354 226 66 -127 -175 -681 296 338 49 1078 -117 501 0 38 -485 567 -136 369 129 96 618 148 368 -257 -102 -409 130 -283 -942 289 -416 -104 -92 -694 611 -325 -402 -386 -258 173 -577 -854 -274 -236 211 -85 -538 -415 232 132 -640 272 -408 76 44 -397 -38 659 177 530 -315 169 -474 -362 -343 158 29 -8 -613 -801 599 -794 1216 353 620 -200 -272 -421 -420 21 -72 436 -581 -450 -370 593 -517 256 22 772 -95 -477 146 509 433 -243 929 398]
[-301 364 -424 -287 -643 -328 -344 241 219 -591 -128 -301 316 -84 -180 380 -28 -42 335 -342 676 634 72 1162 96 -379 311 -212 -195 -194 -564 259 180 669 -596 234 460 -249 483 -108 -336 -707 62 405 1011 131 615 -198 203 -457 -1355 304 -504 -634 -132 203 201 224 -68 -173 -573 403 582 98 36 -479 -323 -456 533 -227 -154 611 372 537 -352 -148 -361 159 -515 -778 -30 -68 322 -1000 -698 -643 725 -17 -273 -175 -235 477 58 372 -202 56 460 -128 -896 71 591 1059 196 -539 741 41 130 973 -351 -518 1151 372 -358 91 -149 179 -221 542 -113 -535 660 944 -695 601 235 35 447]
[242 223 -730 -384 -766 -520 821 -70 -502 42 -300 -301 -327 -233 -135 39 423 290 189 -212 -161 -327 191 -163 -224 266 -369 -311 -87 -413 -80 -873 -486 59 -28 -262 160 206 -46 342 -663 -192 -124 -58 675 -62 177 -387 -23 416 172 -43 -238 -548 633 -71 -434 535 487 60 -293 438 -84 -1429 1070 247 339 365 630 547 -362 -166 -247 -208 -520 -368 -595 472 -389 -339 -244 -187 -899 -203 -886 148 -322 175 163 -211 864 -517 -11 -514 105 -828 -315 143 190 97 -615 37 255 947 660 335 -476 583 -533 -638 897 -344 -211 -466 1067 43 -536 -430 -497 -127 367 -569 272 -403 -208 -713 -23]
[743 -825 -395 -649 207 25 581 357 105 -115 134 -50 -57 -90 -369 -307 80 358 509 355 120 -394 94 45 -123 66 -931 -239 926 -673 598 1193 -544 -502 1423 568 609 -435 -586 -195 381 -268 -44 435 387 76 -728 166 413 -580 154 71 108 182 444 202 -698 -57 205 -66 -375 131 -855 675 -631 -318 -162 600 -540 561 475 98 319 -97 -910 281 257 164 966 52 -33 -384 475 834 -287 561 -127 135 -133 270 -270 476 333 -399 555 -735 -513 756 -88 -259 -386 -437 -428 588 432 -258 149 482 748 -87 -685 -302 -72 75 61 -386 -148 -50 57 335 -788 66 -187 -347 380 -50 -720]
[492 -243 235 350 335 -112 -54 -758 -132 252 -432 -142 -175 290 718 409 -350 -182 -167 -125 -275 -34 -615 -639 -723 203 -664 -559 -105 438 1017 361 -209 -737 -178 -589 -931 509 -767 97 653 689 166 135 -1417 193 -43 65 -1054 765 -261 -444 285 752 -496 -104 -258 894 -840 60 96 228 -33 -566 1295 231 -143 -71 -137 180 409 863 567 95 175 -62 -77 -538 -20 114 310 258 -404 -771 -486 257 -75 -440 -548 197 -320 -251 90 -522 50 -49 -365 -203 540 621 385 -449 417 63 203 -4 -864 -1123 -232 -403 -1049 -703 584 711 -25 -820 845 633 -248 -23 332 294 859 -192 315 828 -141]
[-414 -213 -496 775 581 -303 -107 395 209 824 203 331 -1235 649 -162 184 -412 -681 151 -605 -214 -106 -688 -372 201 405 -219 -85 -190 184 557 724 456 222 -691 -1191 371 -173 -585 -233 295 388 -373 25 -552 531 207 190 278 -145 -999 1191 827 633 262 -267 -8 -225 627 -689 -102 -552 -304 1452 139 27 -390 151 -319 558 -362 1338 594 -456 469 -392 461 151 -567 549 82 257 669 479 -86 31 -160 -108 231 250 -645 168 -855 275 495 187 419 159 -313 -583 -338 -829 15 -520 3 371 -602 72 917 -595 -625 -198 236 -535 -739 -671 -122 -301 629 -551 -89 548 -107 298 -1002 -95 485]
[231 166 -514 -284 46 211 -730 -300 -584 -275 -169 -1027 -961 -378 -1233 -391 -9 319 370 711 -193 -251 -312 231 -95 374 -30 693 -615 -631 -457 -171 18 742 660 -300 257 -397 -623 -345 509 -17 -556 757 961 216 168 76 -236 -159 975 -222 -264 441 207 142 1 -17 478 -387 -297 215 -216 -736 457 -207 988 -324 617 424 26 -986 -214 -455 20 733 280 62 205 -330 -324 370 403 -62 -776 605 -487 37 -284 -178 -116 -122 -631 258 319 -618 367 -616 -1098 -308 -630 567 494 -1144 208 923 -554 -555 633 184 -464 955 362 287 954 -429 107 -362 112 -329 -214 477 118 -275 530 863 30]
[576 107 67 1177 -718 -229 -393 497 7 173 726 -369 -106 -1395 -821 -257 -527 -435 -175 -43 571 -362 785 -255 222 -45 405 -117 634 -338 -306 -537 689 196 37 -411 -133 -656 106 347 -61 118 449 -1217 -438 394 -647 532 35 -126 -95 188 -798 -533 -319 1181 7 570 693 260 -1095 -669 128 -48 -799 750 932 229 920 252 515 -291 -754 311 -306 13 -553 900 -451 703 54 507 294 967 -630 -463 -645 -751 0 -652 -327 459 454 126 -92 -497 761 508 -14 -800 -570 -182 -185 76 -191 490 -972 -481 -207 -700 272 -125 140 121 315 -209 26 269 340 -915 12 884 -441 -265 421 -590 -745]
[-565 -264 -358 106 351 -153 -119 425 206 -96 -71 -492 -315 143 -501 -821 -73 -567 -460 771 348 -33 1312 -518 662 -517 295 243 -405 -264 -258 -569 916 -773 -240 1000 -17 78 751 445 -613 -477 -253 -186 29 36 477 756 -56 238 -490 150 -570 216 -500 -729 394 860 259 -595 570 -246 -86 -315 -845 300 493 459 223 -260 436 -371 -9 -300 745 -302 368 -403 -93 -270 308 174 -105 357 -419 -25 377 572 -952 -778 -408 183 -986 423 -388 234 167 193 -367 283 101 -67 465 -1118 -44 -216 -563 -351 -701 493 861 39 -162 -127 264 -437 93 396 -10 1011 178 -33 -366 -264 -110 1066 -171]
[533 -356 -151 -1125 -163 621 623 388 147 959 343 173 276 134 505 236 -476 -555 -342 170 -109 -140 197 14 -202 197 280 -131 19 -532 -570 -512 340 -649 642 389 -297 845 -70 -592 -755 -935 -390 324 -194 801 405 -364 1410 326 432 -151 283 284 -869 16 573 325 558 63 258 -232 -241 -30 -509 666 -197 9 -402 341 592 -505 120 445 94 -111 -780 124 -233 707 306 -328 -429 194 -273 -372 -821 656 -260 -127 -896 713 159 -99 497 518 -625 -17 397 117 196 -611 392 265 471 -1330 -884 270 -569 528 591 -197 -105 33 -85 -661 -838 691 -154 -46 16 424 -75 421 222 -427 -476]
[322 94 131 -146 -307 -174 802 505 123 -673 -5 -487 -800 -245 -419 -367 67 845 -256 134 -155 100 -56 687 -300 556 491 287 288 225 143 -979 53 -159 -278 498 31 -410 162 -458 -188 22 -135 1108 -505 81 23 -365 755 171 -570 25 -769 -275 -364 131 193 523 77 -348 -309 -62 -409 -232 432 850 371 -911 -146 101 -399 -926 670 286 -376 72 24 -604 -1125 241 513 -464 273 95 360 -725 -667 -2 -616 -216 37 249 -533 29 588 -1107 -160 887 427 -174 161 793 1207 -1336 483 -202 -119 166 -171 191 330 29 421 183 182 -430 374 66 44 121 858 352 -1351 -1078 -840 -64 361]
[-464 772 -466 873 -639 432 134 1090 -1057 745 -487 67 -392 -624 110 167 -773 -449 -534 -342 89 -513 808 108 -313 433 159 -337 77 -431 -858 -350 306 118 -381 -246 364 -54 -145 -263 -984 -420 -315 5 -309 245 -358 -293 -392 174 620 237 596 967 -23 181 556 -539 259 -428 332 -500 -93 849 -66 146 -121 -607 -100 752 179 247 -311 -494 282 -928 -200 333 15 -71 -483 227 -286 54 917 -344 -799 525 -351 98 588 612 877 442 -536 472 692 9 30 -284 -556 -213 -48 -48 214 -90 -881 -310 -797 -106 -57 -80 695 74 77 16 651 173 247 -102 240 359 732 37 -250 -657 -572]
[-199 -91 -178 -73 -592 530 361 259 -228 -474 -1215 172 -144 -480 69 -159 -382 -492 330 215 30 -558 -377 -282 -23 304 -203 41 -941 -373 -78 -1153 109 -674 -237 -175 98 -96 -256 323 -274 -311 -1326 54 26 -223 423 311 507 203 70 -697 11 487 -515 -28 -299 134 -713 -363 40 -576 -783 10 578 847 137 25 -66 259 64 -218 365 78 -713 -759 76 196 -726 -5 -18 -106 -154 435 1156 38 621 243 -555 -431 361 639 -90 114 9 12 456 444 592 -167 117 -575 791 -900 258 91 52 322 2 309 217 453 -284 1094 -172 174 770 427 -219 -440 466 53 -957 399 -612 -525 318]
[280 1649 -133 -461 695 678 640 347 99 565 -850 274 897 784 730 -916 -23 248 58 -97 -118 255 395 -324 -367 398 711 -54 44 27 -838 98 -654 -312 609 1200 66 42 -79 -186 -266 48 -1037 931 -376 -263 -264 -446 973 -255 913 -288 822 117 57 -447 -188 -911 -237 204 -55 -295 -407 723 -336 896 -1026 -639 -210 197 -96 -234 141 139 164 -356 -435 -597 1596 135 360 635 -140 684 -524 -986 508 309 -98 1428 -232 -850 1225 454 -446 -546 -245 -237 178 286 168 -24 56 725 -139 -91 83 193 -168 581 323 -687 237 -64 -70 -365 -224 241 721 -28 -551 -378 619 -672 488 -755 -246]
[200 32 -786 -268 539 -198 293 129 -653 612 -56 391 -949 -154 159 -455 -233 -35 -364 -278 -884 728 -673 -107 -420 590 500 547 76 52 252 -495 84 57 -274 -9 -122 -919 344 -340 101 -47 -754 155 -310 -404 583 -257 -658 -34 -294 -110 413 157 -796 875 48 -290 528 144 -358 -361 322 905 -377 466 -125 -218 -379 -447 -1259 -88 -16 -233 -754 -653 356 79 -277 -124 41 89 -41 285 223 -206 781 -400 236 -742 -27 -594 -171 -195 246 809 433 503 1023 -292 -90 -77 -48 -419 222 -8 633 -59 -479 -1102 675 -425 342 -889 -76 240 837 -171 388 -180 -364 -623 -303 -50 507 113 -718]
[932 -1321 -1038 -828 286 -192 -136 -1375 -459 720 417 -143 -318 -60 -301 561 -54 477 475 137 -822 -510 -604 -62 22 119 173 124 -55 -13 327 321 -869 258 1072 326 111 -317 521 -753 203 -34 788 -763 322 1082 -94 -434 -494 51 -152 -649 505 361 214 -369 507 416 -81 73 53 172 254 -162 -1124 203 170 -403 -608 366 648 -194 138 28 491 548 145 -131 935 -275 -706 -172 -814 613 432 232 3 -1588 -23 -174 337 -46 -14 -88 748 -299 204 -634 18 307 621 -865 453 39 460 -378 -524 391 -107 -565 -443 -463 -964 -64 910 -275 -210 -1367 -480 -431 -799 -916 215 850 616 464 -550]
[-163 -424 273 882 1681 -355 -331 339 -420 716 -635 -395 -1182 595 -314 -623 51 -915 603 777 -633 -118 -757 -771 224 -50 -842 437 -182 -574 615 108 -948 7 96 801 -553 -171 -320 449 -170 -344 -381 -227 -195 -363 -175 -275 -311 217 237 440 152 928 157 36 -207 821 -151 -329 -68 -36 -227 -49 713 622 -246 776 -871 -968 1096 860 -39 -446 -203 1369 650 -194 567 -536 214 -135 -329 -276 -803 -511 86 575 -251 67 404 -864 321 921 -202 -1386 -559 -683 612 693 -243 -409 -427 -196 153 914 -322 1218 369 -698 -252 -132 414 986 -1060 -908 398 602 654 -648 552 -149 -98 -271 -629 672 -482]
[236 356 -274 -20 338 -289 145 321 -108 -485 505 -159 -403 251 -149 -451 21 590 -311 194 -279 0 162 422 -327 518 -360 786 497 337 10 1063 247 -332 465 -26 -955 -167 -245 1069 -1164 774 249 -539 -557 -40 -183 95 -625 180 -49 372 339 -1452 -288 -155 -16 458 165 -51 -145 -640 202 -232 -249 -260 -729 -450 268 -1077 -399 -1 -453 302 -216 -361 887 126 -704 -64 729 386 325 -63 1425 319 217 571 47 -57 952 523 93 -892 -171 379 -371 380 259 -271 322 49 -277 354 85 94 1212 235 -200 -608 -520 -85 336 311 -208 1168 243 347 -506 984 194 -224 -940 328 444 259 571]
[280 -357 -31 79 648 932 -861 -450 -75 -410 616 -468 891 -228 252 -49 -565 -328 687 174 965 -156 895 116 584 -193 189 -23 410 -983 -185 124 452 -682 407 -851 -853 -152 298 428 -530 -207 -11 -332 -121 118 -415 399 -784 113 153 -714 479 -630 -385 -68 -5 68 -204 885 -149 984 253 1466 -31 -1004 -94 608 -104 -632 609 -85 12 844 -278 -41 168 248 891 -637 610 -83 391 -150 -169 157 -14 -162 -551 -202 -322 568 277 272 303 208 498 90 395 -212 256 583 414 115 386 -751 -567 163 -67 243 -584 -15 -772 766 -166 298 20 73 42 606 -265 -177 -109 533 1671 832 -58]
[-696 -168 760 511 -863 140 -458 98 297 -1183 244 5 163 -601 445 -203 -105 -630 -584 383 606 -135 216 -278 29 -724 -760 -404 -304 -383 214 -218 338 -97 364 301 533 -374 -234 178 236 -1192 448 -118 125 -93 -268 -285 -1080 384 -525 -72 -325 284 218 607 -3 -161 57 65 -102 -993 -210 -564 -576 -88 1641 -214 188 1225 584 -312 -1120 584 359 -8 353 870 -341 -491 -1030 251 208 -815 708 537 -308 724 327 -950 49 618 -519 -534 -327 362 444 347 -72 -593 -252 197 734 -437 -554 101 850 -1023 -152 218 509 68 864 430 334 -123 568 382 296 929 722 878 -99 -620 288 -228 -691]
[-211 1270 938 292 342 -268 -796 197 501 -792 -347 -268 -683 92 154 -326 -535 -713 -449 42 165 -302 -48 763 -686 -580 -745 -95 147 -519 -251 702 197 428 -113 546 708 -300 639 783 268 -223 51 -324 293 -663 -591 103 -770 -634 233 -348 -747 -325 97 353 -798 -269 -155 -513 -531 -104 -605 749 65 -294 -201 17 430 -1024 -452 34 -241 -84 -781 -330 1416 279 334 -50 638 371 268 -672 -170 -388 608 155 -400 -167 561 -85 385 -135 -50 679 615 106 -563 36 -496 383 -1645 -211 -1583 211 -283 187 629 -597 -553 149 323 156 442 389 845 502 313 138 -250 96 -535 -317 -11 286 120]
[-155 452 -1040 396 -606 178 -358 52 -417 -501 -568 -195 -225 -449 272 24 503 429 -417 -168 -113 155 -163 -188 41 235 -559 382 -568 6 -1010 -79 1070 361 339 -342 -94 352 -450 -503 -44 72 -438 16 156 -600 353 88 786 -639 634 -708 -16 599 449 -270 25 -542 365 -331 378 -512 243 -102 -131 760 90 -737 656 -155 -164 -65 -469 162 251 -437 -149 880 -128 -134 1 -322 3 725 679 391 -529 161 571 796 183 785 -658 52 -389 -618 410 221 -54 -389 -313 58 -114 721 -386 -476 -59 63 197 603 24 690 -401 153 320 748 449 103 305 -176 -571 -579 -1067 589 227 63 1082]
[-394 427 627 282 723 317 65 -198 135 -412 -571 226 222 632 -726 232 -189 251 74 218 105 140 576 -1139 519 -524 -19 584 -307 420 906 575 -587 275 -700 631 859 509 484 195 -192 -469 498 266 -217 431 -561 108 652 -31 16 695 -100 -463 132 -1129 -175 -81 -421 422 272 -1488 -481 542 -1486 -8 21 56 -656 205 -726 350 498 480 61 -727 -18 179 577 -1058 717 100 539 -622 -577 438 -161 963 331 747 113 273 -678 -53 107 266 -410 298 -564 -116 966 304 381 68 71 815 -66 -670 -703 -88 -199 -7 0 836 472 60 -16 -182 1170 797 543 630 -518 548 -851 310 -334]
[759 579 1478 -85 -133 -142 -94 -392 84 -110 -615 498 -545 -27 1032 -466 -832 75 -363 -373 519 -632 -464 -316 19 1175 -375 -759 -419 -79 108 22 -432 -299 -1141 -446 256 -602 -194 206 199 599 -6 1115 -1463 -725 -1211 -959 -906 -355 1073 -622 531 441 378 1454 -160 -405 -41 -32 -1286 -784 -214 431 391 -447 -36 -29 1227 -66 365 320 -700 266 -492 245 -201 441 529 -379 264 9 450 -295 -777 -198 -485 -310 745 -153 -620 190 929 89 606 130 336 164 662 -705 37 164 579 59 -567 -159 -35 -490 170 -185 -1162 244 668 512 59 -347 1005 891 535 -68 -287 914 629 478 645 615 -326]
[-576 -859 -261 -262 -248 -34 -171 -335 -395 634 61 338 30 608 685 597 -126 678 694 176 -117 352 -125 -26 -160 346 485 -111 -194 301 582 792 332 47 -480 -34 -1004 285 -321 -107 -647 934 -369 -1207 -61 273 381 177 -10 445 -991 457 490 -101 624 67 56 -27 -694 -322 976 -308 473 271 50 96 -128 203 706 -368 -124 673 763 -411 520 -137 -565 332 340 57 -247 591 -903 -219 -3 -92 644 78 -216 -86 -328 530 -84 -282 -600 210 -265 435 724 -294 395 -677 -157 -3 540 -142 280 375 734 353 -636 359 -824 529 -28 672 -312 -1272 -355 314 -93 -169 502 503 84 619 381]
[-61 1173 -434 643 440 -75 -459 -554 -185 558 -618 -59 -681 562 -67 -82 431 -923 -77 -596 -43 -113 -711 -682 357 -44 427 188 -565 285 150 -1004 775 -208 -714 -813 -250 299 99 108 -207 195 -647 -481 -425 -242 -1 -619 -877 -26 598 -440 705 417 -897 164 82 938 -206 -427 126 -102 -235 248 396 -281 450 384 -883 6 -73 876 785 -75 657 -226 515 -208 -990 572 575 11 -70 -236 77 -410 -63 -114 -869 297 -394 6 342 -69 322 563 182 -325 290 479 -614 233 -503 -751 -685 139 -1540 113 139 -51 -232 -235 482 430 327 -328 119 1016 -122 -1215 1248 646 305 823 337 560 88]
[806 -492 -356 320 -215 351 724 -629 -518 -374 -200 235 316 -430 -358 625 -509 575 808 -85 -1379 335 -507 -323 55 103 935 54 -614 -151 962 403 -956 236 215 -565 169 227 -224 -1055 240 792 -461 -290 1017 136 569 -160 210 -167 -792 31 83 -720 -131 -1587 242 -408 -319 679 491 29 90 -264 142 -364 -288 -441 -352 57 -658 -513 448 -275 -765 -544 -31 850 -919 96 55 37 -407 -144 -521 64 421 -358 -156 -705 122 485 -1038 -747 871 -7 293 231 270 -475 188 -447 177 -47 -542 -120 -252 494 443 -136 -27 -238 -334 491 213 -746 -61 -441 -672 305 575 -864 -496 142 822 -1028 -336]
[637 252 -533 68 -48 2 137 336 744 249 308 868 138 -28 394 688 -672 158 -1184 749 -170 -69 108 307 -105 -28 -517 252 -444 324 767 -115 -594 -951 314 1043 45 -753 759 599 -607 577 539 -388 82 728 452 -394 -502 -85 -937 1260 474 -886 -516 542 192 523 -281 -403 39 -634 -384 -172 -883 96 934 470 -363 -81 290 146 267 413 1120 -85 65 -142 -23 -498 1074 290 266 -372 -738 194 400 -4 -283 -556 800 -341 -310 -218 449 48 634 -124 -151 -785 676 -214 -97 95 113 -325 565 -770 -527 -130 -365 -700 757 797 194 2 76 51 206 1334 433 644 -882 -185 -233 1046 189]
[573 19 846 36 -575 264 220 -254 -364 6 361 47 101 59 -495 259 -939 -903 -466 391 -346 -510 -274 -487 -331 -61 -199 580 -337 412 231 -72 -694 -378 744 -240 -648 -227 332 105 -648 -155 236 89 294 -345 -148 94 -951 -80 702 500 767 -366 411 776 -419 -385 -656 260 329 -1046 101 185 -723 -876 -86 -247 118 425 -218 198 -419 388 122 -759 688 -55 96 -24 -324 440 307 219 231 281 -58 -199 56 321 651 78 919 351 -195 286 383 -47 573 -310 216 -283 919 -66 -685 -34 1102 -666 342 -95 -990 433 516 110 -61 1052 -162 541 -130 559 -340 -493 135 -594 538 -19 149]
[-64 147 -808 391 472 -392 306 291 -176 20 -296 -189 206 98 -108 -778 -1301 -325 -780 190 258 -299 290 301 687 -289 604 -143 138 -313 -176 76 -857 277 325 885 267 -342 803 365 -281 -902 271 31 -11 148 -504 -628 896 -299 -301 -205 -254 -428 156 -470 -347 235 -376 630 329 538 143 227 -1138 -423 -191 19 -821 -167 -529 -330 -169 -121 -198 -750 474 183 811 -584 581 85 584 74 14 -140 -605 -131 128 94 -30 -1 -42 651 -543 -131 149 -334 -806 -801 98 368 -544 -554 133 36 413 -306 -30 -93 292 295 -225 -115 228 -746 -1032 33 -233 317 780 231 53 -1022 -125 -572 -1001]
[-455 549 -391 30 -464 -515 -438 -118 -300 251 351 -18 62 621 567 451 375 -907 -247 -388 439 -104 -398 99 -273 598 359 -978 -137 -140 -217 -1028 400 -318 -272 -1006 -117 -203 -413 374 380 -85 226 -22 -563 226 955 -465 -1165 243 73 -167 825 975 69 806 423 277 -178 624 27 195 254 -39 764 -245 400 259 534 529 500 -349 -321 35 681 1004 -1101 -33 370 336 -350 209 99 259 -820 -266 -373 -323 197 344 -1113 -412 -438 335 -69 511 428 545 -70 -875 144 104 568 -378 4 -270 303 -597 385 -209 354 105 130 164 458 113 -39 -65 -339 -590 -142 414 287 116 26 -250 472]
[131 -17 -219 -762 -945 -45 173 -13 -772 -615 779 -165 -263 -247 -11 -418 448 291 -318 -413 444 608 412 717 -231 -43 769 -121 283 583 -348 902 1073 114 -151 -716 132 167 180 -238 -722 -655 -425 -756 1022 -637 175 -397 298 -11 327 -509 -113 -289 -300 795 -770 -303 -501 -36 770 327 -20 -633 316 236 -421 311 715 1053 -1001 -448 87 787 349 -439 -15 -164 -1138 127 -736 -338 -116 -373 990 351 1116 517 810 -435 -331 -23 733 -424 334 582 406 -50 198 140 -351 -82 -5 133 -909 491 1377 435 417 -59 792 -291 -69 -394 488 424 115 -149 -111 666 426 164 -382 -560 -966 -533 216]
[2 246 -116 -668 73 141 516 799 -717 94 507 -90 -710 -198 102 -174 253 262 1 279 249 -360 299 104 -210 -228 122 -568 538 -85 -509 172 -297 98 738 148 -11 128 412 422 -674 -365 147 554 -288 -81 30 647 -151 505 1101 -215 755 -215 -89 509 -405 -680 496 -109 -255 332 -123 107 71 1 -347 781 -275 412 1051 -4 96 244 151 189 -34 -391 423 -364 -10 -402 -101 720 -394 -30 297 -296 483 786 -110 -50 699 -456 140 -273 661 1 -53 378 178 -183 -820 693 58 -566 -635 1231 -485 -429 -234 -316 -257 -656 644 -205 -344 115 -408 1481 -625 -934 632 543 1150 48 -200]
[-219 432 132 -127 -451 1608 53 -284 132 537 603 569 571 337 479 39 -41 108 612 -207 345 414 -71 -686 578 66 957 -1005 -189 413 149 -226 384 -196 -450 348 78 588 477 -18 -521 76 -49 837 119 -579 739 -279 -669 -680 -326 -610 1177 195 -57 747 163 -831 -235 -53 -712 -485 364 -70 -294 -391 -119 -175 90 475 -375 45 850 916 472 62 -525 326 -373 -396 -87 347 -582 -622 -91 -11 -147 207 702 527 -436 -81 -146 -170 188 607 386 15 654 199 117 -232 -158 406 346 22 -81 -235 -558 203 526 -575 -217 252 18 -102 -83 175 141 104 10 -679 748 292 326 265 -1080]
[491 739 137 -396 -396 -713 114 -157 -314 812 -161 -95 -120 -54 635 106 976 -6 -11 -912 -43 872 -467 291 -692 983 394 -277 484 727 -723 -794 955 521 -358 421 944 -264 -514 -774 -228 -309 382 -473 -822 25 -315 370 -533 -741 -53 549 154 1388 -654 749 434 366 554 15 450 -997 140 -206 -174 -42 -118 252 -515 877 -111 -355 -522 -161 73 320 -818 294 228 1441 144 -206 494 1006 828 593 77 -1105 -49 450 -348 -108 466 37 126 224 265 339 197 -81 -125 85 -61 397 -447 -83 735 -306 80 -284 -6 412 452 -75 283 668 500 565 -807 -736 -503 -70 -1 286 -131 -1030 -108]
[-16 21 345 -796 -125 -324 -223 217 516 -367 -408 186 364 897 -16 64 18 -911 205 8 1211 16 163 446 -56 193 277 305 376 -465 897 -444 31 -529 -19 -1130 517 -344 -903 157 212 -110 -164 13 263 -19 -1057 -175 54 -318 166 -100 -489 -413 -723 -10 601 556 -354 475 239 1571 -308 -335 721 -1045 567 637 -474 468 544 -245 -218 97 -1023 -363 67 -195 471 470 -39 -37 799 -926 116 553 112 -58 -536 -507 967 -765 291 269 603 268 7 -215 572 -116 -419 227 35 -375 10 673 608 -1035 94 -111 -217 852 919 -355 143 -328 -243 260 -416 343 763 536 -256 -894 -624 17 57]
[875 -199 91 23 317 118 -475 254 -475 261 419 142 341 637 332 -321 -428 419 -465 -474 128 -530 -455 56 -53 1218 -14 -461 90 -842 -313 -670 -385 -51 -11 166 605 333 -372 168 369 -7 -324 223 -1672 -49 -531 -637 1121 -133 1416 -35 -626 1149 -134 -313 427 -216 544 883 -410 -559 386 437 -433 -450 293 -564 -965 -78 196 -211 -956 -787 -9 587 -1039 842 712 352 415 -191 -397 6 448 575 30 -946 76 -76 117 -200 265 168 -41 -28 -57 329 50 46 -663 -601 -73 330 -145 -217 599 -710 -550 122 -949 117 -170 448 195 368 -560 -320 -284 86 -590 343 132 106 -236 -212 -772]
[410 618 691 826 -787 711 355 234 940 140 318 -240 -252 531 -236 -481 31 569 331 579 203 -569 910 27 -209 1042 -500 378 -887 -103 62 -518 -457 -647 -105 -306 -208 987 -262 556 183 164 159 531 -984 439 265 -179 46 310 -129 418 -443 -1198 371 -1207 76 444 694 -561 -436 -88 445 -1145 -242 909 628 -801 947 -487 816 421 -851 -236 332 -358 -506 -310 -380 1071 -632 -180 131 93 -1018 -555 49 421 -14 -315 -1082 209 -406 77 655 188 271 959 739 72 829 -135 -277 574 -427 1016 -506 -1408 -1171 557 1223 362 321 113 535 164 108 53 145 162 3 466 341 -110 36 -933 -599]
[-494 793 583 -222 -392 651 282 335 -608 -640 -474 175 82 -81 430 631 -186 -142 -685 -91 -209 287 -792 -762 169 697 222 154 -917 -511 -224 -797 -508 -492 -116 729 679 135 316 125 -255 -424 -271 189 355 299 373 -402 -175 317 808 -666 695 -39 -230 656 261 45 -664 10 -349 -1308 32 -108 -489 2 -749 -135 87 -758 -624 -680 439 422 698 -337 15 367 25 -850 -529 -149 66 -786 -748 -959 571 445 435 320 -763 -178 -737 388 -746 1303 -66 -88 241 -416 696 -200 7 12 -517 -670 365 591 -713 1242 261 180 131 754 513 -403 563 1306 -78 851 -130 453 -246 401 968 188 -909]
[211 167 -862 328 25 -222 -262 443 -77 431 -99 -880 -405 17 634 -106 -229 156 -670 61 -120 -551 -594 665 -73 726 -850 51 219 -437 -235 409 241 -329 1418 -136 -329 17 -451 420 -90 431 240 -401 -112 245 -75 -540 -1112 259 578 -181 245 -12 -519 -247 -781 545 -93 -216 95 589 488 -116 393 -28 718 -202 597 -471 414 25 -614 176 815 -349 28 96 21 -335 542 -616 -236 -40 45 -95 508 600 -24 -487 -606 -483 -508 114 122 51 144 72 -250 -240 -570 210 -502 525 160 -31 333 -1030 -252 -278 386 161 765 368 532 573 241 -111 -192 673 -158 -349 98 -179 447 141 -83]
[-75 -221 -710 -1432 -590 -580 289 459 -509 313 -525 62 39 -325 -654 -498 55 279 424 -229 -737 -320 -536 369 78 -102 273 556 554 -688 -357 -835 -18 -338 428 417 40 -694 -115 251 238 267 -264 -516 252 144 -850 132 -195 -500 422 -90 -443 -240 -161 -334 466 185 -29 548 89 846 316 73 -131 -152 204 366 189 -393 1077 -232 -641 -863 -738 95 -758 -408 133 753 57 312 -447 1327 837 -253 175 -436 -597 -27 -11 -218 1366 834 348 -417 315 798 88 -24 -260 423 475 -430 145 -274 -897 724 412 88 458 793 -409 27 -55 -197 166 -320 -350 -1660 -788 -746 -812 409 768 -213 -497]
[292 80 -496 -301 659 -329 179 -108 420 756 -591 240 516 -366 80 350 -1262 -1584 751 155 797 -472 1218 427 89 428 -265 105 443 -739 -95 83 -464 -299 50 -363 -867 -379 -190 220 -1121 219 -320 -531 424 1266 146 -595 670 327 -323 249 646 -631 -557 344 133 -8 137 -150 -252 229 -812 854 -876 726 -356 -299 -180 17 -515 -751 1039 -44 -90 -23 -648 107 663 166 96 649 576 -3 -322 -891 25 694 -355 -398 17 -135 691 404 69 722 -625 -1190 -84 -313 -169 -270 -129 -679 630 503 92 -62 415 -833 394 -521 413 221 -675 -63 249 -114 782 -604 1225 1143 406 -790 -628 -133 96]
[-265 -946 319 -663 -520 -435 115 -273 -204 470 -1766 794 654 60 392 487 -186 -692 -285 -323 140 -237 -7 54 733 -392 421 -324 -338 695 -201 -412 -734 -499 -387 1352 54 325 706 -783 -191 -455 109 364 195 -306 418 -444 1150 -246 -568 -904 -524 825 397 -184 -110 -387 -802 -625 1347 343 -205 -374 -517 786 -897 -535 9 180 -808 -220 419 -760 -326 -584 155 313 -834 -326 -413 103 -534 441 915 -628 445 -32 -201 -18 -76 -449 134 638 -460 85 362 -670 249 266 382 -881 -273 -538 -494 170 1281 390 -408 953 -495 -395 -371 63 -139 -285 677 -412 211 -328 95 -326 -240 -992 -681 -12 -83]
[-481 170 -544 -701 -553 -288 549 209 136 143 145 95 539 607 -435 164 719 962 648 360 -728 734 -517 -461 -7 573 880 -567 -420 -218 -105 254 -184 499 -496 944 889 701 156 -528 738 -212 -284 825 251 -318 557 -577 -90 -238 -796 231 -207 32 258 -1076 -674 -288 267 0 -362 154 -127 -23 -206 -574 -794 -113 -444 -180 -596 387 -200 -410 -203 -132 -962 49 -398 116 -182 -457 699 575 -848 -242 -438 774 1007 395 -646 -327 -1209 92 203 410 -510 304 -206 395 1082 883 1082 156 333 522 216 -290 -172 -80 853 183 -179 -27 90 38 -710 536 -368 324 -111 -287 46 175 -577 124 -546]
[-560 502 39 524 607 1293 -517 26 -276 -191 965 321 1019 567 617 -292 203 457 130 -713 530 -33 739 67 -261 -434 -101 157 192 108 -234 -431 -2 -233 -2 567 411 527 -246 -294 90 245 -673 351 248 -103 -529 -32 267 -246 304 -323 69 94 284 -404 87 799 -466 523 363 -141 335 468 -1196 -251 604 -234 -700 336 -437 583 950 15 825 170 -364 613 464 785 -400 -179 361 -549 380 -259 -447 576 -643 -208 -1908 611 -843 -550 -219 806 220 1008 -111 -533 19 -121 369 -1051 232 -769 -597 -351 119 1449 -212 -329 -66 -295 -297 414 -27 -192 -304 511 -66 611 907 -84 64 306 -430]
[-93 -740 -389 -1024 552 -867 335 -128 461 -765 -1004 -196 573 268 -246 -585 -543 840 -109 209 716 847 41 586 263 -302 201 361 298 -1167 -406 501 491 -612 432 -161 -230 -247 -264 -377 225 -111 -153 601 93 595 -611 -387 547 354 146 123 197 -1141 -594 -702 -640 -6 22 -315 -462 436 159 246 -122 -581 94 368 330 -457 -84 -427 -595 -281 -727 -577 323 605 29 -831 -292 38 -163 -520 -259 443 920 443 61 -612 -190 760 -176 255 236 567 -561 399 -769 -660 86 489 -647 -279 851 -249 -395 217 -37 -606 -196 635 139 -262 278 125 -1039 -761 -622 1213 49 437 19 919 587 70 -616]
[277 -191 -914 -1107 -180 -237 11 -291 41 284 478 1109 332 390 454 355 166 295 118 -661 -297 670 -183 134 -37 613 1097 -363 -113 33 362 -364 457 136 622 -77 308 -74 485 -149 -540 412 -193 497 -480 141 746 -519 776 444 -200 -620 -130 -839 614 -205 304 -93 -158 523 458 695 569 -541 -349 -52 -342 1 -271 -510 -385 -348 223 164 545 811 -660 -624 740 58 548 -265 -1416 -332 -280 -385 118 -1008 -455 115 -4 -3 442 -396 335 -454 -129 120 404 -447 360 35 -556 -291 130 -595 198 960 -730 537 336 215 -1255 -75 462 -133 73 -661 -901 333 -293 -447 -746 116 731 -27 -393]
[-198 -239 -239 249 86 -389 -412 585 -510 565 -652 116 -198 193 -376 -494 -772 74 -235 583 1053 -746 952 462 557 148 -689 70 -261 -933 -256 19 -276 -805 -302 306 552 408 695 255 -138 -376 -265 -262 -61 779 -187 -187 -648 -191 -404 -325 262 816 -376 -120 353 40 -270 -283 579 753 -111 -639 573 -509 -168 195 295 379 -193 255 -426 -758 39 181 -276 -382 378 -540 -289 -21 -310 -237 -172 299 -18 -490 -958 -1050 79 483 670 601 -597 542 -435 -917 -928 340 66 289 -655 -197 168 225 -341 -887 -519 -81 -381 614 -271 424 -368 97 -482 165 -1053 281 397 -42 752 -252 -405 430 -987]
[311 -467 407 -425 141 -1084 185 -415 138 -136 -307 -363 1416 -713 -447 -359 528 462 -118 -564 -939 -175 510 890 -565 -138 -309 -40 112 0 -749 866 -453 -658 931 610 -746 31 157 -449 184 300 -220 -152 282 500 -486 -484 660 572 669 340 -640 422 33 -562 -1121 -524 -512 227 410 52 -689 -15 -774 414 80 120 178 -344 -348 -579 -160 -512 383 -485 -58 -99 -57 -58 -614 228 542 701 456 558 720 -89 -330 -863 100 -78 -338 -145 50 148 -598 214 -934 591 -449 -92 -147 -172 -479 -277 102 -617 235 -272 -319 -402 233 474 36 569 470 -221 503 -193 -372 118 49 -216 -91 -410 417]
[-147 -528 -848 668 431 369 -350 75 -64 22 106 -184 -236 -610 525 -276 1358 28 846 -191 -493 -135 237 -737 103 -573 -513 -50 -675 88 23 -1132 -405 541 384 -585 566 -65 410 242 -113 265 -716 256 1372 -185 460 17 49 -696 -27 -132 -256 631 -228 52 620 1168 -194 49 720 717 316 -814 141 -16 625 210 -855 -240 198 536 848 -623 542 321 791 54 -216 -534 -480 -75 -486 77 -535 102 1443 -399 -367 -329 234 -413 -661 -482 -13 -195 -27 -629 262 707 -80 -625 -77 -798 700 -277 -723 705 -148 823 1492 -1143 -216 -530 -152 -440 543 -129 184 551 -187 -666 82 -121 136 41 109]
[74 -669 -406 -629 -793 132 -352 105 -153 -149 -1005 111 301 109 702 -577 -262 122 -30 -759 -21 347 -157 157 -553 -231 -152 -702 -216 499 -648 -245 1056 -491 -117 387 400 476 27 -230 -336 -579 -248 94 308 96 616 188 100 -60 -384 -476 -204 457 729 -11 -573 -224 -63 -868 637 80 -297 167 334 -24 -331 -471 480 577 -998 7 247 -360 178 -720 85 665 7 326 144 355 -133 547 1429 422 109 333 -690 395 -19 617 112 -529 -542 631 -190 43 -226 -35 21 140 -521 316 -50 -285 557 -328 910 747 -527 97 -115 -506 590 893 438 -424 -822 212 -190 -122 191 696 -80 141 492]
[345 1064 -568 15 768 9 -97 -139 3 -327 -694 -676 344 218 560 -41 148 132 70 21 351 245 -185 124 -556 440 -784 -406 395 170 -108 -236 -64 -243 510 1076 265 -840 -320 472 706 635 -453 -112 -826 -354 -231 -10 -459 -382 215 -92 -11 1162 -866 103 -357 640 -485 463 -90 437 192 880 59 -648 -113 282 -961 -486 -457 446 585 -690 446 471 -312 298 1566 -383 337 401 414 -411 -1459 413 371 250 265 689 -331 -1039 -1277 338 -497 270 -700 829 -435 -103 -753 -53 -557 -464 713 -639 -94 -551 -86 -386 138 -47 403 723 739 -149 422 226 289 564 -89 550 992 -471 137 586 258]
[-142 769 -570 -151 -581 -395 -72 170 97 95 723 -149 20 -13 -990 -140 414 -417 3 -295 183 227 699 -401 149 -961 -80 276 132 368 -281 -478 359 24 417 593 417 -322 273 366 -233 392 504 -142 911 345 190 736 205 -722 -400 260 -468 -660 275 -852 660 111 343 59 179 1046 292 -101 -587 -526 -85 -353 -560 74 340 881 -158 93 -19 428 -112 -602 208 -105 -515 220 -323 395 -574 -366 371 71 -64 162 270 109 181 -157 -554 136 -218 -1 -605 721 67 142 -57 186 454 620 -1577 321 -1309 -484 275 865 -533 -78 -282 -122 -582 -791 -32 -439 342 -718 -408 206 -259 307 16]
[713 481 280 626 -939 -21 -56 261 -433 58 -680 1223 968 -124 -327 337 -648 -70 -19 -309 289 772 96 147 296 672 979 -804 -654 -188 -661 -351 -370 107 -899 531 -24 69 526 -170 -298 -109 -335 502 -312 -692 241 797 2082 1357 -240 -587 -327 -222 289 271 698 40 326 172 -282 -852 483 655 -448 728 -461 30 1060 -302 52 -415 30 671 -11 -538 309 -805 -652 -345 374 -7 -125 146 66 -343 -848 -779 -638 -388 323 -551 99 143 413 -173 357 -197 188 780 344 337 328 -864 342 203 384 -367 -1568 -208 -492 16 -640 -21 107 -560 -527 -152 1059 -945 -443 725 -894 -341 -704 -511 143]
[547 -683 405 353 -134 137 -10 -337 -591 666 -1018 -104 726 136 435 425 -222 381 -15 -30 113 -883 -586 399 -548 288 86 -219 568 690 -516 91 -847 -170 366 -136 -815 533 -502 -763 -516 148 -146 -497 -12 -906 -404 -411 59 783 624 -549 435 829 470 765 -716 435 -867 216 -289 24 184 -132 391 1106 267 -28 569 336 481 798 -366 -181 -358 -68 -311 711 -408 605 -654 304 -559 -247 662 -86 -498 -676 -456 628 409 -118 1208 605 894 -680 770 602 -188 196 116 -795 371 172 230 -680 -311 314 509 307 -1838 -96 -468 609 -63 1035 -220 572 -893 -1283 -449 129 536 36 -304 339 790]
[331 351 161 664 397 -429 -107 -65 -318 -317 -480 340 337 748 -505 -376 366 -538 275 -19 177 -10 87 -274 162 838 324 -352 667 -517 634 -370 121 -353 69 -515 -318 166 -456 -250 159 -451 -639 694 -521 273 -953 -461 -3 269 1072 -599 1028 357 -252 312 152 -58 -332 -37 -355 -242 -340 831 -252 -709 183 374 -666 -609 153 156 122 305 475 83 629 30 -166 -264 -283 -493 428 147 -168 -483 -806 -379 269 123 -38 218 -496 719 737 884 -158 99 554 -238 -279 944 307 -356 -164 96 -380 -372 -1156 -1077 -1289 -217 811 764 362 310 479 79 665 671 -98 315 -779 -12 -24 -81 -345]
[-392 -273 -165 635 1 307 317 470 535 633 -520 -263 111 1068 845 623 883 638 -720 65 162 660 -893 624 -1023 901 -108 92 497 -235 734 -455 -538 -136 134 386 -340 -435 -312 56 387 -279 560 1034 391 -150 -488 -1255 -684 -56 -240 710 295 -558 -105 -97 42 1060 -1391 -823 -107 697 923 -79 870 940 101 -516 213 -1154 154 71 -324 192 -182 45 -173 -1287 103 458 -720 -679 -120 -125 -371 -279 -197 -175 74 771 356 -595 105 940 455 487 314 1124 583 571 1430 942 -261 692 164 -84 412 -578 -163 17 -93 -529 487 208 652 1269 -329 194 250 -153 -1114 -457 -206 -182 -177 -379 -20]
[186 3 965 -1182 -309 -200 -800 -413 392 -212 368 -526 483 391 165 112 155 -932 269 291 595 -775 250 131 699 -595 -347 -523 72 -113 -168 443 94 489 -138 750 603 36 552 606 527 -421 483 -407 -597 337 32 510 -868 5 -404 28 -596 -801 24 -701 24 29 -424 -257 -285 217 -133 550 -258 -959 -501 184 148 -811 -6 229 -793 86 42 -571 406 580 603 -58 208 80 1091 -202 -462 426 290 -163 310 375 -531 -240 -665 256 224 888 493 117 -663 -69 225 380 -488 -133 -615 308 370 -442 -48 -9 -420 1239 -357 365 558 929 29 609 -23 667 -398 -18 -104 592 648 426 -247]
[0 -458 463 1077 -109 -94 86 -723 9 228 571 558 599 -399 -383 367 -749 1043 90 -459 -533 843 246 -62 -580 8 195 -567 -373 450 -201 696 302 -85 -457 -268 17 275 318 -189 -33 216 1147 -125 -885 771 -776 120 221 588 -342 370 107 -151 -331 -307 -492 860 -447 404 147 -1703 849 -742 -629 -370 181 -81 266 544 -39 339 176 361 182 22 -505 11 -289 211 171 -69 -751 -80 278 13 -28 18 -318 -480 -342 1138 751 -278 -256 1012 -689 56 -343 248 770 -36 400 -593 33 -345 -699 -420 -294 -450 -308 -359 313 329 -95 -270 -271 42 61 763 641 1114 586 985 -1291 -467 -364]
[147 -198 -468 -656 -450 173 885 154 294 910 28 514 -143 188 1184 893 272 -389 -122 109 -85 162 -875 -827 868 436 862 -102 -883 -45 -93 -249 -206 -209 232 -396 73 184 396 -56 -797 478 -41 478 -324 249 826 322 -1271 426 -738 -21 737 108 -248 859 581 -184 160 456 -804 256 -223 362 276 77 -363 725 -749 102 -513 178 -279 143 560 234 26 -487 72 51 77 -549 412 694 -228 -129 221 -370 102 -112 74 27 -339 12 680 336 125 142 181 -501 1296 -300 -350 333 -660 -517 481 -301 106 1362 446 -727 -248 -23 -287 162 222 726 -752 29 -377 -759 206 360 1240 445 -671]
[34 -859 937 -75 -913 19 -310 -469 -123 194 -65 272 193 -451 268 75 -828 371 312 58 -72 379 -655 269 -83 55 -81 35 -663 -226 -113 865 -370 351 -852 516 156 276 -23 -276 -185 -388 384 -45 -540 -452 -401 217 -648 737 305 -462 -249 -1045 59 803 -206 -349 237 66 -323 -127 658 -448 371 -374 808 -132 186 -257 38 577 -304 -395 155 -332 168 664 -769 108 -454 74 -428 108 972 267 -299 -243 -17 -310 -124 676 1243 -525 -239 240 879 -291 727 321 410 75 -769 429 -631 -301 270 765 -294 828 -842 -305 -847 -121 -390 126 488 103 -73 -73 316 847 440 523 1246 -325 -909]
[-93 888 552 717 -884 283 -242 348 229 -145 -440 747 937 -10 79 -913 -889 357 -43 34 1118 -191 528 24 488 277 -149 -107 -402 -443 -788 -440 548 -916 -961 1446 1046 236 -141 169 828 -773 -980 635 -665 -564 -702 1090 469 1 754 -354 617 -361 -426 89 461 -1316 -53 -75 -1155 -389 -425 -396 605 -394 -281 120 800 -84 -91 -411 -611 686 17 229 78 -708 397 -272 -561 -355 394 279 433 14 60 -314 147 59 244 -235 315 970 -156 665 -224 -32 47 683 -359 725 19 79 -165 49 84 412 -841 -116 316 176 111 339 -934 -237 308 399 -557 372 -483 62 -102 -385 -778 -735 -329]
[157 448 265 1058 -531 245 -127 395 -29 224 -6 91 478 -186 -352 45 155 -625 1006 119 493 -905 500 560 172 483 -203 -563 -360 -594 -887 272 396 342 -920 -184 -448 1242 -464 295 -56 266 -230 -180 -500 247 730 873 329 -156 359 -328 543 862 -230 359 769 516 924 -86 389 -706 123 -228 244 -301 -22 -40 57 -351 1004 328 189 -443 374 640 -196 356 -860 358 39 218 -292 645 74 -258 -621 -240 118 130 -54 415 45 1171 -117 458 -687 -602 359 244 -51 -721 -221 -555 -111 44 -556 327 -719 -248 16 35 -238 694 -1076 688 160 20 -860 -1465 809 565 335 -114 -657 -628 -562]
[689 -65 -131 -58 -289 104 404 382 -710 463 -11 -227 -227 297 -31 468 -270 382 -186 -510 43 329 -146 180 420 -33 563 812 943 781 -429 738 446 95 -75 21 -320 463 400 102 -553 362 1174 -864 408 267 -22 210 760 -839 -786 447 -819 -279 92 -97 -467 -194 391 183 448 167 687 -93 -1081 -543 -288 -310 -184 306 -744 -210 233 443 -299 -761 -354 406 -123 109 903 -112 668 -107 226 710 524 -679 136 793 -51 126 -383 126 -140 -21 454 -476 -191 -223 -88 -125 -344 453 -59 298 1016 -63 1173 375 -483 126 417 -523 99 351 -660 -51 -189 -336 -15 -1137 -354 -837 286 176 364]
[-681 62 -957 38 -146 -682 -493 -577 712 262 -176 695 -242 -339 9 6 -324 95 -379 -290 -626 335 -248 112 -871 -182 -23 193 290 351 -34 1156 13 313 1280 134 118 -1072 -675 164 833 577 331 365 -269 230 -427 -180 -835 -88 -9 -85 -281 125 168 793 -163 215 -693 -518 -509 -482 -175 -495 -5 841 -162 -385 616 1189 -22 -322 -204 -518 -92 761 -82 -306 1025 60 -385 523 -902 748 274 -371 -311 740 -456 -368 116 377 733 -767 -601 -689 489 116 -499 -1000 -298 -541 -429 21 100 195 -283 -128 103 -479 -572 -216 230 472 591 -128 904 -988 263 -234 -103 150 -228 344 162 -211 -629]
[-319 -99 -535 597 186 -32 -348 491 -113 -478 -647 254 -129 109 -583 129 470 -287 265 767 -149 772 66 451 74 -421 -28 -41 -220 -731 391 -621 1170 -380 -555 -431 -671 -892 -701 239 1047 -65 -407 -382 -314 -628 -320 269 -354 566 397 -85 -40 148 -657 479 -47 -242 556 -468 -973 -29 -671 -563 1024 160 184 868 745 28 149 -126 -874 159 -1010 1404 34 -51 -162 215 -739 -114 -208 302 -143 -567 -894 261 -330 411 587 138 786 303 219 -94 376 675 961 229 -276 955 601 -361 -277 334 4 422 120 -1244 -565 -16 359 327 -23 -373 719 -385 449 -57 -75 57 -965 487 -956 68 402]
[552 305 -101 604 -420 -101 -63 72 -251 -519 634 198 -336 -280 -297 123 162 280 -291 -321 142 709 -757 669 310 -42 141 748 -423 1 -274 326 890 638 209 -535 -482 50 -203 -149 386 539 393 -185 813 -248 -228 742 534 -114 122 445 279 -200 811 1044 452 142 924 120 -416 -1581 153 -294 -263 -819 -226 -143 1882 91 166 267 -625 1094 36 685 96 753 -267 379 399 33 694 498 -148 -405 -785 -1044 571 242 143 532 248 -55 192 -951 -523 825 -66 -1017 -388 -291 690 -124 -512 465 828 -108 779 -274 -709 954 604 270 -31 492 -802 104 52 -59 -602 41 -1091 -367 -191 449 895]
[664 495 1056 -592 -187 417 675 -539 152 -250 19 546 801 -235 196 556 -389 -408 -108 -223 193 -785 360 378 -90 376 -128 -44 466 553 -338 -119 -233 -521 -718 32 -302 188 918 150 -145 -740 269 -663 -834 376 -602 -221 918 110 616 -504 421 -296 202 -77 276 -112 254 339 -436 -68 -505 866 -959 -70 -386 537 -203 415 -149 -1347 518 749 -360 -630 -140 -732 1247 304 -81 -316 1040 463 1152 11 38 121 91 48 404 -94 637 -227 282 1083 -347 -443 -146 760 -106 -127 180 681 -579 -1008 1092 -510 129 145 -340 -97 -548 -760 -361 359 -288 22 92 53 299 372 515 -295 -565 -795 385]
[235 549 95 544 -360 105 -714 168 -471 1021 -784 223 -71 671 -123 -72 -254 391 -111 493 -356 253 -523 254 -856 462 -194 100 339 -288 -948 -128 435 510 448 738 209 719 -711 -428 -112 -169 853 205 -826 362 -127 -1616 303 55 539 290 227 164 334 263 -214 531 -138 -239 1100 -230 607 -370 -1125 -836 369 221 -81 -56 -488 343 -191 -905 876 62 -189 634 157 1067 712 154 -138 -181 -812 626 -144 561 369 477 -498 221 77 923 -889 724 257 -26 473 -1070 -110 -170 -859 194 -872 826 546 317 183 59 -427 312 1234 376 566 465 -439 358 166 -66 -19 93 -103 -240 -224 61 -1056]
[-886 -355 -403 -90 249 -402 75 198 -165 -785 491 -176 53 -304 613 -194 1102 70 -275 -130 22 277 -7 541 157 -456 533 23 774 -878 -248 156 1089 11 867 -265 -694 -1077 -1101 50 1225 268 349 341 111 -3 73 300 -655 347 1090 514 -374 -59 197 446 -55 -263 427 -406 -742 161 74 -530 407 -236 85 566 173 67 1263 -140 -1178 -566 79 1499 347 -505 775 485 -557 -92 -343 509 -103 -767 -229 -57 -76 721 -164 -385 1032 403 -690 -254 -83 663 34 -1090 -320 983 -730 -421 520 595 -69 -280 -101 478 -278 313 900 -593 418 -344 -135 -377 -131 -262 -321 349 421 223 773 -82 -232]
[-93 -492 -200 -469 -7 196 -42 119 -738 1509 -1070 -415 784 511 -329 1140 237 -326 117 -335 402 352 -11 529 732 317 1111 -470 688 -304 160 258 150 -641 242 703 -526 -219 -730 -56 -1113 555 1054 -459 -241 237 342 131 -441 420 699 -968 -50 42 58 -1110 386 440 -318 535 -80 672 651 103 -562 353 -355 -72 326 -243 946 169 102 -390 104 302 -400 -100 40 -565 -210 301 -371 -337 -596 -535 -338 -8 -492 -74 -481 -357 208 1177 -522 327 55 -8 405 -115 386 -671 -348 -269 1180 -92 99 -59 -689 136 -950 -89 -86 245 32 234 -955 -170 -761 -909 -596 -692 639 781 583 718 -272]
[-41 217 -829 -175 737 344 -525 234 146 -163 505 18 377 -343 735 -699 -637 -77 -724 -287 290 350 326 34 -86 686 -538 -108 -553 -1217 -106 188 -483 319 795 -265 296 -547 -410 212 -349 112 -495 -740 773 164 -361 -714 -232 -381 -606 188 -106 -10 -639 -250 150 729 -88 467 163 -316 7 -327 802 738 580 -1049 -80 -195 28 -172 -503 304 244 -594 269 48 375 -867 -112 632 178 -774 -145 449 -119 -18 -444 -778 144 -992 -410 -291 -181 31 -555 -1208 -519 -186 -409 19 -512 298 -100 410 -117 -1081 572 149 1348 -573 379 423 -97 -733 -674 172 -347 643 976 1161 466 -1146 949 -180 -585]
[-316 -276 -1143 -44 67 -472 172 126 -396 -731 -546 562 184 -228 153 -376 -291 870 -409 533 -217 52 147 710 -481 105 24 458 130 52 -870 -78 -96 -412 1296 363 -914 -60 -534 -363 -47 -41 -501 -708 -23 -740 422 -415 -455 232 223 409 990 1191 -667 605 -932 -788 253 -196 792 -743 9 -475 -377 326 -322 -89 -653 418 -9 457 -552 -307 220 -319 25 1271 -803 51 -509 534 -603 161 1375 148 -708 234 724 746 375 241 335 318 -285 27 21 436 488 -889 -201 -1166 -132 -5 794 -214 -7 496 369 -314 204 -422 524 776 -520 -22 -72 -673 -657 68 813 477 -12 -484 -236 -478 -244]
[-133 181 -334 430 -797 343 -325 -49 331 92 361 -337 -234 -331 334 536 -400 506 -533 256 -151 491 -810 -14 -90 543 36 292 -982 184 -222 191 777 564 -771 -1274 -171 -386 -46 -218 304 431 -269 581 -97 -820 636 -39 -302 41 -606 -323 -537 -544 481 -755 -40 -2 -237 27 -97 762 1038 203 732 -410 514 -419 809 -484 264 -64 -742 272 -256 -534 270 -601 -164 -64 228 -329 189 -46 -177 328 1000 178 -10 -574 -8 484 -380 -28 68 153 761 -363 -657 3 648 987 340 -56 29 197 651 -1305 -431 444 -210 491 -411 43 -381 201 -417 -454 616 188 -725 -537 -548 325 513 171 184]
[343 -528 134 -132 233 -321 -395 -302 382 71 -180 -68 -308 -141 430 -85 40 138 -265 -538 -98 249 -852 -619 -120 540 -256 210 472 506 73 -32 895 -417 -528 -531 -201 101 -560 -195 -117 744 530 141 -797 27 -181 -455 -991 485 268 -134 -569 -565 -37 -200 173 -208 -283 -294 368 -94 1007 -169 238 521 731 -452 437 278 -175 -477 -663 242 702 1093 -898 -631 -75 230 188 -338 -241 -81 885 735 -160 214 258 512 -645 -433 -347 -478 182 436 262 -989 357 79 -265 1026 198 786 -133 -305 612 -461 -189 330 -607 525 47 307 -108 676 744 -702 476 -79 -181 -454 -480 429 358 503 585]
[-166 1042 545 -580 261 -473 -342 -1291 306 138 284 -598 -1090 439 -772 -117 -450 -78 426 569 387 -713 872 -795 -326 -321 -179 595 198 878 304 548 -336 253 327 308 -351 -235 16 462 159 917 521 -268 -806 180 777 324 -1224 359 304 -925 -281 -580 -242 -333 200 240 -68 -131 145 1415 -127 -171 498 272 -41 -494 -776 2 -114 65 909 -214 -286 436 -58 -669 705 244 -291 900 -862 -883 -656 -381 438 862 43 -321 -627 117 -318 -695 -626 -154 -315 -525 95 -23 21 -780 -328 415 558 647 -1212 21 -617 -426 -317 432 -226 -231 471 -128 159 -620 -395 -462 868 -8 942 195 616 667 -417]
[163 167 291 219 78 225 395 137 743 438 581 1115 55 -681 294 523 -163 638 662 -68 -608 -219 -826 471 52 287 460 -836 144 -1 -780 -73 -195 643 -293 251 85 239 240 -323 -219 632 106 47 -537 799 17 -468 1414 677 -518 81 151 121 440 219 552 -628 936 -336 -379 -909 -245 -94 -1313 -318 -43 253 405 -99 -75 -1016 134 -536 117 -26 -127 -176 -263 800 929 -312 -126 155 450 -575 -14 313 186 -489 136 -315 -372 -18 260 5 -188 -65 -355 -286 -335 -23 5 43 148 66 386 -266 -198 598 149 -50 -747 -393 -429 -467 -410 -45 307 -181 -258 154 183 717 -221 -736 -533]
]