[[-136 -170 -788 101 -166 -717 -138 -155 -455 193 -308 486 -858 -261 -492 319 223 174 -337 -584 -576 -123 92 -394 687 402 -194 -66 250 256 19 555 -991 -134 -319 -248 -310 -74 -237 192 -70 -26 158 391 -148 -226 347 -272 253 518 -72 290 -355 -225 -213 -396 590 -17 -324 13 323 -53 526 563 405 555 -687 642 -443 -241 106 -69 406 -571 65 -452 310 -117 38 97 652 -165 -427 82 383 132 265 -81 310 -457 165 152 -21 88 -173 -748 639 -213 -486 -633 -244 -805 -400 -190 16 ]
[-366 206 -736 205 -364 42 -2 526 258 116 -313 -129 -761 251 374 154 -239 -50 -455 -219 -472 838 -915 -277 92 672 52 -374 243 -391 -357 209 -844 252 -583 178 801 -143 -687 580 316 251 627 46 -117 -134 170 -147 499 560 158 -77 -488 -423 -202 508 -631 48 -193 -14 419 292 316 80 -195 389 -414 346 -30 -268 -150 -27 970 258 602 -193 218 57 -397 39 379 439 -55 -302 387 33 -209 420 -280 -376 599 -404 -255 401 -231 -36 -322 19 374 -199 -31 -337 -162 69 524 ]
[48 -441 626 -385 2 265 -427 -245 507 -298 676 23 692 -298 -710 -410 378 -335 167 586 487 150 425 -229 -367 -346 -537 -502 78 -500 208 -652 -174 -409 813 318 -82 528 115 791 -717 524 -102 -446 -97 -5 -303 -237 32 -43 -407 369 61 204 152 -144 12 563 -552 444 -759 149 -324 -573 117 -523 299 -42 478 -180 -1127 120 -541 -76 -309 -44 488 -281 25 44 -582 204 577 -103 -576 168 -197 -75 -101 483 -303 -84 34 -83 82 280 -677 -590 431 -134 -128 178 -18 -109 30 ]
[-1176 -465 -541 -234 141 247 159 -167 62 27 494 -66 351 -440 -857 276 556 341 130 65 -128 -209 417 -700 146 108 65 -103 263 -482 -516 -178 -763 -232 66 -818 22 801 268 472 -194 -114 54 -516 -216 177 -236 -323 91 -408 -445 441 -806 94 136 685 1008 240 -704 233 -109 -6 -289 -130 -702 -200 91 -197 -195 -124 -781 -82 -28 -6 -23 902 734 -420 363 -233 471 -510 400 205 306 221 16 -15 -158 122 115 -9 335 -548 -582 13 -15 -750 611 17 -342 -111 147 -521 -154 ]
[155 44 -184 626 -45 -416 151 425 -255 48 -1377 -93 -496 99 345 -548 -307 -251 -114 505 -297 402 -557 -230 394 230 -212 -467 43 186 610 419 -272 196 10 74 508 -80 -20 -18 309 295 -54 -374 513 642 259 -525 -2 -83 391 384 590 -492 -392 -321 -193 -171 -271 -159 -349 -114 47 -387 613 426 165 -52 269 113 337 50 -212 697 -220 -573 447 -434 -398 499 356 122 -361 87 -140 -97 338 39 525 -555 426 -461 141 732 437 -449 -229 371 -601 -1356 232 -975 -97 83 27 ]
[66 -228 262 743 122 -908 -211 -56 6 263 -626 362 -341 -323 283 -165 -354 565 -324 75 -620 -354 -139 -154 87 -402 -113 65 -507 311 293 -88 124 -163 304 -328 -84 -335 192 -581 109 13 -238 961 -761 466 255 -680 -143 -334 -17 -377 362 178 609 324 341 273 236 -817 413 -478 704 244 565 383 -76 809 494 192 740 248 -526 -388 -374 -171 -243 -159 -189 239 -94 -121 -324 921 167 -384 770 -464 666 -10 551 573 778 417 114 -412 711 914 -313 -161 -181 118 -555 -277 -113 ]
[0 121 -37 -439 -295 186 452 -106 -620 -72 -368 650 -370 139 -152 116 -199 -284 -223 -213 -315 764 -612 -182 581 -101 35 -470 425 298 632 140 -855 -114 -132 597 683 77 -471 517 -292 809 222 -415 -61 1 -209 -55 46 280 -190 394 -295 -869 -972 -948 -142 -272 -251 413 -788 965 -520 -812 474 670 26 -170 -40 -836 -942 189 1147 353 -143 -599 657 -374 -473 368 572 -427 192 28 -614 146 -44 495 -21 458 261 -765 -534 636 -35 109 -1019 -130 -214 -870 364 -657 -75 -406 -269 ]
[-67 -492 442 335 295 -391 244 -193 -300 137 373 -39 39 264 990 267 -573 548 341 -260 177 32 14 359 -5 -696 231 360 146 92 -101 -56 20 -106 565 -337 641 522 1127 -166 -305 373 -579 -178 261 17 178 -639 -135 -580 429 -131 -786 611 -38 305 496 -494 512 350 -468 -251 -721 -796 -127 303 557 14 365 -428 205 -372 -182 562 -89 31 -225 12 -440 -52 -108 -364 367 350 188 -630 419 -144 166 986 -688 -314 288 120 41 37 253 -90 8 -247 177 420 -41 -53 -467 ]
[310 -109 156 -582 757 -384 955 -851 49 -94 648 1224 -439 195 599 446 -130 133 -55 -424 37 -277 -129 198 154 -199 23 235 361 156 229 298 -44 75 -195 703 -928 176 237 -169 431 89 -82 93 -141 -470 397 195 -159 -328 -61 -463 -518 237 -413 -1120 210 -641 771 576 -267 -201 219 234 -129 -549 -577 135 -374 39 -91 -167 262 -640 218 -731 -103 167 -21 -187 -416 609 -518 75 -184 -159 -77 -203 232 272 -695 237 -146 247 734 538 -658 -373 -477 -521 277 -115 -246 261 -366 ]
[-504 216 -52 -418 -225 87 136 -492 -98 -128 212 -626 557 -56 160 -131 -14 -265 25 -728 482 -436 581 -238 -315 517 773 620 407 -131 -387 138 872 -28 -19 -864 -211 -369 -47 -351 -527 -275 -939 -476 -94 -12 -389 897 -429 -127 -217 484 -209 63 -99 715 78 130 -385 -19 -401 559 -782 11 282 -142 561 -646 38 -162 203 -310 -178 458 73 1140 -725 602 261 -4 171 -438 76 -758 -5 654 -238 -294 -291 420 -273 217 -205 -651 -273 -242 677 -519 55 1157 242 465 -57 -269 -200 ]
[406 -562 749 -387 131 -802 61 -524 -47 -289 863 870 -442 17 158 181 118 29 114 283 -132 125 647 287 612 -432 -704 -90 -58 447 -31 -971 -406 -441 127 524 414 520 90 676 -86 143 801 -10 606 -856 161 -446 54 561 97 182 -537 -254 14 -1125 860 -429 111 355 -308 250 -413 -258 -430 324 124 203 -542 -886 -844 -74 595 -183 -223 -386 768 108 31 -118 413 209 -170 295 -557 -891 -5 -80 -71 339 -349 -820 33 1109 152 -193 -162 -715 289 -542 59 -133 -255 87 -389 ]
[-22 314 -443 417 -128 -235 -401 -32 159 652 -222 -318 -642 -525 -447 -152 205 -428 -381 -322 -63 -337 -213 -772 361 497 -294 -459 342 30 -483 131 454 -525 162 -272 326 -22 -510 -271 -270 131 282 -296 408 -156 36 591 -262 278 60 305 31 -1 -256 425 59 377 -677 -231 -30 532 -556 222 -57 586 151 -312 -884 134 89 119 252 195 -251 735 -351 276 363 187 481 57 141 -526 201 -87 -37 154 -749 -837 285 -634 84 713 133 -654 1090 -630 17 103 321 -249 -594 76 50 ]
[-344 681 -715 502 -176 527 142 908 -461 186 -773 -813 -45 -128 -22 359 -422 -390 -149 68 -269 172 -794 606 -354 127 173 -224 638 256 -311 855 394 849 54 -106 913 970 496 -405 -69 30 -187 -351 890 343 -159 267 238 -401 -261 298 -29 154 -318 752 -867 -256 -526 29 -524 -73 -376 -705 208 847 333 -988 -584 235 261 123 61 653 -123 118 -233 -675 -294 396 579 196 856 -528 312 430 -367 371 -564 -866 306 -189 -462 -216 -228 82 -265 -348 272 328 428 -561 342 703 -259 ]
[-910 225 -165 -201 -416 -772 454 -386 -14 -204 -737 540 -925 137 551 61 -200 92 -346 -141 -1251 158 -22 -23 -74 914 -59 -299 -229 577 349 3 550 178 -445 472 -150 7 43 406 183 -284 298 312 274 119 87 353 -20 281 -451 279 35 -732 -656 -44 248 -376 -746 -108 -247 763 191 989 380 818 -729 -38 -251 -556 -290 444 126 -128 -236 190 313 -538 46 -45 570 -210 -520 -408 221 77 115 -456 -260 -1241 994 -448 -303 432 -324 21 -285 -280 -156 51 195 -332 -610 85 -178 ]
[280 -61 431 657 493 -149 -6 1131 -104 -148 5 -398 731 -392 -31 17 36 -422 353 384 87 -771 652 961 590 -1136 67 697 -101 -34 360 -495 294 232 242 -639 314 167 617 -121 504 -122 -484 375 492 366 -4 -584 453 -654 116 -8 -14 484 452 -290 222 -15 348 -644 417 -683 110 -19 360 -529 1056 -308 179 535 427 -440 -647 89 -55 50 445 -114 181 96 -257 213 207 1153 36 67 120 -566 260 260 -181 594 483 198 426 225 -254 269 101 915 -241 -364 131 412 -20 ]
[-32 313 -501 268 -312 -291 -338 -749 -890 505 -519 -179 -1195 192 684 469 -378 63 -341 -879 -191 607 -679 215 -601 644 -210 -343 181 871 107 1139 272 525 268 299 -81 -350 543 -355 48 219 -776 -186 45 187 77 25 -368 74 -265 109 93 88 -397 292 -416 -136 -716 203 -69 387 218 -45 530 969 -452 385 303 -566 592 236 608 -640 -186 340 -1369 168 -719 -14 539 -455 -147 -71 -3 396 -17 358 181 -551 705 -274 -342 133 -122 -334 114 274 -628 199 507 -60 -445 37 317 ]
[-225 -873 -491 150 426 -383 250 512 92 218 276 768 -475 -555 -330 35 -215 611 -625 197 -120 63 -218 -247 1051 -130 -43 -262 56 -728 -415 -501 -997 -63 -418 -493 437 966 -19 524 19 216 863 296 -208 -641 525 -606 111 252 24 115 -1259 53 237 24 544 353 290 88 134 -787 240 -385 23 418 -170 385 -646 -405 -232 -255 456 474 -456 -258 1188 91 1 167 838 107 293 75 131 -566 448 -855 -153 320 -246 84 133 888 -167 -845 12 18 739 -721 275 66 -584 -44 -95 ]
[332 -321 -1027 525 450 -176 315 195 -715 -6 -433 87 -177 -61 -394 176 -125 162 -423 223 229 -256 -512 1107 -82 -268 -58 -210 442 -677 69 701 -353 960 -222 -108 -819 350 340 170 177 -112 -1126 -380 647 -425 144 -374 -462 206 -336 -252 -284 405 -167 274 424 653 -130 36 319 -1034 1045 -138 339 -218 -306 288 -276 493 813 -24 96 -47 381 -405 -248 -573 -110 118 468 323 6 204 230 392 335 -46 312 -417 395 497 -130 288 -166 -398 -370 474 -313 -295 -90 -552 257 320 -180 ]
[277 264 -351 610 -80 -191 -216 64 -22 -143 -219 -114 190 -134 -558 107 231 -295 -179 608 -40 -687 269 -201 -324 -69 -99 -13 254 254 -160 -508 387 91 -26 -869 552 -171 -647 -324 212 -63 99 42 515 282 -297 419 -265 333 -20 -134 -151 -58 57 955 552 432 -549 -1027 -273 -164 -553 -50 -216 -57 692 -587 -165 681 278 -169 -459 120 925 483 -648 -597 -23 -142 -287 464 65 -253 -344 194 -236 -27 -98 380 36 -330 367 816 -476 -403 566 -464 246 285 35 -713 275 -122 -883 ]
[-880 136 -1026 -287 -113 -118 -446 -213 -472 775 500 -160 122 -439 -194 946 835 -508 -51 -808 282 -1220 502 -425 317 604 355 219 295 588 -274 567 279 -74 -516 -548 -839 -200 387 -198 711 -198 162 -296 -449 441 285 598 279 163 -267 497 -1037 140 -258 -304 540 -338 -743 -25 355 199 -246 1124 77 222 -336 -361 -489 -227 473 -1030 273 -748 185 799 -1070 129 -129 -500 113 -478 -308 -362 325 958 -146 -304 83 -241 -816 100 -292 -150 274 -241 1107 -643 -344 845 84 -186 87 -195 23 ]
[-259 -67 601 990 591 275 954 -120 -356 116 -325 478 460 -179 -104 -332 -555 61 254 -85 -155 -915 22 -605 241 -390 1081 457 173 -620 92 -30 -12 -278 -45 -705 -346 -873 -46 -1102 493 -49 -786 8 -34 1073 -837 276 -554 -1821 225 -97 421 683 -106 567 496 -114 635 -595 178 -296 -332 382 17 -565 1139 -235 485 409 564 270 -251 734 -89 1079 290 -123 736 596 -254 -712 4 1301 -223 -366 783 -18 403 503 373 472 701 588 478 283 -267 688 130 -67 289 386 -444 -279 15 ]
[981 98 -239 -605 487 -385 -440 -332 -151 348 1153 376 327 -551 -560 411 634 -175 410 -668 717 -592 -21 -41 1303 -940 -641 -422 173 224 429 -301 -314 -1059 471 547 -754 99 68 70 -500 786 -640 -601 -1007 -540 -158 -282 106 109 7 -39 -338 -71 -443 -1237 621 400 538 265 470 837 144 -332 723 -564 -282 102 -395 308 -233 -171 802 -762 691 -522 -518 253 -289 50 -142 -214 342 636 -444 709 334 41 -112 336 -607 218 603 71 872 57 404 -546 -473 15 -147 -494 -596 -563 -104 ]
[-353 -47 394 -373 77 -178 134 -501 289 -146 -160 494 422 64 -382 393 525 224 -726 -224 -580 -103 440 171 63 -440 634 386 -189 70 541 -715 574 -475 120 -41 0 -654 -463 55 39 70 -699 854 16 35 -126 413 -187 378 -242 -535 -540 -153 -496 650 1164 491 -633 -602 -59 916 -275 673 -782 -226 -80 7 611 -268 -666 457 149 -273 252 516 -424 -83 560 -507 -294 -551 -814 559 306 533 -177 -127 -179 1130 -324 -444 530 -66 -736 268 -305 -338 213 1206 -617 277 90 -564 -657 ]
[-295 487 -406 676 -234 375 231 -192 -437 33 -990 -33 -537 188 -531 -195 -156 -109 -769 -82 -474 221 -406 -330 600 261 219 193 628 97 192 38 -446 65 -1158 -295 495 -640 -1255 -630 356 -433 640 -374 1094 -96 319 320 -651 -241 288 -384 305 -772 -764 422 720 -303 -802 -51 16 202 -446 256 -763 606 235 -319 -606 156 -201 277 1136 861 375 235 576 -281 689 225 1198 -374 -655 59 440 -666 -394 561 251 -69 341 -253 225 499 -641 -90 -149 -76 -398 -582 142 -1029 210 164 -395 ]
[-464 629 234 27 -731 209 -973 329 317 -381 -281 -170 929 230 -19 -520 -298 230 -189 941 -85 177 -291 -550 -937 396 -180 299 -683 183 485 -521 741 -393 -123 -31 -125 602 495 -86 -652 -463 433 -355 -1114 734 -100 599 120 -197 60 -117 384 -822 477 593 -784 417 -326 -269 -613 139 -13 -2 441 71 -19 -312 569 753 -98 389 -1249 184 -385 -302 -467 -604 -588 228 -174 -545 877 -541 -59 878 -248 -383 102 -243 -55 572 178 -955 -169 694 134 434 -209 149 -96 197 262 -456 -230 ]
[-420 -571 -278 17 -84 -65 -407 -111 -257 -10 889 -234 393 -169 -207 361 -75 -111 501 -257 527 -1095 811 443 73 -673 253 99 -84 395 101 -1344 381 200 -450 -451 -504 10 52 -292 409 146 390 99 -325 363 -282 -360 -315 -143 -640 41 -347 504 458 322 662 79 -626 -283 215 -530 156 103 242 -364 912 -291 89 -204 202 -289 -190 -28 231 1312 299 -342 15 263 264 -144 323 382 -415 -1 360 -216 -159 432 509 345 129 102 -719 -113 477 51 543 1202 41 -91 -330 28 -761 ]
[1017 -102 -103 -251 -135 -577 335 28 -612 -16 -306 470 -132 117 -774 -461 553 -57 129 764 773 -184 393 589 -6 -885 -254 -537 -32 -22 -168 460 -154 379 168 481 -203 -265 -199 245 -374 172 88 -754 281 -645 79 -114 -694 599 -584 392 515 -213 -173 -1713 306 148 402 -37 -200 412 77 -673 421 258 -474 52 -828 -365 82 -383 433 -301 -466 -258 116 375 -282 -155 505 499 -199 -350 -360 -539 -253 156 117 -272 293 -569 -394 758 593 -647 90 139 44 -773 240 -237 441 -62 190 ]
[-866 -4 -462 358 -237 -697 -447 291 133 637 -647 269 -1147 -359 132 5 306 52 -815 33 -754 309 -815 -725 -345 213 6 126 -523 165 126 -119 -51 -581 114 -380 311 79 47 720 -480 559 614 35 -901 688 237 -565 422 216 -249 268 -558 -362 -327 -495 -505 352 -788 -349 -197 855 -136 -167 360 794 -220 457 669 -413 -253 -344 -186 -190 -1407 96 435 -138 -580 -565 355 -91 313 65 425 50 -405 -82 167 -117 1486 -844 -224 754 210 -4 8 27 85 -217 465 31 -483 -680 167 ]
[-337 -145 -183 -535 -613 -11 842 -400 45 366 113 -99 -472 526 696 -355 -102 39 201 -1132 395 81 -217 74 396 -707 134 580 946 -349 196 164 834 111 -745 275 -159 -787 -1056 -372 -224 -281 107 52 16 -1163 140 990 -522 363 -142 -765 -146 -415 -1075 -943 475 146 444 209 -208 1052 -127 119 -177 -222 221 -114 -781 -616 -183 -36 1058 145 297 121 98 634 270 345 299 -128 -279 -239 448 -364 205 701 -702 316 346 -172 -613 -209 -298 389 985 534 -838 1093 -410 -474 -49 -100 -461 ]
[426 396 -1426 -68 -52 40 -686 -41 -895 181 383 -79 -458 351 -1454 525 264 70 480 -424 -82 -253 734 -49 -666 676 -96 -882 609 913 -428 498 -774 245 449 194 -136 204 -66 233 -758 104 167 -583 703 -534 -336 217 -182 403 -578 218 115 286 134 -114 109 42 -691 360 42 -75 418 -83 125 390 -830 303 -1149 88 95 410 460 -997 309 243 -527 -27 89 90 -87 574 784 -309 -417 415 -61 706 -746 -779 448 142 -344 -279 -467 -897 200 -750 250 -76 2 -786 -145 -4 213 ]
[-116 -396 1233 -97 95 -544 733 -1091 797 -733 -74 548 -38 219 897 -458 -569 466 -181 525 18 444 316 37 -359 -321 -682 420 442 14 414 80 368 -292 531 536 -29 775 445 411 -390 -59 -1028 -92 393 -250 -191 91 -319 27 -276 -121 -626 -274 -421 431 602 -107 -250 603 -1397 82 -792 -850 13 -59 731 50 580 -303 -936 592 -446 387 -109 -684 124 -941 -289 253 -21 228 -217 -69 -382 371 94 -16 531 800 -663 -564 664 -107 -481 570 -938 96 -304 -670 -648 30 -189 -127 -944 ]
[-1151 784 -712 -215 -169 -31 889 580 43 124 66 -459 179 411 -53 892 778 -205 440 -1098 -675 29 173 -228 645 381 1005 41 -229 -151 -795 729 -463 547 -692 198 253 -438 299 355 526 133 605 -303 -46 -441 633 -632 759 9 340 454 -346 -61 -23 -749 266 -755 54 899 783 318 359 1142 -1037 180 -1217 9 -798 107 -18 -759 984 -432 791 385 260 401 367 -807 49 118 -502 -169 1468 -90 -183 267 -198 -808 132 -3 -300 -439 703 325 46 -690 -149 202 -251 -255 764 -114 961 ]
[-267 19 -441 479 -170 1063 175 319 788 257 -463 -1309 777 -95 -839 -448 315 -621 -148 616 466 450 668 -422 152 191 -89 -254 262 -804 235 -268 148 541 56 -993 818 -320 -777 1180 148 113 -145 -931 353 -181 284 -394 -673 356 -656 101 237 -77 480 1085 114 1151 -1229 -65 -386 -833 -487 -698 132 15 781 -371 209 416 -260 16 -27 569 586 727 776 -368 -100 -332 408 562 166 -525 -149 91 -13 -323 128 279 1149 555 -118 153 -592 -227 -981 745 -116 -120 -161 -481 430 -512 527 ]
[-834 -294 145 151 53 -143 -248 -96 1106 1065 449 -404 146 -164 285 -211 -10 -367 259 -133 187 -465 362 -834 541 -470 420 -341 -304 -217 54 -1078 1143 -628 79 -159 445 -285 -406 256 -118 651 721 -217 -1074 -145 1082 -492 -330 40 -336 51 80 358 760 289 114 255 -331 153 -175 -44 32 388 -438 -272 292 -176 119 -225 -227 -83 263 444 -387 1185 293 705 651 111 -501 101 49 -117 233 -414 510 -945 -386 -6 726 330 -158 240 315 66 607 300 156 823 200 464 -1027 -163 303 ]
[-225 318 -26 622 -243 335 -213 507 429 -162 -133 -121 74 -935 -348 91 -478 -1042 -652 -482 -504 -357 -1052 -362 300 301 -499 -164 566 -741 155 -70 -105 177 39 650 -146 127 140 -90 299 507 -103 755 -883 128 -247 449 427 -115 -413 -21 134 -89 337 158 -696 815 -477 109 332 -87 655 530 854 53 -308 181 -497 1084 -178 816 124 -318 575 -317 -372 -467 -546 935 183 189 772 394 159 902 116 503 -308 -802 403 401 606 119 618 509 149 152 -488 373 -274 -931 -401 127 161 ]
[803 -277 251 -314 -423 811 -931 -552 -593 -270 341 -25 978 171 -288 674 -43 15 174 188 145 -645 360 791 -670 -696 16 -152 -547 154 566 -840 212 389 317 524 -780 -141 542 -651 -61 -335 386 462 31 517 -431 602 4 -587 -476 -552 1073 704 -23 400 -139 -307 -16 -375 -26 -313 209 258 270 165 -400 -273 598 467 -91 568 -754 -326 673 -101 131 -232 -206 156 -124 -312 157 -575 -249 -519 -47 15 81 -46 -479 524 38 -504 -98 799 -519 -461 243 136 204 575 350 495 -13 ]
[356 -227 -379 -779 641 329 382 -65 -395 121 326 25 -212 -560 57 285 273 -130 162 -1013 419 246 -463 -46 757 -541 176 -611 343 381 109 -58 -193 200 462 357 -19 749 385 -30 -858 903 163 37 -822 -211 273 -713 686 331 -80 642 -431 393 -156 -1078 -613 -250 303 1480 18 30 54 -1270 306 -90 -13 -53 -366 -123 -299 80 624 -185 -585 -653 490 426 -398 233 -162 254 1155 -512 -707 514 343 -13 -166 504 -365 -416 -278 -20 970 -170 -436 -266 -185 -152 314 -271 -498 -294 -174 ]
[728 -65 369 259 -29 -543 145 -189 -317 -54 -303 421 -505 170 37 31 522 23 543 -668 -16 719 242 302 637 -319 -306 -306 -504 -5 1199 -51 180 -551 226 368 -444 -558 -104 353 181 718 -725 827 596 428 -636 -505 41 17 376 492 463 544 -1576 -662 515 197 -298 -614 -238 430 61 -23 300 203 -73 195 1207 -533 -199 176 -656 -145 401 82 223 -395 -254 -412 -235 -338 -1102 954 -36 392 516 290 -310 482 593 -602 -206 558 -146 -286 -43 -168 -131 -520 151 -355 -227 -336 -286 ]
[-483 631 -159 -92 -610 -1272 21 -433 125 -206 -768 -240 -619 -209 982 557 300 -623 -627 -347 -520 170 -362 239 -161 1162 100 694 146 185 -622 560 523 393 -111 -142 -168 -19 -483 567 -5 -577 -93 208 608 -537 266 65 588 1269 188 783 -164 -337 178 -235 -24 328 -810 -428 -386 222 259 374 -641 827 -463 -20 -157 -225 154 -526 68 -174 185 -390 -860 71 62 106 381 436 -1063 -923 188 584 -162 281 -137 -790 499 -546 -943 527 -465 -1010 849 -1048 -447 -88 223 162 575 224 -862 ]
[-33 505 -192 -45 -76 197 240 228 -705 -462 -725 199 233 -745 -815 -85 8 -75 -110 533 -71 -287 -875 -132 -238 -202 121 -255 568 -397 -77 846 -399 674 442 358 242 644 -135 -546 -658 -162 -283 -327 84 -291 -562 461 280 111 -333 248 496 -197 -79 -713 -340 727 50 -16 -1196 10 213 -905 -245 776 -487 -219 -607 573 -500 619 611 51 -304 -649 -262 -266 -219 877 171 53 472 448 -874 381 25 870 -483 -207 -279 235 -128 547 231 37 -121 -232 13 -915 32 -314 753 8 -614 ]
[823 -64 -44 -139 281 -241 -117 -476 451 268 529 1010 346 340 435 636 -367 -211 -443 141 -129 323 -577 218 -97 712 -29 -113 599 -701 150 569 -667 -910 381 734 -1044 -271 -376 728 -379 268 -1130 12 376 -543 -406 332 55 -139 481 -554 18 597 -430 -194 179 -57 496 -16 -55 120 192 1093 311 -376 -966 352 258 -329 -22 -49 164 -532 979 -1192 -535 -247 247 111 -1122 32 -622 -613 418 246 120 -383 59 -370 -989 815 -588 -103 78 -64 -89 -898 -219 -523 128 3 -449 112 54 ]
[11 87 -328 316 550 -205 465 -643 -775 -157 -256 495 -264 -100 338 95 261 443 -548 -151 449 -110 475 234 -720 654 223 351 895 517 -39 1029 221 253 -345 424 -1407 619 570 -607 135 -1252 167 85 915 197 -45 216 -196 -648 204 303 -68 383 -488 -708 809 -737 -604 309 42 -677 65 421 -364 -16 -52 164 -629 -507 144 -267 -383 -862 -1171 127 -144 45 392 -19 605 143 -607 -170 124 562 107 245 117 -353 -523 -201 -256 -155 196 -470 530 -198 -513 -161 -36 -393 472 244 -191 ]
[365 525 -213 -254 -284 392 -171 72 302 402 -169 -470 -451 909 13 -107 143 297 98 -126 -275 154 -313 -73 -785 42 142 306 -756 404 571 127 -96 -111 237 371 8 -649 -665 135 -370 -60 389 673 -1082 469 980 382 73 660 -352 -1314 672 -48 675 -183 -1188 425 557 -218 675 183 346 676 -400 -61 -458 915 223 613 534 405 -269 -973 -39 -699 -248 625 -540 -353 -797 403 -338 -345 327 -587 -541 518 60 -319 379 328 -238 -1305 -146 368 -319 1020 -680 162 -463 497 20 19 435 ]
[26 -834 -441 34 203 145 215 -232 224 398 -323 -459 -548 -401 1255 -178 -483 745 -267 -768 277 -424 -1258 -510 -300 157 -71 -984 -252 -78 -20 360 459 316 -180 365 -835 -71 387 -988 230 478 -282 88 -1139 277 28 -383 -514 129 197 -384 287 -268 -735 561 -317 305 485 764 406 136 268 29 1299 228 -671 732 360 332 845 -135 11 458 140 -540 -258 -113 -539 -10 -383 -9 383 -570 241 -619 809 65 559 -375 338 -595 520 561 141 511 1247 777 -872 -833 195 633 -238 116 291 ]
[-476 196 322 -1208 -908 783 337 -329 478 -347 351 780 -64 775 -146 340 303 -253 -328 469 2 921 -346 -315 -491 198 242 325 -371 -339 332 -33 -88 390 -366 773 -116 -386 -601 229 1009 -101 996 139 -275 -188 -500 1531 447 300 -410 -306 -191 -107 -363 -131 -422 239 -340 -533 -570 926 -281 -148 -739 -466 24 -286 370 -827 -730 240 424 -443 98 132 -37 138 -507 1 271 -96 -555 -202 -519 304 -873 716 -294 200 -711 -348 -930 -252 42 658 -1626 200 291 160 -251 635 576 -281 83 ]
[608 322 -696 978 -540 755 -620 796 -649 239 -538 69 -280 621 -551 167 146 326 -300 445 345 239 200 -289 -255 -470 266 63 57 218 874 -161 -654 214 -333 17 473 -170 -616 98 -43 85 1162 -182 -31 224 418 154 -371 404 -191 -590 66 89 -545 -368 -158 262 -286 -371 44 -288 -464 111 236 152 413 456 49 -491 -161 21 872 -233 -482 -102 951 -12 -124 360 222 -313 329 23 -178 -234 -338 392 56 78 -393 356 -602 464 -798 87 -501 1046 80 -431 -301 -318 -103 43 143 ]
[336 296 151 178 -96 -839 635 555 -555 -481 -308 -25 -132 698 1578 -143 -847 16 363 -723 -240 1056 -858 9 -173 -198 -98 456 567 474 146 -77 -228 368 -84 -399 1071 -26 235 -658 -208 326 69 305 -674 543 -220 -134 190 -370 355 -21 147 -531 -300 -490 -1308 -843 829 168 8 -18 297 -1365 312 49 645 -249 -247 30 244 0 -244 77 352 -585 202 301 -1420 638 -101 390 464 84 -132 150 21 489 84 528 361 80 332 123 502 267 46 422 253 -18 364 -697 -523 135 -622 ]
[135 87 -122 221 -24 -193 -61 -473 -270 240 -90 -406 -1054 -232 195 156 -402 170 912 -774 -142 -274 -900 -524 669 0 218 -18 -169 985 -394 519 -24 1 262 303 -310 89 638 -1414 88 -35 189 -148 -484 261 822 -675 349 51 657 201 350 250 215 -655 -39 -410 612 1059 225 179 340 -111 -43 113 -163 270 -58 711 830 103 289 274 -29 -440 -618 159 88 349 -65 -817 251 217 32 -659 431 826 448 -636 -140 -265 311 -481 723 -559 1363 -35 -1677 -703 -63 -544 -102 -20 -145 ]
[-944 -959 79 101 -281 7 375 666 -816 685 -272 -204 64 108 328 183 -822 540 14 -535 -695 -338 -711 -47 802 194 886 588 -122 -315 142 12 -429 -158 215 -19 991 11 654 -275 -57 -76 -332 587 -122 386 271 -52 185 665 669 -240 -548 4 90 -8 268 -75 587 -560 115 -487 278 599 228 542 843 -27 418 -1420 328 -149 11 854 -999 130 706 71 -99 629 769 -1707 -732 796 682 -741 1274 463 -467 105 -525 -125 -140 24 -296 -507 1293 771 -198 -210 -519 435 181 57 -223 ]
[-698 166 -639 187 -200 181 -541 348 496 152 694 -414 444 -241 -1024 349 -80 -618 31 -223 473 -759 162 -850 -899 -191 810 611 777 -558 -304 15 -454 -93 180 93 126 92 -9 -413 -203 484 267 -665 -1128 254 -357 449 -80 -490 -1273 124 -309 81 376 326 -278 934 -633 240 -228 364 93 -42 652 -567 36 -229 -797 80 -292 145 382 -122 -744 776 -192 424 264 858 203 -163 1084 866 -255 849 -431 386 -414 23 5 775 248 -897 -329 1 68 101 326 773 -231 -36 -307 94 402 ]
[-718 206 -474 749 -487 283 -709 1034 126 719 732 -257 -188 -87 -91 432 -425 216 -432 39 -119 59 -516 397 153 -166 -271 576 -112 -991 -446 94 -830 -259 -846 395 -231 -215 -346 509 -597 -206 619 191 4 -880 -362 -252 976 -151 370 -273 -553 100 -339 342 305 274 -156 -22 974 -209 752 1081 406 326 -43 573 -67 -641 -134 -497 857 113 9 -367 144 -88 217 152 158 -333 586 -102 731 176 -140 -37 -161 -635 157 699 -422 155 -630 -98 433 274 554 327 108 615 -198 123 611 ]
[326 124 -128 -387 491 -914 441 -777 255 -7 33 1031 -354 235 -252 483 652 578 -196 -15 -394 -547 128 152 -428 161 -126 93 -35 -32 127 -589 471 -314 208 662 -931 843 -297 559 -930 -219 672 225 -183 -706 -306 512 -123 765 -834 -509 12 -17 480 -813 159 643 -43 37 -251 -447 619 133 -628 114 -410 364 -1136 755 -415 709 -295 -1258 -492 -218 344 -269 83 108 44 860 230 -744 -129 379 512 -259 -647 -452 724 -440 -123 556 -332 228 -278 -50 -70 77 350 196 -113 -190 -813 ]
[-16 500 324 -439 68 -855 972 236 234 -291 -310 282 270 667 524 -629 -80 8 292 980 -88 -146 -260 274 -292 868 581 142 -185 -12 -227 768 426 -327 -739 134 14 -202 -524 -6 -296 -676 131 -919 185 -633 169 89 -474 446 629 458 939 -1331 -110 -809 -342 -959 473 -50 -690 223 232 -262 210 73 -4 -448 -369 -233 324 -687 190 987 -564 -262 -220 488 -165 64 115 553 -1149 -676 -82 -59 -109 -463 71 -698 327 -223 -568 481 680 18 346 81 -101 -897 544 284 744 -168 99 ]
[407 769 -127 300 -321 513 -310 -69 -831 116 110 546 -207 -10 344 50 -443 -887 -149 -596 677 -161 -644 -617 245 -551 -77 446 795 829 243 15 939 215 -515 342 347 -447 -181 -987 462 -117 562 -553 -801 141 263 915 -204 36 253 -79 -211 -444 -617 -1117 -617 -304 32 -76 -154 547 -59 -22 -402 162 257 -683 -362 115 -506 -361 1034 -634 581 633 -867 555 -261 -304 108 -166 206 -84 -155 760 -587 416 -472 190 -405 142 -293 970 570 639 232 128 -220 1268 471 -974 -335 -4 43 ]
[986 -327 -363 -584 -124 -45 -690 606 -1235 105 295 997 566 452 -1040 85 74 -116 333 -14 616 -374 536 345 109 -541 344 -264 -18 899 202 251 -370 589 -811 186 -893 -553 266 -843 458 75 571 -129 500 108 -286 -104 103 -162 445 808 385 -39 294 -1170 -228 -405 300 70 -218 -725 1062 -73 592 -3 -256 -445 -33 -247 650 -507 -402 -405 195 -964 290 -243 139 482 -299 173 -266 123 -455 700 292 -329 376 16 -779 190 -145 -17 93 -818 -378 -334 316 11 516 -650 713 358 -76 ]
[536 -577 1175 59 -518 -170 -713 -178 593 87 -177 -497 1222 717 -246 -898 673 96 819 1203 589 200 628 -423 82 -411 -1119 -556 -633 -82 54 -1238 503 -131 122 729 -28 26 6 -68 78 -452 877 -943 37 -249 356 -385 -374 215 23 46 844 -688 550 -228 31 283 -232 302 -178 -370 486 -535 -462 -782 495 181 690 533 -436 442 -388 600 -247 -216 -117 -123 243 523 -92 506 134 176 -906 -22 587 765 271 91 2 349 578 157 515 322 408 560 99 -361 -875 93 762 -531 374 ]
[-1235 526 192 -675 -34 204 534 -550 742 315 -139 -113 517 -675 -110 781 -216 -38 -266 -846 -788 -1113 -244 -91 26 -672 -65 294 -147 409 -486 791 133 -203 135 -215 -671 0 -472 -859 -28 151 80 1107 -1067 395 -587 104 -49 -815 -1148 -499 228 -309 624 502 17 -815 240 -394 10 -371 425 348 682 286 370 -436 -1129 273 307 68 -498 -833 -813 543 8 -234 557 287 -13 -76 -18 -546 728 -161 510 -14 -119 -664 602 698 154 -676 -250 672 923 456 -545 250 -78 942 210 30 -367 ]
[213 706 616 280 -12 260 292 198 -704 -287 -726 -66 405 -220 122 -866 -1052 -2 -239 289 -57 -140 70 -21 -65 -159 -134 300 -277 23 350 -34 162 507 411 -713 455 -252 108 -475 -381 52 -199 -41 129 168 -378 561 -844 292 84 133 -2 -120 608 1076 -86 62 -81 -394 177 -656 -580 -761 -87 411 303 -235 -813 689 619 334 -762 193 -869 -211 -944 -471 -191 295 100 -786 797 276 -537 -10 468 154 -375 313 -206 -47 97 399 -312 -251 236 914 -419 -493 -211 620 440 -641 -1258 ]
[-296 -161 -9 874 -316 -348 69 -170 -136 -125 -274 -5 443 95 47 21 -669 137 354 266 86 -321 126 -370 -56 205 614 561 268 396 -161 87 385 -162 -302 103 -355 618 746 -1248 330 -688 246 59 -564 668 -772 274 -485 -493 50 536 612 56 90 150 451 -366 85 319 259 -34 -63 657 22 538 30 -637 -321 -456 294 729 -368 604 -551 573 232 -362 192 389 1519 -1240 98 368 523 301 152 -261 818 -867 145 90 267 -865 -193 -78 1159 545 524 -305 83 -164 -482 369 -260 ]
[470 -321 185 -302 -446 214 15 -66 199 196 -9 229 92 263 71 -483 245 -374 325 1171 -59 113 -686 280 -127 -152 -387 -1318 -1240 -293 390 -759 309 318 84 329 -211 -434 -409 450 468 372 847 -114 328 369 -17 -289 -476 144 273 -12 636 26 -250 -575 252 698 -74 -336 -220 -123 -43 -19 -237 399 -165 154 586 -15 -4 256 -600 548 -14 -156 328 -792 -275 -71 -255 58 -464 -195 -930 -1243 360 257 -202 -189 1157 -562 -611 1139 379 -710 -807 653 492 -823 392 582 566 -772 -303 ]
[26 -74 355 -317 -487 319 -12 495 138 -236 -315 -1064 310 -31 1124 -1464 -505 -100 717 1059 442 151 -1262 621 17 -53 -794 -380 -804 -142 173 -558 501 466 -323 541 453 -109 -221 -681 161 -407 397 -247 -275 276 2 -354 -436 67 640 -873 1176 -573 90 -474 -615 266 1574 -500 896 -192 235 -277 -80 -137 119 -128 313 402 581 -270 -265 1328 184 -649 -195 -400 -510 -160 117 -146 56 83 -39 -1669 -71 272 -86 -536 -17 99 84 -135 436 -105 1250 780 325 -387 146 248 603 340 -558 ]
[1212 -647 137 -131 750 -492 153 314 -200 -65 -124 1546 -379 130 -594 -273 -161 83 -494 -408 -38 183 -719 -66 855 -791 278 -212 -260 -686 600 -151 -568 -638 311 396 -183 -133 5 225 -498 892 -543 440 -417 -744 160 117 -201 464 793 149 24 -106 -654 -1606 245 483 350 730 -367 317 642 298 -171 -504 -967 598 98 764 -502 356 110 -580 -1117 -416 479 691 420 344 -135 -37 -473 724 571 482 193 -532 -604 710 260 -344 72 426 789 274 -316 244 -421 -115 -98 -417 -874 -289 527 ]
[-710 -449 -500 175 -343 -609 315 -143 430 33 760 1 -107 -1 412 350 372 -18 441 -563 -741 -1145 1010 -82 358 -417 -37 237 576 344 10 -340 668 239 -623 -594 -585 -226 -62 -5 412 -292 731 853 -66 -641 159 44 366 992 141 -141 -985 757 -298 196 1040 354 -274 -322 452 -379 35 621 -637 192 217 458 -744 -391 363 -371 -192 -633 934 -22 275 -460 58 -763 -185 674 -98 329 424 -195 858 575 -131 145 542 -303 -134 970 119 197 1125 427 -107 122 -899 -301 27 -124 -870 ]
[118 214 -232 666 -1111 -6 -1627 94 497 -357 47 -11 182 206 -124 238 254 145 -514 1070 -44 438 296 162 -561 297 -973 -22 -593 161 219 -1001 477 -300 -315 539 -172 358 111 581 -371 -562 961 14 849 165 -325 -137 316 137 -534 -71 15 110 -658 -107 111 337 -855 -430 -13 -145 290 -450 90 750 -240 129 385 -199 -374 615 -78 135 -210 -123 207 -870 -536 -158 324 -325 443 -660 90 344 -169 -260 -60 -193 717 -131 505 216 -674 -625 -335 38 713 176 -39 -318 -358 -351 -196 ]
[207 -546 -409 -313 189 -32 -422 -19 -122 907 93 408 -620 199 -302 271 1185 450 -154 -137 160 176 -708 -656 372 -286 -1176 -1138 -224 -109 1025 -111 -510 -196 461 254 -284 120 417 1005 766 419 281 270 -529 901 653 -222 7 828 -6 -262 -476 -370 -182 -185 64 526 -301 -89 354 -59 320 557 -95 -162 -416 487 242 -440 -348 206 -412 -904 -350 -761 285 -506 -937 -410 -99 -159 -554 508 -176 37 520 342 285 -472 192 -1029 -7 675 -237 568 -349 452 -611 -1125 -716 -222 235 -486 -398 ]
[972 -141 -67 -208 520 -497 -470 -249 228 92 984 946 -186 365 -366 433 -21 542 -530 -737 -89 216 -183 -812 353 -552 -199 -98 -261 24 -97 -154 -246 -849 646 -162 -302 465 173 -35 -872 961 -611 -64 -1241 -707 680 -785 -421 -57 49 -379 -900 445 522 -976 -544 647 824 97 -223 479 115 -536 428 315 -760 859 449 -9 -155 533 36 -1084 392 -754 264 765 -496 -449 -642 525 114 554 104 -249 -92 -143 135 653 -306 985 512 457 1010 151 -142 -939 245 -359 201 -328 -703 -485 195 ]
[-160 478 292 58 -197 684 -223 -191 493 -76 679 112 -286 79 37 -28 219 -652 58 25 172 412 128 -497 173 575 -681 440 238 -898 -157 -355 -360 -83 -514 615 -109 148 -459 744 215 -437 928 -673 840 468 289 441 631 -260 354 -42 -191 714 -472 215 -744 4 459 -62 303 330 28 1288 -1090 -878 -146 -465 342 142 -1078 441 -79 -287 803 -154 623 286 435 -449 -292 1 231 -577 281 -307 -585 244 -665 -836 -2 -122 -674 56 604 1023 -921 -1599 154 -64 39 -221 -165 708 717 ]
[-98 188 115 -556 188 -1 1047 -417 -340 -834 411 241 -727 -132 865 79 -93 362 258 -476 38 14 -92 531 -33 683 710 20 -97 63 126 -241 435 882 -1146 33 44 -447 429 421 552 -683 273 -232 -138 -839 -412 93 -732 602 -24 298 -3 -648 -368 517 615 -476 703 507 475 257 184 -179 75 189 -254 -149 -389 -107 33 -87 1337 373 1306 352 -336 170 -693 -635 661 -363 222 -13 -730 -147 505 -903 -160 69 597 -680 -520 1057 -116 530 -548 556 -417 -131 426 233 479 -181 180 ]
[702 -112 -6 968 -344 -63 -881 496 15 376 -69 -545 -101 637 652 -297 -664 -61 739 332 36 537 -845 -33 220 -116 -889 -686 -393 -75 -30 -576 -363 -49 455 -38 925 -283 -778 -563 430 264 732 141 385 34 -288 -430 -363 317 988 -722 373 -257 -67 305 -464 376 760 -388 -168 -380 676 -356 -377 487 458 432 471 838 547 945 265 695 743 -450 -648 256 -583 976 -758 185 150 773 -704 -722 747 1342 -394 -288 21 -243 734 1326 403 131 1403 414 135 -72 -305 -188 424 190 223 ]
[-943 524 -43 -151 414 1276 -252 887 -87 453 160 -1390 -163 -1401 96 165 -59 -708 -443 -312 478 -766 90 129 -56 -404 120 268 557 639 -630 156 738 162 64 -633 136 -384 -609 -37 551 -440 511 -154 69 -37 -144 188 47 -460 -275 358 -225 -250 -206 -284 -335 63 -360 -162 893 834 -1026 -329 619 616 479 -418 -595 -359 -193 -802 1333 -52 -1045 894 -118 565 24 -410 624 103 643 208 -278 -167 -675 348 -433 -112 486 -85 -551 547 -196 358 348 -1 499 1352 478 978 296 579 74 ]
[403 -392 -435 -7 78 10 -262 747 -105 708 411 -832 21 414 197 -221 41 -112 312 -298 123 -215 -750 716 -1099 160 -177 -834 131 245 -14 -99 371 295 629 622 294 356 554 5 -538 1026 230 172 278 576 200 -56 -106 -42 236 -241 -274 535 -556 -521 -1141 -5 165 269 -63 380 -386 -85 332 -274 -722 -123 -207 -57 656 -676 -932 -124 -638 -747 -815 -256 -813 -439 -997 867 743 -568 484 -641 -222 406 -159 371 155 -235 -328 -712 837 -26 442 -339 307 297 447 72 111 683 120 ]
[-1280 -315 330 620 -132 -641 90 -586 -355 69 308 272 70 304 11 -323 -267 1326 687 370 -550 -199 -485 -941 -175 -564 -266 -395 227 -64 -679 275 -930 -341 -63 277 -237 667 775 -131 -495 -396 139 -1066 -51 -82 -167 -415 -311 -1111 88 96 -687 -272 7 423 1008 -647 376 1079 -382 208 282 -191 -882 806 -323 630 305 -119 -206 488 490 544 546 -23 140 -1038 -65 111 -274 -626 496 811 661 -461 1020 498 706 -144 -542 28 1035 343 719 802 141 -29 26 -974 -922 390 193 -487 297 ]
[-1001 -335 146 -589 244 144 388 471 -435 18 -646 826 42 -31 -1030 -437 547 -331 -13 33 -969 64 451 -376 578 177 145 -91 -218 -406 640 184 -739 -292 -35 -264 -175 -68 349 978 -154 -345 -494 410 235 365 32 -606 527 -451 31 1240 506 265 92 -491 203 224 -379 152 -24 -488 516 563 -538 -424 -286 14 365 -251 -452 838 -834 90 -883 146 1236 -628 659 -228 -163 -289 -4 1112 188 578 385 -215 412 -452 1032 151 -526 -690 535 432 -938 -11 -612 -471 -489 -855 -42 -542 286 ]
[121 -8 753 398 244 24 -278 -1032 74 -665 527 49 623 -94 -173 -105 189 332 98 50 -613 99 -84 470 -454 -392 -1039 -120 107 -236 -51 -846 -378 -265 293 -496 -640 1008 22 221 -632 -330 -640 338 -27 421 -284 -163 76 -930 -919 -366 244 705 584 1460 141 532 -493 -410 308 341 5 197 -344 -89 607 585 252 336 -619 576 -483 -286 571 -265 65 -319 561 -537 -253 2 859 912 -558 -98 -229 405 329 140 15 1133 122 -355 -252 769 -613 -621 341 316 -296 366 1 55 -171 ]
[506 -607 -247 161 -170 49 -124 655 -325 492 -678 547 202 587 -623 53 -29 587 -330 520 -218 210 174 599 125 362 862 -70 445 199 -117 51 -904 148 -248 -515 599 -168 -222 -636 -18 -381 343 632 325 102 152 -258 -53 -249 51 -389 367 537 347 156 247 -502 55 243 336 -554 -125 354 120 596 -441 123 157 -946 601 167 28 712 -201 -365 275 168 -169 -97 535 65 -438 99 183 -768 -196 -53 884 217 -491 463 61 -650 -422 -167 143 171 452 -47 -149 -757 695 262 113 ]
[350 0 -222 153 -114 -176 232 -773 378 150 -315 -509 455 -80 181 -953 56 160 -618 147 790 690 -375 851 -664 -103 -176 -279 864 -1206 8 1016 142 419 147 74 -251 -662 -608 -669 -314 -356 -878 311 239 -80 455 -236 -633 -291 116 -996 365 499 47 1052 -322 473 91 -484 4 -130 135 44 367 -73 -157 -98 415 -237 699 -132 -717 -494 400 30 -624 -18 -216 -371 -35 -109 -579 -96 714 -736 189 -414 13 202 -158 424 -1 -455 473 402 874 105 -555 291 -241 -346 392 257 343 ]
[525 114 -205 -446 787 -192 96 340 606 -43 -170 -504 1307 129 8 -178 248 -281 118 -109 231 -393 100 140 877 307 210 -780 379 -9 492 -205 79 -639 326 547 -887 233 -221 -328 672 -102 -348 -55 -183 98 476 402 -284 -380 171 145 882 -303 -216 -592 189 141 28 4 215 -503 191 159 631 -1011 -346 -171 -363 716 -123 -312 -826 199 122 -540 7 168 367 298 -474 599 -1038 127 -219 107 283 505 180 -55 -1029 843 222 -595 860 -276 726 -80 -922 -698 -417 -186 403 705 -361 ]
[375 -371 173 -81 -587 351 -1243 -87 -991 -632 638 -36 -272 175 -124 506 317 -199 -128 -421 157 722 1314 537 -259 745 -352 27 111 468 -430 -885 -224 321 295 -127 117 862 670 650 -198 -537 934 95 1302 -615 -351 484 526 154 380 657 284 619 152 -194 78 -345 -644 64 348 -253 6 4 -256 36 -790 520 -211 -891 -325 275 -11 -495 -414 382 465 701 383 423 880 120 1003 -448 -340 -105 -340 345 -572 -375 -372 -375 -410 -319 -247 -375 297 -1025 568 551 -201 51 264 525 641 ]
[611 38 518 792 439 551 854 863 -927 -440 -217 -424 285 -521 -177 -278 -224 -388 -28 128 576 562 8 417 -417 -134 300 513 449 -939 137 411 -401 459 33 -970 752 -317 321 143 -895 669 -1332 168 264 234 -626 291 -342 169 93 922 -202 418 -561 839 -411 134 198 380 -205 -107 -706 -761 1017 127 895 -611 386 -819 -53 564 -126 1067 195 -108 32 -51 -556 427 -178 -637 772 442 -773 828 -104 4 385 1505 -277 -39 -380 116 -152 -269 -782 432 990 123 288 272 22 -269 -176 ]
[-1194 -176 276 249 -428 -843 -4 -554 -699 -242 -1175 -289 171 -660 -522 -217 233 181 -424 -139 -586 -335 569 -210 171 365 413 -112 485 13 -719 217 -399 55 -58 -1005 236 -162 -643 -351 -447 -703 -852 563 -179 448 78 -245 9 13 -919 537 655 -578 238 725 694 -69 -1256 72 -315 324 337 297 -393 1016 223 506 217 -27 -457 447 238 508 -50 729 455 -327 858 733 303 -740 -815 465 143 -104 245 15 742 189 677 319 139 -35 -740 -529 724 -165 -119 407 -612 250 -337 20 -367 ]
[479 213 1148 -105 -633 -141 -820 -389 226 423 -137 669 -9 -207 -862 -480 -20 -570 -639 -213 663 -385 925 -541 12 -596 -405 572 -551 3 -316 -247 105 -852 -44 601 -484 -403 -215 376 -387 -198 512 140 -545 -243 296 199 -764 419 -238 551 565 -133 601 -329 184 430 -84 195 40 -362 304 459 -135 187 -155 500 -235 -245 -577 525 -197 -546 -1013 168 -126 380 1069 423 813 -216 -45 46 -157 139 168 292 -137 -89 595 444 -653 -664 -737 -302 644 553 -90 -240 -310 1519 126 -195 285 ]
[-123 -119 -434 -338 81 -569 -201 -1030 -87 -273 709 825 -670 -45 -84 1027 167 894 -298 -799 -326 922 920 34 -283 224 218 408 -74 748 -754 -616 -146 -137 336 674 -450 1181 736 731 -512 -143 644 196 -199 -1014 239 -738 171 -224 -711 -301 -1441 -378 231 -506 345 -111 -60 697 -204 373 -82 -821 -364 242 -516 665 -356 -436 -923 759 652 -429 -295 101 450 398 -88 -50 1463 519 452 -156 -24 -72 -269 508 -493 254 841 -533 519 -540 -408 -248 -426 -1019 746 229 98 185 -517 -40 -175 ]
[-440 -505 -836 154 -117 487 -680 -675 -150 275 458 -228 -829 459 760 157 -163 -403 -238 71 475 339 -998 -515 -671 726 -320 -495 1342 -1011 494 479 -579 -58 588 515 98 118 433 577 -478 49 -160 -393 663 -267 -150 566 93 299 748 -244 -315 705 -930 596 398 418 -893 381 91 -246 -219 126 -1164 -616 -171 404 523 -250 -411 -4 -210 -449 563 227 -420 221 -518 174 -274 -341 -36 -857 723 172 -66 499 -728 -365 -938 -1655 -434 153 400 338 -62 -458 -809 -349 -338 -575 -168 344 326 ]
[-156 112 -565 109 461 318 -118 -526 -312 -1125 -494 -33 -135 -448 -204 -605 325 -34 -15 390 -298 379 101 -435 -699 -270 -497 -258 -106 -236 2 80 208 563 13 -870 -76 57 105 -266 397 -626 -714 -423 17 -91 301 -227 -327 161 -507 382 549 -354 234 584 190 389 -464 -549 -66 -478 851 -973 -410 -1286 -210 -84 415 1239 28 -65 -81 47 541 365 -267 119 331 -178 -56 564 -327 840 -106 650 -186 402 318 217 201 648 773 -485 208 9 -508 -138 -109 265 -485 -984 411 -436 54 ]
[660 378 413 471 -342 -1541 -360 -579 535 -408 108 587 -799 -18 426 99 61 -359 -423 -1054 175 1623 -571 107 684 -250 -389 350 440 168 218 -178 -673 -212 57 -245 -14 -404 -294 428 -259 754 -466 150 -278 -217 532 -742 206 213 16 78 -434 156 -486 -52 -87 438 -110 -180 -291 644 340 -884 742 -285 377 621 871 -87 -231 -527 397 -135 324 -911 -535 289 -827 -110 477 226 -337 545 465 224 -424 -63 497 832 402 121 95 253 312 -279 -98 -560 -320 216 229 -270 -682 -214 -168 ]
[323 -177 -119 13 475 -160 75 -426 227 -61 605 741 -387 -197 186 63 597 573 427 -472 67 -139 959 -216 202 -361 353 207 -28 -63 319 -36 524 -261 76 195 -349 -521 569 -409 228 -365 -113 -121 152 -483 -68 186 -211 -480 263 -16 138 843 -965 -228 977 12 719 161 -12 -164 -188 90 -205 -1068 -384 54 -11 4 -301 -63 923 -366 -175 165 506 149 446 -299 -86 -360 -246 1097 -9 -338 656 -538 224 688 -167 333 633 155 395 -145 -789 493 249 316 -70 301 -1133 58 374 ]
[-141 -62 -282 -265 -487 470 -49 -290 -749 247 332 34 -128 -133 -422 801 -122 559 26 -1579 -279 950 131 -319 717 -155 -343 274 -18 847 -106 44 -793 845 -196 -41 386 782 253 -546 -352 -463 790 588 190 10 272 -71 445 -250 -117 573 -550 256 -402 278 876 -444 -579 1125 -97 -398 40 314 -127 293 201 -149 83 -386 -1002 185 -371 -61 380 -324 520 -818 380 199 257 -1062 976 -382 283 157 137 -40 120 209 -519 555 -691 -1188 -1033 17 101 -890 -316 -21 -176 -116 220 -98 -339 ]
[933 -709 -1 201 710 396 -48 -97 1206 586 998 719 -409 -40 74 528 423 -542 380 42 983 -507 -408 -189 448 -50 -1 579 412 -774 -140 -371 114 -845 -116 245 -47 424 71 702 105 295 132 -511 -472 -469 425 584 80 891 78 -284 -630 257 -1176 -332 -741 -454 1160 838 -26 -214 14 -170 231 -852 -263 -339 2 20 -416 -705 271 868 144 -516 490 698 180 -602 -177 764 105 -624 126 -313 -457 -323 -901 438 -731 -518 -396 353 346 962 262 -402 202 -921 214 683 -179 524 247 ]
[307 -276 132 -669 -80 170 -165 -370 589 -371 -53 343 -159 -335 443 -343 -89 519 95 480 -340 910 -975 545 -515 62 -1026 -489 108 -27 207 -470 -395 -94 235 970 175 423 -569 316 -474 89 -271 573 -342 -41 -736 -359 496 -216 21 -416 1326 -378 -155 257 -274 288 -3 -154 -169 527 644 -759 -606 105 -58 244 670 -233 -762 580 649 -211 676 -1078 829 -242 -323 822 -165 570 -714 -128 -73 -134 -168 280 -191 -312 827 -59 429 -220 -791 377 -1269 -181 774 -448 -162 211 -250 548 -180 ]
[248 881 103 -339 529 -955 -99 816 -118 -57 -1259 15 260 -356 190 -584 -156 -344 -774 -385 -62 -123 236 487 1034 -519 1002 562 116 981 788 157 227 -25 26 -386 529 -570 -525 -1125 40 -147 -260 74 217 165 389 -559 269 -173 -251 495 521 -1197 -140 -600 2 -358 -454 -507 281 642 -246 -606 1253 935 380 -216 -479 190 103 -397 305 308 -773 -545 125 4 -237 -99 194 345 -545 636 -185 65 -169 -1106 245 488 -642 446 629 879 429 -549 159 -171 -568 -65 640 -336 -263 50 -554 ]
[1127 -514 256 -128 -191 -600 -979 -95 18 278 735 323 -1247 -84 -328 450 -331 317 -327 -169 -304 820 -411 434 -601 -85 -732 -360 -537 200 71 -149 -520 -410 630 -127 1013 -181 -178 1026 -702 968 349 812 8 -1174 302 -475 -102 2055 -95 -861 -775 27 615 282 -810 602 -188 -342 -360 -329 243 -542 -16 526 187 1030 -296 -268 67 -96 276 -1179 -885 -170 209 504 -676 -269 322 -319 -79 74 -115 -513 186 -33 -941 15 262 -131 -533 1011 -1083 -216 -97 859 -281 550 -269 169 -615 -283 266 ]
[-467 -498 590 178 -58 -106 144 65 -163 -304 224 133 -672 -6 69 -420 -579 625 511 -261 -89 575 877 -518 -257 91 -143 -304 -260 155 205 -35 43 -27 823 168 259 -536 1152 497 -451 719 -818 -92 -605 151 -733 -128 335 -1140 -327 1162 212 265 -179 -513 612 -476 14 774 -126 517 -298 -74 1449 -128 200 156 568 -980 -119 152 -121 -340 -645 612 375 -372 -414 410 -358 -806 830 434 -626 9 447 -786 276 445 856 14 144 -283 85 -351 -445 604 77 -279 -153 -438 -1232 -988 580 ]
[757 -69 536 -216 -201 -138 -1 -476 -853 -585 467 659 353 65 194 469 -411 -85 350 -84 -158 251 -122 496 -539 -256 -42 380 485 -260 -545 418 -454 608 330 125 70 -187 448 -458 -558 -97 -856 70 276 -243 -1371 587 711 63 613 256 -27 3 46 59 -324 31 1113 447 -371 611 608 312 73 -571 -172 251 85 275 319 231 27 139 682 -1216 -944 147 690 309 -461 -208 933 44 -454 478 40 167 521 789 -2 -337 -485 -31 -134 168 52 -256 -267 304 229 66 239 193 -103 ]
[-33 -1134 614 -222 310 -350 -325 -1311 -235 261 -296 46 56 -521 113 -671 242 -292 -65 100 335 -191 103 -672 675 -437 -360 -265 306 323 552 165 -375 -95 876 -463 -17 -4 -575 -568 62 142 -1036 -484 -511 450 657 -910 -545 210 -380 769 592 -616 564 -456 663 238 -947 277 -832 -337 151 -786 195 426 720 662 1095 -228 -473 -16 367 259 -202 -56 -345 385 -190 485 364 -145 -1240 283 -535 -72 197 -72 1251 715 -60 209 726 106 -194 -576 667 -142 -583 -409 181 -483 61 -302 -316 ]
[-122 -192 -400 -691 -267 -278 -342 -585 -141 202 -244 -219 772 -862 -220 314 217 -307 -448 -56 -471 -507 -427 -582 297 -89 -170 -13 208 -195 142 334 -768 -491 356 -239 347 832 200 -286 -418 396 -154 -186 -721 759 267 -375 -97 384 -204 272 -179 -64 408 636 161 230 -616 -220 -299 -419 -518 215 199 610 507 21 -114 -167 202 248 -477 3 -1046 -46 229 -511 -209 995 982 -406 -607 -394 286 -44 448 660 -854 -111 -476 -46 142 -561 -227 -615 1002 -409 -126 -530 -483 -173 314 -454 -781 ]
[-368 606 -96 -295 -549 -84 103 -254 -93 -194 -816 -330 497 715 433 -360 193 262 1076 410 -448 13 432 -378 -329 827 -132 -477 -148 223 554 546 300 508 388 218 -83 -268 -242 88 -129 -273 -345 -688 69 208 -36 52 -289 -469 81 285 1244 -620 53 -410 -392 -227 794 -184 -899 880 -75 349 734 -91 -175 218 490 -316 522 467 -15 210 85 -189 127 338 439 1156 -475 -553 35 -564 -618 72 763 -142 210 -870 517 317 -295 -525 -174 370 159 -90 -541 -735 398 67 118 315 187 ]
[-174 388 -871 -542 634 723 91 432 651 -274 184 -611 -18 98 309 -35 -215 1089 -448 6 124 829 -103 -637 -799 1746 546 -321 -783 -311 -188 -554 130 -56 185 186 -236 985 871 285 -112 -510 184 -178 -871 207 -153 -564 272 191 -461 84 50 489 741 1269 -746 536 -512 349 682 -651 643 -667 -857 -526 -220 503 172 605 -474 333 -249 -139 -84 901 120 391 -639 -963 312 167 341 -361 188 873 96 -39 -395 -679 184 287 407 -981 1 152 -1044 292 692 299 -288 512 73 -592 799 ]
[182 -282 -230 301 -630 -141 -974 703 1020 204 52 -505 -382 -205 -163 77 -133 75 254 -620 379 490 -169 -272 280 9 398 -545 -61 -1136 -604 250 -58 -311 876 212 60 266 493 502 -618 699 -20 795 -441 -130 -404 -664 679 -139 195 564 -123 806 347 216 -1121 264 -137 78 -179 410 89 18 1066 425 -580 147 815 -341 -641 612 -591 34 -126 693 711 695 -103 620 15 -7 288 -448 472 141 -195 0 -956 -643 457 -285 -81 -516 -574 -571 68 -330 706 255 -27 331 -862 39 754 ]
[-434 -269 -598 -712 -197 700 -211 487 -459 227 613 -553 1552 425 -149 674 425 -9 -56 -545 511 281 -165 814 -96 -177 627 -15 -971 -353 63 -713 303 158 232 -469 101 -134 277 832 -419 735 -794 -482 -321 -457 -1412 -105 103 361 -311 -454 -1067 -65 159 -149 -230 769 101 -69 -162 424 -93 -608 280 193 655 -303 891 88 247 -487 18 -361 -136 137 -22 -585 -586 -584 22 -387 942 -464 141 1046 366 -301 -577 1224 792 105 -662 78 -124 234 -460 406 603 1416 65 806 498 -897 296 ]
[67 110 161 -515 278 -252 -327 -529 72 406 -274 -21 -97 -763 -471 -362 414 -195 -81 -117 -227 -424 74 -125 26 18 -463 -1098 59 781 1035 563 304 -750 444 537 -752 -159 -427 369 -671 535 -644 128 1 540 384 -186 -403 984 -608 149 666 153 -53 -581 145 434 -401 -313 -235 208 491 672 501 227 -1143 141 -279 242 -126 139 -374 -997 -637 -728 -336 -608 311 -746 -684 1 -680 641 -77 60 488 -206 -248 97 782 -23 -393 -168 716 339 595 -243 -1142 -293 -341 -224 518 -127 -373 ]
[-1101 263 -97 -684 -422 -302 -103 -275 36 -163 -330 -342 507 78 855 125 -85 488 -60 -719 -24 -270 409 -679 1205 56 65 193 -493 410 172 -280 185 -533 -423 -499 -245 -278 322 37 -1007 489 -322 -886 138 56 111 -659 -114 150 632 909 -509 -500 -318 -99 776 -152 142 649 -182 50 -687 21 508 564 333 -217 -58 -628 -156 -2 167 434 -173 319 746 -290 404 400 565 -1401 170 -527 96 -55 1038 31 -533 -336 -87 -190 511 -234 -481 -472 810 -601 -278 -251 -148 292 -60 -877 -861 ]
[282 781 628 -367 39 754 751 -348 33 -338 100 -188 716 -74 863 -427 -517 -115 210 20 616 -452 -384 -523 131 249 -50 294 -87 -186 -684 -349 -190 429 -386 -236 242 272 -148 -659 632 -1004 432 -920 -582 399 -186 927 -180 -1057 23 -159 381 -716 807 -370 -618 -247 1016 -101 516 290 -839 -93 -331 285 -260 -633 -907 818 393 64 931 386 239 -54 -391 378 -330 414 1191 -382 80 -93 -372 -732 -691 118 28 23 92 563 334 -889 161 472 40 355 68 55 178 437 254 -39 323 ]
[522 207 296 -299 -124 -545 106 -417 -242 -662 661 493 -173 -345 -1428 139 761 -241 484 -405 78 457 402 735 617 -698 -5 552 63 -993 -606 -773 -337 -248 -296 37 -326 -234 -588 431 -435 -317 -379 75 74 -1056 -620 240 286 605 -247 656 78 177 -36 -859 240 913 84 35 -208 823 221 -362 -44 -29 -506 -541 -109 -696 -636 654 497 317 625 678 30 585 116 493 960 -143 -91 479 -616 394 -792 376 -650 342 686 51 -161 -220 -617 -486 -74 -1036 565 614 246 171 -256 -237 -341 ]
[853 1366 197 499 530 63 87 702 520 -50 -821 -174 87 193 -147 -418 -797 -132 363 110 -10 -35 -18 118 200 -624 -163 -150 -222 667 483 97 918 135 318 138 -89 49 224 -595 507 124 -365 -464 833 78 636 -368 -317 -509 709 -1152 293 242 534 143 -582 37 943 -229 -290 -1486 555 -455 561 -345 793 -273 45 1980 694 919 -632 57 465 -537 -527 -831 160 720 -767 1075 83 259 34 -62 140 197 -239 -508 -331 969 688 119 197 347 -408 423 -640 -239 -97 -636 -327 889 -627 ]
[-853 -26 -533 -495 95 367 346 -84 -190 157 -785 463 -911 -122 -642 54 -189 -228 -141 -539 -175 494 -815 -905 356 -122 113 -339 -11 151 615 480 115 -236 693 -88 502 448 224 -313 -683 749 -636 74 -604 187 -182 -394 328 -433 -265 357 535 11 -26 -113 -910 44 -523 -2 -973 681 643 -982 363 -119 -119 -285 632 4 -4 491 151 -316 -1365 382 536 154 299 388 602 -302 537 349 62 772 -45 -177 -741 -731 681 -182 -9 -681 316 451 -543 -356 40 558 108 -936 -787 -500 108 ]
]
