[[370 298 487 662 -225 334 -147 101 -392 287 491 -929 171 194 174 -187 328 267 520 -51 820 45 -543 413 132 -136 108 -460 789 768 -235 274 -835 36 -232 -538 -538 586 46 157 -468 218 -53 -251 260 -212 247 -41 -72 56 -162 -493 -201 32 -669 25 -99 -84 68 809 -187 -134 291 511 359 590 406 746 -126 -108 762 -134 -257 227 133 -228 -132 274 -46 -208 477 165 1039 -641 -24 685 -29 -88 -57 -41 -620 -78 -315 -279 -415 -561 357 100 357 106 -45 -409 34 59 216 ]
[246 1069 291 7 101 652 -544 -520 -430 -230 116 -997 -896 538 684 243 166 -278 -398 503 858 -59 4 -98 15 503 34 -129 611 140 -359 537 -719 196 -676 -374 -509 396 401 -119 -390 -243 374 357 -143 19 145 -420 124 859 -218 -631 220 128 -201 -668 688 -81 75 710 -67 -238 79 334 -549 -604 508 -174 376 91 712 289 417 538 -269 425 -149 -172 -671 -551 -152 -37 -464 -23 -20 179 -394 -15 80 515 -156 -184 -97 -77 89 -969 384 -121 -120 242 -491 -139 -243 -188 228 ]
[20 412 215 -18 -10 49 -85 -99 -572 53 424 -589 -305 106 468 89 41 -344 -419 711 462 314 -100 -217 760 -153 406 128 349 3 -459 -236 -529 -335 127 23 -91 -347 697 265 -251 -162 480 -196 83 247 -616 -400 449 270 -537 88 257 134 -626 198 608 24 979 863 -275 -71 -499 159 -737 -253 864 48 -96 -193 808 644 245 450 636 6 -867 17 163 -762 522 581 -92 -838 40 -128 -102 385 -430 689 -172 -404 92 565 -245 -541 206 -292 -715 -83 381 -344 -108 -18 -442 ]
[140 -245 143 -79 385 -572 177 187 -579 108 -757 -773 1118 -185 -550 -224 -3 185 520 212 -65 -121 46 -474 -334 -390 536 -214 28 111 53 139 -400 -470 1108 -979 -306 -532 -493 368 -440 513 -205 92 -13 8 -708 199 235 -307 104 1 -152 1021 123 286 -349 210 -182 419 179 379 -714 -403 -184 415 306 355 -414 177 -222 201 -610 -174 543 276 1 -138 521 -28 -110 -378 427 -581 798 287 288 353 358 197 424 144 163 94 412 648 -100 -180 -60 -23 758 -194 -37 492 -22 ]
[268 -270 404 -339 -825 -312 83 492 -34 635 919 -355 -525 167 112 244 441 244 -553 202 375 -639 -515 604 1174 108 -621 -33 278 -138 -873 -544 -548 -661 -517 -86 44 -418 356 6 73 -73 367 57 -87 88 425 -377 404 -53 190 125 -161 -748 322 85 511 169 483 389 -268 -416 -417 -81 52 349 405 -661 -320 -292 268 204 -336 766 -42 -264 -47 61 564 -378 769 223 527 -4 -686 -474 -258 155 -85 -387 45 310 -291 855 -465 -156 466 -196 277 -5 421 61 -364 324 -170 ]
[-467 -479 -379 -471 -212 210 336 -565 946 -488 -897 1366 -327 -216 -107 -137 -648 -358 265 -578 -149 306 -498 -575 -776 -571 26 562 -117 -636 1012 672 424 285 252 364 850 -544 326 117 710 449 -348 308 -347 -74 -143 10 142 -361 132 829 -135 217 -485 365 -192 -192 -428 -655 -243 -140 162 -189 -701 -192 108 318 -166 -77 87 175 -5 -26 130 -504 -325 -688 62 503 -389 538 -326 212 179 -79 633 -358 -595 -346 -849 -90 198 -485 -327 662 -877 -21 -496 -97 299 -416 -160 153 -538 ]
[128 310 -219 300 308 312 -418 -1067 -224 -825 -223 -196 267 123 158 272 -122 -437 -452 -314 -327 -201 485 -429 154 590 418 174 459 -280 288 54 219 41 107 164 315 632 -204 -129 241 -91 -108 591 -239 -132 825 -483 -237 494 -376 145 561 556 -467 -190 -205 276 -205 108 582 -867 -179 -168 464 -2 -273 599 567 23 369 524 150 -254 389 91 -331 554 -418 -445 -303 268 -234 865 -13 -441 -65 440 -273 458 284 349 -447 -1050 287 -658 416 640 151 -507 -59 315 275 16 369 ]
[544 201 321 -1 -584 535 -17 -206 487 -455 235 671 -152 -78 323 -223 -286 63 -218 126 113 420 -86 274 147 -2 -193 -860 131 -356 499 606 -203 19 249 561 706 -740 398 367 193 582 -301 -142 737 -4 125 519 413 -339 -506 257 -575 -303 -73 -285 492 -292 536 -270 -475 -485 -163 73 -507 207 444 -4 -778 357 395 130 -138 1091 54 -65 -204 -106 43 158 643 399 -321 -1171 -871 922 -292 -243 -32 -362 147 178 -529 234 -373 265 -166 -581 -30 -170 -365 -89 -221 68 -493 ]
[291 131 336 9 201 -32 -182 63 4 -172 -139 157 464 -625 -311 58 -338 153 -13 473 -266 229 60 92 669 -438 98 -464 810 -326 591 -425 406 -698 406 514 402 227 -674 233 -30 206 31 -204 449 -48 111 600 -160 -189 -623 409 -372 716 -564 232 -225 -233 -246 336 -654 -343 -867 -2 -581 163 -320 635 -1167 164 580 -12 -646 192 663 -523 -507 655 567 -445 582 481 -333 -1229 -204 59 -202 -118 -410 -487 -227 469 -81 51 350 306 -283 305 -433 -763 23 -383 283 -550 -280 ]
[-488 -107 -782 -91 -210 -125 532 483 -59 -144 666 -73 51 -153 -359 92 0 170 33 -10 -520 655 -411 -16 -99 102 648 686 -1041 102 -262 322 -197 60 245 131 16 -341 -145 -209 326 -610 390 141 482 -67 -1271 -243 288 -398 112 964 438 -527 -145 91 179 -139 977 294 487 782 264 -284 -92 -559 211 -397 -203 -31 -455 -74 517 207 522 -62 713 -626 549 0 -221 131 621 -238 199 -251 616 355 75 721 900 -809 -109 963 1 678 165 -49 -123 172 274 -469 576 -257 256 ]
[450 222 -162 -246 623 -162 -701 -150 -522 -425 -591 29 469 -530 795 133 -320 289 -57 732 56 577 1828 -873 -379 593 508 -295 -648 -305 437 42 429 722 432 -183 242 -594 130 -372 -44 226 -651 90 185 772 -335 -70 -569 1003 -846 -492 628 303 257 -572 376 34 152 -980 586 457 313 -228 912 13 -341 -250 1012 180 -789 37 440 -191 -105 1250 -372 -238 -241 -217 -512 -548 -727 264 489 624 -442 471 272 975 937 592 575 -1006 835 -11 -188 -431 -350 75 -483 661 -305 353 -110 ]
[628 -167 334 -695 76 -164 -460 526 -239 -337 325 475 -1050 -648 -18 516 -137 572 -875 50 -281 33 287 127 736 1217 140 -389 456 -1178 244 -157 -300 -819 -277 566 784 -773 -768 -322 -72 304 -500 221 466 261 452 -217 144 326 -189 107 -121 -587 265 -144 81 15 148 225 -392 -644 114 51 158 375 -574 -442 84 -608 562 -66 -105 530 -164 -345 -15 344 599 -802 843 532 -391 -145 -779 -47 224 294 -509 -189 185 747 -731 -94 147 -263 -239 416 -557 -763 -412 -311 11 -774 -272 ]
[130 -530 -422 -563 43 -672 589 1170 509 -279 -667 412 -361 -381 -785 650 -182 770 622 -101 38 336 199 -735 -823 187 475 279 -870 -588 808 592 -48 -106 96 492 381 -792 -557 -373 134 -99 -311 -829 123 257 -744 -283 422 -137 -329 520 -470 -10 -455 -278 -249 -695 118 3 13 632 331 52 -901 -893 -62 130 359 -169 -416 -555 406 -375 354 -806 541 -759 704 -185 -654 247 -307 -438 784 -158 538 -276 90 528 -658 349 419 77 227 828 -750 86 -1539 -40 138 -313 -55 -398 8 ]
[763 -222 32 -782 123 98 -54 204 -191 -1146 -974 197 -604 370 -244 -36 -15 264 -222 147 586 227 857 -602 -284 642 1371 -597 -154 -846 971 853 39 540 539 -460 334 -1202 -463 104 -773 259 -983 552 174 315 -199 -486 67 729 272 -404 -255 289 300 -1024 467 -183 -210 94 -262 -540 -115 39 -259 -517 180 -530 345 375 -486 101 -105 355 290 344 35 -391 26 -691 -416 -176 -718 282 622 -154 -323 454 558 563 938 381 -189 -472 -158 -324 -22 -685 -400 -255 -402 594 -124 28 729 ]
[-4 55 -285 304 438 -35 455 563 241 523 113 -16 709 -379 463 396 -144 362 825 -45 312 985 -61 -298 -640 -951 160 -518 -61 649 -209 379 -977 -142 82 -634 250 -389 702 299 -202 555 103 -161 677 -262 -120 -515 368 -622 -643 -116 -198 487 -131 -33 591 223 29 461 78 476 623 291 -348 393 1403 96 127 -400 575 117 -38 298 208 94 -150 -1054 711 845 207 196 940 -1069 380 929 479 -258 -270 542 -669 405 445 84 26 1106 -276 -32 -32 786 962 -676 -570 637 -710 ]
[156 270 119 333 1240 646 346 -504 -160 -225 -199 -359 0 -1 -219 -56 -319 -403 637 -647 -225 134 -633 -163 -1441 -299 -302 -568 890 -275 -232 445 -519 -494 -108 -567 -317 335 123 196 -557 -41 161 -34 153 -680 282 647 -248 186 371 -705 125 963 170 -146 -158 175 -825 -77 -236 247 799 735 -266 691 264 38 91 -40 644 -210 -693 -399 -413 695 -304 -391 -682 519 -60 -467 -341 -948 653 633 150 -79 -153 297 -1159 -364 370 -453 209 -365 -584 581 496 -73 -2 -679 -917 -801 -227 ]
[-178 397 526 24 -321 523 73 -1266 -225 -239 958 -946 747 114 403 110 160 -278 -170 -7 -165 -240 -202 376 148 -113 -724 212 329 -193 -855 -202 -163 -64 514 573 -77 329 1101 -167 691 -136 -72 -272 737 -292 -93 576 624 376 -976 438 994 -133 -358 175 218 -281 1101 -346 847 533 -548 117 327 714 385 190 -210 124 105 -1 -136 653 562 932 -185 213 -883 -298 697 79 611 -851 -444 447 29 267 -463 270 563 -526 -265 -104 -354 -1225 538 -30 160 -250 -378 -214 123 597 -177 ]
[255 -383 -206 527 -364 -442 980 -164 -28 -612 -174 490 187 -239 -39 622 -213 468 859 -456 -283 306 -43 -656 -1331 85 -610 -208 -467 -479 461 1060 -188 122 -140 134 577 -485 600 -339 519 -326 692 -437 -360 70 46 276 -438 289 -398 469 -162 624 114 86 -470 308 -590 -670 310 -26 -102 -113 -417 72 45 466 -186 -150 123 -324 187 -194 -395 -360 263 -539 159 634 -742 71 -668 -516 108 -124 243 -278 42 636 -1289 -214 360 -377 267 953 -614 -3 -497 277 267 -240 -844 42 114 ]
[-33 -500 -1061 548 -553 79 -54 -444 67 -259 610 653 204 -91 -155 160 114 -720 329 -639 -489 -436 -504 -191 -798 -53 309 600 -1057 505 363 -201 683 1056 65 358 555 451 -126 42 641 -245 47 -690 -701 -60 425 560 -748 -92 118 1163 149 -723 -913 248 -93 393 611 -897 320 -240 625 -98 1390 -11 -480 970 428 -23 -550 281 92 -583 793 -585 -448 -73 -315 433 -673 560 432 801 476 -302 -424 643 -420 267 -583 -58 311 -690 -505 -100 404 98 141 132 -462 23 -90 -468 -60 ]
[77 832 -1300 729 453 296 -362 -484 358 783 689 -1321 246 12 846 537 252 -61 -13 397 192 469 238 -608 221 368 446 -12 -170 1018 -245 -536 -632 -168 -150 167 -158 1246 180 -240 883 -528 343 -204 77 309 476 -547 71 -60 -1058 486 153 -423 -1225 -463 614 601 884 776 780 -381 303 223 5 -1430 735 453 1258 -387 147 418 306 -617 859 84 -109 -302 -532 -8 -496 134 551 50 76 22 -315 -235 -481 1268 -228 387 -13 -443 314 -443 756 545 135 196 182 -96 199 -296 102 ]
[-120 -331 -318 -268 694 -472 -747 234 -798 836 -974 -581 509 -844 156 -168 29 48 -241 686 -859 90 753 -565 335 898 -238 -154 -418 176 -480 -821 501 -674 554 -625 -51 109 -808 -100 221 892 -64 544 -811 883 229 -209 -476 -30 -384 -470 -309 -512 82 -283 -245 745 -505 -113 339 -753 -196 -973 1078 27 -231 -205 732 -281 -268 749 -251 -776 -324 257 -103 535 711 649 75 -405 -100 389 317 365 4 401 -325 -270 295 1406 251 -830 1167 499 -72 562 659 -252 540 321 53 854 -682 ]
[206 95 -94 632 397 -338 -110 256 470 -209 66 577 352 -592 -365 -250 253 -362 590 -600 -441 -644 -16 -361 -1535 -233 -455 -155 -747 139 568 632 -778 308 -417 -128 289 54 -395 192 -357 161 239 -992 92 -582 -22 305 38 -104 394 -563 -78 715 59 669 -555 142 -645 -733 429 778 909 -26 247 736 -132 8 362 271 -139 -348 181 -417 -30 -225 733 196 -78 627 -976 -460 -518 -87 593 114 398 -295 356 773 -721 128 452 -5 616 894 -149 284 -229 483 699 -169 -380 -224 151 ]
[182 506 -1137 656 -671 602 162 -341 702 19 395 388 -261 -10 907 806 -616 586 58 121 142 1002 187 -427 -94 118 -49 -55 -247 15 118 673 -875 315 -288 32 488 -204 725 -326 904 -450 403 -154 306 418 -129 -37 -287 -251 -1085 396 234 -506 32 -1019 465 -17 373 -33 -43 77 425 235 -908 -726 584 211 -111 33 -67 -708 787 835 -264 146 -818 -918 102 523 -43 64 -167 -798 -691 383 -418 -426 557 845 -116 -107 -295 -355 530 1137 -83 -519 -44 -112 -273 -710 -285 86 -166 ]
[382 -258 -209 436 -92 -737 75 47 -227 -89 -324 -302 369 664 -277 132 -50 -208 -427 46 -883 -1201 505 -143 -188 453 272 935 -556 80 -176 -224 -307 -164 183 -250 -339 -1017 -893 116 -764 86 -363 -307 -1426 274 131 -729 -72 -339 467 -105 140 501 844 161 -343 518 562 -119 198 463 -534 -459 -507 -484 -804 646 432 -396 -499 525 755 -653 -323 -383 -415 -464 423 -591 -767 -250 -104 810 304 -249 -191 349 730 -389 247 344 -303 153 401 339 323 -144 -963 314 85 356 -138 22 -652 ]
[862 -465 442 -520 1010 -197 -272 469 -826 -173 -653 -600 143 -4 227 -190 412 597 196 360 135 747 617 -143 341 444 1095 -327 208 60 359 -949 260 -224 806 -90 -269 -1203 -810 235 -840 514 -525 -420 210 834 -153 -184 11 3 31 -347 -1019 169 -333 -749 61 188 217 126 -479 -325 -673 131 -389 -137 536 11 -52 225 -509 495 -477 -228 427 -228 -1059 50 952 -674 591 148 61 -1049 781 716 -666 657 -367 -146 -50 1176 209 -250 294 -122 -197 -433 -870 153 -734 172 268 153 -372 ]
[-506 -106 -119 -846 268 -225 308 1128 -49 799 -362 -768 -782 368 -710 149 19 923 18 654 -283 204 414 -424 -21 -478 346 246 186 -58 -572 -452 -334 -785 622 -837 -631 -462 -366 -63 -1228 248 -286 172 -71 422 -163 -375 315 284 90 -728 246 -53 651 -70 293 236 -483 360 -584 266 -538 605 -888 -974 -160 -576 420 -767 -394 -196 -301 -219 -111 36 501 -622 300 -7 533 -622 423 139 396 -795 468 -543 -23 58 424 95 354 461 -83 -406 -338 370 -559 -96 559 -468 -86 -278 -422 ]
[-125 -35 -542 -431 575 152 -168 -189 518 -557 -788 430 -424 81 -341 88 -460 359 -46 88 463 693 1076 -1108 -138 -597 621 727 -103 -380 259 -287 738 257 52 226 310 192 -94 -35 48 -259 10 -201 369 44 430 -526 563 480 -425 -305 806 414 -371 -897 293 -485 -624 -640 -37 -541 387 723 -431 -711 103 -925 831 322 -933 -554 -15 33 189 883 -355 63 63 167 -306 -55 -513 379 535 -715 -270 -131 -123 669 343 1005 721 -1189 50 191 -268 -7 -169 -502 -260 17 -421 -76 505 ]
[163 -405 -199 -243 -595 -283 22 1293 704 697 -18 857 -144 -597 -414 269 711 799 1077 -960 1121 -216 -266 -421 -999 -762 311 -722 -35 352 522 87 -839 1341 375 -1003 447 21 -16 147 -189 315 -555 -78 434 -284 283 -179 -110 -158 714 -377 -24 -644 295 250 539 227 -1121 -511 -378 517 481 657 715 561 166 62 389 -384 -554 -1005 -462 1061 402 -148 192 -682 398 938 93 -241 1273 443 216 30 308 -275 773 324 -7 -15 -12 -158 -546 517 -333 -159 -64 663 349 -670 -346 768 348 ]
[-2 269 -351 1079 -706 86 283 790 235 15 574 1294 873 226 -212 -364 -205 681 395 -40 23 501 140 1021 674 -266 -223 -906 227 1391 181 277 583 618 276 422 54 1148 288 209 -1 -190 261 -297 273 -157 562 278 -583 -1192 24 -1 48 -33 480 359 -652 70 17 139 -622 -133 163 512 904 162 -921 687 -526 658 205 -214 473 712 156 61 11 453 -222 841 495 -351 729 582 -1022 186 -554 -132 1243 -720 509 -1001 -732 287 -78 745 -33 25 587 314 -638 715 459 49 543 ]
[-803 -291 -497 -543 150 -111 80 -312 91 313 -51 440 -830 -299 338 -380 -701 491 373 455 613 852 -127 484 36 -48 -65 363 135 151 858 273 612 6 -505 -716 -70 2 438 -423 329 -385 -385 962 -409 407 -180 -401 -1343 -75 -3 229 -85 -316 -365 271 -249 246 -587 243 -491 447 744 -158 308 -782 -355 -391 286 -545 213 294 48 60 -422 46 154 -789 313 -537 -538 -513 180 1075 204 -254 221 -702 -246 -646 -889 -360 442 -224 164 425 -865 212 689 394 27 120 -206 -639 334 ]
[720 -89 126 -107 982 -117 -524 -287 -412 -448 -197 -872 142 -378 -130 18 224 -29 -759 745 -691 -338 1167 -819 249 1305 -725 -124 236 -730 -644 -798 -108 -1325 147 -64 -213 -839 -329 -61 -320 -124 650 -393 -659 713 533 -504 -195 622 -476 -1265 112 11 -129 -81 -33 692 -174 -272 406 -225 -487 -293 -490 -274 274 -877 434 -91 -105 1040 -13 569 1084 705 -770 603 540 -472 26 -823 -911 -556 422 -746 -759 91 253 598 18 1089 62 -120 1935 -73 -249 867 -127 -691 652 187 -532 86 -94 ]
[-849 325 -197 -521 1290 -327 -535 -34 135 748 205 785 247 -1532 113 -535 3 -347 -47 398 -19 766 247 -77 43 -1042 -410 886 -70 441 226 -1292 421 266 297 399 509 98 970 111 268 -412 73 -940 371 -33 -884 414 -33 -300 99 -48 906 -527 -164 733 -260 3 138 -620 -164 1304 190 227 -166 411 -148 -599 817 230 -568 -57 -149 1 461 1203 -1460 230 -359 169 206 172 -474 -105 93 -48 338 -129 -347 399 -371 -175 771 287 213 93 -738 85 -835 706 155 -218 -144 298 -489 ]
[-345 -344 -60 -10 597 -314 -154 236 -769 -605 -330 515 171 -533 -311 -409 161 -287 22 313 -329 250 -579 258 -29 137 129 457 -596 252 213 45 727 286 375 -10 -583 -83 -129 -343 112 -399 316 45 -810 79 -1379 -299 -714 -422 959 352 -496 -136 -383 667 -232 -151 -207 459 -38 792 -178 -407 -192 74 -355 -52 -174 977 -338 308 653 -289 631 -364 373 702 321 -362 -690 -7 -513 275 757 -957 120 239 195 10 263 -902 495 989 896 282 218 214 -757 484 49 443 688 167 552 ]
[-98 77 -419 -7 351 -152 -337 -385 317 -72 -227 186 -540 -500 414 2 -330 412 486 270 789 502 210 -567 -38 156 -110 293 491 254 922 535 -31 -434 -773 -130 248 -261 -136 -264 615 -492 609 408 -221 434 -121 -331 -784 45 55 473 169 605 -636 377 -1285 272 -393 398 161 -417 410 -506 -276 -122 -221 -293 -600 -641 236 -398 -36 -502 -112 -143 -572 -123 297 -375 -37 194 250 592 -228 -471 558 -912 -762 301 -1370 276 210 -555 398 1049 -915 -206 -39 -116 150 -756 -38 -495 758 ]
[-426 -61 -1105 -532 -82 249 -175 -612 -123 228 224 474 -655 472 167 335 2 -1248 -1774 372 88 -462 -337 474 881 -265 463 1653 -795 86 -179 -366 396 29 -863 95 347 -406 306 486 446 -531 408 816 -115 -23 522 -771 560 -163 300 753 425 -460 111 -117 356 691 457 866 -114 -711 -57 -644 -210 -994 934 -821 225 -508 2 1126 201 426 388 246 -796 -38 67 341 -713 756 -451 1168 -56 -1270 -90 780 -375 35 212 52 185 135 -329 116 722 114 630 297 -77 -70 302 -117 107 ]
[516 -141 -244 -462 633 -97 63 181 -464 -971 -794 -250 -389 235 -499 324 147 -638 0 -171 -150 -731 43 -135 77 949 499 57 451 -724 -420 -12 408 13 -1032 -157 -103 346 -358 -270 -616 -306 30 279 -1452 -79 111 -23 -457 902 511 -634 -3 738 -75 -945 -395 153 -889 -229 -164 -156 199 -611 420 -571 -772 -50 64 143 77 26 -524 -1056 -60 22 -805 -173 53 -450 -412 -236 -1158 708 1264 -531 -804 1308 253 -128 -864 250 417 -1074 839 -291 -475 298 -245 -475 -251 697 -86 -147 360 ]
[551 427 -253 -194 -425 167 -802 -406 879 -190 125 278 -679 -169 272 -276 -300 421 -516 817 396 67 901 -30 489 701 -536 -27 -79 -453 1747 176 -292 -43 -206 450 626 -293 -521 -164 225 -260 -676 -577 263 825 227 -220 -811 550 -707 -11 -10 -273 -767 -473 15 -204 -170 -232 -571 432 -7 123 -906 -779 -147 415 398 345 -469 224 304 837 486 106 -671 38 -481 -361 -487 -198 -572 -229 -378 433 -323 -934 706 486 -136 407 -414 -15 724 -174 -27 52 -669 -420 -1 -158 -194 -329 -135 ]
[444 219 -103 -358 -385 548 308 565 808 222 1523 -220 377 -287 445 366 -142 543 -70 682 -129 150 -142 795 561 -137 -633 -322 142 -66 -503 527 -856 -814 -473 594 -121 -460 1285 -448 661 -139 -149 173 1397 163 -182 312 234 -380 -232 685 -89 -624 22 407 337 -202 1035 -61 193 1023 485 -268 67 369 -39 -262 -652 -662 203 -864 75 420 584 172 34 -656 128 -206 933 440 866 -1039 -954 578 288 -706 -221 164 -133 -44 -108 669 -30 53 -315 -359 211 -284 389 -61 -38 -253 -88 ]
[-553 -653 -148 -557 -961 -139 167 143 25 -28 -242 1162 108 -44 52 -301 367 -145 427 -36 -890 172 -253 467 -5 -46 -313 474 -845 104 710 495 59 -41 -371 -183 917 -91 -469 408 53 531 647 448 -216 337 632 242 85 -382 567 463 -319 96 1141 311 -400 665 -1039 -136 -195 -426 -592 -432 250 227 55 -475 -938 554 -705 425 -263 655 113 -575 33 -444 851 1447 -88 329 283 408 167 -9 33 -59 105 -920 -255 742 -176 -118 65 1109 270 -623 524 470 334 -276 159 688 534 ]
[575 -75 -72 -688 -129 -412 -65 193 -508 -476 -53 61 362 200 -190 -941 -517 816 -153 670 5 -4 228 -121 -47 229 538 -270 -26 -148 674 1391 -69 136 758 -629 -139 -1126 542 -124 -326 120 -566 864 469 558 -538 28 239 -421 578 414 -33 6 963 18 -1073 235 519 -511 105 -444 -255 -814 844 475 -402 -771 -57 144 -258 84 -454 22 -978 669 208 -260 439 -448 -134 -453 306 579 -815 372 465 364 407 183 724 109 -231 -43 -178 575 -429 -742 595 351 -90 469 -282 210 498 ]
[-147 -960 -166 -1031 -385 -71 438 -43 171 62 -301 -369 -633 135 -615 -1084 398 -182 -196 -450 -296 115 -1003 -86 535 470 1005 1312 -570 -924 -305 546 -901 -1137 537 -404 -12 -1715 -423 115 634 484 -860 826 -247 234 -1327 -264 804 -147 1276 124 14 -80 -245 445 -478 273 -154 112 321 226 -79 -531 -196 244 82 -1195 -224 425 -1160 163 -732 -224 708 111 38 -421 692 -112 112 106 175 261 686 -236 716 797 -145 135 357 -357 -700 -280 -270 558 -71 -328 48 -541 1143 -581 497 924 246 ]
[529 22 -244 235 29 -477 -431 615 -634 62 99 775 -637 23 218 -58 -336 -185 -763 334 -49 -287 -11 628 325 644 -239 -252 -312 412 -559 -150 553 815 -494 83 -580 78 234 -420 -256 -15 375 204 -1435 66 190 -28 -277 -98 581 -549 714 -802 1196 161 10 406 279 16 -382 -532 231 -228 724 -204 -978 -503 269 -576 489 -209 290 19 -1058 562 11 171 -464 383 76 -190 -513 1285 -846 -1114 -336 244 308 -686 681 -662 33 276 280 -133 222 103 -418 839 -867 463 -234 -324 84 ]
[252 441 250 529 -20 -129 -313 -990 -294 -229 -135 -677 255 729 -263 -698 -663 -744 -350 393 -30 -895 379 -348 467 -45 -71 134 944 -753 -547 76 -65 -609 -687 -521 -537 871 202 46 4 -375 118 947 -843 -374 366 446 198 666 879 -140 -115 1530 449 618 116 521 -1162 -265 156 -134 -523 217 -59 -153 -632 -285 46 607 -51 487 -758 -815 -222 641 456 302 -396 -375 -568 -789 -319 787 -159 -360 -522 59 494 168 52 -152 385 -87 671 -593 247 37 1011 -639 491 483 -801 -587 643 ]
[808 -268 219 495 -62 219 -61 -416 -295 327 -420 -114 -387 -346 -40 -639 -371 787 -16 -171 292 -171 196 -190 -928 450 -103 -94 384 -506 73 -45 -591 87 464 -397 -232 -774 -363 -204 -89 529 -953 -292 -600 159 513 616 -463 913 34 -962 894 85 -108 862 -374 717 -398 -671 -520 103 55 1077 514 763 -429 509 439 -674 363 -654 -65 338 226 999 -145 -23 -851 227 151 -688 694 -355 154 247 91 186 13 10 -128 -324 -44 -1256 147 -488 -256 165 -244 -168 -737 -820 -685 -26 -424 ]
[-650 224 -348 148 86 769 839 58 192 -7 11 -38 -330 206 189 336 -835 -105 661 240 -104 675 -51 61 -310 -976 -322 584 433 554 -1021 775 343 191 -329 -789 -393 469 1271 -286 192 -122 164 394 -261 -670 -450 -1227 -864 -226 -420 -118 417 -64 -688 -650 728 -796 -391 179 -444 597 919 -20 -517 -447 193 78 160 -55 366 -74 800 -170 -197 1 -452 -900 749 -501 -250 -60 -226 -158 721 -426 -299 -448 -464 38 -1217 -343 854 -235 126 580 -689 121 -53 -249 588 372 -968 87 -497 ]
[329 -192 -112 -10 -159 -258 390 -569 77 -879 -641 441 -746 -651 -517 -372 -896 -439 -406 -436 171 -553 -288 -447 -281 617 -341 690 353 -1003 1042 597 308 77 -161 1066 998 686 -142 35 1041 -402 167 -147 82 -614 -300 -387 629 249 -314 526 481 234 -1319 272 -186 -589 452 -279 -234 -261 463 -127 -514 -541 -172 282 498 269 846 583 283 597 317 -189 178 252 210 -1165 -959 97 -1681 -196 147 -759 351 477 -288 504 -633 -615 -225 -34 5 16 -774 584 -821 -849 113 460 -412 -827 688 ]
[260 537 -152 763 -397 434 -845 -181 588 132 -279 -32 478 -100 230 -7 -523 154 554 586 1113 397 51 -520 -694 -1339 363 -50 405 772 628 1113 -1216 356 540 -953 -114 -393 652 510 208 840 -818 382 377 -76 -352 415 439 -453 -591 -553 -383 193 -577 297 -56 -45 -594 47 87 309 264 -97 -216 216 254 283 -327 555 -219 -10 -581 582 562 409 -293 -436 251 372 194 -323 570 11 -355 508 102 -835 55 505 112 220 -67 -55 288 965 -125 -239 82 567 480 -640 144 866 93 ]
[-279 -1197 -525 426 -273 166 -227 -856 611 -692 -760 1048 145 436 -374 -85 -523 135 120 -928 -239 -114 167 -473 -535 600 -299 19 -353 273 484 -59 450 -241 501 348 475 -588 229 255 404 461 -111 -1259 -1097 326 592 348 494 -1143 -254 665 -436 -639 -555 -53 -614 138 435 -388 509 -1075 733 641 450 590 243 672 1008 573 -321 338 545 -127 166 -506 -634 491 -340 642 132 -349 885 478 -57 -2 -343 -94 110 -340 -619 531 146 -1230 109 390 -54 -67 573 -435 -545 328 -260 3 -168 ]
[405 107 844 559 282 -685 -48 -333 -576 399 603 358 408 -440 -4 -104 86 -77 828 -576 31 -60 -191 35 -821 -526 -852 -748 145 -273 469 -174 -1039 -896 204 -369 626 41 36 1053 -433 -85 773 -791 838 -501 657 1007 369 -744 369 -195 -614 907 736 666 -963 840 -275 -360 -293 -309 -516 317 51 1008 216 0 -328 70 335 47 -808 483 -246 190 -456 508 452 463 801 -95 139 -709 -664 1033 -67 -351 360 481 -703 889 -266 540 68 712 -187 -665 387 466 251 -264 -691 146 -94 ]
[127 -589 121 -106 69 70 390 -27 -70 -968 360 414 192 166 -206 -59 824 -131 586 -1708 -191 -712 -1356 490 -760 639 -358 -740 139 96 -187 722 253 579 763 618 168 385 -122 266 330 281 -257 -478 261 -815 758 41 420 -527 469 -103 -530 -206 -74 196 -686 -145 530 -279 529 -527 978 250 1060 1325 40 -302 -320 -104 588 -88 -213 447 361 -755 1084 158 -22 304 612 -21 376 551 -251 113 923 472 -415 -212 -142 -455 -648 -410 -970 -359 186 433 576 88 -843 -61 630 456 824 ]
[-190 204 -281 -62 -502 -596 -772 52 -147 246 -323 57 118 -666 -92 255 120 -41 -305 341 333 -303 417 -1085 688 -15 567 -284 78 -284 -199 -485 546 -205 262 257 335 556 -746 97 532 356 -406 -250 -194 -164 -50 756 -166 -233 -1076 216 115 -1113 -707 414 -535 -227 630 -239 230 -640 -333 -544 411 -360 -674 499 -774 -497 189 -485 -267 -452 869 -87 -448 684 438 214 649 628 318 149 -344 135 -37 -16 -740 -491 376 759 -296 -974 62 447 -44 -300 200 -1327 -482 -1169 441 260 -601 ]
[19 28 -1053 1153 56 -16 673 -147 -863 -1470 942 -191 204 -434 -545 -111 113 -500 -620 936 -462 298 839 -289 -595 446 757 690 -741 -120 -247 80 -127 271 139 14 497 -628 296 -81 -613 -530 330 -86 103 -93 91 -93 -686 870 -230 269 521 -52 -957 481 78 1020 615 -239 455 100 288 -404 659 -913 -49 -82 729 -195 285 691 453 -20 1156 725 557 245 171 -315 -611 354 -92 -180 844 -677 18 656 -482 1248 263 -290 403 65 101 111 -16 207 244 -166 357 674 -512 -628 548 ]
[-352 238 867 520 -1013 481 117 -118 701 -295 20 126 390 664 384 -573 -226 287 277 -508 192 76 -59 576 -164 -358 -1014 354 283 348 106 177 139 1022 40 628 -196 270 1095 -178 217 525 438 -420 -128 326 853 292 284 352 168 186 -146 42 -561 310 -326 -833 -210 -801 -44 -333 137 143 531 470 87 912 779 562 293 -9 666 469 -382 -121 151 437 -880 -101 33 198 261 520 -249 722 129 125 -52 -637 -337 -87 -64 -15 -862 -194 -441 -266 87 508 16 1699 -37 575 -291 ]
[-70 -148 -225 104 405 30 481 19 -245 338 458 558 1111 32 -104 933 -594 -472 318 -503 -1874 153 835 -209 155 -376 27 -410 444 -1013 -218 -1054 1058 -1126 801 1717 709 718 -206 5 45 -178 -22 -567 1096 -325 753 532 154 -344 -1058 372 -120 590 247 472 -479 -129 736 -183 414 -274 -441 430 128 123 -519 1116 653 -424 353 270 -179 -995 101 -885 -202 434 -61 -252 759 601 -469 -666 -315 21 -95 146 -573 208 -394 110 -142 175 -189 -728 -554 1156 -819 -747 174 554 236 -842 -723 ]
[-110 180 484 285 131 35 404 -85 534 647 -67 -610 105 332 -75 -242 98 -169 -543 -24 554 -469 -70 373 728 -1183 89 234 98 77 509 -524 163 -481 -315 65 -362 128 337 42 195 -47 -350 -394 104 -134 481 332 457 371 -284 -66 28 581 -349 493 117 -986 538 1093 23 -44 -386 554 -396 -304 -137 143 317 463 -513 42 -778 -588 459 141 -78 719 -932 -655 -645 347 -586 -62 452 -1139 -309 -352 -182 -391 2 -79 -99 37 -1104 -1208 571 471 -413 -334 587 573 -274 -735 422 ]
[-633 582 34 -679 941 506 -526 -867 -9 42 -1523 -113 73 -69 639 648 59 -81 119 384 569 675 858 -1141 -878 -268 181 -240 821 428 680 324 836 -107 557 -699 601 350 252 188 266 634 361 835 -165 260 976 790 -752 747 -501 367 357 1099 -60 -260 415 280 -855 -367 390 -1088 -186 212 29 -151 31 14 -226 329 93 324 -580 -208 268 1098 -605 -711 -1303 980 -230 302 -180 684 528 301 -13 -343 -827 -395 23 819 713 -1349 104 49 -229 -113 557 235 -325 -441 -831 102 -325 ]
[290 -141 77 -142 -385 -104 568 -1436 970 -178 488 -22 85 82 -153 85 307 180 -198 -998 31 -267 -1105 688 679 -206 -85 647 641 26 304 -363 -227 -397 -425 780 795 402 -74 -484 1223 61 -833 174 187 -569 171 -291 150 -738 329 1484 -29 -392 -1059 -172 -546 -345 565 -139 245 -225 -327 -654 -593 -227 -431 1006 -495 77 -249 -200 -708 -538 245 -361 122 173 -324 -324 -369 738 615 594 -342 -114 429 -468 -351 -1063 154 -47 -911 -306 -682 -111 506 227 10 51 -240 426 444 333 -334 ]
[-76 -469 603 -635 434 421 -60 -362 -294 -227 -1020 -97 -63 411 73 425 -850 -753 -523 797 -634 64 392 -163 -261 -534 -525 601 293 -758 -1233 -60 606 -1033 640 142 -491 -840 -33 -50 -439 541 176 433 -412 183 -125 23 311 284 107 -810 480 710 469 119 276 -518 171 -454 -165 14 316 173 -640 406 -213 -791 -67 419 -17 478 -55 353 -3 897 -656 -257 0 404 244 -662 -912 -720 789 -360 -104 124 -348 -460 739 286 866 -112 787 73 4 -24 -440 -621 -54 345 -479 460 -737 ]
[-188 155 108 555 -3 -310 263 -134 -849 -322 1190 -346 251 796 183 -214 570 -231 324 -998 -684 -95 -680 1364 81 93 320 250 -304 1034 -224 275 -1028 368 -212 -644 -87 -202 -62 562 -697 338 77 356 322 -370 463 -10 -293 -870 898 611 -43 536 381 -50 -123 736 147 409 338 41 223 -692 325 408 55 619 -269 -819 -214 371 199 -518 -335 -184 -539 -131 312 -8 350 672 1108 746 -9 713 4 620 -22 -543 200 -297 -600 610 -331 343 322 -614 467 835 32 121 234 -379 -375 ]
[-239 91 -582 -834 -926 -248 -249 78 -347 -22 98 -266 -877 202 -294 -344 -348 -57 -742 1065 -32 -416 -895 576 457 -144 24 1259 -539 24 625 -166 159 316 -94 -102 -114 -149 105 -239 19 -289 -222 679 -773 770 -106 126 -672 210 -597 750 370 -997 -529 -358 332 235 402 -271 -650 268 -647 -404 -736 -1269 -115 -79 -458 -401 186 371 274 610 281 -440 -273 -698 511 -393 -82 334 229 661 29 -711 -39 -57 152 -636 649 -236 626 809 -49 -499 500 -154 32 562 -89 -407 -73 -34 -507 ]
[976 -2 -21 -468 -88 -103 -1148 -258 145 139 -204 174 -559 -270 473 328 -144 -149 -92 133 1084 -651 -62 -209 521 -378 387 -531 930 -187 886 -369 -597 -100 -394 194 399 259 -494 35 503 296 -628 383 657 -100 1043 -296 808 34 -131 304 118 180 -273 -188 128 15 -595 822 -590 -715 -416 432 -215 956 829 170 -12 -139 465 -481 -444 885 768 33 -1380 -169 17 -412 692 770 605 -329 -163 170 -245 277 -567 -198 -857 1221 -50 -737 -97 -837 581 -659 -880 -199 -687 -778 -246 115 247 ]
[619 -379 -245 -627 -1325 -566 -319 381 260 482 -577 807 -1060 640 403 989 -484 672 -73 -475 1618 -992 -275 -373 418 203 95 341 -422 -77 317 213 -286 791 -1261 -380 149 -380 434 -117 751 64 -276 -127 -1007 329 251 -40 176 254 -154 162 -448 -479 369 -486 633 27 11 -321 -73 -162 494 44 202 -960 -186 336 -18 -689 -902 -398 143 465 -736 -419 30 -747 341 947 -293 -118 112 1748 -253 -779 -614 -373 908 -275 30 84 190 -220 -223 301 -59 -387 -76 150 -715 -194 -250 108 392 ]
[-333 36 -15 502 481 -93 -460 504 -37 -91 -440 1037 -266 -371 -386 212 -370 440 -371 -836 -100 -23 424 668 198 55 160 -479 -228 37 459 -199 822 -7 174 714 34 84 -822 435 288 -121 -279 614 615 -572 355 563 177 -791 336 376 73 265 1062 -258 370 -349 -452 206 167 -693 -154 557 -34 -470 -1103 -153 -397 -506 -123 -899 297 -73 -1174 120 728 1036 -240 416 686 -363 -744 482 -1345 -504 254 -651 297 -1065 1388 -611 -211 509 -165 -44 -24 260 329 -408 -1438 240 1113 -1008 176 ]
[156 -29 -89 701 103 812 -678 109 177 -50 324 -45 962 -568 -171 -401 -338 -41 967 -573 -405 28 -249 203 -869 -972 525 -448 616 112 -185 58 -181 565 400 113 479 23 2 36 -910 860 -1252 -340 462 -582 87 1230 9 -221 21 -394 177 -55 264 -107 191 -391 487 -971 299 310 686 681 724 1116 -327 471 -137 128 -334 -284 -719 -244 -234 473 -173 -500 -417 288 840 -79 1139 -832 19 1266 -294 62 81 -770 61 539 -149 -268 -494 -644 -259 -129 256 55 -414 -191 251 113 -362 ]
[-49 474 -344 -70 -141 554 125 -181 -117 418 -29 -924 -469 -132 252 -761 727 -287 110 305 674 601 -219 -114 34 -586 898 485 -572 -125 -396 757 -619 536 -654 -449 -142 -166 312 58 -528 -373 -214 607 288 54 -748 -245 467 653 409 -746 260 -119 -69 -323 253 -182 675 232 116 155 245 295 -220 -964 493 -696 423 -211 128 -377 -195 -823 444 488 -109 -142 -980 15 -414 183 66 -513 623 69 281 -154 -365 333 226 -404 248 -518 -1169 -821 496 -221 515 203 210 -425 311 547 223 ]
[-344 -232 -405 467 86 -278 718 326 73 63 838 992 -234 65 246 -624 381 -24 -889 -108 -1030 31 230 719 771 -256 341 1128 -755 171 8 -1175 101 -336 -196 -5 38 -1298 290 555 -542 -453 -79 -1281 38 45 -144 -28 -291 -596 834 236 19 -837 558 833 -260 705 1096 -271 -524 337 -68 477 -209 -131 -665 0 367 -145 -623 -287 270 -388 -242 -430 -647 877 668 -169 145 113 -651 199 -313 -1312 -140 169 -193 39 301 -258 129 523 -598 451 470 -603 71 -290 -371 603 216 -579 155 ]
[-643 236 -1138 287 -8 210 -348 -265 307 599 282 -360 126 -904 -332 267 177 -320 638 -783 -282 236 -202 -544 -645 357 675 -273 -678 15 120 68 -708 -248 20 -608 860 75 -360 191 427 606 -854 -348 468 -237 -60 407 -358 -20 -970 543 454 -353 -708 -244 -208 144 346 624 698 -204 1108 -22 1619 296 144 207 763 -4 -78 -27 -743 -658 77 -167 317 140 146 274 41 -122 1062 94 582 693 31 320 -568 1086 -731 832 -523 -1437 -190 357 -145 660 1143 -507 636 -1039 275 -163 155 ]
[-892 52 -42 -803 -425 92 -145 1198 128 -120 -420 110 -744 62 -327 135 -196 95 -326 1021 -215 71 -346 -814 439 -346 118 163 -385 321 -410 371 242 -140 377 -487 -182 289 -322 -378 -363 31 81 387 -794 409 -1071 -671 237 -269 212 129 -419 -725 -139 -693 340 -700 -151 640 -669 101 -94 58 -364 -885 -161 -447 374 955 -418 767 364 54 505 -408 18 -229 410 -132 -57 165 -285 591 486 -874 59 343 169 37 322 -246 -304 1155 -188 -262 345 299 -791 -247 1144 92 -14 313 -461 ]
[897 37 177 -622 -921 255 377 841 1471 -507 961 499 -769 -70 64 499 46 770 282 162 188 -341 -351 296 33 187 -60 -348 745 -540 463 494 -539 -192 -888 770 907 49 -820 -625 -99 -60 -484 89 429 -110 650 -172 -60 -111 30 55 -258 187 -773 -535 -310 -539 707 -640 -432 129 812 193 233 224 -615 -37 -232 203 607 -235 106 526 538 -769 250 -863 583 -666 425 154 887 33 -406 -16 -385 268 72 -327 -252 719 -726 445 131 277 68 -11 -607 -113 -128 235 382 -150 35 ]
[-120 597 -98 84 216 755 -368 -238 174 -1306 -228 519 -134 731 1 -268 -402 -270 -332 -154 -62 195 -105 50 -12 492 539 127 154 -416 515 1541 -543 -367 -37 304 -484 -291 642 467 -819 499 -637 740 458 -589 -35 -842 321 -276 456 150 -94 -187 -270 366 115 -402 911 560 81 255 225 18 -565 -560 286 596 -94 211 872 417 858 272 292 73 662 -564 -460 -543 34 202 169 655 -219 416 886 -539 -59 -250 478 -398 -542 688 -238 -699 114 61 -251 12 92 430 490 48 -104 ]
[330 -61 -659 -211 320 -500 902 372 224 -475 -662 -165 578 -781 -668 750 -668 68 -173 -157 -590 253 691 -300 -17 358 -108 -213 627 -479 -40 276 406 -818 -104 725 1042 -439 378 -690 735 -224 422 851 -314 355 49 -754 -33 115 -428 541 153 1211 -312 -132 -118 377 -262 622 227 61 -120 -697 -1009 -456 -106 709 428 -803 804 811 -3 181 907 217 -530 -723 126 386 -160 432 -537 -53 435 -464 722 314 344 150 -763 245 -29 74 632 523 -1321 839 -550 -263 1299 226 -167 188 -45 ]
[224 -430 308 -254 935 -593 1003 177 400 -498 -310 281 503 164 -747 -372 174 74 516 -258 -91 331 162 469 -409 188 723 306 -341 -430 168 -388 -298 -317 261 160 -29 -848 -224 414 -406 -115 -706 -403 18 -503 15 7 803 -185 1049 -690 -273 36 621 -257 154 5 -319 -23 135 552 44 165 -1071 -316 -83 -966 711 -535 -770 -436 -392 -185 163 724 725 -784 348 274 -196 -194 -105 -594 118 672 83 -627 626 -777 424 487 -308 527 -641 103 -241 -338 -277 363 304 1467 -422 67 730 ]
[-23 431 -713 39 447 -505 -738 -561 -47 -339 -102 123 47 -18 224 279 -322 -559 -322 687 -351 -82 1066 -85 -298 -963 -72 677 -68 309 65 -321 533 298 -90 -263 443 747 -622 -86 -516 53 152 228 -453 24 314 288 -371 454 57 -147 700 975 365 -405 189 -291 218 -729 -38 0 80 130 -398 143 -563 -514 607 978 -98 760 -491 -805 421 662 -150 -162 -804 -546 -558 -527 -829 1114 179 -414 -514 378 -238 7 1016 978 776 410 78 -44 930 -2 91 353 20 860 -329 -319 -295 ]
[586 573 468 -625 101 283 -389 -212 404 -460 731 79 175 -61 -97 375 -139 -362 -210 724 625 -153 -509 179 294 196 -622 -116 547 -50 -801 69 -4 -409 -744 842 -141 977 419 -56 378 -137 462 -785 449 -801 -197 -142 1215 -390 -314 408 447 -461 -315 -949 784 -623 -273 -240 -420 265 547 -82 -473 274 497 -676 -496 569 500 -606 -242 1746 250 824 -380 420 45 355 516 268 -448 -1525 -421 355 -516 -411 139 -265 -33 762 166 319 423 -153 -8 110 -137 -519 -61 39 -207 256 34 ]
[-206 361 90 208 515 -369 60 330 521 -103 -300 723 103 -55 10 -265 -437 -731 -725 -526 -89 -186 699 -174 -80 629 -238 -847 -122 -50 346 55 45 -521 105 1464 418 -101 759 457 548 228 -485 -76 129 -382 370 -109 400 -430 -215 -323 34 -327 267 949 201 642 105 206 302 -388 154 97 -118 -481 8 68 652 -366 890 799 473 -193 245 336 200 161 -924 1116 414 446 -486 715 -747 450 373 -326 -140 387 -181 -755 -481 316 -95 -231 -419 -30 -326 256 -49 200 230 532 -24 ]
[-41 344 -272 -64 -140 6 311 175 952 1660 330 109 -56 -140 50 144 8 60 -39 618 138 -89 42 568 272 -597 -786 -252 -327 993 8 -449 -364 -94 -572 519 444 1196 184 -39 304 209 316 -254 -30 -327 1289 676 -24 75 456 3 121 365 380 344 437 514 -236 377 -1024 -423 -195 703 -198 -400 -264 32 -187 44 -27 -22 -381 -2 26 96 199 -414 -784 1011 -527 155 276 321 -207 -318 -519 -417 366 -149 -780 144 123 335 -459 -73 416 160 -414 745 159 178 -651 -233 141 ]
[-98 185 283 54 453 192 -100 -39 809 -809 -827 -207 719 528 -662 5 -480 197 572 -951 505 -237 43 -1014 -293 -127 708 -57 983 -419 -40 107 -412 -13 575 -306 -495 -51 -357 -22 -800 551 -501 -544 -123 152 17 55 166 226 637 -227 573 1325 -796 12 -962 -844 -220 -293 74 291 284 394 -239 656 -50 1413 -432 -125 461 -1016 -413 -186 -61 277 -875 115 -582 -179 649 421 1148 -16 402 654 1160 285 471 -277 -29 237 -600 -1087 -411 223 -783 -160 -557 -889 761 -490 -311 294 -460 ]
[-70 -164 66 -113 -59 738 279 -224 454 -1218 496 853 -793 102 430 -199 13 -319 -100 -1177 15 604 -1764 70 471 792 672 -107 -236 -580 -498 599 -444 -211 -402 -3 261 -356 28 32 300 655 231 820 -190 -154 561 -295 120 -86 624 398 -15 115 -382 -568 602 -128 394 394 55 -1205 1205 549 793 1036 905 -1177 -457 513 797 429 -345 355 -21 -564 506 -371 173 193 412 559 36 699 187 -315 -157 813 -442 420 164 -213 -239 66 -710 159 272 -20 745 -229 269 -61 -232 -338 184 ]
[143 -350 240 -474 206 -252 63 9 -166 -351 -1192 471 1006 -438 -613 478 67 -528 38 331 424 -987 -352 -390 -71 -731 -418 31 670 -267 -489 -166 175 -1177 376 -39 416 -313 158 834 124 467 387 -303 -1107 -596 146 268 638 -641 -452 632 365 403 186 -303 442 -470 552 356 97 -540 -751 -456 -698 509 245 -94 -616 610 236 244 -1148 346 558 770 -954 -225 353 786 367 240 -294 -560 364 -275 -369 141 -143 -928 -128 719 928 176 31 527 31 -314 128 -108 -98 130 -709 1074 -871 ]
[209 723 -10 -88 254 467 -1175 481 19 -681 461 -157 -717 -285 -361 -422 -251 -283 -1487 -150 -532 -145 358 162 1327 471 956 397 355 -112 101 -108 -537 200 -375 57 -66 474 -380 15 -507 -211 190 446 659 -526 -3 -181 111 174 274 -330 410 -335 -305 -557 231 -87 -94 489 180 -667 518 -125 100 20 -443 -318 360 35 -118 -271 151 616 -684 -68 -406 635 785 -753 145 541 -253 542 -769 -370 211 752 354 1123 795 735 -907 -105 141 78 109 276 368 -583 407 -419 730 -705 658 ]
[142 184 442 -757 31 -14 -99 -118 -340 141 -761 -83 -525 -780 334 465 185 330 -631 713 -92 128 395 -279 47 997 -497 -374 329 -1036 -641 -324 256 55 -427 347 69 -1120 167 -927 103 709 -189 918 -955 237 -802 250 -2 976 288 127 -160 -1135 1008 -185 1444 -106 -343 -696 113 641 -664 -549 -629 -484 -218 -385 -508 52 509 -43 174 -54 -1413 662 994 -406 32 205 -205 -399 -728 -732 -255 654 293 -376 -47 -886 444 -519 366 553 534 -125 -526 20 -314 545 -634 -346 -470 391 -1274 ]
[602 300 -117 -378 610 -312 -186 1088 16 597 11 778 61 -971 -287 115 353 -122 -395 -612 -1117 -548 84 1041 312 332 95 83 -344 -317 -167 -733 58 -308 -118 532 755 90 -621 -258 -19 584 22 835 244 -356 467 -39 175 -403 839 -121 -81 855 1234 124 -209 1173 -726 -236 39 249 -937 -570 378 94 -408 -432 -229 -106 214 725 -437 29 -175 -246 463 147 264 825 229 49 -572 1005 -440 -293 228 747 93 -217 664 473 -801 665 392 1126 -367 1160 -560 565 326 338 764 532 -34 ]
[72 142 702 364 -84 -616 -185 -43 -684 -130 593 -395 -526 626 -66 276 423 -863 -515 -189 -639 -719 451 461 -125 1113 -391 -405 -659 -522 -202 -253 -58 -58 -498 -167 -52 -258 -543 39 -1200 246 562 -37 -756 -238 159 40 -406 151 248 -433 -453 189 653 300 197 1035 29 104 473 -204 -474 -402 368 -233 -374 310 268 -461 823 743 110 179 -736 -619 514 240 -101 -314 -63 245 -449 942 -222 368 76 14 280 -662 298 468 -578 71 287 -31 726 218 164 371 308 -266 -66 -99 -610 ]
[177 741 80 -317 -311 525 -34 -150 -742 -269 -399 -448 -912 -412 117 1021 409 594 446 -1074 757 -289 -581 -353 -1270 117 819 386 226 -232 747 927 -1040 726 -39 -895 561 -789 61 -287 116 -202 -98 572 189 -480 -157 320 51 571 201 271 -49 397 130 -682 411 -230 -230 462 118 175 -551 444 -631 -475 107 660 457 698 -413 -231 258 948 -176 -192 193 -717 -148 -325 -275 -30 325 401 106 212 -285 294 1137 728 275 -112 -652 -28 189 79 -129 -68 -1120 1246 -956 -782 373 554 374 ]
[335 -289 961 -603 -852 111 -141 -364 212 -866 -478 235 -893 363 -263 266 237 -29 -436 180 -244 -111 9 161 236 1358 149 356 -3 -798 615 418 424 884 -772 843 971 -555 -759 -684 291 -187 -288 625 -268 162 -25 -1133 625 524 476 300 -833 -965 -69 -522 274 -528 -418 -498 -189 -672 -433 -759 -381 -694 -264 -206 -198 121 -116 956 843 709 -620 -1091 848 -95 1044 -668 -941 408 -540 92 -55 85 -252 156 34 -841 -155 663 -899 -31 101 -392 -32 -336 -485 145 -651 297 421 22 446 ]
[70 178 130 -288 305 -304 465 -32 271 -1287 -637 596 68 168 -921 586 26 119 504 -996 -309 78 437 -307 -549 186 485 -240 349 -577 564 359 306 -431 476 209 676 -777 31 710 -969 -9 -21 -821 216 -212 412 1246 502 -469 -151 156 -226 697 371 -679 -758 -346 371 -636 310 -741 39 -113 -564 424 -420 501 -380 583 -305 -198 -743 -515 -285 1 -140 140 -169 -254 195 32 -1030 456 222 -286 -559 -47 531 -484 161 535 191 -100 -448 670 -751 -318 -74 -219 -544 663 -386 -626 -25 ]
[-320 -499 -259 234 -603 247 -435 955 -41 1126 -243 489 -586 -456 81 -1129 247 28 481 454 443 403 -948 546 824 -448 -19 -139 623 -260 -350 -176 244 32 91 -121 -409 782 -1087 618 -445 -137 -54 -288 -490 455 -469 -633 213 -477 440 -680 -107 -729 -196 423 -495 -362 -152 1093 -1509 -676 267 770 362 33 -189 -330 364 188 439 -89 -753 199 -181 -356 -253 662 984 233 322 -330 100 -734 -146 120 -2 -144 -332 -613 -405 -463 -357 -115 -262 -37 19 84 498 -614 -227 -314 483 -154 170 ]
[-273 -43 628 979 -407 -295 566 439 -305 236 -1236 -54 520 323 -389 -786 -269 -390 984 -677 614 -332 -485 -85 -1062 -251 -210 133 -187 -370 770 1025 405 649 483 -293 -450 847 -541 787 -204 642 -890 -469 118 -608 -287 36 693 -626 -74 -298 -494 -59 -18 87 -753 -1384 140 692 45 146 90 -40 -404 -588 -125 1244 87 -133 -45 -261 365 -87 -836 -507 534 -218 556 155 -728 195 808 -707 153 1849 509 -612 698 -795 -475 -184 -503 -157 -642 2 -635 -329 -176 26 -683 5 323 155 239 ]
[261 -430 -85 -452 -419 -413 425 242 -413 520 848 -807 375 -464 -778 24 719 -345 295 592 479 -685 -1264 457 615 -315 50 -175 -799 -123 -234 -488 622 -123 556 252 -304 437 -327 -107 409 -758 769 -771 955 240 -428 504 127 -238 253 1272 -621 141 -854 163 -395 -13 772 526 -200 -380 -1263 -455 449 -786 428 -475 -900 235 197 293 -1316 379 655 -882 494 987 758 -579 -287 189 -357 -983 -79 -343 -912 131 -121 192 -771 74 -11 449 -585 558 180 103 712 -181 435 7 523 -393 871 ]
[-369 215 209 376 378 -109 -73 -324 -464 283 678 -1086 844 -33 -446 -406 270 -453 644 93 -897 -223 337 -752 -684 -1039 -287 22 -631 789 -1250 -506 -103 -431 1127 -505 -692 -437 328 -67 -542 90 212 -1027 604 -64 -700 272 595 -647 -43 -720 106 -267 566 -162 436 -544 892 -651 326 813 -306 392 -334 661 427 -65 85 369 -939 39 348 -166 -22 851 -476 61 -222 259 -44 -178 160 -1103 928 667 -95 -206 447 302 148 205 139 530 -413 -247 506 -303 141 1 501 -626 -1254 107 -716 ]
[-25 122 -553 302 374 -560 -22 -113 -1264 -706 -145 -7 271 245 -125 384 -592 86 460 1491 -221 454 1285 -169 -3 -653 46 -242 -258 569 -173 -277 1309 221 117 -127 -194 816 944 -281 -487 303 -195 -193 -521 639 276 45 -546 638 -1324 -204 434 329 -182 -17 401 293 -421 38 -290 -144 -530 465 106 -548 -172 17 239 -163 -98 450 170 -331 576 442 169 229 22 -50 -41 369 221 449 483 -1034 -767 -73 -496 168 -299 648 1241 -156 479 -780 21 -152 -648 277 14 387 -545 -246 491 ]
[-66 94 220 469 -3 -364 -162 -481 374 611 748 -1395 -81 42 873 806 898 434 -114 109 1298 153 -576 -169 16 30 -327 394 -626 1075 -748 -974 -949 126 -614 -40 -433 -206 452 -565 624 -370 1075 -973 474 25 124 -245 520 335 -150 -249 25 -1131 -456 158 971 42 635 567 1097 196 314 562 -152 -74 1279 -279 995 -9 -251 -369 303 198 41 382 1308 -392 -839 21 -626 -50 732 -26 349 -480 -120 -670 -418 245 -51 508 559 656 -252 53 893 -73 237 1367 -31 -11 -370 -527 302 ]
[-84 1342 -368 326 116 -145 -956 663 127 1228 376 -1083 -460 127 192 -253 52 -544 -84 733 297 -1305 -792 115 282 380 -348 -199 -152 995 -721 -590 -1090 -447 -1034 -309 -1123 829 -359 335 -217 -272 325 -577 -517 116 199 263 475 -471 91 -848 -307 -238 131 462 114 619 243 793 -430 551 -223 -107 -835 -942 149 -198 -1015 -701 439 -217 196 -73 -1 -376 -411 -388 621 -22 214 -530 78 133 -250 -1 -257 -555 218 -39 -757 -261 107 909 907 -6 171 -493 -356 216 376 -694 -241 -647 95 ]
[71 862 -188 163 -148 347 -712 141 650 471 113 -267 -342 -106 -185 -250 73 -293 226 345 -37 -326 -328 -77 -245 -10 -206 -935 -291 441 207 3 23 -477 -180 -170 352 70 -898 215 541 339 231 260 129 98 -282 1373 71 46 220 207 -440 -154 -402 -413 283 129 71 -691 -168 -286 74 -964 468 -178 -535 -539 -1116 828 -1033 301 -1290 -235 -921 451 1075 -896 -438 742 28 -214 -402 -174 -185 1304 -170 -114 155 -303 247 404 60 748 -49 581 110 -425 672 610 71 -370 -605 -342 -494 ]
[-287 165 -227 -691 -299 -16 -505 -790 1084 364 -551 304 -734 -699 92 295 -538 -410 -569 304 2 -848 174 -831 383 -371 -1326 320 1033 -251 9 -181 -324 296 -266 131 580 565 381 -289 649 -104 158 637 -922 163 535 -17 -459 762 706 -450 832 252 259 606 373 158 -591 -414 -111 -376 -147 378 -68 462 -626 -374 72 -237 701 -189 264 31 205 259 -1032 -598 -485 -5 -253 208 -267 1171 -104 -974 18 -789 -188 -45 -697 319 391 -885 130 -198 -120 -215 128 -394 247 -256 -654 -167 8 ]
[415 228 346 608 64 -326 385 221 -797 32 -217 -352 -89 350 -238 -180 86 -442 22 -196 53 -120 -1088 629 -414 102 -145 -1156 15 246 -732 534 -494 -94 322 -307 -554 -512 34 544 -372 558 144 338 -445 -352 -559 -305 244 -787 -39 -198 -253 -60 220 476 234 -35 527 677 -541 -241 -81 -730 -188 308 484 -120 -447 -13 1229 280 59 -195 -465 454 341 389 -56 415 598 -106 99 -933 4 914 681 960 -292 -460 47 -737 -251 556 -9 254 255 -226 -28 813 353 -513 -338 721 -848 ]
[81 -261 456 83 244 -1378 -444 155 -792 502 112 -479 -66 122 -245 44 368 -246 543 227 825 -944 60 700 401 -18 -265 -419 -556 612 -848 -1067 75 -131 196 10 -689 -151 236 84 -177 -152 711 -1351 -998 -152 -414 506 608 -299 207 427 -548 873 -627 780 32 29 281 297 140 829 74 -385 184 501 86 -6 -169 443 -185 -100 -238 -235 403 -87 413 292 193 -422 112 -157 -22 226 955 64 -441 620 147 349 -960 247 1276 896 749 609 55 -755 -775 891 153 422 -663 -107 -236 ]
[8 145 -30 -326 588 -631 -214 630 -25 607 -216 -164 950 -803 -241 161 -299 -411 -1066 867 -2297 -749 786 -969 499 -174 28 -111 197 77 -252 -655 -290 -1613 417 -148 977 -1006 -695 460 -518 718 3 -159 -111 198 289 88 74 48 149 170 -218 758 1350 753 44 837 171 -103 227 -434 -882 -192 -283 929 -921 -241 -17 0 -44 441 -192 -552 391 -814 -154 -259 877 -377 591 228 -153 107 -246 -949 249 -70 -297 86 391 1455 247 759 617 596 386 242 -343 -295 1424 76 -459 -400 -535 ]
[728 417 462 46 195 199 -846 -963 -173 -348 -498 -268 344 334 741 155 159 -636 -476 849 316 -917 -191 -133 -749 136 -763 32 -407 500 -189 797 -894 50 470 243 -25 -820 -136 119 603 591 -82 450 -557 503 -318 -80 692 -439 82 406 47 1056 1222 287 665 914 145 -74 347 155 -898 -392 -780 -324 -95 -530 -657 31 -75 152 204 512 35 859 -389 -82 -744 232 -581 -232 -611 -252 -500 672 -315 -457 173 -260 428 37 -366 -269 540 26 468 -870 -782 657 -781 -391 8 724 -86 ]
[-700 -82 788 -895 237 24 32 -1287 -438 -1203 -1007 1039 -885 228 271 -581 74 -41 -444 -927 -444 -221 102 -526 -893 478 -658 436 381 -383 554 987 -386 -425 -26 -606 429 -1029 115 -21 -413 538 41 8 -296 -495 -724 -89 444 -78 743 -77 367 184 1057 382 -845 204 -764 -258 155 155 257 4 -820 1009 198 -763 148 922 -521 -457 375 763 -939 758 270 82 -643 370 157 -554 -589 566 208 -269 938 -420 141 6 655 -271 -423 -70 -33 120 -349 -652 -420 236 -285 -100 -124 935 696 ]
[274 172 -60 572 54 210 -103 458 596 -640 354 403 -167 618 -25 -222 -156 842 -156 -679 -25 502 -7 210 80 20 278 1012 749 219 73 -309 -44 354 -988 570 61 188 -1086 -165 -380 -538 -377 -700 361 -542 -204 -316 -47 -300 808 -207 39 -836 49 -324 -910 -778 -109 -343 -229 544 654 385 -689 -238 -1070 179 -459 -289 -717 -1507 56 -718 -789 -4 652 258 -160 136 329 162 533 141 -719 436 581 -300 245 -538 618 -547 -957 351 -385 -239 15 778 -214 79 -1316 -396 1396 -512 461 ]
[31 -420 -202 -285 -694 -320 -400 -110 731 -104 -371 503 -778 -30 -161 -271 -631 225 -342 771 660 -531 686 -947 1436 -232 -779 -445 -312 -627 874 -549 320 -644 346 -176 -86 -263 906 291 614 103 -390 -187 -669 737 -261 509 -371 136 -636 -198 -251 -850 -810 -41 337 -210 45 -557 -551 -445 -550 -356 65 -286 -376 -35 -284 390 -850 -168 -196 -212 -28 -73 -324 595 435 -260 355 -296 -759 823 -250 -805 -404 -814 412 329 361 -101 566 -52 561 104 6 -910 267 -1356 604 468 -351 167 -92 ]
[183 -307 233 -534 257 117 272 184 -285 169 160 -889 -532 -237 -449 245 164 631 535 -353 740 428 -1228 -113 117 -56 699 172 821 -540 185 -109 -256 347 412 -673 -86 442 20 -363 523 -518 -63 664 203 -171 94 49 286 798 368 344 -82 -60 -824 -803 -157 -46 -938 334 -332 -489 -745 -59 519 -308 799 -295 -20 327 -777 -63 -1639 254 424 435 143 -362 146 129 211 610 999 -53 854 -456 -19 588 171 531 257 102 -222 171 -223 -642 -109 920 113 369 362 -995 21 195 547 ]
[297 354 -139 -191 -59 528 -410 601 -315 -114 -565 -461 -10 -448 950 292 147 298 -361 868 124 201 195 0 -22 -104 23 -6 104 543 641 859 -350 -13 -527 -864 113 -29 331 -227 -389 518 294 1016 -206 559 249 -901 -678 876 -139 -213 688 605 1 -499 226 23 -494 199 -71 -576 -175 -553 262 -717 -335 94 235 108 520 916 -23 -43 -297 34 -356 14 172 -217 -836 -49 -561 854 571 -995 -24 81 301 725 647 430 422 -302 213 -287 313 -80 345 679 657 773 336 439 177 ]
[550 56 967 -478 832 145 -264 263 -250 -162 167 -1465 73 476 -517 -2 961 385 -706 296 269 -325 625 689 130 1165 74 -1881 651 614 267 -353 -518 -410 666 194 -212 284 -569 179 -150 -62 -145 596 995 399 785 -551 387 222 173 -969 -1284 376 129 -588 -103 615 -792 1233 -72 -756 -446 -409 70 80 805 -925 47 -214 102 644 -74 525 819 544 830 849 -673 0 436 -358 156 62 -180 392 112 80 233 368 523 602 -771 469 219 -1269 143 162 260 -151 97 824 959 528 1229 ]
]
