[[207 42 295 313 239 -454 118 186 1 215 50 260 -390 92 332 96 -113 -234 -226 -33 435 316 455 371 228 270 90 347 -148 207 -514 -148 -131 469 -265 795 -118 533 758 -23 262 -1031 -357 422 638 169 -296 -398 -332 -366 -249 -299 -391 -198 -55 -181 18 -246 503 -301 -91 543 -470 -286 772 -397 385 56 27 31 -35 335 -40 63 -204 -607 -522 74 -178 -502 -1214 -293 -413 -291 -266 -130 -297 -126 247 -138 120 -1076 -515 -163 483 230 638 -86 442 115 466 114 -52 341 -237 ]
[-817 -252 -220 355 -603 487 268 -306 -72 -43 305 -344 174 137 -27 -340 -550 95 548 362 190 -210 259 -129 -320 -280 -119 -209 -62 -98 261 -269 -61 -424 -384 -57 -513 -404 -99 430 305 226 -409 147 -571 299 -753 135 10 -229 271 347 19 -58 -72 129 -200 691 56 805 636 -288 652 173 -789 420 -1029 -440 -55 -415 758 -494 203 -97 -1 -7 333 2 -230 158 1235 -212 675 130 -139 73 77 296 79 -144 -240 -277 -48 457 -52 381 -769 -431 -88 367 -148 -201 -29 -534 -274 ]
[-185 91 421 12 -409 391 -63 90 -604 -128 -360 157 110 -447 -757 280 215 346 -756 330 20 424 -61 230 -29 520 -696 -575 101 71 125 319 316 163 -355 74 117 339 -605 -300 192 834 -13 -248 -76 -3 684 561 -41 -167 -516 -342 -42 543 -63 -82 -371 371 -693 -104 124 -741 888 105 -839 -118 -192 -232 -196 481 222 -187 -196 -5 99 825 385 -206 -400 880 -41 116 -232 625 187 548 67 -82 -476 609 -677 491 393 -113 -269 -549 -808 721 -353 382 22 -129 624 155 -165 ]
[382 -308 395 219 60 -592 -63 354 -138 -434 224 331 -688 200 -372 -168 -49 352 -882 -270 -133 876 -167 246 -1120 150 -914 560 -991 409 139 118 450 -41 -101 609 481 92 504 287 577 46 -113 227 108 154 -397 203 -419 -351 89 -379 -286 -184 -510 -148 408 179 -29 21 -108 -203 198 116 -481 130 347 255 427 229 90 514 342 712 -329 -18 89 379 207 99 -535 -14 55 255 441 -196 280 -54 -306 270 -531 172 677 322 88 89 253 136 -194 100 558 132 550 437 -506 ]
[360 -171 211 -430 -30 -283 325 -50 261 -154 90 -85 189 879 459 31 628 -548 172 -941 16 -293 -66 299 -355 -276 -299 635 -801 429 306 409 518 -434 599 508 241 52 529 -30 479 -465 -185 227 72 897 -207 224 -66 183 26 24 -276 2 453 50 430 -568 198 99 -247 456 -31 126 218 -592 321 -49 443 -79 -196 -156 -134 -344 -616 -680 -225 1269 861 -368 -734 277 -379 -237 187 -615 -159 198 -253 107 459 -428 -410 -233 -752 353 -36 -351 53 260 465 295 -455 15 -98 ]
[-73 -140 -336 66 252 193 80 597 230 -104 -370 -128 530 -384 -455 -165 -126 113 917 577 -842 439 -333 -1205 -282 -2 752 -519 791 -492 379 -59 -332 128 130 -969 -271 -514 -112 574 -489 427 400 -80 -445 53 -357 -464 294 146 255 -450 377 347 -156 544 -641 -41 262 -444 -276 294 -104 347 235 441 463 14 366 -146 -127 -563 -308 130 46 621 100 -191 -333 -99 505 -101 652 357 49 609 -267 -180 593 -431 90 528 421 258 850 -338 -474 393 24 -117 -590 61 91 -625 597 ]
[-171 274 -160 110 163 795 -210 -376 15 811 -204 -175 -114 405 283 294 158 -459 115 -72 -3 -337 496 421 1116 652 -155 1038 231 -158 -415 -472 -43 -15 32 192 -863 105 81 -202 -691 -572 614 -543 842 -172 297 -148 334 -131 -173 -388 61 -378 118 225 518 -187 -388 -205 97 239 -314 -644 297 -830 -777 -439 -337 -19 -754 -97 -267 -328 111 -559 -422 241 277 11 -341 176 -398 -636 -458 506 -248 71 692 -509 420 -291 -396 -46 -390 650 3 -144 -67 90 13 137 127 275 775 ]
[995 58 313 -49 418 -396 -126 401 165 -795 -337 280 -143 873 196 598 435 70 -422 8 105 -10 -297 139 471 2 105 -571 -441 -168 -121 141 -74 486 -11 154 257 243 1124 -230 362 -549 -4 -135 186 18 264 229 255 171 -18 782 105 15 444 439 -116 -439 265 -312 -23 163 -347 81 208 -1057 977 17 642 255 -442 824 225 -77 50 104 -675 605 227 -161 -721 726 -664 226 -14 -992 144 -179 -734 260 365 -374 -339 304 -535 -246 214 550 141 133 308 52 -265 100 -1286 ]
[103 302 -181 -680 -307 118 36 -553 -297 300 209 -343 -87 452 -334 36 -244 245 372 -148 -271 -804 -23 586 -206 150 247 1096 -508 -329 265 -222 455 -405 -297 -345 -202 -569 -485 693 -680 -36 194 201 109 -41 -221 362 483 -364 482 -416 257 -111 -192 45 410 144 -257 61 246 404 -197 -244 243 -225 -710 285 -1232 -507 -254 -868 1006 542 176 -296 -76 392 -26 119 849 -84 337 -99 80 91 862 135 753 -456 6 226 240 66 -313 -120 -204 -175 -186 -577 -304 367 -395 -47 878 ]
[-20 118 414 662 205 -368 14 -415 -182 -238 -515 -32 -164 -143 -34 101 211 278 -816 -693 2 757 -241 359 -101 96 -629 -705 141 427 252 1027 30 -327 489 1224 353 -8 227 -367 331 294 -406 -225 123 316 181 -3 -140 333 -972 396 -350 -194 530 -197 -211 -235 -572 13 94 -384 331 249 -364 147 781 -249 227 54 221 618 -533 -359 -913 -53 -115 177 43 1271 -244 -338 -800 -10 593 167 -367 -644 -961 570 10 153 -26 -786 225 -18 501 -474 121 285 359 283 216 52 224 ]
[120 -479 -473 -722 105 -189 -164 678 556 586 442 -744 236 -596 527 -559 23 -144 356 -301 -128 -143 -152 -1022 -468 -652 32 207 -550 326 -99 -89 -439 -383 126 -929 352 -531 -995 304 -602 300 753 -24 -500 -169 -342 370 -566 1026 894 484 26 -440 -62 -342 -365 -160 748 257 252 -181 545 134 -74 1083 345 -350 790 269 -240 -159 -410 167 22 216 722 208 313 -350 596 248 699 -170 -72 51 -197 -107 459 -127 -596 767 570 457 77 532 -265 -244 68 -446 -197 -7 -67 82 186 ]
[308 -935 1023 -689 -102 456 -294 663 -30 316 -273 -311 221 -848 69 -243 523 -1234 -328 -487 -88 329 -101 -814 -237 710 -961 1008 -982 45 -204 -312 473 -411 -213 -376 -158 358 -172 46 320 180 -269 411 -47 487 -199 18 -144 28 302 -1116 -735 -93 -379 -613 -52 308 335 -196 191 -352 599 -332 394 457 -25 -105 838 415 -573 -767 -666 -37 -497 -174 319 480 216 63 -503 -168 -9 -127 109 854 -725 188 338 156 -376 132 80 205 -371 90 -666 227 -283 296 247 -135 277 -262 475 ]
[-98 93 -586 -295 -1001 -428 -215 531 -61 711 354 -339 -190 -263 462 -270 537 -587 -117 257 785 543 57 -231 237 44 -364 691 -108 862 -376 559 358 -564 -211 222 47 606 -692 54 -304 361 463 -655 198 162 149 600 -526 -119 -108 -140 165 122 42 -176 -142 24 -68 -160 -47 72 345 48 -700 -666 115 -848 615 422 -250 67 -836 118 252 98 912 -125 476 -373 -789 308 113 560 -211 268 -856 14 -356 479 -573 303 -36 -618 -618 153 -354 217 133 528 453 -14 709 889 779 ]
[-285 -228 313 540 -16 625 -389 475 -379 117 -164 11 404 39 355 418 668 -528 187 277 327 560 16 -200 619 708 -228 1203 130 481 -722 -403 225 60 113 272 -976 608 1087 -436 858 -567 -25 -139 182 188 -248 -346 -126 -437 -129 -151 105 -5 -227 964 399 217 -331 188 -389 470 106 -713 96 -1186 -601 -420 949 527 -147 349 133 -70 162 -344 552 0 -28 -286 -1007 -97 -574 -609 -482 160 -717 982 -565 621 -114 -737 -928 -83 -942 183 -372 596 5 940 144 -174 681 148 -627 ]
[-566 -193 9 331 306 -227 63 174 53 -247 -179 -158 316 1119 -103 538 -219 568 182 -794 252 59 -178 331 -693 -791 -301 169 -208 622 189 365 416 -516 -230 41 64 -489 71 -221 -56 -154 87 321 -20 77 -149 569 -402 245 60 699 588 -222 438 654 177 -558 381 128 334 259 472 523 -606 -506 -269 -508 308 198 -168 652 233 346 -766 44 218 1179 669 -21 828 239 -214 -659 689 -519 341 -48 -121 324 -452 26 50 271 180 -36 -261 -279 -380 -218 28 824 -786 -148 -1010 ]
[669 -709 173 -602 792 -10 -287 901 789 -758 -165 613 200 506 -277 1 525 -236 278 -112 -661 -421 -950 -1107 -567 -113 312 170 -510 -173 58 -733 217 190 164 -789 191 -497 1022 -67 202 -89 -609 417 -476 -57 239 -212 -264 329 786 12 192 451 -320 -31 -81 -171 749 -402 -152 162 -110 472 899 11 762 31 639 -89 -153 22 260 522 209 -407 295 1008 526 -92 0 374 292 -821 801 -279 589 552 496 -66 399 368 145 1019 250 -709 23 612 -1151 -364 39 -29 -779 -281 -1523 ]
[970 -103 -218 193 -295 -386 -36 188 183 -135 88 -145 -507 -311 -135 -511 78 916 -401 40 -264 431 -417 -180 -561 441 300 -207 2 -151 -342 566 -268 -227 278 -109 549 -224 -54 804 -885 595 -338 -1038 83 77 -145 81 30 360 175 505 420 -488 -81 -305 -1281 1101 -657 -475 356 -54 359 -17 374 -35 1565 -439 34 -615 168 42 -229 468 125 652 41 -353 -373 968 59 512 125 727 34 -157 180 -597 226 -36 -345 596 745 143 307 80 233 565 -68 -556 89 478 288 593 315 ]
[391 272 368 -534 866 593 -573 441 239 574 -364 -503 471 -972 -103 170 41 89 640 -280 -1214 526 -684 -726 235 160 673 -94 85 -699 528 -653 -562 659 -59 -888 -78 -603 -144 -131 -891 -321 665 -412 326 -588 -350 -103 807 809 1159 38 -87 -90 -89 779 -86 -728 48 -565 40 -278 -493 -1007 725 676 509 168 122 583 -267 -291 263 -23 -167 280 528 345 -449 -84 70 -18 61 -54 -734 436 -113 -605 992 -397 79 277 249 185 338 223 -239 102 219 -534 -226 34 161 -292 443 ]
[602 -64 322 -30 194 446 372 -184 249 -177 -903 -634 759 249 -176 398 68 -199 343 36 -676 -510 -332 -686 678 464 514 404 107 -559 -449 266 -427 -201 -79 -311 -722 -123 623 649 -387 188 721 -197 -755 255 -525 127 1219 436 -276 -96 194 333 664 423 588 2 -535 -192 -562 232 -628 -195 -62 -898 769 -186 425 -116 -1033 -271 197 -707 -500 248 -901 275 -448 -100 50 38 -200 126 -524 223 -82 95 -216 -75 1104 27 -312 -22 -446 129 -681 147 40 -353 -592 263 -10 -541 1106 ]
[41 -407 610 369 380 643 2 -509 -14 -196 -704 -545 712 25 701 -488 -275 -124 -474 -284 403 -309 341 -222 -142 12 -400 869 -587 -240 -478 -23 -591 -400 -443 214 -546 348 131 -230 871 71 136 255 -435 356 -92 -297 -331 369 -657 -825 -165 355 74 38 648 253 -67 783 -144 32 139 -401 -172 -9 -438 118 619 137 -698 -155 -363 -545 -236 197 -160 245 -509 -253 37 -161 -60 -718 -530 -94 24 563 -184 38 -467 155 -266 538 -786 813 -416 -223 -241 -82 -474 98 -104 -802 -185 ]
[589 259 -812 3 187 -1125 772 438 -697 -169 197 703 -320 270 -318 260 -366 430 16 504 -209 802 -196 137 -47 -163 35 -452 32 -617 299 69 -489 643 886 162 402 -238 793 920 139 -478 1070 249 293 -101 -579 -340 414 -264 -226 -275 -102 -696 -157 416 -627 -415 282 -232 -788 465 -365 300 181 110 646 1028 346 131 -320 205 217 521 -242 -74 -1560 -165 263 -310 -1402 -41 217 480 335 -639 44 -271 -504 -146 628 -366 242 126 466 -396 514 562 781 362 572 188 489 331 -47 ]
[13 -125 220 -137 -548 -430 933 -6 250 -88 -124 729 103 324 -56 -859 -263 -280 94 35 823 637 -209 -334 -932 -841 -247 409 -284 440 -362 384 245 -504 -605 316 67 539 -52 260 1056 30 -1123 131 169 225 18 -311 -678 -488 -913 -530 -9 207 122 -307 -601 203 710 226 -391 277 439 958 -262 554 -253 -632 179 -245 26 -486 -726 -355 -454 -20 116 349 219 -519 -508 -164 179 228 330 -236 -226 -111 -406 171 -142 -464 -203 287 275 206 -223 11 -370 240 720 -564 -178 -345 -905 ]
[771 149 -698 -886 -270 -242 20 217 26 -441 -88 -179 -229 -247 -373 -527 404 -356 -901 365 388 157 24 -169 -73 17 -760 453 -337 85 289 166 170 116 81 369 646 167 -466 569 129 645 822 -106 -407 1 428 339 -307 -247 -412 -1168 -481 1217 -338 -413 76 49 -950 -83 -875 -785 -46 295 -740 -567 121 457 -52 383 -210 -682 -423 947 381 307 31 -205 -161 69 -713 295 568 208 556 4 573 122 217 227 -141 950 615 -125 -494 -193 -685 55 -51 61 48 638 408 440 828 ]
[-578 655 387 689 -694 -150 167 -491 -372 279 275 152 -648 108 -76 245 -631 554 -73 205 -139 128 91 1475 -35 709 -36 487 -604 401 -419 345 471 -79 -726 844 -207 937 -235 342 824 -181 -828 -12 389 157 -355 801 288 -932 -271 -139 329 -41 65 -441 345 112 -145 -53 -84 295 -455 -767 -598 -522 -229 -107 -870 -508 732 151 470 -487 -811 -73 147 125 -548 -641 -504 -677 -403 623 -929 -50 220 -230 -68 -134 246 -803 -412 -577 -424 296 73 -37 365 -244 161 -383 758 -70 456 ]
[-383 -401 -256 -223 76 -244 -233 -520 446 -822 -302 658 322 -134 144 -833 772 33 137 -405 -816 91 -235 -336 -996 -119 -342 -222 -297 -95 945 385 280 -402 1597 37 96 -84 -169 -442 1076 774 -431 126 -572 395 589 -572 -251 521 -740 -459 228 -43 10 -384 -641 -123 108 86 -384 -318 919 178 457 733 78 600 452 -708 124 -390 -508 -715 -474 61 -281 700 542 902 -123 -5 13 -173 563 -6 428 170 -579 -367 -18 551 47 176 -887 -354 82 259 -852 -347 -332 -272 91 -865 -654 ]
[-44 -167 878 -139 -34 -335 113 -69 -115 -420 32 -597 -518 168 -120 230 17 319 120 -373 73 357 -18 213 175 629 -85 564 -198 899 -247 503 994 -352 -240 591 170 -26 670 127 1047 -675 -1179 581 -33 -119 -175 -245 -390 -467 -250 426 -574 -311 202 -36 -774 -102 -211 -12 416 -56 786 340 785 -796 187 -465 -454 -655 334 95 604 -184 -956 -97 130 201 -148 703 347 -537 -920 -848 579 -300 323 -408 -494 165 -64 -1197 -701 -94 -213 -337 -309 -318 244 -119 327 357 -643 -233 -699 ]
[-375 504 175 15 509 -565 120 -377 -310 380 -423 -159 529 541 160 -72 -564 823 292 -489 -323 -190 -188 379 -58 -568 539 -1119 -22 43 529 997 -152 490 -160 985 684 -280 402 -666 169 -825 160 503 242 768 173 -157 -416 251 -376 -322 -468 884 47 133 425 -1053 -119 -79 341 479 -690 35 -124 -556 833 219 -517 344 460 -61 -444 -678 -286 -291 -176 743 6 -366 -887 -305 -326 -291 218 -449 216 152 -104 304 -104 -196 -836 -546 681 -238 130 -303 -114 163 43 428 -1330 -96 276 ]
[-604 -579 386 -449 32 -177 185 -626 668 -562 893 264 -446 -548 -326 -123 -213 -411 -38 -576 184 137 -448 -260 -869 -474 -268 587 353 318 12 -488 699 -58 795 -543 752 456 -337 -406 880 289 -988 55 -340 -684 66 72 133 258 18 149 -323 -510 -205 -728 -219 710 -369 592 80 -832 328 184 405 1058 -828 82 235 -713 538 96 223 -427 -604 -495 186 -1046 538 -175 748 -399 260 -458 75 -477 84 405 -371 -36 382 45 -254 -438 -262 -181 235 -531 -113 -392 313 -738 -22 141 -572 ]
[-863 -148 -272 852 414 -328 14 527 -172 489 680 -170 -399 280 178 -46 -175 691 109 -135 -135 381 -89 250 -184 270 -398 1121 -67 847 -80 539 232 -622 635 378 -196 -270 193 19 -774 -46 1081 -157 533 53 -404 -825 -505 341 217 -165 531 -1500 -479 358 395 126 442 78 -418 976 262 -212 111 157 558 250 421 -59 -444 978 -179 266 -121 228 127 -240 667 86 -483 -149 -323 -478 307 94 -761 247 82 -659 -250 -188 951 -408 781 280 417 -162 352 -142 111 963 278 626 549 ]
[-676 435 -527 -331 284 135 273 508 158 337 519 132 -491 876 -312 22 -685 750 1003 1195 -1022 -386 344 -201 389 396 564 -94 54 -336 -98 -555 -263 747 181 138 -833 -665 680 520 -652 -711 385 -185 665 -260 -5 -487 65 -155 332 40 169 -457 238 712 -786 74 791 -191 279 1024 -34 262 423 -104 -130 -584 -445 -404 -520 -441 266 -83 976 -257 -507 290 -142 -134 -265 43 242 626 -300 -276 431 541 1031 -1068 100 -680 146 974 626 477 -542 403 80 48 91 -393 171 -158 192 ]
[-335 1214 -685 176 -64 -347 597 -244 -327 245 310 299 -101 684 -73 167 51 -569 294 446 1133 57 647 923 1482 -546 82 -65 329 355 -378 334 133 -391 -207 -109 -1284 153 184 647 624 -472 -302 891 7 -360 -143 -467 289 -652 -569 1115 366 -652 443 326 -117 -642 438 838 -593 341 -289 501 -37 -373 -775 41 -902 -370 483 16 342 356 87 -217 -397 -543 -65 136 775 -384 -266 -653 -45 -314 -130 -147 -896 0 1205 -1387 -508 -515 -119 -628 1 -570 1025 312 -189 142 -344 -401 -682 ]
[-1023 171 -392 22 326 -2 312 -295 551 617 221 145 -64 -129 -245 44 -396 -573 791 -216 -110 177 367 -310 -120 -376 -458 1012 809 -228 -157 -537 334 -447 510 -56 -768 -448 -208 444 -1124 -130 -490 102 699 -324 109 -801 28 -283 -325 286 -62 -1020 305 -8 267 -124 -131 -162 327 323 -80 193 829 732 -926 -568 -702 -504 -56 207 -508 111 65 -482 -55 -326 314 368 870 -127 -212 -212 56 49 -488 -246 761 -288 337 -216 -55 -80 372 252 555 -930 -369 -42 -35 -1 -255 -166 846 ]
[287 410 513 -466 -517 -19 -44 -384 214 129 160 -167 413 -558 -124 456 375 -759 -435 -663 763 -208 -444 387 -329 349 278 -120 -1003 -114 -3 569 224 -19 -408 -482 36 260 -513 -43 -400 817 -240 -95 -443 182 -809 1276 860 198 421 315 555 368 620 -423 -327 202 101 -323 367 -178 92 -627 -7 -141 321 -319 26 -174 126 -692 598 -181 -704 -6 274 791 -178 -292 347 -114 59 255 -555 -12 457 -538 -521 480 52 -359 -146 -810 -434 -227 -385 -225 347 -430 -174 505 -17 -47 801 ]
[-758 -18 -434 258 -751 366 828 -157 -396 -311 340 291 233 -378 -55 -67 -82 -503 -175 -216 1226 -1026 733 844 -650 -117 -412 -389 927 -13 186 -183 210 45 821 -154 832 666 -517 -72 394 800 -753 -28 157 275 231 167 -225 -425 -637 -526 270 1068 619 -340 -840 441 -404 -185 -277 50 250 705 200 -262 -536 264 -825 -388 335 -761 -392 261 399 124 -277 -72 -29 -372 107 -66 92 286 367 -408 354 181 319 756 139 -237 -376 -105 -602 120 194 -549 -169 484 -309 367 18 -157 305 ]
[-236 -475 -275 359 -472 -468 549 411 -629 83 497 -80 -461 279 386 -110 120 377 -110 -335 182 -350 458 1108 -282 334 -391 834 -711 240 154 -583 -67 -695 789 499 -117 -706 601 643 -119 -336 -470 660 477 126 -492 -225 -426 620 349 529 -227 -1446 335 -49 -516 311 264 176 -79 252 418 -333 709 121 -51 158 52 -163 27 -74 208 997 -243 -743 50 214 164 485 96 -236 98 -471 537 375 -41 463 160 -249 -36 -499 -14 269 -227 221 449 37 70 -256 665 570 -150 439 -644 ]
[-191 1024 -66 467 -275 -314 305 199 -94 103 -120 -763 -643 479 -80 681 -149 -2 -564 466 323 -559 8 717 640 939 141 53 101 -198 612 849 12 248 -1141 1183 -178 -67 655 253 -666 164 -163 121 471 229 399 676 113 365 -127 266 -193 1040 661 281 149 -1144 -139 -281 424 305 -464 148 -114 -1363 1210 -658 -539 298 -203 162 21 323 349 -187 814 469 -592 93 -16 -600 -226 147 -419 570 -86 -226 547 -166 122 -373 47 -511 314 61 -190 -519 -308 365 226 512 -221 349 681 ]
[518 -503 952 196 -699 271 -284 -130 165 -167 -9 618 -50 -181 -364 -369 856 -178 385 -110 -120 671 -290 -552 -585 596 144 150 150 675 285 -171 353 -183 -208 260 -452 181 754 -271 -69 -207 -628 -197 565 549 -963 -573 345 -698 189 -549 80 -189 -465 135 3 1283 396 -224 -315 67 -71 -93 169 262 1075 116 21 -383 230 -121 626 -16 -337 -241 -273 -36 -125 703 -873 530 -505 1029 53 595 -268 -527 -59 -286 188 -846 243 -471 499 381 -62 -94 212 32 99 380 710 359 256 ]
[-118 -106 211 253 14 -648 125 32 447 110 -291 -400 111 -252 895 135 -321 -683 263 -401 386 261 422 -46 -386 -38 232 -399 456 -1028 65 215 -734 -159 386 161 -413 -149 137 1111 -39 -316 -782 348 516 821 -1166 64 645 140 55 776 -417 -663 573 -180 -1243 32 274 -337 1208 131 -380 -740 808 92 675 -371 1109 -196 51 -441 -1192 -176 -1084 -391 -427 8 -822 -617 468 -226 160 505 -1201 -371 -543 -245 717 155 523 -476 -1190 -450 -82 503 -162 -437 171 -223 -78 678 -197 -980 793 ]
[332 -513 29 693 280 -304 -479 91 655 -642 1 -506 365 -622 606 -67 -84 214 -162 -225 -337 235 -18 -259 -339 -721 -70 -437 -236 -355 396 -354 -80 523 68 -148 1037 237 -223 -728 16 98 216 187 -902 -289 60 72 -245 455 464 935 233 159 -798 244 612 118 -436 -25 314 -1341 79 -514 -8 92 -799 585 347 723 603 705 170 -121 288 707 177 -405 276 -528 545 167 109 -119 -262 -864 54 -177 16 93 -1013 676 -41 488 -457 344 238 286 -163 -348 -570 -70 -509 122 -1046 ]
[-448 -411 -813 -52 -412 -171 -490 385 286 -317 738 1112 -232 358 71 -49 884 -333 -295 -258 23 -718 -284 206 -905 15 -394 -776 354 817 731 816 703 -846 1363 -620 668 216 -836 -481 -97 937 -16 -491 355 196 749 156 -158 -46 696 138 789 130 -487 -734 -176 -18 -39 -271 -265 278 235 890 -768 18 413 153 444 -336 120 447 -663 281 352 -4 773 432 887 -99 273 835 104 293 832 -252 439 383 4 159 458 772 746 -259 -81 12 332 187 -377 208 75 356 118 536 -246 ]
[-426 -38 -20 591 274 537 -71 -754 218 -128 -520 205 358 -175 59 -481 -910 229 233 218 412 719 -115 -870 -208 22 849 -1090 1787 -444 -304 965 -999 -244 -130 -768 -307 66 -337 -223 459 1188 -670 -586 -1032 -459 252 -475 179 136 -798 -360 627 960 354 66 -141 -390 -52 -132 -222 54 271 587 140 736 335 -389 535 -921 -128 306 -261 -682 -375 1041 138 -688 -92 306 875 -329 450 -250 -349 502 -252 -676 -794 458 -47 424 217 39 660 -920 242 236 -467 17 -437 -418 437 -760 212 ]
[1271 -254 510 -1305 -3 -427 474 44 612 -41 -31 -466 239 -226 -172 -206 -18 -321 197 -738 221 257 -1092 -1201 -612 237 7 1075 721 -750 32 514 147 -1005 46 -609 476 -156 83 505 -274 427 -1066 -35 204 271 87 -231 531 282 282 15 -465 634 -1 -243 -180 -294 -1086 -49 -439 469 -563 147 783 170 1281 -172 380 -374 -169 -383 -291 482 -595 -261 777 -345 36 117 -143 138 -112 -135 -145 -341 -244 -205 63 410 758 349 -23 -515 143 -118 -500 -108 -352 -127 732 860 -780 335 408 ]
[1 -253 807 22 234 -129 -72 -156 -365 -123 317 206 173 -115 -336 157 352 -590 -545 -999 687 -313 1094 886 -439 -367 -83 288 -323 339 -440 -629 385 433 -34 -204 279 465 555 -458 315 -336 648 592 -457 110 -411 267 133 -404 -72 -963 -163 441 326 42 789 -263 371 13 -479 -8 168 264 505 -776 -260 1023 4 714 -151 -146 822 460 -231 -21 -547 748 312 -638 -689 -34 -207 -791 394 -603 748 522 -341 844 -78 -614 -596 175 -232 -468 -58 -553 -65 -322 -301 517 -187 -45 -718 ]
[-266 56 20 460 629 -253 -86 549 -471 341 -173 -497 192 -423 -536 711 -539 336 -403 -14 -743 59 164 -57 308 -149 -203 527 -324 -651 -655 -345 -259 266 -915 -82 -659 103 -215 400 -940 276 868 325 -598 -375 608 551 530 701 -275 -269 929 -743 -33 284 257 -278 388 -16 24 96 408 -261 -44 23 458 377 -142 862 -1170 212 -314 471 242 743 -612 44 -342 569 103 -340 -244 -131 -46 171 -453 193 441 -415 -448 842 774 763 -58 -359 -558 393 -675 -447 -1004 9 185 -312 131 ]
[-576 -14 -43 -232 154 -30 261 361 -208 320 101 -205 97 -42 14 -19 -30 103 98 21 36 108 -142 -214 342 -24 -76 243 -393 1007 -380 328 -245 352 51 167 -141 213 504 -218 1497 -903 -279 1054 -509 -295 -209 -298 -499 1173 -332 402 -335 -344 -196 77 -1115 -291 439 661 209 -461 572 -83 458 148 574 -560 346 51 -86 -631 -293 -546 -650 -480 -725 117 -9 668 43 -737 -297 -1196 18 67 -321 231 -126 -226 -63 -556 -756 -2 -362 -52 -519 -288 280 -112 -478 -228 81 -56 -719 ]
[-385 -289 -155 -653 -774 -287 -202 -1064 121 510 -228 788 130 661 604 -704 337 -895 107 104 869 -296 -289 -378 375 -1018 29 -530 180 -95 533 773 216 -1049 -379 -395 -322 548 -592 -976 517 -40 -612 341 77 156 954 -661 157 191 -483 492 -25 -283 -330 -304 664 -80 661 758 -229 -71 13 471 -562 870 -1189 240 406 1 -239 -73 -302 -910 201 -47 -7 -291 742 134 527 -62 236 143 176 -3 -487 486 -879 -71 -322 166 -837 -559 171 -632 113 -106 -549 47 350 -485 -664 -208 -800 ]
[-413 -1044 -441 269 404 507 -348 609 92 -772 52 -73 -483 456 67 453 -83 44 339 254 -993 338 413 -511 -116 695 115 367 -74 291 -245 -650 149 -44 86 -202 -123 -495 -268 -517 245 85 226 217 -71 -597 398 -350 -414 -162 758 -269 8 -456 -305 275 415 -828 549 -208 125 152 63 -2 317 220 -922 -190 933 -324 -694 1089 387 -39 -9 -505 287 -4 764 -297 517 -450 264 -508 474 967 -297 -130 404 -633 -126 170 717 988 647 -13 551 542 -33 171 494 -1098 305 -221 -324 ]
[158 235 -658 300 -577 -475 -84 -606 52 -364 956 -203 -766 899 244 -726 -219 247 -184 918 -283 -181 161 557 -106 714 219 -220 -930 -59 753 -8 315 -127 -263 931 399 -127 185 428 716 740 65 -195 -7 162 100 424 -31 -1017 359 -326 536 838 -261 32 199 26 274 55 39 -61 -345 262 -763 -558 -350 210 -497 -107 537 -612 445 271 771 -326 664 464 -189 -388 -352 -62 479 681 29 -208 592 -32 -462 -16 305 272 -171 506 -1079 107 -399 172 -668 459 62 -455 388 -526 47 ]
[-310 504 62 49 859 -510 277 -581 351 -303 98 211 -80 -312 -880 -520 -968 462 -488 234 353 904 -515 541 -1252 -1315 -82 23 -398 502 444 424 66 680 -620 346 990 370 -272 53 368 326 219 504 336 -608 39 -528 -201 193 -424 -60 315 293 -834 587 339 -684 -28 566 164 -790 -263 379 -288 852 -335 166 -587 427 559 39 351 311 -79 310 320 50 -188 355 389 -285 56 178 -140 -845 432 -488 459 -104 -529 269 353 -631 597 -427 -4 -673 -268 -392 -437 -293 28 -219 -757 ]
[-132 -129 -28 -928 29 1122 -491 -685 742 728 102 175 211 -224 453 -158 226 -544 280 -163 393 -1269 71 116 89 -171 -566 553 -483 -989 158 -283 -257 -198 -188 -896 -396 468 -1196 -675 -47 21 198 -667 -9 101 726 83 69 694 -44 600 272 -473 -556 -335 570 -50 -11 488 318 140 894 -915 -286 1083 -1089 16 141 -680 -446 -949 -583 -1485 148 248 -461 245 411 -4 592 386 -40 -389 -631 63 204 364 304 -947 -132 299 -139 -1 -1146 496 -893 -253 -780 -246 -565 -378 -241 -304 -284 ]
[562 -368 -717 -11 -447 -581 -88 165 259 -650 112 -529 482 70 -114 232 741 -314 48 -1 282 -124 385 -371 -438 -356 870 642 3 -152 173 -306 240 285 191 -201 123 113 94 -20 -638 99 517 -250 -600 267 -138 362 -41 683 -139 133 625 843 285 514 318 81 -755 158 -453 125 -771 288 32 -1084 91 54 599 -26 -431 -212 213 395 677 -534 -70 -107 -352 -393 332 391 363 408 -245 147 592 55 -451 219 -51 392 -516 -497 -754 64 -346 124 42 -225 -597 329 -467 597 34 ]
[-786 -1056 -134 -576 -1055 110 -832 -407 110 -19 216 -190 -231 -634 424 -359 -350 -458 104 -14 615 -612 -424 -572 -547 -120 -1080 343 -128 212 284 184 974 -927 71 -858 682 1114 -314 -622 215 77 -603 230 327 44 278 122 122 -126 222 -199 -262 -352 -530 -1440 273 821 -387 159 631 -665 342 -94 -924 -329 -203 358 314 -176 -19 628 -637 -502 -160 507 10 -215 949 -264 -21 671 -177 317 -58 -569 -677 291 0 -358 -640 258 -307 -36 -953 -410 352 -301 -452 -78 106 -263 -550 229 -338 ]
[63 -412 -741 258 456 -321 11 25 242 439 -560 289 452 5 1051 -435 -297 474 107 -602 674 -314 444 372 800 -860 524 -408 295 -4 -180 363 -699 164 650 -458 501 297 -766 16 -707 -517 1088 -618 644 -453 43 -405 -129 893 -435 666 599 -472 246 -62 -693 -568 266 -642 168 -151 -14 -203 538 -362 -431 343 -75 29 -362 -24 -405 -194 -432 122 -1139 489 -344 -305 -302 457 -133 -521 29 162 391 -599 505 144 -3 -490 -627 -142 127 489 698 153 562 -607 -317 680 -660 81 -691 ]
[35 -521 -190 -399 -24 365 600 105 -583 -579 -146 -179 840 -1036 340 -60 -414 569 -106 287 -256 -1038 -218 -12 612 -70 458 -369 428 -453 -243 -558 -632 -202 309 550 287 -724 -836 223 225 818 -485 204 -822 -85 259 -680 159 277 -51 159 454 262 -490 -191 -649 207 -163 374 -269 -111 345 -643 286 749 -612 1110 -631 90 348 -636 282 -154 99 182 527 -801 -1213 521 230 -667 -64 -500 172 246 206 659 116 37 390 76 56 -342 43 -640 -398 692 -438 -215 -601 -149 -246 -489 -190 ]
[203 37 386 554 -672 378 -162 -126 -355 145 -263 -42 20 390 51 177 456 23 -137 223 -39 519 -922 -275 -784 744 -457 206 -95 -322 166 -5 247 -797 -43 -337 -78 -147 -338 427 319 619 139 -687 236 599 -897 525 347 -571 200 -539 654 -52 -100 -100 -798 845 219 -358 478 578 795 -563 -975 259 372 -714 575 -237 -254 -310 -543 185 -516 660 130 1002 -1 317 529 855 -114 651 7 355 -390 -440 -104 68 -572 719 557 462 -965 340 -358 468 -204 160 -298 600 988 -401 348 ]
[395 472 829 -456 -50 -102 1 -85 -303 -482 -19 76 890 -308 -399 526 156 -98 161 -751 264 -344 -1066 532 -170 -171 41 43 -755 -156 743 235 140 -905 1012 -758 316 -597 -389 -205 -251 439 -716 -271 -53 -518 -13 425 608 508 343 657 1074 -616 733 894 -1051 597 579 227 -413 424 -397 238 716 563 -404 430 -421 -309 -128 -347 1103 339 -419 -262 308 326 182 522 793 -333 -604 453 636 -1224 706 -205 -940 496 549 40 -125 -942 -331 -235 -295 -456 1011 -474 -117 181 -499 -480 -97 ]
[352 301 -841 -45 -367 -246 -310 340 -708 898 -121 142 -649 294 22 0 -243 101 72 813 326 -188 336 586 945 -138 586 484 -370 -265 -1203 -909 -558 2 -1322 -355 -636 -175 1073 501 -1033 -215 357 -293 -663 -971 93 607 -324 16 303 175 107 -108 626 207 608 -194 82 -355 -354 314 -97 112 -147 -139 -88 -677 -147 280 -715 94 552 1059 858 -161 397 49 54 -157 98 298 906 -133 -122 100 568 970 136 352 -395 -37 54 1047 284 -700 63 534 -314 -421 384 50 650 829 30 ]
[953 1109 589 155 814 350 -123 -568 253 -222 -962 -674 1018 -548 183 -294 42 -172 304 -546 -477 -398 -120 -35 743 -128 743 -518 -168 -1042 -121 673 -342 29 14 -755 -305 -24 -342 418 600 -56 -564 605 -1023 -90 -434 -344 311 -19 101 965 27 528 571 328 53 -129 -244 603 -300 -83 -394 135 572 190 -29 358 -905 -559 204 -100 691 -387 -60 252 -436 1 -776 507 1248 -648 -339 -706 -240 -744 1051 -836 -59 -110 619 -456 169 347 -79 386 93 -94 938 -720 -1073 -283 -984 -1632 23 ]
[-731 119 -145 562 1166 592 -400 -189 448 -528 256 -453 368 94 136 321 -611 -226 536 31 -331 79 648 -86 28 -473 629 -818 1591 -175 1444 -788 -516 141 270 -89 -5 10 580 -311 -176 -695 -711 178 96 -10 289 -750 -70 292 275 92 193 924 406 921 342 -763 226 172 -153 524 -655 661 465 -147 -630 1 27 -57 251 28 -111 203 454 -586 89 97 -329 144 754 -415 -221 -803 -122 -767 -406 -90 1133 -761 75 226 -382 -304 411 202 108 -832 586 560 -518 133 -542 -533 -667 ]
[-1304 252 -33 344 90 1120 298 -166 86 516 296 -208 54 -157 223 26 -883 -15 872 -249 378 -630 833 952 237 149 -600 630 890 46 -204 -233 225 52 -65 -49 -173 333 -370 126 -340 -610 -344 321 557 -559 -301 -775 -375 -632 135 247 -245 267 233 233 594 -509 79 99 -204 457 153 142 115 24 -909 53 -1496 -336 92 -55 146 -179 -427 -262 12 95 236 -680 404 -423 -801 -828 -314 -109 -110 80 1244 -440 147 -1371 94 -29 219 653 200 -820 239 133 -826 354 -188 -462 756 ]
[-53 93 -172 -729 518 181 -131 822 -56 -166 327 96 346 131 -47 1399 22 -88 273 1047 -160 -776 -848 -437 1332 160 -483 -277 271 710 -333 -92 -87 904 835 189 -125 223 -263 -520 588 -431 295 62 40 -529 1619 758 -725 317 -602 781 -199 -76 124 -52 -520 -276 37 879 -505 -346 392 1326 174 -300 -689 -315 128 433 -259 639 -31 -874 278 136 189 -473 491 279 -538 223 -1220 -245 535 -967 509 297 -262 140 146 378 -299 -418 -584 -77 -417 90 775 584 99 -759 -11 398 -1170 ]
[506 222 584 -895 381 -353 -109 -286 -601 369 -106 -42 529 -1003 -501 62 -363 404 -284 814 57 -492 -1062 -159 583 -51 779 -775 -355 -607 -293 -412 -698 1034 -654 -171 395 -473 -101 -185 -680 96 639 270 60 -502 -154 145 762 436 507 -104 57 -158 -333 -314 -132 16 205 -275 232 -292 -479 -679 322 699 1488 351 -338 53 -284 -636 222 -277 401 302 -14 -393 -825 316 -200 284 112 673 -319 504 477 -304 -361 236 955 -122 -197 -264 -321 -989 -339 787 -410 -726 -38 -235 -307 210 417 ]
[84 -531 -93 402 223 -286 395 146 -478 -1270 -98 72 383 71 -896 266 271 1146 -505 -249 178 21 -220 -179 -484 -593 -115 -704 264 450 -380 638 774 -337 561 -169 939 -218 364 -112 69 758 907 -689 -425 192 98 97 366 -699 -367 65 312 -73 -153 433 -130 728 -1893 162 -337 339 371 611 -1013 -1065 130 187 229 -34 480 536 753 515 82 1061 -185 -324 -160 345 512 208 -113 284 1144 -293 0 291 -1868 1158 -247 397 170 -114 -39 -167 128 300 318 767 174 527 -121 326 24 ]
[387 12 -442 18 109 313 -432 596 384 155 -215 -406 -290 -124 -111 -301 789 -158 663 401 -697 -297 -99 -239 614 -212 390 -18 194 -51 95 -653 -24 182 418 -38 298 -398 603 51 -657 -370 926 -395 -272 158 -594 264 235 -373 554 -321 -354 121 -214 96 1270 -331 -223 -339 -645 24 -358 -364 -636 -495 264 365 142 38 -184 141 44 544 555 132 -108 217 658 -360 -952 417 364 467 420 1095 -806 45 584 -486 510 355 838 149 82 -137 618 107 778 215 1 -480 527 486 1276 ]
[-943 -538 160 -495 -394 105 -310 -867 -3 -13 1091 193 -546 1 -268 -551 -784 -516 -501 143 778 -184 -447 347 -1035 97 396 49 -859 -22 403 -509 578 -604 -571 -455 245 85 148 -411 -157 473 -586 -24 573 -673 -336 156 651 85 671 -1019 707 10 -185 -368 248 1098 -226 252 553 -653 0 -544 -313 -76 -823 39 55 -384 -315 -138 323 267 396 -105 267 83 77 -118 437 252 668 497 -271 -410 919 150 87 -345 -504 -33 255 120 -499 -482 -615 23 -789 -399 499 402 -257 -36 49 ]
[-161 60 -628 67 -1247 546 -423 511 -262 -458 78 75 14 346 51 179 682 -803 -7 165 93 -337 228 154 736 585 -1215 -666 303 421 125 122 711 -390 -41 -365 399 664 -577 -333 521 272 -126 -304 134 46 929 261 65 -900 100 556 -146 642 -139 119 -549 -33 -167 14 185 -61 246 556 -937 -728 -650 -314 -10 408 368 -139 -29 2 38 -110 -76 110 899 17 -45 149 -273 161 841 132 -543 -55 -614 654 -46 106 -138 -223 -486 90 -605 56 147 1054 122 -566 637 -93 231 ]
[405 533 -968 -321 -63 -941 369 581 -39 453 736 -614 -866 229 507 -133 569 403 -89 -341 -249 266 604 -358 -575 168 -12 533 386 800 -318 281 -301 -486 337 758 -127 -368 275 1047 -197 -48 194 518 -118 -266 232 -484 -520 -23 -49 140 -726 -125 -227 -554 359 -793 -376 499 -705 526 450 483 167 254 1095 72 -134 -10 -277 445 247 1504 463 29 682 -244 -269 429 -280 -367 -12 -548 216 217 125 249 65 439 -515 240 751 404 504 408 420 -596 380 362 273 617 811 936 799 ]
[312 152 78 -42 -1026 37 483 -159 -524 392 -108 131 194 22 358 -199 512 -700 67 94 435 -370 645 690 89 -61 -217 835 -373 298 -830 137 456 -361 -308 -241 -710 834 42 185 -106 -482 -188 125 617 255 -266 125 69 56 -120 404 -354 25 353 391 80 -13 -499 -269 569 511 70 -272 57 -1143 -177 -649 -544 550 -390 -364 -206 -40 547 42 -73 458 -43 -560 -153 749 -330 835 -673 145 -775 303 -513 287 -433 -69 -197 439 -1505 425 426 297 50 198 -120 -684 -33 309 -175 ]
[93 -285 -6 790 388 315 -117 -75 99 -483 -712 233 930 -417 615 -193 331 -326 18 -428 676 52 245 -809 642 65 703 40 718 -183 -549 298 -287 -637 199 -102 -205 274 830 -681 252 451 -782 -232 -458 458 38 -1222 -313 -69 -127 -369 232 300 -25 129 -288 495 233 246 110 316 -461 175 472 -483 698 465 836 -135 150 268 -476 -428 -416 -502 -291 -205 17 299 -686 -229 165 -1324 112 323 -863 222 -635 88 948 -598 -322 -612 969 -542 171 -156 53 10 -226 149 -735 -601 -155 ]
[364 278 513 -923 343 -185 -461 -345 199 -756 143 182 -291 -213 -436 -453 -277 350 -161 -308 -603 -86 -208 -26 -776 -558 -6 -217 -53 126 34 -198 289 15 272 -732 708 -287 -727 13 957 -153 -653 733 307 -267 -447 228 140 -299 -52 -69 50 -224 -220 235 -90 405 345 411 -160 45 -932 133 522 699 197 1242 -353 -344 -299 -188 1031 153 -306 231 -806 -578 -43 223 449 -543 119 443 605 -340 485 -161 -167 -40 173 746 92 -156 124 -637 586 -299 476 -1066 -505 -529 154 -1053 631 ]
[-190 502 37 665 453 105 -74 59 -145 300 -484 230 220 -281 -317 644 -474 575 -699 246 174 -121 1102 786 -254 354 -552 -983 199 14 -1152 -117 -36 103 -462 95 -501 450 -369 -225 -684 153 39 178 388 64 632 77 -488 -915 -754 -64 553 -46 368 -436 -623 54 435 -235 473 812 342 351 -301 -4 -142 -38 -931 227 184 -134 -460 316 -6 874 -158 281 141 3 62 550 -633 387 -393 -252 -29 -501 388 -391 -918 182 496 788 489 544 108 29 154 -331 -1075 351 475 45 360 ]
[-728 -307 -454 413 389 -302 -208 -21 661 -82 -374 -540 -806 -547 -330 -509 -668 -170 -224 848 386 519 877 -955 -92 325 -198 209 -227 452 86 484 -432 375 -648 259 234 487 193 436 -223 -21 651 -361 -390 -241 15 -611 -1057 54 -884 -1030 -400 328 -440 107 82 -195 -106 6 94 -202 224 771 -558 -541 54 -508 694 -504 -426 110 -398 0 -449 478 -165 -153 -1064 -275 77 -682 693 75 220 1003 47 -357 131 -840 -1062 191 35 -89 963 790 15 -893 676 224 -409 -237 385 228 1233 ]
[510 -536 -413 486 948 252 -173 453 1153 -354 -554 149 -394 -190 -617 -747 90 412 -524 609 -1025 405 -523 -289 -330 321 -925 586 -255 662 -97 -354 -254 757 66 471 598 773 -22 32 216 57 185 -105 256 -180 147 -545 -521 -49 -517 -260 129 505 -1114 -640 607 -316 -335 -68 -963 -674 -277 479 -593 344 448 -368 -240 -543 -88 461 -244 -498 -102 291 -721 297 189 -199 -617 -34 -223 181 343 636 354 -147 818 -648 477 343 863 479 813 498 456 280 153 -437 -253 -44 479 860 -92 ]
[161 -469 998 -255 -100 -402 -134 27 191 225 -137 -95 268 -499 317 -165 242 -315 -612 -1207 96 51 5 100 -886 -577 -949 78 41 351 -194 415 59 86 968 -16 164 -458 -536 -85 260 -164 121 773 -578 -47 -295 -68 -100 817 119 1040 -982 -634 -300 -389 497 351 -70 -74 -45 -847 118 -494 303 1010 -230 664 590 1121 114 -61 327 313 -455 524 -62 167 323 213 191 -31 -50 33 325 253 248 89 -135 937 -1032 107 -208 -72 -85 697 -19 -317 -451 -839 -105 501 -57 60 -522 ]
[678 -848 147 342 513 453 -78 280 -141 319 -309 -723 -415 -1070 224 -1104 -804 -470 -127 -80 -438 64 453 -413 -87 207 -590 238 -325 -135 -729 -618 -1254 263 -853 674 324 -329 108 1048 0 187 206 -194 -477 269 -869 -122 -220 -139 264 -880 -165 306 -536 -341 4 -313 -71 -206 87 -62 172 -401 351 1020 670 -143 380 159 228 -560 -474 326 -326 -263 424 338 -559 258 -717 -366 657 -66 -48 800 -498 -337 1427 17 420 339 554 782 353 725 91 -755 -390 280 42 112 973 -612 690 ]
[24 -117 -124 602 2 -242 -19 -756 276 495 -674 208 185 128 185 352 381 253 112 787 -350 389 -41 -996 1007 960 177 -161 925 -72 -484 1305 -506 -401 243 -60 -1047 -256 168 507 -30 170 491 -461 -59 -509 1009 176 527 299 -934 734 231 -569 193 22 69 -65 -790 -164 -367 17 1004 26 -286 -819 555 -1225 537 -288 -285 749 -129 -725 -296 762 27 -54 -612 1168 86 475 -671 -337 -225 595 -17 166 -888 292 408 -382 -284 128 -521 44 -882 524 -513 184 -412 -41 510 -194 156 ]
[-278 -348 125 568 49 303 -699 -129 -255 -138 106 -487 -60 202 277 222 -499 484 -597 -200 -105 -485 14 570 310 -9 -12 -1076 326 82 1177 -257 -516 -534 -1454 6 381 -281 -442 -1326 -641 834 696 -675 167 50 576 474 144 319 441 179 556 395 -69 427 1753 -806 261 394 8 -392 -354 359 -1021 302 129 536 259 642 -696 691 -148 -624 245 286 791 483 56 -166 373 427 -338 56 -4 12 -137 -665 168 -771 -7 660 976 -53 63 528 -372 -673 -449 90 49 441 212 -118 -183 ]
[693 471 -466 99 437 -397 -487 799 136 360 68 -648 -657 715 -488 97 -829 492 -121 753 803 608 489 491 313 435 -792 950 -205 104 -574 -140 -308 -122 -709 -78 -422 126 -123 1423 -348 -452 918 127 637 -376 52 -148 -851 -600 -246 295 38 -438 -733 169 -249 -168 267 -180 75 433 -344 433 -714 -1237 129 -617 -139 109 -338 394 -330 1317 84 375 -156 -140 -145 -545 -88 438 -99 -229 97 21 -514 -114 267 -548 -270 408 180 157 464 -92 -244 296 28 -41 131 169 -356 161 -872 ]
[24 962 611 -333 -168 527 271 -91 -908 392 -357 137 375 -758 -417 885 508 -505 79 100 -814 535 366 -153 679 560 -102 -443 721 -393 -347 -249 -93 1118 367 267 -645 -875 912 -250 -385 -443 -201 296 333 419 120 -234 525 -529 41 276 -741 244 130 805 -390 -511 -778 -137 160 -224 134 -584 263 -793 794 -298 -58 601 103 -239 -367 -11 -43 -209 242 244 -326 743 -681 254 -779 -462 -406 26 -64 65 391 218 -61 -842 -493 84 0 -117 -688 64 -455 511 -155 -213 -379 104 -95 ]
[-16 715 -96 -458 285 -127 234 -266 -394 736 204 -575 108 -98 -852 636 134 445 334 158 -516 183 674 -43 456 242 332 -177 937 116 475 198 -196 470 124 -602 -129 -353 -527 545 -407 -650 405 363 435 -317 435 294 -292 -46 -35 463 -1170 -458 225 184 -1300 -632 -2 368 541 -15 365 913 999 145 152 -466 -1141 -322 383 -502 424 22 410 61 -519 -346 -937 704 942 226 -229 233 -588 58 79 -685 533 62 78 -6 -132 108 -469 32 -156 -399 648 55 -340 -306 345 -5 155 ]
[-29 -621 -294 -109 -1009 -311 -177 -345 -495 -252 726 248 -138 -334 -180 -817 284 -354 -388 41 1098 286 196 683 -516 100 -458 57 -407 -115 277 432 365 -877 21 -172 -118 297 -650 78 15 539 -311 -117 -765 138 -201 92 160 -149 148 -77 -176 -833 -284 -512 -202 1472 -175 516 -258 -976 877 376 -241 678 -654 851 -274 -140 534 -661 31 123 118 197 398 -925 61 172 91 707 571 538 157 117 136 17 -843 -301 -19 -294 874 -286 -544 -352 -724 354 233 -171 411 287 42 231 -744 ]
[-820 52 20 499 729 146 1201 198 87 -370 8 -355 351 -312 -1239 82 -585 308 113 714 543 378 42 50 -121 -242 -288 -407 779 -411 584 -375 -222 519 -520 300 104 -344 -860 527 -520 343 332 365 101 -387 185 -203 -405 127 -836 -715 -84 378 -124 291 -540 -538 267 -142 -273 10 1036 859 199 656 -817 -143 -858 -228 460 -688 -342 593 -122 497 353 -365 -226 516 258 -1331 281 -285 959 703 256 -290 554 -158 -244 304 389 -228 978 -170 -559 -111 282 597 -241 296 -401 -143 285 ]
[-95 114 -672 -219 -388 135 750 -136 -803 304 -325 -724 253 365 41 398 -526 -311 588 -251 581 -477 151 96 1068 26 355 -480 995 -798 1097 -207 -185 -344 16 -380 -129 -715 -293 924 -71 293 -306 560 -46 99 322 167 -67 -249 -280 101 -154 250 -64 -189 -272 -185 -638 233 -162 -27 217 425 -293 609 -942 -7 -1139 -242 -117 -955 35 974 603 -320 -289 -468 -305 1051 1580 -286 205 -182 424 657 201 -394 302 49 -60 57 -98 312 -38 -69 -293 -283 153 835 -509 146 -851 -88 84 ]
[279 -79 64 -718 147 39 394 400 161 277 -332 603 686 264 -1250 672 287 780 161 -22 -21 -127 35 -114 -59 5 467 125 237 392 -57 -672 -83 1488 -157 -269 53 -535 -140 -222 -1166 -209 711 -382 998 88 563 977 49 617 -211 -116 -121 308 571 240 -1058 -288 417 -568 -140 -122 255 121 492 20 546 -813 -596 694 285 -850 804 323 -112 -61 -77 277 -953 172 -654 623 27 424 -124 933 485 40 396 325 53 -513 -134 -264 680 -104 -545 609 -201 -325 283 -234 155 1083 -876 ]
[-1 470 666 -70 -158 -34 -119 -540 754 -529 506 240 12 678 -837 -400 -206 -86 -567 -266 719 -156 -299 721 -1155 -517 -302 398 -83 557 158 149 374 47 -420 246 778 53 -560 -507 555 657 -452 -43 -35 -257 -228 489 -324 -485 -415 -9 684 1052 37 45 457 342 49 337 -229 -137 -110 -145 -939 216 -907 -275 -338 149 589 -59 1207 518 83 -320 465 107 94 -205 555 -126 100 131 460 -429 1017 153 149 327 -727 178 690 -560 -70 26 -241 -576 -687 -168 -172 -433 14 -265 -327 ]
[-416 613 -1024 -736 -73 -570 97 314 416 52 445 -193 -106 -1134 347 -395 -174 440 -330 -580 807 72 117 -197 -401 -839 -237 907 -448 18 -845 -323 220 -296 34 -365 408 -79 -1170 -348 -927 1341 -347 -159 -383 -812 617 -46 -977 524 -49 11 338 -82 416 -695 -41 -150 -231 166 -463 -905 272 -485 -53 -29 66 699 24 252 -255 839 -430 794 230 1132 1196 -515 -49 -149 -549 -64 414 -289 -246 -761 572 -146 34 180 -946 409 821 199 50 -313 131 130 -510 -1341 371 822 -551 427 -105 ]
[-481 209 254 483 670 491 469 -398 463 -52 18 -596 -401 -118 -490 165 -376 551 -871 196 -404 743 -237 -565 -998 360 -465 419 129 89 -78 -12 -452 -155 -510 1381 -150 -730 -343 520 -78 946 228 -337 -308 -236 259 63 -504 289 -578 -548 -167 -471 -347 100 198 254 79 661 485 -515 1373 691 -71 1389 -165 -448 151 248 -372 247 -289 -404 -187 559 928 -418 -546 977 745 -1178 -136 -519 317 217 -201 8 -6 -159 -920 704 878 578 631 227 -668 -828 -648 277 32 -222 843 -526 345 ]
[450 189 720 -104 285 -661 -147 348 947 -105 148 477 366 -256 -44 457 -407 56 441 -149 -252 395 -113 -242 -404 468 131 620 -581 -932 -416 -306 -101 257 14 -1025 -529 254 307 436 -680 218 -809 420 -64 -167 -969 83 347 153 873 695 168 -710 136 -341 638 504 293 -923 45 285 -753 -927 963 93 522 135 234 -380 520 744 418 202 -435 -219 -78 -384 -95 -1027 -180 53 28 -153 -733 112 24 -44 128 56 574 -753 -131 -126 18 -209 1027 905 404 -689 492 -134 -340 42 -631 ]
[216 22 366 -188 -228 583 -17 579 -284 359 585 189 -133 -386 -736 106 447 578 -823 657 -328 -169 -444 -653 -399 503 -147 341 -151 295 74 -846 -82 125 -362 323 -115 -189 -462 254 433 509 867 -208 -784 35 -260 52 -246 -127 581 -772 -88 817 -1721 -391 640 851 146 932 -736 -342 72 -65 -440 912 -264 485 165 -4 372 -436 876 323 589 75 275 -177 -504 451 38 -608 421 -204 384 734 453 186 329 -221 -293 705 705 -25 486 129 -714 -144 65 210 -411 -92 1178 517 -256 ]
[220 -270 522 -1214 205 -574 -485 -249 -232 255 199 -398 135 -840 -156 77 -638 262 -285 -763 -368 -115 -1321 -178 -555 69 -744 -652 -1041 -337 1425 571 -45 -17 358 369 1156 -94 -1233 468 -28 -64 692 -359 -47 307 -293 643 753 887 -95 -185 -810 -187 -360 -783 -131 -428 -8 24 437 -434 252 -285 -103 866 1048 978 -315 -146 369 -562 253 -822 -972 428 81 757 -539 367 -294 -309 -656 469 301 138 62 -444 -600 215 -99 893 233 -874 -607 -691 -328 -624 -372 -238 91 -25 -171 -500 376 ]
[521 666 375 -412 69 1 63 -813 516 353 -245 -69 -390 62 138 -726 577 -633 -273 -291 276 107 914 -297 440 945 14 482 425 -270 490 359 50 -268 641 77 -360 681 450 -995 297 336 -429 23 710 196 706 -363 -77 -6 -1106 -1365 -222 833 465 -279 86 -179 -845 -298 245 87 -347 637 869 -1028 517 -756 -245 -881 -847 -848 -549 -449 331 -744 -1089 381 1160 1209 -659 74 -320 -525 -91 68 89 -480 -156 -506 357 467 -598 -389 -611 246 325 -519 482 -43 -31 -64 -26 557 1206 ]
[498 18 -244 -207 470 -436 23 -197 0 711 231 -573 118 -86 981 -766 467 2 715 -54 -590 243 398 -150 23 -432 778 112 -203 611 -121 455 -570 374 868 -368 -72 -587 -797 159 957 -1158 465 419 -569 -394 57 -459 -560 539 124 260 -527 -481 -416 -245 -11 -527 -259 917 -438 -104 229 353 1110 946 -566 432 319 136 249 -669 -2 -681 371 9 484 -259 315 -364 488 -486 243 -792 -84 374 231 230 -246 -199 -342 -27 -374 -25 30 239 249 224 910 -424 -63 -228 -207 129 -198 ]
[-41 60 340 -619 286 -72 98 347 -620 357 -614 -93 258 414 -454 -277 291 419 65 -1232 277 139 130 836 -91 -741 -473 1267 -7 1269 -495 127 551 -107 261 -25 348 53 -226 -104 -100 -318 591 -8 587 22 -208 312 -99 247 -532 -235 121 -259 277 513 58 -266 -86 -246 -406 305 405 -113 -252 -591 -190 -58 -658 790 -472 -343 177 391 -697 -23 -171 403 199 164 -832 143 -648 -341 721 314 299 345 628 335 -660 -302 246 -429 -42 440 164 103 520 -492 21 405 134 390 -289 ]
[371 -193 898 -776 554 -91 331 506 -125 374 -434 69 -225 432 226 128 118 332 -416 -148 -443 224 -746 153 -541 303 -309 -417 -517 731 477 685 281 50 0 1252 860 123 -67 103 290 -791 -734 -381 437 359 768 -281 -119 31 184 -557 -422 657 358 -189 -387 -687 498 -1332 93 310 731 236 161 84 562 -942 -611 243 112 -51 -572 -158 -271 517 183 1582 -378 235 -1051 468 -816 584 263 -716 -202 -723 722 -281 -272 -156 589 439 -125 120 -212 283 -421 530 1138 135 -108 -245 -550 ]
[23 -568 157 384 -8 351 650 181 230 669 101 -553 474 191 485 -28 83 -814 169 -590 189 -526 1374 -15 42 418 702 492 260 -108 -762 -301 -334 -525 -243 -684 -831 28 45 214 -573 303 -220 849 -575 938 -690 -658 -211 -93 785 -635 272 72 369 -389 446 691 597 -504 61 604 -523 -543 765 -418 -312 -520 188 421 -354 -795 -897 -256 417 -239 -571 -605 176 -921 106 -292 771 -290 -314 432 -1268 596 954 -435 395 -27 -5 247 389 204 -3 269 -97 -24 -111 395 -834 -199 818 ]
[573 241 319 34 -282 213 117 95 -509 -639 422 273 -678 -403 -422 -1 -118 646 500 -406 177 464 49 254 -537 309 521 858 -84 12 8 -297 808 -267 63 -67 468 -535 649 -16 57 -23 -469 -569 764 -163 -471 -539 -279 -1167 372 -309 53 165 409 652 134 -50 -289 -577 -82 494 -677 -185 392 -376 -33 577 -751 -773 104 185 606 649 -217 -204 202 165 -43 54 -447 -102 -251 345 343 -542 -44 -1008 236 -108 18 -189 559 -437 -393 305 1096 -895 85 138 533 828 55 -202 680 ]
[433 402 499 -206 700 542 -164 -73 842 732 -141 -87 -193 406 732 261 137 -541 -554 -457 -9 -179 110 134 -111 -36 -31 85 -265 193 -136 -989 -842 942 -502 28 202 167 -441 -667 336 -296 788 236 355 -105 -346 538 -171 279 142 -355 -427 760 -410 -23 1282 -261 251 240 -171 -382 -722 -366 88 366 -286 -142 363 751 -199 638 132 -332 -105 -326 44 183 683 -1175 -361 -50 377 -854 -838 -45 -109 -150 491 117 -166 174 -99 499 718 605 277 -14 -389 -58 259 224 629 519 188 ]
[-39 -651 -258 296 -42 -356 -191 22 30 -619 73 -1031 -359 138 442 -513 -267 716 253 603 181 -109 224 -444 -365 -200 510 -1006 -156 118 1244 -36 -838 76 622 -18 179 -559 -34 824 194 -41 523 17 -567 198 -633 -72 -488 1322 52 -218 44 -58 195 43 -336 -182 1340 62 -414 693 89 51 -200 873 1114 325 720 -841 152 333 -40 612 12 211 35 3 -637 239 763 327 669 600 116 389 -202 -475 -226 -735 -230 89 195 -431 -91 186 -445 -590 488 -197 -662 517 -184 -588 -195 ]
[110 -668 -183 375 510 156 -535 -262 128 -339 79 -296 -210 338 563 887 -877 -1291 -103 -481 486 -134 27 344 333 -114 -917 -646 -467 -758 63 -412 -613 367 290 932 262 263 692 -366 -159 -110 288 143 -148 459 -325 665 344 -236 397 912 -283 -677 89 -474 459 -193 381 331 473 -438 -13 -107 -758 302 -907 -380 1035 274 -341 130 99 -120 -671 -1194 -1159 826 1214 -199 381 -23 61 -408 326 -519 -212 -108 162 22 388 -139 -98 208 -241 937 -269 -745 335 754 622 -234 -231 -192 -105 ]
[-1006 43 37 -302 42 734 -556 -170 -395 -392 -616 -280 239 324 -81 317 -675 991 -343 603 228 -1210 196 646 853 19 -141 -103 -223 -90 -459 -752 -749 1214 -878 358 -88 369 453 -665 19 -932 274 204 133 -278 779 194 -138 492 -975 -140 49 193 502 114 -41 341 -259 -339 237 -221 -268 -1265 -47 -990 -22 -279 -292 68 -281 -171 424 29 610 494 -621 -225 -914 -124 -483 -1 -215 -472 -460 276 -63 799 391 167 -729 93 -1076 591 -731 -179 144 339 71 -541 -209 67 72 137 -494 ]
[-1032 -317 -368 536 -1018 -113 597 -246 -1332 248 235 -696 371 -108 -196 544 -98 -119 -464 -45 597 -81 104 803 123 278 -765 112 -34 -134 -432 194 713 -557 656 709 -455 -110 -593 274 -396 816 -505 -198 -153 680 286 -85 135 -600 -309 630 152 -1249 164 -235 -812 1541 -996 413 738 -9 570 -488 -411 -613 -1061 -256 -359 -114 425 -380 -321 541 -8 -77 379 -172 -15 957 896 -796 -503 97 668 126 -776 543 -578 541 -611 -84 -562 -418 -582 -434 -171 115 -577 473 -54 127 -490 -338 661 ]
[-219 -346 91 233 -1734 -311 -56 -315 -331 -158 554 -167 474 -406 463 -987 43 408 274 -68 -68 350 148 -204 -1682 -191 299 -491 56 -456 1086 457 -124 -670 402 158 55 327 -120 -320 427 755 -1154 382 -275 1069 -146 252 -107 231 2 -557 60 471 -479 470 -145 728 -591 825 -676 -184 258 -189 -586 123 -605 761 937 -431 704 -482 49 67 -27 517 933 -705 -141 -288 -320 207 1050 879 -324 -154 26 496 -917 55 -986 116 -71 -564 -297 120 -681 454 63 138 545 -327 -44 148 -427 ]
[-508 -521 128 224 -13 1239 -124 -412 52 -228 331 -71 436 159 131 479 -134 -265 188 267 730 -1199 160 623 319 232 -607 107 27 -28 -101 -606 261 -689 -52 -860 140 271 -1032 -122 -86 -169 -573 189 166 -110 420 -67 -298 248 -177 391 88 -223 226 -55 263 650 134 420 -185 924 312 -254 53 82 -780 154 -303 -742 633 -4 -36 -388 -187 384 196 -609 -77 41 768 218 -435 -784 248 -186 -852 517 -198 -343 -345 167 -231 -346 -757 -180 -101 -68 165 -207 -598 44 -382 -339 -590 ]
[62 266 113 112 -882 698 -694 955 -547 361 -50 176 902 -1202 338 640 402 476 560 150 381 -178 123 241 188 -260 799 -443 557 -31 -276 735 -145 257 122 -337 298 440 -1136 -161 398 149 -366 -637 -555 488 -121 594 -678 -772 751 1043 349 236 -685 314 -688 253 -440 -555 535 547 672 -726 -201 -601 -41 -184 67 354 728 -586 -242 -223 405 887 652 -379 -234 -669 -265 -150 -281 249 -433 -377 -522 -235 508 326 -721 109 -317 -563 -529 -134 -308 796 531 196 -366 -329 216 -255 -207 ]
[635 -211 -467 -623 173 -720 -236 420 93 -371 95 -500 164 469 405 196 399 -1142 -146 781 880 -734 137 -60 510 -124 396 84 -1166 333 -358 -460 379 -166 -1179 68 -621 440 -3 672 291 -181 -40 944 -411 709 -426 988 -606 -470 74 -1292 607 706 -102 -629 -214 -359 1444 -170 655 1039 -163 312 435 -803 753 28 268 -376 -249 -133 -812 951 -14 -397 333 701 327 -315 -803 600 472 -481 58 12 -414 -82 665 -973 14 -20 -26 83 -313 -172 51 21 701 227 -177 398 -311 -30 112 ]
]
