[[-201 71 359 711 -604 148 663 -111 346 -204 -458 81 -281 -1 355 78 -298 -79 -256 -460 175 -221 -341 232 542 127 152 -193 -558 -632 -473 708 198 432 333 624 -466 -33 45 -232 -327 296 519 634 -265 -53 -136 -68 28 22 342 -217 -477 356 310 823 560 -902 -221 17 453 -33 -54 -541 18 -370 -153 -375 -965 880 -154 308 -46 -249 202 -536 -561 346 61 94 602 -300 163 -70 -118 356 198 165 301 520 50 -27 -173 -173 353 -97 190 -199 -99 126 405 203 -44 167 -96 ]
[602 33 -17 59 -48 413 445 -427 -456 513 215 256 233 -429 -27 -429 -9 594 -886 -277 141 440 468 -379 -295 -339 -270 221 -62 168 -267 -434 10 81 -36 346 374 -92 -83 -163 78 -377 -183 670 290 161 573 349 276 193 -90 9 227 -439 242 -233 12 248 482 278 -238 591 -34 -95 -263 581 183 39 1292 -739 36 259 280 663 11 -321 682 790 -209 -544 -162 -309 46 731 183 -309 -521 -409 -359 245 181 -459 385 255 -485 -40 323 336 62 -489 -726 762 359 500 39 ]
[214 -92 -109 460 230 252 373 -31 -116 377 903 -94 494 93 -586 -105 687 852 -484 -493 -306 618 703 79 -766 -435 93 149 -112 271 131 -333 -132 -81 -183 -175 781 -403 224 891 51 139 -151 -213 639 222 345 -121 260 223 202 707 180 -802 597 -511 -239 465 157 592 -63 224 600 96 -476 168 -745 -479 701 -688 254 406 194 316 -970 557 369 230 -237 -561 -149 572 194 57 -562 99 -853 70 79 -561 -781 -85 -232 61 -327 -192 148 -204 747 -525 408 633 504 -100 304 ]
[-522 787 361 139 -449 -562 -597 60 140 -182 -586 213 700 -565 488 -189 -202 -251 -74 396 21 -41 276 -715 186 -166 -211 -152 -36 -677 -318 133 -155 707 400 411 -100 278 -201 -306 223 -776 -665 1130 -525 -300 21 343 532 442 635 -86 -23 24 0 878 -569 -496 336 -10 -16 906 -263 -478 -107 128 313 -327 150 165 51 794 -420 -146 -234 -604 -144 601 253 -53 169 -728 -439 145 351 -554 112 -642 -9 97 -222 118 339 653 249 -380 534 42 39 -286 -271 642 -262 541 -368 ]
[95 -646 58 140 -59 421 274 151 220 718 120 -79 -339 519 -160 176 330 460 270 -817 -480 46 147 537 446 -214 171 533 -403 439 191 -238 306 -219 -303 -136 -849 97 782 297 -206 664 601 -350 -153 126 -324 -546 175 -22 589 1089 -456 -758 -112 185 1024 -207 -236 593 105 188 834 334 219 -279 114 -168 -671 615 -764 157 654 45 -699 -377 189 806 -558 -425 -271 852 -150 -590 -369 806 -247 478 122 -511 -236 -316 -103 104 52 312 -215 -111 38 -192 155 -81 211 58 261 ]
[-114 -332 258 68 -457 -96 167 762 -9 337 -707 347 -593 -64 -127 531 -474 -239 416 -303 384 -916 481 -122 85 127 595 507 -364 185 -494 -114 563 -308 -103 -485 -1145 -326 1115 -363 -773 582 186 -46 -625 -358 -112 -332 -566 -341 -304 388 -184 -279 246 178 470 -362 -427 458 637 161 108 30 167 227 -103 -154 -91 389 -615 40 384 701 -352 -353 -47 -116 174 -422 133 540 655 -152 -112 945 -408 -10 -357 -33 54 297 -221 374 211 503 -443 113 244 -82 -152 -512 166 -43 -56 ]
[-630 -28 -178 -105 195 200 256 -387 547 -254 -572 458 231 295 77 -204 135 47 593 149 -463 53 121 -388 928 -519 -370 254 -348 -291 -76 284 -282 287 -354 438 63 499 110 179 -162 -559 -15 51 788 -610 -382 190 1190 739 1400 590 -109 -557 -668 258 421 -343 202 931 77 510 -28 -225 -201 436 114 -279 -128 61 298 256 -54 -533 -845 -237 163 1025 -427 281 -640 22 -529 -240 144 -319 109 -343 229 108 -730 -1021 42 324 -196 -172 610 -392 422 130 -576 768 54 897 -29 ]
[-35 72 -35 164 -630 -776 -406 749 -1 -855 -162 -422 -366 -258 -554 421 -756 362 -304 -553 -61 363 -215 126 -1087 166 780 -74 -673 -165 -135 192 -213 250 185 -42 70 -973 -445 566 -129 16 58 -748 -38 771 1 -431 -857 51 178 -456 498 242 1161 267 -263 -46 -81 -9 205 53 635 -682 262 -317 -411 -190 -503 692 -436 -30 399 12 -423 622 -418 -950 451 -74 321 448 288 -504 -774 298 36 -731 401 -685 -333 1053 -231 235 -23 -211 -218 -134 655 -52 1242 -161 -48 -916 -520 ]
[-787 47 101 71 258 125 -639 -252 -173 551 173 448 -19 624 400 267 141 -693 242 49 530 -209 409 275 302 -389 -440 -252 397 -302 -281 75 261 -578 -248 -415 -209 21 569 -634 -142 -426 -139 838 81 -751 -231 241 293 248 -164 630 -229 -458 -643 23 230 897 -702 489 -103 -254 -228 190 99 -273 408 92 -420 -321 -239 -193 -78 420 -203 -109 -19 647 108 40 -54 382 600 -60 350 756 438 217 -766 -143 618 -460 -376 -800 425 -42 -369 6 -365 105 -342 -929 28 -107 -595 ]
[345 -205 -23 553 185 -51 531 217 -225 55 -411 413 500 497 -108 -309 244 692 143 -821 590 -263 55 77 -143 463 95 -194 -401 348 -662 644 -205 239 -539 266 1033 -561 -737 -256 116 -637 146 155 696 62 128 268 -683 285 -697 -581 337 -40 918 168 267 522 -248 548 -513 -124 94 -274 -91 297 -598 -437 -243 -291 98 -52 79 426 -24 -91 -418 58 -278 -124 181 -203 328 -58 -675 785 265 -119 398 -14 108 477 -127 -77 -198 -392 95 -432 421 151 191 350 -632 -447 -317 ]
[-795 220 331 -208 619 10 61 -892 -236 429 94 -384 -502 -182 284 -398 -558 -27 -1594 28 955 -154 -438 296 161 181 413 -232 -100 -787 -309 -659 189 205 -147 -10 -448 -68 -321 7 212 85 111 733 270 278 -17 74 578 17 93 -544 -460 -209 -39 332 419 110 -121 -405 -148 -115 -626 31 503 90 332 100 -34 681 -23 -102 70 58 208 -367 -16 169 447 -35 467 -612 452 868 328 -135 260 -495 -1056 485 785 -273 -170 -719 453 37 -328 598 -665 35 -131 175 637 -406 -195 ]
[703 -400 -151 142 -234 331 951 80 83 -495 -699 849 -239 -156 43 358 1 -290 251 -306 848 -173 -543 362 568 578 -371 47 -343 665 -749 829 299 589 443 508 394 -521 -328 -851 -816 -196 1 63 614 -1155 -17 -116 -491 -231 -424 -202 342 498 501 -76 451 96 -419 510 780 -501 -585 -158 -297 12 -1185 -576 -31 -438 966 -529 29 181 891 -316 -571 385 -365 392 264 -22 1066 -367 212 580 -357 690 6 882 781 -84 -462 -544 -455 1 467 -332 -238 419 44 -88 -782 129 -120 ]
[132 -662 268 716 488 75 1044 -220 -848 58 -550 -579 707 -216 395 -516 467 687 -713 31 528 149 333 -102 -197 540 -400 -254 292 6 16 -164 221 518 -144 -75 252 53 -564 364 206 -110 -227 312 88 -198 32 -101 381 -127 -379 -137 -130 -237 1027 -89 193 63 280 334 -157 -45 182 534 -84 443 -453 -593 444 -157 1300 700 -676 349 -13 163 -557 -167 -382 146 -41 -189 380 165 -535 138 150 34 -284 -53 -424 131 99 42 260 5 433 142 344 8 -195 -47 -108 -543 -174 ]
[704 -1011 284 -109 113 213 1032 333 106 260 -1083 -405 -512 -79 523 126 -5 588 -180 66 -384 -639 -384 -22 62 -27 102 674 -345 -318 391 230 -99 142 -245 1 -740 210 -329 313 -624 221 -16 -735 -349 503 -146 -125 -640 101 -404 170 -441 282 461 103 156 -440 -90 -322 -15 -611 386 255 325 -364 -96 -179 -661 853 254 174 -499 147 82 64 -519 -55 -271 223 327 -609 90 469 -479 216 584 999 -12 296 -530 -110 -12 -218 94 314 5 -90 563 -186 -259 -105 -707 -98 134 ]
[180 -555 -38 737 -399 463 217 -852 -928 937 375 -1192 -152 105 328 -22 -43 548 -825 -576 -195 65 291 338 -147 -801 386 55 -244 -322 -20 7 9 -277 -261 195 -653 -28 228 11 -418 156 257 442 226 792 644 362 148 841 -777 601 -433 -770 680 296 637 486 150 151 -626 -82 520 356 330 -682 721 -246 114 405 -3 445 599 540 -485 288 71 655 168 -119 -353 -110 284 277 -498 189 213 540 -649 -297 34 -947 473 -396 -204 753 -359 143 13 -719 38 -694 793 -480 -195 ]
[452 -105 -216 254 -302 121 -165 444 219 677 129 -371 717 -589 -249 159 766 343 123 -232 -901 423 1036 481 -121 -471 -281 221 -3 19 70 -325 195 241 279 197 -226 -368 17 -505 -703 -419 -1311 301 -188 -411 496 -129 -250 377 183 1246 -144 -674 258 -115 -589 449 -151 532 305 347 838 28 -442 -871 -236 -250 -312 -583 22 742 -263 -200 40 -86 -156 170 -415 -257 78 -49 470 -278 -110 682 -14 568 88 -768 -1092 -190 -189 2 -215 -270 418 203 63 -1128 -114 -102 158 42 -529 ]
[266 139 -177 -434 118 279 -80 -153 28 -281 527 1240 -12 -93 -139 467 508 507 -383 206 381 136 -245 -114 -701 -176 -62 369 -435 -182 -368 265 -57 -162 165 -98 1456 -723 -77 314 -197 -502 141 -15 1281 -390 633 523 232 130 -404 610 307 35 -338 -872 -578 1230 21 238 79 -646 -559 260 -531 482 -893 24 867 -638 424 -301 192 579 -629 139 307 1098 -572 -129 -194 112 674 208 -200 -739 -630 689 -139 125 -189 -147 -27 -264 28 210 -61 -39 776 -336 98 993 -178 219 524 ]
[871 159 -39 1097 -44 -248 836 -167 308 349 656 -69 736 143 -42 -376 533 -87 365 -589 323 -791 54 -115 165 451 833 -317 51 61 -26 -44 -242 -102 -212 227 -78 -62 -472 -546 312 701 331 830 -57 154 -154 713 -1200 -422 -949 -1396 -423 39 79 23 24 -230 -161 -1060 -663 -223 -235 -96 225 -569 12 -287 -218 -634 -500 -275 -223 -231 294 -126 389 -787 548 -242 277 -516 208 471 279 103 -156 177 470 579 370 39 384 -331 -366 -53 106 -379 -893 -179 -72 -227 189 -265 886 ]
[-710 1037 408 465 -95 -274 -312 -681 -405 -334 984 79 569 -318 10 -609 602 -315 -426 297 752 419 -667 442 -158 367 -368 -1220 184 -918 215 -468 311 88 1512 185 -84 -577 -593 -334 533 264 -108 1582 -376 -367 152 -97 779 -317 47 -10 -178 375 -518 248 -207 49 24 -1022 264 -191 -316 -109 -49 -711 283 101 -888 318 693 257 -239 -450 23 82 -634 341 359 768 458 -190 -110 -44 -20 -846 255 -94 -244 -204 338 -494 534 -868 880 121 415 183 -492 -416 55 -30 191 -412 258 ]
[3 -258 12 -800 476 387 636 -578 -787 989 -492 -872 -662 -1110 264 242 -127 319 -731 746 307 -658 -17 -70 171 16 393 824 383 105 -163 -494 531 583 93 103 -69 457 -279 -559 -760 125 -652 -158 689 -529 652 25 616 -309 -370 -44 -145 -216 -636 -798 -270 215 378 -122 276 -230 -1290 1003 -104 325 460 -20 1702 -354 1270 -179 -407 171 827 265 -120 -466 -438 72 -392 393 1378 310 440 -566 -334 613 -1291 784 61 -198 -272 65 -528 567 -358 1347 -227 0 -815 -106 1097 -222 146 ]
[-50 214 -31 -190 -198 -27 -892 276 339 14 -763 -40 666 363 435 276 242 -647 646 423 73 -523 870 593 656 290 -546 -370 129 20 -121 341 592 125 -777 -534 -128 -89 -604 -917 133 -473 -45 328 19 -337 327 62 68 181 -306 237 -279 202 -67 421 -337 501 -740 331 -194 -149 29 335 286 -71 -67 473 -608 -429 -307 321 -180 213 802 -534 23 -314 -555 -85 512 -1168 252 -398 424 -67 575 278 152 265 157 172 -129 251 1044 -136 -167 50 -707 -164 -249 -126 -360 140 -576 ]
[-154 850 126 -305 -287 -690 -877 552 801 -1063 346 478 -524 -709 13 376 -598 -939 -799 591 739 325 -208 -639 -581 675 495 -18 -237 -976 -610 -441 83 273 384 -234 -298 -836 -619 -573 -502 -422 -685 124 26 -119 305 -116 -491 141 43 -249 -166 245 427 285 -1078 472 67 -1075 97 -479 -417 -254 279 -499 -229 369 334 -9 -661 -201 645 329 -278 -82 375 191 1081 -163 914 -973 369 -30 -92 -503 -356 -752 -678 -47 126 65 72 -137 605 391 76 433 222 -640 140 -102 124 -13 -140 ]
[-869 601 516 -158 210 -761 -265 429 -426 -98 -660 1127 491 893 -354 -597 -439 -69 305 -27 922 -615 166 -1186 442 224 380 77 -401 -209 -872 -284 -331 148 -841 -414 31 -338 247 -895 97 -763 164 296 -118 -531 -279 862 1 529 32 124 302 -750 147 125 303 495 -88 168 -344 776 -360 -110 866 1017 437 490 29 -129 -1200 487 507 464 -828 -744 408 1139 692 -785 -189 -493 -777 417 -276 55 360 -1563 -650 -492 10 -674 661 398 166 -101 242 447 107 -391 -1062 472 -5 238 5 ]
[-1080 241 -112 329 133 -603 -1078 -729 162 -745 -270 -371 54 -137 1077 416 -606 -1080 -475 1108 497 -361 -312 -149 54 -35 289 -618 -197 -1324 -163 15 80 -374 744 -59 -24 -65 -133 383 31 -591 -406 1055 -1 -400 -310 76 436 407 -160 -479 -736 595 -365 808 -783 466 -338 -704 494 -641 -171 550 114 -546 -134 -487 -430 673 401 -52 -947 -313 181 -239 -187 447 447 1228 38 -965 551 513 765 -883 391 129 -521 1055 532 135 -58 -3 1170 -56 -330 -104 -372 453 411 -254 278 -209 -350 ]
[-20 785 -392 -352 -400 -292 -64 307 -168 -299 -368 231 90 -468 -298 304 378 -578 1124 496 -313 -87 -277 -188 742 533 559 -311 172 108 276 -578 64 55 785 98 -760 -78 533 -816 8 816 -267 544 -212 -1115 189 210 23 -755 -239 354 8 242 -732 -1400 296 -789 115 -569 709 -148 -660 -34 -181 118 441 924 34 218 297 -125 239 -805 454 188 56 -482 179 -431 -260 720 149 -898 734 -386 -377 439 41 -578 -630 -322 448 153 -230 701 363 625 -607 -463 -602 -380 159 -147 825 ]
[549 -652 -385 -256 567 456 -230 -826 457 -557 371 -303 -1189 -484 226 140 -975 -233 -666 -242 -13 -9 -589 242 -464 206 656 107 -902 -610 -237 299 -294 -134 482 314 -359 -370 -401 895 187 7 508 -724 645 689 -106 -109 -526 -274 296 -1150 4 531 -42 509 -132 -135 290 -926 296 -397 91 -77 339 -440 -421 97 -320 482 -661 -674 -32 -851 510 -340 261 -531 216 568 38 -754 6 487 356 -575 465 -186 16 1153 998 71 196 -600 -576 -47 85 -615 -559 418 165 -237 -22 -31 -129 ]
[376 -8 -172 741 238 278 95 -277 293 523 1076 400 467 -605 -557 -411 438 41 149 -520 -478 767 353 158 -24 -577 -115 82 -212 563 162 -562 413 -504 431 302 -105 -267 184 141 284 108 -279 515 -108 228 463 -366 313 -279 130 -30 497 -129 10 256 -632 -95 466 97 -84 716 555 -553 -187 320 -833 -607 494 -1099 -365 103 272 -93 -47 -411 143 530 318 9 258 -467 -739 -101 392 163 -921 -630 329 180 334 -357 206 3 -748 -78 180 -604 -196 -46 -454 24 450 527 765 ]
[151 -269 -395 -409 388 262 -126 -1015 418 -376 -172 -429 -57 917 -236 63 -185 -63 -317 490 156 -210 9 -128 -109 -108 -274 79 324 122 203 523 -706 -172 -944 -32 347 318 -688 854 86 -95 -34 -447 1578 908 362 601 -260 865 -755 -132 243 -344 404 -205 233 344 -549 401 -1105 -625 -120 106 -548 195 -121 -51 740 -444 1075 -286 356 504 -580 1438 1070 -386 96 -85 848 -390 -164 702 -135 -64 -393 319 -91 254 92 -522 -273 -544 -431 133 371 -923 661 131 553 125 -774 -7 -371 ]
[563 -590 320 1018 -341 -107 1022 68 239 -437 48 160 -73 -371 361 652 687 132 681 -255 31 168 332 -1 -53 -199 -70 421 -217 -126 529 327 218 331 503 69 491 -147 617 646 456 642 560 337 91 -775 -706 -677 586 -865 640 -365 253 222 89 46 -455 -418 33 94 1004 -313 -33 221 54 223 -1141 -863 257 -88 -295 794 -1100 -98 189 -158 -468 305 -505 126 -751 613 735 -767 59 -111 -534 335 657 385 23 392 -386 -29 -118 -420 251 -342 -441 420 138 -50 -46 1 425 ]
[-239 796 76 -206 844 -76 299 -494 19 140 1224 297 -47 118 10 -308 414 -585 -1062 43 807 1139 -1009 42 -19 -512 -390 -327 139 26 115 -825 -134 -109 694 -204 620 319 98 89 755 -189 -406 298 490 -378 -33 10 593 200 69 -555 712 429 105 -108 -280 726 -70 -767 597 -368 -138 -270 279 458 -366 -212 131 85 377 -320 37 -245 670 -85 -63 797 738 440 320 -352 46 564 601 -490 74 -297 -812 519 1477 -419 -473 -792 125 -775 -64 300 -755 682 -548 99 84 185 172 ]
[-9 695 716 -1181 -238 -119 -1080 329 288 157 -1 233 -512 -381 355 16 -490 87 -392 -196 -373 490 -881 55 185 -6 350 231 -612 -670 264 -315 -763 493 1030 283 -835 -467 -640 -860 -146 -357 -324 -321 -840 -90 -721 -261 -200 -122 831 396 -501 -177 -342 385 -359 -240 248 -1117 302 85 -347 -196 1029 -1152 619 455 -866 1011 -1631 -295 302 -360 167 -677 -182 1191 54 -267 -71 -659 -575 68 -176 -690 787 -481 239 -980 157 -206 717 -252 103 330 404 457 -559 -1123 -252 295 -245 -74 -200 ]
[-266 839 -123 325 374 49 -288 -226 75 590 399 756 -22 550 -55 -155 273 -137 421 -335 -540 -19 298 -435 130 -183 724 -835 63 -294 -816 227 -698 -367 536 173 447 -366 -7 -339 -238 -355 -490 116 16 -621 -259 -170 -319 178 -245 -2 -358 -354 223 -51 -381 186 -226 127 226 -210 -294 -319 -52 -501 -90 115 -227 -240 -643 -551 17 -31 181 -49 -156 4 681 -368 236 -11 -147 281 -354 640 326 -771 -589 102 151 -43 -185 -465 -4 -518 372 -795 190 -186 -481 -483 -14 133 -253 ]
[1293 139 -324 -422 134 87 -316 -46 920 -267 1124 394 77 584 -148 335 749 701 376 -179 -507 341 -1039 80 -964 -415 195 113 -383 334 22 516 -589 203 106 157 803 -231 -1261 646 562 155 251 -1078 963 785 95 92 -504 -198 90 -405 808 351 49 -443 -140 930 -257 -493 -1191 -254 345 -166 249 -684 -68 -203 -209 -18 252 -716 465 -21 -728 1168 131 -970 71 7 603 965 54 -274 -207 -339 -149 353 -7 277 81 441 -27 -338 -460 163 83 -548 835 495 729 -84 -744 75 727 ]
[-850 -178 -358 884 -525 -357 41 273 156 -670 -380 -502 695 -570 515 677 -669 -863 -139 -43 -109 -204 845 528 762 197 100 146 54 -483 -56 262 692 2 -715 -77 -636 -11 -60 -65 -1072 -107 101 334 -48 -367 275 475 -153 235 -154 -45 -400 -60 452 716 -68 -357 -157 514 330 -426 301 -281 -292 284 -692 -816 -354 -9 738 -119 56 -334 -128 -160 -224 -892 344 734 139 -683 515 -542 -140 16 -54 96 315 185 -549 246 -471 5 656 178 -428 -174 636 363 851 -960 370 -353 -274 ]
[339 151 362 738 -25 561 734 -146 -447 554 138 161 411 111 685 368 412 16 -415 12 -454 194 958 -1251 -150 -1034 332 -88 -139 -640 -452 236 -312 -80 315 -573 -598 18 192 219 -393 126 -224 334 239 -614 300 409 480 -14 -164 1142 -332 -566 601 -713 -88 244 -306 -300 734 145 173 311 38 -43 -475 -259 435 -814 156 738 30 867 -882 599 410 552 3 -826 413 611 553 693 71 -315 -177 -147 -702 -101 -597 -1021 -227 32 564 417 241 270 1429 -286 -369 -370 716 492 453 ]
[376 -527 -4 618 -116 531 -538 -680 -493 -767 788 225 979 -267 366 610 309 256 860 105 -256 114 515 102 -253 -219 -547 -851 412 -251 -473 1201 -238 133 447 211 463 -343 -798 296 168 -90 346 292 650 -949 -379 278 865 -423 358 8 -170 -79 -308 -65 -296 316 442 484 -48 -176 -942 32 -190 -655 -653 -493 -115 -1147 1470 -376 -441 253 -375 268 -532 -896 -914 538 -434 752 976 -667 -107 -1071 -53 29 343 197 -288 -503 342 -645 528 642 553 -703 827 283 465 -914 -171 195 44 ]
[676 -325 127 122 1070 -150 80 -325 159 682 -109 -1054 655 491 206 327 586 314 -778 -18 -251 236 -12 562 318 441 -185 47 1080 312 572 -880 544 -109 -343 -302 53 973 -1144 763 235 103 -837 -112 212 661 207 -448 -79 134 -511 -152 -671 22 257 86 -323 183 -8 -374 -660 -840 410 1117 394 -278 55 -517 141 -626 1015 -232 -482 348 590 428 286 -83 -294 -51 1116 -406 97 -101 242 188 -314 571 -689 58 227 112 -12 59 594 -70 123 38 -446 -230 -668 -443 -10 -455 147 ]
[-70 -153 484 1596 -132 336 648 -462 -458 632 512 227 229 62 736 154 278 420 -697 -797 -667 916 -50 -810 -218 -287 -372 -202 -125 -432 77 231 -448 203 694 214 -645 415 449 1003 748 235 322 1238 -442 -274 -699 668 660 -350 1364 921 -644 -870 257 117 312 -915 346 -9 451 275 771 43 -392 -301 185 -83 -223 255 117 905 -149 -303 -1001 -579 426 1204 -336 -537 520 634 -219 423 -177 -707 -201 234 -34 -64 -223 -601 -91 -257 -69 -765 824 12 252 151 116 -66 -361 519 63 ]
[922 -129 -1073 138 -690 -1277 -1105 -180 197 -871 -796 -386 1082 -424 -327 619 82 62 627 298 -650 727 -154 -20 -429 262 -306 -513 -153 774 63 56 -270 36 339 335 411 -216 -1485 -50 953 -1063 -586 736 730 28 124 526 -248 530 -584 -688 484 634 501 -77 -857 1305 -472 45 -528 -162 687 461 172 -279 -225 565 -17 202 831 143 82 -260 272 206 49 -511 -543 997 -143 -75 442 -1019 359 -830 260 -154 350 -134 145 316 321 565 685 -139 260 40 -122 637 736 -524 -722 -253 -806 ]
[-262 202 72 53 294 -88 8 -344 786 102 78 -295 427 47 -470 -185 -539 439 -620 -550 -162 87 149 -236 259 -6 560 373 -437 -451 -737 58 -106 707 76 834 376 877 -162 236 151 -810 -235 -79 470 619 109 -55 -331 941 752 -641 -326 103 -37 509 -211 -510 215 -436 401 596 8 -111 43 -398 50 434 -692 395 -760 -82 214 -932 288 -997 485 315 156 -437 609 78 -443 416 121 623 191 -353 -398 318 82 -148 -41 226 170 -972 360 525 -163 -235 -7 826 639 154 -504 ]
[-583 25 -424 -122 -104 -916 -263 450 276 -1276 -147 600 476 90 -758 375 -248 30 77 908 -129 116 -287 -352 -335 -743 866 634 -770 82 -259 -576 11 -185 -322 -494 567 -556 712 400 -147 -41 69 -609 373 -415 -646 194 -244 568 -81 -185 252 176 416 -1075 -262 601 -496 247 175 -233 154 -603 575 434 -1254 -235 -95 419 -178 -423 -29 39 -635 17 0 -232 1184 -632 335 -16 715 114 851 331 -573 351 -602 509 -751 337 -561 213 233 -267 140 44 -78 140 235 402 125 -85 744 ]
[599 239 -501 76 -120 -824 -238 806 227 -251 338 576 608 25 -571 345 345 -284 143 -789 -321 178 1205 -456 -675 -415 -134 -484 1174 255 -70 -50 -374 -433 -307 -829 155 -709 -283 634 244 -292 -484 485 -137 -221 -258 161 -575 231 -202 -96 -197 -217 426 -289 -306 370 0 162 -130 17 422 -1096 -355 -187 -353 -78 35 -1406 425 -202 -34 981 -798 466 200 -529 366 -230 57 -215 574 -101 349 269 232 -516 490 -1049 -82 331 -310 44 134 -744 481 -615 227 -259 -52 -134 -566 -9 -764 ]
[200 645 694 1045 -12 -847 27 588 473 61 863 29 924 1169 -423 688 632 -408 1213 -184 -1047 -73 799 -806 -64 55 409 218 707 631 445 -220 7 -612 488 -674 663 515 9 573 782 558 35 -210 -710 -21 -693 -362 -752 -575 -446 -301 -12 213 213 -389 -2121 -479 -303 -1084 116 -692 470 319 -113 244 -1066 -232 534 -1200 -448 345 -727 348 12 790 885 -512 696 -814 1296 334 -206 -484 -132 -303 -971 -35 742 -300 -805 978 -436 541 -11 -677 348 -25 60 292 447 -425 -38 12 503 ]
[639 -760 -363 -653 262 17 445 -377 -645 97 -155 343 -105 -1284 4 -333 -393 467 -207 269 216 -903 -537 -151 -266 249 -58 746 -249 437 -84 -674 149 -200 567 303 -597 -168 -852 -982 -921 -322 -547 -554 675 -489 339 327 -1230 -42 -723 -434 253 3 -526 -281 152 65 27 -73 371 -167 -333 84 -369 185 -282 -428 371 -430 640 -1394 -199 -295 480 376 417 -882 -117 605 -141 18 870 677 -170 -353 260 224 -260 630 543 -65 33 -397 -931 336 205 -369 99 -466 -789 -583 -478 -47 -135 ]
[-1073 126 214 -512 954 -199 -775 -131 656 1056 36 349 423 -974 -556 362 791 150 -229 279 482 -219 514 266 -318 -888 59 668 -31 -152 64 -422 141 -304 -250 -926 -78 699 1114 1011 -209 -604 -809 -24 360 -339 -131 -317 996 503 459 789 146 -497 -734 -11 -1124 1076 -473 869 835 -61 -551 -152 -557 358 -1197 -558 -182 -81 -80 -187 -369 33 -813 -783 -612 1119 -999 164 74 419 183 386 -82 590 -509 239 -447 -505 -288 529 -890 -270 1059 -497 -711 -242 373 -34 171 694 103 4 -53 ]
[-692 1104 -128 531 606 -357 40 -201 401 176 582 617 926 -53 -271 78 865 -411 304 -24 731 -367 587 86 -21 209 210 306 -76 -114 -557 442 197 712 20 34 934 413 171 310 305 30 30 364 915 -921 -411 705 -441 -329 265 -361 44 -502 -317 -239 -235 -473 -222 200 -309 547 -725 134 -216 150 -971 -890 275 -108 449 117 -292 -1192 -851 352 21 -916 954 -719 84 1205 266 -767 349 1099 -475 946 -337 187 71 552 -558 -352 -407 -899 530 -842 -280 413 502 -23 -37 -287 523 ]
[237 -2 644 -305 359 -166 430 107 494 10 989 -440 -33 541 -349 -231 457 -10 478 -577 -177 352 -589 804 680 611 -439 606 225 438 604 -440 777 -248 572 489 -150 625 -225 -243 553 608 69 -505 157 470 -589 -795 -886 -145 284 -69 -270 101 -1025 240 488 -953 270 -644 -450 -414 83 113 100 -287 505 -614 -937 63 -313 -521 422 -350 509 110 672 344 -205 -355 781 273 -446 -851 -527 819 102 805 1149 -793 174 145 -312 158 186 -76 89 -160 -631 26 -267 174 -168 -23 721 ]
[158 308 -23 -202 432 586 608 -700 438 351 734 152 -530 797 -93 417 -110 22 -1906 18 -11 779 436 -551 -411 -466 331 -90 265 -818 -206 -342 176 -792 -380 -669 330 274 -177 720 303 747 510 -18 1033 472 359 146 -102 296 -245 -284 -979 -414 478 -326 -29 69 -472 -64 738 -773 296 792 92 286 -451 495 850 -333 -649 330 37 730 178 748 1325 752 65 -1047 786 13 296 859 -110 47 14 -397 -798 449 831 -743 -396 -333 915 -363 -253 -241 135 -281 -236 529 670 307 80 ]
[-93 283 -420 -144 -312 123 -380 -369 -421 -774 -739 -119 70 -438 119 -164 -207 545 -356 355 -205 635 -4 -21 970 831 -487 371 81 606 -104 -254 -225 1223 -836 588 743 513 -284 -403 -88 -633 387 -571 390 -556 124 -420 1272 296 778 466 -338 -838 339 282 490 -325 235 1156 -166 492 68 1152 309 82 135 665 632 563 -427 415 893 -641 220 -347 29 -2 -403 87 -1378 -122 -851 -996 -706 -256 69 -391 -501 -432 -121 -180 303 571 -24 -23 359 872 -405 -206 4 -56 203 325 -700 ]
[402 -433 -125 77 -608 -216 678 -144 -689 -1101 -1178 -33 121 627 546 278 -788 -32 -147 -86 724 -252 336 -36 320 76 -191 -378 -158 -364 -321 1194 669 -198 -209 234 107 -765 -42 408 -262 603 1084 202 -62 427 864 197 -301 -665 -941 -219 790 1029 1073 -716 1250 -160 -204 78 583 -293 196 263 -197 1175 -602 24 -242 144 571 960 103 561 1078 503 -211 -92 -12 -257 176 0 132 322 -148 172 140 21 448 443 472 -177 68 340 750 82 75 160 282 622 861 220 -380 -428 477 ]
[-20 -1059 -726 369 386 312 391 -644 -216 -624 147 387 510 9 -359 405 -294 -360 31 186 51 459 209 -286 -71 -283 -529 -31 202 985 -10 50 702 -925 364 -118 -11 313 1194 778 306 -1 263 290 95 -334 470 143 -266 186 -468 -120 68 -116 -407 -990 10 -118 215 871 725 546 306 -82 -648 920 -543 146 807 -910 858 -407 -277 88 -346 -311 558 572 -504 233 -223 399 -175 27 229 449 -484 506 120 140 420 -119 391 315 -155 184 -77 -505 317 536 -248 -333 85 123 617 ]
[241 68 -33 -844 1444 -472 644 -433 -368 895 -320 62 -845 -618 -37 -304 -87 -292 -357 19 469 -1128 245 -872 -147 -190 290 407 489 263 -82 -394 126 24 -57 -541 -347 -90 -64 -35 -65 -247 -390 -16 -155 -126 -368 -45 -745 -163 -473 -799 279 127 -572 112 -151 468 -110 -403 169 -6 -696 -393 109 666 397 -48 538 -262 -472 -449 -543 285 320 -166 259 5 178 156 -202 -223 172 569 82 575 437 -181 -418 361 781 752 -503 -60 -535 -521 -2 -365 -230 607 -747 82 -14 -115 -192 ]
[561 229 -540 425 403 751 236 -194 230 -259 292 -188 -245 619 37 -318 403 -1189 885 401 169 -30 201 598 228 578 48 -856 94 336 184 170 161 -23 -136 -205 794 -650 82 -217 528 287 -403 -51 577 -114 44 102 372 -153 -193 -321 407 240 -41 -676 -347 44 103 -162 79 -271 -671 17 6 201 -625 94 960 -1284 501 116 -857 -367 615 612 -310 -342 93 -174 -231 -516 -8 19 1027 -365 -645 197 622 394 142 -730 105 -538 -642 394 129 -750 -667 315 -547 443 415 158 562 ]
[-228 75 140 79 392 495 -316 -709 -115 298 1157 -290 -230 270 787 11 -203 150 -615 -544 -50 716 -323 7 30 422 717 -57 -414 182 -240 160 482 -2 325 107 55 42 -250 156 387 -65 985 -405 298 757 -329 -180 -167 -324 278 -97 -493 -273 200 28 484 273 572 -443 -185 -246 273 672 287 -164 274 -7 -223 38 -1316 -662 1050 -466 356 -323 673 1100 -15 -1021 -375 941 -578 224 -223 679 35 -236 392 -65 570 500 204 249 -223 206 -234 -313 -717 490 883 249 512 -379 737 ]
[302 -177 472 -656 -161 375 -809 -624 -289 494 443 -826 -301 -109 764 -13 -349 199 339 -222 -39 -71 -597 821 180 97 133 62 -49 479 599 163 47 427 964 592 -111 -20 388 315 1059 206 367 -133 -581 412 -774 -631 321 -289 158 279 202 74 -162 883 970 -395 279 -139 142 -221 363 468 25 -293 177 -570 -741 642 -321 -184 397 42 282 -260 -634 598 -384 63 -569 785 -449 140 77 193 115 475 494 -529 554 678 187 132 -558 643 -193 -219 -883 315 627 400 -345 -131 -215 ]
[284 91 -7 -785 463 891 8 531 -336 457 743 -104 -275 -594 -309 27 -686 255 -70 139 -248 -351 393 -45 -42 -129 42 117 521 34 210 -488 -200 -449 211 -528 -68 -283 1249 -181 -228 -44 -727 -372 -764 85 351 67 -60 -603 -1069 -306 106 338 352 -1181 -709 -327 737 -749 439 -363 -754 -479 182 477 -123 819 922 -577 -179 -351 -613 520 1352 -203 -290 -1041 787 -380 300 -1321 63 1637 920 109 -368 -66 -122 -287 -183 7 59 -451 -945 598 352 581 -479 -466 -1268 25 127 -28 -344 ]
[266 -580 -534 -1368 407 -428 261 467 493 432 -817 -848 -219 -960 -172 -529 -368 405 309 293 -726 -335 378 -332 -512 -680 129 826 -458 499 839 -828 -300 304 -1054 104 299 -14 -512 496 751 -379 -1094 -473 536 742 -475 -760 199 661 1129 -337 317 -280 -614 -66 -343 -146 48 333 -330 611 528 393 -48 295 -147 -34 75 -353 -76 396 -475 611 -31 239 448 -304 -481 -44 -912 -391 35 666 590 -404 -213 -49 408 536 -461 -230 -688 591 -208 -785 -433 282 184 93 -22 1982 182 260 -194 ]
[25 72 12 -35 -217 449 876 -422 672 87 524 -16 254 897 -531 -75 -86 -1 438 -395 532 -417 149 463 692 654 569 -274 -1020 352 -428 -316 539 -66 391 -373 -961 -417 555 -798 -381 830 203 -573 11 -578 -194 -613 -445 -123 -87 29 -86 -449 673 -155 611 89 -616 299 1431 39 63 590 67 -20 -553 282 -133 599 -327 15 647 -427 546 -515 578 -99 -252 36 585 54 603 241 -638 246 -111 -579 -364 33 325 -480 -370 -171 497 772 258 342 -272 -420 52 -132 211 -15 -60 ]
[758 55 -61 -454 163 -19 -542 657 -5 -224 563 1077 -55 499 82 -68 549 -674 1012 670 617 -489 -775 -235 0 1222 -592 126 -63 934 -20 -411 774 -251 1532 -326 -329 -340 871 -682 -35 578 101 -467 -973 -580 -86 376 -1100 -1351 -871 416 190 449 -398 -904 398 126 -275 -1185 81 -134 330 1216 85 162 -48 491 -131 184 -489 -586 167 -374 -63 -372 309 -308 710 -551 175 1304 -50 -4 678 425 -453 1270 -391 70 875 491 520 9 -87 413 148 -71 -897 297 -394 -1106 -993 -214 729 ]
[-197 -121 -213 372 203 110 -220 -141 662 198 122 39 -355 -583 -435 754 -53 -17 -264 -3 554 -675 591 -237 -399 205 341 342 -101 -102 -909 612 154 185 -657 291 196 156 339 521 -415 -524 -333 -13 819 148 779 342 -172 328 -404 440 -230 -322 11 -124 -731 199 84 311 139 566 -668 -615 -1001 -108 -447 220 273 -1127 535 -108 705 245 -735 -398 314 467 -407 -781 842 300 421 -374 -139 977 -464 478 -126 -666 -807 441 -198 81 -218 87 -688 241 615 -481 723 411 21 39 -210 ]
[-276 -198 9 708 509 -86 -270 -542 -261 538 419 420 1473 -169 596 457 558 472 272 -279 -510 707 1070 -746 -33 -506 -324 25 130 -606 89 -192 -11 -649 429 392 556 -58 731 465 569 -458 -264 1652 209 -645 196 354 728 126 -528 6 61 -333 -102 211 -278 674 -135 721 524 182 360 237 -599 543 -368 -725 482 -577 -172 571 -595 656 -576 -593 65 1961 -1107 -160 -386 330 58 -451 -351 248 -68 -108 -10 -600 -302 37 57 129 620 -138 468 -414 1248 -360 -232 -181 -249 -260 94 ]
[-976 653 759 -648 729 175 -171 203 516 515 -328 831 -717 467 843 218 -95 84 -5 299 390 -317 -770 56 1279 -382 -439 218 -201 -729 -234 -278 214 594 606 122 -250 -165 -137 -170 7 109 138 255 481 -1011 246 -260 1513 -405 1280 428 -344 98 -1009 106 507 -808 217 -466 446 -32 -783 -88 923 419 213 218 -323 1013 -39 90 -174 -157 111 -740 -601 772 -38 -322 220 -800 57 3 337 -842 122 446 -454 647 419 -615 50 263 194 64 315 414 -282 -379 -1349 552 150 683 652 ]
[-290 -561 146 480 319 606 329 -98 -484 -615 -803 235 -784 -15 607 206 -663 -760 134 -41 868 -91 -342 -820 259 598 531 187 -625 -262 -256 75 39 -659 -339 -400 -571 285 654 -30 88 33 927 -134 197 -534 -900 -58 588 -415 522 -196 -482 58 -318 -455 379 -244 265 -175 866 -684 -93 278 566 744 49 412 53 -615 -1271 -665 141 298 -29 -528 488 1139 -195 -344 -564 297 -417 -257 837 -500 -44 -723 110 192 325 -217 613 170 -4 -63 -472 59 -611 714 -1049 -374 607 -67 165 ]
[-647 647 -156 31 -280 -398 -243 504 782 485 -154 272 33 391 82 -187 -16 -875 1080 -368 -273 -586 593 -360 1372 -160 124 -335 -35 236 -470 -349 578 -490 -375 -86 -519 -50 819 -524 146 -93 -95 462 -251 -413 -145 169 34 430 -454 107 -408 166 100 754 109 -334 376 249 -427 -385 373 -164 -118 863 278 -220 238 672 -244 -16 1013 184 -219 -692 472 210 930 198 -182 -708 -265 -432 -56 211 -24 -71 118 109 -37 -132 308 1170 255 668 -326 -442 -187 512 -678 -312 377 896 -112 ]
[304 729 4 -556 420 105 -407 130 100 -151 75 1029 2 444 605 -488 -172 12 -873 202 712 -48 -843 -129 -185 275 75 169 -646 -357 -386 120 -337 595 -701 343 302 -710 -1568 -1099 -110 -692 59 -613 460 -201 274 643 -95 -29 508 296 784 311 273 21 -51 604 412 -167 -499 243 -34 -244 166 348 -455 -110 409 -234 92 -126 697 -318 -205 -287 167 353 312 -65 488 -1074 -119 42 137 -1296 -28 -722 257 404 328 -450 268 -7 -611 -65 539 523 -125 -35 42 1081 -271 311 -31 ]
[-899 544 317 -172 -240 47 395 -425 25 105 116 344 786 193 -214 220 581 231 -66 264 -554 50 -30 1161 73 -595 -324 250 -13 152 958 177 -45 407 32 -285 607 -197 -214 265 -384 137 -284 328 403 198 154 428 494 681 -756 1197 226 29 -57 25 -811 231 -565 366 -280 -439 -452 -358 -222 40 -733 -397 -281 -768 1292 -164 -137 13 -196 1069 80 170 749 100 921 -661 -445 37 189 14 -55 975 256 -65 -381 -136 -697 -1184 135 -345 413 -1015 295 -155 728 230 -243 -44 518 ]
[131 -120 -73 556 -811 610 463 -217 -793 -183 -567 1016 -1010 -447 447 -39 -725 -113 368 -437 547 -145 -784 -63 143 341 192 -212 -809 -71 -775 719 415 -88 1421 657 272 -314 -279 -1021 -962 -875 -84 794 354 -387 623 365 -254 -507 -534 -266 638 787 68 33 546 93 294 -222 738 -277 -613 -65 -318 168 -49 310 129 -324 324 -352 373 236 661 -162 -300 781 638 633 75 550 987 317 455 617 83 -244 -402 787 1246 -259 257 -192 -744 656 -228 79 -248 434 -258 -267 140 -105 -68 ]
[72 835 -656 -105 -711 432 -450 243 423 -560 356 -177 -578 118 328 467 -106 -611 -269 270 256 763 -486 703 320 -28 -215 -538 -19 148 -499 1279 323 153 263 513 1312 -158 -414 -923 -366 -140 -599 254 339 265 498 119 91 -106 105 -130 -27 734 131 -508 183 259 -75 -678 408 -620 -501 -171 -291 -604 -179 470 -126 -123 394 131 308 26 1159 203 -554 263 416 71 763 135 1100 -557 1197 -211 300 932 -87 266 581 -278 -774 136 414 83 -230 1211 -1218 254 280 431 220 355 -277 ]
[-29 123 293 423 -1201 -252 33 317 -192 -1227 356 -336 70 -875 -634 -738 -643 -221 -282 -39 -91 -90 625 -474 -1245 -23 166 -107 170 267 -408 127 37 96 659 -19 286 -341 515 802 -217 120 64 130 -314 1377 931 -312 -206 468 -577 -8 440 -83 696 406 -372 -593 602 -379 -745 1025 203 -515 -588 -164 304 -667 1343 -631 114 331 389 582 -872 866 496 -350 859 -394 -187 -215 -1083 773 -251 -23 -735 -852 769 -72 -272 262 789 1043 -580 184 234 -607 886 -572 730 524 360 228 152 ]
[-211 -59 123 -242 778 -126 -643 -73 419 93 794 144 -428 -49 -182 299 -156 57 -417 267 821 -317 91 -645 -376 -344 1 556 -537 -401 -55 -535 -681 453 -565 -402 639 358 -62 427 222 -1386 -619 -702 1637 -304 338 191 761 1119 360 408 512 -608 366 1000 -484 872 274 537 -399 203 151 289 38 33 -484 -324 754 -225 -305 -334 828 136 -1416 -113 524 666 276 161 -279 -269 315 429 -102 -115 -306 -797 -753 91 153 -582 -304 77 -731 174 -188 -458 369 -267 -346 418 -325 400 -1233 ]
[1446 -445 -138 -17 -1390 406 483 -581 -138 -61 -614 273 -586 -1022 761 -229 27 703 58 -280 -86 -42 -738 -219 -792 -297 -769 406 -467 -130 273 575 151 109 1154 304 -991 -276 -1055 227 361 50 609 343 -284 348 -540 -903 78 -692 815 -116 -306 345 -991 353 376 -869 303 -435 669 296 586 583 -43 -896 599 -133 -625 124 -36 192 -254 24 311 -187 13 195 -1284 615 57 382 3 421 -93 -811 722 99 493 271 1287 -78 697 522 66 -65 753 -187 -200 -229 -609 356 -487 655 -214 ]
[340 185 58 54 -704 -556 -25 615 567 -284 273 -94 -1050 -232 -811 171 -298 430 -331 -582 202 -195 -801 266 -450 -59 526 434 39 -415 -24 -515 257 -222 496 47 -741 -470 -448 -206 -647 500 254 -342 623 736 282 -375 -686 27 -378 200 -116 465 285 -699 -64 -216 248 -653 103 -937 131 -836 -308 -978 -69 671 -271 1254 167 -841 1087 -271 9 815 -117 -583 237 342 585 511 996 2 -634 273 188 305 607 -683 13 -167 -68 -209 -89 565 -181 714 254 -552 675 103 82 -303 0 ]
[566 410 220 403 -617 16 352 1046 70 181 -833 305 574 -347 64 -178 -358 -77 -311 -513 127 186 361 -827 -213 -21 42 220 88 40 -613 599 -368 647 -824 70 47 990 608 -254 538 -518 -51 130 -518 -139 711 396 -225 1238 241 -227 109 441 1304 618 14 -867 638 406 64 636 295 -772 -235 432 -675 -323 504 -671 103 703 120 205 -335 -422 -76 603 542 -966 580 -457 -506 -934 -29 315 -484 30 -130 38 150 626 -44 842 -143 -675 25 -561 362 -390 -168 484 -335 793 -208 ]
[62 -494 -5 -402 -321 -654 533 -241 -93 -299 235 -238 -512 421 -648 -154 -50 455 -16 363 -79 -1424 -815 -155 523 -366 1317 295 -676 -270 -215 149 -78 -251 277 -242 -568 95 -349 556 -1303 1113 952 -797 8 832 -794 197 -316 74 180 -182 -73 349 -578 386 865 -312 -492 -920 240 -230 -478 40 868 -833 79 -543 -843 1067 325 -65 -51 -279 -310 158 28 -150 205 94 168 -28 -264 1006 334 -317 299 382 -392 989 -74 -723 -113 -15 274 7 -248 -295 20 596 691 689 98 248 1077 ]
[-332 -500 -163 -1315 437 586 403 94 622 197 -215 397 -74 73 11 -847 581 466 -73 629 338 -561 -1118 601 135 500 -363 -302 426 140 116 162 699 -53 6 221 -142 -83 -235 -713 -156 892 146 -347 -428 633 19 -275 -391 -1222 -716 -553 -173 799 -963 443 858 -583 -332 -354 25 122 -305 327 -445 158 4 134 -1006 984 323 -197 -903 -508 1191 -415 -826 -964 -426 561 413 -42 -368 756 -277 1026 826 269 682 344 436 729 -86 99 -3 211 -64 273 -134 265 502 496 -317 -208 217 ]
[-898 452 682 -356 43 626 -190 -483 423 -49 -712 -4 -295 -59 4 -775 -370 -564 -768 302 936 240 207 723 173 478 -198 -159 -773 -834 -96 -919 849 -18 488 294 -1205 -364 4 -978 211 206 208 862 10 -612 280 -611 452 -123 373 70 -340 207 -378 372 335 -342 -1055 -221 691 413 461 -387 -182 264 399 736 -242 924 -1004 5 305 -80 -45 -390 388 307 -280 61 696 -414 373 -305 -3 62 387 -887 -204 19 189 53 344 -150 559 127 10 748 125 -270 -176 -238 907 -182 -626 ]
[-888 887 366 444 231 -466 -545 -162 124 791 -245 61 116 1190 -816 77 -98 -1 29 -241 -49 -1081 371 81 1010 127 610 -396 532 -44 -530 -150 -187 -131 -365 -187 911 354 294 -549 -126 408 387 312 -342 -101 -553 79 431 122 -595 255 -547 -618 -9 1265 -263 159 -1096 -138 224 -629 -421 -29 91 264 -180 44 -823 230 -801 356 -480 296 324 -293 -20 76 384 137 796 -429 -245 -200 -727 392 -122 -373 -207 28 -658 772 -620 468 1025 -569 -331 655 -400 -322 230 685 866 118 -855 ]
[107 -52 346 97 -238 -559 -52 1238 -288 -779 -333 745 288 206 -744 274 430 394 1366 459 -460 -298 -184 -885 -538 299 46 65 -110 978 -178 70 -46 -51 344 -254 797 -811 803 325 721 272 0 -500 372 -722 -353 -191 324 -381 377 646 753 198 -283 -353 -340 184 128 587 229 25 469 51 16 558 -873 -436 555 -616 540 275 -51 711 -1055 491 332 -396 -552 -117 -499 1230 156 -1464 97 -894 -1048 150 457 -273 -750 771 -334 1208 -304 34 -231 -271 459 590 -105 -236 -57 566 490 ]
[511 -471 -257 647 -416 15 322 65 -632 592 -113 617 -439 -114 -186 496 -221 619 -273 -869 543 305 -428 -439 -274 16 -364 429 -487 873 -1267 -150 673 -445 831 575 160 -309 41 -362 -723 -312 99 169 197 -555 512 173 -281 106 -255 272 -267 70 223 -169 292 714 348 503 470 263 153 241 -74 75 72 -501 522 309 281 -516 579 350 413 -665 -274 791 -867 -457 -570 633 1062 -235 -592 213 -534 491 -131 547 749 -21 465 477 -131 116 -9 18 447 -94 -156 -251 126 420 157 ]
[-845 127 -241 -632 127 -602 -1816 485 -360 -597 -165 601 728 751 415 116 -378 -192 698 335 52 615 -320 141 143 249 -146 -453 -326 793 307 -286 160 549 -148 -851 727 -744 -696 -451 801 -1424 158 -685 -665 -416 -461 -397 -474 -1 336 -208 940 663 8 162 -508 1140 -336 153 -485 566 282 239 944 194 -130 268 123 508 -676 -278 58 -770 344 -918 -188 231 271 314 -338 53 -705 -576 240 4 462 -708 -473 121 1056 1087 31 104 203 -400 -243 -221 -88 507 529 -353 -907 -703 -485 ]
[-156 516 -468 -231 69 -78 -1287 -515 429 -687 355 -284 63 118 58 -66 -383 -497 590 675 -564 697 460 -300 -155 -357 -608 -28 535 53 401 -544 -220 -831 816 108 212 910 258 1155 1020 -434 -714 285 33 294 -890 -118 314 368 656 -820 -53 57 -572 -43 -875 -651 404 -345 214 -263 134 501 -448 195 -16 356 310 -246 31 -450 -180 -887 643 358 583 -651 232 151 -343 476 -60 431 1142 -753 37 -177 327 -78 654 405 -33 112 -364 -339 86 192 -856 88 -114 -71 -536 693 -457 ]
[400 350 576 -288 511 -290 93 -249 -1161 387 437 -335 -1124 -601 141 -799 -280 52 -729 -125 328 831 -787 257 -501 722 -289 -769 529 529 624 -566 427 169 728 -52 431 -294 -2079 -596 -2 162 259 -877 -141 733 -79 -1083 134 -989 873 -510 153 536 191 469 -218 66 412 -762 482 -288 -424 237 963 6 360 724 202 -965 -505 -966 275 247 1218 615 -139 -125 285 360 -124 290 191 -64 -181 -672 345 -1529 -236 -276 782 -53 79 -155 -279 -510 -173 479 -1347 39 -577 -406 893 -559 149 ]
[863 164 -345 317 -377 187 -192 -144 -256 86 230 103 -408 -1128 693 532 -131 -385 -575 -5 -722 800 -238 -308 -591 16 -134 405 608 399 42 -240 413 223 1063 -215 -270 144 -271 352 -72 -131 -160 162 -490 89 655 -942 -87 -472 -91 118 -128 329 150 -108 -1009 -552 331 -674 298 61 293 -398 -234 -549 -405 -181 1339 -361 -143 -58 -229 301 406 382 -147 138 248 145 652 -543 -342 -178 513 24 -441 140 -632 22 895 828 103 256 -292 -448 991 -231 307 -190 -383 -954 255 48 -79 ]
[5 211 -379 -505 613 -89 -42 372 272 -769 132 -163 -28 75 199 37 -922 -1169 -666 749 1131 -102 -188 -814 -753 429 367 -857 759 -290 -414 -216 -152 -339 -788 -854 253 701 550 -49 -315 -173 -149 -622 108 251 -48 715 -571 474 -117 -843 56 -49 641 405 -64 168 400 180 -63 167 -122 -268 578 785 209 308 356 -24 -69 -748 263 263 -738 259 55 -1106 1215 349 -596 -139 -325 508 84 128 288 -886 -1082 367 506 385 160 422 167 333 -589 -410 614 350 -189 -337 441 7 37 ]
[-182 75 619 987 -142 -455 457 568 86 -107 -93 427 389 -137 -305 61 166 15 717 528 -486 261 299 -846 -633 -16 196 -469 423 -126 616 -204 372 -626 320 -5 -359 313 31 673 -189 771 -688 -305 -812 460 -315 -202 -252 -760 63 -28 -74 359 57 -371 -788 -1250 569 70 476 284 -27 -80 -601 -44 53 -209 -52 -1431 981 144 -570 695 -600 678 -65 -1012 452 -365 522 656 -336 588 -423 599 -422 -869 394 -205 -803 -211 -77 334 269 -36 8 -598 669 22 -437 -445 236 117 1015 ]
[930 -371 -359 -312 -429 661 -556 838 111 217 -53 360 -151 -272 -540 119 416 243 665 207 -740 192 300 303 41 491 31 767 -278 909 322 -19 336 -194 -391 -729 73 -198 75 -80 166 -85 288 -1297 247 558 435 76 -222 -274 -518 1287 226 -73 227 -416 -379 106 31 298 -249 -438 770 501 -203 303 -667 434 681 -604 -879 449 675 -174 109 207 983 258 -622 -566 473 -393 -917 -271 29 210 -672 727 1073 -966 -698 167 -120 595 -497 31 -282 -271 179 346 200 44 -690 78 302 ]
[-168 330 -562 -319 684 85 -981 -622 -425 273 964 -284 536 344 -401 -415 -59 -509 244 173 269 73 -274 402 492 -289 -314 -273 600 167 -152 -496 -184 -131 -366 -205 26 242 1032 -301 161 -59 -295 114 450 -393 -302 823 191 928 -299 612 402 -475 -272 56 656 249 180 292 414 12 -167 167 -311 -144 206 279 -233 130 624 73 206 -1225 604 -326 558 364 312 300 -429 -101 -617 -108 302 -311 -108 813 -655 208 863 -980 101 -558 -424 -209 489 -341 -138 -325 -28 194 -457 478 365 ]
[56 636 562 -242 -754 -743 -175 1013 98 578 -525 825 39 -433 -178 161 -95 604 -609 -68 -345 -27 -1021 -747 -60 141 -182 1043 72 912 -441 -399 475 798 440 -16 -465 327 168 -522 -953 -16 -192 109 -1606 -415 71 -334 -766 -158 546 623 -120 -116 203 224 -915 -334 130 -227 -54 862 361 198 -374 236 141 62 542 276 -515 367 83 57 365 -659 177 881 -22 -722 356 310 -950 -461 -192 26 -309 -72 -430 508 64 1374 -118 767 -486 -781 -183 768 -75 -257 566 142 -819 720 412 ]
[-419 43 513 1120 1113 460 255 -811 -475 165 -431 829 1014 274 741 -744 239 638 -629 177 794 -749 439 182 476 -44 43 -430 -530 -926 -547 171 677 -91 83 144 396 -664 -868 -276 38 -833 -462 724 214 -348 271 383 18 -587 -521 -283 -409 -403 -568 320 181 268 -352 555 -215 364 -70 280 1 514 -171 -427 -361 -760 331 461 -1052 95 -132 -324 -269 -82 -430 935 454 -1252 -8 1583 -171 308 624 -499 -131 447 -640 288 85 349 632 -188 285 258 -51 -153 -700 187 657 63 -252 ]
[240 143 610 75 253 134 866 645 -472 384 -108 -23 -567 112 -455 -12 140 355 -542 -160 340 -541 495 649 332 -448 167 -148 -121 -435 37 -29 607 -81 -241 284 553 -1198 -5 -372 -699 792 -119 519 344 -496 618 -434 53 -251 -724 670 -141 878 809 -514 -126 -99 -561 -689 829 -1032 -181 -157 -261 6 -1640 -190 -676 172 515 568 -147 544 1120 74 -876 373 -120 -183 772 -757 1569 343 -42 90 -672 1025 583 127 -322 -526 -916 -654 893 -166 -162 620 495 -328 443 831 418 67 83 ]
[329 -589 -421 920 -322 982 523 91 264 444 767 -317 194 44 696 222 652 310 -197 -668 -44 305 318 407 298 -57 379 62 -760 278 -123 413 631 282 -399 283 -429 525 1134 661 155 1005 1384 224 361 58 631 -31 217 214 -19 106 -619 -133 1127 -177 781 -677 421 -256 229 536 21 -642 -279 374 -770 -72 387 557 133 -371 646 79 207 -1091 131 833 -711 -1425 408 59 244 -255 567 -179 -1117 1339 39 1198 70 -195 102 -42 17 644 19 -219 -34 118 269 589 40 280 1418 ]
[493 117 -733 662 -253 -194 358 -484 -88 -786 -415 764 -735 583 -391 -344 -390 -153 1539 -130 71 -823 -328 -589 347 234 877 -520 -247 652 -683 -220 -557 -912 -3 193 7 -454 31 -125 -122 115 -17 127 -138 -581 -613 -227 -326 -262 -1029 -653 -87 175 -19 -403 550 -42 -50 63 -114 40 -261 -334 683 668 247 288 520 -208 -766 -596 81 423 -94 111 172 5 932 72 -403 -784 -166 -1 427 109 -284 -1033 482 42 125 -242 926 620 -608 885 162 -700 246 320 -890 -248 -81 607 537 ]
[-1131 330 -83 -705 351 -734 -322 551 -209 -657 -540 -167 139 1162 -47 397 -872 -16 785 830 -128 49 496 -444 -272 66 -227 -274 302 -330 -275 185 205 -465 -789 -596 631 -99 -339 930 -25 -328 277 -693 -54 296 -568 -106 353 24 447 203 357 33 22 -1217 -382 58 -131 80 -414 -174 -192 134 89 453 -273 1071 -146 -443 607 -123 -241 924 -395 770 -125 -1006 675 -616 254 754 -359 144 -25 206 244 -596 -1207 -401 -868 172 -589 224 463 57 -248 584 983 204 316 -370 -93 -434 -243 ]
[-918 -156 -120 1032 264 682 -11 -129 349 -134 698 -44 113 232 347 34 1398 -154 538 753 202 782 126 -499 -749 170 -713 -105 226 -628 351 1299 -68 41 29 -63 585 1199 -134 635 111 -302 -360 11 476 -241 -50 209 617 172 -38 344 485 -6 37 -211 -567 520 151 -86 -914 -461 287 521 -771 -729 159 -693 19 -194 618 429 -445 -981 -451 1237 -854 39 180 175 194 812 -494 -621 -268 775 230 615 -40 99 -39 106 -365 -859 -296 -635 273 -887 525 960 467 -1299 -848 -570 -308 ]
[272 827 56 -27 307 -376 300 333 -574 58 -308 -77 48 -736 -348 -1052 25 216 366 -31 1075 -378 -654 -592 -12 456 573 -315 -773 267 -471 -308 -72 545 -280 101 422 -279 -653 -951 785 99 -101 214 136 185 500 -87 41 201 394 -1253 1274 566 81 334 -82 -77 509 -662 -694 667 -84 -658 182 233 -522 -521 60 -419 -164 554 472 16 296 -436 -601 46 47 -501 5 -633 -156 -301 -14 -779 123 -672 213 601 383 372 -279 653 -308 -233 -309 439 -659 324 -589 1186 -114 16 803 ]
[793 94 -82 -572 964 756 114 -283 -346 1469 163 -339 -151 87 397 -1136 525 653 -350 -224 -128 271 404 205 956 546 -259 -24 286 999 761 -1234 732 -62 338 266 10 -486 -709 -261 799 -185 -17 436 3 522 464 -1988 1395 -549 225 202 -508 -567 -207 -495 277 -370 173 -759 8 36 515 681 -298 134 405 1310 705 50 -483 -32 847 99 441 -144 -244 423 -753 206 -199 -167 -269 358 -144 -170 -580 -251 -623 122 656 -110 22 414 75 771 -90 1544 -79 370 -717 1013 250 145 501 ]
[1324 -899 716 -25 -50 99 -600 693 -475 698 248 182 31 -1 -120 692 744 209 695 -686 87 -744 659 500 -266 217 -296 486 502 1212 85 671 334 -591 -590 -832 -154 -621 1187 433 819 830 780 -252 -872 -107 -365 -339 -211 -1334 -769 826 298 349 261 147 -272 -216 -220 265 13 -456 -32 751 258 -182 -1539 -361 201 -451 -830 362 -70 566 -137 -161 -760 -183 -899 -369 -293 684 447 -1030 -271 -30 -917 912 1034 -945 399 630 -149 236 120 939 -619 84 -104 536 873 -687 -315 57 342 ]
[14 466 -85 558 -223 630 41 -612 -294 -222 480 324 -63 -70 134 -574 -220 -212 -979 346 289 387 583 320 -468 163 -630 -569 320 -97 -180 -851 815 -629 -220 -336 -10 -489 -43 -220 381 -91 40 1160 -430 772 27 76 -129 -403 -498 -742 187 -412 81 -699 64 25 -415 5 -710 -43 -180 -304 -248 408 1308 415 488 -953 685 -646 193 1171 648 336 850 -1262 577 -662 934 194 1021 1030 936 675 -318 -464 -1106 615 671 132 -177 -719 260 -45 -205 469 -261 52 -999 -379 108 115 -365 ]
[40 -448 -84 155 -170 412 404 77 495 736 229 90 95 672 -1011 143 639 228 904 28 -882 -515 1123 267 794 -143 547 544 49 888 -415 -59 314 -878 -165 108 215 261 1377 -34 195 454 254 55 239 -255 743 -207 -282 481 -936 282 -383 -489 -487 -433 -306 -287 -524 1517 -310 -127 554 -20 -935 950 -274 -486 896 -69 31 147 277 658 -199 -773 153 201 -613 -46 444 35 141 -82 -564 663 -290 265 384 348 -1021 50 -321 919 402 443 167 -384 548 -115 -760 308 153 852 76 ]
[70 -66 -25 216 499 498 987 -411 -147 163 -498 -883 -636 -484 37 -173 -714 164 -1749 -15 -1243 581 -584 -27 487 373 192 530 -47 -785 58 378 -222 127 113 237 -241 704 -599 290 -322 -401 110 -819 557 551 895 378 -20 -132 521 -349 -390 371 -207 -604 142 -539 -176 -669 559 -189 -14 27 339 346 159 284 425 -710 -381 107 -681 -814 703 15 272 193 -401 -341 1095 -915 -291 601 272 -456 359 -591 108 -102 -545 -377 -372 -52 -147 -301 216 328 163 19 -299 609 1166 113 202 ]
[397 -401 727 83 378 -238 763 -540 -787 280 265 725 214 123 128 -391 550 402 -229 160 1246 -1053 -526 -72 420 537 40 -441 141 409 -76 338 55 855 215 325 566 -442 -1497 -958 111 1010 985 656 190 -211 797 265 155 -1094 -811 -276 209 190 -276 122 490 -74 109 -1198 -441 194 -1805 263 193 422 -128 -220 330 -204 677 -95 -295 413 507 -507 -19 148 -349 -38 267 -431 506 71 -527 -1138 -384 113 -148 1385 930 -289 514 -598 384 130 -35 -286 -490 -361 41 453 -434 -248 1173 ]
[142 -530 -99 267 -71 -284 635 -172 -494 -285 -489 -273 -114 -843 702 -663 -227 1076 -955 -37 -957 -358 62 -661 -365 457 676 58 -369 -1269 -92 669 -128 964 16 472 269 198 -693 1058 251 -306 66 -280 10 654 100 205 -427 376 460 121 -81 555 353 800 263 -372 436 -275 144 -470 472 201 -459 85 103 54 -187 1211 -335 713 -606 -1126 137 -690 -81 -84 -574 331 -674 -76 -627 428 -1216 -371 1025 162 418 387 -880 472 135 111 275 -241 -266 -485 1094 66 138 764 -434 99 -196 ]
[-737 230 453 -259 -133 -194 -783 425 128 413 213 -914 430 -539 -370 -458 251 124 1011 508 -186 -519 491 532 134 88 683 -253 95 70 80 -99 -757 556 -220 571 -59 134 227 57 -223 64 -818 107 -303 41 102 -206 175 14 60 94 195 -156 93 715 -209 -248 -17 143 -192 1016 -649 -71 -271 -1021 417 -139 -481 447 287 145 -271 -619 182 -104 -637 -1566 513 372 -189 93 -353 179 86 181 -38 -467 -295 197 -578 -66 -54 -111 32 -80 -283 -304 591 203 581 -339 280 -146 293 ]
[-205 -64 597 -562 -145 43 133 510 -1255 458 -768 -462 -1261 391 -755 49 -476 -95 182 635 1177 -189 -36 -360 6 -711 -30 308 61 -183 -156 349 223 -491 -484 -448 -428 -221 -102 -523 -404 255 580 -594 452 405 845 202 152 31 -1103 -453 1252 458 -296 72 542 -189 306 -611 -270 119 -411 -440 804 778 742 665 166 -94 -154 233 1030 1098 485 582 -450 -415 162 -147 -116 59 97 -547 -604 -86 548 -826 -341 -189 667 -564 648 403 81 635 -410 923 299 287 -872 -568 822 -83 25 ]
[-494 242 75 173 342 543 -219 -477 410 1274 955 -57 -530 431 -353 -220 -73 286 582 92 -681 -337 -422 387 -80 -174 873 -371 -274 437 64 -111 -141 -980 684 76 -602 633 607 143 406 551 159 -393 -266 297 566 -140 -200 -975 -438 -131 56 245 -774 -506 246 -238 -442 -396 477 1 97 186 -305 156 422 711 -161 271 -658 -552 582 -644 248 26 74 -1077 -281 145 793 1116 -506 273 -36 54 -587 -659 261 -329 -66 658 1 50 -282 854 -544 255 147 99 136 -566 892 221 576 ]
]
