[[245 591 573 304 536 -321 -301 -201 197 171 69 119 321 29 -156 358 59 -404 123 138 -106 559 16 55 -43 -1099 -30 -91 294 -35 245 162 -495 -540 -557 -88 -510 -260 -361 123 -30 -171 154 353 290 153 -213 -192 398 -368 393 -100 -114 -327 495 336 294 -789 -55 -544 -238 -246 248 -112 -350 -28 -517 27 668 -328 -103 546 -188 -371 362 -212 -127 529 220 149 -644 -305 -804 -309 -118 230 -8 171 173 58 -166 -359 10 672 52 -140 -53 -508 32 -134 -613 -126 120 536 -815 ]
[19 -169 94 -836 -8 611 156 -240 107 652 203 -288 -45 -85 -113 -609 -211 -495 -724 -424 203 -194 -902 -106 205 -1 -250 265 126 -472 7 -248 48 210 287 467 -493 79 -608 537 -159 -481 -524 -123 16 -387 516 -64 -61 -846 -253 245 -186 -44 101 570 72 -19 680 246 -405 404 -37 387 -271 380 346 101 -478 564 -282 -203 324 -543 -198 323 -99 -204 -131 428 -23 17 -722 -153 -365 80 1123 -835 -308 -163 -205 -260 -366 182 -484 -33 304 425 382 395 -313 67 170 -290 725 ]
[187 84 -27 490 422 54 -440 108 328 -332 -505 -110 149 -356 140 501 -762 596 681 171 327 -346 514 762 -120 -147 -61 -206 808 -24 608 -461 512 -393 68 -42 155 -177 774 79 -687 805 175 201 118 635 -347 -137 -24 -299 46 -732 -286 115 -293 179 381 -822 -729 -1142 -480 55 214 124 -88 -137 101 400 758 -441 131 -606 -244 -418 -23 -849 -143 190 130 202 -152 -305 -179 -63 -60 -86 -355 652 789 327 348 -45 652 498 183 -161 -791 -607 -811 487 -763 120 66 -253 -287 ]
[240 198 84 468 -204 301 -159 -545 674 349 752 -58 -525 -270 173 -236 -310 7 -631 178 486 341 -628 -203 539 196 100 -243 91 -359 -537 52 503 -338 66 630 194 292 -667 800 -59 -210 265 537 -697 220 -555 -576 628 201 326 249 613 -12 -394 -196 -271 192 985 769 305 -37 -680 -265 -67 849 -114 265 -192 354 -490 455 13 -771 310 -37 230 -292 -298 -277 16 129 -302 109 -45 -479 169 -515 453 -212 363 342 -164 119 -70 94 431 217 536 88 393 -266 -139 760 -362 ]
[-849 158 -289 573 619 -170 -383 151 -330 310 -466 41 341 1047 -604 -229 363 151 -150 -14 477 135 339 -342 -510 440 41 280 631 99 198 -587 -561 543 86 -432 -469 -73 318 -703 52 44 -522 594 -20 -641 395 138 -309 -916 520 486 -652 -703 297 321 -167 -164 -377 -1125 -209 239 313 41 -435 -327 244 332 580 240 203 -421 -511 249 46 461 -89 44 463 -83 -195 -568 264 170 73 -207 446 -304 -116 -383 -795 -229 -4 375 545 -136 -605 -118 -456 416 -420 102 745 -343 -6 ]
[-801 -185 -34 1244 367 -588 -502 192 -369 838 -244 154 -297 -359 133 1 -681 314 -202 322 265 -331 333 -92 118 844 -188 -30 -300 -541 -269 43 -158 134 256 377 246 22 -183 -254 344 590 -68 15 -729 -70 -190 -474 -194 28 8 641 489 -579 -61 30 -399 522 354 659 76 -37 -327 -273 -531 -141 343 -351 -91 -155 -20 -981 356 -446 319 249 393 -601 104 -591 289 215 -60 299 -84 -20 559 -340 1008 -898 23 522 386 -126 -493 -542 -37 242 -245 364 646 187 13 -637 -151 ]
[608 -186 -718 -812 -588 284 694 -310 641 -843 521 548 -1005 194 -149 654 -341 668 -70 92 312 -549 -238 311 613 173 658 -259 113 398 -118 -103 1140 37 392 122 -271 151 -777 66 -91 593 -143 -10 -574 -166 -806 -262 560 309 -300 -974 827 860 -360 -435 282 205 -138 677 58 245 118 319 456 591 -91 220 -318 -110 -115 208 -32 205 -14 -644 -432 -497 -1101 233 -10 -169 500 78 308 -63 -477 57 -241 364 968 555 -536 -39 527 175 566 528 473 -129 957 135 -363 271 544 ]
[102 522 -239 562 474 -557 -188 132 68 111 -109 433 417 528 -957 86 903 -216 110 -30 -548 1 218 20 -429 -147 143 160 609 935 -360 195 -600 -291 -802 -55 177 150 129 -143 -166 -304 272 715 337 119 94 -101 262 -305 631 574 -598 -347 187 -459 -271 -12 -416 -692 65 292 -605 -896 180 -143 -497 282 509 -288 -315 630 -167 450 -585 -208 12 262 949 -180 164 -707 948 -30 257 -509 -221 -16 -769 968 128 -39 76 -539 464 224 17 -447 -710 -454 -568 -1291 262 728 -1001 ]
[11 -287 -261 -621 -327 351 433 279 338 230 -29 -372 355 222 719 -943 833 -332 338 -1094 151 -38 -929 300 -650 209 556 392 653 -452 -404 135 -566 164 -142 -256 3 -139 483 -228 -159 -693 -341 -486 711 -295 427 50 -155 -408 -648 470 42 -139 482 162 548 -159 266 -270 325 274 -178 331 160 -98 200 67 -305 163 12 -808 51 -328 -701 26 139 421 590 683 197 125 -366 -648 -126 564 -399 -170 -1184 548 -563 -773 -541 103 -282 36 -430 -431 367 -526 -422 661 -110 -367 676 ]
[710 900 -537 -279 183 -496 280 -160 130 -513 315 384 -184 -2 45 153 631 31 305 -630 193 34 -215 -306 820 -925 859 865 -269 474 -186 377 183 -145 191 -626 -801 131 -160 32 383 -610 331 -361 547 -556 -564 -292 842 219 -41 -24 538 15 594 169 450 765 -55 336 -194 -303 -49 -139 572 143 -387 29 -211 221 485 967 140 401 -360 -229 -893 559 -269 282 28 15 -331 -961 48 698 257 -296 -582 488 -22 -583 -716 -187 -22 -62 299 -680 1019 -248 157 -108 39 -117 180 ]
[-710 -266 -262 479 535 -443 133 328 -262 323 -211 -37 -246 -248 141 -387 -407 870 -176 -217 169 -98 293 -147 1255 99 119 424 399 -96 124 -843 -197 -54 353 154 -321 35 163 23 -274 328 -556 261 -385 -664 -539 -1056 56 -809 -343 546 589 -106 122 106 -32 793 -120 -57 -298 -253 -33 448 103 83 344 223 203 434 -349 -482 -93 148 -550 -39 -665 -144 -311 542 -458 28 -405 -425 -419 406 426 -387 770 -261 188 -328 -586 -185 -435 -194 -14 153 188 -246 -523 539 682 -527 491 ]
[-179 150 -149 -5 -93 574 -224 -633 314 -461 586 222 -404 -103 -406 328 -442 73 7 576 -430 -526 -289 790 -233 298 -640 -283 -317 -197 194 -150 1030 579 474 653 91 -78 -234 200 141 152 216 89 -423 279 -419 107 547 -304 107 -1251 -626 525 -521 -450 279 -148 -373 -431 -91 -33 -160 -457 -802 309 789 460 -535 -635 -80 -218 107 207 503 -627 168 -349 -374 257 -28 -841 -358 1127 131 -210 -126 -129 740 -79 100 516 310 -208 -35 241 -292 482 -778 814 457 -368 -313 -514 -89 ]
[156 -629 -177 459 -672 283 542 -923 416 526 363 -69 -83 121 -80 -1035 503 -381 -912 -451 -107 -480 -1018 220 -8 127 62 214 694 -540 -463 -14 250 -301 -356 -42 728 157 -742 185 -639 -840 18 -111 205 927 86 -628 643 -197 30 305 160 468 -423 -472 -198 5 609 449 429 346 -976 251 -752 452 -44 360 -264 -600 -880 -6 -448 -27 -172 -170 1077 -98 630 -328 -153 -149 -108 547 398 -217 -1000 -1041 -706 442 215 3 -80 -339 181 289 -152 349 197 -278 -319 -577 25 1028 236 ]
[-44 905 98 -291 -27 33 -532 279 27 1469 552 -222 177 76 445 351 -437 -721 -248 -196 967 230 131 -377 237 404 309 -141 -655 -455 -393 594 -360 539 206 -29 -998 376 -664 184 608 -122 161 -33 -703 -856 -109 986 -569 809 62 1185 -41 -37 385 401 -301 -82 1378 1011 105 -110 104 53 385 243 248 26 -385 119 198 277 420 -611 70 721 79 71 -589 -643 259 422 186 -44 -385 -47 1073 -80 -29 -693 -352 119 -68 738 -104 -540 47 -191 961 80 689 506 -566 -236 -263 ]
[-159 -621 -429 352 -41 662 477 219 -468 -543 -283 -97 131 -199 894 -637 565 948 402 -205 615 317 527 -200 -87 322 135 330 307 -65 639 -761 21 -612 432 -1219 891 147 1309 -269 -987 324 -416 -536 1018 893 164 -305 -78 126 -166 -657 56 510 -787 430 -84 80 -945 -652 -106 -354 677 436 -72 -753 464 155 414 384 316 -131 -699 529 -44 688 -130 399 -44 -198 -141 405 83 -396 -19 -87 -75 208 -687 -168 -117 -898 798 205 374 19 122 -213 -760 269 -74 417 1061 -216 923 ]
[-560 6 319 47 -508 21 551 476 612 -683 602 226 -470 -1210 437 -62 -914 694 491 -221 -311 96 246 -196 536 307 -561 -393 -755 129 -432 511 105 12 78 1204 1242 -69 266 324 -158 480 203 446 -915 -277 -389 -1001 237 277 136 69 778 372 -246 -378 -405 822 399 483 652 -174 -359 -441 313 -105 80 2 -559 -361 -373 -258 383 -111 104 -378 -90 -1 275 215 193 279 12 934 -3 30 -484 107 137 -311 476 301 -438 -901 -215 -6 695 551 -311 -785 766 1074 -272 -340 -153 ]
[-126 -67 515 575 155 -1029 518 166 186 833 919 -8 454 102 -133 110 -443 368 -197 -272 584 62 -373 -329 228 -303 -320 229 429 -588 -340 283 -540 -329 -466 -416 180 -251 -756 64 -50 -468 175 321 -513 230 -567 -1690 579 99 -66 379 277 132 341 215 -524 4 938 357 661 -706 60 572 -606 -674 -291 -242 244 -1057 -456 -55 -466 -46 510 156 180 797 139 -54 -476 302 -544 68 76 674 -422 -901 -70 -460 76 -336 -470 291 -111 -84 -277 195 649 -686 17 1112 304 399 -1070 ]
[338 -934 237 531 -387 -142 265 -310 507 -118 67 -593 727 780 -380 -442 1050 97 -446 19 358 854 -477 -263 -485 386 88 -366 912 -332 -454 -130 -569 -357 -1056 -426 296 481 -23 -560 115 -595 165 518 -231 163 643 10 -106 949 265 543 775 -392 400 -716 -44 -275 55 -380 1015 -724 -795 305 374 164 -1016 -120 482 862 95 363 -149 139 -62 245 817 -336 333 273 435 418 748 -736 112 -652 -1029 43 109 -392 -477 -69 -78 112 771 623 46 290 701 -817 -947 -189 335 1483 -762 ]
[-415 53 -357 -726 -167 -313 315 375 -246 68 -443 87 -273 1119 819 -202 626 -481 276 336 -1195 -292 133 518 -583 -331 626 -684 -35 -22 -652 522 -583 380 -242 242 -427 163 -8 233 428 459 -310 -147 -145 -755 -613 678 -926 92 -739 -44 -503 685 208 -1043 320 215 -323 921 440 192 -257 -556 -263 652 30 42 -309 -384 -195 -534 -401 895 -760 -293 -21 -56 -573 605 -301 -504 728 -29 837 307 -1177 842 -481 871 -5 104 -609 -205 -437 560 -226 272 228 -1227 320 141 -1252 71 497 ]
[-63 -377 993 -49 -409 699 -434 -678 -294 6 -592 -590 -286 220 -49 -116 478 -880 -388 -290 -357 748 -303 -100 -9 -35 -55 143 -103 2 755 -569 -97 905 -19 -447 139 -427 579 -493 343 -272 -100 -663 844 -32 452 913 -538 -348 32 59 -99 257 -444 -198 219 -1001 -47 -513 -242 -54 111 553 -276 81 -275 53 -226 52 -260 -352 -520 -231 662 41 484 115 576 303 46 -107 -628 866 -638 241 -265 205 197 -172 -1300 -288 83 192 321 232 -996 -232 -405 326 -1006 -71 -464 -148 -54 ]
[524 279 -179 -875 400 91 727 499 170 -1005 -1020 -41 68 396 -401 534 -232 57 330 -380 560 -157 298 -833 97 261 -462 -12 220 1155 183 -293 1101 233 16 -554 99 312 1288 171 93 707 122 54 -380 -390 432 -46 -452 -333 114 150 -359 253 -16 413 -624 150 -375 -368 -967 1012 549 -262 589 107 -456 361 67 234 262 -485 -287 54 -526 -501 -867 405 652 -161 977 -289 909 -12 -80 -346 502 592 -751 353 307 -54 -226 160 604 23 -151 -190 -824 414 -788 -29 -166 -410 -341 ]
[373 137 -171 783 516 -158 -285 -369 -70 -379 -817 98 -543 -86 -575 341 386 -121 660 314 -654 246 440 189 447 562 -238 -112 -567 -161 670 -531 418 291 372 -316 -402 -358 799 -935 393 381 85 -332 562 120 -146 148 454 132 -64 -55 589 -537 -425 -416 527 187 -1283 -328 -36 -462 -481 -797 -331 123 85 -539 75 185 118 -146 522 37 629 -627 -368 -714 360 179 328 -126 -866 112 -372 -612 468 259 1478 -1042 -57 830 647 -734 26 -176 -510 -268 -490 405 -139 -636 -10 -601 -77 ]
[332 290 -608 -130 -510 814 -169 387 375 -72 182 -499 198 -952 865 65 -101 -275 1039 -993 -355 279 617 328 -68 575 884 -233 -130 -139 429 -209 112 124 173 -425 -73 -392 1371 28 -750 403 361 -335 817 109 -577 820 -418 843 -385 -380 344 675 -869 -140 1139 -477 -257 -870 603 -531 -74 127 657 -120 593 -129 8 -186 -208 -413 283 -380 -92 -287 -259 -50 54 519 355 352 -322 -183 -140 -652 -388 995 -265 322 -320 -583 289 252 692 251 -136 -1131 172 -59 325 526 -132 -464 367 ]
[455 857 414 238 11 -965 104 292 141 -264 -868 41 62 657 -547 -428 725 -553 180 -315 383 121 -106 -491 -427 -722 23 55 189 1141 202 191 -336 -938 -245 -465 205 -54 700 119 -552 -645 -32 174 1218 329 400 137 27 157 1252 746 -808 -887 214 949 -748 501 -270 33 -101 333 -134 -649 -184 -318 -1521 -248 741 24 695 1212 -496 529 -24 33 -119 1121 1161 -925 -243 -324 258 -276 912 -147 61 -320 -1175 816 -530 578 -235 -999 260 374 -155 -589 -381 -214 -369 -495 -106 498 -420 ]
[226 -970 783 262 219 -221 -339 39 -386 686 -897 -180 532 -391 -245 -614 -83 196 19 -150 -812 318 568 -22 350 -321 -626 383 -298 -120 922 167 -1064 -446 -298 -43 331 -947 -652 92 -1162 234 -233 -294 1451 784 1159 -446 -64 -794 -395 388 -104 -656 200 329 -638 -814 -420 34 -273 314 402 105 248 -199 309 -252 627 161 -302 134 20 -533 -14 547 -31 355 439 -227 -296 830 -698 76 -319 -283 729 -343 -127 -7 -64 -465 602 -507 -326 -151 14 8 121 -77 -1148 -314 694 351 725 ]
[580 640 339 725 -20 20 100 -386 939 7 298 38 -208 -65 594 119 895 -36 648 136 275 1025 212 320 104 503 374 -249 -402 383 195 432 -535 -513 -490 -36 188 -313 603 -161 -364 275 357 190 526 181 -509 0 914 444 148 400 804 -295 73 -147 438 71 -192 614 169 -689 -357 -940 28 278 -739 -121 441 276 -103 1226 611 -398 -65 131 604 232 178 -306 644 59 -297 -770 -333 -638 244 264 -378 620 -348 123 -259 -346 -372 117 355 -724 -180 16 -147 -847 -282 271 -1074 ]
[664 314 4 729 -399 -549 -237 -404 877 141 978 394 243 -309 -314 366 -222 72 412 -64 -301 -37 -112 6 -477 298 528 -171 -76 767 -190 1030 -81 -165 -759 958 313 -245 -1038 -644 429 31 237 464 -345 -205 -345 -801 1015 12 499 -461 1227 -1037 963 125 267 -194 147 133 677 84 -250 -423 151 94 -872 -383 424 -429 -97 76 1007 -1222 -109 -41 859 -100 644 -42 910 -248 664 82 -126 -616 -249 -26 -193 109 -133 -141 -241 566 548 -365 642 -231 201 113 903 -307 -2 493 -1403 ]
[-296 -551 -90 732 -591 135 40 -522 -256 -2 660 -242 123 105 340 152 -2 552 -313 557 -660 360 568 -322 497 1255 -563 -249 -853 836 25 -132 -340 -177 -74 197 259 322 67 -72 -199 332 117 -322 332 635 -90 -183 244 658 -349 -3 323 506 -620 -795 -334 237 219 704 573 -834 -353 -707 277 433 63 -52 -14 30 -415 582 359 650 -594 709 518 -298 85 -303 1009 314 1018 60 -453 -1217 51 668 37 -318 -180 29 321 111 358 162 692 578 -417 20 302 -927 246 134 -120 ]
[-308 735 145 826 869 -85 -603 579 -405 1066 -74 501 78 -182 -303 863 437 77 288 344 422 -448 441 725 -385 537 -292 465 237 -138 -4 14 -505 268 -856 -354 505 -77 645 -1400 787 267 138 156 -348 -136 520 980 -4 273 448 469 -746 -133 373 -34 242 91 -132 -689 -157 -370 34 -618 -316 -1200 -124 -320 -159 -580 218 -312 181 583 174 -206 344 -166 528 -277 77 -447 494 234 -226 367 260 -78 121 298 -293 21 735 -714 -414 -418 -671 -798 -886 679 -485 -570 -169 -794 -1540 ]
[-396 -163 -144 -88 -81 -104 -614 1062 -757 1259 225 118 188 -282 -187 -480 -255 -1051 -373 307 -262 285 9 -35 -525 502 -39 -255 -248 -112 -15 -225 -428 139 362 388 299 553 70 827 -54 -611 -280 197 -61 325 -443 -136 -1087 -70 264 803 -997 -201 -461 289 -547 -19 227 548 339 399 -172 -382 -276 -360 725 280 182 -490 -500 -443 191 25 -553 800 234 186 478 -724 -119 -386 279 763 110 -1127 1069 -71 -65 -185 49 -56 422 -30 -439 -18 349 675 -644 -355 955 111 -205 -181 -465 ]
[-782 29 -744 95 -266 -1068 755 167 -556 -513 -416 489 -583 657 -686 353 50 -378 242 95 -55 -226 505 -347 651 787 460 16 366 883 -387 -633 204 729 574 -101 -526 -117 945 -866 70 17 -495 118 -492 -486 -1071 -367 267 -515 -239 1183 -3 -268 125 -503 -259 632 -251 490 -113 460 -707 -595 -122 100 -446 156 427 -481 -315 -331 -308 720 -736 -517 326 -334 1303 -453 181 -481 395 543 314 -352 -752 51 40 454 306 521 -824 -611 368 -237 -739 157 -485 -779 409 158 -605 -90 -374 ]
[-432 341 -724 886 -87 203 88 -892 9 963 132 -186 -104 175 482 -872 20 -195 -133 -370 443 -295 -556 255 -447 -252 349 -454 1064 -506 49 -16 -188 -676 -61 35 -1060 705 -464 73 -905 -79 -1172 671 318 380 -459 77 85 -130 141 -78 206 -630 -193 564 1041 -92 309 304 -146 -211 -745 -344 -1440 319 -78 -240 310 560 235 276 426 -779 -155 412 814 -501 -35 -152 -475 -80 -371 -516 33 -199 646 -843 -32 -164 -237 -74 335 807 53 -444 154 -371 55 345 382 -72 344 733 718 ]
[-326 451 -1245 1151 415 574 -983 -582 -61 -296 117 935 -401 406 -182 563 611 138 -97 538 -463 215 86 761 -496 149 704 67 434 562 52 -70 -268 -312 -666 -284 -323 199 -995 -780 850 61 -366 648 277 378 -146 -42 46 -650 553 -393 -180 -355 141 -462 945 -382 -82 -358 -108 -90 -50 -809 -574 -23 240 59 761 -631 -51 286 -79 669 -34 -251 -377 -764 70 -298 -507 -1136 689 296 -295 -919 -298 439 -347 191 -6 -292 119 305 868 -349 433 73 -665 136 774 -815 733 396 -263 ]
[-552 155 782 769 -546 -89 170 394 -2 531 609 -659 618 161 63 -534 -254 -137 247 746 1020 528 243 -453 96 758 -877 -367 -219 217 -30 102 -381 -447 33 43 276 -76 113 545 -99 -344 302 -44 -309 866 -213 -837 -18 -102 271 631 -55 -528 705 460 -1068 -490 371 315 541 -40 454 -267 -112 -121 282 209 443 -593 33 163 -206 -514 -216 732 598 770 707 -1101 130 313 -40 244 75 -626 -321 -144 348 -826 405 91 323 509 466 -263 -46 437 -474 -690 396 956 217 352 -1168 ]
[-226 -226 292 322 269 -430 -30 187 -76 950 -714 -758 761 100 -45 796 -798 -254 -280 -234 539 13 1059 -208 -395 378 84 -205 -136 -451 726 -439 245 185 403 -426 -37 -462 310 803 -884 850 424 -197 -68 381 227 120 -866 117 351 277 -940 590 -859 738 -935 0 343 -12 -637 154 375 1413 -849 35 38 -229 941 -248 -354 -434 -629 -202 1145 210 173 -143 -415 -709 10 430 -650 -18 399 -54 795 -351 -118 -237 -619 459 185 25 -163 195 -1116 299 -149 1599 18 289 412 -595 361 ]
[430 -8 -844 341 1110 -752 220 496 -709 -31 -528 342 261 399 -965 299 782 632 190 508 256 -120 764 -575 453 112 451 1041 888 744 302 -897 -631 -483 70 -992 183 -499 878 -402 -376 177 105 335 713 -300 2 -638 685 -746 -221 -421 -209 -164 -265 122 -72 -48 -1015 -939 -174 146 767 -19 179 -1136 -611 -590 1466 -297 -270 396 -600 459 -508 1004 -263 38 562 68 330 -52 761 -793 242 -751 184 -6 -209 509 778 -955 136 386 455 -242 412 -822 -254 -209 -231 -853 765 -186 -722 ]
[-1081 -505 -1077 -36 -337 -11 301 -617 -283 -782 419 839 -482 -34 -712 -154 302 20 -573 58 136 -907 -320 332 -176 227 359 -395 122 65 -434 -591 331 28 663 -34 -734 -134 28 104 -253 160 -258 -467 373 395 -202 254 700 -164 252 -1233 23 431 -667 -280 439 -247 -473 -787 25 28 -226 -280 -442 -176 240 309 -546 -351 295 -16 60 199 21 206 571 -480 -490 197 -67 -214 264 412 749 351 -504 -191 449 144 71 575 409 138 444 470 568 -33 -854 124 726 -839 268 -25 743 ]
[-172 -544 -535 357 102 190 -676 146 -402 -839 580 953 213 94 342 -640 618 -479 598 182 -727 852 3 412 -493 152 604 -419 -295 296 583 -516 -158 -493 240 -200 50 -452 -122 -470 106 -374 -557 61 209 -76 -1237 266 487 64 -139 -254 -3 -995 8 145 426 53 -866 -967 484 -966 504 -29 -450 -247 557 64 609 -162 328 487 -55 336 404 234 -261 9 -316 -23 -1086 -796 -786 -156 -186 -331 -799 788 205 404 -568 -425 -514 199 171 243 542 -277 135 255 1054 253 124 214 109 ]
[782 79 222 -342 -652 96 -210 -400 1248 -478 366 -681 690 124 693 -419 -689 56 873 -450 530 243 -505 409 -325 208 -144 -241 -354 -253 219 827 249 38 481 889 247 58 -502 290 -41 -537 308 40 -15 -10 -205 -451 632 716 -339 253 319 -960 343 65 182 278 918 508 572 -348 -815 -169 523 440 58 -278 -24 1223 393 515 1229 -1046 149 -189 405 -217 30 628 911 753 -798 -1007 -856 173 519 -615 422 -216 -101 348 -591 -934 -1085 19 -402 -71 991 90 162 739 -485 -295 337 ]
[-134 -158 -132 -673 -413 79 335 107 445 796 578 -15 688 -2 -868 399 -16 -1235 -379 369 53 -637 -432 897 -550 -221 -321 -351 400 -137 261 21 375 -122 -659 63 -668 333 -641 685 856 -735 217 228 -194 367 175 293 -64 89 82 26 -831 361 564 236 482 -134 467 -280 -78 445 -292 62 -442 -33 -459 186 -129 -694 -571 -183 447 82 -304 -349 782 -667 339 338 95 -39 -96 -25 303 326 3 -550 -38 382 440 251 -372 -263 -665 164 17 257 -142 -66 -102 253 -342 54 -1243 ]
[-144 -443 77 -745 -481 314 50 -63 262 -100 797 -400 16 22 -157 498 -255 311 -371 699 98 673 -592 -707 67 -133 186 358 846 349 -710 -132 -41 -130 -216 1064 -115 -478 -323 760 258 24 -65 377 6 -100 641 -462 173 -1362 -68 -1016 89 -422 282 279 -228 -608 1045 -116 102 55 854 256 436 419 -283 -539 693 673 -335 -355 -714 -1030 547 421 -517 -50 -407 1061 -333 270 42 -63 482 -206 -11 8 -99 32 183 -525 -556 1420 714 86 763 407 1056 155 575 397 247 695 49 ]
[-609 -713 66 649 686 573 -211 221 -413 873 439 195 123 -841 -1056 199 -544 138 -503 -116 -79 -208 10 310 -18 247 -1699 -81 -216 -470 686 -560 -111 121 -564 50 285 54 -806 -91 -116 263 -59 650 -478 409 631 -153 328 -224 156 -8 -968 68 -181 204 -191 -807 -136 -1344 -60 -119 357 385 -762 -796 534 351 -41 -1011 -169 -644 -132 27 522 234 -528 -343 252 -146 -95 -399 -647 1067 -325 -176 521 -28 335 -959 659 -170 567 628 353 -914 100 385 -296 747 47 431 644 -382 -301 ]
[613 -294 27 -157 255 445 -462 -109 -66 -792 -680 -362 -194 -29 785 -1044 352 244 1334 211 -95 15 366 829 -129 -133 56 462 -358 -362 658 615 727 801 885 -485 868 451 951 151 625 -98 362 -783 704 290 -68 184 -786 282 -643 -170 -99 -149 299 -370 248 185 -1620 32 123 -901 -102 136 476 -32 597 630 -416 84 1111 -266 -106 664 -685 -524 -380 835 -722 335 603 195 120 38 395 97 -972 374 249 -279 -122 -498 222 -46 -382 349 -654 -86 502 -401 -215 863 -115 -353 395 ]
[1059 551 -201 -375 861 355 -804 -603 705 -476 652 324 64 584 569 449 -83 378 127 966 263 311 206 -26 247 105 310 -152 -181 -1 414 -278 -51 -123 747 394 42 307 138 593 506 -174 97 412 306 -382 -394 -393 630 48 -163 -156 267 49 -511 -163 -315 -224 367 -198 154 -881 -486 -77 702 435 -502 1104 7 593 -235 1475 -28 -375 -630 170 -176 282 -637 534 442 170 390 -419 -418 -732 235 348 310 -53 -319 -234 -122 521 -595 550 -176 -183 338 311 -556 -396 129 687 -732 ]
[-251 -510 194 810 -69 -800 -93 -125 -199 -47 -514 -104 -23 -56 -833 -119 420 -100 214 994 -586 -173 -98 631 -821 202 -406 -233 -14 -381 531 -122 -300 -118 41 -182 344 -237 338 -503 -406 -91 -43 34 761 129 -148 428 141 -169 -214 -391 -559 -905 -10 199 165 8 -930 -255 207 -16 -227 -226 -835 -1028 -570 -182 652 -125 708 228 336 270 154 845 1111 -632 667 -480 137 -299 -148 626 318 -276 58 -221 622 -339 -227 556 671 -29 -522 34 -220 30 -402 303 -97 -718 -69 155 -801 ]
[142 175 29 -465 134 -291 -25 -318 218 185 -16 -366 1016 -877 192 -16 -48 -603 -683 -274 279 42 -56 -433 73 -366 285 229 870 -731 -634 1 317 -748 72 -509 -308 339 330 93 -588 -646 809 -551 -150 389 148 -70 58 -96 38 838 -429 165 69 359 -82 -84 899 -432 -598 -233 -274 812 497 -393 452 425 263 8 -126 142 -12 -396 -274 140 434 -8 282 -526 -204 20 -265 -340 -609 490 -637 -85 1 -320 133 -591 432 1102 32 104 74 -847 -26 -485 -1285 -762 420 567 -292 ]
[62 -971 248 -345 -593 237 -282 456 -306 874 192 -697 765 401 -119 -663 496 348 -692 -333 -1222 128 207 -161 98 599 -304 -249 144 548 434 -537 -365 -94 -428 -63 79 665 -86 -547 -451 -204 -172 209 505 -468 1061 836 -276 366 -340 787 -532 52 108 -238 -174 55 -156 -499 611 133 252 399 816 473 -149 491 402 531 -753 -152 -32 484 -772 645 -174 -488 291 150 327 70 1396 -15 -874 -246 -122 694 -100 165 91 209 222 501 113 -87 -41 -176 -157 -401 -1483 -983 148 495 231 ]
[75 -79 851 -387 -608 -36 -536 663 -8 87 554 -321 -132 27 -256 -296 -85 539 200 361 117 123 -264 -208 706 540 -441 310 70 639 -195 4 -744 120 122 386 649 -205 1148 718 -363 -182 408 203 -166 362 -553 -81 -787 330 -115 657 -681 561 -1363 -728 -218 347 179 543 289 -513 207 118 545 -238 437 -269 -523 -620 -505 364 92 315 -83 39 -476 745 330 34 -119 138 434 496 65 -928 -55 445 412 771 251 323 -9 -844 -16 378 -244 169 390 -710 -407 356 -1349 -714 -300 ]
[21 90 669 -135 11 -865 333 -76 -229 453 -742 -838 168 -9 0 183 -185 -922 -878 303 78 -495 -445 361 66 -261 -1356 446 -672 -152 -109 -252 56 -378 -501 -83 -284 -351 -603 178 -17 -649 878 -574 372 425 738 890 498 329 -19 420 -233 -458 361 479 -592 -25 602 106 -477 120 691 339 604 -55 -207 -484 -262 -342 63 461 143 332 -262 248 670 552 295 -588 155 -240 -681 -617 197 589 191 -238 -153 -249 560 930 -139 -65 -779 -147 65 109 351 129 343 -1141 -40 -157 -9 ]
[-310 632 -405 265 1422 -434 -196 198 -62 272 287 601 498 -576 -338 271 -519 -283 -150 131 -75 -389 -103 -1027 127 -36 -643 -113 -181 368 -1208 686 936 -706 -95 556 -78 463 -263 460 637 108 362 535 -1519 -547 -115 -136 -29 -56 252 732 -867 -640 5 519 -562 1394 1156 487 -114 -125 -646 -1081 -263 -235 -5 -741 -439 -47 660 199 153 200 414 365 -653 -365 -262 -716 286 23 616 262 364 -5 568 -168 -89 -832 -73 220 -185 331 -316 -296 1343 8 472 547 904 -170 151 -322 -449 ]
[-646 394 215 152 384 200 -501 -273 -185 -63 33 628 -1153 -444 47 408 121 585 -628 212 857 -147 312 -295 586 587 72 1102 -869 81 -184 448 -182 1191 634 294 58 -243 -148 -1003 578 162 -289 -408 -584 -1131 491 -112 239 -437 151 493 -521 -92 236 -10 241 466 187 1021 -579 156 -14 -360 308 -845 95 58 -657 164 714 113 18 635 108 818 -355 68 -191 -593 117 -274 284 967 146 328 900 -397 -483 -233 -665 -314 -541 -294 -464 -578 570 116 16 735 533 216 -7 -1579 142 ]
[-834 -529 -232 17 -1206 129 786 -461 443 -144 449 -127 -3 -1148 742 47 -543 137 -382 -1031 -537 -265 -424 590 556 196 -49 -387 589 201 -430 -594 452 -108 -76 603 442 523 783 -57 -1237 -43 173 -92 -55 352 -320 -170 237 387 46 317 548 1299 -737 -318 138 308 1041 -65 -265 -928 -848 218 -553 417 -4 878 -486 -939 -743 -408 64 -207 -438 -904 778 306 742 692 48 -337 111 950 -613 732 -1274 47 213 227 -289 -10 -87 -196 251 670 -135 206 -944 -749 -544 37 -744 364 218 ]
[18 -387 -181 -1008 -483 723 573 254 21 315 1621 331 37 141 792 -1087 -139 -178 14 -996 -130 35 -238 -215 185 172 111 -232 42 -809 -163 115 206 463 128 -47 635 -22 -47 235 -331 -723 -371 613 139 80 -427 -377 419 729 -505 203 332 1070 -995 -812 -506 292 992 130 1683 -1411 -443 75 267 -56 760 3 -694 -278 -801 182 -753 234 600 173 544 78 -653 865 -412 677 103 779 -18 176 -1096 -655 -969 162 27 -586 -437 -446 -95 926 -184 157 721 -1331 578 872 91 1084 153 ]
[110 480 117 -304 -687 -143 49 -264 719 -1527 854 663 -633 -609 -167 156 -346 856 247 92 -219 -769 172 564 -45 -728 909 476 337 134 -331 958 -271 -455 555 453 702 -605 -118 -238 -753 -151 274 238 -366 -392 -468 -88 453 -270 -450 -173 668 227 235 19 329 422 -438 69 -395 70 -511 221 318 -95 -238 593 330 -451 229 739 375 252 -223 -531 209 -314 748 252 103 -127 578 -292 341 344 -1176 45 -640 707 437 -123 -95 -181 153 170 636 363 -141 -792 -102 -69 -139 376 98 ]
[-181 -198 -174 764 282 411 -422 36 -530 367 -86 -147 -172 455 -571 -925 521 13 -254 43 61 -743 125 484 -352 -212 479 232 414 167 579 -764 -242 384 285 -234 467 743 676 -612 -578 -568 -575 342 495 -74 -434 172 -818 29 437 278 -431 387 -178 147 875 -182 -1290 -516 -116 -212 -544 158 -844 -696 -305 958 -170 -246 244 105 -847 779 -651 35 373 558 15 -51 -548 -1000 910 447 581 153 -244 -203 -244 765 -309 171 80 -236 2 30 -408 5 -481 -267 -694 -230 49 709 -625 ]
[-48 -1233 -633 -392 -444 -34 303 119 -484 422 517 -179 597 -668 -93 -26 310 -309 840 -38 -1404 -291 -332 791 -1258 1151 -569 149 -105 -389 -249 323 -366 278 158 403 782 -575 422 -394 280 -268 -222 -978 780 811 721 -102 -289 21 -703 77 -338 -400 -135 9 201 -6 -562 -425 121 -418 -483 -49 -86 -1056 459 -988 -351 -450 179 -1034 1124 -287 -358 -157 512 -525 1265 486 715 607 -232 326 -454 -257 -811 220 -106 -794 106 -538 893 -168 -302 -154 -407 588 -486 -57 1038 30 338 -517 87 ]
[135 -208 300 -192 -702 99 227 34 -451 853 91 192 -765 -633 1100 -142 141 -960 -604 -709 -992 552 -474 200 -100 158 387 87 -139 -237 -166 -32 -7 -531 -821 -469 -117 -82 -72 -688 -59 -445 -436 -511 363 834 103 71 -43 16 -71 334 685 544 -308 94 456 341 262 974 245 -168 461 44 -546 134 669 -944 -570 -924 -1120 -490 169 218 115 -353 386 -18 386 -436 -253 88 -751 -30 -748 4 -144 139 -859 297 -87 -124 -85 119 -329 -147 251 -89 -771 -274 176 -53 169 -273 278 ]
[319 -131 -718 166 421 505 294 -926 346 363 -260 251 -238 1723 -359 -718 472 -68 -344 -78 126 -849 -627 647 -1000 473 -179 358 769 174 178 32 50 458 -47 -303 -262 -455 -1185 -947 -238 -368 -664 97 124 480 216 -240 687 -1400 -420 9 -221 -621 85 -125 348 -1128 -659 -139 59 753 -21 14 -1127 261 645 275 -144 -875 -10 -116 236 -252 -779 45 298 260 317 -377 698 -885 -229 -33 -381 -750 92 -691 -517 -592 367 47 -132 967 298 -322 -792 474 -337 560 -243 -198 365 -91 757 ]
[-1118 -515 -608 784 593 -1025 379 522 -31 164 207 513 -370 -297 628 -175 932 637 -137 -144 255 183 -109 -431 27 337 167 245 -87 -539 -651 -219 -179 -558 23 -397 891 -407 379 393 364 911 -90 -234 -375 -552 -535 -501 310 -277 324 -158 337 -143 -85 307 -1212 978 -342 -481 106 -642 269 146 -57 -517 -259 62 -297 236 323 -664 -456 21 426 428 -324 130 -215 159 253 -129 -400 -88 161 1213 98 28 104 -61 -653 -268 -318 -193 -822 143 -115 -62 -388 566 634 549 452 -827 -137 ]
[-671 -472 524 -449 65 -214 55 78 -485 164 69 -182 181 -654 557 573 -288 -447 -496 168 -443 -356 -276 117 994 -312 -814 -197 -462 -102 -311 78 -272 287 -479 916 -436 -85 -760 74 320 -174 234 -113 -634 275 160 980 666 656 -955 537 -250 -222 365 -519 -661 -343 937 521 -455 211 31 296 728 607 233 -226 -314 202 -803 297 609 -407 121 -82 385 -193 80 -73 -9 527 -522 -232 -895 677 128 689 841 219 794 635 -176 -92 -1046 -313 -250 492 172 194 227 -365 -662 -36 475 ]
[-432 -654 -31 516 -26 -710 -838 -22 -152 757 366 435 -482 -492 424 267 -754 671 -278 1443 -242 -319 755 788 381 -178 202 -428 317 -455 425 -618 -91 -456 -286 2 -92 447 -780 -320 -101 997 -651 -45 -588 53 -1532 -144 -44 250 -86 -721 -231 521 -24 -95 -503 103 -599 216 -60 -1408 131 291 -629 -304 131 1030 -98 -263 38 -647 -547 265 -20 75 -399 -59 -1029 441 -867 -775 195 1366 102 164 -8 588 1428 -439 101 -414 851 474 171 509 448 472 123 488 -49 952 -124 333 -409 ]
[175 324 -293 -1066 420 992 -202 -237 -74 960 -59 -183 81 206 107 -148 1084 -953 -27 -64 -149 1136 -325 505 -453 810 -359 -132 -180 -586 158 162 -255 463 -100 -872 -264 152 890 -59 986 -410 -152 17 -256 -435 588 1809 -757 378 56 777 -1038 263 -572 -144 384 443 123 -465 -302 -403 268 -276 -32 272 483 -132 -162 38 -499 -37 333 596 -57 366 366 -383 136 239 155 -572 332 189 -620 -1115 819 368 -488 -363 -540 -233 302 211 -130 -325 275 -118 -204 343 32 -859 -75 -586 -141 ]
[-195 -122 767 -68 -52 496 -368 -55 -687 235 53 45 419 93 804 -497 988 -49 383 -118 -1637 1258 -210 -173 -1013 -283 -287 156 -535 152 -64 973 -876 241 -556 -226 626 -1237 -120 -757 599 -447 59 -485 942 279 257 566 -240 -198 -481 -363 -200 -1139 -180 -225 569 -297 264 36 767 -164 637 -584 231 -553 617 -1402 -441 384 -84 7 134 -466 595 1044 -38 805 -247 -125 -404 615 -383 -80 -548 134 -483 117 -107 -393 -755 -782 334 -79 -297 399 168 -767 243 -107 921 12 58 -86 468 ]
[-377 -1062 -50 -900 -494 -150 642 733 -119 -89 -259 -290 289 -1128 462 -348 251 -134 -260 -526 -832 -185 -727 10 -1085 125 -441 -589 -165 -1332 -531 333 -450 -339 -1117 -238 247 139 287 184 553 269 -214 -154 -287 -537 1164 4 -904 339 -787 74 326 -138 556 335 282 299 391 153 296 307 336 590 191 -1124 -99 -546 -709 245 201 -885 87 23 -513 262 -447 -457 -185 571 201 931 77 -434 196 708 -854 340 -424 -6 320 -239 -285 156 -294 371 403 -177 867 -676 -311 1008 122 661 -150 ]
[981 399 725 -492 32 198 185 -283 297 -141 281 208 -484 -567 -575 9 -66 -29 -766 -287 -386 -57 -524 -298 955 -542 -203 1121 -267 314 510 332 301 231 3 19 308 -480 -182 -461 271 -718 218 -488 175 91 636 -337 257 -711 64 -579 583 -454 360 602 810 484 -283 489 -235 4 506 168 -57 -183 -213 -349 -800 31 -197 356 696 503 273 -118 -459 347 -90 47 -154 305 -631 -58 249 -19 547 -1261 -213 21 -246 28 -457 -309 35 140 681 72 164 343 -885 -279 254 -367 -39 ]
[36 -359 349 -228 -162 -430 210 426 225 -560 943 566 340 580 -557 821 211 -294 -205 91 206 924 122 81 -669 -304 317 157 -845 -40 402 -217 21 485 -321 -179 -244 -660 -879 -87 -392 -661 96 452 -341 -191 -362 -91 947 -107 -193 -454 349 -805 111 597 190 -421 157 -191 11 -388 846 455 96 -377 23 200 146 202 335 1203 405 -336 976 856 -334 427 -544 -264 -232 -72 -925 -117 387 287 1342 -452 -597 204 -317 -153 -535 333 -328 440 623 809 853 1279 588 17 258 354 -133 ]
[78 -381 -89 418 178 -471 218 -9 -247 -379 -240 -395 -75 218 1191 -425 76 528 499 58 -502 867 127 -327 -30 387 146 -665 -660 -352 -413 91 59 -84 88 -319 307 -644 478 -83 502 796 -142 -370 -335 -403 -321 -328 -280 -134 -757 273 365 -255 112 -206 -233 220 122 796 294 78 104 27 625 46 6 -153 534 757 605 -401 -99 -166 -714 482 -53 392 -953 -2 -47 434 568 -400 -432 -334 -1269 1035 674 -202 -271 -210 -475 472 -604 -154 -660 -500 905 -177 -2 -339 -106 489 90 ]
[-635 349 179 -502 683 -158 315 295 -144 -1263 -91 -338 -23 -95 -587 756 -782 329 -264 854 475 227 -232 -722 198 294 -967 438 -320 -1030 -237 -888 448 595 1066 800 -641 -255 359 915 273 -147 -191 537 -889 -760 770 -1072 -195 -1227 -148 -617 -540 -188 256 -13 -523 -21 559 -43 -296 161 397 -240 -679 431 -288 -49 333 578 282 -441 -128 293 553 -380 -670 -438 85 388 -178 -538 -1571 -318 103 -306 950 -401 1076 -293 9 87 -650 -185 -202 116 -456 1058 -684 951 193 948 -17 -968 -141 ]
[-383 431 -3 1292 740 -794 -465 -544 30 824 452 560 -5 766 551 -149 305 103 -59 374 -364 351 15 -865 179 -468 2 623 -354 105 -386 706 46 31 -140 -600 -343 -663 -847 -946 895 -446 291 412 -25 -20 -174 -567 1108 -704 163 511 -297 -287 636 -185 -614 497 597 693 156 -231 -38 -1030 -672 440 505 -86 259 -710 205 183 -527 196 275 422 241 749 183 -631 -161 38 -52 775 -501 386 -222 -321 376 -1096 -838 -423 -293 588 -585 -230 -498 -259 393 200 -74 59 435 -147 -269 ]
[40 -177 227 18 -573 52 253 659 234 -77 303 -341 -84 -165 463 -311 -1002 236 -157 249 777 -43 -214 -286 190 444 82 -406 -551 -706 -87 128 711 -330 -547 471 451 99 -107 450 995 446 380 134 -1421 -527 179 -298 -467 752 -413 51 813 162 608 385 -154 733 610 989 605 252 753 454 -486 315 98 -905 510 -433 111 -1052 75 -509 285 -129 250 -588 -507 273 374 241 442 -921 557 -448 -517 348 824 -437 478 19 -466 384 -59 -121 162 430 1115 391 594 880 -875 -310 -497 ]
[-389 778 143 -260 -36 504 -291 350 105 -823 1130 505 -264 -1305 674 48 -93 295 107 49 379 749 -503 722 121 -932 -482 -103 192 -217 -357 252 107 -79 99 474 576 -64 290 659 -643 -842 285 676 -495 -75 -413 496 326 44 -58 -306 -984 247 -505 -250 -145 -255 582 -776 96 -188 -433 51 841 -595 617 891 13 189 653 1067 -111 -22 200 -53 -595 531 -469 -159 -1197 -642 -508 686 -447 -49 -597 642 50 399 152 -832 -7 359 -324 3 238 -491 -61 -563 390 385 -374 121 -199 ]
[-114 -800 299 779 691 -1075 -201 319 -340 1141 -966 -124 422 535 143 -71 707 -320 -466 695 -243 353 387 231 -467 169 -204 64 585 141 640 -393 34 -245 -548 36 214 -422 -252 436 455 260 -282 -393 -222 678 -777 -905 -475 -774 204 216 465 -640 102 -6 -761 -109 -863 -57 -546 -354 735 932 -512 320 81 -336 1456 -964 -524 -1342 -588 -473 -71 -169 254 493 13 -441 -207 -1106 -426 -203 428 14 -416 167 673 331 -496 -267 -484 501 -107 355 -647 523 -478 445 96 -478 73 -306 -1103 ]
[-48 524 888 -113 -27 -475 -307 250 81 -70 485 133 -819 -455 508 296 -1314 793 58 211 578 -351 1 347 74 -245 67 -758 83 145 -196 236 229 -782 302 847 394 -185 -545 673 -324 988 -393 -203 -527 -85 -1222 -841 -69 330 371 -537 313 -62 -93 401 -857 -127 383 790 325 -816 114 224 87 62 -579 -276 -282 -282 754 -461 -644 -421 609 -281 -180 -59 -882 -234 -122 -396 -351 174 -354 822 -273 330 192 -431 13 -50 193 499 142 -161 -97 339 -407 -292 974 1114 -360 -237 293 ]
[-791 -656 980 313 -748 -40 250 549 -337 -757 -232 -759 -315 -227 -453 6 49 747 300 -222 160 957 379 -145 6 544 -320 162 366 538 178 -631 595 1186 147 -122 229 537 825 -286 775 -80 -2 620 -731 -811 277 411 -562 353 -11 226 636 -196 479 -503 -434 -215 -1043 -1047 124 14 314 492 484 523 -7 971 -306 323 483 -1009 234 86 -573 -315 333 540 473 -353 594 -69 23 736 -361 179 -377 428 802 -564 -835 -574 -36 106 511 -76 -569 684 -950 -265 -143 1217 -508 -845 -479 ]
[-558 522 337 454 329 216 -285 -575 553 -1102 301 172 -1002 -329 -286 229 28 669 798 563 160 839 763 -486 -24 622 174 -439 -495 -391 -28 603 -309 127 598 -175 497 -296 -361 -665 517 723 279 391 63 -316 46 -240 376 88 -129 -46 265 -58 -33 -521 -443 -265 -717 -198 274 -108 -230 -806 -86 255 16 192 119 -134 769 193 -228 267 864 50 -421 -821 -242 -698 -77 -163 -701 1036 62 -646 -354 674 -242 -1644 -729 -106 581 464 815 -487 594 261 -351 -543 965 493 324 -53 111 ]
[279 662 562 77 -239 -81 170 -467 149 362 -69 -758 396 390 517 753 -719 -430 -805 919 771 93 386 407 24 -541 -289 -1047 119 -343 -26 -338 423 -884 -501 -252 -1027 463 -676 423 724 -195 471 8 -797 1004 165 -337 -426 1125 623 -134 -221 172 702 574 -84 -136 584 344 -444 -360 8 597 23 366 -833 57 -222 -3 347 309 -288 133 -166 -189 22 -202 -851 -428 -489 133 -287 -945 -7 -44 -889 519 863 -1041 628 3 -31 1015 226 -122 152 584 581 -769 -109 606 2 708 -442 ]
[-80 32 -142 -1565 206 820 475 270 -773 311 265 439 94 -292 500 924 -1095 -392 -409 130 398 -78 457 -508 37 -1129 -132 167 336 -144 247 151 723 -29 -122 -513 -326 205 83 1046 -119 586 -617 25 79 339 107 463 -394 -423 -76 -1089 -140 1106 -505 688 -268 -476 756 -10 -563 266 856 433 66 74 186 185 -223 225 -212 -463 -703 -516 629 -285 -269 -36 -952 362 -230 633 -37 469 260 864 733 188 -398 402 337 -617 186 1223 -127 -284 532 -299 -80 828 248 650 288 -15 332 ]
[-332 -358 805 333 -392 -533 205 -723 -785 -704 -34 -159 118 283 -881 -248 247 -201 -640 386 -213 -74 129 -1228 -874 65 -695 681 -606 -143 -50 528 -170 611 -231 -842 236 -1154 24 -840 430 9 135 -355 -648 -573 761 254 -689 -36 224 -173 -171 -636 215 322 -233 295 -594 -305 -223 -278 253 253 -162 -769 -4 -611 -426 395 480 -816 -402 642 991 686 1002 -348 547 -781 376 -246 255 201 1044 391 -598 -685 -399 -283 -1242 12 -115 -160 450 212 -74 -81 188 549 139 10 279 -532 -438 ]
[-304 -170 706 -1055 -567 214 133 -365 544 -405 -156 323 -217 276 141 70 426 -1090 -50 -233 77 712 -19 -16 -24 -619 649 -25 -291 -184 359 881 -769 -274 30 -634 -351 56 -726 840 -718 599 -47 -944 1007 187 385 705 -102 -277 155 -150 -208 681 -204 -132 16 -1341 52 -361 99 33 1060 -157 220 274 144 785 -235 -573 -939 338 -446 -133 472 22 347 639 445 564 -75 -186 -746 484 271 386 -30 278 -1150 218 -189 -97 362 678 261 408 571 -115 -317 -306 -414 -45 -726 665 319 ]
[716 -370 714 -268 -719 -347 -722 -562 196 -626 620 -249 53 37 -72 973 -1045 183 -911 663 122 157 251 -316 -436 -375 401 -434 163 458 217 -31 104 -175 313 -146 385 -692 -382 -325 140 214 761 -158 -5 1366 -600 54 406 1150 -93 -925 37 356 -740 -103 503 -972 146 97 405 -128 89 1208 389 -88 -745 -233 236 -219 -649 280 -53 -47 1127 54 834 138 -124 -531 237 863 -62 -654 149 189 -825 271 91 155 -698 511 -20 790 108 114 -706 -313 409 63 40 -635 -556 509 -781 ]
[-784 96 165 896 -71 -487 227 -265 -529 628 56 -146 49 335 -165 -204 1029 -201 -273 -462 -528 557 247 -148 -96 -572 1175 353 -64 -852 -627 -91 -954 414 -998 -704 -154 -365 -507 -1216 63 246 442 164 -435 -239 -576 -30 454 202 -285 227 705 52 732 -849 1081 -75 -235 -21 396 -489 -585 762 -395 -235 -168 -409 29 391 -488 -98 153 532 512 396 810 -933 336 453 208 112 -239 -341 -45 893 -350 -1001 -235 84 -515 -338 175 -157 187 -150 -438 38 444 -189 57 -687 806 707 -219 ]
[-550 -256 -381 144 -1119 -248 518 181 -553 -562 20 -96 132 -298 274 -699 209 519 -579 86 -169 -307 369 -284 776 218 250 218 -474 77 -280 14 289 306 -84 -197 1017 -569 990 -964 281 -1084 448 -404 -994 488 -43 -452 215 369 -247 471 -164 31 703 -340 433 972 130 -190 435 599 -175 -231 916 -765 84 28 -441 -256 247 32 193 715 -846 119 783 -500 1216 -789 473 652 742 215 105 128 -1564 188 606 426 852 -217 -258 -735 -242 87 66 54 134 -1050 -580 -186 239 -68 -793 ]
[348 407 -338 -484 107 1081 -182 -172 719 30 -75 401 -376 -138 -169 930 477 -932 -322 482 424 61 -495 142 -113 -311 902 50 304 262 164 -105 -351 -773 -633 477 -810 933 -178 1193 674 471 83 -324 559 -149 260 -35 -195 -923 -109 25 431 632 30 -72 1260 -665 800 -146 -757 273 34 151 -236 304 -355 153 501 -102 -304 -19 293 -1110 -399 48 -356 -807 -26 751 383 -412 -299 -1220 -280 -260 944 749 -775 606 358 -295 -465 992 -339 -446 819 -8 -24 313 50 -731 -670 -17 -508 ]
[695 340 406 -473 372 -270 -139 -635 -483 492 1359 300 187 416 -80 280 149 28 773 1230 -889 -201 244 3 -500 -339 -485 -361 -414 -222 7 565 -423 183 305 834 -137 142 -853 -270 105 -205 -387 426 -57 207 -925 281 936 542 -844 -504 -288 640 -246 -578 -236 -68 -576 6 259 -699 104 -273 -66 -184 -60 -88 -244 143 -528 1209 216 -37 292 293 521 58 -847 524 -743 -110 -43 -41 -37 115 -184 7 -83 404 687 304 234 297 -602 -38 409 143 451 84 938 -417 -83 1098 -747 ]
[-308 747 309 -473 416 181 382 262 -438 -114 21 771 -13 -10 925 426 -524 -212 261 71 -507 -154 711 79 640 -1306 -1 -966 -92 662 261 675 -886 -639 -763 -96 -382 346 -853 -466 498 352 -881 499 -655 -1061 -528 767 -528 -143 -591 286 177 422 897 187 269 174 478 736 -156 142 492 -416 -385 256 -915 196 4 -305 -309 815 432 374 39 144 -146 -393 -242 140 -697 -138 692 -272 -844 1051 75 719 -356 -125 -8 -499 -133 541 -602 -443 1099 -215 -597 -820 -289 166 -441 398 -692 ]
[225 327 -477 -543 397 -1305 221 323 521 196 -860 352 1109 -311 199 644 -85 558 600 -513 -444 -588 963 407 -199 476 -299 -249 -272 220 133 888 -127 -51 -160 -633 -169 -156 211 -566 -657 542 378 -524 868 288 2 317 87 812 -570 449 -160 -107 -195 -177 -222 188 61 203 125 -180 -218 -347 1247 -785 -42 -492 -113 -601 336 705 695 398 -628 58 434 215 675 -816 812 970 700 281 -533 -360 92 180 -936 142 249 228 735 -622 177 113 193 -507 -374 -751 -174 -502 424 -49 150 ]
[-782 855 -446 652 228 24 -547 -482 -7 -342 -158 -269 -3 -223 -12 488 -1243 159 -674 -309 831 -270 168 -71 494 -115 -62 -251 460 301 272 -635 292 -205 -174 145 13 -87 -21 614 -579 264 82 386 230 -13 326 571 -730 -784 1087 56 -395 -647 -430 959 -246 -673 1395 -1071 -563 -104 469 704 29 17 -383 284 512 -89 245 507 -754 -297 605 -191 -403 -254 -515 -865 -895 -581 93 418 294 -174 -109 145 312 514 159 621 -84 1176 1036 -151 -393 -534 -17 831 -776 -359 799 556 38 ]
[-448 -71 880 -385 -721 -251 -302 177 -92 163 35 -294 -179 -42 -645 160 363 201 35 478 260 328 -618 -968 -408 512 -150 172 23 601 -580 881 -338 636 -610 750 210 -769 -192 -209 1005 -266 -203 309 -198 -245 1181 -51 -179 -722 212 463 -907 -928 1027 253 -1146 -389 487 864 8 1085 521 -350 647 -10 -339 -423 31 627 182 -323 -292 -799 486 641 120 -8 767 -685 532 416 497 778 -89 -298 419 -220 -347 -31 -573 375 -245 -619 1 74 -30 599 -56 270 549 563 -220 -146 -567 ]
[592 501 775 627 588 315 -331 507 -605 -100 -340 175 -631 -485 -135 -99 -733 -253 -710 572 400 464 -411 -746 -87 -3 -432 -114 -72 -85 390 243 529 272 -267 -13 534 143 99 -75 668 -247 272 546 -1006 -375 -79 -492 -514 259 322 258 685 -1083 321 444 296 236 731 516 88 402 246 -84 -188 -565 -602 -180 -31 585 -133 -227 269 -847 290 223 -226 -123 815 -633 254 15 34 68 -109 -93 949 -158 521 -650 595 -18 401 621 -220 65 892 -147 5 418 142 -374 299 129 -1354 ]
[535 497 252 -599 433 -461 684 63 95 531 615 607 492 1135 -824 519 146 500 665 -1039 552 -611 505 -357 281 -432 635 121 897 869 74 397 -829 912 215 78 -508 392 -167 -930 -463 -41 -298 450 256 -1056 -275 -474 835 655 218 330 -497 91 416 -285 361 -418 -532 -407 299 -566 -525 436 125 -411 -866 94 606 151 -292 635 -48 182 -334 215 -515 702 130 754 348 195 777 -554 18 15 125 -562 -1104 -264 164 -526 -800 89 276 64 -269 -153 559 -749 -357 456 -279 206 4 ]
[268 95 -249 -387 72 305 -10 -771 732 482 -358 631 -199 927 -168 969 654 -189 -507 -385 -98 284 -433 416 -308 180 398 252 246 334 406 -267 -934 200 -812 -921 -1579 -793 -1108 -1102 -574 379 -487 121 1427 -1096 -38 406 334 -266 -435 124 319 -338 -98 179 1180 -1203 398 -3 -335 -111 19 -165 -39 -605 -18 -330 281 -7 -210 542 -53 -26 167 467 98 -572 194 201 112 -535 -70 -223 -798 65 272 105 -1108 -374 -764 -259 -439 473 618 -72 407 -511 563 -267 -26 -525 -261 124 317 ]
[-631 -310 703 -292 -597 -132 485 -490 -80 -331 -304 -497 70 -554 -755 -266 413 -397 -878 -824 -424 266 -185 -327 912 -1560 18 666 -80 720 453 -52 -150 457 -529 47 -94 287 -786 228 -16 -895 19 -233 1098 73 829 -52 -330 -168 857 -38 221 593 469 129 698 83 103 -368 -428 151 294 485 831 -243 -27 36 -559 -27 68 455 160 500 -93 27 46 422 422 747 -52 223 -102 275 314 763 222 -770 -938 160 -680 -948 -587 -1048 -110 372 1054 641 534 -671 -1062 -313 355 -155 857 ]
[91 940 -433 -39 -285 -307 192 184 -548 376 952 -277 740 -292 14 354 97 -461 478 -1095 -611 -304 -264 -650 90 -1008 719 847 -88 1112 339 676 -821 -11 -114 466 -107 -104 -237 518 -320 -951 58 302 625 -16 -622 -856 107 -138 -26 505 142 -291 325 422 474 -68 1123 239 152 -552 -49 339 331 -672 627 -289 217 -445 -592 1067 414 -351 -133 -239 -634 579 177 545 -180 -54 -573 -1218 -667 1161 -143 -458 -1149 1013 665 -269 -1492 -176 -347 -36 -4 -621 927 -609 383 150 83 508 172 ]
[-145 120 -377 -40 306 593 -628 -277 898 -982 -110 35 -616 374 301 -1300 -349 283 -175 -441 1066 -807 -970 47 -159 630 86 257 450 -677 -513 -12 843 993 880 867 221 337 -208 381 -354 -433 -187 111 -155 -895 595 656 140 -409 -87 -598 6 -331 56 -292 -477 -184 -89 -867 542 456 -796 -132 -26 847 491 908 -612 762 982 79 -416 -387 290 -421 -161 185 -623 -200 106 -300 -315 179 757 46 -169 -782 189 699 -761 571 -497 -687 140 837 -538 -111 -146 1104 -167 294 14 -579 1193 ]
[478 638 192 -814 63 129 -301 380 63 35 290 -21 -895 -380 369 452 -364 48 -290 -555 727 223 -818 98 415 -571 1003 305 111 0 -308 372 722 593 359 210 -608 -356 -625 377 907 -547 -246 -135 64 -796 -672 -179 -176 187 417 -230 901 -835 1064 544 456 177 782 1131 379 -129 141 265 691 -161 -689 -1058 -86 563 -31 258 335 -385 239 -337 -675 17 -605 -52 -162 497 -413 -558 -220 411 729 -803 98 531 -255 -142 -1297 -563 -792 266 -179 135 947 -187 1013 753 -310 -89 -658 ]
[-116 49 -375 -1160 -303 648 197 -127 -53 -865 -203 -365 -13 719 -100 -260 431 40 -324 343 604 -557 -266 -677 -542 332 -14 37 -332 408 -205 63 867 25 641 313 -367 473 739 31 1091 -887 -23 -699 127 -177 1915 1018 -835 659 1067 212 -447 -291 952 650 -26 975 71 -378 -198 479 -72 -22 525 363 -565 -61 -847 1013 1168 406 563 659 -759 53 -74 -477 34 -654 460 316 584 -1131 740 -4 -243 180 -483 -404 -507 72 17 1 433 683 281 269 7 490 -801 -339 610 -482 173 ]
[-91 -17 -433 786 -336 -704 1 -698 32 213 -864 -264 -819 337 -587 96 -851 823 -263 575 633 -989 845 -111 633 562 367 556 159 -133 321 -542 664 -100 703 10 -771 -195 141 -522 -221 915 -505 -442 684 452 150 -968 520 -591 271 -621 470 -351 9 95 -76 520 -664 459 145 0 -354 -404 -544 426 -628 -651 378 336 687 -1337 -140 -161 87 -452 -120 -819 -155 385 1035 422 94 -124 1092 306 524 -782 933 -265 89 733 80 -247 577 -654 -803 -590 271 959 -64 313 92 -916 759 ]
[923 404 432 -221 454 -184 389 -466 480 -1547 -270 95 -309 838 -669 454 -11 715 -76 428 495 503 11 -1054 503 -1443 132 500 136 363 288 418 519 -380 423 -865 -33 558 -327 36 146 -510 582 662 -296 -365 -206 -27 -215 259 472 -226 -151 547 91 173 539 485 -106 1016 -876 -151 106 460 -611 -212 -988 199 473 315 874 1625 -299 1028 697 264 -395 -186 108 -542 333 784 198 63 -71 73 -13 -212 -393 -272 121 -236 -273 -343 -111 328 83 474 766 -468 -442 279 165 591 -547 ]
[-555 -1033 465 -50 80 -552 306 -377 -38 763 36 -490 252 -330 -608 1078 -1239 271 -898 -61 148 -800 -58 175 743 -77 -628 188 438 166 877 -783 -27 730 73 770 -57 128 -679 21 -1118 602 -275 46 -100 25 -354 -66 -295 -734 536 -835 -60 617 -390 17 -135 -648 152 167 -58 22 236 1864 37 364 -319 471 694 -744 -698 -324 -381 312 -366 -219 511 243 -741 217 174 -747 -68 731 11 -764 497 173 283 -29 -195 -72 -603 1043 483 -22 -196 1226 372 609 -287 382 599 -217 777 ]
[536 773 1 447 799 -681 -637 -163 -159 330 -501 41 3 676 -57 1159 -90 683 65 527 214 309 1133 -1248 23 -465 303 -239 193 -23 211 497 -356 3 -2 215 10 453 309 -718 241 669 84 39 55 49 249 -290 503 719 1265 -489 215 -540 -117 356 199 -36 -262 214 405 -542 -316 -526 42 16 -973 -575 648 976 245 469 389 -373 1226 49 -736 -150 -230 -19 352 921 363 -429 358 -287 785 36 974 -1319 -184 551 996 467 358 183 -81 33 104 422 48 -928 436 39 -487 ]
[430 -704 -79 266 -432 901 -699 -45 488 -225 -119 -731 56 93 1176 -923 437 21 -227 -165 1564 134 -672 342 -382 707 1089 -698 511 143 -218 -549 270 -133 111 159 1765 351 740 -511 109 -382 210 -89 -296 462 404 693 243 981 1330 -191 670 0 -212 166 -10 -455 218 -480 705 236 439 702 -180 157 -902 180 222 -25 168 8 -564 -794 162 153 1599 -41 -302 -470 507 412 709 17 -109 -267 -1378 361 364 -296 124 339 321 450 614 20 -229 -523 -180 18 465 -275 -214 665 -443 ]
[121 -578 -766 372 -674 -68 528 68 -66 -255 314 -195 86 -247 190 109 271 636 274 -474 -326 -721 -336 628 -700 340 316 533 851 -525 -529 161 362 691 -546 -603 971 -201 -60 -1124 -461 -299 218 791 37 59 355 118 280 368 -691 -539 -200 36 95 -307 -118 45 122 -149 478 68 -88 412 -728 -463 -110 -233 424 -91 94 -670 -150 302 280 484 679 -586 286 -169 526 441 717 628 302 64 -820 -675 -631 987 82 -287 56 -704 161 36 -848 152 319 270 745 807 19 313 -137 ]
[30 -566 92 -532 634 -844 648 367 -560 -149 -63 -71 1138 -203 -784 -140 775 -933 224 -156 -1473 99 200 -309 -282 -540 -573 -703 -572 -448 -319 331 -937 82 -348 -444 764 -240 -199 -372 228 -462 280 -914 -28 162 222 225 -396 833 -609 -352 174 365 418 -353 -232 -458 -668 -517 557 75 -416 81 424 -1121 -132 -721 -100 81 -478 417 33 629 81 484 123 -271 765 -235 22 840 349 -10 -59 590 -1000 371 -175 -235 378 217 706 -467 -167 283 600 -107 -226 -1318 -436 -529 679 1290 -699 ]
[323 174 -590 511 -369 -105 484 -115 225 -645 378 575 482 1152 -561 -120 640 133 144 56 -57 369 429 -572 -798 490 -95 584 16 621 314 -257 350 -274 -285 -1139 266 -267 166 -777 -532 -210 488 713 453 145 -185 -854 518 67 489 505 -333 -615 96 233 555 352 85 -161 373 -604 432 -162 -520 -787 213 -153 826 -856 66 1255 -377 743 440 -9 -474 604 595 -1051 -479 -609 98 13 737 -103 -355 -421 -1049 485 -466 531 -396 -412 459 397 333 -364 592 393 1045 -250 595 520 -534 ]
[168 -1002 -109 -161 -245 230 200 -175 450 -233 -196 -101 -99 -208 -139 -791 -531 215 78 -518 770 30 574 100 374 951 199 232 426 -445 721 -398 743 161 420 426 -233 -182 445 -233 -377 297 -757 507 -555 -599 -183 -173 -284 -776 -399 648 1159 -928 -69 448 178 185 -720 -276 -571 71 26 878 468 -56 -15 -325 591 743 449 -861 315 -983 -286 -8 304 -938 -328 583 97 191 -300 -617 -2 -103 -119 87 705 -282 573 297 -927 797 237 -555 -123 146 339 152 -182 800 185 -417 162 ]
]
