[[-143 -2 -480 -254 140 -787 187 609 63 -51 265 -870 152 470 -132 521 -312 -96 -387 -381 653 241 133 180 86 -570 417 368 -179 92 215 -475 156 62 312 -515 -653 25 393 -530 -21 200 -267 -350 286 120 -319 240 143 111 -687 -517 -143 -377 -164 -209 -735 -144 -505 385 -229 -716 -83 40 -189 291 642 -71 306 19 -316 296 321 -481 772 361 97 325 -264 -219 -283 -578 -746 259 -251 -606 -46 333 22 -396 87 45 141 599 -430 -354 129 174 668 235 76 202 -25 -172 -31 ]
[-812 -492 64 -39 195 4 -18 -30 3 901 219 763 -211 362 -58 230 -85 65 -161 128 -545 232 549 123 -120 1084 -846 -149 359 -414 752 220 -902 -9 -91 -163 136 571 -7 1002 522 169 -143 614 61 120 412 660 -527 520 484 197 519 -388 -769 -468 875 123 77 -238 91 479 -127 -185 -284 40 -400 158 -184 139 -93 198 -740 -347 85 -21 -366 7 337 356 1 522 806 -77 27 41 662 -180 -48 3 -251 -2 -269 -202 56 -129 169 -386 -254 -291 407 -57 -285 155 310 ]
[-209 258 834 -17 -499 665 392 507 430 -472 -92 165 -174 76 501 -169 107 -69 485 -344 -20 5 -152 -359 -227 -589 30 -622 -343 658 -535 141 285 -60 -294 10 836 -435 -504 311 78 73 -575 213 129 -239 -284 -896 -53 -755 -245 -125 -20 -260 424 -24 -283 150 300 -442 127 -63 454 410 618 675 -191 127 -167 -457 -277 483 312 407 -673 108 572 -417 400 0 -403 -53 -92 49 377 784 -132 -63 333 -184 497 613 336 -872 457 374 -538 -64 -338 647 -266 123 957 -406 -130 ]
[115 -832 154 74 701 116 -399 -326 8 514 -240 451 321 -25 -643 195 -80 153 38 64 -82 -311 -252 -50 185 442 382 773 -231 -205 408 -23 -405 171 -42 -122 -395 300 -4 -113 629 -389 -104 -305 -764 33 314 21 428 287 24 656 -55 708 -956 236 679 278 93 141 -171 120 -1013 119 -153 -397 993 -177 -360 -135 -29 -43 -14 593 652 -222 -259 585 -432 -105 722 -444 -470 -462 -25 273 428 -66 -246 -42 -520 -13 -162 175 -108 -632 894 228 -473 -482 370 679 -99 -37 -3 ]
[315 -462 137 -327 903 -1 279 -772 -455 -676 -3 477 -232 182 -52 190 -109 -592 25 -298 334 -245 30 -269 453 52 749 261 -477 -328 -402 -647 112 31 125 205 37 55 -222 -573 431 -194 171 -149 -353 -241 -218 -224 549 -356 -387 -236 93 108 -93 -337 9 263 -723 605 -300 -367 -186 -505 235 -208 530 384 -696 -40 188 -281 277 493 37 383 -311 68 91 -710 633 -1147 295 126 -177 409 404 325 -174 -151 -620 450 1 52 -202 -318 823 -79 -695 479 -109 186 386 443 -170 ]
[-169 -279 502 63 -909 -234 265 171 257 1156 -311 -71 252 -2 85 -93 -355 127 98 -139 251 354 -296 -159 127 369 -662 351 24 145 332 745 -588 -29 243 270 -541 18 310 842 709 490 -379 181 471 129 482 -278 -95 -178 229 66 -592 -88 -751 533 89 -78 879 282 -470 198 -1043 385 154 641 491 -898 -247 168 -180 85 -96 -58 941 405 -171 275 482 -316 -117 293 469 -64 -162 401 55 -117 -42 -112 188 141 53 381 -356 -287 -483 595 445 -70 580 362 88 -112 -48 ]
[-473 -345 -651 276 31 -173 -64 -216 -108 -158 -951 21 -42 -683 -511 -339 74 -95 826 -185 200 49 -310 -272 -470 17 286 698 -156 404 -261 -133 546 -355 578 -65 -230 -229 206 -861 -112 56 192 -751 -80 515 -277 -396 796 775 27 459 -67 646 575 610 -391 -14 282 339 375 -8 -669 181 363 168 118 -180 467 320 -100 -356 367 570 9 -536 -119 524 -1098 79 618 -542 -809 -1028 77 -159 -323 143 -469 228 -364 -253 484 -55 -975 -133 916 -370 212 -109 -360 381 -281 76 -150 ]
[-558 348 -886 11 -372 234 116 1 195 -735 68 -32 -460 -73 446 120 341 -1 270 -823 -65 25 143 362 -169 -340 297 321 453 684 -120 -402 568 568 181 264 -193 -489 -425 -326 -91 211 -37 -184 399 -13 429 -684 420 500 228 -94 468 -954 474 -519 -788 -144 -350 617 346 -114 463 -533 442 -355 -649 150 661 173 -357 724 30 -562 -241 -13 -24 -134 -286 622 -132 -209 -18 -397 -301 -614 -264 155 402 -593 282 -202 454 -260 -286 226 219 -313 -95 707 -801 12 -150 -75 -326 ]
[1271 56 101 -63 346 671 16 -601 596 178 -298 185 329 -240 -74 228 -163 726 -148 263 180 -608 -264 491 581 260 788 514 64 1047 -310 234 166 -19 71 458 -646 76 -318 -47 747 -287 0 -152 -655 -240 290 40 658 -718 111 117 -515 -47 -545 582 321 -720 -529 -35 233 318 -189 -415 161 -281 187 -107 -375 -366 -423 -305 138 932 -44 569 383 -272 285 89 732 425 -34 424 -303 188 -205 -231 127 198 177 -168 366 46 328 -48 -269 785 -404 292 325 490 -16 -369 -875 ]
[-943 -823 83 -494 1011 -142 541 162 234 521 -176 694 37 367 163 184 -759 -156 190 118 74 236 573 186 -520 242 -45 -56 -178 1039 -217 -412 -153 -1104 -277 -790 210 -492 254 483 132 -29 -536 -102 -445 -274 -784 49 348 171 -280 -301 675 -564 379 -53 -131 -183 -617 -542 192 -596 436 510 -249 1141 274 565 555 -13 -126 -185 124 269 319 302 851 -165 -311 -152 220 186 -408 -556 429 -275 371 360 -218 234 128 -216 279 101 -298 -360 361 -458 334 190 -427 -64 35 -350 376 ]
[-712 -788 -498 -451 294 -211 -265 -90 -175 258 533 353 -306 314 -216 226 470 -506 595 -1284 204 714 377 -339 -4 -258 -179 467 -3 -1171 -6 -401 209 255 280 122 243 30 -352 -654 321 539 -37 422 240 335 303 -144 343 691 -794 -567 -13 10 -495 -118 -565 -138 0 488 373 -502 -180 -536 -46 -138 82 35 -331 434 -446 655 -391 105 443 -363 -289 205 15 117 -287 -552 -121 418 -451 -354 596 -330 48 -588 -454 881 111 -486 -1066 -331 948 -870 -172 354 400 786 490 296 -352 ]
[-353 -819 1015 436 -354 -573 -217 -368 -537 1014 -567 213 453 -980 282 -577 -426 -161 557 336 -355 83 -569 -11 -631 428 -663 259 223 179 688 70 -150 -495 -140 605 -117 -300 620 816 221 586 482 -208 165 -32 212 -774 60 165 341 791 -657 196 244 240 676 692 666 -256 -488 685 -588 307 206 13 647 -340 -270 -33 50 104 -59 657 312 -512 -457 193 -181 -395 131 703 234 -861 489 328 166 552 114 135 69 -594 -722 837 286 -1 364 418 -536 -349 -88 54 -209 286 318 ]
[814 1195 -60 -105 178 245 38 323 18 43 188 546 -302 205 -192 518 -7 -113 -389 426 -42 -352 89 162 266 -60 -263 31 -667 -73 519 956 -287 318 226 -446 262 1090 -103 278 -228 188 -154 793 119 -150 183 724 -368 10 42 -667 -45 382 -778 -273 223 -386 -136 -248 54 294 296 -256 -137 -1 -626 173 -333 -432 -43 -13 -186 -866 -978 -95 -282 -199 433 272 -297 -16 503 980 244 -745 265 -589 -195 192 -215 518 129 -691 -461 -425 -274 -222 479 -430 -45 113 351 107 427 ]
[560 316 358 -351 390 420 -64 -784 -365 -69 79 520 173 -1160 256 -409 100 478 253 528 -438 11 -220 -115 -479 -166 353 340 141 712 684 59 230 -31 -541 -43 260 -584 -1 89 -391 -237 71 -58 -383 -353 218 -525 392 550 473 92 -36 -107 16 13 -34 -284 500 -256 243 315 202 -46 440 -74 593 146 135 29 -869 -924 253 -157 -346 -208 106 -237 -476 494 83 514 5 -838 259 -853 176 -180 98 -223 397 -76 -138 -178 313 -91 668 32 49 -127 -1245 -630 -499 -426 61 ]
[27 105 7 834 30 627 -183 -110 127 339 -616 485 -210 191 -526 -80 -332 -449 -368 600 -424 -27 509 334 -141 829 232 -89 -83 356 -282 829 -314 -306 616 -186 -98 748 -39 53 608 101 250 80 -562 -315 -134 1240 528 101 256 -119 -27 924 -405 409 894 -458 -342 -31 502 -236 -499 368 208 -128 -495 456 -309 -134 130 -600 -182 447 -519 -383 -309 446 -218 157 528 -48 132 -341 85 599 -120 -216 -480 267 -111 -528 357 -443 -349 -443 -156 -466 107 -1400 715 544 -332 58 655 ]
[884 578 -382 -221 -439 -377 35 113 147 -1266 467 -355 -340 646 404 304 449 -301 -902 -148 639 -1063 -225 44 698 -516 200 -351 -407 -586 -1106 -241 7 718 -431 538 -21 -158 -936 -407 -579 6 -333 -545 337 -237 340 -509 -298 -1075 -62 355 43 -232 -12 29 -640 5 -181 758 -668 -1125 -455 -146 -119 -337 -85 -137 -195 -10 470 -257 -251 -492 499 525 -18 138 663 -618 83 -1083 119 -224 -161 109 -170 876 90 531 -406 314 138 625 222 447 -396 972 170 678 -203 -288 315 -53 -90 ]
[-118 263 -271 296 -666 68 419 1006 -452 122 -200 -344 375 702 -284 32 -261 518 -510 -113 -412 -229 27 13 11 144 -853 -89 -675 -1164 478 864 -798 664 145 -582 208 903 228 395 179 247 -634 29 732 25 300 -122 -82 257 437 -288 -562 279 -1293 2 -42 511 480 339 -501 -407 -1207 270 763 522 218 -393 -18 -398 -936 -243 -230 -1108 640 473 -374 833 448 102 -285 -394 274 49 212 -17 48 335 -63 -200 -113 454 -135 -68 -402 -598 -237 367 742 -246 16 -237 57 -807 606 ]
[-275 35 -83 -402 -560 282 160 345 795 256 372 1034 -221 -348 -127 501 317 418 233 -356 -266 -163 168 -334 -67 -262 419 549 -4 732 552 171 -424 28 -778 -654 -414 128 -372 573 116 160 -984 -168 0 284 521 -74 -284 469 285 424 427 -516 -760 -632 -91 -293 667 162 221 -76 -419 199 -119 577 565 -249 680 -17 -944 85 106 -514 1049 -752 847 167 -302 260 -152 -94 -116 -1757 -135 -473 564 -166 197 -98 229 219 105 -453 486 532 438 -358 36 -24 112 577 -246 -924 111 ]
[-172 -286 -349 -225 638 -420 623 23 -138 -134 -186 510 -351 -77 156 325 -699 -1172 -142 -118 616 633 572 -212 -467 -293 -167 44 -51 465 -153 269 900 -1271 -152 -90 -25 -188 -144 -432 -569 809 253 -24 -384 -261 -759 1054 110 -94 -399 -765 616 -265 399 -263 -583 -976 -616 147 349 -597 1288 -147 -306 641 -258 1031 362 320 219 29 551 -417 166 -554 724 173 720 -561 15 -555 481 340 12 -810 252 181 -661 504 193 -447 161 -76 -412 -10 -115 -737 653 -92 164 -37 309 172 302 ]
[747 412 -93 270 12 84 480 -322 124 -1118 316 465 -159 -48 -98 385 119 63 415 13 396 -265 152 -181 125 -351 737 366 -826 728 -274 -81 201 -104 538 -170 -384 351 27 -534 -95 -578 -184 -538 274 -59 -299 -239 813 -404 363 -377 -130 659 -173 556 -93 -254 -331 -485 576 -264 -521 145 847 541 286 -297 105 -568 -799 -864 881 530 71 36 555 32 -805 -865 316 -683 -319 -1016 -217 -597 47 258 -260 356 -456 498 235 -143 -746 -501 241 -183 389 118 -220 548 -110 -724 177 ]
[-969 81 -364 362 233 512 404 -560 -456 -307 327 462 -507 28 190 -90 -252 -54 727 -446 -197 197 -139 260 -41 -293 66 -149 165 444 -622 -32 -302 -922 973 722 252 -91 288 -93 251 131 367 120 552 -558 -59 -410 580 107 -107 -1020 51 37 1104 -525 -136 173 -665 -331 69 239 912 -570 357 717 -745 8 319 -217 15 859 -2 261 -839 32 504 -922 -331 -283 -641 -6 639 -70 169 -238 -216 262 114 -679 -19 400 -40 -607 -321 231 -1 -628 -259 636 -576 60 352 310 -368 ]
[241 -339 183 123 -299 -1111 781 -207 161 101 -801 431 384 -546 -332 68 -551 -154 804 -102 1120 273 -257 -752 -468 263 379 617 -242 104 411 -1034 660 -400 300 145 -1372 372 212 -705 -37 138 332 -723 349 912 -407 -581 192 -341 -307 702 -25 -544 262 91 -318 197 61 214 -240 8 -731 -197 62 319 1172 -420 -205 -26 3 -39 974 1068 732 -257 -54 394 626 -718 1151 -984 -250 -275 -216 197 -118 481 -241 761 -435 -276 -259 632 -756 236 129 261 -296 339 1217 302 -490 216 -562 ]
[-1341 -393 -235 -293 -136 -23 -533 1179 438 847 -1060 -263 597 679 -213 116 326 357 -91 -524 -313 -222 -242 -457 -301 209 -316 -61 244 -12 632 -899 286 1022 33 -1104 -153 29 43 136 -11 -474 -155 113 -340 728 -61 -72 -394 283 -528 895 451 -353 66 -398 -122 1086 282 -721 73 468 -57 332 -299 142 -104 293 424 123 -324 1195 -303 760 3 -211 -497 216 -451 1517 312 429 -1150 877 -25 449 -19 -208 593 -525 2 244 284 -671 -363 504 -129 -150 -962 425 510 197 42 75 -463 ]
[-851 1034 -577 542 -1110 -11 347 707 438 -881 29 -405 -486 514 120 358 290 -26 -170 -509 260 682 700 -469 -618 58 342 -735 413 129 459 -22 403 387 126 -274 -124 229 -407 -274 -1015 -314 -193 -567 420 572 -445 630 -719 66 4 476 1310 -292 607 -971 90 202 1248 -319 45 -122 641 151 653 564 22 -186 1033 263 -58 401 268 -678 453 -764 81 -115 147 466 -504 -907 188 -684 -433 169 -312 -53 410 -236 626 226 461 -841 243 618 -1072 -208 -121 -290 671 -145 1 -641 36 ]
[57 26 432 718 -56 59 -267 192 -163 -704 -106 314 -381 203 25 635 219 -526 9 97 237 84 211 -475 -232 -109 -342 -128 -300 -105 -130 907 488 -286 -307 118 655 58 -200 30 -398 -85 12 30 -27 364 -463 876 -543 119 437 619 93 1522 -547 523 660 109 980 -354 -42 -440 -168 485 567 152 -37 -70 -395 -424 -69 132 51 -97 925 -850 74 741 -362 -445 -48 -168 173 -903 397 -346 210 26 -674 305 265 459 178 -553 687 -22 -220 -555 -111 -839 166 448 421 -114 588 ]
[413 -537 470 -144 200 -208 -452 720 314 824 330 177 227 -266 662 54 0 513 83 136 -774 139 607 765 -1227 351 -535 50 81 195 663 422 141 -542 -1037 140 402 191 -758 1402 -402 425 -406 -138 -332 -834 -310 576 -385 -549 29 264 -108 -292 -245 -106 846 17 -136 -571 105 664 489 114 -462 -172 -394 218 283 -354 571 323 -247 117 -41 -668 397 -102 774 189 -285 707 11 220 360 105 439 141 555 286 258 -977 -437 -67 1019 -526 -408 531 -611 -431 115 58 462 -428 602 ]
[704 413 -770 -193 17 -999 477 -119 348 -779 -732 146 420 -619 -272 686 -223 683 234 565 1079 339 -338 -194 -779 386 81 983 113 766 140 -213 1044 304 0 -130 -578 327 -324 -513 -149 -211 -2 -502 602 339 -219 231 520 360 593 477 -230 -322 -444 710 -351 -443 -207 434 69 79 -575 -245 550 -622 -349 -201 134 -164 -833 -398 719 -253 243 595 9 555 -369 403 916 -558 203 -170 7 -1382 183 672 -534 300 -415 123 612 233 -672 -949 350 2 525 583 -390 -403 -628 -268 -568 ]
[-435 -443 -898 508 553 -46 18 -284 -32 186 408 66 64 5 -428 -71 225 -25 1046 -685 -433 144 475 582 137 277 161 -105 230 -874 -611 -689 -58 -251 397 -198 377 -222 336 -573 -134 -346 79 -361 10 1128 -351 -408 317 1572 -262 498 245 554 634 -306 335 391 -127 -396 173 -554 -285 74 -115 -229 -33 -273 1066 -205 347 105 -714 349 -115 -588 -255 267 -354 -77 369 -45 -520 -129 20 64 -256 -110 401 682 -691 228 -165 527 -166 -247 830 -575 -695 -15 138 163 -281 -56 -182 ]
[217 111 283 686 857 -439 -210 -396 -414 288 277 337 151 357 -117 324 41 144 -640 908 -179 -608 104 192 -655 1002 139 -144 -79 -591 1423 -518 -959 9 303 854 -132 1077 -135 234 131 -591 -17 -439 -414 -700 -90 -84 128 -688 29 -111 310 55 -597 -359 752 155 -336 -880 -491 925 -361 -807 379 -395 727 -11 -1036 -69 -500 -91 111 665 -232 144 -336 -358 -58 104 -77 -522 237 115 -179 209 370 312 -106 -375 -700 131 20 -274 101 -493 -24 853 -972 -269 298 -250 40 377 294 ]
[-521 -327 931 174 -121 418 392 -355 89 -377 -820 607 -566 -34 510 -54 80 -595 -67 -315 -229 -788 4 649 987 480 -162 -239 88 230 -356 187 -348 724 -424 365 73 -301 -344 628 1169 115 -69 -50 -345 -276 711 -902 307 -982 739 844 688 -913 -195 -67 26 623 167 1112 -178 -295 -689 -162 563 -244 189 7 -934 -149 584 182 -244 356 -118 754 -139 -97 414 -407 1069 49 217 -645 327 1511 542 301 145 510 136 -462 -329 344 -35 183 288 555 -772 -382 -135 433 -119 82 203 ]
[-1079 -140 -146 -233 554 459 310 55 232 -111 -93 -529 -227 -103 -161 -205 47 468 248 890 -153 -342 -154 -367 -370 154 -406 -224 307 61 -365 -318 -497 -333 -129 -619 347 -135 352 -181 144 -257 -871 -155 198 761 -72 85 -686 610 -89 528 356 65 232 -245 132 -321 -310 -378 207 529 656 235 97 437 -454 527 657 63 -176 -1 -186 -469 -380 458 333 139 89 1034 -327 398 -45 -408 95 478 -647 -242 -817 -118 198 182 299 -409 1212 1093 362 -280 217 753 -451 -1200 -224 -6 -466 ]
[-227 -323 -461 -617 358 -1109 64 -226 202 53 -1203 288 44 311 -342 491 -598 -602 -469 162 501 195 437 -493 -184 1169 -143 599 14 -37 260 -515 172 -45 467 -371 -1081 999 390 -211 598 225 -100 -513 524 -14 -202 1148 351 -435 -176 232 -132 -206 -234 -177 124 198 -859 151 132 173 -1113 86 418 532 -68 179 -271 362 -6 -1058 69 937 486 612 -235 706 -343 298 1288 -333 183 -602 -273 737 717 928 -647 527 -486 -318 211 768 -1112 -577 769 426 -81 -250 693 219 -475 99 178 ]
[-493 155 -204 13 -157 266 -157 160 4 187 -689 78 465 149 -624 -342 -568 782 -160 -17 -344 -84 -207 -367 -892 180 734 128 345 550 1663 -311 -198 138 208 194 -106 751 98 -13 99 -186 -552 -608 -295 -634 -18 -130 178 862 -323 302 -322 -449 297 -1519 692 545 276 -484 61 906 -252 -252 460 87 256 123 144 153 -853 182 -36 329 -111 -377 -626 124 -431 1534 -427 -523 97 -222 16 418 -3 264 278 -1201 -76 99 590 -555 148 18 610 343 -1044 320 206 -239 -154 -21 -606 ]
[68 -308 -83 45 1104 835 -148 96 -15 -6 179 145 -297 77 -20 -164 -108 356 -780 -46 -319 -132 104 -343 -90 437 87 -527 -351 280 749 966 -548 -223 49 426 771 94 -1012 264 467 1265 -326 784 -598 -613 203 434 123 258 406 -291 -423 -201 -1093 -139 151 -748 -512 -827 487 115 -30 -230 -59 -162 -283 968 -932 -226 -849 -451 -692 -70 -909 9 540 135 447 552 2 268 176 -338 413 -68 534 -3 -367 30 180 128 123 -625 204 -40 791 30 290 -85 -514 237 314 27 -74 ]
[477 378 366 -247 70 -111 915 -518 427 32 4 265 477 -828 189 -755 -547 234 578 501 32 189 134 -73 462 396 357 -554 -61 1115 607 -79 -15 -852 51 256 309 -361 479 618 201 216 64 511 179 -17 -405 -1185 102 123 929 45 -366 -805 737 -107 755 -187 -47 -992 -241 1195 263 283 249 167 -312 -238 305 -34 -544 -1104 152 195 -503 1053 610 -550 191 -676 273 346 638 -89 14 649 258 -17 -36 492 -200 402 144 1062 -218 -394 280 -94 55 499 -539 -332 81 -74 -419 ]
[564 -282 -190 -380 563 1185 -587 -1078 -1203 -375 -805 532 176 -583 -506 -989 169 -157 728 -511 -452 -408 -211 -609 182 -181 659 615 -619 -860 -259 754 137 -775 23 1053 658 -306 -224 -635 -323 170 641 546 -26 -271 -569 -61 767 880 173 -103 -1186 1660 75 297 358 408 225 404 -540 487 -526 -361 401 172 166 -555 -523 56 167 -1283 -341 401 386 -717 -45 357 -235 -31 677 -177 -139 -361 86 418 -158 -162 -650 -139 -411 404 -133 -689 -53 323 1195 -228 -225 -50 -491 445 603 344 -581 ]
[-805 -531 284 372 167 65 -1380 120 167 499 -295 -195 474 189 -400 -558 236 -440 -427 39 -432 -169 -97 344 55 245 -416 -464 939 -1617 -399 119 -492 854 -245 101 72 -58 -79 -357 -173 187 485 89 -544 -357 356 647 -73 80 -1022 561 503 657 -172 180 599 238 61 -431 64 -364 -663 719 -708 -1095 203 40 60 144 389 206 -726 350 -516 -1143 -256 165 -366 577 -159 895 -993 239 312 769 175 -124 685 279 -296 -378 -1153 309 493 195 185 318 -204 -1366 1107 93 -379 -526 234 ]
[992 1182 447 -316 -919 230 -723 -961 -84 -796 550 101 -559 -386 238 -174 567 -953 -23 -371 191 137 334 194 1051 -808 539 91 629 -807 -1006 -189 749 739 -524 736 -101 -417 -355 -871 -104 -435 346 183 451 650 426 -256 -263 -86 -146 262 -125 548 510 -692 -105 410 691 1101 -469 221 253 -86 459 -575 -70 -110 -600 -382 680 -149 -353 -327 14 304 -374 -339 506 -177 118 -247 598 698 -649 770 55 -483 356 -207 406 336 -148 279 703 705 9 27 -922 -244 206 -75 73 195 -348 ]
[299 -359 -553 26 134 -146 945 -195 -68 -549 -1369 150 -556 45 -218 245 -425 -221 411 128 622 -700 3 479 504 324 326 508 9 -213 -785 237 216 -1284 229 466 -262 470 543 -572 241 -84 218 -568 -71 54 -1205 638 -340 -498 -415 -259 261 -153 227 194 -1 -187 -631 1198 -878 -121 364 -744 220 326 27 -1109 -263 524 272 -63 950 -197 909 526 281 108 459 -861 470 -907 74 282 18 314 -528 77 -621 342 -319 8 270 86 -8 268 -467 392 -62 608 704 196 63 73 -405 ]
[539 230 14 -344 -505 29 -444 -9 934 504 -275 662 587 104 -269 461 138 929 63 -433 -210 -26 -59 257 1284 579 112 415 -67 -200 236 487 10 916 -175 -10 -521 278 -252 971 109 -28 499 763 51 -548 856 408 266 -135 131 216 -523 -372 -924 240 763 162 412 297 -304 429 -1048 -218 -751 -714 -127 -776 296 -179 -324 -36 -834 585 638 -500 454 -319 -159 555 505 790 -255 535 -583 157 504 -392 809 422 -512 121 -77 -108 -397 -147 -224 320 -270 -749 1092 1056 -139 -389 -749 ]
[747 140 223 -294 -24 459 85 -207 204 -815 252 -856 -1170 -70 594 -367 49 248 -206 -262 364 256 312 -216 347 -552 109 167 194 370 -1320 340 578 191 101 769 58 -773 -713 -69 145 622 -262 -267 162 -228 94 625 -111 -1199 -559 -709 -758 -22 293 -137 -437 -611 72 670 58 -335 97 -172 327 340 -250 758 -748 -256 246 -367 -435 4 93 417 127 -307 882 327 -325 6 17 -250 16 801 -352 54 153 -413 1133 -34 145 -466 1489 1070 -178 377 66 142 -412 -419 300 235 -611 ]
[504 -390 495 -241 173 892 280 362 197 37 160 -463 488 -253 411 135 -173 701 91 -545 -514 -29 255 73 -97 -486 1001 717 -159 472 17 -252 448 138 -757 -898 -540 -838 -428 -180 -160 -36 -507 1 -423 -404 141 137 436 576 -484 -161 -627 113 -652 40 -243 -83 -294 34 -73 -700 810 78 145 344 1461 325 513 -946 -948 466 525 89 521 -224 1271 117 487 657 104 579 -673 250 -746 -601 -66 -307 463 -482 790 -260 -421 -141 866 19 -271 560 -192 394 -18 498 -63 -1074 -558 ]
[-243 339 -378 420 -175 -288 1108 343 -344 416 -729 -192 -210 -427 168 17 -1033 -32 177 -378 280 -56 -11 1620 -182 -223 -53 -67 -302 1429 138 684 -417 -658 551 -88 -288 164 385 41 827 1761 -466 -606 612 762 -375 -194 914 360 314 -241 -771 -730 595 -881 -636 137 -316 33 -148 -102 176 -419 830 1145 -535 -132 550 -568 88 514 -412 -532 -317 234 23 -152 487 -74 0 148 640 442 842 -265 41 872 415 613 624 -552 305 166 -582 245 89 22 -63 209 -177 285 -335 -382 -145 ]
[69 -172 221 982 -235 -838 -555 -252 532 954 -91 875 108 695 -107 310 -338 -16 38 675 212 -501 -49 3 235 486 -863 480 210 -100 -151 -3 4 -39 -273 244 -457 -90 220 266 -359 -729 -259 -173 -72 -287 742 -1003 -180 -311 8 890 200 289 -337 767 775 160 609 -742 -424 -576 -677 308 -152 -21 893 -293 -311 -370 45 53 -192 969 1111 174 -17 271 -46 -76 306 446 -272 -746 -1 -3 97 -67 -486 697 -44 45 -45 1406 -235 -490 -197 715 179 -555 620 -67 -543 73 423 ]
[576 566 -148 -353 -285 -311 -585 -175 280 -51 -256 374 149 -144 -811 95 117 441 350 53 177 -154 23 -193 224 -16 257 769 197 555 714 259 484 -504 -26 377 -801 807 -84 -189 -1030 -319 -3 37 267 -282 -73 515 -347 -347 -226 -98 74 637 198 -311 941 306 502 -303 -51 1492 271 -243 -184 270 -73 -489 -99 -352 372 -102 351 490 76 -868 130 -388 -497 -116 137 -724 -520 529 316 -347 452 -273 -143 196 -385 120 115 -231 139 -250 315 89 -57 -193 287 362 271 -49 -709 ]
[243 588 23 -36 247 -223 -121 343 699 387 -58 498 452 -208 771 339 -357 126 358 -161 -53 -228 -108 589 -104 -254 649 469 197 504 26 -179 479 262 -301 -81 -549 -20 6 866 -23 633 -313 -54 -194 142 -160 -770 125 -241 -712 -60 219 -764 282 -512 -956 -45 -1080 342 -413 275 -1 66 -680 -598 -23 -59 953 190 827 758 420 -796 177 238 617 -62 89 -96 -7 686 366 -140 -87 -312 -420 -112 568 -54 541 -379 127 118 34 -178 -271 28 -779 113 41 185 226 165 398 ]
[212 82 648 505 -1345 -30 186 -482 47 -943 635 534 -569 -68 274 -515 624 52 448 -167 -78 440 286 -783 1 -469 351 -500 -463 -550 -896 -9 -325 -15 231 109 -2 -15 -480 -307 148 -272 204 435 504 -54 36 -446 -208 -832 344 6 216 -47 585 1063 -592 107 491 1119 508 -1563 -541 -279 -473 172 78 -509 -803 526 1099 -644 537 426 -336 -342 -559 -303 -406 -1340 80 -128 552 -1000 -27 902 44 -97 -106 251 9 355 -487 -369 -8 393 -876 -627 685 -113 740 477 -82 164 405 ]
[860 171 220 262 143 -228 -492 -733 -104 71 1110 790 -250 142 101 -380 157 -1301 -713 595 94 70 -2 -48 12 -192 -527 -540 -249 -1125 -599 -290 -69 666 -322 551 58 -353 -326 21 -521 -940 388 -327 -671 -812 761 284 -122 -609 265 -58 114 713 182 457 206 -431 145 -525 -109 -784 292 224 -717 -704 180 649 -381 119 636 -541 -687 222 29 -1063 -592 -275 584 -50 -406 -389 68 385 -830 212 -132 336 -18 469 -486 78 -526 61 -700 -55 -447 1 609 -1190 503 -295 -134 476 814 ]
[296 783 -440 91 -648 -294 -271 -101 -184 -440 -142 -339 419 -539 -601 -789 328 -332 -113 545 -324 -549 -204 -197 701 -147 -137 -320 202 -836 34 -131 -511 -506 -86 123 -673 588 1324 -295 -1044 -293 343 -12 254 546 -86 126 -1006 391 451 403 438 1095 1363 32 583 874 263 94 -553 1008 177 202 -468 203 -777 -941 496 663 706 -346 245 -290 -417 -593 -293 -232 -1062 -401 -45 664 353 27 122 537 -213 3 -366 191 -232 354 -334 422 85 496 -305 -308 15 -313 143 -428 -152 -29 -46 ]
[-531 378 504 -337 -661 965 -930 66 566 768 432 -501 -115 305 146 497 835 -503 -258 -10 -854 175 15 289 518 561 -364 71 476 91 64 167 -222 599 -134 -242 266 -284 217 778 -33 -152 209 1021 -315 384 921 402 -662 961 -188 479 193 731 -411 -200 580 89 562 306 651 541 228 658 2 -122 -112 190 271 743 475 460 -833 6 -459 -155 -534 21 -482 1198 3 676 -132 -151 -70 526 -91 -1209 65 -616 319 9 662 -302 -192 138 -80 62 -514 -840 -81 253 207 444 -12 ]
[70 225 70 -448 211 457 148 -56 525 -100 676 -38 331 360 606 219 188 210 -231 -53 194 398 246 392 256 31 -295 -583 549 -525 -53 -3 -343 -1 -428 953 608 -672 -134 45 288 751 87 994 422 -128 385 -733 -70 -230 47 -523 61 -774 -197 30 -574 -484 -38 -588 -725 -708 15 -116 -16 -169 -133 -453 -329 478 -829 -56 -738 57 233 411 869 -596 387 504 -87 500 -259 256 449 2 66 -213 328 -634 457 533 381 13 815 263 -339 67 237 -45 -625 -501 360 -682 -625 ]
[874 -310 653 -323 239 648 -753 135 -105 193 -115 -591 -21 -713 -714 -673 98 427 -113 752 -370 -919 -717 -383 -665 53 -781 147 -83 -1061 -53 576 -636 96 -526 494 679 279 -330 -341 -560 -50 244 223 -185 72 37 -74 -903 356 -597 101 -443 1301 -694 889 549 -361 614 -16 431 796 61 311 -112 -539 652 -191 -915 -218 146 51 -79 -398 -740 -781 -320 -11 -130 324 -268 -178 -706 87 720 -370 5 -473 -174 519 -451 -144 -825 -326 987 641 323 589 453 -139 -318 25 537 -176 -187 ]
[313 -85 -629 -7 1679 -198 -104 72 -65 275 390 114 -171 317 355 471 -541 160 -222 -63 731 -553 813 946 -524 379 -45 980 -312 -800 326 1 -220 -116 141 1315 -313 186 -591 -47 -536 907 531 -15 -260 -510 -72 -8 895 241 -767 -907 101 -143 -676 -722 -229 -961 -715 500 -675 -492 168 -1170 -482 -261 673 764 -681 -90 -545 81 -689 -720 834 522 196 -634 775 780 -45 85 165 462 -627 -1517 263 -126 -117 -673 -95 -343 343 501 -426 -158 342 297 369 -105 -421 -278 88 256 -396 ]
[-101 -346 -573 -289 56 -61 -24 -31 -803 -277 666 -739 453 591 -1152 118 -350 23 -501 -376 114 773 -239 -393 185 -430 661 -572 198 -758 -128 -269 82 -38 102 -925 -43 376 350 -1297 -26 170 -703 -701 75 -208 573 775 -164 190 -520 42 -458 511 220 -702 169 294 51 -577 380 -341 386 -282 -111 295 542 158 971 139 -250 -359 382 139 251 -47 318 436 235 -40 -820 -759 338 216 -120 1 16 482 83 -145 -96 506 -340 173 384 -230 448 -147 136 2 618 -457 -344 -684 22 ]
[533 392 7 66 -9 -728 135 30 69 -705 -60 -76 -412 -710 -69 -759 84 167 -255 984 914 -427 -573 265 -62 -159 -151 -342 -365 518 -519 134 -399 -965 815 424 -8 131 -500 -668 -180 603 426 -73 257 62 -614 503 14 -350 -105 331 -123 209 485 795 296 -398 -271 -229 479 642 -259 31 -202 430 -1374 -114 -491 55 8 -184 -145 -60 -2108 342 -83 -471 168 -1029 247 56 81 47 915 -215 -19 409 -214 578 -761 -98 -535 41 -454 484 -94 237 476 730 189 114 7 84 -617 ]
[661 -583 97 -232 492 76 590 418 -397 606 152 -62 261 614 636 274 -856 -485 -743 -51 -50 -269 -292 -34 -123 -696 -302 333 -494 416 250 306 -190 -767 222 340 -496 600 401 741 41 709 -298 -173 -332 -1014 -403 86 111 -1039 -317 -1107 -816 -119 -161 -358 -339 92 -1165 -729 -95 120 381 51 -146 859 -156 -168 -200 -230 -501 776 592 85 738 437 760 315 1325 -626 -300 216 582 441 469 -149 -18 871 -183 -121 249 468 -502 241 30 -391 -594 270 -291 678 251 589 1088 323 728 ]
[286 494 -300 489 -554 -69 206 835 1212 163 360 245 98 419 -695 408 -212 764 321 311 322 -211 -246 173 894 -590 87 -27 -192 183 16 -296 103 -191 -275 -600 139 400 61 -87 462 -260 -589 284 127 519 90 -281 -754 -20 -79 346 -888 -708 -1164 61 34 -637 -722 -549 -190 -9 -93 110 -220 -160 149 88 -195 -924 -1197 610 -165 37 553 513 561 67 526 294 -739 505 -712 44 -176 215 -684 -348 -192 117 295 743 428 98 67 357 -352 -83 202 294 1407 380 -485 -342 -580 ]
[-139 -199 -452 72 -7 -386 33 8 268 -421 615 -508 296 -173 -594 783 276 -241 -155 167 402 585 -30 -213 230 102 58 668 86 238 -35 -237 20 -460 -325 -575 -886 542 441 -158 234 -338 -97 201 801 582 276 567 -149 671 197 292 -116 156 -698 118 826 -35 -332 14 -15 513 215 -12 363 -130 111 -68 -20 -955 -366 534 203 -418 515 -392 592 343 -90 -530 328 33 302 -425 -473 -169 150 235 -654 233 169 -15 -177 912 896 -685 360 -284 353 192 244 473 368 7 -412 ]
[-1164 -379 693 217 54 -444 248 684 195 -670 153 -607 244 700 197 297 -167 -1150 -49 -110 -238 -47 272 326 -298 257 -253 -824 269 -272 -788 -814 -173 283 -874 -129 729 -710 -437 654 -84 0 -229 -281 -134 -1247 -360 568 -444 -590 -260 -123 740 -257 328 -275 439 -70 -849 333 428 -245 592 198 175 -45 -552 604 361 257 342 826 426 -401 -133 52 -81 180 123 -254 -835 -572 214 397 -46 846 189 511 416 78 -607 -215 -584 165 1142 -311 -204 -106 -132 173 -64 -172 735 -96 715 ]
[498 679 -488 469 -1110 396 292 -508 241 604 122 214 624 -15 104 -224 -72 285 196 -215 68 1000 -303 -329 273 -150 51 -373 766 228 -715 274 506 220 338 127 -368 -87 -124 -410 -50 424 -111 94 387 383 923 35 -13 -580 6 -396 -300 195 -218 776 -608 -883 531 -573 696 -388 23 188 393 242 -244 -351 406 366 -517 -386 266 122 -413 -232 -198 -312 533 -167 -240 497 944 275 -281 169 -861 -450 613 50 1027 709 149 -499 -436 173 -1120 -240 474 5 937 226 0 -945 -134 ]
[319 -288 650 87 306 -1111 -80 -5 -473 1026 348 66 46 -739 673 -449 83 -1251 904 123 429 823 45 -167 -105 -1654 -185 1015 -241 219 94 -9 374 -428 725 193 -400 -505 688 138 -596 403 592 16 413 -173 -528 -219 492 -390 -665 -455 -481 171 534 231 -719 104 43 -227 -95 -597 -417 572 -925 392 864 -763 22 236 596 -614 613 -184 560 -128 -492 268 23 -1128 18 101 -536 -128 -164 -460 -218 -355 -406 -126 -238 878 -671 1185 -843 -483 688 -810 635 -183 -337 178 -127 842 712 ]
[-574 -290 -91 828 267 83 -437 1154 1022 574 239 -37 -235 1215 74 -281 -156 542 -61 242 -68 -118 866 105 -881 1007 22 -26 4 100 306 -131 -503 1183 26 -278 -859 72 -697 752 -536 -884 -732 -365 -632 -596 -345 -67 -90 -186 130 57 1065 -230 165 -20 1064 345 111 -774 -329 595 628 626 -762 -765 264 143 552 -400 830 438 338 -110 878 -3 433 -299 50 635 -504 -226 -614 79 -954 68 -59 -313 8 -376 -220 -483 167 114 -147 -923 -468 -222 664 -1029 635 -391 -276 -243 1018 ]
[-394 -450 42 -298 -418 314 -143 688 -90 157 -706 333 432 -200 -634 -98 -294 392 -659 104 -1124 -675 -503 84 -134 508 -663 222 -38 -555 197 412 -302 109 -435 -543 236 580 -502 443 -191 -339 150 -303 -793 -721 742 295 -294 -131 441 583 511 64 -657 228 194 689 -107 1147 -43 -219 -982 519 -607 -476 -105 559 527 128 631 630 72 -378 -401 -390 -225 866 -92 153 421 -231 -546 -612 1227 277 473 921 -135 107 -486 -366 -805 -514 25 -576 -265 574 25 -456 229 53 214 -467 517 ]
[-435 -252 126 531 -612 -743 -656 -193 306 -129 354 78 -185 -407 647 109 668 -498 -156 49 -79 379 -110 363 -2 282 -440 112 681 -367 1038 -15 669 575 194 149 -677 33 353 318 -303 558 289 -126 -104 80 351 19 -119 1017 613 278 211 525 282 -626 188 277 481 -103 -5 1195 659 -89 -234 -1003 -899 -45 28 661 -216 328 -187 -127 -98 -1052 -657 -60 -879 173 -425 405 824 535 -882 -697 251 -363 110 -390 -305 -221 512 95 -781 -361 577 -851 -485 -763 344 210 -533 741 333 ]
[1026 301 844 -924 -751 38 509 -173 483 -594 -319 -610 -326 13 -256 211 -195 -457 -504 273 -33 -433 -47 250 1527 -108 -353 -134 -134 -109 200 182 -229 739 -95 194 -12 883 243 154 441 -91 -404 372 251 -268 483 280 -296 -732 194 98 -681 -216 -443 -49 -59 -362 -4 1076 206 -165 -626 58 -267 -234 -105 -242 -1287 137 -313 -815 -332 6 -588 897 -307 -172 -118 -143 122 -357 -314 347 421 957 672 204 -258 829 -660 404 457 1010 -33 -30 -41 819 766 238 -56 546 174 2 -95 ]
[-731 -848 -17 -427 356 17 571 -284 -282 35 -1391 71 -150 154 238 -369 -189 -264 256 -57 977 -498 -9 -1027 -195 0 282 638 -90 247 -842 301 238 -162 -428 -102 374 -338 -299 -803 209 285 -1224 -145 -308 241 -580 -260 184 -213 -739 -547 -249 261 12 152 -771 -167 518 -172 -563 -230 -23 37 506 478 327 317 -520 212 -338 -530 602 576 919 490 1007 55 21 426 253 -619 -417 520 -175 224 371 -325 -861 19 -157 932 800 -532 94 205 547 -365 158 1084 -35 -19 646 183 -676 ]
[405 -1030 -397 -479 384 234 224 415 -19 -769 277 -323 93 -65 -164 -482 146 98 770 -574 336 725 -219 -661 246 -52 -129 138 -950 -498 -573 -280 547 -313 134 205 798 -583 -661 -835 374 -45 -275 -88 127 432 -249 214 187 -366 220 632 -763 571 -305 897 -155 -97 -600 179 -117 858 -354 362 -353 396 -329 257 577 -363 237 -604 153 362 -197 69 381 689 411 -866 682 -769 -1128 375 -121 798 -664 238 -204 295 -683 -119 132 -356 -160 -116 519 -163 290 821 -424 214 1081 -616 -680 ]
[143 -436 -566 -444 -271 -348 810 -252 -111 8 128 -588 -500 -469 -295 -384 -67 465 530 -37 449 1091 -135 -683 326 -97 -272 902 -908 512 -413 287 -135 -1011 885 -315 -596 59 0 -282 -146 146 333 111 -18 220 40 699 -204 -37 -309 -656 -523 345 318 263 -11 -637 148 682 735 -19 118 -613 -2 1215 -552 154 78 705 371 -104 71 573 -243 -158 -570 -96 595 -344 -145 -681 281 466 -175 122 -42 -643 -789 14 -466 126 485 -293 -263 -29 -385 -174 1058 942 342 278 501 863 -842 ]
[-918 220 -242 225 158 -317 120 565 145 139 -797 133 72 -138 -981 1382 -184 122 351 -81 478 441 -576 -315 -453 138 348 321 -499 903 1037 -277 244 -350 -102 -715 -57 461 182 -255 549 181 -485 200 -135 461 -631 -269 622 540 -166 73 165 -356 -938 -603 -430 -229 72 104 -66 838 505 -764 1138 511 793 252 58 -354 -1420 1242 456 -37 -179 -184 541 -47 -273 433 -356 -867 -237 11 410 -176 260 121 -315 -796 439 412 818 -1185 -8 5 1128 -228 -37 331 -180 531 543 -112 -506 ]
[50 -437 620 362 362 82 -275 248 -620 -46 -405 82 128 117 606 -67 -131 248 -1281 574 -477 -276 176 -100 351 499 -228 -397 61 175 516 796 119 -442 -673 -34 258 110 31 533 -746 -27 150 364 -455 -86 -345 1041 -245 522 525 73 -391 458 -435 -417 778 788 261 -1096 -175 -157 481 428 -287 154 109 738 -628 -446 -868 -779 -515 -543 -35 -273 301 252 169 396 390 588 -155 26 397 -734 143 516 -452 459 597 32 -114 213 651 133 36 -169 149 60 -288 -606 -277 -293 23 ]
[-12 4 -646 -794 337 -839 -820 75 -69 449 -140 172 362 -393 -289 689 -210 157 -150 85 529 680 -555 -191 -663 40 -234 -209 432 -585 791 239 850 -438 -191 -164 184 664 -107 -446 -208 288 441 -315 -203 44 -17 24 -198 109 -734 463 128 -776 253 -304 -861 -574 903 86 -118 -11 470 -382 -860 101 87 -633 -160 757 -505 -79 -277 43 18 75 151 -452 180 225 -63 -271 -271 424 -70 -742 523 153 -12 323 219 -410 225 527 -712 -493 -170 786 633 282 1 -126 564 100 4 ]
[-664 255 -248 360 -249 -394 13 783 24 -752 104 -1581 -604 -613 -204 -261 474 -70 -219 -466 154 524 152 -474 -452 -145 181 -737 783 325 1133 385 -44 872 -99 -104 621 23 -262 -237 -573 183 -255 107 -25 290 -747 301 -471 -271 -45 -335 933 -243 134 -16 -865 -196 486 -319 471 748 813 7 -32 -493 -131 -69 264 361 563 272 662 -989 -896 -284 26 -527 -681 34 -712 -284 -1115 233 171 -311 -106 -102 176 396 374 -98 -184 -1007 606 139 167 -499 959 216 -402 -237 106 29 159 ]
[525 443 -231 -406 -502 447 52 970 544 276 -381 -38 471 -131 468 43 221 707 -937 105 -748 -804 -413 378 -325 -388 541 76 -47 927 -308 -293 280 31 -602 -962 -217 -560 -191 38 158 -128 -1361 -403 -129 -662 90 -217 -104 -166 3 -82 -749 -441 -82 -181 -1303 156 -440 -790 -156 -315 298 266 73 566 474 1026 514 -449 -742 -529 686 181 -598 329 1424 11 -347 640 32 541 -750 24 342 -238 -409 189 335 -8 592 5 692 -73 695 -150 -138 1031 75 193 -771 -557 -434 -619 7 ]
[-173 105 -11 23 -36 558 358 437 295 -917 451 -399 178 -404 -383 414 364 20 -335 -240 -135 -147 -492 -392 -188 -1007 612 63 -148 914 228 453 -275 353 -103 -193 -185 54 -833 -31 184 -139 -624 -362 -654 -914 -35 -484 547 -482 210 -83 -107 -24 -615 -283 -655 -143 213 636 483 -63 179 114 157 -293 557 494 100 -228 -75 597 1219 -536 -118 377 838 8 -245 -574 -360 -1448 311 -574 320 315 866 504 -437 -557 -364 290 592 -205 234 -388 -84 200 380 184 -471 -197 833 98 26 ]
[-20 68 527 413 -115 -585 130 -218 697 72 -118 313 335 -898 349 -304 218 703 1819 -116 295 286 -161 -241 -716 -69 0 -213 171 204 -695 -261 8 -430 -219 404 394 -71 -388 -43 -414 595 -523 -88 597 493 -663 -738 334 -354 -946 227 -242 -57 992 704 -544 -302 136 -856 69 -789 -138 -211 44 -201 -339 -903 653 653 823 106 28 911 -176 -263 631 -277 -64 -143 -126 332 -10 -302 503 -292 -380 -178 315 676 -87 406 394 -65 415 221 -164 -372 -37 848 146 -145 -95 -384 -549 ]
[-885 -739 -1055 -187 771 -395 69 -275 -997 -382 -335 119 -423 660 -512 -345 -454 -268 190 -183 349 415 196 -643 324 -89 -537 -347 -96 -549 47 -461 129 -410 208 23 418 -772 546 -775 93 -1385 615 -790 -112 194 -540 -363 47 -348 561 -229 865 -502 612 -86 -387 929 302 -244 -70 71 361 151 -72 973 -148 -421 -272 390 328 -453 728 122 1554 1043 -22 117 -591 -451 -140 -747 -214 47 -552 -179 486 268 -679 -34 -277 -12 -41 561 -1054 -130 314 -2 427 453 -480 -867 -759 631 632 ]
[-52 -555 179 -170 251 -316 329 -660 -752 847 -338 222 278 -985 102 -980 274 -111 933 75 -26 126 -323 137 -201 399 447 171 -161 -654 -46 -575 -640 -1574 -12 525 -42 -392 449 38 247 -185 399 -148 -65 -727 -954 272 101 -393 -95 -262 -129 346 19 406 78 -452 -166 634 -250 108 -535 -245 -92 193 544 -843 -385 688 136 -1029 641 347 212 252 367 -213 -189 -1202 -211 233 -93 -478 126 498 -280 -410 -41 72 -357 -306 -708 331 -329 -149 0 151 9 -251 335 -219 -806 331 183 ]
[1044 -859 597 658 1261 -543 96 -381 99 153 271 459 240 179 926 402 -418 502 608 1388 81 -103 567 800 -896 834 -363 482 -1057 -40 165 -324 -399 272 -161 -299 358 47 -177 281 -117 145 237 -301 -328 -430 -717 219 463 -65 33 298 -431 882 -1142 567 930 36 -928 -1103 -333 -887 -9 76 64 -916 442 324 -600 -1355 -426 -475 -361 716 -114 -37 -592 48 503 302 832 558 -21 189 319 -317 107 544 148 282 -270 -470 -353 291 108 -980 13 395 -348 -334 309 -11 -567 -256 902 ]
[-1416 23 -391 256 -173 951 79 -84 168 326 -854 1061 -141 1033 131 -120 -602 -501 -58 -1058 -475 26 -396 -179 -240 1119 -534 -337 547 523 -209 999 -313 563 394 711 244 -271 -1047 940 731 509 -539 355 -97 -436 399 -357 937 287 518 123 147 -133 -534 212 73 -185 -43 -375 163 -518 -745 196 935 263 -1080 270 174 -218 -7 301 -558 -16 153 219 -247 928 393 404 232 485 856 -691 489 -19 264 463 17 90 -49 243 516 -819 -779 -639 -327 -47 124 334 158 464 559 -44 266 ]
[572 20 -136 -209 420 -298 -980 63 330 847 699 -38 152 441 -16 908 134 241 -520 -73 -238 -218 -432 630 470 -342 152 552 -60 206 95 50 101 815 69 -650 -412 796 -171 -275 739 335 259 302 -96 374 896 222 340 40 -751 -15 -682 -408 -1516 223 2 -983 -1077 3 310 -3 -455 -327 -535 -952 288 724 216 -860 -695 493 -457 106 -971 -227 -541 313 202 -187 -137 454 -635 1044 -346 -882 100 -394 358 -274 -402 -76 -93 425 106 -846 659 362 -117 272 134 695 64 -327 -437 ]
[5 -181 -297 997 387 -459 -165 193 -398 65 162 -31 -382 26 -600 -377 492 -783 194 -691 365 -107 -13 -732 -597 -50 -511 -79 -316 -425 208 -362 -254 190 400 848 -30 36 -475 -274 315 150 -94 -325 377 -135 -118 -345 1156 -361 200 -562 -348 497 290 847 -472 -26 -275 -123 318 95 -1038 -123 235 34 -444 -83 -1170 -281 325 949 -152 584 -647 -147 -264 299 -110 -305 466 -222 113 -561 25 429 115 714 -374 79 -260 -177 -121 -489 -1016 -272 276 -104 -447 421 -218 24 413 773 133 ]
[471 -304 -6 44 660 182 -46 -5 -474 763 -211 -428 303 124 -247 123 -14 974 -615 116 696 182 -453 -260 240 -423 219 -218 537 -81 -777 709 179 29 -238 403 666 -72 -617 143 188 -320 199 -288 -1250 -162 -445 905 269 -746 -381 -403 -711 588 173 418 -164 -399 538 -133 -227 -41 -129 -154 -661 154 -122 337 -635 246 -479 -323 -123 849 135 712 690 -612 405 497 -218 452 7 1251 -102 52 149 -457 71 -665 436 58 409 -379 402 203 -806 52 -264 66 170 -544 207 176 -393 ]
[-792 278 -89 -157 -909 -180 41 -85 -199 649 -181 334 -112 66 27 -221 -500 -641 -144 -59 143 1202 123 -404 -800 -420 -419 169 -266 193 324 67 7 -308 496 -23 51 -329 759 126 -499 -16 -381 20 678 -711 -361 -400 125 20 -960 -1196 -158 328 -159 -321 -435 20 1155 -230 -459 -336 57 464 242 1518 836 -146 472 -14 -658 -463 200 -351 537 -418 -160 -484 -345 -77 -1270 -389 387 243 -41 -288 -21 -181 435 -820 517 -25 740 -554 -47 -91 -902 -237 845 -61 363 -277 93 -119 603 ]
[42 -176 1032 732 -664 -772 749 574 -52 63 -57 -193 37 -57 562 72 -682 -291 558 1073 -168 289 -486 465 -166 323 -1603 -148 -9 187 -559 230 -96 -119 -595 -35 748 -28 603 1694 154 -156 -416 108 700 -590 -260 -487 -195 -421 338 -66 -913 148 320 362 274 613 -176 -547 -352 34 281 800 480 497 -636 333 -310 -920 72 356 -207 -198 -663 465 -468 -76 119 -272 39 1014 687 138 608 -139 -243 486 -75 711 102 -216 -218 678 289 -1001 -183 116 -131 313 -866 -460 366 347 658 ]
[-107 -323 95 -361 141 -957 588 646 -120 -28 -409 -211 302 -25 169 512 -419 127 -571 -128 195 106 -431 165 -52 588 -939 -433 -371 -236 -94 246 -194 66 151 521 543 -48 86 1229 325 -145 502 -276 230 -137 -541 786 -349 -1024 480 164 -4 -204 386 -365 194 279 84 586 -683 95 79 -374 447 391 -189 209 -29 -99 617 458 -307 -195 -217 510 -372 -181 261 -503 -17 302 827 512 478 616 706 1076 491 -17 -136 506 -129 -312 448 -23 -658 824 -337 712 -344 126 1184 132 -148 ]
[-82 -970 -297 -74 1086 574 -412 -776 -748 112 665 622 -335 496 -592 166 53 -54 20 456 -290 -46 293 702 -92 144 -5 150 -379 1 -413 451 -430 -402 523 -437 725 -390 494 -602 756 -964 577 130 -563 433 -432 415 808 758 6 -276 176 1298 -425 117 802 70 -231 -212 657 189 524 -197 353 300 530 176 -270 -368 245 -553 -607 617 -664 41 -436 -344 -223 -203 452 -6 -18 -92 394 -134 402 -137 -105 271 -297 207 -74 -643 -15 -182 831 -421 -250 -111 188 21 -95 65 217 ]
[1464 -58 -160 237 132 -79 233 -572 -462 -456 925 -672 -606 -790 1040 -460 1084 98 147 503 -785 -498 420 459 484 -143 -75 -37 -91 -1253 -749 43 437 89 784 744 -98 135 180 -131 128 -610 488 -369 88 -746 171 -53 705 -921 427 -608 -763 269 101 643 332 37 -358 13 189 -81 198 -1049 592 -802 -520 -185 -383 38 -561 -1120 -92 893 -809 530 -1 -411 459 -551 36 493 283 641 -1106 526 -561 67 -135 40 -436 432 40 402 245 -58 106 615 -6 219 -459 -662 23 415 21 ]
[-596 -263 1004 239 -317 -37 160 -810 -219 500 638 518 -889 705 494 -88 136 -935 -741 217 -68 793 338 -310 349 -77 -742 -854 -31 -542 698 134 -709 -40 280 678 403 189 -276 196 255 267 -21 522 -242 -220 -28 997 -636 -1087 860 -437 227 -524 -353 64 -581 -737 356 -635 50 -57 730 -506 -781 482 24 546 -804 272 -60 -151 -336 -186 214 100 439 -822 1017 -378 -724 524 778 844 -752 -87 324 132 -654 236 -201 581 -201 -877 -370 798 -906 -538 493 -150 683 -107 -70 693 412 ]
[-64 -462 -78 583 -284 663 87 438 140 493 -403 529 91 410 303 638 54 196 -167 -567 -188 -706 -76 384 -232 269 43 67 -500 504 -469 572 -129 -3 243 47 229 -75 -372 338 597 -137 -414 254 -146 244 -556 34 59 407 237 47 -285 538 -1029 280 -350 186 -130 -318 -326 -280 -224 -421 945 505 339 -372 8 -463 -390 559 -193 325 257 44 237 597 881 -56 644 -582 -253 739 323 154 -187 108 328 348 55 106 550 -517 227 -129 -216 587 -268 716 361 883 476 365 -280 ]
[-508 -330 482 -724 586 806 -150 -738 370 705 941 1026 139 -34 -148 536 289 492 -305 201 13 333 -594 -500 306 266 -656 -430 -284 -170 65 68 -688 -899 138 112 164 -21 599 203 1490 -817 -926 370 -151 427 609 -462 -746 150 374 185 -32 -33 -1074 484 64 -501 515 -667 508 310 -74 -55 -336 1051 106 -361 -409 266 -1013 218 -204 234 975 623 685 58 30 35 -369 632 402 -80 146 348 334 -437 -433 -180 259 682 365 -188 635 256 -316 -380 201 161 503 228 784 -328 -83 ]
[498 -17 126 920 -52 28 -246 335 473 -211 234 552 -45 -976 98 412 824 -163 734 389 -12 -591 -557 136 208 -840 168 146 -84 -44 429 -82 413 -290 -312 343 352 265 -666 -1273 -156 -711 249 -129 -672 515 246 -412 -85 -64 802 1245 380 388 68 219 40 79 478 -608 255 -107 467 58 -430 -1234 -337 359 77 -864 615 709 37 641 -728 -1066 383 282 266 -538 651 -401 -605 262 104 -29 -173 -211 -526 750 -575 -133 -187 57 423 338 4 -429 -771 -546 408 340 -31 273 -367 ]
[-532 0 268 579 -1404 -97 -545 716 553 533 329 -330 270 7 -172 -719 286 -105 733 -232 -906 447 507 363 -1070 -44 9 -392 376 -400 -291 -388 -193 617 -582 283 399 -611 -583 521 757 -340 -358 22 572 254 -183 -1172 797 -593 388 225 -469 -215 605 1174 -272 -23 -130 51 -228 -254 -8 604 -241 -708 -463 -831 -113 425 -324 268 247 -106 104 513 -256 123 -39 41 -766 -59 -751 -255 -591 1023 -388 184 569 -431 -121 123 -150 -36 91 -456 -773 -365 419 478 -265 464 95 -256 329 ]
[-168 -73 -744 628 273 24 562 507 -670 -139 -644 -650 -451 1123 296 60 -191 -882 -90 232 42 -589 405 551 925 173 -475 -135 -222 -276 932 166 19 1085 924 -549 255 -75 159 31 205 34 74 284 -72 167 -100 17 55 62 456 -129 286 137 -642 167 -400 451 -461 428 -694 252 -699 216 -81 -722 -627 -333 125 -228 299 58 -61 -717 671 914 -429 1117 -165 -151 627 -454 -580 457 -45 -47 -299 -181 -412 99 -1074 -237 362 -16 -1253 -241 -76 -295 -179 -321 -160 -47 -455 580 674 ]
[-655 -25 49 -805 71 1097 290 -283 -639 519 -818 471 -209 -269 282 -941 420 -339 1058 -1206 -404 474 -71 -489 -83 309 -512 427 -61 -694 -770 449 -207 385 -370 245 364 -313 -391 849 460 -431 -251 304 115 -24 -369 -385 595 -14 681 -172 -227 977 154 14 -288 419 263 407 45 449 -762 380 820 401 -204 -40 -181 78 455 -475 6 427 9 496 81 -38 347 759 470 536 313 -183 20 1090 489 -277 10 -493 9 381 101 -301 -876 -541 373 -460 -173 -224 -717 -138 460 348 82 ]
[261 543 499 86 -143 -463 189 163 190 554 -150 309 683 435 -205 89 -882 -494 -1142 807 200 -494 348 -6 -19 183 145 -423 257 203 448 -889 -29 576 -543 601 -611 409 392 244 574 -598 -262 28 -172 8 636 -367 -96 -326 135 262 -159 -107 190 -310 571 166 -516 -9 235 366 -108 547 376 -275 -59 1120 -858 151 -469 275 -243 700 -364 680 -188 -27 46 344 375 -46 589 80 -532 839 304 574 -379 -317 -489 -7 150 979 84 183 -82 354 -652 -457 749 -28 264 333 -38 ]
[247 97 440 689 408 -12 -594 -506 707 846 280 830 -331 -465 623 126 -3 -118 -542 764 -519 -49 237 959 -164 531 -298 544 995 255 859 158 -256 56 -906 -30 250 -119 -614 557 169 -135 69 363 -1167 32 287 -414 -352 616 67 961 667 -360 -411 -102 489 -278 -449 -593 -255 196 958 -359 -550 -727 307 800 182 -94 219 708 -197 -576 -642 -550 39 -20 549 367 291 435 -16 -58 22 -437 61 -485 167 133 145 -435 -456 625 593 -157 -45 109 -530 -853 -258 -603 -262 -13 211 ]
[1226 648 -27 154 228 -900 -636 -66 344 727 -116 135 385 -360 -531 369 -132 -526 -789 798 302 -706 -1437 -131 1008 -297 353 156 -315 260 -447 -423 319 -540 -432 155 -549 279 106 -880 -703 375 942 -81 -417 216 98 517 -108 -596 -1024 199 -811 178 -447 226 162 -639 -529 -156 -241 966 315 -349 -1097 -727 -58 248 251 -3 -172 176 283 162 -509 -576 103 45 -53 -377 -72 130 -392 1296 -344 -771 -684 -271 -431 1223 -555 86 -38 333 24 1073 -77 7 106 493 831 392 39 389 -439 ]
[-221 -540 -729 538 -167 298 -1061 115 -239 -557 -111 -237 -345 -188 -333 -1150 288 -79 113 295 -313 -539 123 0 -268 -152 -777 -271 -38 -366 -70 331 -472 -299 328 1224 77 -470 68 -807 -734 -382 681 20 57 204 184 -302 99 698 -62 -46 369 870 1149 247 396 279 87 -938 721 942 347 371 -466 -635 -950 89 -297 36 1253 261 -737 -121 -1312 -933 -101 -507 -925 231 -235 727 -886 -317 684 -154 -66 -120 106 360 81 -910 -298 250 -100 170 150 427 636 5 -137 -285 -45 259 195 ]
[451 464 -1319 284 804 315 757 -386 -336 -760 -368 -46 -45 216 -1127 -20 -191 0 600 -231 510 -441 -196 291 594 -312 376 411 -97 -37 -342 581 41 -79 728 -253 -733 490 585 -863 -409 197 136 -421 176 -333 -167 199 1382 -183 -525 -920 283 187 754 43 -472 -477 -1037 -472 55 -152 18 -718 -217 264 -143 -479 1117 256 738 -281 575 113 -629 198 779 -456 47 -176 458 158 230 -86 28 -653 199 78 -381 513 -503 125 -362 507 -1406 -882 329 -10 629 286 -8 133 -743 -40 -801 ]
[-575 25 767 904 421 265 -210 -27 200 -189 62 -320 -371 -95 146 -37 54 -324 425 219 43 -93 -402 -526 -379 -649 -194 536 5 594 131 398 -77 275 1009 288 -216 -199 -432 -219 -749 -394 -427 -462 -112 -361 -98 -26 319 43 -493 -30 -99 408 79 -8 -311 201 -108 -975 55 121 613 727 -277 51 560 -4 23 -955 814 1124 736 472 -168 -489 620 24 -89 511 -267 37 -470 331 114 -1068 -637 -138 -315 84 -542 500 -39 230 -166 -569 -143 320 -169 227 -194 313 20 550 75 ]
[-183 160 562 -837 683 161 -338 743 627 331 127 -72 -347 511 128 694 -415 -35 -303 -21 643 -448 -355 250 322 -228 151 -200 -537 380 656 477 -763 287 538 -135 -286 1013 26 670 366 534 -534 96 277 216 -52 1049 -376 -718 -917 148 263 101 -735 -354 78 106 -619 -919 129 84 97 156 -606 1155 637 -296 -462 -50 295 664 -479 174 -81 -7 348 -571 -154 205 -564 338 -950 -195 685 2 16 293 8 50 176 892 -358 -171 47 331 197 642 156 235 485 1069 692 -370 -236 ]
[496 223 1234 -174 -180 -343 -127 -22 191 19 1274 416 -66 195 746 593 -430 -331 414 -289 -370 785 589 749 -48 -868 -339 -24 -48 -171 -598 110 580 614 -886 -18 685 -359 -270 992 230 -832 -648 396 252 -1086 67 -145 631 -373 96 -457 -864 3 -626 537 327 62 -479 -11 320 -809 -466 983 -159 -261 -402 -455 -251 -1181 129 535 -804 -87 600 153 161 383 600 -94 -74 437 -570 -45 588 582 334 508 310 271 199 702 -626 6 154 -861 -219 -231 -78 -334 -130 268 857 -482 538 ]
[516 863 -747 49 -633 98 849 164 288 -948 -247 -643 -217 222 379 -13 -40 392 -582 -71 371 -112 -47 -989 -60 538 39 -655 -78 -453 -222 -96 474 1031 -380 64 560 -116 -724 143 -539 -211 -164 -376 138 520 -679 -624 -563 -518 -28 305 -125 -1018 -206 -448 -883 208 173 330 -661 423 961 -374 1010 117 342 728 -488 191 -784 -804 462 -592 339 911 -368 -401 570 433 61 -891 548 200 -765 341 -218 427 180 761 -10 373 934 -407 -42 394 -389 686 253 1376 -91 -169 670 -269 -152 ]
[-98 -301 -485 -418 -241 288 -398 -133 -679 -76 98 22 443 623 -305 -132 -272 1009 -1055 427 -699 645 364 -207 -869 869 -635 -312 883 -1239 843 -383 -295 630 -890 -111 536 770 -553 209 -307 -874 622 29 -694 -343 284 696 -277 146 652 782 197 -325 -2 -212 428 517 323 -236 105 104 -620 -7 -257 73 -26 705 -68 573 -210 -800 -591 -240 -111 -40 -595 -22 303 1024 380 -47 442 -544 858 568 355 917 182 -178 152 -578 -464 3 551 -137 -523 367 -265 -942 -488 -1125 -447 -449 183 ]
[0 21 -263 6 -318 55 -835 -267 320 230 328 156 80 21 -949 230 381 -48 -215 -2 -62 310 -1164 -529 797 221 -48 -169 75 -246 76 696 -403 210 -93 159 572 44 -163 197 600 -200 39 511 -287 332 1050 -163 -642 1025 362 1120 221 145 -323 -17 801 -283 567 -142 70 828 -643 425 -541 -872 -3 -680 -189 307 628 -247 -341 -261 -730 -547 -649 885 -380 292 142 -650 255 -156 -472 426 114 -778 -247 464 -759 -199 137 435 -349 -39 865 369 164 214 50 538 361 359 -13 ]
]
