[[687 -123 1101 252 680 198 667 323 210 -716 -294 -350 -110 148 231 -519 233 404 -14 -449 225 -229 201 77 -32 20 236 493 78 28 607 114 79 -399 -696 262 -30 -269 -667 -387 532 381 734 325 -403 -438 -339 320 581 -96 85 -56 -258 263 -237 560 994 7 223 116 -487 41 356 -83 -334 49 163 -5 490 393 -76 273 575 13 905 270 54 423 -248 160 61 460 256 560 111 305 -609 -200 188 283 175 70 399 -308 -275 194 -24 508 82 -204 287 320 448 367 -564 ]
[579 -288 286 816 73 228 -7 218 -38 -203 -177 33 -182 -241 -195 336 -197 -223 -207 253 -143 -55 -189 56 -266 -240 155 178 128 568 -363 92 387 -115 94 160 131 -1152 39 -33 195 581 670 623 76 -67 -52 -336 360 -53 -180 -607 360 3 -502 1321 112 -900 -669 449 179 -222 285 4 42 -60 -20 -331 464 140 -493 -24 163 -347 1054 -395 -426 585 -202 7 -753 335 -170 331 -340 202 -132 -834 -113 128 186 5 -62 -63 241 -383 50 739 77 25 423 408 537 590 -14 ]
[-198 -380 -35 351 -69 45 375 -171 154 -593 -415 490 -364 -129 -355 -620 -502 134 -79 -27 -154 -77 -556 285 -328 -10 564 -590 268 328 283 207 -343 -71 -440 99 39 -906 1 51 -130 738 1077 585 -81 538 283 657 225 599 -208 -212 -362 192 -305 272 452 -992 -57 865 -446 -534 -113 144 71 -365 -531 -15 635 360 -520 -256 -137 157 300 218 6 271 -169 167 -45 312 -341 -825 422 -530 73 -768 -264 -146 222 562 -638 -127 559 -67 -554 215 -196 -240 128 -124 550 430 -208 ]
[478 223 189 -534 -163 415 359 273 -193 -120 77 -573 -541 -248 32 -979 -387 -385 -150 496 230 -553 506 -251 -527 -193 132 659 -427 -138 348 88 561 -286 -753 754 146 -58 -349 -414 200 424 -138 -591 -294 -339 -581 -110 -238 89 -136 379 136 -302 -244 462 425 797 91 -53 -174 558 379 -423 -591 498 156 345 -521 -475 614 216 -33 86 557 -804 521 502 -169 150 -268 244 826 642 571 259 -276 -369 23 -371 163 757 224 266 -438 394 -547 192 420 387 375 -85 10 -48 48 ]
[-402 52 -46 578 503 -792 323 -222 663 -309 -216 464 -87 -18 -151 756 634 496 134 -609 -146 -37 -342 94 -194 162 849 -281 609 637 221 270 10 -695 197 -514 379 347 144 -651 -226 442 -171 432 -217 707 55 488 274 107 -221 -219 343 -43 -738 612 34 -710 -228 -107 67 -896 -115 310 418 -645 -29 -893 -133 1109 -646 186 -82 280 479 463 -278 299 -88 -234 -133 472 -86 -247 -130 -172 -3 -215 55 319 -198 63 -122 -391 159 123 -376 629 -216 -581 647 -203 -230 657 5 ]
[218 461 -691 -425 -88 -684 214 48 337 137 454 637 18 11 -161 -14 513 -500 1017 -415 -417 -72 75 -34 3 -390 483 -84 -569 317 -96 572 -60 43 -218 360 127 764 -231 616 -595 102 -897 -422 -209 197 -226 -14 -285 397 -525 333 548 -484 -126 -234 -81 138 501 129 -35 550 -605 -217 101 300 -830 -437 -1045 -15 322 -154 -229 123 -512 -388 358 665 52 -274 197 201 94 -46 29 -602 -543 401 389 -590 108 338 123 547 59 -632 -58 -334 37 55 -761 -609 -132 -328 393 ]
[-351 -323 -112 346 -744 882 213 -324 7 571 159 -246 448 -762 -323 204 -43 -29 -279 1178 166 -226 -300 -219 -186 298 -817 179 317 422 433 -51 217 445 387 -369 87 200 652 -23 723 -656 -407 -162 -177 -425 266 -404 -445 -210 437 438 -80 26 533 -628 70 1046 42 -673 333 872 311 -187 -202 -31 583 1040 -466 -1236 -271 -122 -545 251 -436 -727 -167 -554 -503 237 -212 91 437 -177 219 165 878 -153 248 204 -460 -61 165 -296 209 119 378 -292 48 119 135 324 -52 78 310 ]
[549 -631 266 517 -788 725 167 -250 -2 -142 51 1329 -631 -744 -291 -675 -25 -101 -388 21 -460 -275 -318 257 -315 89 -141 -136 -556 341 478 433 -132 274 -449 778 159 -1080 -53 490 290 176 859 -84 -309 281 240 -482 99 87 137 -344 -437 -73 -654 1004 1208 -42 442 690 -155 338 351 120 224 181 -971 458 -177 -737 180 -436 -333 782 289 -796 305 470 -548 265 -35 194 130 -122 351 -278 -268 -1323 167 -116 -89 676 -759 -719 728 -79 282 -40 -102 -264 -610 509 603 264 186 ]
[-965 588 -397 186 -119 -205 -752 -176 -86 288 141 -442 -808 -140 -326 -156 -804 -534 -631 911 -292 211 -258 -522 -568 -82 -381 -255 55 -308 -19 -276 418 -461 7 -550 268 -101 24 -706 -274 110 536 -420 -93 664 302 -47 -211 -522 -380 261 468 127 110 -58 -1360 -828 -385 38 214 -205 160 -338 -113 -428 -375 -762 138 980 220 30 -892 -170 -152 -46 -437 -782 -98 309 -415 272 21 -269 -42 -525 221 -92 -522 -443 -66 101 -372 -377 -186 103 -1006 -177 31 139 512 -127 -543 -13 262 ]
[25 -430 479 12 570 101 -188 158 -291 -500 587 145 -436 592 -34 -880 69 443 -71 -46 -1 -74 536 -150 -117 -58 -517 -290 -644 -302 346 -162 195 233 -827 371 -381 344 -1078 503 1149 262 834 -417 -293 52 255 -275 479 -66 357 102 97 902 -129 341 457 -285 140 212 -620 81 162 248 -403 91 -280 -57 986 131 775 117 431 -9 -446 770 301 13 -330 -358 832 15 179 -71 -233 -149 -878 474 2 -340 4 -276 -240 -41 9 47 -94 -1108 402 -458 -944 -6 53 -766 -665 ]
[431 597 500 712 -779 469 -50 446 -752 -200 -233 -717 -90 184 426 -773 -791 -971 -711 469 402 891 437 -572 -33 421 -706 285 -336 -424 346 -648 163 253 -780 806 24 -617 -458 -581 210 322 833 -71 -175 -771 -4 -153 31 -147 55 -20 609 -35 543 803 -148 -222 265 644 -507 368 632 -259 -631 395 293 -214 261 534 527 57 225 -630 411 -474 -559 242 -332 69 116 -270 367 1140 7 157 -671 -272 -589 -27 385 141 167 354 -661 163 -169 495 496 82 -272 251 -496 76 -227 ]
[-188 503 594 -383 1207 136 357 175 164 -442 -647 -118 -19 434 -73 -64 -240 554 -39 -801 628 6 -728 -613 50 -241 385 190 326 -368 -472 293 73 -167 84 -639 -53 -683 -229 180 -610 -70 1173 1174 -353 -392 -154 942 615 59 -248 671 -140 290 51 -967 416 -646 -149 443 -306 -1008 -369 -396 1 -844 108 -574 555 656 -589 406 565 52 504 1109 -540 -327 863 486 -305 -79 -353 -473 271 388 -180 137 -225 515 -356 -383 24 -241 -230 -244 -598 -10 47 335 -254 -238 210 -192 -447 ]
[356 135 -258 -290 -352 -213 -804 -26 -701 447 293 -343 -144 -291 -9 278 -710 -410 -491 475 212 165 594 -591 -267 -180 -183 1017 -384 -341 -384 -189 1126 42 -139 -122 240 270 -64 -322 -330 154 -179 -621 137 -563 9 -622 -414 -408 1 220 428 -637 -412 -593 -476 585 -1142 -4 650 -454 637 -497 85 70 576 -306 -424 604 772 -50 49 -6 720 -232 -457 -198 581 764 -748 -371 -87 288 -159 155 831 -138 -1308 -594 -552 189 -283 204 -448 -62 -442 -56 526 699 168 -285 -918 -161 451 ]
[-833 525 296 -1232 496 102 -179 109 -192 331 -784 -936 -258 435 -24 -456 -509 -537 372 -148 -94 -36 -251 -27 -352 -273 845 2 252 -867 -363 -361 -702 -457 113 -437 -553 -125 754 -333 -484 -18 -743 102 350 127 -812 520 -511 283 -175 658 -298 90 -403 -906 -95 667 147 -220 264 -874 -1123 -226 -536 -132 406 376 -183 -794 57 -212 36 -33 -304 75 538 -668 194 445 -321 -1175 598 -545 1048 501 567 -290 402 313 136 853 356 137 159 346 -930 -117 254 702 947 -170 188 -372 197 ]
[-656 277 -863 -327 -383 -602 -301 -221 153 -512 363 -151 -470 42 462 -629 -387 -188 -713 -204 -392 -209 34 234 493 350 -1107 -912 -54 -592 -340 -415 -362 -13 1 217 195 -121 -227 -665 -1187 361 288 -397 425 1304 1037 561 -839 169 -63 74 -662 -210 996 378 -744 -357 1197 194 109 -119 482 654 827 553 -374 29 -299 587 291 -383 -534 12 -584 302 51 -554 64 -685 705 -587 -160 -98 260 -216 -250 111 -12 -80 515 168 -467 -275 -623 354 56 39 -354 -164 200 318 -658 279 -423 ]
[91 180 344 -909 408 89 758 413 279 85 -499 75 -393 625 61 -387 -101 -704 902 0 -359 407 -861 -375 152 -566 965 -185 -760 600 -185 253 -445 178 -546 308 -140 -485 -112 571 -13 -193 -127 803 -387 50 -465 597 81 57 -291 -61 462 -190 -545 -430 562 71 -85 308 -324 -133 -1159 -482 -964 57 167 -87 71 -264 -420 410 539 -247 -125 -672 237 454 -45 16 -479 169 277 -609 -116 188 258 -137 452 79 234 811 115 498 239 35 -243 -11 -176 36 -480 -227 1278 88 -24 ]
[187 357 504 340 264 -140 -926 200 -409 -273 -426 -847 505 -107 -119 679 -78 -124 175 290 344 519 12 -104 -199 149 -714 392 161 -788 -333 -866 669 -64 278 -607 -84 -446 103 -724 232 74 863 586 684 -1173 146 129 -51 -892 653 238 477 726 115 -19 -986 -851 -755 720 554 -778 -84 -212 725 355 385 -97 343 1130 172 -983 134 -647 894 412 -1166 -426 317 406 -488 -407 -748 664 -308 657 13 -326 -709 -77 -546 -796 232 92 65 -631 135 -144 130 475 230 313 -311 -406 -232 ]
[-397 -164 81 468 400 -792 237 -306 596 -204 554 561 -165 322 -137 -522 554 492 764 -815 -1290 -377 -292 486 355 -129 -696 -79 -271 1072 732 1370 -321 34 -211 -243 113 706 -700 209 305 74 533 -657 -225 285 722 -354 -136 -81 -268 -115 -462 90 -316 -1149 758 257 1051 -203 -166 304 319 294 655 -338 -303 -540 669 542 391 -527 -282 811 -469 1056 -62 301 -614 -152 641 -115 -143 -1053 81 -681 542 199 137 -89 -384 240 -143 -1115 220 -433 345 -160 505 -551 -1230 17 -407 168 -229 ]
[292 -422 123 574 374 -5 406 353 -77 -744 259 -356 -425 19 -322 -432 -220 -606 -155 122 54 -187 163 -509 113 -56 -186 -205 -1075 634 60 -602 96 441 -1250 271 336 -703 -637 178 307 332 773 119 -646 223 725 289 814 295 307 -92 -459 133 388 996 453 -202 233 209 -411 153 486 176 -1004 468 47 573 630 546 -273 745 106 -618 -291 -463 -272 -206 -373 -127 162 -118 368 -532 -345 -281 -851 -312 -99 -50 772 -369 342 74 -322 -403 -225 -441 -33 -147 -33 327 583 82 -543 ]
[663 -252 343 524 -130 382 1000 1 186 -674 -609 659 448 241 512 251 648 363 -170 -1021 501 -54 -284 -391 963 370 457 352 -838 -145 197 -461 -405 408 -474 119 -178 -323 -594 100 -381 -263 183 818 -302 -152 504 384 771 -125 369 255 -1162 -330 -268 283 351 612 434 57 -45 -392 98 228 124 -449 327 689 315 68 -661 -125 924 246 -123 31 174 103 144 -254 -62 -758 206 -130 -310 410 -57 124 -85 1131 145 -201 469 -519 -427 69 1176 484 -344 -212 -220 962 139 45 -542 ]
[-977 105 41 755 -16 -133 -824 49 77 -179 558 -378 78 75 -316 457 -911 -221 563 510 -305 246 -366 391 183 377 -1105 -481 278 371 -51 228 -157 71 780 -592 -277 -197 216 115 5 2 63 442 462 355 519 7 -43 353 -469 151 870 568 755 -368 -614 -803 562 582 -287 563 151 -44 302 -408 -159 -183 770 -100 -265 -453 -761 -1036 -946 484 -661 -659 -265 -398 594 -34 463 -459 23 -319 1 -137 465 293 59 -625 165 -51 351 -350 -237 312 300 73 -304 -710 -627 304 -305 ]
[-611 713 77 -142 341 164 718 -237 568 604 -75 -159 -574 -231 -74 -241 -209 -331 -558 310 -420 -149 -362 -176 -686 -528 21 -54 711 681 -73 661 728 -513 64 -23 1113 6 652 -166 -470 235 219 -485 -416 298 -752 -157 -37 -519 -483 -261 302 -119 37 -51 -239 -297 248 -1416 334 832 -260 -286 -860 -344 -211 -167 -863 -440 -664 612 -185 425 536 -252 -159 193 235 426 -256 1778 470 442 292 210 -366 389 409 235 -115 48 -326 -390 -541 101 -349 616 -189 -42 340 -5 876 731 840 ]
[362 -474 414 158 -670 -98 394 -190 122 -416 246 -86 184 -241 -240 166 -1552 -515 -289 426 -149 336 229 799 -159 341 11 -464 949 296 135 102 141 616 -210 76 416 -610 353 123 -764 573 319 141 231 139 363 10 393 1062 -355 -121 -432 -234 580 416 230 -109 -195 104 245 107 483 -138 232 -301 -369 773 310 -1007 -420 -270 -129 -529 20 -58 -823 -246 -351 429 -12 410 189 -404 279 -657 421 -739 -228 247 327 -24 -235 203 602 -823 -275 771 -705 473 831 114 596 1334 -254 ]
[-584 -122 -541 -543 317 -493 -810 145 -157 579 73 -687 -99 321 265 29 -116 -139 409 293 -107 -646 -105 397 804 408 -155 -514 743 -304 -549 -555 -428 -495 197 6 -749 -106 389 -471 548 -241 -627 190 849 -58 -317 -277 -735 -151 439 -1077 -36 608 -23 -281 50 -58 -908 -113 496 -300 -123 469 487 341 1025 73 735 164 188 -114 -238 -598 192 -33 26 380 -80 -638 -113 -382 -863 -247 -482 335 875 -114 -153 -705 337 608 -519 737 64 820 -267 -198 480 -122 780 -362 -341 -176 -42 ]
[93 -265 -1030 26 161 -479 -133 -684 -314 -73 574 -173 519 -21 260 635 -412 126 -378 -185 -147 -24 -253 101 385 85 -485 -741 935 31 -797 -124 59 437 543 -369 285 -37 742 145 88 296 396 -146 930 -476 90 -499 -701 394 168 -232 -255 639 525 -258 -1205 -95 -709 -279 632 93 -294 809 1373 -188 632 593 20 139 -230 -913 529 -134 295 629 -710 368 95 -637 -60 43 -1129 659 -343 301 477 367 -226 -19 -533 -296 -355 299 -20 -335 656 -301 297 233 10 25 56 219 283 ]
[142 -704 -161 582 402 146 -732 -329 -391 -195 404 205 -439 -369 -336 416 -319 -268 -213 8 -394 -596 742 332 -826 -153 524 252 -1204 468 -251 -67 485 -527 -150 336 -160 142 -741 427 -197 782 11 -416 228 1094 -257 371 546 134 -285 -269 55 -268 -1335 808 319 -686 -394 382 -362 -387 -228 230 -903 266 -25 -217 192 209 351 378 895 -423 225 -82 711 -435 608 205 -59 -250 545 -195 -33 286 -323 -584 -379 -202 713 -431 -329 52 -137 -182 -395 63 -121 -86 449 -573 27 265 400 ]
[849 532 515 -936 -372 766 731 168 -451 -516 -121 495 -371 655 811 -455 -727 -209 -512 -892 167 -217 708 -614 670 -76 686 548 -1149 -928 114 199 -101 146 -589 798 375 -9 -755 361 -486 -294 656 235 -259 -430 -677 638 879 -41 -223 448 -927 -1008 -437 -90 1071 914 -310 50 -424 66 -316 -83 -260 -452 172 56 -39 -493 272 672 1119 473 -179 -308 343 -242 1142 80 -59 -604 643 234 -373 437 156 -164 -101 282 549 -15 232 28 -498 135 -192 47 -209 295 -238 424 487 -85 -314 ]
[-274 -234 -632 331 7 -100 -1475 -121 -561 649 -533 723 -16 295 -144 749 1114 323 -415 -412 -33 234 92 -559 166 -246 452 330 -174 -240 -475 -489 595 -225 771 -425 81 40 8 -236 242 -273 239 438 98 -340 -329 -516 53 -1562 483 -295 50 -414 -1459 85 -623 -684 -1422 -502 1073 -1323 -288 45 239 -492 -291 -1052 201 1018 40 24 -1 295 796 -42 -429 -552 1031 -235 -486 -620 -335 41 -1123 203 819 -494 -562 -92 -796 -194 21 89 106 295 211 -172 247 -392 -355 622 -506 -575 473 ]
[-231 -335 449 -365 319 -145 74 -299 41 -87 30 418 -1349 365 413 241 -519 444 -49 -416 -116 -35 -490 259 140 42 769 438 -219 -763 124 -213 -158 -469 -483 -350 -99 -575 499 -453 334 399 -36 471 257 538 44 68 202 -319 362 -700 -221 -222 -971 -251 -158 577 -789 556 701 -491 -419 99 -26 -394 723 942 -352 1 -688 -829 452 453 482 -287 400 -88 567 681 -554 363 163 -153 -144 692 310 -470 -396 824 -457 1019 -757 -938 -102 528 -201 230 -223 -78 745 358 348 86 295 ]
[-619 238 37 160 180 45 -94 -773 442 1270 107 1110 -498 48 -62 997 533 -70 865 -502 -261 142 -664 452 -530 305 197 -621 150 9 19 325 -322 304 494 -740 -635 427 111 689 194 -276 -70 -36 -10 343 124 225 390 221 68 -107 412 921 -871 -234 -598 -903 16 768 -130 -71 -1048 -353 870 -652 -533 -114 -71 -609 245 -702 -123 108 -349 371 427 94 -161 -76 -232 398 -745 -520 63 128 -168 210 153 80 -531 -93 -604 3 858 -444 145 -845 -794 -123 -431 -282 26 -831 410 ]
[530 295 908 154 517 92 -118 52 47 134 30 245 80 560 -61 471 1018 100 1152 -989 258 497 291 -234 391 -301 682 822 -385 215 467 30 570 354 -356 -146 -78 328 -425 526 -239 -68 21 358 -676 -1162 -557 176 1145 -723 178 108 794 -158 -940 -259 -307 376 -186 208 333 276 -418 -1151 -166 -646 -99 -33 392 -63 -133 -153 161 -414 646 -85 -461 353 335 568 -448 556 413 237 -388 510 246 -63 127 863 -762 34 591 -76 1 -1052 571 -32 -205 -175 -590 167 72 -465 246 ]
[615 319 211 928 -149 224 408 220 477 -392 -310 541 836 -846 -379 379 -118 -137 554 -231 -163 31 -1084 -327 231 538 -843 507 -1190 1127 -284 463 -270 223 -143 -294 229 -826 10 521 394 -346 385 588 142 77 788 -728 115 -439 262 -270 362 -41 -51 -307 658 -101 1044 834 184 103 12 199 484 318 -43 330 18 364 -357 -522 329 146 172 -146 -690 412 208 392 -97 -535 -244 -296 -222 509 -438 -389 40 80 -331 -520 -405 -581 -194 -990 631 388 305 -59 -1580 -261 -77 51 114 ]
[832 -183 185 263 440 -739 444 -102 483 -336 944 -631 46 -421 -467 -381 297 -756 742 397 -891 494 -565 313 272 329 -890 -233 -390 892 154 -391 -947 450 -1191 -434 -13 -558 -509 511 222 -181 243 -196 1 -555 406 215 -233 -3 362 -571 395 517 558 -384 380 108 316 270 438 754 -404 -298 -140 953 412 498 -47 93 71 -426 89 -340 72 -793 -872 114 -1392 660 -196 435 -758 -140 -657 -194 -43 -238 -155 -433 683 551 -242 -223 -78 -1393 427 -992 -272 -236 318 185 790 -72 191 ]
[-94 719 923 -880 529 636 714 269 -57 -210 -210 -49 -730 -63 277 -596 -117 153 722 403 -304 -182 -128 -115 -343 -1199 -35 12 -2 -301 204 426 131 -258 -127 577 212 -222 504 270 641 179 928 182 -393 -580 -776 436 -55 -590 -205 -86 605 545 999 -495 126 326 30 150 -814 1079 -693 -61 -302 -25 488 249 -531 621 -662 -94 -30 85 262 134 433 202 53 91 -198 994 71 927 440 392 -487 555 847 110 -62 147 465 -411 -47 478 -151 -71 325 185 -37 -1 1234 276 -351 ]
[594 40 563 -814 834 -475 773 339 206 -273 -133 912 -865 353 -90 253 641 725 263 -1149 -478 523 -200 204 -749 -219 895 249 70 133 -502 598 -1043 -179 170 -96 9 -780 416 182 358 123 -145 -527 -91 870 -646 106 55 387 -84 -544 109 94 -432 216 688 227 595 173 -55 -1092 -744 451 221 -102 -331 -313 -635 193 -260 364 485 1336 411 469 132 -123 144 347 549 -306 148 -34 615 248 -1195 22 254 777 -43 4 160 -676 95 147 -672 169 -210 -442 -409 -359 559 -90 439 ]
[231 759 1203 353 145 -852 177 549 -173 810 -201 -659 173 760 935 240 159 -215 789 -458 -121 987 438 127 -61 98 316 531 284 -729 27 501 -779 -762 -583 203 -925 1226 -726 -704 750 -312 -172 -3 -265 -143 -490 -167 184 -446 -269 -701 402 -416 297 -943 909 294 517 -260 -426 476 -363 229 -783 291 468 -1306 -101 709 720 433 1067 -203 -1 268 -49 173 193 446 -117 -128 -548 545 -422 -255 -471 1107 45 -164 530 -194 220 246 -304 -125 -170 406 -169 -643 -650 -283 -628 392 379 ]
[-706 -436 -1065 286 385 236 -1107 -932 -268 236 860 878 -1315 -435 -622 110 -527 -56 35 512 333 -1256 -204 -250 -558 -82 109 -351 -270 -35 -744 416 839 -263 -148 501 -226 -631 -271 863 -1248 169 623 -491 -597 1053 -363 213 482 -180 -507 459 -7 239 -312 -11 -788 -376 351 356 338 556 -600 91 -132 -288 -1131 52 -522 -112 -575 -66 -398 -438 -370 -288 205 -438 880 -166 -309 684 79 -745 351 -321 -764 55 -36 392 -257 -511 -622 -379 -54 -184 -845 -206 -387 -84 -751 -937 -610 -100 870 ]
[379 105 590 -799 980 -403 1066 232 724 -1232 266 -118 -154 783 598 -518 -318 1448 209 -881 -226 224 141 885 145 -276 652 -226 342 195 53 806 -474 -227 465 283 -126 191 -32 229 83 181 480 311 751 804 -343 961 588 640 -274 -249 -213 447 292 -309 385 2 501 375 -764 333 -860 341 311 -272 54 407 919 -823 -88 271 525 92 -504 891 161 -169 463 65 902 805 43 -123 260 569 -19 -2 402 622 295 -305 -152 -594 -73 -786 10 144 -458 -645 96 -591 1429 605 -145 ]
[-565 605 -20 -315 792 -180 -86 -77 -299 -347 -966 -1413 -148 800 -37 -890 -50 -667 181 286 -644 216 104 503 -101 -461 244 599 -474 367 972 445 -95 -302 -333 427 657 282 89 -1089 938 29 480 -436 -219 -634 -546 705 -351 -329 87 297 -413 -304 -80 -1015 496 435 144 604 -108 -210 -843 256 -1044 1424 703 232 -193 1335 311 22 207 154 -343 -169 -20 83 192 126 94 -294 -368 264 151 23 140 -421 -418 -717 98 155 660 -49 -154 35 -373 -109 593 381 169 18 452 70 -262 ]
[-825 307 164 -293 -306 57 870 -107 94 639 -435 -3 797 -360 -231 86 -362 -450 -820 -269 354 -295 -873 -86 23 623 983 -744 1298 -785 297 -233 -308 -178 94 -132 663 98 1215 225 -364 -366 -1001 -111 -262 394 -458 -497 -503 1047 -7 543 -453 -20 617 195 688 283 177 -796 -146 -734 179 298 -375 -619 49 436 -661 -845 -380 118 138 594 -898 37 -174 -1 -260 585 516 -227 471 -486 1493 -94 -307 219 610 340 -72 205 -754 -210 473 251 -570 -521 -165 403 694 283 226 106 371 ]
[-389 -249 293 -1408 642 160 204 330 16 -314 279 -604 -1002 702 -241 -329 -89 673 -228 253 465 350 666 291 -212 559 434 -210 523 -328 477 -296 -19 -306 -681 892 152 127 -700 -480 116 -363 -615 -755 -635 278 -317 575 538 68 215 -879 234 -138 203 330 440 235 -459 -753 -8 -533 743 -166 -1522 100 390 -270 288 -125 -11 1483 258 366 201 287 666 118 3 548 469 772 735 -141 -411 248 -246 506 -314 -163 455 682 -551 128 -857 892 -710 -88 -125 -114 541 -228 134 21 -652 ]
[-735 -497 -8 8 256 319 -510 -42 319 -457 -756 434 -630 -231 -532 906 745 825 574 45 -224 -531 -762 255 -407 104 514 -173 -247 497 -738 60 -217 -559 1083 -145 -299 -806 -265 -748 173 -347 385 326 321 605 66 653 -92 176 -333 42 -270 710 -1098 703 -413 -1356 -279 547 -390 -1215 142 114 999 -598 34 -287 1109 707 -15 -387 210 335 368 350 725 -63 126 -800 127 116 100 -576 274 548 240 -592 120 92 -29 -616 269 -382 808 937 235 451 31 102 390 -274 -368 -121 -719 ]
[312 -455 563 360 -633 -171 620 277 -12 -392 537 141 625 3 517 -228 698 -698 477 69 -825 173 531 179 573 -18 -144 363 -586 -231 -220 -339 -826 426 -643 10 -923 303 -881 -288 134 625 -545 160 262 279 782 1115 -519 797 -264 -14 -89 -799 -291 -3 1600 -29 561 912 -395 243 207 -83 10 709 689 -247 -210 -91 477 -453 819 7 -42 -380 234 525 -164 -186 274 -216 -528 -16 163 -100 283 154 -78 -597 1048 156 -151 931 554 132 912 25 -207 -238 -7 20 -336 9 -203 ]
[-475 -55 213 583 -259 531 509 -133 318 -650 -322 130 -82 -12 450 -177 433 944 -14 -906 505 148 -310 -763 -85 583 690 -154 -384 276 357 -255 -1139 -514 -716 -420 241 377 -435 -376 -70 27 242 654 -775 91 275 1039 938 205 -384 -21 -694 -712 357 -226 -193 10 740 -636 -475 198 -191 -492 -1086 -1267 -226 136 34 444 -1066 996 263 116 298 94 682 -759 825 144 313 292 613 -343 -36 -346 -205 1 482 592 247 682 587 -250 -731 681 -404 323 -138 -706 -117 -100 -655 232 -327 ]
[-591 286 -138 612 -1171 144 -415 -279 -812 -214 -522 130 -116 -21 -143 -29 -235 303 -151 499 224 614 -174 534 118 85 8 185 186 -43 88 773 65 181 43 452 1069 -989 404 87 -907 324 880 461 -120 -896 108 315 585 -209 -13 -844 23 -743 713 -198 -270 -493 -410 631 -40 452 347 434 -152 -61 -386 -764 -35 60 -827 -177 -613 164 90 199 -531 791 615 815 -430 89 -882 -257 -511 -840 625 -74 -1077 -89 20 208 -632 -174 227 -432 14 177 191 -109 -1018 -171 -169 198 145 ]
[493 466 -222 104 -1133 1028 365 202 -670 -176 216 315 -152 -387 59 -585 -327 57 -167 423 144 156 -28 -61 157 481 -298 -5 -313 -632 582 -395 -1130 -167 280 1294 -602 -713 -326 -261 -192 -466 -120 -93 -62 -346 -485 434 -296 -596 -441 -356 -270 -117 -209 448 543 1055 1010 -355 -221 365 -78 184 59 -166 288 -293 -163 -652 126 -116 -58 552 -104 -1036 629 126 -509 -467 -422 -730 665 767 116 309 323 -552 260 466 502 554 76 -202 -431 336 490 709 367 -447 -70 127 -87 355 527 ]
[-1098 532 134 -58 713 -871 100 -405 599 -273 154 408 -820 690 -218 -796 -48 -225 -497 -792 91 376 -754 -942 647 268 713 -876 48 -262 256 -1040 -692 132 -764 -762 599 102 99 324 -940 -431 275 480 -899 549 277 10 605 -176 -179 473 -369 505 -348 -218 -177 -113 340 -657 -220 -1088 -754 -190 -87 -426 -91 -240 -133 1105 -557 -58 328 -373 -735 768 -461 -954 -27 -83 689 -304 406 -316 49 28 -435 388 249 1084 -635 -93 -182 -708 -418 259 -547 -313 82 -154 -350 568 450 -426 -414 ]
[-865 -233 20 -965 466 182 98 215 -92 -370 467 -149 908 -248 11 233 545 1258 22 364 73 -546 -788 -616 8 -680 -136 -577 -580 -800 -165 -305 150 -196 915 -466 75 327 713 172 -220 -624 -175 732 39 306 684 782 -523 -468 248 266 359 -206 1061 -85 -286 727 -182 -358 -416 -124 -174 65 243 -44 823 -409 -594 831 -369 -180 9 272 -700 98 474 -678 82 -286 -321 -228 130 182 16 473 548 623 905 466 -894 -290 130 -612 195 757 393 -1230 -98 -121 39 115 272 239 -159 ]
[-491 -743 -103 -832 476 563 -531 130 -47 -555 -143 -275 453 33 202 -689 -307 539 -86 465 201 -153 -304 -277 399 -9 228 -377 116 -257 -409 -267 -412 -140 -570 59 -387 -133 -215 380 -249 -611 272 -183 -395 258 -153 -125 41 358 -22 128 -973 456 737 -720 221 189 436 -54 -14 427 -7 -149 -636 29 -1084 514 737 -151 -145 437 -170 -68 -277 542 494 -229 313 -109 267 665 -546 -258 -506 -1171 -216 967 417 -1031 76 -341 128 219 17 769 -215 -835 -52 -144 -165 -1085 -4 -173 -695 ]
[-591 394 222 169 96 31 255 -140 -268 699 -32 -264 -794 1147 421 -488 202 -205 -240 -785 183 -237 777 -149 -72 360 -190 -324 1454 -788 -509 501 13 -448 363 498 -525 258 -511 -886 161 317 561 -19 -233 379 -207 -81 -411 194 -307 494 153 -163 -570 227 667 -146 429 -158 3 -1269 430 471 715 -632 131 -1027 107 -666 222 62 364 258 -243 546 -183 15 91 -876 316 -971 228 -480 957 518 -192 147 241 438 -83 -4 -193 74 136 496 -940 467 192 -263 -22 876 -1267 -515 -387 ]
[-168 -174 1199 379 941 339 -269 63 -486 -360 320 -165 110 46 -278 784 450 -537 -308 -238 -283 812 298 -961 -455 -168 104 -11 -534 533 270 -601 1359 -219 -63 200 250 -524 208 -641 690 54 627 145 -500 -533 -311 -28 794 -784 256 167 534 929 -403 633 186 63 -954 -80 -297 -481 -444 -600 -1043 -704 365 35 302 353 -225 673 126 -600 453 284 -1510 -158 -478 350 -301 -43 781 592 -128 300 256 -983 -83 820 -972 -737 643 -18 410 177 -345 -203 272 -392 -272 -295 774 1198 225 ]
[332 52 1189 704 -321 465 613 308 -120 -164 261 -815 122 643 529 -850 -349 -278 -303 115 296 529 1017 -269 -451 -235 -1555 -204 213 -387 -26 -239 -181 68 -741 -187 -6 594 -393 349 431 619 557 -790 -36 -30 456 -410 -3 375 278 126 1000 661 713 549 -62 -178 1017 -464 -343 223 806 232 -568 220 -36 -165 91 -666 133 500 104 -290 108 1063 -18 -475 -1105 -98 555 -416 171 470 236 -199 -1580 1119 414 495 310 -438 268 -273 -545 23 -175 -17 -176 -594 175 654 -411 -814 -530 ]
[-1014 222 -597 858 -85 -417 -7 -427 -371 487 199 159 -347 -255 123 -399 -259 -132 -459 -384 -323 582 -980 159 524 293 -666 -676 371 -705 -42 -262 -990 -356 478 -573 251 -306 58 -292 -494 -147 602 272 435 9 73 -17 -519 -271 -576 -258 -603 649 799 -825 -728 -354 715 -1065 41 -53 353 734 507 -1282 -407 -813 -35 1081 -247 -182 -523 -327 -545 460 -264 -1229 -114 -518 374 -523 -175 31 532 -493 114 42 107 130 29 595 -79 -277 -78 853 437 242 225 186 115 567 -461 681 349 ]
[-382 -245 538 -134 468 -214 -693 -44 261 35 344 -518 -405 -51 320 1065 -293 258 398 501 -506 661 -571 -293 370 -550 -60 342 558 -201 -601 -751 -354 408 255 -1791 240 392 389 280 -410 -306 37 700 -347 -42 -138 -189 484 -378 -352 546 264 350 372 21 -789 276 391 -804 923 181 -430 -459 392 -693 -431 -173 -140 -37 -449 -80 -620 -851 -456 126 -435 -1675 301 -285 -625 479 319 214 -737 -223 424 548 1123 476 -248 -273 1097 -552 462 -315 219 -245 -97 451 1172 411 224 294 -373 ]
[-853 400 -91 78 168 10 -387 259 -141 144 407 1020 -689 713 18 947 -292 173 207 -239 323 150 733 488 334 54 37 -154 477 -511 243 -55 235 305 559 13 -126 242 332 28 -96 158 125 92 249 -179 108 -230 1514 15 27 -728 -101 396 -79 996 -222 -327 -351 -99 285 413 89 460 134 -889 -324 -577 1113 -335 185 38 -770 -299 -717 633 83 403 136 -478 -25 309 454 -196 -598 -126 -319 -10 -392 126 311 -355 -369 215 402 -343 -21 -94 380 242 219 9 -279 205 -132 ]
[-432 367 -480 -565 -625 -771 -190 131 2 590 133 474 -261 187 1011 -393 -172 -1219 830 -115 -859 371 841 123 84 -260 -114 185 -477 304 -1008 -218 226 207 114 437 90 -106 723 108 -609 875 -835 -720 871 52 -98 -418 -1304 11 -52 -875 898 -49 -625 812 -516 -374 -134 -756 919 -6 -587 727 459 297 298 -301 -709 -429 -210 -1067 -422 -482 -97 -493 301 1174 -489 -819 16 -561 634 212 -625 701 15 40 64 -472 502 1229 59 709 -483 441 -62 643 950 217 155 231 47 142 -11 ]
[-463 599 25 572 86 544 43 -490 281 709 -332 -541 117 419 -706 1623 321 -491 51 84 -231 643 -217 -295 -179 -58 -637 230 529 552 -504 407 -62 653 1215 -798 406 -91 987 33 -535 -758 -543 281 -95 -132 285 541 31 211 179 -4 320 207 3 -495 -412 211 123 -10 185 -502 -178 7 511 268 610 165 -809 -1325 -584 17 156 268 -244 251 -233 -351 -567 -7 -409 -759 -277 27 -245 666 287 -9 27 1130 -493 -796 604 -685 370 -983 688 -235 28 319 39 604 197 -315 446 ]
[675 -357 -890 105 191 -163 636 -262 521 -584 472 -587 165 -876 -723 -151 294 -796 -1050 703 -364 -435 -163 -646 -217 -1068 -500 -104 -481 1014 -70 -387 -25 -144 82 -310 1082 -487 -48 -569 -215 372 -169 -750 -457 703 693 -249 -205 77 -695 517 -312 -845 58 1053 -497 -251 62 -1232 474 612 347 -241 -720 439 -305 366 -591 125 -60 688 305 70 358 -901 -163 619 -602 -29 -660 1200 821 571 -57 -465 -651 -59 132 -34 420 -408 468 -43 -389 -400 345 517 -258 53 772 551 658 724 729 ]
[53 1 577 -809 -1250 871 -211 112 -491 443 -845 -175 -798 -91 637 -306 -214 -602 -923 698 -85 697 344 -1031 -165 -362 -779 267 -4 -436 167 -338 447 323 176 252 310 -116 598 -1061 853 -578 704 -640 -375 -247 24 -173 -501 -887 585 685 87 239 36 539 -216 592 284 -282 159 822 352 -373 110 451 -107 381 -657 -173 969 516 -390 751 148 -896 97 -206 141 -151 115 545 505 910 -641 492 366 -354 205 445 -1076 -158 564 -10 249 1048 -13 398 -398 -284 -655 266 284 191 126 ]
[-290 -653 38 -123 756 -281 -664 -182 101 64 -244 573 172 598 176 67 327 -37 -193 -690 -263 -731 -222 -19 522 -593 511 -429 -37 337 -478 122 -421 -506 202 -558 217 199 494 768 -244 520 -978 327 247 325 -844 -934 40 563 -311 3 -7 -9 -1200 240 277 -162 -587 -428 384 -284 -358 447 -348 -95 -805 -400 -115 348 -329 171 397 292 360 616 840 429 613 -251 239 202 187 -48 -91 -550 -512 608 366 -684 418 412 -413 263 237 392 -280 -270 387 86 118 -347 290 -130 53 ]
[544 -50 -337 -1180 652 -727 -93 279 -501 -315 41 -461 -472 1081 -57 183 -8 160 -192 -983 564 118 739 -121 117 -134 -49 468 48 154 191 838 721 195 -94 269 692 346 107 -911 -26 490 -517 -140 -528 -689 -112 683 -366 619 -24 168 -80 -869 -513 138 258 867 -391 115 22 -476 217 70 -317 834 837 -414 -413 675 515 412 1083 769 1124 66 -21 797 377 -280 0 391 636 537 159 422 424 -483 -470 279 -268 292 627 691 -496 838 -388 408 143 412 -321 -237 -314 237 -105 ]
[-726 283 -550 -763 -196 97 621 -193 32 -454 315 -30 57 -302 -184 536 -675 42 301 6 633 -300 -568 -75 -385 916 -533 -999 41 -303 566 404 211 191 23 -38 378 614 631 -222 387 -302 -18 196 -209 419 108 1173 309 1522 338 890 396 201 996 -85 285 110 -174 709 -820 911 -575 149 544 -13 26 396 -690 -1071 271 4 -309 326 -766 -105 21 -19 -32 38 300 151 649 -111 106 54 -340 -56 725 66 33 -38 -37 581 426 88 -702 -1002 -893 -10 -421 -1056 -82 100 -470 ]
[613 357 -282 -169 518 -774 389 77 697 -714 -58 177 189 -337 106 434 -209 -191 562 -909 674 -234 676 -501 809 -102 1529 577 -434 -378 -150 -232 392 -765 -426 -118 83 565 -56 -261 -241 435 -673 49 425 649 -217 -100 327 296 -274 154 -472 -103 -266 -99 -217 -304 -225 390 -22 59 229 478 341 -113 -561 894 -358 840 -461 270 155 -311 -359 485 507 1152 744 -99 354 381 -379 253 -226 -344 -924 691 -405 -894 357 -210 -403 464 -600 -431 -84 592 700 140 386 -943 70 -250 399 ]
[-323 653 954 1401 -232 416 -28 -361 -33 145 -597 220 1498 -247 -92 594 -41 533 -175 -1000 546 -182 368 130 -56 814 -145 426 154 101 1223 408 -703 -329 -263 -436 225 852 646 -330 493 -191 -291 222 -501 -866 -193 210 293 23 287 -172 -762 -282 -773 -1238 2345 487 764 -989 204 -421 33 447 -89 -757 838 165 -265 -166 -435 364 419 673 442 952 -348 -4 317 356 366 -796 -440 17 573 205 148 -411 263 241 -495 -471 -212 -12 312 567 170 747 471 -834 -339 -545 -1116 268 443 ]
[-266 -140 -644 74 309 243 -245 -210 -658 76 -67 -483 393 477 -56 -137 497 905 -290 260 934 558 -152 -225 208 -270 -877 -885 530 129 7 -419 -93 505 200 285 -473 383 554 203 462 -666 652 105 -446 -619 352 -148 -252 -420 554 -38 427 185 1637 -1199 -914 740 212 -555 -342 934 -195 88 73 139 577 622 156 744 75 -373 -476 -87 -819 54 -86 -15 -431 -236 157 85 -763 514 42 11 2 1377 322 45 -470 -458 81 215 -323 396 779 -566 -20 -277 -821 -194 -1 -246 60 ]
[-1377 -122 -673 -1086 -198 -302 -930 -211 -185 542 -942 326 -298 -738 -542 -44 673 -23 400 -195 639 380 -542 210 -301 634 858 -478 -485 -197 -735 -134 -336 -567 689 355 47 -563 914 -489 -1038 -544 -348 -29 -90 785 -10 693 -453 -4 351 -368 -157 -351 -604 -126 137 -345 -25 16 -34 -835 -25 454 -98 455 -95 -353 -235 68 -22 296 -239 -334 -42 -581 864 -12 823 80 324 -185 419 -968 627 389 251 -654 -455 -335 -212 8 -764 991 644 1319 -467 -83 -518 -72 -200 -1188 -715 240 167 ]
[450 65 -591 -234 -345 -333 -1 623 -179 113 891 244 38 -384 82 -86 10 -438 703 697 -161 -983 700 -420 507 -605 -601 808 -918 -24 -817 43 1054 521 -385 367 -107 -58 40 585 348 395 142 -548 612 -139 372 -272 -394 62 229 -447 652 -58 209 689 541 -121 -249 424 -144 802 1049 303 743 998 364 68 261 341 398 -5 -1334 -283 -544 -886 -29 728 -386 -1017 -483 226 -98 137 -639 -540 -285 -35 154 -1050 942 -258 -46 548 28 -6 287 -365 719 236 83 10 272 -425 -209 ]
[-582 -605 -353 617 199 347 101 -360 355 -487 516 -34 363 -595 -171 562 -1567 -98 59 211 296 -1441 -143 -466 -458 -71 -547 138 -297 258 -254 541 602 -31 -325 -1245 -61 -463 79 131 6 1273 789 251 369 456 814 123 343 988 -72 365 -401 -16 271 186 -517 -913 -537 620 145 919 637 316 607 -578 -106 842 629 -27 -671 -205 -411 -301 230 752 28 142 -294 -222 -667 222 -450 -437 -407 -831 87 291 -44 -114 531 -586 -448 314 205 -775 -386 22 -223 478 379 -439 146 249 137 ]
[347 -602 -522 652 -641 1262 -253 171 -322 -962 -404 -420 25 -368 -819 -565 -598 249 -898 1509 292 217 278 -121 -419 -213 -649 69 -85 659 325 -956 -36 -15 -739 280 469 47 -947 126 872 609 1396 561 -356 -204 454 284 193 -475 -256 -288 -322 -373 40 -298 128 -848 -485 -43 -463 -721 925 -83 -1183 503 -228 -229 950 1000 -435 715 292 -54 652 -103 374 -589 247 258 -395 19 72 -131 -559 -430 230 26 -935 -1311 572 273 -471 615 -432 763 -7 333 310 -178 541 301 57 284 -1182 ]
[-555 371 -124 626 217 565 96 -832 728 -15 745 1474 -221 -694 -377 400 -137 171 -54 -92 523 -159 -386 -19 -307 1013 -283 -244 -467 290 433 218 17 173 146 -167 377 312 225 679 738 -777 -179 -494 -523 323 -93 -362 1008 387 -238 326 622 924 -119 222 87 -313 614 545 -466 723 -530 360 513 -451 -1163 608 -818 -522 -69 63 -340 -207 -872 601 -132 400 -395 -532 341 672 -217 401 -16 -110 -1579 -16 -77 205 -470 -658 -858 -335 309 -303 185 -600 6 81 -1243 -628 -90 -277 428 ]
[0 469 -259 -234 -42 -538 -598 438 271 -20 159 290 -107 257 -560 -174 865 -264 379 -489 -418 299 824 -164 -292 -156 70 1146 224 227 283 201 -544 -157 -289 388 413 163 90 -273 -279 -9 -1253 -1360 -775 -341 -690 -1129 -170 -177 -91 73 -263 -686 -517 -378 146 1018 640 -575 742 -224 408 5 -339 277 -450 -768 -819 242 441 -138 27 858 734 585 121 576 -303 349 553 -469 673 317 -237 -192 -80 775 -414 319 -6 -112 849 -341 -65 -149 -407 453 840 7 -673 88 -785 -431 503 ]
[-174 -674 -506 681 -703 -144 678 9 68 -105 -176 52 458 -503 -231 -282 47 238 55 -25 -652 -184 -288 -187 -440 -372 -622 -394 391 1002 31 478 625 574 317 -106 596 -563 136 -90 -383 209 1238 302 -151 -627 595 1028 -596 109 516 433 32 81 -304 89 812 -889 -377 135 25 -238 137 540 421 118 568 -738 -464 128 -417 -390 -48 428 542 215 -858 182 116 -299 -135 -76 -134 -1073 14 312 1414 -817 -863 96 -442 -578 -279 22 496 -661 -128 -194 137 -497 -396 45 245 624 74 ]
[782 30 1247 143 1059 -114 406 218 265 -1136 232 -991 752 337 -92 -233 268 202 1052 -334 236 196 615 -264 505 -277 -708 497 210 688 -148 465 -245 290 -318 -105 -415 65 -95 -68 380 205 -168 66 97 -524 13 573 88 535 -71 387 413 124 526 -897 792 666 880 820 -499 33 441 -74 264 473 806 562 629 169 -197 184 642 -124 255 648 -533 809 -89 603 568 -106 201 -412 1175 392 -44 278 445 -199 -203 -108 505 -357 251 -247 -19 183 1031 122 -729 -778 -391 -395 -358 ]
[-474 166 -484 -133 655 116 440 155 40 -384 73 -257 -151 495 -78 198 156 420 298 -251 573 -344 -521 -262 -326 831 343 -618 -280 102 90 260 822 -363 111 500 283 745 -36 -521 344 -888 95 312 379 -1414 -468 352 325 388 211 442 307 351 -463 -332 56 330 -796 -582 -489 9 -521 -241 -183 -196 775 -284 -537 -112 536 -32 339 -259 111 289 -421 251 -37 -550 211 50 498 614 -458 544 448 -705 -592 -69 -481 5 229 319 -838 561 -309 148 1179 257 -209 -1102 -60 -373 5 ]
[-23 -240 458 121 -650 203 245 -537 254 -23 89 -270 613 -386 -244 -490 -47 -63 -536 644 -266 -355 82 199 491 -298 -371 531 -377 938 216 727 408 -327 311 -266 1344 143 317 -171 -30 131 -292 -296 -109 -171 -264 -611 -464 -660 -106 -226 815 -791 -618 200 353 487 -808 -764 560 47 489 549 -752 -62 1006 -212 -318 -204 -634 -5 555 307 915 -220 -348 331 49 717 2 549 789 -485 -52 869 1163 -303 -405 183 -40 462 -351 -822 -402 533 -139 453 221 33 610 632 -506 333 216 ]
[661 -606 343 336 -431 -317 -1048 220 -262 -679 140 -1074 228 370 186 -178 -628 -67 -242 -53 -333 652 344 -57 -86 243 -515 -344 -165 -26 -644 -459 -908 -292 -417 -153 57 -720 267 -359 259 -13 317 130 719 129 -59 -753 -357 -123 -199 -768 104 -243 -74 917 -582 -284 82 63 544 -343 421 -73 4 994 39 -14 144 758 -138 460 616 -850 635 87 40 -11 40 -298 266 -271 -655 632 36 264 -245 -572 198 207 -234 49 -425 209 422 711 18 714 138 86 -93 355 -113 385 163 ]
[-104 -751 1408 -322 122 461 -523 210 -253 186 -305 282 -6 322 202 904 -713 279 -1000 -147 538 1095 -32 -420 110 503 624 -484 13 203 -1138 -186 194 898 302 -224 99 -758 584 859 -944 -120 -109 967 172 -12 956 -100 991 930 -188 -924 -573 202 -34 185 684 -559 -1038 441 -360 -996 521 -482 64 -81 216 548 803 3 -302 908 638 -114 338 876 153 321 736 795 -423 149 -810 -178 -437 164 546 255 -765 107 -441 -547 -1008 -78 668 69 264 -188 -286 326 -567 -753 807 -70 -564 ]
[-240 7 783 475 -70 -28 -230 -170 -187 401 -15 300 685 444 51 -275 -386 -586 -109 -752 -15 957 947 285 -125 276 550 467 938 -135 991 -58 -70 -38 -251 100 -173 710 219 -58 -358 679 -777 -367 -629 691 -628 178 88 782 -449 371 447 -194 -741 -123 1041 -461 833 723 -369 -561 -87 -362 -318 -315 -1023 -672 -303 4 59 233 -178 -33 68 351 112 -373 145 527 919 286 326 -33 577 -823 -213 313 630 -96 294 77 119 727 519 -197 -867 731 -857 -53 79 -614 -80 405 337 ]
[162 532 969 -398 -514 -66 112 188 309 -51 36 214 -1057 476 -637 -332 31 -75 320 48 52 -288 420 353 -62 -671 -553 490 -431 -323 489 314 1070 267 58 115 892 -41 -659 -635 667 801 595 19 -675 -309 1025 -139 354 -451 -86 164 416 -419 -120 474 217 -389 199 961 -454 -341 650 -568 723 403 -182 -289 -223 196 702 -397 -317 6 538 196 -478 66 244 6 486 289 633 212 300 96 -346 -627 -76 308 -1039 -452 86 -113 102 -82 -113 513 47 35 -619 453 9 -359 -675 ]
[-255 107 -871 -989 -476 203 -409 -134 -5 -462 53 748 -68 346 -443 -547 -118 145 -568 33 -649 210 416 -343 264 -753 604 -1396 -454 0 -147 -474 -176 399 287 1151 -30 89 -136 176 166 -639 918 -209 90 1333 -506 184 -23 -270 273 138 -235 424 -43 311 -292 -748 -345 475 -673 -458 -666 707 -49 126 -976 625 991 -464 461 391 -80 107 -1131 -23 -126 -687 219 -976 762 -471 -371 8 -260 -209 238 -129 318 -374 65 -824 -693 275 418 -365 164 -838 -765 -1109 -490 93 480 53 -83 ]
[303 373 201 -432 129 -698 273 160 512 247 113 -72 -452 -557 -10 785 -236 -306 -462 180 349 267 -693 -706 671 672 24 527 293 350 749 -347 467 -68 137 -976 1266 -14 762 -716 100 -1186 -773 -228 -477 -538 -462 -175 492 -226 549 451 465 -90 24 -334 316 908 -661 -267 249 335 361 59 -195 -102 91 -4 -1109 85 -205 793 -1185 500 193 -963 -918 -625 284 906 22 845 656 -204 -563 358 74 144 -326 -33 -365 -178 81 -484 13 535 -418 49 -327 179 849 -558 -276 -58 218 ]
[-745 -198 -287 -325 104 -856 -1123 -606 370 840 -131 380 -859 131 -405 125 483 295 -778 164 30 -23 -728 29 -245 317 -646 -688 625 -349 -436 249 251 -227 704 -625 -94 -459 -294 -388 -298 -731 211 -134 -256 491 774 -10 555 -305 480 -129 -326 -118 -154 -122 -281 -769 -908 -31 467 -838 376 -1 -290 11 -459 -1075 -194 504 97 483 -880 -39 363 415 18 -1209 671 308 -35 37 -929 -1070 -267 -377 511 -1041 -483 -28 -517 54 -892 -577 252 284 -717 -286 -505 138 -321 153 -625 213 -363 ]
[259 -740 295 235 372 -50 -119 -28 -221 -512 -407 212 -303 231 -53 123 1192 815 1087 -570 146 0 260 150 -471 -448 1094 104 383 197 -222 -161 -863 -325 -392 216 -1200 22 267 212 813 1201 -40 431 -827 331 -576 -223 -171 576 37 -189 404 654 -503 1366 35 -346 -109 334 651 7 -934 580 294 42 -457 -176 273 -12 -707 -543 580 148 907 519 953 1245 -509 -257 -472 75 -170 529 -158 226 -588 204 596 193 158 847 233 272 331 -389 17 -438 -126 -879 -163 501 172 198 -542 ]
[-180 -323 216 228 669 -239 111 133 -298 -410 207 911 -611 259 -464 -545 738 267 -266 -541 -183 74 -536 -727 -61 -424 -611 -1292 -142 -457 196 -477 -433 34 -128 43 -639 -774 60 -214 388 -106 959 449 -72 -225 45 348 317 -534 519 203 307 987 67 658 289 -455 -273 383 -148 100 -656 488 73 -349 -159 -316 -143 559 114 279 46 665 312 -280 -323 -219 -229 -140 26 9 14 -109 -441 101 -713 -204 465 990 -344 -94 -151 -527 533 -288 -55 -1224 -333 -588 -1037 455 259 -350 274 ]
[-577 39 -470 -1494 390 177 492 32 -504 -172 105 -235 -503 43 79 -1226 -1116 192 -210 979 432 -50 -227 -336 -315 -543 -39 -112 44 81 -1284 1014 394 226 103 625 879 -421 476 843 -42 106 594 -491 265 220 -172 -803 -240 760 -447 64 930 243 841 -552 -362 479 -261 -397 -338 180 -46 194 -112 -356 870 59 350 -745 -43 467 694 -698 -491 478 184 740 215 -57 -39 776 213 -222 246 682 21 479 140 84 -303 184 -645 -22 -262 184 -271 -475 353 681 -231 -627 416 -370 -324 ]
[207 717 376 -748 754 -296 403 -112 -156 359 -571 -678 24 -17 220 92 -425 354 340 23 365 2 266 239 -193 -37 -413 -645 155 52 94 243 -128 33 -162 -147 306 412 -16 -135 1336 -337 780 -502 173 -676 -472 -196 424 -220 733 -271 -430 1640 -93 -751 268 40 -626 -444 -405 55 -595 877 -296 134 1124 323 471 -76 326 388 645 282 370 1520 -102 -174 367 6 155 -277 -166 71 -443 648 298 800 -236 -326 168 -647 358 337 -430 53 -540 -324 156 -184 -166 -50 901 38 -329 ]
[-664 1048 -164 -170 594 -1367 -243 -877 619 374 206 595 -582 805 -219 -446 76 -977 24 -998 -535 804 71 219 395 557 454 -732 404 406 711 -32 -147 55 -694 151 -238 1055 -667 102 -1461 -12 -77 -160 -683 243 528 399 657 -656 -51 -351 -464 113 -352 -1160 -344 -52 230 76 20 -723 -691 -573 -223 -38 -316 -376 -499 1507 -68 48 -70 -397 -584 872 -405 -437 57 -155 501 295 -840 -545 -685 -1111 424 389 -567 -119 -349 -124 -291 220 -689 -406 -321 426 -713 79 -536 -450 16 141 -444 ]
[512 158 -246 305 127 -887 662 -268 950 -225 184 207 -930 -210 251 -200 -144 319 557 -758 85 -366 -451 557 140 -297 503 628 -25 685 -285 531 -399 -11 -707 -83 610 599 209 267 -672 586 -428 -469 -496 383 -61 243 -751 947 -580 708 -252 98 -847 -789 182 242 1088 -187 649 598 -49 257 766 -338 160 561 -530 -61 -92 -156 -500 593 218 -198 581 750 -296 617 -22 770 312 -432 749 319 275 -71 209 -32 24 1133 -647 -605 -307 -147 289 618 203 336 488 -374 247 183 481 ]
[-213 408 191 -883 626 16 -88 63 850 310 528 451 -452 651 -149 301 227 760 -182 157 469 -494 -20 -225 -270 541 -431 356 35 -396 -102 840 55 -378 218 -366 -145 -318 -433 -92 163 -755 -1101 -227 -795 601 -266 -647 197 -127 -479 624 810 -189 130 -24 17 679 184 -376 683 -193 61 -551 267 -416 -1076 -828 -754 -448 -29 1204 -815 277 -613 -46 -330 -527 -413 29 559 421 984 142 -623 -855 -1385 297 42 141 -313 66 76 -233 -607 76 -1156 -486 -162 -106 -410 -1108 -655 -110 381 ]
[-75 781 -482 103 411 -131 -660 -84 -446 945 683 -991 146 446 -194 -81 337 -320 -179 -350 -360 -390 -323 -217 40 920 -499 -538 -695 -247 720 256 -412 -678 235 91 -148 480 -21 -169 932 -1307 -558 -1025 23 -596 -872 -1605 479 -359 169 -129 -221 257 280 -41 -901 809 179 -425 57 894 -294 131 -205 -277 -956 143 576 -802 899 170 -144 -234 -864 -375 88 -475 -463 -613 -115 -891 450 181 187 -137 -402 -206 320 -110 -182 -57 461 -446 -91 -252 -778 -1591 399 -284 -619 139 -783 -1087 848 ]
[-10 89 -41 237 -58 113 -836 -512 84 509 507 -89 -634 -918 113 694 -813 -220 -295 -495 -115 -739 19 222 -357 53 -325 360 -687 -130 -214 463 -82 -1082 85 -639 1014 -14 36 54 242 6 265 -91 91 767 -515 -304 424 -114 -224 -362 -429 -124 -375 -61 -741 -324 -38 294 -958 109 344 246 171 144 -633 208 -373 475 97 -255 -275 -525 321 94 663 -632 486 465 -383 290 376 619 -69 152 -721 -47 266 -331 160 -698 -241 -543 -65 471 -515 -278 -327 498 144 -159 178 332 50 ]
[481 -341 367 998 -123 -128 -1128 465 -1085 22 -161 -362 598 153 819 -549 319 -320 -665 -527 36 663 602 -882 700 -156 -803 337 -649 -761 -846 -1219 -103 40 -696 -187 -764 -61 -153 -240 723 243 297 106 -321 11 857 -645 -496 -157 234 -234 -307 -105 -259 470 408 377 -59 -18 612 -665 567 475 -594 103 146 -349 431 589 531 212 90 18 120 -118 -251 -102 -163 111 -230 -1435 -385 367 -1034 21 72 -450 -605 -136 -62 689 -75 -255 -563 -335 287 -724 671 -442 45 794 -1006 247 -442 ]
[-941 206 1108 267 13 362 258 -5 -259 -396 -277 50 351 -335 213 309 439 184 -145 -471 550 -367 116 -127 -297 177 115 484 -74 -949 271 -733 581 -366 -318 -98 31 690 37 -1419 325 639 -602 738 -333 -476 -260 198 148 272 202 1075 -313 39 -704 403 916 712 68 -601 664 -548 185 -519 168 -472 850 855 -1041 -380 -43 -412 313 255 736 346 -149 -39 385 -624 -155 -136 738 1168 455 636 -157 -256 843 1012 -640 -184 829 13 209 358 391 667 -99 36 484 801 -867 167 -464 ]
[348 55 258 13 386 813 951 48 -19 -163 -285 -249 188 -450 5 -1011 17 -471 366 -221 -450 -175 -1103 258 -812 262 -532 -1074 -233 659 590 986 -1615 -53 -369 682 -529 -927 -465 -106 602 -119 649 166 -361 -233 307 -310 -121 488 -475 438 20 -703 892 -21 1284 635 2138 572 -383 286 -241 265 -559 426 -390 -35 -638 -143 25 220 259 312 276 -51 -315 1000 -649 -413 -394 -733 -78 280 903 -379 -763 -615 1076 129 166 875 -60 -89 298 -319 41 718 618 233 -942 127 40 734 -158 ]
[462 254 -187 -380 253 -89 -183 -228 -32 394 543 -35 -595 459 -212 -406 -60 -868 143 38 -545 -537 1223 -666 8 -558 237 -63 -349 -249 16 -546 300 116 -655 -149 -109 627 -1048 293 -70 4 -179 -256 -332 -411 111 -9 244 -725 426 13 -72 86 -78 -46 -686 725 -969 -422 412 520 -322 -775 -240 27 112 126 148 -489 536 -456 323 -246 35 -720 318 -562 -574 -167 -297 -232 562 263 -1319 -298 314 -184 -498 -397 -2 445 661 -44 -718 -918 -824 -1310 243 -125 901 785 300 -479 -478 ]
[-29 647 57 -48 704 113 -401 169 16 726 -298 98 -26 328 88 1390 198 721 373 -938 323 -145 -56 445 207 -285 393 682 -472 -178 -320 266 571 -296 954 -400 472 -451 811 -704 260 -268 99 85 736 -460 -329 -375 544 -712 175 -522 -197 -265 -303 -551 -1968 136 -900 674 70 -395 459 -140 867 -760 515 982 488 971 -403 38 22 211 -32 -2 -177 43 949 214 -371 746 -639 -209 223 709 566 169 -849 703 -292 -1104 367 -437 548 -8 167 480 -771 483 361 -60 -646 -281 427 ]
[363 621 110 323 445 -394 297 190 178 -1295 491 201 -10 -2 414 -177 -705 -107 -251 -1140 -54 -135 -90 490 391 649 100 11 -463 -1079 -264 311 -108 -569 -462 -195 136 -391 378 -97 -500 571 -43 282 1112 200 200 -197 515 398 -159 -466 -877 -41 -21 195 579 397 119 715 213 325 -129 745 23 289 -259 695 -606 -637 -118 -635 410 -97 669 562 -301 322 844 213 269 -313 -288 730 361 -77 -827 -844 -182 -456 119 -100 -506 -427 -414 -431 -1 -67 525 243 314 -260 46 363 372 ]
[-376 768 -473 -255 -1014 -111 397 304 546 464 -351 -23 837 -155 -53 -370 -308 109 -512 -271 1218 261 -132 -824 634 -222 -202 -209 1089 -200 310 -63 297 419 479 -142 512 516 662 305 -760 -359 -439 610 -351 -174 417 464 -122 625 -127 955 256 -634 1413 -743 138 131 326 -539 -435 310 417 -395 -368 -649 -274 27 -887 -541 -333 966 -1101 125 -968 -44 -430 -717 520 -470 769 78 357 -322 599 -131 516 153 357 495 -195 127 60 323 -371 -85 -545 221 -104 58 106 88 -289 -186 117 ]
[-880 426 585 -533 470 -635 256 -252 405 371 -530 -722 -65 1362 297 56 435 -61 508 -273 -184 26 95 416 491 510 -14 -664 924 -107 -71 -816 -457 -311 387 -954 -818 434 -342 -1148 376 394 -835 57 328 680 13 918 25 -401 865 -653 -21 831 -437 -37 -494 39 201 -182 598 -1029 -772 330 147 78 655 208 937 -341 225 191 138 -515 -357 762 -386 649 -121 -716 -114 -562 -547 -1015 185 116 345 582 -384 214 -233 -215 -387 751 248 126 -351 -44 -397 -398 756 -773 -507 -326 179 ]
[-277 -26 -803 -515 -56 -203 514 -325 438 420 -187 -336 514 459 -443 546 778 -49 121 662 537 -11 -605 -777 -1036 -308 658 -194 -523 562 -729 487 1063 -13 -78 -177 173 680 295 -151 -105 336 -1564 507 -5 -277 -320 -889 36 14 -29 1275 828 -380 -705 -18 -992 546 -679 -1146 551 -137 -689 -229 -912 -258 195 338 -1200 -1550 -367 748 -331 205 -427 -599 178 550 -188 -953 -570 53 698 -245 -22 -409 -263 658 531 65 -700 73 558 904 337 82 -56 -227 255 285 -451 -288 -53 -717 552 ]
[121 -107 -1006 1247 -132 -354 245 -60 -129 -808 239 -280 250 -26 128 853 728 444 888 -288 -285 -152 -270 36 264 331 -267 247 -121 771 -82 477 -76 24 1147 -14 765 568 398 48 -4 -239 109 295 496 -1067 851 1381 -17 922 -566 647 614 -63 334 -231 -427 -501 -197 1124 -281 -147 -415 -30 1006 422 634 -883 -385 1241 -409 -312 219 -360 -107 214 -433 240 420 -371 152 -647 -921 33 -14 821 242 -403 -452 190 -584 -189 684 -144 3 -896 324 150 504 500 -348 -55 -558 -587 -77 ]
[16 -16 695 894 225 -625 272 -529 -15 -463 -85 409 -104 32 479 408 -64 -738 -47 -354 -576 153 772 -240 99 779 822 -34 -210 -646 433 -622 50 -828 -906 333 35 1005 -266 -407 347 87 8 -973 -218 -134 -243 -718 751 -133 32 244 -44 1090 -230 1084 -212 -206 -961 -113 113 -360 -449 510 1 -574 222 -260 282 1560 144 -425 802 -209 -772 634 -356 -311 -444 437 823 -349 294 29 -315 51 -574 -23 -993 98 593 -359 319 -651 68 -125 -268 -182 316 37 933 215 -306 607 -349 ]
[-404 -591 -586 -314 389 117 296 -518 475 338 765 706 228 -424 55 189 -15 555 492 38 -313 -1051 -862 -571 197 139 140 -123 -750 -203 -496 790 194 -262 85 -276 -844 332 -790 552 -610 -695 -147 61 -83 1193 370 -208 -376 -293 -226 224 -340 -54 -222 -1281 147 348 285 509 -443 84 -2 -69 756 -833 -309 -650 -9 297 -224 -111 320 257 -163 487 732 -861 164 -327 -28 -540 -379 -655 -175 -366 895 840 -63 -102 -593 187 -216 -432 -167 861 -143 159 -506 -292 -772 -954 -594 -9 19 ]
[-655 -755 -327 185 531 6 -622 123 -271 119 137 589 -329 -157 365 1527 -63 -362 115 -778 -102 -157 -734 -179 664 990 343 -181 -192 156 341 -185 -239 -182 533 159 -260 61 147 -465 818 83 -606 79 332 559 731 1024 -731 475 800 -271 -404 303 -633 -357 1637 173 -365 1024 -23 -1439 209 535 221 8 1333 326 322 1079 -328 296 40 115 -250 70 -571 -370 -285 179 276 -1168 125 -923 14 68 691 -1319 -213 -257 -483 85 -485 -257 58 704 -240 -541 336 -415 346 -669 -413 720 211 ]
[-628 563 32 -593 480 -785 579 -199 176 423 101 -1103 -1352 966 241 -733 -27 -791 775 -288 -763 -3 362 213 99 -497 -113 180 99 295 -397 750 312 298 -597 157 329 281 -1209 -353 -289 685 386 -294 -535 -175 -737 825 -355 36 -483 655 330 484 -313 -210 107 -236 925 -675 572 104 -1060 426 -566 -112 210 -840 -247 -666 533 496 -110 -130 -399 -240 -174 101 109 -800 246 177 853 -488 -227 222 -395 51 388 -133 699 920 534 280 -731 -274 -595 -154 26 22 329 221 85 227 -162 ]
]
