[[117 -364 -386 -324 347 143 313 253 45 443 -1023 -396 416 111 -111 286 891 -245 -122 -622 -258 520 -144 -681 73 -6 -560 -82 158 361 -105 192 80 40 -579 -232 7 611 -96 -651 -285 -339 -405 -399 -244 -243 -352 558 737 -49 -479 106 309 -292 -176 -259 209 449 -248 -12 -257 -124 -8 -17 495 -139 -323 197 241 22 -99 719 -202 37 -601 -117 -618 337 -592 -373 129 -958 -4 -69 -544 -615 945 114 -136 617 -254 400 123 -201 109 -259 111 -19 -222 -340 -739 -417 39 -361 171 ]
[352 -510 188 17 -160 181 -537 608 310 -60 -785 246 59 -157 -632 381 256 -661 -759 -455 -200 -72 -271 -1062 67 390 -257 168 36 615 -228 68 -97 -340 -566 -556 44 930 15 -439 -170 -637 -242 -454 203 30 168 -169 122 288 -70 -224 13 -343 484 146 -710 539 -312 -14 228 -523 -326 -340 212 -505 66 253 -639 171 64 314 -120 9 -559 -112 828 -171 173 127 64 285 -273 229 167 -750 -7 730 209 -606 -269 -527 756 -103 566 -400 -2 250 238 452 -238 49 -45 -4 84 ]
[633 263 189 -508 -381 -797 -384 36 -757 343 -527 -187 40 113 -153 -15 135 -4 537 -621 237 321 37 -48 -458 -91 219 100 300 -12 91 -549 -366 616 -344 4 -330 -311 -435 328 116 -449 -99 716 389 35 -111 631 245 600 -47 82 154 -310 -230 -485 130 -215 147 -368 -348 589 340 -33 678 -327 -483 884 160 461 166 188 431 -24 7 -555 -210 356 47 15 -265 130 612 164 -609 689 129 -467 -847 315 473 375 -93 708 18 280 314 174 -439 -211 -776 -544 112 -158 442 ]
[-752 494 -667 -44 62 26 438 294 262 -152 -107 333 490 220 -118 -403 1232 145 -121 -57 -106 -547 -398 -264 667 -700 -186 -88 187 510 -214 54 475 -196 435 -130 -425 286 -192 50 104 -247 -421 -1035 -648 186 212 502 -198 -51 -408 504 172 -63 -117 -276 -17 297 -724 542 -14 339 -602 -46 -548 -1012 -149 8 -306 -645 -53 -282 -163 130 86 -585 -787 -469 -123 -150 144 -350 -163 -464 -521 -826 -203 343 246 311 42 239 692 -4 205 49 -69 -128 -107 360 -47 626 -116 -185 413 ]
[-1008 677 365 -61 -61 61 1134 -13 132 -322 228 -38 165 -144 15 -328 64 730 -19 89 -13 -573 -58 567 396 -187 -36 -544 460 -591 -113 72 -51 265 769 -298 -165 -669 -568 -266 -149 644 -8 -302 87 454 373 -372 145 -118 184 -375 210 324 -371 134 -474 -639 292 638 -632 477 -625 -129 -860 241 -346 -383 -394 58 -447 -386 -194 -519 183 119 -135 -644 214 -69 154 341 393 -460 -155 -47 -592 -103 526 277 424 118 -623 -673 -145 197 176 318 -558 147 1217 -380 -108 -766 681 ]
[-60 252 -439 -307 271 430 -216 50 270 -485 116 270 -659 -204 277 473 89 -968 -267 831 -215 -40 74 -97 -268 -158 7 -6 -49 611 278 335 288 -550 -154 173 -490 663 719 807 -120 -794 825 -266 -172 -782 193 -122 33 -555 -778 8 220 -359 -162 -46 234 309 -56 290 644 433 -134 -157 16 598 -35 142 205 -609 -35 399 146 867 62 96 509 370 -302 525 393 -87 -8 154 -205 -755 419 181 68 -227 -50 147 261 -64 -174 394 -321 19 185 7 33 1199 399 317 -558 ]
[361 58 -633 196 148 -138 534 27 -841 167 -19 278 93 -440 -831 -333 822 530 140 96 335 597 101 64 488 264 421 -52 -79 -825 229 -152 -174 165 244 190 302 -898 -419 584 -255 -259 -657 -224 -149 677 -10 347 34 -157 234 65 -207 -430 -424 162 -190 11 -297 -542 -249 399 -102 65 202 -571 230 -652 -206 -288 184 -131 -593 -422 -153 -107 -618 -609 165 -241 -37 -249 218 -245 -476 850 6 166 556 -269 -97 272 122 531 577 -35 490 83 294 -104 -615 -582 616 -173 163 ]
[-370 1212 -406 -176 6 65 -78 -505 -9 -855 248 74 -378 -681 644 -460 -133 220 676 721 446 -668 312 902 -171 -1229 105 280 241 119 -86 223 -20 -638 899 421 -1039 159 965 781 387 283 619 61 -309 84 -34 164 -587 -890 -199 431 -344 1245 -333 118 38 524 -30 470 329 732 534 -158 -615 -142 28 -106 633 -767 -310 -378 458 -76 -65 205 178 199 -762 154 -41 -81 188 213 34 -462 -332 -703 -681 -302 394 -149 -15 117 -455 -126 -752 -165 -285 97 534 1078 701 150 -133 ]
[94 -317 472 327 -432 -315 393 274 141 589 -328 149 -101 67 65 -24 658 615 42 -562 -90 354 -664 132 311 -745 247 164 9 341 283 145 237 605 391 -563 -81 -839 -928 -717 -691 98 -66 -26 -322 707 -473 -216 373 619 -100 398 118 -435 -452 150 380 -663 -274 -416 -449 -276 -239 385 44 -838 -122 614 -599 -96 -430 377 -361 157 -107 -151 -315 543 -204 -208 126 -336 113 -847 202 -746 -626 272 -215 486 98 356 -444 392 6 139 409 248 -314 -60 69 -584 -533 -190 846 ]
[163 -540 910 136 -602 -125 -546 290 358 -183 509 254 -198 -73 -111 36 -174 -71 -2 362 27 -53 -171 270 -239 318 275 456 -560 78 -229 41 1043 -267 -563 354 607 -374 -113 -953 -358 -104 89 696 -594 -251 -389 -996 201 298 384 -151 359 -450 412 9 350 -963 -54 -440 678 -556 184 202 396 365 477 -318 -364 -359 45 -1113 -34 385 181 393 1171 172 175 271 167 -145 -324 -426 852 -60 37 211 -76 -498 -142 -877 -572 939 -4 425 -44 106 334 395 517 598 -311 735 -220 ]
[183 -273 468 742 434 434 -793 -341 -279 43 -1071 -704 -855 -392 -102 979 -21 -185 -219 -546 -144 964 -92 -317 -83 -676 -197 429 46 318 -74 231 -759 318 207 394 163 100 69 104 229 92 292 111 300 -138 -117 557 -51 -108 -184 -98 -273 -304 213 101 -325 -246 -186 -828 -155 -87 690 351 543 -150 366 109 163 716 581 1021 496 -122 -882 -23 559 805 -719 100 433 -71 -41 673 728 -432 -341 -638 -497 -76 103 -93 361 -403 60 -496 167 3 -163 -128 -940 -611 44 58 -457 ]
[3 173 -853 -957 537 617 -391 406 372 64 633 382 -121 831 345 -72 -27 -316 -956 -187 -174 -135 180 -1048 -370 -28 -324 -773 -112 -175 69 -393 143 -41 -738 489 -211 716 913 615 332 -45 506 -113 186 -465 -368 793 -94 380 -564 616 162 84 -721 -475 210 740 -43 469 25 7 446 -17 192 381 9 548 890 -30 119 508 -23 -101 229 -893 -804 336 272 -53 54 -633 276 350 -509 113 1117 416 -224 468 -241 395 379 -98 -12 -39 -92 321 684 -319 -482 296 -6 -175 -128 ]
[1113 -76 -425 -438 -106 -720 -463 -331 -580 98 -397 -329 116 199 -311 93 -184 -539 603 -597 367 299 281 -376 -558 786 -78 841 86 500 -206 -279 -140 -404 117 -111 27 1217 821 -112 -174 -1089 8 -54 -191 -280 360 -69 500 -190 -408 -587 -214 -151 101 -48 114 1507 -119 -47 374 -69 47 -147 -17 90 210 433 793 233 -613 198 107 -155 -194 667 243 194 -414 136 -498 404 -108 199 -224 544 464 -44 -53 -613 45 241 515 146 -112 2 -689 -160 -605 -743 -860 460 410 469 -637 ]
[-90 210 661 225 -986 223 -513 765 339 -604 487 415 283 -582 -166 -355 -571 1209 -431 276 60 -98 -790 73 -313 -912 256 -251 -365 13 153 115 -456 285 245 401 -289 -587 -247 -353 155 579 -72 338 447 475 -502 20 -400 -95 595 229 -410 723 136 357 -166 41 700 -264 -528 -362 383 -310 405 -370 -18 803 -490 -7 190 -603 35 -489 -751 -715 961 163 751 -568 -268 287 -487 -351 854 -262 -700 -77 -584 -422 36 -309 -416 296 -108 -534 -126 233 202 73 610 -175 -204 168 793 ]
[235 446 -446 -1174 -230 521 -885 528 -25 -854 -587 354 -400 -529 -544 -104 1273 -451 -863 285 440 814 -390 -637 55 -301 -426 169 -220 430 61 -404 630 125 -576 641 -57 242 -268 -17 204 -1233 -428 -703 -151 -597 -54 777 497 -243 -579 -405 -69 -1374 -473 41 -785 452 -340 234 -469 1049 -344 -185 448 -500 78 820 -181 -120 325 -352 -81 315 35 -996 753 -179 291 51 339 -493 199 -147 -445 -276 903 499 241 -347 444 29 453 556 813 95 186 591 686 -71 -281 646 367 523 183 ]
[-86 549 -457 242 554 669 363 501 87 0 401 237 -67 146 -674 108 889 -103 -496 -82 -890 -109 156 -37 174 -339 18 -40 207 -280 -833 26 389 -577 1163 653 903 -49 221 61 -369 141 -484 -351 -1277 542 382 343 57 -431 11 331 183 -862 -734 -411 -279 -47 -906 271 405 -41 198 64 -656 -290 -10 -1632 -69 -234 615 -31 -439 -752 2 -322 -302 -425 -158 31 351 -565 29 367 263 12 370 103 919 -128 -290 81 441 -127 406 -38 172 -185 -282 775 -388 389 258 -447 -101 ]
[1014 -180 709 411 35 -552 -336 -90 -92 818 547 356 -262 293 291 -240 -793 -117 -527 -533 -346 -609 53 10 -440 -277 120 -505 443 45 -433 -438 -411 316 201 0 507 -641 -941 -94 -300 179 -240 725 326 607 -366 -83 3 854 893 104 143 -661 -402 -305 384 -122 174 -752 -233 -884 -300 139 -181 -443 -294 344 -946 251 110 264 130 -363 642 -423 -171 537 681 123 -120 86 337 -226 793 120 -448 939 222 78 133 20 -76 468 830 -45 244 -272 -22 160 438 -629 -1063 231 42 ]
[861 -137 -595 -295 -46 671 259 36 -122 -296 809 1130 -259 140 416 -9 -547 -403 -134 849 -474 -625 348 720 -268 510 205 -439 100 238 -117 417 189 -703 -89 280 -59 -423 40 573 -217 -121 469 250 42 -152 563 -353 -243 -1046 173 -627 172 -357 91 -106 938 89 551 265 532 -234 -333 238 -431 514 123 -795 -265 -284 -16 -446 -473 135 255 -102 6 -346 598 649 -236 -438 -499 -48 188 643 1109 1047 446 -229 -228 -70 -135 502 647 502 -75 -488 49 225 829 966 29 716 -758 ]
[-198 252 716 -193 344 534 80 -457 780 346 -192 -973 -224 -418 -39 220 389 88 -113 -562 103 259 263 0 -541 -911 -49 23 225 -304 -575 386 375 -36 -278 377 134 59 428 -731 -130 396 -12 579 -740 115 -1385 -682 1065 271 -573 508 -138 605 -832 32 82 -761 -139 -575 -38 -546 1184 -321 430 92 -122 106 546 796 -660 -186 173 -654 -604 363 265 1233 -1064 -365 247 -607 414 362 320 -1011 145 -1306 -642 1005 59 112 -820 -112 -326 -539 333 768 -74 95 361 -775 -113 -643 136 ]
[428 -400 844 708 -287 -35 -111 848 -401 887 -582 -432 119 -94 342 -185 89 -114 -545 -452 -538 -374 -14 -624 -275 -284 -547 -485 932 314 90 -46 -48 172 -124 -536 395 80 -1337 -944 -595 469 -381 470 1042 300 -649 267 160 925 589 705 510 -496 150 -225 30 78 -205 -137 -787 -664 -87 152 9 -400 -501 680 -971 336 20 1372 217 83 11 139 -11 280 53 -525 343 -505 176 -332 15 -680 -433 324 49 0 -669 -313 14 -127 14 -270 -484 266 98 171 265 -621 -1099 -340 889 ]
[13 -563 999 1179 -478 291 210 101 -104 613 -418 -682 138 -245 -253 586 548 -446 175 -277 91 453 -22 -372 -135 756 -74 -366 19 31 -126 281 795 303 -512 -554 490 -739 -578 -922 -244 -415 -414 613 380 -226 -239 -597 66 204 169 36 578 -321 65 0 233 -416 -377 -341 183 -393 -417 238 441 179 5 -463 -191 -23 178 622 -153 272 -334 918 230 375 -620 39 564 -24 -71 407 36 -279 -242 -282 -121 189 -405 39 -317 320 -265 -176 -33 418 -68 906 -538 112 -259 -510 207 ]
[-350 -115 -628 -187 890 326 618 -593 384 -340 -540 -36 432 630 555 -269 558 188 189 -692 115 -27 190 64 564 -880 -625 38 -171 -18 -535 501 17 -85 361 -182 -404 905 -200 -414 729 201 117 -1420 -1052 29 -63 290 17 -155 -720 -548 -318 179 34 223 274 -247 -126 -194 -373 -32 241 426 -610 -863 462 149 444 679 -226 -686 -200 -255 -540 1 -1193 -416 -673 -72 92 82 -533 -152 136 -777 -236 7 139 662 335 56 118 -1169 358 -71 276 -653 -869 -644 612 -231 -596 -266 -491 ]
[-170 -210 -457 -586 340 -715 -273 -1008 155 -876 -353 -239 -176 -506 -248 329 -801 82 278 91 281 315 171 493 -586 -285 -154 232 -154 -132 280 -484 -580 760 -99 -110 -180 -47 598 107 -89 -76 20 -225 885 -20 -418 105 386 -264 291 -983 103 835 90 396 -199 276 852 56 -267 691 13 -384 147 497 -62 588 -66 270 -798 76 381 94 222 425 327 64 -52 355 -439 310 310 100 299 -21 493 -433 -462 71 663 -175 -411 -706 -221 492 324 235 65 -950 198 -550 790 -179 -266 ]
[-57 -283 340 30 -58 -391 -427 428 -870 389 -55 -195 -267 -425 -292 -357 140 -134 -147 412 438 920 17 65 -127 596 -11 93 226 -361 116 -640 -267 326 -844 -295 178 -759 -810 288 -429 -392 -193 107 521 -522 -478 316 148 385 -160 307 75 -587 -106 200 14 -192 -232 -962 -327 -20 -368 202 1219 232 300 695 -505 -1080 262 152 -117 457 500 -107 531 651 465 -328 122 -1280 506 -1052 -491 199 -435 687 116 -898 -36 232 34 800 437 272 -158 -500 1088 -595 -316 -214 -320 453 342 ]
[609 615 456 -420 -598 -132 68 560 -223 164 -436 220 910 -798 -505 691 -605 -531 361 68 -307 139 -348 161 -1311 937 639 -432 659 -132 -150 -31 -1539 113 -521 -883 -313 -109 -139 595 -750 -180 -143 436 1087 -466 350 283 328 -809 233 -1157 265 433 173 43 -611 1030 825 7 -95 544 -501 -1114 503 1066 -891 88 -919 -131 272 787 -282 -146 -519 -140 359 -252 331 -99 -823 77 201 302 -307 507 779 200 -407 -227 -437 660 62 26 490 482 393 -127 -454 62 -347 -224 723 -438 345 ]
[-298 300 632 -20 -971 401 443 906 254 -360 -562 426 964 -976 -214 -246 623 -349 -644 942 -193 -304 -738 -252 -231 114 30 -338 233 406 -129 414 555 -473 -754 -336 -18 38 -383 -654 -12 -254 -1018 303 645 62 -11 -25 313 -364 266 -322 408 -2 106 324 -954 755 -70 1364 -1036 424 -802 -334 -267 -375 -595 261 -589 112 -534 -455 -185 261 15 -534 387 -1300 219 -563 -63 -242 -222 187 -299 -10 807 43 288 108 -193 -240 150 368 462 93 107 856 -131 721 432 319 71 401 602 ]
[715 -529 -85 570 652 -507 1083 -1068 -54 650 301 -144 287 77 -537 -54 -198 -977 -117 340 -115 -183 275 150 76 594 391 -590 -45 -137 -646 -48 129 -39 330 -1190 -146 -671 -430 355 -362 -1087 -897 273 -179 641 -94 -479 2 -45 -245 -117 652 -172 -363 81 686 -433 204 -512 185 -579 -751 105 112 -318 -600 151 -137 -252 -415 -122 -505 656 839 119 -919 45 334 -39 54 255 261 -67 -713 33 -394 589 210 387 198 696 -21 -233 453 -471 406 -400 -260 161 68 -859 -255 -540 146 ]
[-91 -1465 567 189 -285 919 -381 371 351 -138 -524 544 -1102 -153 197 380 555 -140 -108 -6 401 673 212 274 223 471 -880 -360 -408 -580 -75 -315 529 424 -978 -508 331 -978 -599 -1197 30 693 485 -544 75 -448 81 -320 -192 1050 -150 -319 -238 -467 -98 474 -117 -1403 337 -82 -208 27 107 253 560 340 782 -297 -538 -35 595 -104 -534 279 175 9 805 561 -177 559 561 -442 -80 6 573 -410 273 733 -228 -341 450 -349 -1055 53 -56 121 656 46 397 610 482 283 -549 -648 295 ]
[-641 344 655 -1349 -98 -475 -694 482 257 -1340 -468 397 -195 287 -557 269 -68 -142 -822 -340 -280 -828 -21 -572 344 176 127 380 324 -85 -439 -430 964 -5 -776 -293 -469 -80 143 401 656 132 -3 393 789 447 637 -36 -47 987 -123 -888 508 371 406 -22 -772 -1505 -453 705 -13 567 -350 356 -254 -587 508 776 -362 1173 -438 -1102 591 179 600 -699 701 -1421 872 902 -401 552 517 4 -209 389 -148 -39 -294 319 540 -1337 569 259 -63 506 420 923 246 598 808 -634 -262 25 1031 ]
[28 394 212 202 398 10 -971 -938 -403 59 -751 -582 -199 -251 -540 -51 224 -916 137 -685 715 -755 111 -298 21 40 -37 588 563 253 -753 -224 -840 -533 -651 -321 -580 991 -168 584 623 -728 -532 -448 218 -844 -157 508 289 483 -380 445 84 41 953 -674 -467 -154 -425 -438 143 94 267 -842 206 -388 225 438 -481 166 227 -1006 -46 495 748 -574 365 430 -330 -3 253 134 462 329 -942 -364 -188 153 -528 -623 209 -405 1531 263 653 -186 17 -2 158 -72 -601 499 -191 431 -662 ]
[100 564 399 200 -636 582 -720 702 503 -245 117 69 893 345 385 -485 -100 305 -188 -288 396 -663 -868 -591 487 -570 94 656 -97 1190 -386 -375 196 -413 173 827 101 786 648 -795 331 422 629 158 -274 -319 8 13 -378 -538 534 268 -181 708 415 -233 -445 1271 -494 657 -226 -681 229 239 -800 -554 50 -205 357 206 207 -557 268 -768 -909 -386 491 -529 621 -405 -486 -281 -1059 108 878 229 80 -37 -35 259 -415 -192 757 549 430 -326 -406 336 149 581 -127 701 -301 953 -391 ]
[340 -252 197 -259 220 317 -382 89 -637 -349 -789 -308 -529 -232 454 234 681 -581 -335 -198 108 267 818 472 532 207 -651 339 769 122 -493 103 584 -317 459 -35 -543 -415 -366 -285 477 25 124 -347 46 -81 975 222 -464 -441 -299 -575 39 -567 18 680 -451 -595 -504 387 34 165 69 302 -296 -187 434 -480 138 314 -31 905 323 -179 -336 454 616 25 -113 504 719 -410 -118 104 167 -83 -262 218 -17 -550 372 -614 174 -819 428 -249 -260 -61 449 479 637 -374 208 -7 324 ]
[5 1010 202 -588 -272 -416 356 6 -740 101 -71 -580 139 -12 -1100 -162 413 404 724 -198 -73 527 131 185 194 202 306 574 374 89 5 -93 -656 112 775 -654 -444 -36 -182 92 -789 -506 136 310 -242 456 104 -255 547 -229 -516 127 193 505 -276 683 -48 335 8 -771 320 328 -385 -44 748 -111 -293 771 271 166 -702 331 275 -297 -896 871 921 326 195 -152 -261 808 135 -305 -676 30 -1335 -707 -325 -476 332 510 -401 -178 -964 -714 -624 62 -512 47 -465 -713 262 -1063 1399 ]
[72 -284 -247 38 450 -141 65 -1136 -97 -124 -647 -726 -128 -527 -351 639 886 -14 -1 368 -34 237 -97 1005 625 -346 -66 771 484 313 -767 209 -276 -201 839 703 281 -117 177 216 106 334 -1098 -711 -892 529 197 581 154 -1103 -318 -381 -525 -155 -84 348 -91 -403 -386 144 104 -228 -22 -281 -210 -897 243 -524 -51 -553 0 318 442 325 351 -204 -1214 184 -570 35 -185 -1027 -134 -158 74 -154 353 -378 91 251 380 299 293 -316 789 -259 165 -1021 235 -429 235 -905 639 557 -237 ]
[953 653 -613 -861 -571 276 -253 432 -397 416 872 598 74 -423 207 -62 1231 -126 206 902 198 174 587 369 -641 26 448 -300 423 -532 3 269 450 -494 -676 466 -264 -592 243 332 25 544 -371 388 -932 428 -668 100 40 227 -268 628 -618 587 -745 97 -35 54 -175 208 551 394 345 -455 108 -266 -175 -351 -27 -238 -131 84 24 173 377 -234 -586 237 -663 141 -394 -854 250 359 -506 708 1156 -538 -1075 37 -193 106 -1040 1075 66 500 558 846 933 692 155 149 589 -168 686 ]
[485 -646 -87 -244 209 615 -73 28 103 478 388 -20 -780 -457 70 221 466 -126 -948 835 40 524 543 -78 246 414 -96 -393 -5 239 759 731 1306 -683 -764 271 -13 -548 -120 159 -311 -232 256 300 -160 -429 -84 -798 474 152 -578 204 162 -270 -15 757 488 -872 -55 -59 396 6 -108 772 333 756 614 177 122 352 -639 55 -197 591 227 -152 758 117 40 44 682 -472 -498 -600 -197 185 614 888 122 -218 -771 -281 -486 404 -436 -380 506 918 933 246 564 -414 251 340 40 ]
[-385 -476 270 385 584 -765 378 -128 -250 -169 -860 -557 419 -340 -230 446 39 -450 430 565 85 134 -388 598 487 -383 -173 386 -34 -387 -218 -89 351 198 -118 -294 345 -209 204 -178 238 474 294 -576 -206 467 96 -442 -176 -121 420 -640 436 518 129 240 -546 -1325 -84 -223 43 291 -423 234 -226 146 87 -909 -487 -260 184 -193 197 706 533 871 -163 -691 145 84 40 1 106 -411 399 -13 -429 -568 85 353 480 -834 -813 -925 -1 635 771 175 -61 175 696 -1089 -64 -99 -510 ]
[-665 876 -507 -715 180 389 -208 166 468 353 -220 171 498 5 481 -383 379 586 -168 160 -454 -444 -964 0 592 -526 -174 72 -186 -138 -28 585 211 -527 723 530 -190 1169 500 41 261 1377 -93 -504 -749 88 773 765 -523 -368 -198 -65 -982 -142 248 -48 -1008 511 -460 570 -385 686 132 -325 -607 285 -453 -145 109 -359 442 671 -65 -605 -156 -491 -586 -915 -56 -573 -34 -240 170 -245 275 -464 237 -612 -156 635 -199 -139 177 -924 -151 -895 -309 239 310 3 464 -241 -49 -257 784 ]
[316 461 -359 306 112 -579 634 266 -619 -85 22 228 678 -141 -683 -338 -80 -607 296 -117 -569 -611 311 160 -492 203 -88 -153 553 -630 -825 -806 -116 -616 687 -829 -227 304 769 527 -84 -500 -392 160 804 330 593 283 -116 425 459 251 -274 403 -523 374 -312 851 233 297 -622 412 62 -524 -150 -360 -762 -59 486 475 -742 621 289 -610 -180 470 495 -403 365 306 -342 1071 69 1214 -297 -28 -453 -436 228 -38 153 270 349 -588 -842 -208 -84 -62 -429 650 -473 53 553 -1599 977 ]
[-1474 1163 -419 -227 243 -6 -298 385 -262 28 -272 56 187 276 -36 100 114 -198 -274 -207 -761 -249 -145 220 -542 -1196 -13 -15 832 589 -518 30 156 -284 295 418 -198 451 475 171 415 386 -541 -263 522 -214 428 1031 -342 -426 330 38 289 268 646 -286 -535 501 -255 434 -118 463 -150 375 -129 -313 309 83 280 137 -108 118 1122 -284 -382 -798 7 -12 -253 -262 -310 -250 -89 288 38 -422 84 -443 -519 167 -140 -195 779 -228 2 168 -927 29 -182 37 -75 477 -91 246 -381 ]
[605 223 405 -5 -836 -722 152 309 -320 247 -111 674 391 -474 235 -422 764 422 238 -195 312 -286 -481 481 -337 205 608 -518 332 -655 -555 61 469 121 231 -78 382 -1187 -657 -92 -295 68 -499 174 95 1288 304 29 -478 -345 892 67 -509 -304 -619 110 95 -68 -268 -216 175 24 -221 -249 -462 -1138 -62 -555 -602 -828 190 -370 -68 -389 482 103 -728 -557 66 95 -114 -144 80 -377 400 299 -296 531 521 395 -34 -496 -416 1166 591 494 258 -474 -259 961 452 121 924 315 -69 ]
[456 -129 -533 133 -85 -77 50 12 66 283 -361 570 548 29 143 98 -878 -173 1390 -319 -102 249 189 793 -706 -775 762 241 -269 -48 166 93 221 59 1 -790 -76 -2 802 222 -132 447 245 277 303 591 -187 -111 -947 -367 376 -311 -363 542 19 -420 84 -88 81 22 762 42 763 -144 45 -222 -168 -698 328 -509 460 332 -477 -121 -184 112 -187 -3 -16 129 -934 84 142 833 554 -317 252 -86 -906 58 54 -226 53 418 -44 307 189 62 229 67 -231 449 379 -391 -124 ]
[-13 -108 -725 -556 199 -434 -11 343 -561 -113 -489 558 63 709 -614 148 475 -592 -138 -554 140 -148 -34 -519 -289 333 -625 -409 160 -227 -1053 -1168 -268 175 -254 -695 -276 21 345 -628 -89 -776 548 -360 -22 551 842 695 -329 395 -220 -591 543 -53 -400 -347 -432 -221 15 157 1 535 -119 425 34 -339 38 -163 463 -428 283 282 87 -742 -31 -236 -341 254 -427 674 104 -387 582 123 -322 231 469 -37 -633 -31 714 -260 -245 -547 -9 380 107 67 -1083 153 -831 -430 321 -1147 -322 ]
[-237 -366 154 342 -72 -694 603 -159 498 847 -106 -141 793 412 215 -124 -545 -332 283 -138 -133 -604 -254 -303 757 293 475 398 -455 99 143 -316 -109 -403 -1211 -734 -83 56 39 -646 144 100 -635 321 -315 -579 44 69 316 830 396 627 114 -277 584 -398 -418 -792 -13 622 -523 -109 337 -437 257 -21 -555 -787 606 -410 330 -385 -274 374 614 -601 -457 94 119 -459 -109 -438 582 122 -659 -217 467 -14 -178 849 -14 45 464 148 339 -342 708 7 142 -98 -767 -515 -141 664 -154 ]
[223 341 -416 -64 458 -327 79 -542 -151 -894 -58 -619 -649 -304 -403 96 -1148 285 -310 296 463 -211 347 -739 679 1047 146 250 -557 -17 52 85 -1297 -181 429 -252 -157 515 -147 213 -8 -421 375 -577 326 23 1041 -463 -266 -543 66 -1019 -883 -143 399 401 -1082 456 397 -391 126 -35 -383 162 -371 192 -1 -486 -19 340 251 -243 150 -610 -392 581 1191 -457 110 840 161 809 268 -306 -319 129 -1128 115 1275 -1025 310 -338 254 -976 150 -441 -163 23 65 -681 427 -262 1069 233 -790 ]
[-193 -232 -1455 -848 146 303 -235 -408 199 493 342 296 20 225 326 -432 487 -578 510 476 -17 745 206 356 -342 -128 156 -48 -195 391 105 126 133 391 -799 -231 -370 523 60 542 -366 -224 -33 -205 -950 -446 -640 47 224 -145 -1118 871 -266 268 -277 -710 847 64 34 -42 745 102 530 -924 635 408 -1021 312 122 -1050 -18 246 -135 608 401 -182 -85 505 337 -369 -87 -780 215 -267 -584 -726 305 -475 -783 405 491 548 -291 368 78 284 305 -267 409 -139 -95 630 427 -488 590 ]
[-579 456 -1617 -1094 388 642 -169 -1164 178 -498 973 397 -468 720 271 -467 212 462 408 689 -210 -483 -13 839 175 154 246 218 -677 -236 121 -164 616 6 385 74 -104 53 1131 412 -19 251 661 -405 49 -30 185 252 -730 -396 -1070 -152 -355 239 229 -527 617 178 -4 623 503 453 -226 493 -273 200 204 328 525 -33 -585 -1144 -589 2 1446 84 -23 -355 529 607 -441 -525 5 -277 -457 321 845 212 32 311 941 286 183 31 -336 722 177 165 1147 3 53 1607 249 595 -384 ]
[730 103 -195 -652 -79 -48 209 -7 -150 102 -491 680 -907 -112 -402 -333 -243 325 -26 410 621 -56 -405 629 790 -227 400 -123 -12 106 830 -656 -569 173 866 -278 -125 -447 -142 333 -920 77 783 -173 -91 868 444 -68 905 -220 380 241 -230 -523 -846 -11 -226 -168 402 267 -134 174 -73 -702 -551 303 -204 129 -98 -1240 -436 272 -420 130 287 -437 137 336 767 -64 -245 35 706 -766 -163 -106 459 837 149 -103 252 217 -727 411 -200 8 -217 60 -315 -760 90 -687 1037 -429 130 ]
[98 322 229 -103 -511 -182 -480 -173 -85 -400 -736 -496 -493 327 82 1063 -1559 -245 598 -244 -359 -560 -18 -414 -689 351 -127 49 347 632 -67 155 -735 17 309 -386 209 486 1102 -431 163 98 162 256 554 144 1069 -529 1 -319 463 -679 -136 288 575 -394 -658 717 1068 649 1043 -181 -281 -546 -377 622 -425 -687 644 387 70 5 539 297 275 717 831 289 -76 579 -528 1265 381 975 1 94 440 -59 -558 -561 507 -298 -585 -355 -1027 -474 -841 388 -426 168 -58 776 406 -66 -388 ]
[65 -278 -746 -442 339 320 -251 -342 106 447 -346 -312 475 365 27 -84 60 3 79 -950 -223 164 537 367 97 781 -383 372 887 335 44 152 4 -49 -182 -1074 401 38 18 -1253 -472 289 -712 26 120 379 245 -261 1001 37 26 -77 -126 599 -157 305 577 -92 -306 586 -358 -572 -340 -247 -314 -333 78 513 470 1284 -1010 253 -800 -574 839 595 -223 58 -406 -131 -984 -221 -2 315 -624 276 883 -102 -164 1019 125 584 -233 -566 -1111 -685 194 139 13 31 -294 -685 -438 -945 888 ]
[1012 1011 -80 -446 -464 405 402 503 -820 -335 -239 171 -147 -508 -853 78 103 -264 -222 316 211 -367 -552 -315 239 725 361 -179 2 -219 125 -101 103 -713 -924 209 -196 -331 512 533 60 -783 -191 1319 837 196 23 67 701 -438 248 57 143 192 -538 -64 237 542 599 -88 -471 64 -53 -114 536 36 -117 25 434 509 -440 -634 -54 -393 -331 25 1240 102 887 -383 -213 392 246 125 -1117 530 850 -407 158 273 -155 -113 -178 1107 -323 -536 -740 313 -667 661 -730 -131 644 896 -48 ]
[-841 149 737 -19 -116 821 154 700 396 -926 -474 -545 -110 -187 -392 1214 -191 -2 -557 69 -1068 -417 147 -567 -291 35 -529 403 635 422 -395 134 371 -677 84 515 1054 1037 1328 -951 -238 797 364 431 -297 -344 101 -297 85 -781 -455 -875 199 644 871 -171 -479 -306 -115 1049 330 -421 421 680 42 709 469 -283 806 859 -438 119 1129 -367 -878 261 1337 -651 -233 410 -403 -375 -675 586 680 -228 673 6 87 -754 -543 -610 2 -142 -740 151 -592 -71 -16 717 47 76 260 99 258 ]
[186 77 -933 -72 53 72 -79 -81 -308 -712 257 -236 56 -814 -566 256 -412 214 -84 790 219 134 43 279 -497 283 58 -476 -28 -373 1 -396 520 -839 -225 639 243 326 842 279 -926 -21 282 554 282 -347 -526 93 142 -694 -114 -625 -99 1266 721 -51 1014 -34 632 -480 540 351 442 -105 275 962 465 -93 265 -765 -135 -470 216 -169 -545 464 660 -83 -237 48 -345 -984 -332 -960 58 -117 680 -439 -400 333 -1103 -221 -218 251 -721 165 -666 -627 -490 -970 192 0 949 -59 -442 ]
[-99 766 257 -303 605 -410 -850 -179 -727 -466 -984 -625 -598 -80 109 -167 -402 -112 167 272 745 -9 165 -364 -209 -137 -478 451 -164 -41 -342 -637 78 127 126 781 94 -319 -146 879 888 -588 -17 361 515 -540 670 538 429 96 478 -133 373 -398 -1000 -615 -62 149 81 -546 124 353 -388 216 -84 386 64 287 273 60 377 -746 506 46 560 -269 430 -17 54 250 8 90 474 168 -254 580 -54 -495 179 -299 868 -164 420 554 -475 -177 -263 155 -452 -311 -514 58 -266 292 -702 ]
[-145 1108 182 -140 534 -87 -618 7 -589 -41 392 -107 -253 -605 128 -79 -99 -131 -193 -272 36 420 71 101 -763 -334 445 -897 -439 -1181 203 328 170 265 82 873 -218 -82 171 1508 671 -553 393 998 -60 -267 -560 489 -372 -307 13 475 15 398 -859 -569 615 53 104 -1370 523 805 56 -252 793 730 -704 -6 206 -513 1420 -592 -165 -883 -8 -87 24 -128 -219 -187 280 435 749 540 5 788 -523 -566 -451 558 121 396 -209 450 17 -288 278 -191 -518 718 -388 330 172 -240 -373 ]
[-222 -195 -79 107 -27 358 259 302 -524 -213 -114 -42 279 114 475 -143 -352 -81 392 605 203 -127 307 -238 -823 7 -497 -20 38 -361 -624 -59 201 -410 8 -13 595 469 559 -787 63 340 493 -84 155 184 156 -145 -187 -183 37 -625 293 176 366 365 -123 366 305 -31 173 408 313 322 -143 261 1107 -189 695 -100 -1008 -99 277 89 -96 952 56 -270 -659 404 152 -669 -414 287 346 185 450 -306 -317 -796 37 -864 -338 -682 -772 435 -813 239 -9 -820 46 442 -97 -422 -615 ]
[899 -1271 474 -42 -1084 -372 251 241 -856 288 -281 -196 -242 214 -108 267 -341 -306 730 -493 478 510 -133 -219 140 1339 305 964 584 392 119 15 897 -220 -761 -659 -55 -400 30 -160 -411 -1072 387 568 433 -356 911 -1293 292 -48 -489 -470 181 -897 345 77 649 -891 -137 -176 420 -391 -40 374 479 608 1095 -437 449 23 -530 507 -724 957 97 1120 317 621 383 286 179 -176 7 -334 -772 595 213 506 9 -778 -168 -277 242 999 -197 107 -643 387 492 -743 -230 490 250 532 56 ]
[-233 -656 -204 547 357 518 118 -670 -244 -111 -1222 -449 -418 -306 187 547 -26 -434 166 -55 477 674 372 -506 309 -286 130 -195 140 234 261 46 -679 -485 -678 25 78 989 534 -392 -274 -95 785 183 381 -169 -53 702 -860 -821 -702 -371 -274 388 863 227 -584 173 289 81 -26 -217 932 784 491 -262 423 -85 1150 -172 932 610 331 -67 -862 -262 -615 22 -761 -826 -37 -414 -290 207 -238 -61 433 145 -374 -179 -707 34 574 -27 236 -1141 -216 -564 40 -91 -1116 -445 782 446 -1168 ]
[273 -446 222 -319 -148 -926 -405 413 -145 444 -1142 922 647 -853 -630 -58 961 -489 575 -575 25 -297 101 353 -113 296 569 125 1407 638 -874 246 -237 -167 -875 -1201 -840 -162 -715 297 -773 -143 -735 469 -88 505 -129 -32 818 885 58 155 202 88 599 27 577 180 -905 -998 689 -82 -139 -855 418 -1016 -120 -72 -1759 -600 -698 94 -229 -335 -685 374 -20 -316 -444 74 -485 -829 293 -560 111 -712 243 434 -1209 220 -50 -461 628 1238 726 157 28 -263 -313 194 -419 -567 341 -450 985 ]
[-172 -292 495 211 -48 -1308 254 -429 8 456 299 -463 -465 249 -139 461 -1374 -259 136 512 -999 -90 59 -100 -805 -188 -40 -112 261 626 91 -146 -84 39 290 526 558 254 29 211 47 -637 -32 739 -20 369 866 -1036 -12 290 98 -770 635 -554 513 -529 51 -293 722 -236 491 475 -700 506 246 799 -265 -382 121 -41 577 -72 931 313 629 318 -26 191 132 429 20 425 306 294 254 418 -290 -492 276 186 391 -146 -497 -416 -320 -21 -464 84 -598 -323 205 -95 -403 354 -686 ]
[292 293 -682 102 498 115 681 -606 413 -84 -14 296 -649 -215 -182 -375 1019 143 -479 450 475 234 582 -838 -15 208 -491 -510 45 36 501 491 789 -12 -6 311 -491 -237 56 998 -337 -868 -396 50 68 407 -1364 -137 -12 47 -491 643 376 -317 -832 149 706 759 -326 -568 -16 547 -324 573 -20 -822 118 724 -517 -485 -1001 540 123 244 -434 305 -992 225 -772 226 466 -660 213 108 -664 -835 90 -213 83 310 -312 225 140 498 432 -589 -536 298 761 158 134 152 67 -280 894 ]
[-498 423 211 -336 378 -698 23 295 185 678 852 -131 217 -261 -792 -129 -778 813 13 -94 -402 -422 -292 369 -67 -222 358 -597 84 -606 195 -315 -632 -225 903 347 -142 351 451 1009 -320 379 433 -75 768 409 940 -111 -166 53 -158 -409 203 -297 -227 -365 -578 495 -308 -106 -20 447 -578 -284 300 633 155 602 -403 -755 52 676 177 -792 316 -718 188 64 731 -386 -149 625 599 -929 332 122 -510 859 673 -693 -27 446 676 -367 2 -103 -57 136 -111 -707 171 -771 -134 -230 449 ]
[362 -676 290 487 -924 432 -124 -304 -280 1565 245 -509 410 147 -479 561 850 451 280 -314 -27 980 -630 624 -515 295 67 -131 347 223 389 -167 11 850 248 -476 365 -1206 -1055 -604 -485 222 -831 -501 779 -47 -435 310 -330 153 170 586 233 -290 721 703 176 366 688 -584 150 376 -168 176 883 -261 -312 417 -1012 -137 384 811 -143 172 524 -97 -428 239 639 -610 138 -638 -748 -566 47 152 -146 259 -805 380 -839 749 -619 -12 160 43 125 29 629 524 -506 -416 -173 247 257 ]
[-988 303 513 316 -381 576 123 423 -1072 -692 -28 266 -221 -339 -614 63 -304 351 -117 -53 533 145 62 466 738 446 -127 161 217 -773 -374 -179 -692 -291 -610 480 -32 -180 709 -445 697 388 615 219 165 561 512 2 -528 -519 282 169 -422 1220 7 -348 -718 -904 -345 1194 -175 -281 -104 -119 399 272 570 -1128 525 64 497 -973 -371 -730 -21 -599 1211 26 323 207 248 466 448 586 -202 1377 11 -53 -26 -849 1051 -313 -329 266 -312 -110 251 525 -363 677 -581 195 413 -31 -385 ]
[425 170 256 552 547 -40 2 64 -1017 710 -399 -190 -71 344 360 327 -3 575 -55 -1142 -110 80 224 -996 126 -351 -220 -84 632 -275 -63 97 -1199 -87 -165 378 152 -128 -569 -41 -329 396 350 201 435 -36 -240 608 284 384 455 27 141 -488 -472 -263 -443 205 -443 -1120 -335 -444 191 832 -274 100 106 -334 230 563 -185 1095 158 -898 -641 98 -384 339 -1016 247 514 -339 134 129 468 269 35 89 507 -547 -214 -250 388 153 18 420 378 157 104 -403 -1377 -1230 45 -85 -681 ]
[-681 222 852 49 602 582 1051 -44 245 823 -733 322 54 82 -68 -207 64 226 -98 -93 -671 259 -521 373 231 134 -389 81 -413 -399 -1006 567 -651 -68 -552 161 850 388 -953 -698 -33 721 -879 -386 -18 254 -191 199 537 -443 529 126 -73 -748 62 -355 -717 -960 57 -254 -415 110 -332 -324 689 -9 -184 -976 -530 147 544 -886 -150 -242 153 -662 247 3 115 -732 526 -450 16 539 277 -376 389 -165 675 324 166 -636 -284 -177 543 -372 345 -846 -272 241 435 32 -635 147 -50 ]
[-35 -529 -214 603 360 462 264 -81 -956 860 -22 393 -835 -119 9 -130 182 -346 140 1535 -1038 89 -77 574 269 54 -123 -357 -9 636 278 867 306 -296 321 608 447 -271 -466 189 -488 178 -397 352 -353 -119 -25 391 367 -673 -385 -59 -10 -1135 579 14 944 25 261 -499 267 -176 -673 213 715 317 -70 -144 -238 -1087 -173 336 244 931 -191 20 -306 79 429 -271 54 -1170 -351 -881 250 -14 207 -17 149 10 -191 833 -500 566 -516 -505 -1105 -378 314 -303 -294 110 -962 123 111 ]
[-653 329 124 -308 271 12 22 -233 604 15 -530 1 758 559 511 -96 -218 -525 -461 332 102 -319 -271 -302 -404 -16 -257 -169 -273 447 -639 47 -183 -32 -196 233 258 1572 -342 -748 214 -165 -211 -705 -812 -710 11 255 111 114 -733 -1157 -7 -964 -271 -651 -862 138 90 534 -477 -331 -391 -204 -269 686 -409 617 -283 -194 430 -338 23 -381 592 -705 -469 -471 331 -570 -9 498 178 -539 230 -496 259 261 668 -233 757 588 -71 -798 737 353 -243 -407 -398 -743 951 204 -706 424 -1005 ]
[9 -9 51 78 99 1141 -603 -144 -400 -155 -534 -488 918 -56 -805 -156 -143 -154 -372 -445 301 319 634 -164 435 180 -148 105 -67 675 304 -91 -17 137 -621 288 122 6 -373 -132 754 -476 -298 271 870 -751 -269 498 403 -534 137 -610 -127 -422 1354 334 -383 241 33 208 -535 270 333 -191 536 65 -3 -266 315 1085 -127 65 192 -891 -1196 -345 1301 -129 443 137 -38 468 -501 810 535 203 588 -96 -427 -118 -465 -389 808 -697 543 -625 98 755 826 -296 -478 -544 2 -40 70 ]
[-479 287 91 67 -554 -231 1057 93 31 -166 1005 1213 -3 292 429 199 847 251 195 -26 -377 91 -661 280 -339 -626 991 -500 -347 -531 264 796 689 102 -198 80 -910 -803 -159 183 -70 10 78 318 -402 -338 -425 59 63 -37 -498 -5 334 -2 -427 -261 507 -593 293 -273 97 540 -225 -174 -42 505 -213 -591 -20 29 -812 -258 -306 253 -288 -270 -261 234 -32 327 396 159 61 -289 526 -259 -88 -240 -576 848 126 498 -534 715 -334 1655 748 900 -682 44 245 471 214 -58 372 ]
[30 -73 -341 -1601 -170 -46 -58 284 -480 -122 -1080 933 -665 -46 -662 -75 109 474 42 -167 293 -921 128 -229 139 703 -132 -602 -31 -869 220 -595 110 -389 -655 172 -435 592 89 352 -216 367 240 -7 341 585 568 249 -160 452 82 -726 639 210 -263 -12 -394 280 272 824 261 834 -261 -256 370 -56 32 361 84 -269 9 -330 206 -425 -254 -702 -328 -1352 667 339 -230 501 937 -89 -606 877 888 547 -643 -164 353 -363 -606 809 151 -313 -9 725 -541 237 320 -514 550 -502 642 ]
[-318 121 74 -101 -442 153 994 568 735 364 1102 576 256 -529 28 453 964 -314 -171 563 -413 98 152 -105 -119 439 177 -667 -110 -667 87 180 571 175 -690 -17 224 -491 135 -402 -718 450 -367 -209 -640 215 -476 -833 536 477 -1086 -561 411 99 -860 297 218 17 -465 676 362 256 -551 -784 347 495 335 -282 -708 -682 -731 709 -429 224 147 909 80 249 61 -547 573 -591 287 -923 -51 -1032 269 333 551 277 -248 407 -473 -193 316 756 236 473 330 -23 357 10 -575 -137 881 ]
[175 -848 182 416 -106 -626 -113 178 -910 526 -249 -49 413 195 -531 -206 -570 105 615 -455 -226 416 -11 -343 660 252 465 465 -793 -208 299 135 -337 -25 -464 -228 92 497 186 249 -98 -220 281 -44 -32 489 -530 -681 277 498 1084 1033 -149 139 468 344 2 -248 -58 -1580 543 -1056 -236 -313 1171 -471 265 174 -396 -953 -28 262 -501 519 -649 876 192 400 571 142 143 651 96 253 87 -196 -750 204 307 -1034 192 -811 154 585 716 -236 -56 -472 501 -485 -336 -180 -134 -66 -271 ]
[-404 567 -596 -405 65 -270 -10 -264 -395 130 -822 900 70 -125 671 -607 879 -627 580 55 406 271 263 -331 49 299 -313 51 202 46 615 376 -27 -515 -1013 -1028 -780 430 -471 1092 222 -1157 239 -310 221 -621 -175 725 -460 -346 -912 294 -142 192 -662 347 590 924 -661 -388 125 648 -1077 -237 757 -604 14 928 296 -1183 246 856 -669 576 306 491 -795 536 -769 207 -186 -73 693 154 -1121 -837 -327 104 -28 355 142 447 528 689 -63 -354 -364 -1131 -27 34 -727 703 -477 -388 257 ]
[433 -65 201 103 235 368 -42 96 141 -13 -74 280 -366 -236 581 379 144 -171 -863 -97 83 554 -143 -1474 -312 152 211 173 -449 -825 368 475 469 -256 -607 -160 -349 205 546 602 -329 -601 -19 281 717 54 -1130 -147 -31 537 -119 415 335 436 -73 648 -170 638 275 -927 -39 -178 -160 -227 384 33 529 143 116 908 -520 748 -695 536 -530 386 88 139 -259 -60 450 640 -259 895 -469 -336 137 -157 55 212 -931 -405 898 -228 -325 -927 137 860 1165 526 -664 -165 -339 255 614 ]
[432 -495 -183 -53 -376 -812 -729 -400 -302 -103 134 231 278 231 -254 -98 -346 228 363 -745 -48 -738 164 58 -443 845 335 288 25 -241 93 -59 -755 215 158 -1442 -464 140 13 8 -84 -116 38 387 913 292 417 -207 -463 686 -487 -300 49 643 279 260 -156 246 -208 248 149 -242 -361 -90 -47 -139 245 276 -425 1177 -674 204 -527 -454 830 516 -10 -281 -172 147 -546 1044 -67 183 -288 1039 -506 396 -355 -1316 147 -316 871 -417 -442 -3 -1 864 141 -59 -117 -355 -328 -702 605 ]
[33 595 158 475 -18 476 73 -365 129 -691 -78 -250 161 2 483 116 -331 -395 0 -218 666 -91 1 -1017 333 -337 532 -386 -269 1155 -72 297 -241 120 189 359 -874 756 -112 -86 641 -657 339 -183 403 -652 216 303 -418 -633 66 -407 115 597 586 -132 -102 756 25 -45 23 98 -86 -380 -152 -686 234 230 254 390 267 -55 134 406 -1441 -96 2 -186 -398 -232 403 825 -792 372 -277 -683 -478 -938 -211 422 -399 241 980 -677 311 -572 -731 79 -359 -238 -628 1083 13 5 -579 ]
[-837 544 -796 46 -218 -613 -438 -65 783 -50 320 121 627 504 -31 -724 -935 460 746 -28 -281 17 147 939 314 -1305 309 437 -410 888 228 -1108 185 471 547 72 -31 144 204 100 -286 567 -226 322 -475 149 -30 724 -467 108 595 1014 -166 544 397 -556 125 -342 -230 671 -233 538 629 169 -246 -443 -595 -297 267 -761 688 -268 577 -264 130 -749 -36 242 332 17 -614 -1045 222 320 482 -665 112 -810 -660 723 118 -178 629 399 -123 407 -10 -644 100 -215 -567 507 512 -653 532 ]
[-108 96 924 -583 622 10 395 558 929 471 -1167 353 -298 -695 605 773 854 -765 411 330 -802 284 407 115 -339 -259 458 -199 33 264 -71 1181 401 -641 -66 -373 -788 374 -182 -686 -53 599 -194 510 -843 -102 -49 -349 814 1012 -72 13 -38 -233 115 -293 201 -319 78 -113 397 -121 35 -485 349 122 -977 -130 -653 343 -96 -80 242 571 -882 -102 427 392 -1346 409 253 109 -170 643 163 -1563 686 -591 -383 915 205 -182 -763 -129 -368 472 150 381 -931 851 317 269 -116 -259 87 ]
[-129 -387 330 -610 217 -541 -303 -423 218 544 -391 -1005 705 743 198 -693 -115 274 47 -5 -150 164 127 5 91 433 -483 -395 -515 -133 35 -826 375 386 -569 107 -74 -45 -114 -92 95 73 160 1059 -201 -723 -99 399 356 487 -443 -40 496 274 -83 -431 479 198 314 -407 -82 52 -157 318 930 967 -998 880 702 327 506 -256 232 -81 -71 -355 -523 -167 487 -55 -453 -81 157 -417 -172 761 666 -336 -333 1086 127 1064 -341 -55 -486 -488 285 -927 -559 -212 -538 -598 -370 -708 715 ]
[854 79 956 -475 -114 378 -27 967 194 128 -718 -2 200 -256 143 290 260 6 -205 -716 -47 1519 -203 -438 -190 84 292 -267 -24 93 -40 386 -560 422 -984 -300 172 -646 -643 -603 -141 802 145 483 -63 -125 -80 714 414 -246 89 -357 -451 -472 -691 504 -474 619 -43 -222 -1017 412 331 211 244 -82 -253 120 399 1058 -31 623 278 -43 -1197 -732 806 -37 422 -84 -73 -289 -271 220 675 168 538 60 -429 692 426 281 -511 487 341 77 1289 -170 -472 327 -820 -472 411 107 797 ]
[82 402 239 422 -993 -1115 497 272 -1082 1094 -12 -209 1112 798 489 -312 -78 613 790 23 -200 -474 -801 510 258 113 348 697 130 113 603 15 -320 -287 37 169 -7 299 288 261 583 615 436 582 -25 -145 870 230 -548 87 379 103 34 923 825 -523 131 118 -132 804 295 344 -561 266 -712 748 -9 177 637 579 -543 -80 539 181 117 435 -434 -1122 661 -300 -667 449 -602 -19 204 1617 -470 -15 -866 -30 261 -140 467 332 -425 523 437 201 -288 -254 -887 -471 35 437 -49 ]
[-1552 655 574 339 607 -98 952 395 128 167 806 -15 633 551 25 96 -136 725 -595 449 -317 262 -135 -590 169 176 621 -618 -127 -368 -129 153 -425 469 722 504 241 -146 -367 171 205 -614 -267 -168 -460 393 752 -486 321 40 9 70 151 -1368 -339 42 -552 -338 254 -37 -21 -74 -967 -173 -287 479 -190 -917 75 293 315 -559 -125 -764 -215 -174 128 -157 591 -557 769 878 -197 376 412 700 -594 -232 1220 -28 774 183 475 -461 -429 -95 -65 817 -151 -512 -222 -604 -471 458 -170 ]
[781 -227 1105 482 -219 17 -875 473 -178 -357 -369 -385 -81 -155 -137 621 -721 149 -24 -52 -450 317 73 93 -289 -367 40 435 -105 -656 295 156 -533 88 677 -244 -386 263 930 406 -146 824 477 459 436 886 -644 427 392 545 82 463 263 926 -646 491 -978 122 -632 -101 -638 -122 914 222 -128 220 541 526 314 109 -335 1327 -438 219 -50 920 -161 119 -573 -98 66 -70 906 246 931 23 -43 -930 -850 -419 -235 -206 -284 -645 -590 255 58 495 164 -1031 -572 -687 -435 -413 791 ]
[666 -715 153 -2 95 302 -755 558 -535 -312 41 -57 -105 -828 302 173 -849 -736 -412 683 167 83 399 -230 -844 -378 1017 358 -192 -77 -233 246 -115 -312 -93 -264 -61 356 539 642 -254 453 252 612 114 20 -1200 61 29 363 2 1134 -153 45 -517 404 -111 124 -13 -78 -112 -190 2065 -366 180 135 -177 -133 539 -283 -247 675 205 957 527 -68 113 -297 -36 -206 309 -89 4 660 -8 -200 97 -21 -543 -1016 -531 -430 59 318 -304 633 -371 545 801 -243 117 201 1575 203 141 ]
[112 17 -856 -5 388 484 230 257 77 198 -172 42 1301 -318 457 -39 740 -721 439 -295 -272 -452 -438 -682 -243 618 -129 -255 -369 -5 -491 1125 207 -792 -731 -345 -175 909 367 -1216 514 -551 -937 -264 -265 -206 283 -18 482 -628 315 -588 138 -358 -23 293 67 1469 21 143 205 -486 -274 -426 102 -149 -482 -403 -402 242 -346 -296 -432 -398 -345 509 68 -241 -574 -651 313 512 -598 297 -34 -547 1127 192 450 13 -588 -348 -63 -70 -184 -202 -224 316 -355 492 -218 601 70 -379 -810 ]
[-1325 551 475 -702 -425 303 815 469 71 212 -329 213 98 -357 611 441 1474 -2 -65 -362 -246 459 -662 47 127 -647 -251 -229 525 -35 -11 240 713 193 -886 -373 -580 -395 -7 -150 338 207 -547 139 66 -181 -73 411 404 188 -756 -508 -66 77 -237 -550 -553 -835 123 1231 -789 1246 -705 131 -83 -289 -354 -189 -66 340 -10 -56 55 89 80 -974 -43 525 -1222 -406 28 -586 353 741 -958 117 920 -255 -516 1016 194 275 -136 793 -82 616 529 482 -388 685 -149 -111 -211 -130 881 ]
[-23 324 416 -260 15 789 -202 512 506 -370 349 -65 431 -63 313 -207 -163 -386 -667 441 -232 -1061 249 -16 -203 684 -123 -948 566 318 -84 1088 -146 -1142 -970 -144 48 944 -423 341 644 -105 -208 409 -559 55 -91 -509 289 343 -121 67 -422 -123 -205 455 414 982 -257 320 275 -976 -860 125 -734 -241 -375 170 -781 365 -22 -710 -357 -317 302 61 -139 -373 -577 300 -35 -157 164 682 -195 -306 194 618 528 -282 -544 271 -161 347 -102 -7 -244 -324 177 129 601 481 -524 -32 -60 ]
[-55 2 -184 -103 -303 -830 514 811 -309 23 4 -144 801 284 472 -703 -19 -195 739 197 -15 1243 -472 202 -474 -480 374 444 -498 275 -32 -292 -135 904 -115 794 311 137 -636 -547 -473 -327 242 530 -1389 -236 -301 -620 379 -249 -228 3 149 -762 -405 -490 384 8 -18 -610 89 102 -28 116 215 237 -1164 530 -149 224 -440 -788 419 659 209 -73 307 -431 251 -455 198 13 66 -646 85 556 -423 -594 516 67 675 700 -1038 99 -253 1212 625 -23 -1070 -365 -144 -68 -418 423 -263 ]
[30 729 -646 -971 55 588 -103 -440 1007 -1060 997 67 30 85 642 -464 185 284 462 867 433 -31 342 166 305 397 731 -256 -284 -118 128 -334 -138 -90 227 410 -565 -183 385 296 -143 398 881 183 -810 -77 -632 -658 -208 -1014 -537 370 262 917 -167 395 89 -294 348 600 612 504 237 -343 -603 112 -505 -567 308 188 191 -795 -298 317 231 231 -597 -20 268 623 184 -588 15 591 -578 552 588 -252 13 579 -41 -15 -596 102 194 487 257 412 839 -85 1097 -95 1094 155 -209 ]
[-299 76 -142 -669 90 -252 -4 -380 -278 5 -489 -395 -649 -771 -489 -508 781 505 7 -51 743 18 534 867 748 1065 -611 752 538 -347 327 90 79 -662 103 -49 60 513 -149 -370 182 178 -242 -624 -332 -61 1129 -821 178 129 286 -175 -1073 188 613 1133 -1193 -101 -441 438 350 118 -213 -304 -302 220 361 -420 -342 625 -607 -292 133 -735 -293 654 1878 -373 79 307 336 1016 -132 41 -204 31 -980 -168 1056 -704 146 -800 -181 -187 -627 -424 -178 588 253 374 775 -703 752 1 117 ]
[-1351 -5 -879 -71 364 -38 467 -529 310 213 -485 -757 99 950 317 134 -457 508 -303 -1101 -327 515 -93 81 1056 295 -173 602 432 512 -493 413 -78 -54 -16 -1262 -208 325 -191 -945 -14 177 -398 -40 -366 463 542 -118 494 322 -548 -724 -714 130 1190 -308 22 -850 -98 1 -502 -924 -341 539 -817 -677 134 139 -95 1094 -874 36 -49 -598 -188 603 -82 283 -410 329 -307 -209 331 -649 -440 -841 -49 -593 -630 1104 441 -24 159 -514 -85 -577 111 -405 -556 -232 -154 -935 -112 -332 650 ]
[-140 276 367 -535 237 -100 524 -176 1149 -1 377 -136 -439 -133 -190 81 631 858 331 157 -619 -729 -422 -374 20 -964 844 194 -105 -45 -868 88 -837 -251 735 323 208 796 409 -765 -1216 837 522 -379 -967 586 -266 89 700 40 -582 -345 349 566 -493 -692 31 618 565 372 -243 -16 380 -572 -282 359 -569 116 -237 -96 -364 74 143 -558 -791 -540 -283 -184 110 -372 -390 -209 -280 -496 346 -646 209 -6 332 952 160 625 45 47 -255 -392 479 578 -854 -51 -24 -364 468 -399 366 ]
[72 1100 560 257 -86 -103 48 -440 -630 -273 624 -818 887 -395 -818 151 487 298 -580 135 649 -1 -106 -491 325 1224 -211 -33 674 -55 -574 379 -226 -707 -263 -122 135 383 -167 -88 -52 -892 -1035 -236 447 -265 106 212 258 -978 143 -30 -108 354 308 -293 -646 759 -203 -237 371 -22 -1478 -293 -253 -390 25 -26 159 -246 140 -400 104 93 189 707 537 -331 -130 -385 35 319 -288 -462 -58 97 -870 386 588 -589 -296 -455 810 426 253 -493 -357 -72 -352 -11 -199 -70 314 516 255 ]
[155 -204 461 -177 -496 -1159 -930 1259 -530 -1055 321 -513 150 113 -78 501 -821 505 -321 -856 -162 607 -36 -768 -70 163 -433 134 -355 -765 500 -862 482 662 -309 324 690 -217 -488 -452 652 -649 -464 -197 383 -451 14 -52 145 714 956 -624 183 -756 86 404 -499 -60 357 -479 -304 417 -515 -75 724 205 99 172 -346 1104 214 -234 383 -342 -243 549 1085 -220 1203 185 180 1192 16 42 192 526 -781 525 359 -773 181 -436 -243 -352 -286 -251 -72 225 606 -96 -578 -608 -363 78 236 ]
[-473 -185 -908 981 394 -273 342 -41 -588 274 -774 205 -54 79 -554 33 507 -206 571 -839 -195 -58 -760 -66 862 -712 -81 1484 186 707 -472 -652 -187 434 995 -569 222 302 70 -342 -861 -6 -529 -473 -548 587 -498 1 -46 -444 288 523 85 230 -143 584 -407 293 -1027 -344 -369 163 -186 510 -241 -973 134 -545 -100 -766 -557 732 130 197 -284 787 -607 -241 -450 36 321 -392 198 80 -216 -747 -706 -579 -68 -485 -76 336 506 -305 -2 -266 -768 -195 -219 39 -678 47 205 -655 951 ]
[252 -221 -433 941 373 799 124 -556 880 561 861 591 93 354 504 745 -208 -316 -356 65 435 -3 -978 -301 -47 -406 382 -338 -494 212 88 589 -286 417 1 420 -471 -402 709 230 157 198 319 -241 51 -127 -629 -167 -759 94 -218 543 163 431 214 -1034 486 -90 532 -71 520 -269 151 -606 -363 312 -273 127 55 344 513 216 -600 853 792 -907 -866 369 638 -425 -243 12 -679 129 279 -213 348 365 -729 1235 23 485 113 -298 183 -89 459 492 716 323 -148 426 -792 706 -608 ]
[468 -471 -26 204 -76 -285 6 442 -141 -449 -1110 -23 -360 -548 89 344 923 537 -132 -16 88 293 -331 -333 311 96 -659 104 -143 -36 -476 -331 -283 -205 -180 -443 -397 -460 -490 -85 -159 -137 -516 -607 -120 560 473 519 187 480 500 222 -474 183 -144 -278 -323 214 -98 -561 -148 -426 -143 215 -76 -1108 72 -252 -602 -427 643 -12 209 -62 -1268 -941 298 289 -607 635 -26 -934 -125 -289 88 -878 -38 407 139 -478 45 -281 -46 1239 740 60 158 -813 -401 398 -260 -192 410 -233 70 ]
[-752 117 277 804 -96 654 249 -609 -164 6 347 -1170 358 -717 458 -319 -270 867 -74 534 912 522 97 620 -251 -347 -18 200 -248 -618 318 468 -22 -398 1339 657 -115 -111 -227 -169 151 -63 -105 249 302 47 158 219 -1065 -301 -313 619 -487 -249 -227 678 -536 -205 -363 486 -498 -354 421 176 -309 -221 321 613 723 17 -142 509 -770 -89 383 -122 -398 385 -908 -595 987 -122 -199 -412 148 41 -890 -480 323 -573 -17 891 459 -873 -668 -714 1 99 108 -981 206 177 -168 316 -86 ]
[1015 -479 333 -286 -662 -98 -8 265 -178 1 -12 -486 669 -149 -65 559 -674 -195 -645 -655 285 648 225 -1245 -1253 309 524 -328 815 686 -198 -164 -796 -440 -730 -437 -650 556 -125 180 -264 -967 501 406 867 -331 -278 -469 400 -669 -675 394 -10 554 834 -103 215 617 427 -529 58 -817 359 -401 517 -470 25 1261 867 758 -1007 662 293 -268 -1116 -642 466 1006 104 -266 -69 -635 -662 299 -49 2 244 131 -976 -519 -655 -244 853 535 246 -272 284 22 146 -764 -732 -718 407 478 -147 ]
[568 -115 474 -139 462 814 238 -294 -174 797 -865 169 -407 -327 -23 396 210 -54 -70 -368 -354 -423 190 -101 371 838 -215 -988 233 199 -70 775 -929 168 -683 -193 249 504 -456 37 -470 641 595 -41 140 -49 459 -31 104 -472 218 -700 64 -120 -283 119 -583 39 -120 269 151 642 -740 -60 -162 360 -219 -1232 -1348 -388 372 891 111 -341 -228 21 -52 -557 13 603 536 432 294 251 541 -72 312 757 678 -204 -49 -220 -333 -642 1090 -188 562 -201 -440 1274 707 410 871 -658 -332 ]
[-1052 206 227 473 754 -130 1083 -280 -284 -123 -376 -474 520 294 -437 621 279 -33 413 -277 -339 275 329 -619 316 719 209 -99 415 -201 -89 -452 -141 278 -7 4 1150 533 -15 -601 -1222 12 154 -96 123 -671 -233 97 531 63 379 -891 891 -437 454 558 -468 209 337 3 24 643 -651 -177 -15 679 -58 -1124 -30 237 73 3 528 518 -547 707 -175 -1227 -140 -188 177 406 -243 308 -326 395 79 -86 1112 370 -489 772 197 -523 -67 339 0 -51 -464 -452 -183 -156 -1 -215 -103 ]
[444 197 -1153 224 903 707 -174 -319 51 -764 1299 1019 -854 247 -155 31 -374 -392 -1023 -226 -666 -223 149 -114 276 -527 289 51 -545 -524 -550 277 -151 -79 1447 545 231 120 169 785 29 -77 272 -463 -222 -76 159 347 -853 -554 341 -231 -316 -531 -304 -143 -146 128 -277 -740 55 23 47 534 -890 -63 -79 -667 -557 381 362 377 -585 -394 418 97 -137 -869 336 623 6 793 -209 211 832 -169 -468 661 882 -647 -23 -331 551 -512 696 368 629 492 536 519 289 664 362 -32 -422 ]
[-203 -153 -23 -946 673 -290 952 -72 489 267 233 9 -240 303 273 9 -535 149 -187 -831 193 169 -223 -477 -452 -330 -396 -277 -235 210 341 320 -245 525 -429 717 -693 -596 356 90 498 -704 701 219 -57 -9 -451 -451 977 -10 -233 -362 515 -238 -808 -682 554 -338 701 -434 -429 -5 -71 75 923 862 -196 869 613 685 -1140 367 358 -603 -876 -686 335 1605 -241 135 36 -715 599 52 99 -311 650 -634 -358 764 506 453 -1137 -239 24 502 -168 284 -50 -656 -132 -496 -500 -31 -464 ]
[-348 -39 -516 160 195 -97 -94 449 -270 -745 817 -713 441 726 952 468 -625 -2 -654 126 -425 -18 292 -773 -368 -112 -115 63 -251 -78 139 19 566 -246 -107 247 391 956 617 -409 120 104 554 -94 30 -632 -818 -335 12 -22 -178 411 19 407 -197 -449 1014 -187 10 137 914 -733 18 89 -36 229 527 404 719 457 -617 17 668 297 97 490 100 361 94 334 -54 -127 -689 -138 42 -233 -225 131 461 209 -446 -58 -163 -12 -1046 900 -517 -25 579 -645 -94 349 345 309 -673 ]
]
