[[56 -547 369 202 124 -39 -356 -510 -189 862 291 -590 -68 264 363 19 247 16 -72 215 65 -50 -145 81 382 477 245 419 31 78 -173 472 -309 97 -58 -483 73 261 586 -379 272 61 -144 230 158 -204 319 -25 749 156 320 -500 -276 -428 291 321 -710 -129 120 -428 -623 12 -73 311 84 -43 245 456 -304 273 -145 -258 -521 -238 9 -763 -407 -446 265 -291 207 998 -505 -202 828 -614 686 -118 513 41 -18 -622 -480 89 -821 -196 -14 348 382 93 -175 -16 135 -176 -292 ]
[-582 479 -404 -161 660 -358 432 451 71 -1186 -524 276 -210 -55 -245 -116 -133 -271 -64 -171 -64 -63 301 -292 -691 365 -331 -459 -509 241 189 124 249 391 -677 250 88 -363 80 255 -426 245 310 -317 -86 436 -430 204 336 -303 530 405 127 457 -180 -383 233 213 -648 -143 539 935 230 383 650 -414 -553 488 179 586 265 158 614 25 584 840 333 -78 13 387 -491 -724 -131 -597 -101 -46 -227 -474 223 -504 -124 31 145 70 349 93 380 -9 -864 363 628 -86 -458 -242 -645 ]
[-353 -489 481 -407 -617 -19 346 -8 -24 365 290 -771 -181 301 309 433 -348 -723 51 594 191 237 95 355 117 -131 280 -430 145 -352 519 108 371 -253 436 271 -288 397 637 90 -178 -254 -790 -625 533 140 -118 352 -141 -169 626 -200 -35 -91 -304 -115 265 -274 52 560 11 148 -281 -504 -134 -164 390 35 -365 -685 65 592 -152 405 -664 -540 -583 -288 -8 296 674 -167 -115 228 78 456 124 -17 -35 -266 76 62 -166 360 518 109 -345 -852 430 535 371 -39 455 -584 400 ]
[30 -450 300 -414 -293 333 22 -583 550 427 372 -578 108 -174 604 52 -1 -58 102 552 -150 716 204 -415 -349 -401 438 -75 -24 -572 102 2 129 -858 -70 -133 -482 -33 -32 -425 -427 -157 -999 -581 212 -393 346 488 -106 91 11 84 152 -33 151 131 770 -773 -35 -147 -636 -429 532 -504 21 370 507 -635 242 610 -212 -495 -98 312 -1089 -668 24 -119 -123 -328 763 767 42 796 24 282 487 -414 -281 -64 2 -760 436 400 193 411 -234 -718 637 43 35 217 159 -1051 585 ]
[-101 -202 -710 211 -350 206 316 608 -504 -203 -87 -185 -261 -41 -233 -446 1 -333 38 -548 716 -296 -141 -28 -417 -22 164 -94 292 -135 23 64 -839 -19 200 -147 534 -544 158 381 84 563 -193 -576 -494 123 -409 36 -278 782 688 82 -295 -188 -241 137 -56 279 523 967 89 8 -127 161 146 -488 700 -360 328 -167 341 448 -43 -193 170 572 486 65 -310 595 -138 -513 304 -491 -674 532 -892 -132 -421 -293 158 1018 -137 -131 51 -54 -594 -201 -405 641 -309 -456 -50 257 -494 ]
[640 18 -81 -203 -219 -688 384 58 -526 -311 171 -477 130 -438 -117 -258 364 -103 -687 52 -236 -687 122 -568 317 670 68 905 -164 133 370 -357 -94 489 -192 -539 -150 -238 321 458 3 211 708 -717 -297 172 -98 -245 317 -135 957 40 -461 76 425 -287 -232 687 -348 -35 -35 869 469 214 63 -319 -310 187 -194 98 -323 -37 -598 -390 969 741 689 -420 587 931 -75 47 297 -154 457 118 131 16 140 194 -414 473 -253 -433 -253 -480 178 272 -323 509 460 -10 -363 406 -296 ]
[-111 548 -498 451 192 300 -724 137 -566 502 -318 81 294 461 -106 -683 -632 35 146 -670 248 418 -524 1097 205 -127 118 232 365 112 -195 2 -629 681 -409 -652 379 -348 -353 -69 146 221 107 422 173 14 -570 192 -460 173 364 -421 -265 4 -154 -380 -432 -661 676 -164 274 68 -486 -24 -132 387 223 -232 -16 -856 763 -258 359 -403 -97 175 -81 210 2 -379 -357 217 -87 -273 148 -172 -859 4 -290 238 1009 -313 125 -84 -680 485 157 364 -337 161 95 -127 395 426 -616 ]
[681 -168 410 -339 -113 -142 851 320 -156 -686 126 -590 -704 -443 -26 -103 -236 -849 -650 834 693 -660 -59 -218 -192 -401 125 -49 195 -608 383 -34 288 488 122 209 295 632 330 187 -21 34 -85 -616 49 421 -319 447 496 194 437 335 -232 319 21 -232 -213 -63 -776 1021 630 218 -622 538 203 -760 508 238 493 -243 -36 520 300 -120 45 524 116 -459 -44 375 258 -685 -390 -481 -241 124 37 111 -44 -224 -17 1378 -27 272 222 -1040 -39 23 -311 355 -313 -773 -643 -178 -286 ]
[1342 -327 287 -532 70 -298 101 -298 -480 -320 350 -57 -782 -334 -471 81 345 -212 -608 59 200 169 240 -618 -399 -977 640 243 189 -53 339 -121 -887 54 -312 -534 -318 31 262 -37 209 -68 318 104 -889 433 65 104 -373 -65 -1074 293 -78 184 -48 -861 592 -28 -907 -399 146 -467 468 487 -226 285 -30 55 553 664 -132 -541 -159 -144 372 548 557 46 525 41 339 -266 -420 957 -458 -133 437 -225 -276 294 -509 72 349 274 -196 -466 -49 346 117 -193 -314 3 -447 -165 220 ]
[-1188 -109 589 -18 -257 170 8 112 669 223 -302 658 255 168 470 153 -154 -337 1122 -214 -431 -664 73 -177 -221 357 94 -482 292 274 -158 805 241 -587 1096 814 -28 621 855 72 -127 -284 -320 236 541 37 884 -443 332 -105 514 -389 163 110 -535 388 -921 234 386 315 -626 -352 -397 -314 558 333 187 -288 -148 -290 -44 380 -46 381 -11 -628 -640 278 -743 -110 -343 14 -55 -574 -166 -465 -185 394 571 -554 -565 -34 -367 793 203 -582 -763 -284 327 353 98 64 407 -819 142 ]
[-505 296 -411 766 349 661 45 -595 321 -64 -363 389 266 762 510 -715 -517 979 -142 -249 -287 525 354 -328 -125 733 87 177 -242 -86 -709 -12 -78 -8 -367 -403 -177 -1228 37 -68 308 -112 -485 238 605 -584 -701 399 323 199 15 -293 -208 225 577 549 100 -793 141 -790 -476 844 304 306 324 119 -87 327 -324 74 47 -1216 55 -72 -390 -3 168 254 40 -335 -680 574 -504 -530 458 39 113 18 4 -191 708 -849 -171 -49 -189 229 -205 295 -18 464 669 472 -214 257 195 ]
[655 -348 -527 213 -190 -878 -167 222 -268 617 562 -327 663 -506 491 -461 -59 -216 -38 -65 26 -419 -294 105 593 143 205 1275 1207 -1 -109 -133 -432 688 174 109 124 186 -189 139 311 308 699 -276 -566 165 528 -707 -201 40 345 -477 -86 -209 22 -566 -1488 119 1116 209 -430 -177 648 -271 111 -2 518 -935 472 -462 -156 571 50 -1022 403 509 -125 -234 396 -258 203 951 889 70 437 204 -556 473 409 153 -440 372 -400 -129 -758 -105 -112 90 445 207 -755 -827 122 38 393 ]
[446 -609 495 -457 -278 368 1020 -654 445 -317 675 -194 60 -450 -16 214 -202 65 -138 1592 274 961 375 -151 333 -22 369 938 128 -620 496 -1043 228 -122 310 223 -696 -909 -894 759 325 -697 -185 -773 -84 -327 -491 1124 -214 -634 -560 244 -90 -221 423 -80 612 -199 -238 142 229 129 403 -2 -427 -78 808 19 259 -32 -60 -620 34 161 -1040 -181 -212 -76 204 48 168 -545 145 304 -335 682 9 461 -848 72 122 182 130 204 42 -257 -442 -420 467 302 -57 -90 -153 -500 1104 ]
[-352 345 -184 -46 -379 -692 -30 137 -765 462 189 -1001 -40 80 459 -415 45 -184 -1221 -72 560 266 210 429 201 -304 -168 247 -136 -230 158 -156 -73 954 -560 197 14 -99 488 -506 -498 311 454 67 431 600 -106 3 291 524 -110 -708 158 417 -403 -552 78 -89 -584 92 69 706 437 -408 594 -480 -347 764 -139 -482 687 610 -19 -314 163 669 -262 -992 836 -135 693 28 -726 446 988 170 61 -342 576 549 -416 233 -54 227 -296 533 772 540 -345 733 412 -655 -47 290 -535 ]
[956 -308 -1062 -120 638 -1117 -192 -88 90 0 48 -321 -67 77 -519 42 240 -318 -523 426 -124 58 -60 -84 -272 578 298 687 615 -257 -7 -91 -744 229 -1616 -993 -150 -361 -615 248 -233 382 -536 -181 -843 61 385 -145 431 -194 539 751 -407 303 654 -872 -273 -323 170 -805 83 471 919 844 42 -254 -11 -137 452 1156 395 -128 719 -735 404 300 639 -151 821 -135 217 309 -330 -86 55 48 166 -470 92 262 -67 -644 288 -408 -3 -625 399 228 191 -177 -862 -398 -363 -569 -712 ]
[-188 358 -519 -103 -150 64 258 449 262 -9 -29 -903 255 -387 7 -213 -398 -322 -578 693 105 245 -17 432 336 -99 -327 372 -471 -1090 506 -1329 505 -383 -556 21 -42 260 -326 -77 -1000 -140 53 -354 256 -226 -487 401 94 138 401 475 -548 339 -150 446 643 -791 103 306 249 342 -754 -749 -122 2 426 50 -847 -240 504 -203 622 176 -62 105 -235 129 -294 262 -6 -519 -737 -7 325 1078 -245 -420 -213 617 291 1030 424 -238 731 -235 549 17 -506 745 -98 -98 -146 -40 -593 ]
[-270 -1054 633 -289 214 111 -98 -11 226 147 289 -561 560 -880 556 567 149 316 -243 1112 -52 602 145 174 460 502 -88 222 -677 -52 532 -1045 732 -543 1201 633 -153 266 -221 191 42 2 352 -623 299 -525 183 181 419 -712 -818 -73 -115 -622 414 651 -228 554 -186 -455 -147 28 165 -616 61 -348 -393 281 -971 -268 -922 -385 -1031 254 -164 -320 -767 8 -416 349 107 466 -84 76 397 458 -225 -234 145 -251 -6 317 -782 22 -308 -189 -418 -255 511 412 -37 331 39 107 922 ]
[-65 -164 -703 -176 -208 431 338 -150 -302 -536 629 377 644 -919 9 -774 384 150 -78 -400 -38 607 343 -877 -305 -262 25 545 -332 131 -26 -356 -875 -174 253 32 336 -732 -1040 690 -446 66 614 -679 -1066 370 -460 589 130 -129 -1083 232 -598 357 160 -359 227 -159 -550 41 197 -124 374 271 323 584 -126 -275 417 508 -101 -821 -504 276 1 959 1062 36 -518 -80 -882 -206 78 -44 -565 40 -1235 -260 90 107 -126 307 -36 531 -267 46 -225 301 -352 572 270 508 -967 236 138 ]
[639 769 198 -244 -543 -561 -163 371 -7 -213 476 676 -176 -145 224 -23 170 250 -11 -395 -682 -689 -12 251 185 -646 178 291 454 294 -237 288 -93 297 -276 149 -510 -325 -537 -75 33 -310 377 202 -346 -473 1320 -812 -605 436 104 7 181 -105 -177 -885 461 275 730 131 -732 -606 956 -473 214 358 188 -1165 1055 -60 870 577 357 -247 -374 -153 434 7 38 -615 423 -133 -30 1061 -62 -70 -408 394 -421 674 -509 75 686 94 284 450 -187 -51 -258 -799 -318 -565 771 -359 466 ]
[3 -145 -162 90 461 184 -91 -478 164 34 73 862 -226 574 -352 -261 97 81 -595 -308 -197 257 -19 766 -214 -161 305 -53 -414 -65 -195 717 -528 434 -695 -451 72 -215 -159 13 -608 -427 -596 295 -266 120 -177 113 237 95 -834 313 -476 42 70 -556 -261 -1289 131 37 267 -83 -300 764 100 -313 -82 340 -416 293 349 -123 234 143 -138 -196 29 224 181 -306 -235 -363 -1375 -115 719 -154 -408 295 586 301 970 152 -393 362 237 -660 136 623 -460 174 94 470 -578 -190 -488 ]
[-762 103 -110 -466 346 553 -366 503 -489 118 266 -355 720 -823 836 -420 229 -590 34 -656 -351 577 -709 53 -838 -491 322 -675 -421 -248 314 -113 23 -150 -378 -195 203 -148 300 -54 -1416 406 -121 -1174 -128 318 -183 468 -135 456 452 -365 154 393 1 -542 689 -688 -70 393 -100 289 590 -75 1233 -315 -127 -573 62 356 176 209 -422 -61 -106 1010 786 -190 62 -194 9 193 77 826 486 643 -814 -1347 518 89 30 453 -28 376 364 637 267 -538 -685 1262 829 506 -52 -379 -155 ]
[555 568 764 -267 648 847 45 -271 308 -723 -701 1078 285 -255 -750 -389 258 -414 1188 -114 -665 411 -399 -256 15 -1116 591 685 40 206 -68 -660 -21 145 -214 -284 -262 -217 162 -425 167 -370 1216 164 -143 91 -81 332 -1237 -328 -822 207 847 -109 -721 -556 199 -665 -179 348 571 -249 -935 -450 -239 927 401 279 488 -10 -259 -596 438 -292 691 337 -287 522 -85 24 -819 -829 245 609 -189 -185 -37 26 -424 702 205 379 336 14 -687 -404 377 213 -712 -328 224 484 -32 -227 -191 ]
[303 -225 99 -586 -74 -3 -733 375 -51 -344 -301 -1026 -161 -105 -215 1072 585 -379 -508 282 -264 -259 -38 -30 1058 -198 -529 -606 -197 -632 -51 -706 898 -957 61 194 -81 1502 -268 265 -177 -219 -241 -76 -203 343 138 -51 549 -45 -114 591 -107 247 174 153 947 -371 -681 -77 498 -118 -490 -763 -386 -199 -668 895 -372 -320 -159 382 -294 622 26 -3 222 -620 -96 197 -31 -519 -927 571 -380 688 564 -983 49 703 -205 339 -206 -334 1593 -335 265 -165 -278 -368 -346 520 -611 154 476 ]
[354 144 -722 30 273 368 317 -124 -228 562 383 72 -194 67 -324 -235 101 -367 897 505 90 626 -118 -257 -453 -832 159 44 51 29 -256 -99 -135 -460 -802 -201 664 -101 -336 -115 -207 -73 192 81 -264 -63 353 504 -226 133 -566 284 -399 512 38 66 627 21 -140 65 197 -379 -910 597 174 1203 559 661 592 1128 900 -204 552 -130 -323 -386 -236 -334 -39 -766 -49 -538 -659 71 -873 -672 113 -616 385 362 -787 -130 504 470 111 129 92 697 -182 -152 -613 -303 -19 -176 -1254 ]
[-112 157 -217 1111 236 -88 466 304 -35 164 -55 -188 271 724 429 -496 448 216 -3 238 -321 -100 354 -481 -188 735 -339 153 -491 -4 -709 -395 255 342 -1035 -219 9 -750 690 -911 154 377 464 269 358 -42 -545 -474 171 422 356 -439 105 -93 448 71 179 -189 912 88 -508 894 -318 137 1029 -732 140 680 -625 169 -328 82 227 -851 1358 531 -220 56 235 -325 170 128 -216 52 1130 783 677 -442 610 116 -72 724 89 -893 110 95 7 -231 -443 757 127 -301 209 739 384 ]
[-93 -740 -44 834 330 -360 741 -245 -179 543 -445 761 -61 416 -306 -36 409 693 338 348 25 -480 321 -230 79 1165 0 496 -519 427 -699 572 394 305 236 28 355 -1434 115 -369 546 515 626 74 149 -247 401 -213 368 483 -498 10 78 -1173 624 286 -622 1198 279 90 10 202 -161 466 143 -634 550 555 222 354 -183 510 -379 -676 515 -199 -822 -349 -203 1 -99 74 -273 -554 136 107 296 683 284 -667 -97 608 -540 -76 -701 12 -738 848 -238 -119 -649 -281 -54 970 -311 ]
[780 -426 470 431 9 212 340 491 15 86 28 447 -424 -356 -220 332 -3 561 179 -14 -80 102 45 -607 -515 -83 353 -184 -437 -34 308 -805 -651 -1132 -81 -914 -182 -887 -322 306 459 -7 135 138 -502 -470 0 128 80 -460 -283 385 -509 -60 355 -281 919 391 -221 -842 -214 -169 -22 406 -10 792 677 -507 -224 261 241 -1218 -440 -41 298 -67 175 1023 -1001 -286 -531 17 -328 440 -694 240 -47 -518 -1151 75 266 110 1017 -121 237 47 -346 -318 -63 -117 -235 1630 311 90 898 ]
[-37 -313 -840 391 417 -702 -190 403 -631 269 -18 327 596 423 -250 736 952 -617 1234 -289 126 631 -312 114 -369 -2 -285 -1147 453 837 -266 563 -209 -711 25 -94 379 -424 -744 149 15 585 -54 108 -647 697 -256 -318 -432 -655 -816 133 703 -581 103 -904 -216 699 350 641 1191 311 -481 420 286 -65 -418 193 616 -159 153 1249 451 -315 573 313 -168 337 -469 -639 -289 -548 844 245 -1140 375 80 3 -198 -433 119 103 -185 -315 445 685 426 -707 608 -1080 -409 318 403 818 447 ]
[-607 -132 540 133 -809 -346 -329 -335 163 1529 -156 -1223 379 302 -325 805 1125 43 10 -25 37 -505 -173 555 680 1227 -150 189 -30 -599 288 665 526 -780 -4 98 3 404 -34 -6 -762 -299 -876 6 505 323 234 -112 525 86 963 310 85 -734 126 778 -181 97 -118 1029 228 63 -597 -508 -333 -515 -305 -365 -573 -151 -304 809 -517 415 -316 -1052 124 -374 207 551 880 760 538 -159 53 371 1282 540 -563 1 -59 33 -234 -654 314 -129 319 13 424 -485 249 268 77 -86 -253 ]
[-294 84 -226 -163 0 -953 777 -813 571 384 269 -583 -490 263 194 254 -85 -163 61 194 -154 376 813 -359 -2 263 728 198 -378 -31 371 583 -243 -854 -287 9 -962 -633 1282 -35 -809 -177 -190 22 193 -305 351 -364 -355 -316 280 -170 -517 -203 -610 325 332 387 -21 -533 -735 719 943 -196 -89 671 480 374 -349 1156 418 -150 504 -21 234 -425 -664 -149 355 -13 337 549 -865 469 92 794 1146 -176 708 -659 -1195 -432 115 776 -61 565 -586 574 784 589 694 129 737 -635 -203 ]
[390 -148 -149 -52 -663 11 -285 -136 -1011 138 -325 245 306 284 -49 -609 -383 -295 -292 -167 65 -55 -315 54 -287 -572 832 -466 490 -749 45 -624 -60 -601 162 -514 -200 -356 953 -230 -118 57 -396 62 513 57 -149 164 -783 204 -64 -133 -195 214 66 -1051 898 -476 302 -120 114 245 -860 -858 353 466 434 -306 -166 -1185 748 -210 57 182 418 879 113 344 -346 538 -307 -997 -1000 845 -702 832 -211 108 -1117 246 540 1105 568 498 877 -858 -170 324 -278 912 245 191 86 21 207 ]
[1206 941 -379 475 -337 71 -119 -636 -133 -355 591 524 -235 4 361 -479 -481 810 -333 -520 92 131 -231 640 137 -920 276 23 135 -567 95 211 729 195 -543 -226 333 -472 -556 383 194 -455 -673 -103 119 -439 -698 -69 -1171 -19 119 114 -441 -309 426 62 223 -480 1099 623 387 69 -534 -103 -708 -98 70 -667 175 -593 -157 145 225 -201 -543 -585 427 30 224 485 50 162 311 183 -327 488 -7 1057 -72 -43 992 388 396 -747 764 471 557 373 -117 -650 553 743 128 743 679 ]
[536 762 -15 100 -2031 318 1123 -270 -208 -574 437 -145 307 -160 -308 -1062 344 -676 29 292 141 -848 184 -728 -305 -452 -296 -241 141 -415 -319 134 -300 144 20 -552 131 365 -89 -412 -289 390 -430 -594 638 263 -569 438 5 517 919 -167 -571 756 -10 -596 682 501 -335 1246 94 4 -51 -196 -450 903 -50 -523 647 -422 266 228 320 710 103 1080 1173 -222 -752 294 146 -121 303 153 -317 68 12 32 -688 469 384 632 1389 371 -253 85 -299 -39 238 -225 357 -687 -275 405 -107 ]
[-528 338 786 211 -38 183 672 -26 -556 231 -190 782 -739 538 -256 483 -123 2 338 -49 -272 -226 -32 -8 -533 592 92 -52 168 -102 572 135 -65 188 108 117 -190 -1042 519 204 185 -393 -490 150 19 349 -354 76 121 -123 -127 -455 699 123 -338 239 193 502 -895 377 660 468 151 354 -308 -248 -217 -40 -356 -49 362 -17 -385 93 -327 -604 213 588 294 154 -212 -417 -51 73 393 132 809 475 -127 196 -557 -650 5 177 406 29 165 -50 486 9 0 105 287 109 -30 ]
[-231 -827 348 -305 -220 -580 -128 -179 -224 875 -242 -578 1186 -371 -183 311 657 -544 349 759 -254 450 -349 801 702 669 229 448 315 18 134 -399 227 -189 63 -310 -340 422 -88 329 -617 -379 -27 -562 270 198 345 137 713 -867 746 -448 -212 67 28 -1106 -618 555 -33 -338 -106 479 569 -595 455 475 6 898 187 -840 625 872 96 -331 37 501 -971 -1091 888 -234 -148 530 -453 286 397 38 64 -755 522 515 137 78 -178 175 -589 63 386 245 594 622 182 20 324 -370 -52 ]
[49 782 -50 -102 234 451 -178 -370 -80 -555 399 -42 -258 277 585 -193 -185 772 -213 -224 17 -98 -86 -903 -158 -306 -140 -304 -130 344 -329 -310 -89 -321 1021 210 -600 -50 1057 -178 660 166 740 680 417 -672 140 -226 -216 301 -661 20 394 389 210 1172 512 559 -485 -688 -422 -48 -326 278 -87 75 -661 -177 -7 208 -783 -686 -103 700 91 181 227 625 432 616 -8 -327 866 528 92 -137 1102 593 -214 -32 -592 -178 -338 -120 96 -213 -67 -115 15 -120 473 26 -165 672 136 ]
[-367 -710 -309 -211 -358 -488 -219 -357 226 1062 -399 -150 416 422 -286 -242 888 385 -361 133 438 246 -368 695 819 429 -68 598 461 298 -1058 328 -561 -35 -154 -471 36 -148 -804 -451 -2 489 -952 -246 381 -599 787 -470 552 -111 637 298 75 177 266 -314 -83 16 459 -639 -153 -458 256 -897 17 -185 670 -209 372 -162 316 182 13 -45 -466 -433 70 -1474 228 -39 492 996 425 -263 351 -16 -149 -686 -157 246 401 -1182 723 140 -395 646 -25 144 116 -28 -315 -56 188 -582 -178 ]
[522 23 338 -69 -177 73 564 27 -150 -1220 312 -179 -1041 872 -8 705 -475 -875 -100 720 332 -95 136 -734 -315 -742 -51 -1258 144 316 134 51 722 354 -893 344 297 389 644 -300 622 246 -32 -247 160 13 -330 244 -144 239 188 -98 677 339 126 -672 1021 -290 -216 257 755 1021 -492 1090 307 -242 -16 1609 295 231 82 213 785 231 -200 195 -18 -82 -10 -721 329 -1473 -313 -97 -433 -320 418 -40 -42 -783 -206 221 61 -352 925 -259 409 -760 12 -573 695 -505 99 -227 -103 ]
[-785 481 858 -147 12 508 -357 -296 -301 -375 4 672 -242 534 -511 317 122 -175 380 -471 -812 -257 281 -53 132 17 285 -306 -694 496 -63 -139 -294 370 293 405 180 -412 589 104 89 -90 834 785 -260 677 -544 -481 -569 -201 -1079 -98 372 -81 -882 -573 229 -420 -161 171 569 243 -890 272 58 99 -789 631 -797 -457 -604 -167 -830 524 614 36 436 649 29 -113 -838 -558 -280 160 342 251 -334 382 416 -467 -726 -314 -187 -338 47 -377 -277 193 -384 317 673 395 541 478 -235 ]
[-38 532 343 287 358 519 -213 -42 346 -248 -485 674 175 600 -317 -154 -174 28 247 121 -767 505 252 1044 619 233 -307 648 -555 198 -3 -803 128 527 -722 -154 6 78 -449 50 516 -224 586 -303 280 -447 -675 345 -1116 -97 229 -432 -248 -524 715 490 140 -485 696 -139 213 79 -562 -790 -674 -139 -405 762 -849 145 -150 -889 607 -174 477 -286 -194 -27 84 95 -153 -643 -94 -538 347 315 -460 29 402 677 697 -103 -327 -762 62 32 -257 -13 -449 181 424 -111 353 708 20 ]
[-434 645 773 -437 -1036 433 -786 -638 -71 -151 -608 71 522 255 220 -532 -92 -98 -247 -303 -290 -855 512 -322 84 408 51 515 -512 252 -12 -212 317 411 267 -18 -63 659 554 -359 62 94 19 477 453 577 249 -555 566 -115 1079 -360 144 805 -181 -134 -587 -285 269 148 -79 75 -475 -822 245 -82 -154 705 -638 -913 -839 -164 -1626 -45 406 -450 241 -614 198 171 563 41 62 -19 972 -589 -124 112 624 399 -371 -175 140 -92 206 -567 346 174 -383 629 522 90 241 113 -146 ]
[-485 198 -1035 -31 -161 -18 -143 223 543 -12 -670 140 715 -942 -159 -7 566 655 839 -320 171 -103 39 -1251 142 504 -43 1822 376 -498 -47 -1028 -233 -1029 957 131 130 -854 -713 637 -100 -29 -135 -519 -542 -438 1412 -910 127 598 530 -106 354 435 -437 1387 -407 1140 187 -126 -149 62 641 -969 394 213 446 -368 733 5 240 -234 -164 -589 291 -156 -117 -345 -5 918 -190 168 599 -174 -877 717 -730 -26 209 474 -1013 354 -107 -525 -45 -130 -474 629 325 581 -284 306 -472 -463 -432 ]
[-610 433 486 -358 548 15 -336 177 205 -433 -140 1123 973 -933 -871 -35 167 -432 121 -237 -197 -167 -729 763 88 357 -331 -163 -472 1001 416 5 -152 305 457 -519 454 1102 -299 -202 -745 -241 309 -1 226 -625 -25 -418 -624 -913 331 -386 -236 -42 242 -48 -667 431 418 -76 707 -143 -332 -280 -120 -25 -308 -298 -618 -8 -215 -390 569 19 802 369 -13 372 -495 77 -678 -249 727 -1125 614 -567 -672 308 -85 192 1113 -1 32 -170 -974 -455 541 -141 215 -125 967 -63 707 -100 -212 ]
[74 -256 -510 -518 -528 -817 443 213 254 -92 305 -66 293 592 -220 682 -6 -652 348 18 -1258 362 529 -548 -11 95 -480 361 -697 517 888 -32 -83 284 -1024 -115 -764 490 152 -232 -507 -614 177 -568 -579 480 180 -10 -14 -972 622 -29 -417 160 -666 -348 529 -289 -248 -638 -920 274 421 -486 -74 760 -362 173 -921 1022 181 -155 -63 310 442 -730 -585 107 -159 184 783 16 -165 219 808 -543 76 -356 645 496 -496 -583 -31 -85 -106 279 839 -684 -340 -20 781 476 185 -794 -247 ]
[-301 -281 4 83 17 -50 1263 -563 1194 767 748 -448 84 -561 956 654 -549 344 -378 396 -76 -39 537 -551 572 431 0 18 -377 -464 203 -211 800 -1103 659 398 -616 123 967 35 -16 -313 206 -432 571 -456 -56 559 351 -25 -539 -326 1 -118 435 1050 -44 389 -501 -146 -326 322 735 -519 -321 -18 108 -309 -734 95 -986 116 30 406 -1036 -412 -901 225 147 -84 365 1011 455 401 1023 886 1021 644 -39 137 -71 -365 -348 489 423 810 -156 -387 946 -145 239 898 -403 87 1431 ]
[148 354 798 -682 -267 96 436 289 163 -1479 -131 518 142 -26 -42 510 -102 -773 755 1194 -435 509 28 -669 -938 -524 804 107 889 -263 703 -705 -673 -314 250 -431 -770 118 -133 328 329 -272 -713 -183 412 -4 409 450 -622 -508 -64 488 178 846 371 -326 440 324 -488 116 271 436 409 -207 -147 -353 -648 -712 983 -23 -373 -586 121 -235 265 -159 502 387 -69 222 615 -983 -69 129 -1200 -73 394 -361 -753 513 -356 -239 440 241 -416 -1147 -281 -776 734 -9 -332 -599 722 -267 744 ]
[-696 611 -1668 400 -352 323 -633 -710 263 242 622 -292 283 546 491 -305 75 714 399 -219 226 571 588 -603 343 68 -959 -374 -88 33 -752 97 -146 -496 304 361 64 -219 -109 341 593 -83 -128 297 -293 154 -369 622 -238 481 -612 -690 40 -140 -52 713 630 176 193 -183 -124 -162 13 -227 -118 27 -684 778 7 566 10 -200 374 725 -1096 -182 -276 -125 170 73 -231 -138 350 -405 -418 177 243 463 515 50 -287 -843 -333 -259 411 1004 369 -236 -75 -401 343 -295 -420 542 318 ]
[-83 -535 -177 293 824 741 731 179 -162 -60 234 858 -93 212 -737 -48 -225 -61 396 -224 -258 825 -168 90 306 -89 644 -144 -68 405 -70 699 -110 650 -1213 -256 669 -708 -432 293 -276 -216 692 -124 -161 -140 -1016 929 -1262 64 -1116 257 -79 -306 146 -420 901 -499 486 -186 538 257 -43 1212 -569 158 -45 -352 114 551 229 -471 717 245 431 652 624 169 56 -529 -600 -448 -299 159 -426 268 -549 -247 -297 -652 281 -63 240 112 -454 417 -842 408 -239 -74 677 183 -125 339 -186 ]
[541 -369 -282 -632 792 -641 -89 -322 -355 -413 -125 -237 95 -478 -279 323 487 -427 560 220 -453 356 753 -309 29 -32 -167 437 -168 274 31 -24 94 -253 -956 -964 -982 -1376 -618 101 -122 194 955 -94 -858 451 -252 61 -288 86 643 330 412 -1246 554 -973 477 181 339 -401 -447 -108 1285 31 343 -20 141 262 1280 886 634 644 170 -912 503 650 585 -246 815 -245 -10 -757 281 863 -291 -154 594 -234 -823 50 -272 -722 354 -210 -457 896 250 -631 -345 -361 -401 -810 527 -216 460 ]
[503 51 386 179 -283 -643 -289 -83 -81 -683 -121 -152 -155 887 218 -357 -27 -101 -94 -108 -1179 424 567 -97 -943 343 660 -434 -372 -567 259 574 176 217 -561 -222 -285 -170 561 -87 -361 -418 -1067 -464 223 184 -317 106 -459 -986 659 463 -724 -79 -239 -1210 233 -404 273 82 -310 452 177 -489 -199 -20 -715 -735 -55 -157 -402 99 -113 144 392 -19 335 72 14 1265 768 742 -630 779 152 788 373 -428 309 -427 486 -64 -15 -103 283 -80 -423 -721 93 349 310 -424 250 -547 468 ]
[396 -286 259 81 -588 -168 1173 337 128 34 1309 -755 1 -351 213 -69 508 -222 134 667 266 321 767 -182 868 -654 95 869 146 223 -126 -937 -665 312 16 870 427 601 -344 54 868 -60 1185 -273 -256 143 343 185 -499 -174 -1048 -441 -384 466 -903 -9 -59 26 -65 250 -414 -290 -174 -339 -223 1132 169 -13 71 578 -123 -286 229 439 40 183 -798 -310 -550 -319 286 751 87 627 798 126 241 -365 713 658 -1112 -370 212 -29 -812 312 -856 -140 90 -146 -147 -245 -347 -72 391 ]
[417 -281 464 -84 343 547 -778 23 610 948 -686 167 727 -499 271 -246 425 17 -386 673 -400 179 -651 284 654 -318 -928 88 -471 31 -572 -302 209 -21 1 -1006 -32 596 -1811 -29 -518 -216 24 95 31 -164 35 538 831 -1008 -220 317 -192 646 561 -193 91 -675 -580 -556 266 -1074 -116 637 -222 196 382 -8 -43 797 295 -1213 -129 102 -374 251 299 -305 -417 -1223 -285 49 14 -314 19 -624 -502 -432 -104 432 17 -216 933 265 147 -442 1047 49 -59 -536 -531 683 315 -456 343 ]
[860 -500 650 215 -335 -721 -37 405 274 -132 -3 -500 -636 344 -396 479 990 -261 -724 -178 -120 -477 -390 910 449 152 -238 -32 -70 -113 -215 223 -35 434 -912 503 132 881 72 -532 570 -37 -246 -420 -208 -332 223 -399 -77 -888 353 224 -566 -295 60 -224 -233 -17 604 479 -956 -257 515 -615 -450 -203 52 422 -717 673 -343 573 -416 193 582 -221 126 -680 90 698 868 949 43 119 646 -230 192 -291 104 487 80 270 -253 -25 317 144 88 207 -184 -455 -366 477 213 -754 710 ]
[-325 -689 -226 37 -218 -932 480 129 730 272 117 -409 100 729 286 429 -104 -376 -268 -395 -668 -149 461 256 471 999 674 254 872 367 -46 -93 -508 -337 -468 421 -129 679 1299 773 94 -154 -236 -382 324 472 -271 -378 547 -816 859 420 -692 274 262 -75 -1285 -215 261 -476 -157 890 16 -503 -184 278 -892 614 -1080 -386 -904 364 -116 -32 786 -53 -506 -504 393 748 -490 577 -518 -580 778 161 175 -688 1457 -260 -100 -197 -969 -429 478 -669 -263 -93 197 707 858 747 -525 227 101 ]
[-72 -311 -750 473 24 -310 -848 808 -975 510 30 -296 22 155 -37 -183 708 248 -47 -513 1015 -401 -488 708 387 -11 -797 -487 -254 396 -271 813 -1221 187 -331 -730 1160 938 -390 -45 439 738 401 723 -72 393 -141 -238 842 227 -55 29 -811 -355 -250 -203 -611 -103 -92 -525 -241 5 -697 611 443 77 -360 256 -14 -89 1500 127 -38 381 919 331 97 -205 -882 -36 -285 1102 -726 -540 372 -1010 -121 -473 -428 -111 495 -380 -108 305 -1138 481 118 822 -840 -331 -170 504 -553 404 -985 ]
[-220 -437 559 -88 -727 483 -67 -290 41 496 -60 -395 310 311 -501 292 187 -174 344 1207 450 66 -426 -675 426 1120 -444 227 780 298 -175 -460 686 93 608 855 89 -311 661 160 750 -55 -138 28 937 27 700 -24 526 7 600 -345 7 249 718 857 -187 985 -490 34 -398 408 -274 -47 790 -152 -320 1321 12 -760 -75 221 -619 140 196 -182 53 -425 276 767 287 -931 307 -844 90 -641 173 483 -621 114 -444 -7 -885 25 -533 -1554 -1186 -44 80 287 404 -1106 -187 -62 71 ]
[527 379 252 -580 427 -179 -340 -147 217 -280 13 873 -50 -552 -193 -707 650 16 169 386 470 -685 -528 13 24 -246 247 844 -57 717 -186 464 -142 266 -82 -563 77 87 152 530 314 103 1235 113 84 -615 921 -192 647 113 560 518 -33 255 -180 -256 -713 1277 207 362 -88 -367 -432 906 784 -243 -50 645 776 -451 553 653 -21 -160 154 122 182 -739 506 387 -231 -597 236 -410 49 -1218 -755 320 -236 388 -494 552 310 207 -790 -1054 -4 539 -690 -399 -118 -789 -107 -266 -1018 ]
[533 -112 625 647 -1092 545 398 -125 -141 -108 -105 -321 -1077 -8 -4 -723 -83 128 -414 186 1112 -887 78 -160 -512 -372 -347 31 664 -837 129 54 -308 996 318 323 211 -246 1227 572 908 127 -423 -362 415 1168 -504 -285 299 -211 912 -426 344 884 -686 -546 -162 101 -422 216 285 -77 24 579 276 -722 -370 115 16 -399 -227 114 -382 250 572 976 429 52 834 1455 314 -347 242 -237 329 -255 738 203 121 -701 -597 404 203 217 408 -792 -181 369 -566 788 476 -21 -508 -342 330 ]
[-63 20 161 -757 312 -459 -384 -46 -347 370 10 -1450 -17 -617 505 -618 -909 263 -1372 161 58 270 -83 -233 63 -56 -106 689 -170 -27 156 -307 700 1155 188 244 -268 358 122 -954 -418 146 781 302 514 383 168 161 355 22 229 4 -431 361 -40 25 -694 255 -826 -578 -300 -505 394 -128 -13 293 137 -639 31 82 -814 -411 -547 -431 -190 455 -403 -415 447 229 162 864 603 368 777 -535 118 161 427 -441 -414 -548 -319 106 -1213 -142 353 46 -142 323 -179 -1298 -427 -263 -603 ]
[-744 558 -397 -308 -185 -167 -206 -341 344 12 -688 -20 430 193 928 24 -103 -245 548 228 414 -149 194 215 564 403 17 842 621 -160 -114 330 -247 -75 825 -441 148 0 -86 973 113 489 608 -229 609 363 -238 -79 120 145 785 -619 -294 245 76 491 -1445 531 1094 321 -6 123 -309 108 -44 115 -737 -175 455 -334 223 352 99 58 324 642 -248 -356 216 338 426 -107 -7 -684 -292 -94 -319 830 361 -427 -445 134 -297 217 -600 -145 -820 827 308 663 185 -710 -99 45 -372 ]
[722 -219 -94 -377 -181 -299 992 -1009 224 -1364 1454 -231 -627 -241 406 121 -255 -219 -132 378 425 134 358 -782 -689 -550 -303 385 -179 517 481 470 -219 395 -703 33 -288 26 562 -88 410 251 356 -349 -578 -50 -413 415 933 -404 184 486 -326 -453 493 -55 -229 297 -517 -270 -75 -12 825 1095 -38 -64 -94 627 409 1160 -596 38 -13 288 -222 -39 183 -303 65 316 74 -263 374 248 490 -1062 1095 220 388 -580 -401 -90 -373 540 -546 103 718 -524 94 -460 232 -193 -778 -249 176 ]
[783 430 359 -378 884 581 -198 -675 -306 -750 107 375 23 -435 160 -722 -106 517 -116 684 -137 591 -148 62 -502 -731 263 579 -916 -269 -41 -362 -78 784 -330 -753 -201 -302 -433 -470 357 -151 220 -66 70 -93 -434 964 -656 304 -441 -52 268 -476 562 -196 2 -109 -233 400 280 247 700 320 -307 -619 472 419 827 1097 -41 -755 -95 -749 -164 80 139 -193 462 -292 508 592 352 644 470 61 380 85 80 439 573 -250 -135 -338 -1200 159 246 371 -384 -264 -436 -546 189 511 -74 ]
[1087 -498 157 31 -299 -118 423 354 -462 177 418 -604 -407 -639 -15 -604 170 -721 236 755 592 -619 -18 -1489 -781 -518 599 42 654 -399 -311 -163 -381 -527 503 -463 96 454 398 -883 302 427 215 -379 -223 -318 822 -488 -250 658 -224 -23 420 291 -273 -127 7 194 342 361 -187 -999 -103 144 -323 1021 669 -599 750 334 -493 -158 81 -418 639 198 -8 238 -515 90 56 418 261 895 195 69 940 -159 -114 -215 -536 202 404 -126 -83 -359 -747 -266 554 -396 -317 -456 -188 -260 285 ]
[1342 -389 -733 126 368 32 -383 -128 65 71 -343 95 256 -339 447 -761 91 230 51 -43 -486 -287 184 -733 353 -980 -253 150 -433 -155 -212 -2 715 -861 -297 -637 -254 625 -315 -1034 177 -145 335 559 -6 28 -174 -377 -951 -399 -373 1066 255 -469 -111 492 336 -457 -3 -372 -196 -280 -527 -705 -790 470 77 -398 -118 362 -909 -829 -97 -246 799 -235 61 76 -314 525 14 880 599 581 109 -77 424 309 -487 79 99 -411 776 -475 400 692 1329 176 237 -1054 -124 842 -657 101 150 ]
[-13 -627 332 -405 -373 -555 -359 155 598 -68 278 -599 130 -259 -129 202 -141 1 -1091 702 -5 -597 439 -399 413 920 -317 -75 -500 133 -267 47 639 -422 247 -160 -621 590 -477 -126 255 125 -521 434 988 -745 1312 -713 201 360 686 132 -560 279 1053 799 -241 588 320 -508 -1553 -18 966 38 31 -282 -59 -139 -736 247 -626 -111 -564 16 808 -438 50 -356 -281 150 553 132 76 -397 309 -276 -110 -37 18 -24 -41 -462 -196 -41 156 -806 -1077 -795 438 89 -50 -15 -57 -390 745 ]
[1184 -415 75 -185 -742 213 498 466 -126 -548 839 68 -428 -1119 74 466 428 125 -941 109 -393 -330 66 -507 517 -1323 251 -69 664 -120 426 -1009 10 -566 -121 -222 594 592 -479 302 -116 -693 273 -468 -906 -563 -16 -266 -341 455 -1025 873 -183 -50 5 308 972 -68 -271 162 -186 -474 554 -311 -421 202 -257 -456 706 378 -18 62 -217 175 18 307 553 -147 277 37 -184 -453 -596 809 -618 288 157 -617 -403 633 -793 977 490 -638 379 -252 615 -192 347 -512 -372 375 99 -297 605 ]
[-467 285 -460 546 431 220 -553 -272 -376 1092 201 -542 679 -59 84 186 -520 -157 265 -56 645 767 -1297 540 868 -46 -172 42 636 409 477 -120 -66 712 356 497 814 433 -711 107 -401 572 191 330 -92 221 -87 419 363 339 126 -1150 169 431 -340 369 -402 6 -362 432 989 642 -172 1020 406 -114 380 520 113 -512 51 138 96 -662 -955 -21 -99 83 -208 -1399 -42 276 582 -919 -312 -180 -709 -317 163 -127 30 413 -392 263 -1268 38 205 416 484 -134 -459 -1036 428 509 -743 ]
[294 338 1252 466 538 1087 263 -243 1282 -230 -445 1206 -204 -95 -326 166 -692 141 165 10 -218 11 -148 -748 -207 172 350 50 -1071 843 -125 -448 -333 -290 334 -9 -414 -169 -358 -478 739 -56 486 617 -227 -468 598 -359 -501 -371 -593 -294 165 20 558 403 729 47 -279 -490 -282 -178 562 218 82 126 171 216 -20 187 -1339 -995 -428 -264 98 -22 -180 604 -541 -1108 9 -102 255 143 -142 -398 -364 132 -659 240 591 -68 479 -120 -435 83 -707 -51 267 -261 322 876 166 179 989 ]
[200 -138 225 -687 450 -535 -381 1194 -758 -5 -58 -27 -344 -550 615 126 -87 91 185 830 -541 -419 271 189 -583 831 -302 -36 -80 1102 1048 -126 417 -157 170 -128 -290 856 -177 326 -174 -189 704 -338 -227 -256 341 -662 679 -457 1370 -434 251 -120 398 134 -119 1657 338 -518 320 -211 324 -14 623 360 -1420 80 -694 -73 222 -615 -504 -434 630 -344 470 197 -245 208 346 -395 -109 195 400 -732 -234 -414 201 123 -338 298 62 -576 250 -15 -253 99 99 -253 459 -624 496 101 -66 ]
[-129 350 -473 180 214 118 -486 266 517 -69 -515 770 -366 -398 61 -825 -722 143 376 -383 202 -211 147 368 -699 334 -184 -432 -650 42 726 373 228 -121 -335 142 -303 -837 645 418 -45 -60 193 -118 -156 142 -77 -146 -396 -261 1237 -559 -185 -221 -442 -102 -165 324 1233 36 -942 -31 -260 -152 626 -448 639 -397 -395 113 807 552 498 59 -24 118 -451 307 261 355 -149 -177 76 -985 836 379 -309 312 264 -564 64 -29 512 -26 335 249 272 -564 -648 718 580 104 590 -328 210 ]
[-558 -396 -573 444 226 217 -571 257 330 70 249 -673 624 -18 -137 -289 434 10 -109 -314 860 1065 469 470 -252 87 166 -171 234 -627 -169 297 -411 -665 -136 132 -186 264 -720 -205 -674 -143 -1186 366 274 -119 395 -171 -110 -178 -511 574 -515 366 -864 389 -277 -1298 1035 -45 -331 -572 -245 -639 207 644 -351 -671 187 -22 184 350 392 516 -207 -424 -200 176 -227 -430 353 382 -408 290 -161 145 -161 -325 95 127 770 -859 375 243 -293 28 -397 -283 724 181 299 92 94 -763 491 ]
[-291 90 -562 312 115 -320 455 -86 65 -417 -61 843 -122 606 -726 92 800 437 -65 10 1007 652 19 605 -19 133 -46 433 216 882 -150 -406 -373 166 55 465 -126 -1303 -153 -350 403 -91 316 -120 -318 -223 95 128 -432 -221 -680 258 784 -436 -210 -551 -175 924 200 119 642 723 551 -238 826 -817 49 1289 144 44 562 453 523 -335 -111 648 -737 -7 356 219 883 -961 513 26 32 553 -746 154 -646 -301 312 778 -322 -107 -169 524 221 454 -233 -440 559 -776 34 -318 -84 ]
[-396 39 -39 1369 819 730 -344 159 460 -437 -22 24 -430 -56 -15 -400 -318 536 935 293 768 -151 -397 17 -121 1421 -532 29 680 -54 -29 486 32 635 96 416 126 -116 -78 296 758 618 100 912 45 -149 -249 376 1020 303 1106 -400 66 -738 279 967 -1063 773 123 -378 -215 551 278 1548 236 -379 -40 234 195 262 -31 -233 453 126 475 88 3 176 -246 -59 -510 434 499 -1024 -431 -124 250 80 -104 -1058 84 70 -22 -282 -1536 -64 -398 576 224 6 -22 -80 -256 230 7 ]
[593 -580 429 429 308 -219 352 -260 341 -433 9 -278 -785 625 -273 724 1016 120 -584 -111 -243 -449 -564 -342 575 366 350 -271 711 419 -884 1286 -616 864 -483 -97 -617 9 1007 -247 310 -512 -638 440 -920 254 -141 -1139 547 -17 234 135 -467 -146 308 -238 411 -348 75 -416 -1168 367 937 1287 727 -1369 -519 413 315 649 -856 648 -158 -436 899 786 901 -278 1633 573 254 541 -688 45 685 -29 749 -541 289 -72 -148 310 -543 -495 -86 -402 -445 -31 44 255 360 -190 -548 -654 1011 ]
[-607 1068 520 -663 -515 -559 357 130 447 -25 -38 837 110 -222 -296 74 -21 -298 181 68 502 7 -128 595 -277 -551 102 49 178 457 318 298 177 320 -356 -225 104 -122 -681 519 -949 -159 354 809 290 612 231 245 279 -620 994 503 -580 743 -60 -988 121 604 -120 100 -18 -549 -404 399 153 794 1126 31 341 -152 1247 331 84 -373 -21 -133 -319 -640 -371 -725 -316 -617 -343 -582 -249 -590 -253 -292 -179 318 -975 -77 1197 440 -51 -131 390 290 -544 263 -330 6 809 -293 -981 ]
[1658 113 792 392 -163 -239 201 -774 -252 138 931 52 -182 266 912 114 -623 667 -376 481 -723 250 37 -232 -123 -584 368 452 -99 -713 56 434 -280 503 -512 -891 -496 -66 -228 -571 739 -143 -157 3 155 -31 -184 154 -162 -149 -711 -538 -1076 -214 1282 -862 97 -749 -5 -594 -241 -146 629 1052 -600 -18 -65 -992 582 336 -198 -971 119 -379 -151 352 533 372 -183 -1142 895 1179 -96 795 311 76 889 871 409 -110 292 -846 -11 76 -756 38 -596 17 1053 -328 -347 -429 259 605 1445 ]
[516 -131 303 14 -576 266 138 -68 -174 937 108 750 406 109 -459 162 215 161 654 -108 -552 -683 -528 -820 -407 -321 228 -850 243 -106 -875 230 778 -576 -196 -577 -54 92 -276 -440 -200 1 -714 479 254 -339 1024 -412 -609 375 37 722 -348 590 181 -421 518 -255 -58 289 -810 -1095 -78 1041 -33 882 910 -882 346 393 -323 437 -609 -169 -152 -57 252 406 -195 -293 452 76 1005 838 -726 -314 284 130 186 -21 -574 -250 300 171 555 -285 -390 -562 -43 -287 -292 566 428 -367 30 ]
[-371 235 -65 -935 -607 -735 146 -45 -263 -288 136 -785 -227 -445 -445 29 449 19 -158 -934 -34 384 302 -100 -665 -744 434 -246 349 -183 371 8 -443 143 -299 -147 -197 339 686 -159 -244 -401 -46 -14 106 543 41 -134 -399 -177 -34 15 132 495 -961 -638 113 258 -326 -247 -433 -87 973 -946 1 742 -682 -923 67 -164 -392 232 466 303 229 706 158 -160 1165 1198 359 913 1057 331 24 -329 274 -178 -278 275 27 -1277 237 -276 -650 1203 438 -388 229 392 1110 777 -112 -1512 106 ]
[-36 160 -944 -53 -895 -15 -219 107 -274 -80 -505 162 454 -83 547 -675 232 -197 -60 494 383 387 488 59 -734 -206 20 701 319 -215 407 -227 -1452 -49 267 -1049 -777 -906 -72 5 175 523 -158 -479 -158 37 122 -278 -296 551 -275 -393 701 -7 -655 -561 -414 623 162 270 -222 78 808 108 165 -271 -324 -196 617 62 911 -94 476 -54 100 579 -171 474 823 282 342 13 196 325 -200 442 -728 775 -68 80 -416 215 154 -196 -1131 -377 335 -376 881 554 -185 -506 233 -140 -317 ]
[-3 736 833 -715 -708 171 579 112 6 76 121 499 -357 -111 -864 773 199 -32 -20 -199 -624 -546 -335 11 534 -16 311 660 539 155 175 -1242 -362 -431 15 -432 -599 -664 688 -194 61 -24 722 228 270 -452 132 -275 -615 330 -420 318 107 -59 -68 -547 744 532 -190 -90 417 200 309 -336 -731 681 -146 -262 -772 -925 423 -110 -676 335 155 459 197 1169 -150 371 -173 -694 -289 1337 215 792 750 -145 -651 531 -308 65 310 -57 48 -94 -513 78 11 -171 49 436 639 510 40 ]
[-429 1124 440 -64 -189 205 538 -426 548 -829 388 574 409 -464 -144 -197 700 164 289 78 87 -117 -301 576 358 -9 25 172 307 158 -90 -285 100 224 331 1024 -429 -636 -399 1247 45 -399 384 -144 167 227 -262 -429 -142 -531 38 -281 128 706 -249 -5 -982 -236 90 935 401 681 -978 120 884 -452 595 54 130 -137 32 222 -79 -46 139 336 -213 -83 74 -285 -560 -641 972 -562 6 160 241 723 573 213 -440 453 -586 281 -27 -954 437 36 -515 285 528 677 71 -114 627 ]
[-855 509 660 -129 -188 496 -456 818 -525 1274 -384 103 -139 329 -276 402 -86 -91 328 28 -84 -254 -525 1618 -53 333 -341 -414 203 420 -147 238 -326 844 65 202 -42 626 -90 -293 -39 -186 55 720 706 -99 -150 -314 636 102 585 -72 -303 430 -204 -256 -369 494 -370 -213 557 -348 -362 258 648 232 -468 28 -171 -1685 822 426 115 87 -174 -543 -372 -130 341 -1122 301 372 -249 68 241 -406 -307 -331 -268 7 50 -357 324 -458 -16 496 -176 470 -16 -177 488 98 888 397 -190 ]
[-115 -686 344 -363 -364 427 -658 -1104 369 901 213 193 268 -255 -692 615 1215 -91 752 -700 174 28 -74 -151 72 23 608 292 -35 395 340 1003 -694 -486 73 -24 -269 1 26 -384 -812 97 -57 779 -330 426 507 14 -149 471 -365 -472 1026 -881 -9 61 396 396 373 10 -446 -983 843 536 -263 -139 300 -155 96 1149 -212 278 -175 355 14 -192 278 -632 555 -479 903 -263 578 898 -582 -26 351 151 -406 -200 -930 12 712 -3 -404 262 67 840 754 -185 38 -7 331 -199 -193 ]
[52 -633 -457 -396 -305 61 -89 134 -548 470 287 65 -457 356 889 -657 -1667 -81 -665 457 327 423 -185 236 -310 -712 258 -1030 1009 -115 -2 -180 209 646 439 525 75 389 501 154 164 502 19 -478 285 236 -597 455 -662 735 -515 -186 -263 -110 75 -250 524 -649 -141 -765 -291 60 -548 -342 115 109 676 -540 -131 -882 530 -742 489 306 -565 408 -344 46 -459 -674 -54 -132 -492 -418 -661 588 -1370 63 -395 -931 302 160 62 875 576 176 -443 -126 -379 1081 310 -390 65 -73 -102 ]
[230 302 739 -175 542 -114 -605 207 304 -72 335 -111 -205 -967 602 -733 156 -51 524 394 -16 179 -350 596 -186 -197 164 -385 -113 316 647 532 -2 -286 -11 -274 -286 -146 -203 -25 -337 132 470 -347 -20 -329 245 403 -201 -994 962 378 -130 -533 208 -80 1 175 -139 -558 -465 -231 -12 15 346 -69 -456 -1199 -174 556 -362 -702 361 535 230 -319 322 572 -277 433 124 699 681 -133 -157 -164 -235 113 -927 -632 342 -182 1135 277 -491 582 383 -346 -430 -441 856 1264 273 -765 303 ]
[390 -208 -543 -617 213 -16 1557 -428 598 -198 318 -408 169 -5 579 542 420 -153 367 245 -150 445 231 -1704 -127 -272 -100 786 296 420 -503 206 511 246 -20 69 -195 -228 -110 -593 792 -53 455 -551 -150 224 -239 478 879 -270 -932 143 407 390 503 133 -53 468 -1082 6 35 454 680 816 -213 382 -390 915 662 769 -695 -241 -116 -143 -430 304 -223 -812 149 -314 593 290 487 76 -17 -671 1140 1 -25 202 -647 -743 -472 1 -407 651 775 528 552 -1037 -108 -103 -882 14 -276 ]
[-21 -506 20 278 -1117 525 242 137 -123 620 687 -301 -510 158 786 -565 438 -444 29 -580 264 0 864 -628 -72 -1126 -103 -234 278 545 62 1192 -464 -131 828 213 -97 234 1139 29 91 -331 315 -616 -15 136 29 264 -404 579 309 -1423 -100 277 -437 -30 212 130 486 643 -969 -697 625 163 169 661 448 299 331 -63 587 170 -60 445 -1387 243 -134 -701 189 -315 272 -231 81 -69 -81 -584 -361 327 179 -339 -572 -265 -65 945 52 541 -616 -334 647 56 825 -264 327 -503 1108 ]
[-124 -256 256 294 -356 62 -682 -769 754 15 1097 115 -40 -316 251 521 -627 421 -71 235 666 187 -390 433 317 -151 -462 186 -17 -31 -214 123 316 -258 462 1276 -26 233 -1100 -82 -34 31 356 704 -206 -406 1101 -830 900 -268 -909 -29 559 160 348 364 -162 390 -60 -883 -298 -787 579 198 32 387 129 -1 127 74 65 126 -358 486 -850 -962 -486 -305 -753 -1777 518 739 -183 213 -246 -806 -214 151 501 -258 -392 -269 155 1027 -264 891 269 503 377 -653 -582 91 -50 -110 522 ]
[-558 -254 657 -190 -733 420 1054 308 1 378 264 261 102 -255 629 -777 -67 -35 502 442 -69 336 -267 -972 -728 -40 343 165 231 -273 156 82 912 188 -759 565 297 -725 268 -245 -455 192 196 -985 1334 490 -184 1097 202 88 995 106 814 464 182 -412 684 -466 -396 457 262 405 -497 269 882 702 1020 -428 285 -124 -2 -142 226 269 86 349 204 -471 -24 61 -196 -2 1009 -29 -249 -323 -351 -363 338 -577 -421 248 594 371 -160 -34 -2 -570 -414 1537 1511 838 -484 -655 -50 ]
[-376 -59 575 136 652 -168 -7 651 -720 -991 -181 1259 -495 132 -717 556 591 -104 1112 -1129 -608 -349 -206 242 -113 -3 -158 -442 -248 1016 0 808 -594 -10 48 284 669 28 99 320 -346 -105 770 347 -1393 389 129 -1300 94 -554 -615 507 -308 -64 -525 -547 -274 513 365 -250 259 -348 -840 633 464 -250 144 -482 467 5 115 181 374 472 965 387 434 649 -362 41 -778 -915 313 186 -452 112 -161 -111 312 -797 -241 276 112 16 248 -158 -382 57 -423 -80 -53 443 370 334 197 ]
[-682 -37 1025 490 469 695 -435 465 595 -351 -590 398 -365 358 32 -317 -187 757 -158 -141 -355 9 -125 541 -403 439 626 -1236 -857 363 -11 799 299 205 -101 329 -14 -77 1132 -351 612 206 -541 -90 1412 -669 659 -21 242 -366 -20 -58 99 5 43 161 4 180 352 151 -194 597 -2 -93 22 -676 -1352 443 -640 343 -848 -382 -1120 617 191 -742 -55 -541 -343 635 242 359 -374 -574 1011 -803 465 -480 675 -249 465 -858 -567 170 -512 403 -58 113 -689 -225 1170 584 457 304 394 ]
[272 376 -279 -367 858 -603 -5 981 626 -28 -929 338 -465 -17 -1114 582 -381 -209 522 410 -163 -1243 147 -535 -121 533 -715 -260 276 80 -89 339 359 260 -905 301 -618 136 -218 68 -342 23 988 878 -869 674 170 94 247 -542 -283 1528 378 543 -470 -352 228 239 -106 -169 441 -989 -100 992 -538 44 143 -296 -38 916 49 135 949 212 180 106 104 808 -454 -165 -114 -766 34 -511 -506 -460 332 139 -641 -226 -1062 41 711 -249 669 -370 141 386 -965 -956 -940 -287 215 -243 -541 ]
[-338 783 -265 -526 1300 119 -408 908 -209 -194 -101 220 -580 -246 -434 -282 -223 604 -69 -1028 57 569 32 723 -369 -79 -365 564 -229 464 -180 -20 68 977 -195 226 -192 -592 -572 348 452 396 890 176 -399 131 331 303 -286 -303 328 -134 134 -11 53 -432 -62 253 -173 -997 302 -429 186 152 428 363 -379 -466 151 300 1267 -376 -76 -406 26 221 684 412 68 -138 -437 -671 627 431 -399 -618 -1185 -492 -250 269 -29 -1267 34 456 -397 904 -643 188 -1347 190 -509 -335 -169 -346 -625 ]
[-380 307 -192 40 -700 742 -84 -76 198 -162 -260 -6 733 -51 -14 -555 1003 241 1007 -332 -520 -728 321 -864 -628 308 -335 622 -77 -113 -93 640 -187 -835 160 -455 -366 575 84 168 -491 -526 -324 -323 -181 315 44 91 323 476 1198 -86 287 468 462 852 549 -257 333 820 -729 -764 382 314 -21 84 -764 -821 33 830 -438 -38 -255 505 266 163 1405 177 209 448 190 -414 955 -178 -790 -584 649 -32 76 61 -704 609 541 319 950 -323 0 -573 338 83 302 37 -98 -244 125 ]
[-121 144 -519 -235 -193 487 323 -180 680 -255 800 345 166 322 -699 1097 41 98 579 352 -1206 262 468 -330 306 -230 -520 -136 -596 177 -61 -557 -106 -568 251 325 182 623 -489 449 328 -726 398 426 -631 83 125 -387 21 71 -457 382 -226 97 157 215 377 216 -278 -49 -154 -557 -140 -45 -67 807 -612 334 358 -88 -236 572 74 458 -286 -726 -240 277 91 -230 -335 -349 84 189 9 -200 373 273 195 487 -220 -766 -409 -1007 -109 -141 -366 -557 -76 -511 -381 -249 350 231 244 ]
[25 301 -176 -150 754 -494 -636 4 -10 -44 5 -348 859 -644 -41 580 996 576 -249 6 -849 110 -593 -120 259 934 -59 200 -558 -79 -660 -213 596 -51 -537 -695 -714 -825 -1069 53 -163 4 -233 19 83 19 917 52 771 119 496 555 70 -128 247 21 419 571 -779 -656 -75 1106 876 363 223 -185 -903 388 416 619 -589 585 -789 -387 103 -333 -186 -710 367 -121 -82 1152 -170 864 197 -193 238 -738 744 605 79 -919 -343 -1342 -357 382 906 313 -38 -580 -21 1557 291 335 -369 ]
[15 313 139 42 -526 1149 -199 -417 944 -591 -171 1204 -132 -2 -455 -645 830 328 735 -761 -362 12 225 -1649 -736 -546 454 -811 93 -91 -862 742 200 -453 466 218 150 -523 817 -68 -59 56 -287 -347 69 -54 341 318 -1134 137 -371 377 467 436 -73 -370 856 10 220 438 2 -96 -196 353 -68 824 -92 -214 478 52 -1096 -42 -226 910 284 265 916 297 158 619 -69 316 430 411 -802 462 -169 -120 99 -389 -387 -7 470 -39 359 272 -776 -204 370 -284 1024 1239 -296 -219 471 ]
[360 1002 -557 -158 232 290 -137 -12 212 -375 600 -476 130 -729 577 466 -1047 328 -479 46 -259 509 -471 -253 1026 -856 -534 -40 561 -683 -538 -658 349 -288 -4 -282 4 116 -1415 626 -137 -416 -416 313 -146 -206 -452 387 148 610 -654 322 -326 639 531 669 423 -834 -456 -180 -78 -286 397 252 -295 -248 -198 -901 263 -845 -481 -489 336 -193 -1032 77 823 281 -653 -634 -132 -39 296 -253 -395 827 -422 -83 -604 594 295 -192 133 -583 194 53 223 -311 -270 -461 -864 -209 -1 540 814 ]
[914 -12 -82 74 691 56 -253 -341 -435 -368 1171 232 586 -1235 208 -376 273 134 360 -229 327 970 -621 449 389 -505 790 1042 1295 -694 127 -392 -291 -531 22 -219 -151 -456 -730 800 30 -304 275 -49 -989 -140 100 288 -357 -423 -849 377 -361 -373 208 -271 -235 -1303 32 -709 77 -277 471 426 -251 407 510 -1343 863 -108 268 -1009 583 -694 -451 502 805 481 273 -536 -679 696 -35 603 -622 666 -412 -475 -135 -125 300 -208 101 364 -453 -306 132 551 265 479 -391 487 -987 -456 779 ]
[245 745 202 361 41 -94 131 317 273 -745 -255 719 70 -623 420 -588 -801 340 -168 242 -267 -298 -72 -461 -279 -646 -767 -355 -57 -426 -152 -168 948 -77 1050 1723 273 991 -1083 -368 -98 -234 422 815 823 -45 368 -916 311 -16 -989 548 646 1066 -250 88 -463 24 -1028 374 -41 -598 34 -564 100 919 -858 -433 855 -984 -334 534 449 -41 57 681 368 26 -60 -125 14 641 590 187 -267 -121 -281 134 739 -154 -298 289 -141 574 198 328 -363 496 405 -377 -689 -814 -854 306 514 ]
[412 699 392 -396 -1245 -442 -203 80 -58 63 -279 -1084 -479 175 364 370 276 -216 -317 94 486 -30 146 250 653 -675 -44 793 -45 -943 648 -250 -458 -697 131 -793 -83 730 -125 733 -181 -194 -341 -593 381 -176 271 54 185 362 1546 61 -633 214 -436 600 102 -547 -31 448 121 -243 -653 -774 -396 495 509 -217 735 -351 1213 -231 333 -79 -756 -708 40 -682 28 430 450 374 -233 -339 -910 11 -208 192 -220 363 106 -29 287 -553 -324 -6 -278 -206 212 527 452 114 371 -811 -144 ]
[-376 -98 383 396 512 617 -40 -495 319 82 -29 -653 48 -149 590 -195 904 543 442 -269 -108 293 -566 300 72 169 318 -455 -421 -55 -585 269 -95 -802 142 -62 -154 -1023 -80 -562 -268 374 -69 58 380 -829 -156 203 329 710 5 366 478 -1136 -417 1255 442 58 351 849 -898 -69 520 18 79 -213 -152 -117 119 557 -521 274 -862 203 -772 -155 215 387 -730 284 76 702 645 781 140 462 347 -571 -725 241 743 219 336 -420 -540 975 -27 -455 -387 -757 -148 441 579 371 293 ]
[-207 -222 -27 62 686 -21 -165 875 303 -508 873 -295 -547 -453 240 -121 49 -648 -103 -334 96 384 719 -844 -1322 -371 81 -1042 -1007 -15 231 504 -566 -347 -120 -663 233 -224 153 -61 -149 -28 8 -489 -1151 50 -348 648 -126 503 -334 388 -547 -318 -556 -466 811 -489 310 182 -382 -471 -463 711 713 -447 26 -414 -578 625 -480 -165 -386 260 -42 -486 135 698 -495 375 276 47 -300 -83 -208 202 -1157 -632 -28 50 857 -171 287 -255 16 291 -645 -1429 -327 310 73 1134 -23 -812 433 ]
[209 124 -599 294 276 -284 -531 1086 164 -88 -966 -421 -8 -379 322 355 -328 601 -439 -1334 -514 -469 211 -554 9 530 -183 -365 99 -100 127 -668 -85 -1198 94 -452 -70 -624 389 -343 -94 734 -84 9 92 -1022 574 -439 38 737 521 209 2 -25 87 260 490 -238 -244 -575 -73 486 225 -99 179 636 8 -937 -430 -97 436 -968 582 144 240 599 380 1317 -748 361 -572 -441 -248 303 -155 997 -208 61 -1598 266 263 275 -33 -244 867 -258 -153 -605 380 -146 81 765 -312 98 -228 ]
[-926 -458 110 -312 234 -155 509 946 -22 -1094 40 -149 -685 -186 165 474 -731 -714 78 1318 516 80 426 -363 -66 505 -413 -480 563 -482 342 -477 645 227 489 913 454 336 -57 372 194 100 576 -531 -370 71 -818 627 554 -98 -522 -61 -28 386 -175 -350 -106 2 -214 456 922 -17 38 813 -98 -695 336 781 -491 -334 -13 247 -116 321 -503 632 -531 270 -861 -556 -338 -1331 -956 -512 -241 542 -60 -339 -311 -573 -487 773 -795 917 533 40 -382 -598 -270 242 -978 -940 -501 187 506 ]
]
