[[-53 320 -441 -202 -20 -384 585 225 665 161 674 -190 15 198 -137 100 -135 66 675 106 -126 154 451 136 -600 199 -74 535 350 76 -189 77 -404 -77 547 57 -412 12 -139 154 584 231 114 1218 -328 -87 89 676 508 -539 635 -186 194 -431 -351 -160 -93 316 202 297 282 -410 -391 -2 399 237 141 717 377 518 454 402 99 83 429 454 -768 693 -61 -165 413 355 163 406 -466 694 -234 137 -602 -102 -35 37 225 266 822 -382 -57 87 591 333 -73 615 269 609 -27 ]
[-742 30 157 713 -136 -153 -651 -704 -347 -388 -417 -12 -514 -609 -114 -441 151 -925 -387 106 528 674 -771 69 -317 -376 -75 -360 -161 4 209 506 -25 144 -44 147 130 -39 -79 175 -262 -94 -532 -315 -25 319 -39 -316 -325 211 -590 72 210 -484 64 417 453 -486 -559 -343 173 -3 -146 -73 -443 -240 -293 -624 -305 -614 -252 267 -670 -266 -1201 231 -155 163 210 -243 -400 -121 103 -25 417 -364 134 -187 686 -327 287 -452 533 243 -885 539 194 178 -95 -340 299 -377 250 -115 512 ]
[-622 518 446 83 -519 838 -343 339 -698 133 -624 396 578 62 247 -84 664 381 -425 312 -474 -464 26 -353 630 46 68 233 307 -276 -197 -69 -45 -73 -396 -491 -106 5 210 -1082 273 435 -33 -183 516 -595 555 499 19 286 36 194 -46 384 282 -561 -104 85 -86 756 -131 -42 130 -476 433 -663 -47 642 407 -194 -370 78 -83 79 845 60 85 -172 7 127 541 -179 -125 36 -368 -718 -1156 -219 -261 255 326 137 -505 -357 364 -451 -116 -251 229 25 146 203 -248 362 -275 ]
[23 -728 666 -358 289 -526 -329 66 38 -296 314 325 -451 -152 -132 251 33 160 -225 98 1186 -486 -272 -321 -458 179 -687 -799 -535 136 -136 -161 362 -141 -30 1015 -288 -126 194 165 142 172 132 269 236 207 -665 -268 -818 362 -793 28 -135 230 -72 555 71 451 117 -530 126 -72 316 332 -140 181 245 -1337 -266 -722 22 61 -33 -287 -1183 317 62 -489 -887 365 -394 -632 -366 -9 236 281 246 229 469 3 -547 263 443 61 160 526 -279 242 -615 -326 -66 -692 -720 -912 -101 ]
[-755 275 -77 812 -164 280 -409 -646 -279 -78 -193 270 -266 274 31 117 475 -907 -811 107 -132 1177 -427 201 -511 -573 449 482 122 -378 292 413 -307 416 -62 -371 276 414 -42 -267 -401 -39 233 -1344 357 152 147 -271 545 -159 -148 -232 59 -338 920 291 135 -326 -792 328 -161 -175 -158 -1384 -410 279 -8 788 117 -285 -371 188 -734 -645 -293 -245 11 2 78 442 77 27 563 222 -201 -377 -203 295 -71 -164 829 -242 -372 -496 -153 -101 198 -422 429 82 445 -41 561 864 369 ]
[-247 -313 654 -157 -396 276 -370 762 -188 -311 -672 390 -101 -853 -125 -365 56 3 8 -169 460 -499 -711 -171 -27 -322 58 -307 -336 -101 -446 -702 389 -346 -4 372 385 -1232 277 -75 209 361 -453 -20 125 -539 -278 -219 -276 303 -498 45 -102 223 -75 564 757 77 -607 -401 298 -125 200 394 -212 -86 225 -1242 66 -484 328 -214 -265 -225 -221 137 -344 -792 -44 -174 -324 379 34 -814 327 -673 -363 -437 -58 296 -531 -15 713 106 -67 436 575 222 -1021 243 587 -397 -589 -728 104 ]
[-746 432 -287 -677 -628 256 -190 -577 20 36 -394 -596 52 -80 -188 -327 256 -362 150 -305 -301 297 143 -77 -1 595 -153 93 456 473 152 358 -130 -130 22 -626 -252 427 -54 -153 -173 -560 -833 -16 -651 170 226 197 153 -480 122 216 -23 61 55 -303 415 -345 32 315 796 744 -111 688 489 -1153 -298 711 298 305 -150 -71 -33 579 458 111 -59 437 590 -458 552 395 87 -637 274 -198 568 -533 273 976 53 -140 572 351 -1008 -245 127 516 -106 467 834 801 295 973 463 ]
[-26 150 415 -470 -209 -122 189 286 -390 168 463 365 248 325 91 -225 113 76 -32 264 242 -131 156 -254 169 749 -809 -1037 484 390 441 -105 65 -323 223 143 -95 226 241 -689 -161 -200 -670 75 -240 82 347 -472 -1004 598 509 590 -315 -573 -421 -667 -211 -404 541 679 535 273 404 858 708 -373 -711 -37 182 42 -562 -466 196 0 659 -567 29 -342 -3 -43 481 -124 -1107 -77 206 -423 302 -83 299 1197 -106 -46 64 -89 -270 147 -461 544 -26 -337 -297 248 -378 513 65 ]
[-639 263 462 93 -439 61 -666 -466 -202 15 -935 61 327 -591 -304 -124 479 -87 -390 -39 138 45 -75 -139 220 376 -169 513 91 93 -198 595 883 84 -260 -470 -632 199 -19 -283 380 -166 -138 685 -458 -137 -225 327 -270 915 -1043 604 514 482 -375 119 458 -490 237 232 -462 -49 -212 -133 40 -883 -381 620 -636 -1175 -291 -105 399 1328 -309 567 -194 738 160 -56 118 -570 278 257 238 201 -145 -769 1006 -998 567 -647 195 709 -593 435 -51 169 -214 -363 402 -464 -543 -277 -4 ]
[-36 39 -83 120 -85 -352 -34 142 366 -376 -336 -198 -152 -115 504 242 -656 -46 287 139 401 -255 -374 156 -223 -142 117 -325 64 13 5 -59 -258 140 37 -26 -175 226 395 -444 -550 101 -255 -379 282 -35 101 16 406 -589 155 -21 -568 953 980 132 -697 994 -386 -11 320 239 52 -155 -21 238 1042 -627 343 256 385 114 -83 -489 -233 -400 1 -208 190 -197 -446 1063 278 -612 -68 -368 622 447 -584 -82 44 357 19 -299 -309 -276 599 -177 -361 887 513 387 -139 286 784 ]
[-614 107 305 669 -361 1052 -246 89 -173 259 -327 -328 769 -398 388 -170 137 -67 -123 764 -370 -66 -431 0 90 -477 974 911 -257 -159 189 529 -1327 646 -317 -274 594 -92 244 -61 -3 192 -18 -537 737 -79 597 643 357 77 110 82 184 -87 127 102 -115 593 -321 -218 -393 35 -3 -453 -441 277 -275 50 936 296 -343 -107 -244 294 -79 -182 32 -86 93 285 113 268 -152 -247 -59 -751 -424 702 -35 -560 539 511 -808 -453 -623 -418 284 -627 271 151 -126 326 404 326 214 ]
[296 -240 -98 46 60 -195 520 34 542 100 1196 -950 -363 925 -683 164 -115 -1056 31 347 -156 647 469 569 -1041 459 492 910 98 79 500 297 -433 -332 245 242 -411 -97 19 581 -57 -552 400 -437 -530 568 351 264 431 -453 310 380 40 -820 -4 94 51 131 454 -647 -103 361 -264 180 -123 455 -60 362 -237 154 76 179 374 368 186 -427 -488 -39 262 108 194 326 5 1045 258 901 940 393 863 -18 -161 45 -623 -418 -387 113 10 -61 -142 53 44 823 -75 368 355 ]
[447 62 -490 -466 -194 -377 -396 -276 877 21 392 -465 -92 840 -818 -192 78 -647 -936 -191 -575 728 1078 268 -831 458 -87 -105 184 229 264 96 891 -489 230 493 -717 558 -567 418 -421 -732 231 277 -778 177 -311 -605 579 -202 -313 28 168 -396 139 59 653 -515 -359 -286 -364 585 -305 -128 477 -474 125 -55 -1219 -107 113 129 126 -14 -126 180 -554 -68 -426 -659 391 -1011 572 435 236 1370 950 -438 602 170 319 -338 -15 308 -345 235 -162 379 300 -351 213 273 176 210 -532 ]
[713 125 -318 223 -214 -610 152 108 -322 310 166 562 -215 -891 -355 -637 -741 130 238 -525 -581 721 -361 364 -501 -260 -1 240 59 2 359 -645 340 -29 975 -524 267 -1015 -540 408 278 207 -321 820 -708 281 45 -436 -135 -367 71 309 -424 -1183 -602 586 28 -522 -291 -168 185 -723 -500 -73 -774 1254 -602 664 25 796 357 -140 -817 219 125 -191 -821 721 17 -33 157 772 58 232 -413 497 202 304 -756 -94 -69 -374 700 241 342 317 424 444 642 204 -146 -93 284 364 389 ]
[39 -317 620 -195 -368 -64 -219 134 1493 36 3 52 -315 212 -423 349 -20 -654 -952 325 864 632 106 -118 -452 47 -291 -619 -212 385 -711 -284 244 -212 -213 805 243 492 742 -9 -1127 154 -184 -633 -229 -156 -417 -135 373 191 -194 282 214 797 599 562 283 365 -772 26 -455 -171 766 -99 22 569 284 -632 89 -820 93 -559 540 -88 -54 67 -263 -847 -442 -180 -219 149 168 -756 1028 -182 1155 375 234 211 247 185 -168 22 -531 436 501 -457 -967 482 655 388 -370 626 338 ]
[111 -92 83 -500 430 157 -239 112 417 76 -398 215 707 -937 -237 96 -172 42 -118 29 -148 908 243 -161 254 253 250 -296 -145 806 -29 327 -147 681 -75 -176 929 114 256 121 -1128 -262 -551 59 -391 -143 -225 17 666 368 179 204 461 683 -90 122 -296 400 -21 256 -815 -276 -7 450 133 735 -234 -49 -220 428 -20 -430 894 634 460 -565 -360 -50 -461 -713 -227 414 195 -981 433 -269 590 -134 -524 -451 493 297 27 -193 -1336 -228 197 -98 -638 891 106 558 170 459 -293 ]
[71 -244 -316 607 384 -407 393 -10 830 311 700 -73 -1002 168 514 493 -635 -543 507 422 1165 -231 -498 -251 -51 -834 -403 -479 -590 -148 -393 572 -1167 888 320 898 246 782 328 638 227 278 504 -55 339 348 -136 -83 -692 30 -123 -461 -11 -246 383 363 -71 219 -533 -4 312 -147 299 82 31 209 282 -512 505 -517 -319 821 -25 -137 -736 214 681 721 412 607 -545 958 -402 114 303 -330 137 941 -406 -451 -166 30 87 160 224 574 -644 -389 660 112 -191 -222 242 382 300 ]
[-571 102 233 -178 16 -813 508 48 -739 12 301 385 175 -255 304 75 288 562 424 -360 114 -764 -294 -500 285 700 -590 -873 487 638 396 239 -69 -168 636 -94 -250 160 141 -645 405 361 -732 27 428 -711 216 -86 148 661 388 -283 127 88 -251 -522 -914 115 851 852 276 -348 206 182 937 -799 273 -228 167 -41 475 -317 433 -946 515 -214 135 -274 38 456 -76 -52 -436 -45 -336 -183 -1139 -118 -260 805 -217 35 400 58 379 -571 -235 419 -1052 -281 67 -341 2 -92 -210 ]
[344 -191 149 -151 321 160 212 -1039 -1072 70 104 -370 -343 -55 -435 -38 871 555 -632 -1111 -998 125 300 -402 1408 125 -17 -262 -298 454 608 -260 101 348 -574 -1146 873 460 -268 -300 -921 78 -734 -1433 -161 448 377 65 60 -735 -198 615 -157 123 110 -440 -293 -295 640 -727 135 251 562 214 -453 -49 -454 628 184 447 -29 295 -150 28 499 -834 718 -279 95 -216 -197 -449 -636 -184 -92 -300 217 430 -85 1342 -71 589 -57 -93 -399 -327 -326 214 -524 189 -146 5 580 -583 688 ]
[613 -293 -278 411 2 -899 336 -915 -134 435 -59 -852 -596 -683 -423 -538 -537 686 -459 -993 108 -195 164 32 661 209 -346 349 -566 272 -223 -163 -119 -500 -537 -163 -469 4 -627 563 312 -8 203 574 -216 501 236 300 -71 -434 -153 -570 278 -244 -672 137 -666 309 812 -609 -376 -514 26 132 -665 206 -177 108 14 1088 101 -403 -143 972 -383 878 187 468 355 347 -191 -721 117 521 634 657 -516 56 559 160 -617 438 353 514 433 69 675 230 -352 -724 -74 -53 77 -241 -24 ]
[238 -92 285 443 137 -360 -105 524 -608 55 107 112 -335 -432 -64 -563 177 251 -538 -257 -67 -38 175 614 795 133 -459 -665 -717 -167 -92 -184 298 -135 -78 -14 302 -425 346 -541 -197 374 -286 375 52 152 280 -340 -296 -15 -117 988 201 -175 -375 164 -134 198 963 -231 -60 -890 -301 147 -652 1058 -761 -753 -200 -522 -164 -261 113 609 80 -163 -817 -453 446 -124 -506 -144 -687 321 516 -508 121 178 -255 -118 -216 57 351 95 -106 789 350 -80 -786 484 -894 -573 -769 -868 632 ]
[-242 547 215 -102 459 -666 -72 782 -404 -269 423 917 340 259 639 428 22 -275 689 648 786 323 -197 -210 -737 -286 -668 -474 -245 -365 -318 486 -232 643 384 191 -39 -29 462 -793 1023 1023 -4 363 713 -322 -263 -471 33 257 338 -368 -80 20 -258 431 -610 -178 452 908 129 -834 -1060 -87 518 195 531 -117 -628 -425 -26 153 -240 -645 191 108 -607 247 -14 640 -70 469 -383 601 -669 57 -629 -783 -609 -710 450 -175 620 -453 845 101 -456 -119 -48 402 -87 -205 -459 565 -29 ]
[-571 92 -174 -225 329 -330 -103 -749 -414 494 -145 279 89 -428 -100 618 -121 -254 422 277 466 440 -571 -103 -960 291 193 494 673 307 1044 446 -646 474 286 -287 -582 68 -328 104 591 -636 144 -457 211 -137 70 312 243 164 81 71 283 -574 571 -384 -386 174 406 -204 -421 34 340 253 151 -44 -276 1015 579 -4 -22 -73 390 -204 -117 -351 1021 1182 -605 175 60 230 253 396 -249 252 -255 253 433 51 374 -155 -276 -334 -1235 -489 -186 -303 -15 79 259 445 503 410 8 ]
[-267 -125 -89 -567 -148 -1154 149 -181 469 596 494 -202 -267 -427 -540 -343 -764 -97 -508 372 582 276 170 93 -460 810 -365 -343 852 415 198 470 -253 -53 774 485 -1182 115 -300 162 85 -803 172 1661 -919 -284 -271 346 -76 663 529 958 293 -814 -155 -200 -176 555 559 96 -690 66 432 761 599 -410 16 -249 -411 -260 -237 -712 451 810 45 170 -424 645 4 -563 157 13 143 853 506 594 50 -23 479 -291 -690 61 355 375 -366 362 336 333 100 -30 163 508 -579 372 92 ]
[-85 112 184 -535 -624 557 -504 -85 -423 -97 -507 9 -389 183 -704 -524 375 341 -20 401 -321 -314 109 -482 1042 125 -79 10 276 -68 -485 -414 834 -1065 -635 -44 -544 -300 -275 -30 64 250 316 924 -925 57 -446 891 -716 -202 -838 399 -811 772 92 -92 -94 161 -334 29 97 1083 221 435 277 -803 55 536 -772 -851 -252 -120 -425 296 230 857 49 304 109 -707 948 -592 32 785 -490 386 271 26 741 -119 -1016 -113 -250 -272 332 269 -129 211 665 -296 -24 371 -526 -76 -198 ]
[-187 224 -467 206 614 -280 90 301 -244 -923 -682 482 -198 -577 238 -178 -89 192 -70 100 463 34 585 285 330 64 -985 -672 -19 -54 -77 408 335 -136 -153 358 -451 385 -257 -386 257 -424 287 873 345 -437 -244 197 53 -16 139 122 508 325 66 -929 379 419 580 238 175 -449 -67 162 294 4 67 -1168 -311 -164 116 572 122 -28 -853 912 329 -147 -58 -593 -950 -256 -135 354 245 -134 -295 -622 -43 -829 218 41 500 507 -785 -319 51 -464 -209 158 -629 -65 -584 -960 52 ]
[-649 146 880 -145 560 769 -402 224 -436 -799 15 -289 18 973 619 560 428 -35 -117 896 -381 -628 170 -116 -100 298 245 219 -86 -682 -463 471 -337 243 -1285 -625 -89 -215 835 -750 197 662 249 -534 984 104 771 524 -214 -32 -16 275 243 554 610 95 -607 462 80 -163 -539 521 -485 -230 -163 -493 846 -608 -604 -535 -236 717 257 -535 -429 -460 -343 -639 32 95 -164 -133 -314 -331 -663 -613 -396 -249 -86 -895 485 322 -582 -283 657 -112 -762 -190 -148 -164 130 -150 -822 -927 -351 ]
[237 -89 -179 -579 -262 -349 442 -414 574 -398 180 -255 -367 -697 -167 -195 -401 -306 19 229 -27 276 178 38 -782 -613 -373 -692 -163 225 132 86 -335 264 -36 -59 420 315 -405 454 -615 151 -758 153 22 -151 -355 101 381 -664 466 805 77 -619 85 704 459 160 -295 -873 -278 84 334 1093 -422 -77 46 -1074 221 297 680 48 -620 -580 -835 1008 104 494 -157 -455 -476 836 -468 -402 384 130 844 712 -828 158 -194 -250 455 946 -563 -218 228 -114 -59 161 437 541 359 -33 561 ]
[-760 65 219 247 398 -62 -336 13 -526 -474 -498 430 -352 -381 291 571 441 46 337 -289 -52 897 -326 -343 -117 -116 -4 616 -203 -526 -281 815 -131 621 -581 -761 -191 339 -275 306 768 251 487 -378 331 -361 -670 155 374 293 -308 261 482 107 118 196 25 -604 130 -382 -201 -443 -142 -724 -467 3 282 548 -7 -795 490 273 -281 -535 -997 -124 516 262 274 337 -713 122 107 519 -494 244 -898 -448 509 -857 766 368 291 19 -463 -153 -238 -361 -957 142 24 -491 -103 -293 51 ]
[153 136 -164 225 153 119 -136 28 948 589 5 85 422 31 990 -107 20 -102 61 283 322 -147 -601 -225 216 -1079 649 -186 -388 -137 -450 -160 -845 722 68 293 952 72 428 -105 119 824 489 431 967 -853 -95 -215 318 -163 -235 -650 -29 813 766 219 98 594 -862 231 -415 -172 14 -714 -24 25 1272 -93 -108 -212 198 -248 70 -645 584 -160 -154 -359 80 -239 20 58 522 -194 -351 -541 -652 469 -803 -569 301 49 71 -179 905 -116 589 -314 419 615 -443 -254 295 112 789 ]
[135 -242 714 -422 234 217 -261 1460 -145 -36 373 909 416 36 -239 71 -732 209 -492 582 243 -26 513 181 -775 -108 -727 21 -285 -761 -600 -193 -176 141 -268 222 -76 -914 -129 -797 318 43 697 370 169 -536 -503 -918 102 460 907 458 87 -450 -318 752 151 183 -44 186 -326 -416 -356 628 -60 606 -69 -714 328 241 -662 -848 -202 63 -13 253 -501 -661 -180 426 -462 501 -666 -399 247 -532 -354 -314 -336 89 -29 -44 50 -2 51 433 -347 315 -518 -10 280 70 -1109 -125 -635 ]
[-951 410 411 394 -397 -478 -110 -127 -464 -373 558 560 222 -322 3 -228 -61 405 281 893 -207 -142 -531 -625 -829 -136 -504 -207 698 168 358 563 -792 87 915 410 -834 641 -231 44 1012 297 -840 1015 117 -162 -626 285 464 46 525 303 -508 -137 -795 377 52 415 -557 354 656 -17 191 -534 99 8 5 -428 1124 -6 355 -184 -1025 -1230 -1085 365 -76 -148 -89 620 192 -389 -531 -388 -728 339 -483 855 427 -188 423 344 673 245 269 -310 -201 435 325 -489 -246 -320 524 -6 229 ]
[-842 460 215 -279 -883 -185 -92 350 -665 140 334 133 261 -397 -174 -650 470 688 876 231 -720 -227 -394 -52 -432 -247 13 481 398 -34 294 -142 -739 -95 807 56 -531 -401 -191 -507 1024 535 -906 541 -124 -607 118 499 734 -321 471 567 -560 -170 -531 480 260 555 248 -751 508 -147 -377 22 180 -724 -120 -539 597 -639 463 -102 -755 -738 -460 36 -451 344 97 -164 446 -336 -187 -392 -790 381 -524 339 -633 236 335 231 730 -66 346 -62 20 -253 436 326 -65 -5 624 -151 444 ]
[7 26 161 -406 436 -1095 940 -2 661 272 295 554 -1097 -577 4 192 156 -289 826 -635 869 150 -519 -572 263 -599 -195 157 -210 616 -343 -134 -637 -5 95 577 298 -474 478 721 535 152 -359 51 -371 -103 -195 -376 -407 377 -18 -468 316 -112 -109 434 348 -43 280 -208 415 -54 334 129 560 169 609 -890 -805 -466 307 -327 529 -379 321 -586 74 158 306 -300 -412 284 127 -303 165 113 -327 -143 -209 64 -104 -336 1266 461 500 683 225 247 -301 185 178 -466 109 -447 542 ]
[-114 546 -57 -553 -198 -186 -260 405 -241 115 -672 -184 484 -1086 616 -18 -519 596 492 100 272 -645 -642 496 -692 90 514 470 576 -339 463 46 635 271 766 -333 -864 -388 63 -1 1000 -406 -196 1412 50 -643 -5 1002 129 -72 -404 463 -95 151 -319 -55 662 -93 281 -206 -17 39 287 -152 -497 -150 256 214 353 19 740 -354 -79 923 138 45 -371 364 -72 82 -174 404 221 19 -89 -118 -202 -18 -22 -336 -383 307 525 550 281 -491 783 47 -583 904 293 -323 -714 -355 776 ]
[737 -711 616 -295 99 487 202 361 458 141 -122 -1039 617 -248 431 -230 -820 1210 45 -286 -809 -92 372 -206 718 -971 911 468 -677 -686 -111 -406 -518 365 -924 -411 849 -269 218 675 -325 -97 -449 -664 105 113 218 29 97 301 221 -127 -165 390 -672 501 -303 -279 -217 -1398 -1065 698 245 494 -749 -381 769 -1204 -41 1003 126 -589 -137 620 -563 -995 474 -512 853 -441 -681 -195 -248 -1740 598 -181 317 150 -319 -298 148 1291 -488 268 569 15 453 -133 -429 -358 376 -309 510 -519 -712 ]
[937 266 -276 -201 713 -468 214 -117 -267 -318 410 -387 -834 193 -736 199 -486 -984 204 -461 -105 760 -131 370 -959 55 517 -121 75 -438 169 -330 333 719 -279 -663 297 -684 -825 17 658 -276 -251 -514 -705 29 -345 -943 465 -392 699 120 194 -1007 54 194 445 -729 -222 -475 95 155 -617 637 -902 321 -38 456 -253 146 238 210 -99 -213 249 -635 -534 504 557 -491 -603 778 56 288 -270 279 255 -1258 227 648 48 -251 755 -330 -365 868 151 487 -796 193 749 48 -518 -514 468 ]
[-889 876 -553 94 42 -521 -683 -886 465 36 513 -658 -316 461 34 -302 366 -527 310 -28 -220 737 21 10 -303 -291 470 -154 836 -227 456 269 -305 -420 242 373 -1068 1174 -270 -221 -437 -464 -828 913 -792 230 -46 703 68 -609 88 103 -483 -228 483 -739 177 -126 -484 613 806 840 -100 -719 210 -973 458 610 -71 -542 263 979 -542 -372 -103 -379 -757 620 68 -1502 494 -915 732 127 -734 673 179 255 99 450 306 215 -33 -77 698 -214 30 140 837 -35 -298 152 433 304 317 ]
[-649 280 82 -32 296 -172 -741 318 -977 234 -149 -127 994 27 647 -301 -201 251 -590 139 -133 -104 238 -145 637 -11 -1025 -1233 -697 -642 21 778 -834 638 -403 182 -301 832 -51 -1229 -78 -166 -15 -665 1293 -523 -488 -333 -368 917 771 142 -230 286 271 -513 -510 285 863 479 -464 -136 -309 798 604 -1240 48 -1176 -53 -325 -720 268 -148 193 -453 164 709 160 445 167 -537 -41 -491 74 516 -587 -1049 -1058 -73 88 81 399 -216 -251 -516 -100 -620 -2 -249 -138 -166 -25 -373 96 -829 ]
[-256 -362 198 83 -392 -37 -861 64 -82 671 106 540 -12 -486 64 -131 -237 547 -444 427 -132 -37 -775 -354 41 -907 74 -530 11 -884 -252 -838 -364 557 202 230 645 -741 -661 293 640 482 143 -168 744 -455 -857 -423 -676 370 -426 -40 -345 -951 702 329 -261 162 -1426 -659 -45 25 249 -65 -527 85 147 -741 603 -682 169 386 -1124 -1361 -710 -394 134 530 -723 -804 -17 -468 -86 -470 -876 83 -144 418 -759 387 -75 395 -99 -201 454 619 56 -53 526 -567 236 -709 295 -807 -698 ]
[243 -56 -288 143 -537 275 -88 -193 267 1220 526 -113 -529 -281 -346 -704 -104 -2 -896 253 -1225 241 -247 202 107 -275 172 10 -188 154 -288 -41 -722 -98 -55 -8 744 -694 -572 843 -417 256 269 -59 211 -170 474 -63 219 -414 275 78 -151 -1078 285 1024 327 47 -721 -929 -627 -143 -246 -467 -579 255 -492 -909 -813 -50 -228 -536 -467 -554 -127 127 -446 -57 198 -202 20 43 -29 261 279 -241 177 1111 -657 240 0 -320 -281 438 266 605 310 -11 835 -140 -322 -643 481 474 27 ]
[-962 -445 -290 -538 -397 342 -472 -114 772 -99 524 -344 -465 508 -220 -398 323 -1043 -1072 402 326 857 423 498 -1027 439 -23 -607 222 25 -310 256 -876 -51 -174 380 264 -153 -390 431 -548 6 491 272 201 180 -240 -156 313 -53 688 -60 961 -1236 630 83 587 144 -582 222 -123 130 361 548 65 366 -470 -232 1316 288 -908 -609 -533 -886 -510 709 -873 12 -373 -394 388 -195 199 -704 621 -611 -259 129 -205 981 -90 369 394 -99 -491 209 274 711 221 325 176 494 672 584 -33 ]
[-965 -733 924 -305 143 851 -214 -726 -562 -395 172 275 -977 299 -214 406 477 -414 -1001 -5 523 78 -236 -258 -621 52 370 -368 -214 80 0 -111 -126 -264 -281 -93 705 -498 253 -242 -62 -44 -645 -631 397 797 469 181 -306 -916 -741 518 -71 -301 890 180 541 600 -1325 46 38 46 108 -14 -577 -144 512 342 249 229 -436 1315 -207 -19 -118 53 -464 -758 -251 253 404 748 308 -666 -24 -1093 -437 546 -766 597 -580 143 301 -315 692 -215 189 643 -98 94 695 -122 -609 488 -222 ]
[654 -297 219 940 654 -238 931 -646 930 34 515 -429 111 318 288 584 277 66 -142 -83 465 -82 -25 320 -515 -391 -99 -293 345 -460 500 -236 -69 220 -44 153 155 853 204 -24 -144 118 135 423 440 -37 174 233 -13 230 889 28 -16 -40 43 -876 161 -19 284 349 42 -622 972 -683 -234 660 -188 845 1300 660 77 132 426 -360 -462 35 636 459 66 232 -566 -102 348 416 525 -237 -6 533 365 320 356 -243 -577 279 1114 -721 98 479 506 -325 -928 -101 910 312 596 ]
[392 -269 -770 -42 1078 -313 252 135 184 159 419 -772 -75 800 -537 470 -234 -294 270 -237 320 -1185 664 556 444 -354 115 1107 27 -464 -149 342 110 80 -396 -197 -694 368 -32 95 871 -783 791 -43 -197 829 183 -68 -172 -222 9 -199 746 -840 351 -302 140 24 710 -498 -241 301 -58 689 200 -475 -255 536 -255 -244 -442 494 1286 1074 1103 -258 476 743 842 114 201 -237 387 -219 316 -87 183 -547 187 104 -260 -297 174 332 168 250 -747 696 -313 -227 -370 424 -227 -1763 -503 ]
[436 -381 -339 -235 -284 -624 150 13 432 -14 -70 -472 853 245 117 -80 -274 917 340 -400 99 -754 408 198 555 -440 -9 -194 -396 84 -331 288 -332 50 95 205 -197 130 53 -323 -232 505 -1196 276 318 203 -687 -649 420 -132 431 -76 368 494 -655 179 -602 401 39 -1151 413 -56 -384 687 228 -485 273 -1122 354 274 576 -317 -178 -450 -314 136 -71 136 323 -484 -313 -466 -122 -1257 306 173 381 274 -613 512 279 43 816 917 332 87 88 710 -445 -261 -7 -335 1034 -726 134 ]
[723 -300 107 -423 -27 626 169 874 -124 109 525 -97 268 58 -253 -26 -529 263 563 61 127 -102 566 -2 -340 -288 -401 744 195 62 -106 -591 313 -459 -148 326 203 166 -345 443 232 -864 33 -617 -512 256 96 -260 -439 -291 314 -161 -1059 -592 -585 88 661 -681 5 -398 932 690 455 669 -2 -412 -486 -83 1014 869 -574 -53 -100 593 386 -995 957 -591 -11 -81 -165 -297 -569 -1456 240 -155 826 -114 517 1293 366 916 -229 -499 -938 -194 -433 312 -177 -132 -466 871 -57 51 -93 ]
[452 64 61 476 -305 129 152 -534 -38 1081 -1063 -113 739 499 494 417 349 930 548 -605 502 207 -214 -243 1471 -116 212 99 -139 -70 -490 -247 -73 150 -984 -107 12 353 257 -67 498 514 -619 -772 340 98 -567 -33 -484 264 -69 -475 -233 1061 -625 -539 -226 -490 631 -386 -281 -417 537 369 272 -254 -291 573 738 -233 -111 -1078 469 492 21 -65 1489 357 801 -71 -313 -935 96 -196 651 -542 -460 -679 819 -371 249 307 -525 561 -80 415 352 -518 -102 -511 -704 -757 718 234 -26 ]
[-301 817 110 -138 -434 -642 186 -388 -887 71 461 -705 -885 -178 -56 -172 -257 242 352 -530 -594 -590 -331 276 392 534 -711 95 -24 211 -60 48 46 24 309 -808 -226 -177 -515 -767 327 -164 -190 184 -281 244 399 235 439 -585 -323 662 -175 154 -232 636 -16 60 326 -631 -137 49 2 250 -130 -422 254 638 -272 -72 194 65 -25 36 65 -303 -519 11 981 418 -6 544 -536 -438 32 80 230 164 -253 767 -138 -823 1057 701 331 -213 -158 421 -754 565 571 -93 -275 -211 625 ]
[-650 420 -392 -445 8 -516 196 -376 -424 182 -220 226 -69 232 -123 213 414 -190 981 -317 1385 -469 -490 -98 -99 -298 -326 5 -157 307 154 270 494 -583 -455 447 -563 242 -168 17 255 -312 -394 -1167 60 731 -363 2 -141 330 -499 -809 289 18 -637 1028 293 -929 1093 -301 -484 -335 124 655 -107 -412 -1264 207 -498 -1378 -213 -913 679 221 502 195 434 129 59 831 352 -730 -15 -561 761 256 -96 -507 778 768 177 -954 550 -128 -359 321 49 -551 -716 -340 -82 -587 25 -380 -584 ]
[-305 -734 122 540 160 -360 492 -305 66 -297 588 93 -170 -336 -1239 -466 400 -142 -469 -909 -387 268 453 -348 -103 -394 -106 504 -256 97 961 352 548 163 1234 223 -389 327 -309 227 -522 -862 140 -177 -711 286 -241 219 129 734 -576 233 -190 -382 -54 590 851 -199 311 -487 85 44 174 -578 433 -958 -95 -9 -537 -238 20 975 48 663 -557 -242 219 -164 120 -76 -507 -221 285 711 338 796 -334 -326 244 -336 -110 275 -21 392 -57 -200 -877 552 125 -275 110 263 439 -362 -686 ]
[158 -465 278 85 41 -489 -347 46 -416 277 -65 416 145 -541 379 598 -560 275 201 -274 627 -120 -528 -14 -893 -590 -175 -32 -773 -601 750 -388 -139 527 848 478 -239 -318 504 258 361 -280 261 -611 129 479 183 -1086 -472 307 -707 57 -101 -650 -610 791 -391 -815 845 -297 -38 -498 76 -212 -641 990 -391 -283 280 -120 251 -115 -326 834 -601 -573 758 35 -503 1421 -323 447 117 -443 83 470 470 303 340 -319 -352 -121 -81 -367 -541 301 278 -927 106 192 138 -424 -224 -152 -383 ]
[1360 -119 -934 43 740 100 -539 26 978 106 -800 44 -485 -239 -316 227 -616 -2 -1042 -107 -625 416 235 435 -7 -431 -58 -339 85 -282 -848 -649 756 460 -795 -449 328 -447 -801 900 -427 -83 1325 -401 262 126 -1 -454 128 -20 290 -752 725 -44 357 -31 357 -945 -927 -569 -635 -98 104 -610 -802 794 -424 -552 -553 501 105 -192 59 50 -42 199 -178 30 -586 -610 -428 -146 651 -366 429 -168 476 -511 45 143 244 -144 -34 319 69 730 381 74 466 -95 241 -583 -41 -618 -770 ]
[137 -376 190 -325 -57 -469 313 -86 177 -601 -449 -94 -337 -90 -175 -272 190 352 102 -568 1054 199 11 -309 909 128 -350 -820 -310 216 -650 405 849 -447 -68 427 -286 364 28 -56 -651 -101 -729 405 -533 113 -1151 193 201 -146 -595 664 -398 1267 -306 409 299 22 142 -635 320 277 524 593 -71 -301 595 -780 -1246 -930 265 -500 184 47 -341 -374 283 -745 761 -203 -570 -254 -211 -263 588 -49 872 -760 782 94 -34 662 1472 160 24 393 202 488 -1424 775 -149 -337 -45 -311 976 ]
[-28 655 -9 380 -615 -149 146 740 -392 -925 -79 -484 -167 -549 56 379 -455 -875 887 804 261 -29 -191 -686 -137 603 365 -180 400 913 -417 624 -232 -618 -185 284 -682 -149 369 238 -834 527 -1495 358 -468 -66 740 1294 190 143 685 -23 -155 -326 -437 -277 -625 -267 -32 680 219 209 -408 146 767 -411 246 -514 52 771 256 736 -571 -91 235 132 -516 286 183 -417 21 694 -383 785 168 78 -344 -411 95 -67 -12 295 -619 -621 -598 -478 -95 -593 -475 25 859 718 244 1319 101 ]
[-499 -289 322 146 251 -209 -112 -662 -805 -77 67 258 -226 258 222 -594 328 198 -44 354 -506 656 23 332 270 119 -206 132 234 -294 435 244 -621 -358 -430 -444 74 -603 -182 166 46 47 379 -282 196 657 395 -264 -101 -1142 -275 422 -488 358 -166 -183 -811 209 803 -1013 -109 203 -752 437 -360 344 200 -369 -796 205 43 107 -586 -364 -819 -172 -117 -352 -15 -679 150 -228 180 1026 -372 268 221 199 172 -596 5 -616 2 70 -221 126 221 166 996 -133 -649 -52 355 -597 248 ]
[124 10 500 -262 119 -254 406 -281 289 75 72 342 -55 -6 -391 34 -601 -354 173 260 639 388 -738 -536 65 400 -213 -52 -149 154 372 -264 518 -3 252 285 -13 558 416 -146 -785 -370 -72 -538 -793 57 -408 -15 -353 1273 510 119 -218 52 110 82 -456 -123 528 495 98 567 692 270 42 130 -269 545 -37 -616 -450 -1262 -21 287 198 -227 949 200 -546 329 -250 165 -723 450 -193 434 960 -29 1013 -210 -595 195 -632 -492 -1286 536 -511 -1029 -461 -290 35 699 -750 683 476 ]
[-208 -16 341 106 -433 268 -253 683 27 -228 -291 -110 112 -498 -166 -182 294 -35 -215 451 468 -89 158 53 -334 252 -282 -680 -74 101 -187 -221 29 283 -345 510 381 -51 -304 -662 -220 -163 -18 769 593 -583 202 -89 320 -532 -257 -9 214 139 58 -260 601 174 -271 70 378 278 360 63 202 159 291 -713 713 338 4 397 -87 302 -10 -559 -361 -717 -377 -664 -424 -55 -409 -1248 26 -312 241 -276 116 997 901 234 372 -24 -1091 212 411 290 -676 921 47 51 -565 -622 389 ]
[-837 -176 111 -256 -588 578 7 -51 -686 -557 -248 486 -25 361 240 201 940 -170 -109 -71 -80 -23 -48 375 761 -84 222 -1080 440 -301 606 -199 1165 206 5 -452 511 251 543 -1120 -483 -484 -630 -554 -147 169 -4 -484 -267 73 -144 882 -118 198 735 -506 359 -470 372 776 217 786 684 53 749 -557 -197 152 265 -535 -223 -327 -46 165 815 -277 120 -322 779 -37 196 -91 -219 -452 -545 -1312 234 37 -740 239 -937 -315 -134 -175 -100 539 -55 261 264 859 409 -452 -253 -3 454 ]
[314 -731 127 -880 426 446 -433 388 -321 -595 231 254 -60 491 -120 634 66 210 -613 -582 158 79 132 -885 -542 -26 259 227 -424 -149 -398 70 -33 336 643 534 -34 -175 -77 -254 -43 195 660 657 -162 -267 -663 204 370 -246 -878 -661 -734 935 484 144 880 521 -750 -103 473 62 -21 -390 83 -450 1591 82 -10 352 -214 1234 -671 340 -85 -295 -81 -954 -944 362 24 183 903 -245 -450 119 -431 215 -327 -176 -975 985 472 -762 530 -959 -193 405 85 670 539 162 -521 85 -106 ]
[-854 819 27 276 -107 -316 -163 -198 -960 -132 617 724 148 -674 82 -245 426 -590 919 165 633 670 -368 22 -393 -450 -46 414 772 266 481 197 -410 328 227 -399 -454 -82 -329 -1137 345 -338 -442 272 -186 -18 -282 244 -422 -304 317 584 -722 -739 125 -47 397 745 -96 192 739 -159 -275 706 116 45 243 520 439 169 -509 915 -428 -284 369 -392 -1073 916 42 -960 829 355 -466 529 -721 -820 -849 211 -683 263 -59 -415 704 -140 261 126 -87 1259 420 389 262 501 -101 378 1094 ]
[-732 -72 -45 -103 -716 136 -184 -1041 120 -6 328 -472 -50 797 573 562 1085 -88 286 -45 801 -153 -330 16 155 -107 505 216 11 -225 -351 41 -233 758 -76 336 -78 760 261 -103 921 170 86 -1078 36 124 -443 -372 438 -730 -508 -304 484 725 266 -2 186 645 -187 -670 449 380 247 431 241 -1045 751 -460 588 -1185 -346 241 -98 -816 -648 396 633 535 21 262 218 -1179 252 -429 -490 145 320 -35 -195 24 -317 422 568 -380 423 870 -45 -766 122 -150 715 -595 602 -256 446 ]
[-793 -661 465 102 -211 491 18 -108 -806 -942 600 94 -160 305 25 254 137 -257 -290 138 329 -941 -297 -175 -482 383 -334 -500 -87 276 -139 23 1021 -438 21 63 -10 -232 329 -645 -773 732 316 -246 611 28 275 1096 178 -466 -777 -18 -254 843 809 -68 -358 622 -672 91 -237 -318 376 92 527 -885 1031 276 267 -161 167 1502 -261 -820 149 256 -31 -594 -980 785 -384 554 376 560 -383 60 -749 413 -126 55 -559 -49 -325 -1029 375 -1561 -805 325 -5 -27 822 390 55 175 299 ]
[232 42 -1093 479 138 -510 369 265 705 -65 -167 -457 -11 -131 626 -348 -437 285 1384 -756 270 298 -139 484 -201 -449 112 -79 -96 -417 -57 198 28 170 -354 -221 83 284 -445 -355 -274 346 290 832 241 233 92 -135 387 -142 268 -1073 -301 16 -271 291 -570 59 786 300 907 -871 -1232 -227 -629 92 124 146 250 577 353 153 -308 151 -558 7 -344 531 827 -96 -889 783 258 -597 -162 -169 120 -78 -1156 -131 326 -141 230 554 314 -254 544 308 -314 710 -623 -217 -6 408 425 ]
[427 -447 384 195 856 -680 471 171 -564 -40 134 97 -163 -887 -164 -170 -696 201 203 641 1169 -488 -336 -694 613 -231 -69 -1296 -354 454 624 306 -89 -416 289 1120 -1 70 -159 -114 -1132 -392 -797 565 -56 -100 577 382 -570 1028 184 -148 -30 687 87 -395 -869 855 -143 -64 -694 89 183 897 398 -663 268 -1307 -491 34 -746 260 689 160 -242 93 207 225 -97 -413 -152 -325 -672 44 894 -309 -820 770 -23 -136 -603 457 -327 -762 -280 61 -355 -80 68 -655 -51 5 -190 -31 -505 ]
[859 294 35 1015 777 -521 -66 323 -115 -482 310 476 -481 312 -607 68 -758 -701 76 601 130 732 -137 317 -763 -585 400 -660 66 -213 467 -38 739 766 193 435 256 -152 -483 144 -225 -22 876 26 -439 306 140 -1375 211 -305 286 395 -180 -861 280 -35 -605 -28 -1421 -534 -165 69 -517 -169 30 813 683 -309 -1127 -148 -307 1070 -21 -1202 -619 -963 -166 179 -140 -646 152 664 -16 622 -578 435 623 -204 303 -791 620 -399 514 -695 -463 793 -534 846 584 -327 -426 631 147 -296 334 ]
[94 746 -825 37 525 -29 165 799 405 258 73 -17 -510 17 376 -687 -776 -527 233 456 -581 -93 -307 843 160 -781 211 -171 902 -641 -361 -317 -883 -216 -121 159 -44 -1066 264 38 605 -199 -142 155 26 287 1086 326 -289 -45 1192 -628 123 -1340 192 -823 629 -775 90 796 351 -95 -599 8 -14 367 -377 -1138 56 355 -428 190 -354 -45 1004 -280 -345 273 1068 -873 -232 646 314 -95 493 -1149 -169 -532 -1157 215 -86 -478 292 541 424 431 634 -393 775 424 -189 -61 215 -349 -203 ]
[-222 677 -81 845 -259 -175 -205 -104 -625 -344 -1163 -780 -832 -1029 -763 -134 -270 -432 -398 -227 -391 -228 -362 -428 431 399 34 128 219 275 -209 478 -236 -507 -434 -200 -650 344 -404 -510 -318 -25 -382 83 -809 -190 276 716 576 -428 -608 -208 -662 751 363 -338 -904 814 -315 641 466 506 -137 -359 197 -79 -18 693 825 315 378 1470 -290 278 -215 425 141 688 713 419 -479 854 90 206 -197 -166 -599 567 173 708 -355 -167 -161 -249 -814 -254 29 211 -709 621 1014 1101 -416 712 -155 ]
[-806 542 -71 -588 -1194 630 113 385 212 -228 49 -36 221 -343 444 -353 646 179 -216 419 -27 -1124 402 -436 -111 -141 -325 -461 217 -185 -14 475 -332 13 -709 119 -947 778 359 -82 347 54 -365 327 603 -376 131 720 -106 248 581 903 47 -596 -38 60 828 160 492 286 415 227 830 190 69 -661 -1000 -974 1241 -367 -317 6 -325 -96 341 846 552 106 -150 366 349 228 -867 49 641 -387 -394 82 221 882 251 270 146 357 -722 4 228 -39 9 287 11 640 86 467 287 ]
[-792 436 985 -144 -273 -616 399 -362 600 -175 1262 -336 -49 -37 -352 422 210 -986 321 573 865 690 -198 317 -980 190 -408 817 -440 386 -315 130 -205 -505 -6 660 507 -270 93 -285 486 -418 -633 112 -186 158 105 1093 -32 528 311 -254 820 -277 -561 169 529 340 885 -509 8 -760 -294 280 106 -330 251 -55 117 -112 122 238 387 769 -148 688 -1037 54 -523 -203 -281 -455 85 474 303 365 -144 -214 729 -388 -322 -310 -162 646 332 -632 84 -128 -484 -628 964 682 -376 417 635 ]
[262 117 -454 131 -691 94 -61 -35 909 117 413 149 -278 -26 -603 -169 -716 -206 -83 -560 207 -986 460 8 -730 -118 -89 200 -105 277 -449 -328 859 -1027 711 873 -1024 303 -80 -247 78 -509 -164 600 -718 274 -72 65 167 200 -245 -225 -660 65 115 -2 729 587 -575 260 944 53 -166 -340 191 -283 -61 -717 -134 -638 263 910 71 947 -1 843 -820 425 -489 150 191 375 853 -6 119 457 461 -253 -390 -171 -178 -455 200 -28 431 439 170 610 1093 -201 216 -225 -714 126 -436 ]
[-760 -383 -83 -273 -563 564 -506 -879 -356 -322 -411 14 -43 -362 -318 -49 699 153 -84 197 1081 -55 -158 -678 324 -588 -796 -617 60 79 -620 -361 23 43 17 376 537 -58 59 -54 -226 177 -228 169 305 -395 -187 660 -198 -197 -106 -314 463 201 -442 -654 366 -563 -315 182 806 -30 229 938 480 -1643 -64 -488 350 -479 -373 594 -1058 -11 -1095 1373 1270 263 110 -166 120 -407 -302 -587 756 -487 128 -788 192 678 -204 90 661 262 -87 -318 -106 -246 -4 -403 981 -198 468 -221 533 ]
[-545 -1278 -615 228 52 428 834 -400 -218 -95 443 305 443 -441 461 -408 53 -386 -206 261 594 280 -364 713 -110 -229 150 382 103 767 -212 286 -559 294 600 279 1510 108 -36 632 -233 -406 651 -310 399 -296 -515 -574 534 602 605 -299 658 47 -449 463 177 260 117 873 -332 -890 -156 -316 -255 246 -195 -89 246 90 -702 -736 -19 80 46 553 101 -541 444 1162 -598 602 186 192 387 -482 -871 285 -630 -407 298 -291 157 -653 35 -275 1064 -282 204 -45 -346 -922 -28 484 528 ]
[180 -188 -732 17 161 -148 304 290 829 -900 -662 -36 146 -20 709 -681 -554 446 -186 -768 351 372 1023 394 832 207 -804 -882 37 -197 -52 127 784 -1259 -1187 34 -671 1149 -455 -347 -1474 -737 -604 349 -706 522 -147 -310 -39 -10 237 33 -401 739 205 -750 323 -373 13 318 -105 30 -16 -135 65 -45 -307 -417 -583 97 -163 -544 605 262 -303 303 89 -621 1044 -558 -329 -437 9 -677 1078 -209 930 64 287 120 651 -102 50 620 -440 -162 581 -391 31 199 -599 -246 168 307 163 ]
[773 224 -41 302 690 -214 374 -689 -380 134 -394 96 -242 -1477 134 -424 10 -161 -232 -609 213 28 -373 -47 292 -1074 311 336 -494 714 596 268 -612 483 -598 -280 1245 -507 -576 143 -14 695 -588 -1027 301 -121 735 73 -107 167 -174 -51 286 -529 -319 -389 -162 -108 59 -521 -443 -338 550 50 -523 803 -1137 -150 361 199 161 -39 -317 -356 -140 135 298 735 -435 467 -740 21 -562 -34 217 -501 -430 885 259 -55 674 -222 285 13 -398 -319 -112 -71 136 -537 -314 -242 1062 -393 1183 ]
[-922 -657 14 420 -169 -426 -49 -1277 535 590 374 -484 -302 -401 590 98 94 -259 169 268 503 -155 -783 -151 -246 -416 365 164 -103 114 -425 69 -1598 -158 -156 -287 -71 286 -53 536 486 545 252 255 1374 297 -57 816 100 -52 162 -394 7 72 690 31 -457 1050 692 84 -110 78 304 -640 -482 204 513 -14 942 155 -1 -990 -634 -384 -699 808 409 995 -263 352 -87 -542 461 560 75 76 88 281 -1 -231 -378 12 -120 11 819 154 669 -39 64 -540 -488 -373 557 -408 69 ]
[-316 699 -554 722 -871 420 318 -228 892 478 -100 346 136 723 1085 15 117 101 298 -591 -142 474 -42 382 -27 80 25 358 413 -457 -287 -388 395 -90 333 -369 461 121 -92 437 692 -617 652 -361 481 -346 -216 -700 12 618 37 -1014 612 -591 -153 -193 453 -993 -609 592 29 -458 263 -931 -34 387 -244 1634 351 -25 319 -864 -222 -831 444 -595 156 -56 -24 -68 649 -390 488 447 88 -98 -295 -1141 -112 166 730 -742 322 184 399 -400 534 -68 607 -469 18 120 1002 1061 -569 ]
[636 20 -557 213 641 -896 -309 285 686 456 -494 -76 412 -636 -737 -156 -471 271 -420 -595 103 -489 -50 30 377 -698 -107 68 -281 401 530 47 573 324 749 668 -379 -109 176 162 -512 -60 249 234 -32 -166 -733 -444 410 560 -1090 -669 -39 687 -298 811 359 513 -146 79 -174 -318 281 -386 277 163 186 -760 -999 -222 159 -120 570 634 29 -65 -163 -123 63 58 -875 338 789 -997 618 207 354 -106 168 -314 571 -562 -54 596 249 489 107 693 -537 243 -118 -1332 131 -834 -632 ]
[-424 -208 304 -223 -163 28 -153 -181 468 -654 689 -589 343 -78 -305 427 379 -824 269 375 422 221 -160 275 -1328 598 -438 -187 142 96 -19 1389 122 476 626 442 -413 899 73 274 -88 -63 -250 383 120 293 -4 -237 796 587 -11 -174 621 1219 -854 63 -258 -88 602 -10 652 -155 -568 63 146 -366 -457 -559 182 -148 502 -252 367 26 -1049 493 -805 -90 -419 537 -385 -268 277 0 643 1014 1103 79 1613 62 478 -213 651 -433 -765 -92 -398 386 -1045 -404 271 113 17 94 -11 ]
[-330 431 -1095 339 390 -303 592 745 -308 -302 -579 -666 327 -683 -606 -666 204 -331 677 -586 -155 227 270 -56 74 -225 507 772 489 331 888 178 -54 -282 316 -199 -128 -32 -840 -148 405 -589 -816 175 -469 -51 353 452 406 -317 506 -533 364 -1064 -333 -1163 371 309 -104 132 245 182 -74 943 350 300 -354 212 -102 510 556 608 -98 324 767 178 -875 372 126 -368 706 411 -539 35 -534 -147 -851 -205 -226 972 258 222 702 151 -290 152 343 265 -337 388 -95 505 48 -215 292 ]
[186 -150 -246 -334 421 -144 740 217 -598 -420 395 657 141 -234 -527 -59 1030 -24 363 17 -38 -11 -342 753 556 -385 177 -354 546 -358 448 44 710 88 340 525 558 -795 -232 145 140 -623 -1148 -771 -25 136 -147 54 414 476 -82 -337 387 -334 -321 -91 1211 -231 347 -646 285 -176 463 85 -45 414 -390 -883 -357 -1026 310 -341 495 -1095 594 -516 -180 -857 35 -235 -457 -364 257 -520 477 -757 276 -577 -219 429 -464 -368 454 -29 191 -93 66 -334 -837 234 -396 -490 501 -1383 -254 ]
[-595 247 487 657 -147 536 -319 -768 -624 -199 -590 -585 -426 -14 991 -760 168 -867 -346 -68 289 3 -821 825 237 -473 810 210 -185 -908 26 -120 -552 -540 -1097 188 75 -805 476 -36 -78 -453 -299 -802 480 121 531 52 -396 126 -14 -348 641 82 160 -804 415 -424 -639 -217 -286 202 39 -131 -254 -501 431 -275 116 -242 -336 210 -418 -254 -704 205 248 -128 1019 23 -381 383 646 -176 1289 -1185 -1308 -576 332 -251 -125 -892 288 153 554 302 1105 -195 116 -173 546 -88 253 -48 -59 ]
[156 -351 -225 -332 -232 442 -318 -1038 -246 494 213 -74 -277 96 151 203 -676 -268 -590 -30 -92 -720 -359 -136 499 -250 -13 -686 468 210 -525 -573 -1050 436 1049 -347 852 -442 172 -211 -199 260 217 -984 780 -410 -500 -113 183 160 196 -74 -252 582 843 -88 -885 440 -896 1193 -131 375 662 -249 -356 220 528 438 992 110 -259 -19 -258 -478 432 234 1000 8 341 962 166 1647 230 -890 20 -977 139 396 -1062 732 -462 -32 -194 -358 465 -128 233 -117 -307 739 438 -132 -178 416 -419 ]
[230 486 -503 930 -18 43 853 59 -335 -309 -45 245 387 269 245 -306 -189 267 1846 291 -283 -1011 -747 197 1023 -55 455 507 1099 -229 -279 -390 66 -531 -105 -376 -505 -122 225 -187 1017 -49 -58 288 -425 535 221 246 -198 -147 1016 -447 -635 366 -923 -906 -496 358 435 191 381 285 -50 232 89 292 -92 -152 365 138 114 -304 262 -711 431 118 328 -59 869 -169 -326 331 248 284 -888 311 -300 -422 188 -750 -258 -437 139 -364 324 -129 269 -224 880 -573 -630 459 298 -796 238 ]
[304 733 -36 -761 254 -732 26 546 -807 -90 -44 266 -27 214 447 -379 -228 524 363 138 -146 -570 80 213 799 115 -1218 -901 152 484 373 381 -281 39 -33 45 -168 265 462 -669 163 495 -184 -88 474 147 775 -557 -773 -601 -270 126 -496 713 212 92 -646 483 418 -209 598 543 -287 365 724 -436 -4 -774 -810 92 -208 847 422 -416 556 -204 469 50 414 188 340 144 -1072 -380 -374 -251 57 141 -690 910 526 -137 918 54 87 56 -568 1107 233 142 -488 299 -586 -988 467 ]
[336 -197 34 -277 543 -815 20 -1061 615 -141 -33 5 -943 -196 -498 159 -52 332 -462 -625 256 -212 169 -202 -29 55 -437 -98 -108 239 307 208 503 230 111 352 -441 1074 193 -438 -138 174 -92 844 -355 645 -242 -46 74 -58 -684 -489 270 505 336 297 -541 1047 1 -46 -211 -574 -255 -510 -307 735 230 301 -715 234 186 970 -16 -216 -861 23 -77 1053 -1151 -54 -340 -586 692 -299 -608 1045 642 1007 -949 -176 636 -660 573 441 752 -518 -593 -124 593 20 418 109 186 9 109 ]
[-904 -497 343 -622 -201 240 -635 -246 -194 537 452 133 292 509 -557 71 320 223 -360 -63 -497 -264 539 -822 606 911 115 -663 194 670 -13 189 -165 21 580 -210 6 -61 848 -15 -784 178 238 215 -682 293 -26 -260 -331 731 -675 320 353 -547 -392 294 -986 -194 781 904 -360 266 -119 898 259 160 -345 204 -86 -657 -878 -841 281 232 765 -442 -155 -661 -346 770 834 -99 -531 -636 -307 -126 567 497 530 97 -759 331 -541 141 -647 237 -269 233 -974 5 54 -275 99 -116 -409 ]
[-1217 -478 597 612 82 -122 -636 -173 -349 189 -398 560 -1038 -995 -213 -139 -126 558 -1085 -681 -82 283 -473 35 374 -489 360 -500 -381 -313 -122 321 96 223 -362 -404 -107 -538 292 -297 -800 738 -183 -266 18 137 46 -597 837 153 -352 325 35 195 1059 876 -1146 701 -563 660 -201 -357 -142 -1186 -608 323 487 -127 856 -386 -116 -340 -357 -401 -407 393 -541 406 158 211 -739 161 470 -151 -75 -1216 -1129 874 -1231 -162 -325 261 186 -275 -278 959 218 146 -266 375 624 -273 19 206 -420 ]
[1149 251 463 -357 395 -569 797 -449 343 409 182 627 477 -182 372 1038 127 -14 515 517 103 301 -405 -794 500 -573 409 -180 -269 385 521 453 -110 1219 -158 -779 865 669 -57 636 -30 181 -355 -514 307 168 -630 96 107 842 -389 686 435 562 -131 465 -54 -159 320 -143 -1168 140 319 667 -608 758 292 539 -524 -384 -103 -752 1079 138 767 -800 786 1194 277 -207 -254 582 -176 85 76 -108 523 607 -338 -784 513 -124 -153 111 -708 471 -30 332 -390 478 38 -461 370 -480 300 ]
[-914 -233 92 515 -232 -18 395 -875 81 391 561 -1142 -276 253 -109 -106 332 -346 -59 -286 80 207 215 600 -108 520 144 1326 196 103 -86 973 -507 -354 -314 -35 -690 720 100 -25 -527 -886 -617 -492 -696 538 616 983 343 8 285 -329 592 -350 -308 190 475 193 466 -182 448 -87 -252 -125 -272 -644 -66 -460 150 -378 -212 -55 384 1032 -721 209 -170 -191 564 717 95 -303 320 -576 378 -857 46 33 1078 -689 399 201 -148 781 -542 55 -96 -96 -150 -359 381 -208 -268 -607 820 ]
[657 506 -68 766 240 431 1341 244 96 -149 99 -85 327 -8 -333 -129 423 -232 -51 309 -821 81 349 -463 624 192 86 2 515 198 -236 -155 -699 -586 489 -197 707 -106 431 -246 -182 195 -802 252 241 -635 997 1133 215 -24 641 -78 329 -25 -62 -1504 407 655 70 453 -485 -723 139 -69 540 384 -112 255 323 269 930 1004 1176 -143 898 -633 194 -621 461 -722 -31 521 459 -34 188 -544 -900 197 -547 32 725 112 -354 -8 365 -958 -165 -699 229 497 -812 1132 451 -95 -349 ]
[-31 -164 68 110 911 -137 -302 92 -1058 -328 -134 836 -369 490 917 273 995 -103 -191 -970 79 647 423 -171 10 -182 -504 -306 -755 -643 351 555 -389 315 -631 -192 189 322 336 -1152 -433 50 163 -570 641 101 544 -1348 -1331 -11 -391 -8 288 -286 756 -107 101 -491 546 168 412 -654 -392 -284 -47 198 -258 436 -226 97 -188 1219 -736 -343 -348 -528 276 -508 84 366 -519 -290 -669 634 -154 -37 -1248 -135 -795 206 534 48 -203 -219 -174 -50 -1110 -649 396 -103 -596 -608 -805 -82 26 ]
[1195 -736 220 -996 -370 -512 409 1481 145 458 1233 446 952 -171 -579 -111 -520 537 656 610 -273 -566 190 -363 -513 -43 517 -237 -388 575 1014 -617 59 61 1712 744 41 -408 -563 -323 530 131 -199 1261 -949 -506 -560 23 58 819 -227 401 -571 -573 -477 215 546 897 125 -339 -478 12 333 415 456 616 199 -217 -179 -64 552 -940 324 316 650 42 -621 -319 -539 349 333 568 -1067 429 -194 382 84 1017 -356 -58 -671 462 -432 148 499 177 57 30 -1 256 22 131 -522 -201 8 ]
[-733 -289 -353 -157 1264 -255 222 -616 573 308 515 -632 -359 -354 -447 -278 -85 -196 719 -512 374 248 -288 336 -820 178 330 599 -285 267 397 1117 -715 959 812 560 305 171 286 596 133 -579 484 724 -365 274 -43 190 354 245 173 -751 746 -384 -722 -122 278 535 310 168 835 283 -430 54 -136 56 -379 256 455 -137 37 534 266 717 -679 -239 -641 482 -243 358 -476 120 505 -766 -437 -144 -219 611 -97 -284 -334 -195 431 110 -289 275 -823 514 -88 418 -20 -211 238 -251 895 ]
[1227 520 -541 498 -770 -230 1110 1003 153 64 -12 -698 98 -169 304 -804 -1516 2 374 -154 -1028 -660 166 256 671 80 494 -356 -175 104 -139 -409 -517 -351 375 138 6 -841 -161 -100 -870 568 62 571 -488 -289 534 37 5 18 725 -164 -431 -422 -134 -388 -804 413 -249 -180 -271 -53 186 80 231 955 687 -738 -268 1409 540 60 -336 206 684 -531 -547 -112 593 93 368 1298 -401 156 -52 122 -234 775 -790 178 -602 124 -243 349 474 -162 236 -164 458 514 155 544 0 503 884 ]
[-979 -842 -57 -2 28 -305 132 -838 293 -567 -43 -540 572 599 -78 603 1292 -472 -53 -257 1273 89 14 -429 -796 358 390 -110 532 433 735 790 -9 264 269 321 304 748 63 -179 -909 101 -322 119 -159 246 -493 -92 40 139 -625 35 -64 -716 354 -164 -267 736 412 427 558 -159 91 461 498 -333 -515 138 210 -453 152 354 -24 -499 -750 -555 -727 6 -714 171 270 -893 171 15 -701 -317 457 83 386 125 -147 -70 -229 -419 -318 -731 -394 538 -226 -95 373 -270 448 -171 189 ]
[-324 318 570 581 -222 -640 -55 -81 -176 -603 327 -525 276 135 189 -473 -155 -754 -1069 388 138 -203 509 -204 -90 -56 -375 -261 -215 161 -333 392 -137 -294 179 -250 -635 -200 91 -534 219 333 -165 266 480 42 -287 -134 -452 474 146 865 12 -380 -232 -113 -282 367 42 610 5 266 -255 44 312 -738 805 -518 -459 8 -274 210 -575 122 -325 336 -570 -309 555 -214 -155 -192 -377 912 133 -79 -753 -140 756 -488 -604 -481 393 226 701 385 223 642 -392 -976 180 163 -387 -152 319 ]
[49 631 734 322 -100 328 576 500 -225 -7 289 -157 -21 87 -138 126 122 400 -119 407 290 -1120 693 -741 456 564 -723 -109 -716 518 7 614 -452 -304 -670 144 -649 289 -439 -1288 506 556 -183 646 -334 387 1092 1204 -101 -382 -131 -235 681 295 218 -902 -467 897 282 -332 263 520 77 276 1046 -539 377 -297 334 245 -483 672 310 429 587 501 -460 -168 -338 -672 -170 -289 -1273 603 -504 -64 -836 468 527 552 398 1015 -519 -3 -801 -467 -506 244 44 -75 -63 633 -675 -85 422 ]
[491 -301 -663 157 650 -474 -378 -470 587 -160 -274 -463 -167 399 1210 872 -992 72 54 -353 -303 -225 -64 22 465 384 682 -144 343 561 228 377 -34 568 91 -592 -493 895 -24 1063 -934 -1207 550 -174 -326 462 167 -363 -72 -241 -511 -124 204 464 1036 -340 -730 -385 -263 259 -546 470 123 -409 -328 375 1124 229 -560 852 97 135 592 80 -532 -893 733 312 52 -231 244 401 590 3 175 -27 243 110 -614 -1223 67 150 -639 539 -314 23 105 -23 518 -54 -318 -274 580 -282 -336 ]
[130 61 497 -130 -94 210 -228 -533 -752 -332 -242 289 -132 357 -403 409 222 250 -582 144 -322 471 334 -19 964 -122 39 277 541 -863 318 -70 405 -640 9 -552 70 386 -22 -143 -484 -442 175 -451 -544 555 23 125 -339 24 558 898 -312 -161 -319 -1011 -780 -551 -123 -117 -65 133 975 -332 -295 568 -598 1794 643 765 -475 -30 -343 -128 122 -96 728 191 274 -31 1045 186 182 348 -170 -363 43 847 264 621 -619 -324 -616 -257 794 -410 -367 357 328 -233 -374 419 -198 940 -443 ]
[-925 583 82 816 -529 -414 -15 -17 -166 -434 133 320 55 -564 -101 -181 278 -388 922 88 364 1032 -567 12 26 -71 -254 100 382 -164 -229 6 133 -326 699 -329 64 -770 320 -285 -373 222 -558 182 -236 -386 354 -298 329 -195 -28 -192 -263 113 -457 847 -516 -183 232 212 523 -503 -618 -254 501 489 171 310 -81 -10 272 -276 50 -916 114 -501 -1091 -29 1096 -780 -437 359 364 36 -19 438 -30 -843 -7 -410 302 -526 384 -275 -332 -327 196 460 -470 282 620 34 580 893 320 ]
[10 253 97 -329 -555 914 -364 388 -234 582 -744 -873 704 -638 -415 -1075 -429 706 -379 -356 -1392 -2 436 -166 1120 170 498 964 -466 79 -315 601 -642 -151 -249 -316 498 -89 -506 -229 -177 -396 -11 -528 -186 -521 581 342 324 111 96 -415 -161 489 -123 -412 -271 711 -794 68 153 817 -436 -68 213 -1255 -2 24 -299 491 -523 201 -272 957 163 558 223 -379 335 -9 190 656 100 -363 -20 -68 -346 -190 84 211 110 766 -776 -246 -647 -1002 -300 -295 -587 -92 247 371 90 1248 -592 ]
[-373 761 -796 -290 351 659 132 217 -577 -329 -40 -272 639 972 136 469 6 -287 321 581 -451 67 662 565 -396 -49 -256 71 485 -963 447 522 -163 396 -355 -331 -773 435 61 -839 -111 -299 175 -486 363 -486 -142 -39 657 -955 856 173 271 205 119 -482 190 -551 912 -340 -190 285 -92 611 241 -414 5 -163 -566 -225 1 80 -117 -179 166 34 340 151 1096 -164 -287 537 -268 42 266 -165 15 -678 441 -100 46 -335 -121 362 -379 -547 -455 -73 330 486 424 309 -346 -599 334 ]
[-501 598 242 336 -193 -184 -953 403 -396 -481 -390 499 177 -712 -541 -302 -454 263 -45 272 -83 -471 -239 345 -658 -91 -748 -405 364 413 551 -289 245 -286 441 -31 -656 -128 -189 -366 423 140 -587 321 340 -310 106 18 2 -106 442 494 64 -1389 -321 -235 630 27 -855 240 -15 -413 339 74 -347 -2 -1111 -631 642 322 81 -592 -603 -590 -780 824 -644 -88 -233 285 637 -162 -660 -1154 -13 -661 267 -222 29 168 134 40 586 489 -351 -425 -95 628 -439 -670 -231 -286 -294 -437 -85 ]
[-348 9 48 959 -412 412 -441 499 -420 848 -216 -678 683 -339 -168 -577 352 183 -41 444 -593 -761 170 62 890 -586 724 1361 -282 -1005 -71 50 -178 134 78 -233 -275 11 -255 99 462 -254 532 180 204 -222 95 716 647 75 92 775 81 -201 -351 -210 663 -137 -31 -92 -391 300 69 -269 -483 240 94 580 459 -490 179 149 -227 744 659 -139 -226 259 744 -41 508 -384 -274 66 -140 -235 -943 381 672 -405 -196 496 -521 -189 319 568 162 -104 -18 10 -431 -463 -333 -1082 642 ]
]
