[[56 433 419 533 311 957 -141 -30 125 -106 304 506 -4 131 -69 -715 -669 341 -360 -138 -25 -170 191 -85 24 90 246 -191 845 -363 446 -433 484 -321 -109 557 -482 -588 171 -688 203 40 910 -350 -196 727 -168 -704 31 261 87 -136 817 369 -36 483 -310 -427 -592 399 -154 439 126 -168 442 270 423 -572 200 442 -410 -105 167 547 -259 -219 -77 -225 -32 261 -119 467 93 -510 -362 -402 33 -376 -649 127 -516 569 166 -17 688 -32 -51 348 -371 -492 -814 305 14 587 257 -203 356 -842 560 730 ]
[-316 292 -643 54 33 369 -276 580 466 380 -152 253 416 -248 -138 -739 -449 347 -684 264 -521 660 -396 -417 -95 -307 173 -359 240 -369 222 -323 -75 -31 99 890 1066 -895 814 -40 -217 399 521 -118 -572 898 -242 -1014 -172 8 -271 -198 1082 -247 132 -225 312 238 -200 280 -94 681 -162 -89 418 408 -209 132 -805 369 -290 -253 -2 -66 -196 304 151 497 648 185 -283 686 189 289 527 336 320 -295 357 -227 -338 334 212 -71 700 -66 -82 392 41 -78 523 118 857 94 -67 258 -510 -775 29 1033 ]
[-151 33 568 249 210 817 619 248 -618 -198 116 280 -242 611 34 170 -215 370 562 109 128 456 -126 479 -331 218 -28 -197 -119 -612 501 -396 -254 -567 311 101 -572 634 -244 -751 591 28 -18 -513 535 268 625 -478 -466 208 1003 64 -221 -629 -66 808 -208 -552 176 125 147 7 394 -657 -364 -570 386 -249 -194 -130 -398 -14 1076 307 139 -114 414 -48 130 -663 -572 103 177 -564 12 66 -838 18 127 72 -32 -194 447 430 723 -255 -147 679 -23 -669 -994 347 -595 141 875 -278 515 242 414 15 ]
[-185 -530 232 167 -120 -75 635 673 -27 496 211 -373 73 564 -314 -74 -789 419 259 62 230 149 -179 -233 -465 25 61 -134 -88 -491 -120 -588 -211 -52 -95 -24 644 -687 783 633 260 679 76 300 417 598 -582 -887 -416 403 -821 -83 129 -165 235 43 338 -149 350 327 -837 -227 392 62 -12 832 -59 292 -489 -399 25 506 717 337 -187 57 127 519 910 382 -547 -82 -219 -340 357 687 -451 -430 151 -893 -570 50 995 -93 205 -28 -422 735 233 41 -118 544 697 -78 324 -24 -244 713 -436 284 ]
[174 -258 -335 428 -197 131 -77 -224 -177 -45 519 -520 -71 -203 435 -296 -129 451 -188 264 461 -1041 -136 -227 121 270 728 88 277 -77 413 -17 797 -216 -99 -549 -353 -237 -381 430 -601 -119 795 252 -34 -320 55 231 6 876 -1344 228 550 579 -143 -388 -231 147 226 917 -275 -247 -369 392 203 329 343 -241 266 -301 22 -45 128 -289 -761 -1168 -394 162 -143 662 -148 38 -549 -531 -589 256 -818 -645 -661 31 196 820 308 -347 -688 -27 -396 241 -369 -156 -505 283 59 166 -635 -717 494 182 -36 -485 ]
[61 177 126 -91 254 -241 -393 -182 438 107 -303 -48 -382 -114 -97 463 147 358 140 56 -486 1075 -859 65 -229 140 -446 -455 -207 -59 -535 -40 -735 -445 -142 21 488 754 -108 -862 204 -203 -142 -733 -88 -550 137 -1002 -385 124 1570 170 81 -185 283 951 751 81 -296 -673 345 611 -86 -350 -458 -240 324 -317 -307 -340 -385 25 176 365 -46 667 297 -448 128 -760 252 167 455 423 -375 -125 18 -66 64 -699 278 -566 -187 394 274 131 21 352 -343 102 341 267 402 -317 678 116 -812 13 -330 357 ]
[-369 443 381 412 122 1017 594 169 -925 156 39 132 173 -99 409 -201 205 -72 379 -228 201 -150 477 863 854 324 9 -120 266 -760 1023 -1 489 -305 725 291 -865 32 -270 -430 244 -155 802 251 364 -176 773 423 308 542 586 897 -172 -88 -376 -260 -1138 586 9 500 158 -29 77 24 213 -200 133 -219 714 873 404 -156 767 295 -142 -641 -55 -294 9 -422 2 201 17 -301 -581 -497 -525 -772 244 337 -190 593 783 37 57 -299 -735 250 -61 101 -964 -169 -530 124 459 -383 819 -249 756 -1149 ]
[212 -321 374 -27 134 162 757 -466 -634 528 313 -481 -507 -310 186 -317 -521 684 -359 -723 304 240 176 210 -57 269 56 -263 383 -232 299 -834 80 -1002 -13 -327 -179 248 -672 -820 565 164 -90 -503 66 -385 -564 -903 -260 1057 865 481 193 414 -94 -13 -161 74 -634 668 -320 305 207 -404 -266 -346 938 -59 360 32 4 -424 -24 523 -487 -738 36 -218 708 -412 136 -110 627 -320 -770 -143 -581 -350 -203 -539 73 322 479 -283 515 -463 -668 881 -636 -116 -819 415 525 91 1245 -152 550 462 428 211 ]
[-339 -213 628 -203 245 -334 6 623 34 -64 -266 -307 -67 119 428 757 517 569 787 370 -38 -424 233 189 751 -186 -45 252 -544 -809 952 142 -266 221 -10 -985 339 39 139 203 82 683 685 59 734 -250 735 -975 -56 652 -636 251 -570 -523 -482 463 -160 203 241 -256 226 -274 512 237 214 -157 -179 174 -163 -638 29 444 1019 560 -434 -43 -57 87 572 -244 338 -20 -185 -326 -40 417 -823 -66 666 -753 -331 -805 926 580 -230 -128 -295 231 93 202 -304 580 17 -205 18 -809 14 232 -464 -1052 ]
[223 -180 -72 141 321 -1091 -31 -326 606 -347 -221 -122 261 108 586 841 785 417 -195 -471 -103 -233 627 210 113 -157 -378 369 -706 544 284 -175 -477 721 -129 -894 371 892 -442 -1207 -261 -352 46 -405 642 -367 105 -564 -242 -320 495 -551 -355 -304 28 667 721 -118 -243 -459 758 165 -181 -536 316 -531 274 -28 -155 -612 336 -345 -71 -304 134 126 -635 -653 -181 -65 -13 -174 575 -138 85 348 374 124 199 -879 269 -329 -311 662 -152 244 416 -432 65 34 -2 7 130 -12 169 5 -563 537 -315 -92 ]
[-207 -315 188 1016 83 356 -190 638 178 -345 -100 605 -792 631 3 -200 -9 320 276 281 4 -1259 211 139 -401 -89 -15 -48 141 -545 1035 -687 -288 224 -423 -782 -872 781 -360 5 -232 135 1046 418 349 492 37 334 -320 170 -810 -552 298 110 -471 798 417 -519 143 -510 -471 -174 378 369 238 199 205 -34 -83 -532 196 -122 1071 -72 -141 -378 -372 274 -407 385 -662 55 64 -615 244 478 -693 -656 -516 -534 -554 299 255 -221 478 514 147 278 -6 -626 -841 797 -134 588 -470 -646 233 -17 -70 -698 ]
[-74 -732 -1010 -130 -420 -445 -97 -87 109 -20 457 -260 1090 352 409 376 -227 570 -482 -261 -67 492 -749 354 -579 692 238 770 -598 151 -666 527 40 -172 505 -51 1133 -82 264 -4 -32 -252 -284 -282 616 115 -330 -175 -357 190 -476 245 113 -202 418 -127 571 462 635 815 143 -39 -1104 -3 -154 728 477 171 68 -562 658 175 -156 -856 -799 -547 -327 -65 573 98 -563 355 -119 1 -868 156 -141 -1190 86 -887 398 -416 -7 104 -639 81 -211 -35 -273 902 1183 -344 672 -64 404 277 -714 757 -712 197 ]
[-207 -209 -815 255 756 -710 -498 -3 546 -76 -984 462 -458 176 330 113 511 -247 521 230 -255 851 -1007 -44 -679 -410 -723 -398 -853 443 -401 -34 8 537 232 176 97 427 -220 112 -235 1 -42 -365 -738 -325 -5 -459 -477 -853 644 -507 65 -877 114 705 685 477 -480 -1080 -149 148 81 -836 -309 -229 0 -120 -648 -59 -28 -332 -206 -548 646 767 406 -31 -97 -56 86 -104 68 192 682 826 157 430 617 -63 -122 -316 -35 -278 -98 609 643 78 97 48 660 -93 144 -775 267 -47 -6 48 166 -312 ]
[399 -128 884 140 508 -507 -991 -462 876 -1027 -123 647 -160 608 219 -162 -68 -458 238 161 8 -820 162 -237 -733 -112 -295 744 27 249 -443 630 809 -410 -712 -15 -1333 31 -313 -93 401 54 120 -129 148 -351 -209 150 284 -698 -894 -505 4 558 -69 739 -270 71 210 -49 -26 -567 571 106 814 923 715 -1135 381 -374 -442 803 36 585 -420 399 19 -460 385 701 780 18 -628 -538 -534 -384 437 264 -753 386 -574 -1084 -326 -339 -756 249 812 -444 -272 -182 -17 -293 -434 548 41 -347 613 -264 -249 882 ]
[437 149 -31 351 -203 -13 -117 358 208 -319 36 -343 -313 191 -128 -112 -250 -317 752 203 -653 506 -303 -551 -575 298 526 454 163 -400 -33 -567 -349 -809 -44 -349 881 -336 490 -187 -720 115 72 -36 317 -245 239 -480 -558 397 -55 327 412 -116 533 -419 -61 -1007 902 528 107 -80 115 317 -71 350 -17 67 -576 382 -274 589 615 221 -23 557 103 158 464 86 -461 30 -537 -30 712 60 -78 -379 -294 -503 386 -128 101 168 407 -28 -399 436 512 -579 -190 743 -44 299 -92 603 -700 465 -212 1344 ]
[316 604 -5 115 11 156 -669 473 444 -1077 433 211 -260 516 559 -29 40 -12 -666 1003 -112 -908 -40 -399 -751 -24 670 839 708 -552 1057 -74 -117 -369 -217 -858 483 649 -241 -654 -542 387 1201 -174 349 336 -87 -636 -691 568 -355 -531 581 -129 -453 93 490 -266 265 -69 250 108 195 726 659 35 649 -64 -915 -697 -243 -3 501 162 -270 -168 -1196 510 221 201 -286 221 174 -442 216 587 -118 -1128 -685 -812 359 -233 -198 -9 462 -428 402 891 -507 -714 -463 593 -451 336 -279 -180 -330 -447 -167 555 ]
[-697 739 505 -577 -27 730 313 504 -831 -207 315 350 193 395 -330 228 -67 -471 173 -253 -129 530 -223 879 180 169 -74 -618 274 -311 564 73 -537 85 1069 202 -325 443 298 263 -227 342 -239 72 -104 245 429 100 -388 15 728 -68 -112 -608 -257 -197 -458 271 -178 -231 -7 388 -445 55 -279 -476 -495 -78 -120 811 -50 374 211 181 597 225 -593 253 -1137 -625 -121 -247 -31 564 823 309 255 -57 -68 343 432 348 30 446 44 -42 -279 142 -364 -962 -451 -246 -619 -195 183 459 -71 -219 533 -938 ]
[524 150 -165 400 -90 -304 -228 -418 -101 44 309 -45 -4 -312 54 -215 352 -398 217 -481 -306 25 275 -524 226 -49 90 19 -636 377 183 -4 306 -223 -40 393 -141 -43 -1085 290 -398 -248 456 376 -478 -609 818 1025 602 -562 -18 255 251 -24 565 -483 -590 -264 615 987 94 -501 293 124 676 425 -160 -202 -476 311 403 -176 561 -741 -197 -893 95 66 -141 734 -208 155 -601 -163 -185 -324 -173 304 303 880 375 1261 296 -504 -599 -73 -223 -266 718 232 -278 -136 -259 -3 -32 -47 1134 461 -71 305 ]
[43 -542 755 -60 -726 -245 153 629 -352 692 -177 -272 -543 -442 -114 -561 -558 -27 -115 -188 -38 -268 440 -616 544 -361 140 -469 70 -880 1090 -1449 -146 -275 -559 -94 -706 183 -130 348 -257 378 350 733 534 261 -30 -144 755 868 -489 744 446 1120 -273 128 -21 312 -281 541 -643 357 764 214 601 231 228 -24 -343 38 132 -373 392 459 -942 -453 375 452 258 588 250 -313 -191 -499 97 55 -513 321 -3 415 -646 -73 499 -494 -233 46 -899 228 -75 -48 -483 152 687 524 -489 -892 558 210 486 -316 ]
[33 133 346 -65 244 -851 -311 -606 732 -1047 -51 -238 209 532 626 899 940 -323 611 279 773 -746 976 553 526 -471 -423 612 -58 354 -238 373 709 965 -46 -97 -523 66 -19 -540 -76 -213 579 426 486 -1256 480 205 187 -368 -819 -458 -522 -432 -195 -494 -920 342 410 -641 325 -725 455 -112 526 431 222 -371 -276 27 -200 699 -630 93 219 555 -725 6 96 381 957 -685 -457 321 -53 -112 933 -279 -455 -511 239 303 229 529 -1361 358 871 -304 269 301 -375 -292 -347 -958 -94 228 -368 726 -736 -240 ]
[-482 -642 -807 1079 221 318 964 1011 -90 1168 234 277 -230 -137 101 -361 -24 -348 898 -388 37 570 -431 71 -442 262 298 -590 -885 165 364 -331 375 503 34 -601 300 -555 67 764 -1131 -723 -129 648 561 78 -260 906 -676 236 -227 418 -167 124 182 -59 814 -235 567 573 167 -594 -771 -690 -143 57 -213 380 -278 65 1058 -212 992 -646 420 -214 330 175 13 113 -1165 -237 -513 -630 893 831 -367 -331 425 -188 -558 758 981 -25 -123 236 -752 241 669 -163 53 313 261 -245 -299 -164 40 495 -154 -1157 ]
[-433 131 544 -445 272 67 -5 748 -159 -72 -193 1381 131 -253 -185 -15 -171 -37 -246 168 -902 -382 0 113 -516 -272 510 190 -758 -245 967 579 -882 -593 -180 -289 84 -409 541 40 237 933 -338 2 -92 400 521 139 -683 -330 -953 -552 135 138 -391 468 153 -307 762 -391 1004 -457 -116 417 91 -451 -233 69 -250 -134 -718 527 251 280 -320 427 -25 346 762 -1021 -129 575 -116 571 504 78 359 465 672 -186 47 -598 187 556 1027 63 675 -763 69 -827 1003 318 -197 583 28 610 -598 -880 -333 1266 ]
[539 917 415 -186 -256 -85 -198 462 -430 415 -74 -341 -54 -470 371 270 507 -319 123 413 -514 991 -810 -862 -32 595 679 -317 168 -74 -165 661 -856 -133 130 496 -5 -204 -39 27 44 269 201 270 -124 -828 1045 262 -52 -578 1075 1188 -215 301 899 349 272 2 411 -134 448 132 415 341 -130 -202 -400 -261 -315 47 -651 775 405 308 401 373 379 -186 -379 -104 211 567 -127 347 47 -786 -124 94 508 -86 462 155 184 601 -240 -453 -316 -191 541 535 360 -172 -433 -162 157 220 -506 208 873 493 ]
[-281 -275 176 -281 -663 36 3 171 -413 806 229 -259 -421 -487 -971 867 -369 -137 -359 -159 -92 -526 483 -295 793 -268 7 -397 175 -115 300 -584 -829 1089 -421 240 -216 -228 -59 539 -454 418 317 804 -5 588 -48 534 661 -677 -880 -5 60 315 -153 -589 -386 -225 -23 -562 -138 -62 227 528 -258 413 -746 43 579 129 407 376 -786 -205 -255 -482 -255 181 -1226 263 133 -157 -196 643 147 -262 227 298 451 -258 86 1576 645 133 -264 298 3 -39 366 70 498 52 354 -527 -246 508 114 408 -16 -476 ]
[-191 846 118 294 -355 206 800 255 571 203 419 -383 676 657 -136 -625 -195 432 -648 18 417 -48 131 -715 214 142 -248 -393 24 295 -145 186 -442 357 198 780 54 -646 158 910 728 561 392 455 -851 634 44 -235 -48 -509 -89 -732 174 -26 746 -56 612 -682 -361 248 -504 24 755 356 550 134 -856 -418 -882 -317 -862 336 835 -188 807 -127 70 130 -264 1290 -931 423 574 416 962 173 -76 402 -176 556 -75 385 -92 232 852 -356 39 105 307 -169 -493 -458 272 130 -133 -349 277 -126 258 496 ]
[-46 161 534 -253 581 -599 -452 -400 63 -50 97 40 -455 588 -247 491 -169 842 414 -291 -136 551 -118 573 -618 -643 -800 -1099 -906 303 146 106 497 653 -423 669 -44 704 -395 -802 -277 290 67 -253 -322 -780 769 -598 -463 -847 564 -760 231 -841 389 975 -62 618 -91 -445 639 97 -382 -1437 387 9 78 -732 -934 -207 -97 9 651 81 -340 -250 347 -524 -146 -339 540 -576 -118 18 -129 644 16 -114 297 -554 -114 1206 350 633 -585 183 334 -177 -234 -630 -562 513 466 -792 660 -10 -110 515 -895 195 ]
[-330 789 689 -404 -18 -24 1074 563 160 897 -131 -171 220 206 471 -548 -824 592 -341 671 -144 -102 130 -607 152 -546 -780 -431 81 -311 52 705 -383 -371 206 409 439 -726 399 162 772 1167 454 858 -700 123 -224 -909 -781 525 199 -291 -469 307 170 17 68 906 -455 -483 -118 -159 896 436 762 339 -676 36 3 -160 -812 227 592 1195 224 222 -373 321 1111 -474 623 263 783 359 277 -142 436 -658 1074 -604 -528 -85 771 -338 1327 -896 -128 178 -212 198 -182 211 575 -56 669 -160 -225 -1261 -240 299 ]
[167 622 -75 -765 233 196 -155 770 86 59 782 -101 943 -99 111 -978 417 134 -1206 -839 379 653 523 -17 -440 351 -25 887 456 854 70 1316 368 973 262 234 550 -354 -220 -534 -27 -48 -735 81 -93 363 -624 70 -73 -949 435 -136 173 -286 19 -755 318 37 -87 914 990 197 -864 -106 381 -754 296 345 -329 47 578 34 -112 -163 431 -317 -171 -328 751 298 -219 4 631 -63 158 310 330 -514 -118 37 -570 -235 -763 369 304 -545 -199 -107 117 429 -172 -737 -128 632 235 286 303 -470 235 379 ]
[168 -644 212 -305 -180 534 217 501 -817 77 -479 163 -997 456 -342 -37 286 911 -147 -811 -44 -667 268 1107 12 -116 -194 58 -145 -118 1035 -216 -312 204 -180 -822 -596 859 -558 -497 342 143 -307 -292 -220 -84 468 131 142 -435 -839 -431 337 -878 -192 -75 -327 -334 459 0 550 -119 -85 291 -293 -383 329 54 532 19 250 123 866 252 -634 -535 867 -347 636 -822 -164 381 200 409 -445 85 -1114 -313 -95 -479 -380 -26 160 70 555 116 -115 -204 -72 42 -684 685 -394 564 548 -160 405 352 210 -272 ]
[-69 23 -6 -649 -340 -399 461 646 -970 214 -221 534 -55 651 -155 492 -18 -174 -811 -864 80 -317 -170 917 -1012 -70 -34 161 -863 14 727 233 -854 625 325 -336 352 1032 -118 661 362 171 -513 26 -412 85 -284 827 -164 -1007 168 -487 157 -616 -202 487 597 654 716 -60 213 -242 -635 72 -18 -84 -180 818 -223 -794 973 463 679 -399 109 -470 -257 45 -58 -497 -686 78 166 117 42 1233 173 -628 -172 -590 135 -213 -4 89 -470 206 450 -398 -80 -295 355 -164 -219 -189 -97 203 -468 509 32 -65 ]
[837 360 95 -284 328 177 -197 -147 -317 1042 131 -190 -722 57 -987 1 -742 458 -749 834 299 62 -1320 -946 -723 -67 166 -1302 94 -54 -409 -274 -570 114 -860 463 881 -3 353 -98 187 3 12 -121 -365 407 -140 -466 68 -456 -168 -335 564 259 384 146 830 -413 73 -419 -87 385 452 669 -358 470 -514 -528 -686 -614 -71 94 851 569 -24 -492 564 97 97 18 -155 109 59 168 -42 718 -851 89 336 -548 -406 1456 607 -383 706 -107 -327 370 70 83 -89 743 -120 -732 -59 -211 -180 -155 -245 315 ]
[1484 482 -75 70 -639 -681 380 -880 -437 144 603 -321 589 -183 138 -29 120 -418 -1115 -79 808 -647 516 -282 955 -156 213 -279 -24 337 370 -734 509 609 148 351 404 -330 145 -688 146 -1007 644 537 -210 -348 483 822 1095 507 180 252 1283 691 334 -721 -212 -353 331 1026 672 318 186 372 228 -298 -52 -127 -754 491 68 -693 -449 -705 -100 -777 -137 -58 62 164 -320 -375 85 207 -645 -177 128 -181 -858 646 911 1393 -134 164 -60 557 76 -384 -13 421 -133 -14 -433 -563 -1026 -179 -422 42 709 198 ]
[413 -246 131 76 -597 140 -854 -63 391 -474 254 436 -547 774 -33 740 -4 50 159 345 -316 158 -885 81 -943 -352 -79 201 369 -459 -324 -353 -354 -567 107 -93 -786 1296 189 -526 -393 -810 -262 -331 675 -36 -77 -116 140 -71 -86 -83 600 313 -112 157 -317 -311 467 266 199 536 -256 -353 -120 720 225 -325 117 92 -489 639 29 215 -280 881 68 125 -514 -434 836 245 -25 35 -102 -373 754 4 -785 -347 -91 -396 -420 191 -839 322 448 101 111 -740 -369 406 -521 -147 110 -147 -819 78 -77 246 ]
[-555 -129 -1285 538 -512 1780 -45 235 -21 24 195 266 46 101 -291 403 -38 870 -847 714 28 -364 200 -19 720 -932 646 -1003 758 -130 -237 -45 -57 313 235 886 -157 -328 197 -178 -588 -833 121 -951 -820 824 120 155 346 -468 -860 -550 664 -1003 108 -62 -233 -440 330 847 31 368 -586 -665 -183 25 -641 67 -24 -112 -605 -866 -411 -1208 97 388 585 594 -583 -511 -1136 781 137 -92 107 2 -124 746 71 916 138 1058 119 232 -209 -303 483 485 436 -547 -129 100 -452 229 -637 -174 -11 -208 247 -274 ]
[-383 -534 -919 182 -193 286 -321 -794 -26 267 -264 15 -554 -591 301 290 -30 -782 283 209 -209 456 488 -88 201 115 -319 -48 279 84 -465 -585 -459 423 -4 -17 152 719 -262 -1259 -1140 -769 -376 68 820 -392 -424 957 355 302 1148 852 -723 -163 -376 -416 -493 -593 121 378 184 910 -357 -315 -911 -563 -273 860 499 329 1003 -867 -1081 -503 130 5 -199 -8 -841 -761 -139 -797 124 -430 248 -517 597 -338 267 141 50 157 -638 -112 -229 271 -431 -82 79 -146 150 130 -69 54 -209 122 -86 498 45 -1072 ]
[380 363 733 -54 964 -129 -54 791 -604 -622 -459 -202 -228 279 328 -523 629 -432 409 -442 -450 -873 1414 638 -11 -245 -400 322 910 123 826 -730 123 603 -154 -535 -492 734 240 -914 -26 516 266 765 260 -332 585 799 285 -967 -306 -423 -295 -312 -362 -484 -283 286 156 -819 367 -351 590 417 441 -189 401 -55 630 773 485 -493 378 739 697 415 -123 -355 161 96 459 -60 -37 -67 509 -174 162 -353 -415 -590 -308 55 76 101 546 53 -92 -746 250 110 -872 208 -610 505 -412 794 -229 -403 946 -117 ]
[73 -575 -59 -375 -473 -1021 227 -630 -487 291 101 -19 -161 47 -574 -11 -5 -212 -268 -1002 44 58 -474 -40 -904 647 324 562 -935 1109 -517 574 -400 -547 56 -573 204 -236 -206 389 183 26 -922 158 218 -829 -705 870 -49 -222 -356 63 -160 627 1316 -659 115 -1073 434 664 8 -197 -225 633 -92 159 -522 -62 -269 252 483 575 -127 -355 -257 -290 395 135 1006 -83 -109 -297 -109 516 -298 -549 411 37 -15 -586 173 171 -189 -293 -330 -152 -408 -542 682 1010 475 130 -127 419 469 292 -150 1387 -603 779 ]
[118 -39 -441 440 386 -1214 -258 -356 66 -266 -518 -541 74 -594 163 468 711 -83 603 166 561 -886 -810 -752 982 412 96 685 -945 603 -59 600 410 838 143 -1193 385 -464 -475 662 -375 -679 693 51 -474 -310 1185 451 54 224 19 -122 388 234 85 720 523 -641 -185 -387 813 -900 -108 466 29 -904 -624 -217 81 -414 -71 2 -50 -248 313 -835 124 -714 -552 632 78 -336 -725 -242 -337 536 -720 351 -245 23 606 -334 -540 -115 -323 751 363 -553 402 410 134 -89 -521 -146 -1376 -1107 211 -563 9 -138 ]
[-356 393 -4 136 -595 1099 141 -392 -817 322 858 147 458 -373 -243 -348 -362 810 -139 -83 65 7 -4 234 284 305 726 -718 320 -371 442 425 94 -555 -22 1279 -769 -349 -172 -376 -205 14 -232 -262 0 267 331 732 -74 95 -178 719 -556 923 338 -46 -907 267 104 328 -5 141 -1145 -749 -219 -475 -278 -332 1070 663 -395 -279 -300 -711 -451 -1101 251 -196 -762 -109 -300 432 167 325 -696 -739 -231 353 275 469 200 1722 -147 639 383 -680 -121 -706 26 182 -127 28 199 -234 390 560 -188 -7 -454 -230 ]
[530 64 155 -558 -662 474 610 -113 -479 1057 502 -335 -835 -97 -108 943 278 462 -897 699 751 -543 11 -62 -420 -101 932 -172 107 189 239 921 280 981 -836 -350 96 -233 -368 437 8 255 361 584 -236 -157 -630 190 -438 38 -393 36 -415 -162 -348 -121 72 -253 292 -193 436 -572 0 583 -495 -277 2 228 -449 -1331 176 360 133 590 -138 -941 110 217 -96 -688 -225 -203 156 199 -419 -23 -791 -839 330 -294 1 1092 453 623 -184 -478 157 438 -47 102 -214 1212 -549 -540 -140 -404 319 585 -600 -1078 ]
[43 -585 -520 -520 288 -658 -770 -185 434 -487 -195 544 93 -273 116 -18 480 -295 -263 -637 217 1269 -721 158 -438 -379 -324 457 -8 657 -978 174 -279 -299 221 215 953 272 -774 -125 -62 -832 -986 -302 -489 -982 -665 35 -16 -975 1251 -118 -370 -395 17 208 184 421 -358 -254 -26 -174 277 -740 473 21 546 807 -1121 -268 539 -336 -1106 -580 436 1065 -389 998 683 347 547 112 455 -332 -435 328 1105 250 128 -509 139 -695 -451 -519 -741 6 739 52 752 883 313 -857 417 -272 375 479 -255 77 -309 833 ]
[1621 259 943 -105 228 -685 -450 -321 -517 -464 -257 429 -290 716 174 421 24 -706 450 778 7 -773 552 -482 -1167 -140 201 989 -117 -381 562 -109 738 -409 -220 -463 -39 -107 324 -292 850 889 369 -116 886 -294 448 -399 24 302 -277 354 104 168 -341 -94 -495 -63 199 -5 -147 -749 636 225 38 29 434 102 -481 33 -124 321 655 372 -372 -70 -348 -448 722 -141 416 -1041 -348 -847 -321 813 -689 -180 176 619 -456 -207 260 -272 -62 147 97 104 424 -240 -597 395 -1040 -629 -34 -91 264 232 526 472 ]
[-105 -176 196 478 369 249 -260 -286 408 -564 -110 -636 -570 -5 -803 487 -260 122 517 221 0 -865 -142 -365 -32 -184 315 76 472 99 420 -371 455 28 -397 -1015 -319 -30 -225 473 -618 284 603 -821 104 152 -593 -1212 371 -261 -437 -164 506 113 -105 184 202 -269 -842 343 -355 -34 -39 -442 604 -41 208 -870 -142 -39 -417 224 164 380 -404 539 346 -186 139 422 50 233 -283 -887 48 883 -451 558 -757 200 -619 -370 200 310 -423 -412 368 833 154 -597 -1108 143 239 166 -71 -549 847 336 71 291 ]
[-636 332 -445 416 -732 265 434 804 515 580 -218 -434 549 -1020 581 -245 430 -199 -759 377 85 -673 990 -992 507 18 168 706 -129 248 951 -175 -66 -49 183 212 46 -107 -250 -198 -1107 -331 717 167 406 -35 -279 -372 237 -291 -124 278 113 653 176 -395 140 -149 -264 303 540 -50 -443 -543 993 -328 -195 -25 316 -130 -476 -135 -133 -769 7 187 -719 -45 21 597 -234 17 143 -630 394 610 716 366 483 690 134 661 594 423 -674 -526 -438 698 545 -650 16 -1138 -75 195 -1113 -630 382 -672 759 227 ]
[147 204 996 -771 -242 -645 -375 32 -264 -806 -111 -145 302 672 -38 112 134 533 71 10 -659 -373 418 245 -709 193 189 -175 185 378 -445 387 -42 475 385 -16 -368 204 1095 393 347 650 62 358 161 156 632 -305 -154 -378 196 -454 -293 -251 997 1062 -318 -808 -13 -744 -185 431 177 -99 -276 -90 -415 364 384 -121 -692 869 -114 847 -5 -233 -398 11 -833 -885 749 -42 -320 -414 -28 -1270 349 59 -552 -310 605 -299 -835 1094 -489 262 277 -937 -613 -487 214 846 -465 510 -463 5 -657 80 263 425 ]
[-67 92 446 400 -364 -98 -181 -753 282 -14 597 -528 -471 -231 803 -1017 -349 -136 54 356 393 -197 296 97 -729 849 291 201 859 58 190 -250 1181 -1003 -825 92 -790 309 -435 52 -49 -480 853 593 717 -391 -1318 634 -428 1337 79 672 -100 1326 207 -345 205 -211 -439 -429 -468 48 -114 178 269 681 1024 -226 25 -252 -82 -527 -718 -160 -183 -349 106 -28 174 237 546 -674 123 -158 -529 -1503 525 -1088 -1222 -681 464 323 -135 5 -112 -508 -434 561 -1026 356 -81 537 180 241 -267 -272 -523 63 -64 -313 ]
[1021 -532 -10 -59 -372 -701 -58 25 -604 -455 -524 -888 -210 -91 63 -49 54 -410 88 934 -1256 -544 -260 -484 -538 -619 -457 124 -122 626 126 -507 3 0 -28 -809 -529 1489 -892 48 -1432 -481 -703 586 -100 -834 143 486 308 -422 -269 -291 327 65 249 -693 390 546 211 47 589 54 -663 -123 126 -352 -133 -32 -143 17 -288 -1129 -335 -1092 -530 353 282 -168 -167 -547 122 -220 91 -680 213 499 -719 492 -59 959 393 -391 -755 -521 163 -34 -98 -572 261 -154 99 -306 -244 505 -806 144 -252 -35 791 -33 ]
[-332 582 327 -935 -84 -348 -1562 1089 318 -684 817 631 -392 128 -138 520 324 -170 470 494 -1188 1183 -322 -872 -1 -1057 945 209 311 -752 215 829 -73 511 429 340 -83 -287 95 94 -897 1345 159 -225 -561 -161 540 -522 -361 -70 468 -83 -26 -433 -108 529 -585 -763 215 -207 483 205 -229 -415 382 -829 -820 -201 -1132 666 -579 302 -643 244 224 387 347 496 -902 -359 1202 -379 -549 672 842 -811 702 586 275 -153 141 -136 -504 599 109 -689 290 -28 253 -452 315 749 43 -168 164 149 -611 -231 -606 452 ]
[-1563 270 -694 -210 92 19 -3 199 -309 -513 324 670 -74 573 -162 801 -464 -735 784 -159 -189 377 -220 390 -170 -194 -105 -140 -426 -248 -14 444 258 377 789 739 -215 -687 275 762 -136 613 74 -51 -447 -14 132 432 -558 -727 184 -185 -278 -766 -293 220 -797 462 466 226 154 -667 -77 -1147 -678 -270 -303 -579 -59 355 169 345 -284 -629 672 -68 232 385 23 -769 -711 -407 -236 570 613 223 762 -170 412 -101 697 -112 803 1043 -614 306 1034 678 -27 -328 612 192 27 -930 228 748 630 427 -537 72 ]
[-574 -157 -616 -309 191 233 453 796 760 -764 -363 205 284 965 197 -393 385 -430 410 -553 15 332 392 474 -327 -187 -26 1013 17 -235 -451 57 692 69 169 -64 187 -279 182 534 774 430 -457 -775 -51 -216 -643 -412 122 -312 -484 -697 -534 -684 -235 -460 63 -303 209 -261 -551 -815 23 -461 -332 -344 351 745 -379 -277 -357 311 -199 83 392 412 624 600 1248 -360 -198 -198 -317 133 124 430 204 88 -588 197 -276 -1458 119 -5 216 -584 521 575 253 941 20 -542 282 -619 393 288 -59 1 -80 778 ]
[-226 -634 23 -961 356 -555 478 340 -778 442 439 -98 885 343 -114 -86 -704 -16 822 -27 -402 1327 -950 -302 -192 90 -15 23 -1229 361 -721 162 230 569 792 -418 572 -721 -32 1863 117 -291 -483 864 -313 557 -478 348 -460 241 -467 69 -225 605 103 247 976 -201 -221 565 -265 -738 -476 -154 -316 513 17 -138 38 -582 397 158 66 -351 126 -667 84 876 -210 458 -399 -257 -785 -378 469 323 -511 7 -478 1196 1 -485 108 -109 -192 788 -434 -448 -118 610 933 171 219 -612 -561 -19 275 -294 -143 -394 ]
[-146 -80 81 120 122 1382 170 -473 -1014 -568 794 600 224 169 147 370 -720 -557 -143 1197 422 -890 -78 271 129 942 -3 533 553 -223 555 197 279 -555 -103 351 -497 50 -79 -992 323 -232 -262 -881 786 704 1158 478 -17 510 -471 211 326 -849 -413 228 -666 -462 516 691 1230 8 -609 -311 -417 -506 603 -538 338 -94 -771 -119 -230 -377 -83 -324 68 -707 -211 -784 -847 180 -564 -451 -204 218 -721 484 -278 1010 551 -513 -208 666 130 -116 390 330 -919 -1447 -512 -360 -1149 303 151 -6 447 -506 770 456 ]
[-163 -59 612 -242 1047 669 -74 -1145 68 -132 -255 409 -493 217 202 993 -17 -47 -82 459 143 153 541 454 290 -149 -392 -788 44 91 273 -1136 -564 243 -464 -337 -433 1518 -1157 -1666 506 -65 210 -1150 499 599 302 -778 275 17 716 -617 -243 -866 -864 744 282 -75 -1025 -757 348 655 486 -57 356 -13 1278 -755 -96 -662 -351 -1091 100 986 -178 533 -203 67 -551 -495 447 138 -162 -38 329 189 51 936 -274 423 -55 129 -87 -93 43 -244 470 79 -994 -495 -975 -108 -177 -115 1085 -287 408 26 254 -363 ]
[-97 -377 -384 671 524 42 247 -601 257 685 -176 -420 609 -743 88 -818 618 264 -1121 -1029 -551 -375 298 452 905 273 288 -1174 345 291 281 -1140 315 -688 -110 -321 502 66 -505 66 -407 -850 4 -651 -598 446 -394 41 573 298 -103 -405 971 129 -145 -727 777 485 108 647 -82 480 -823 635 873 354 265 -142 513 426 592 -1351 185 74 -266 -421 -305 -427 -292 533 -107 410 -276 503 66 49 -238 114 -669 264 952 926 -423 -819 -91 -439 -610 -197 -247 57 236 -297 954 769 -308 27 -429 -599 181 -365 ]
[-649 -492 -257 -84 126 -482 -96 -243 -226 -8 213 -191 131 -274 -389 163 110 -608 560 -1237 164 19 -195 560 719 752 -909 621 -309 662 -392 -47 -276 592 688 248 -409 553 -14 375 -161 -753 -307 787 515 122 400 1232 710 -1020 266 257 -73 68 71 240 -346 116 -605 -108 -61 263 -174 -204 -333 330 -524 -82 677 356 950 405 -829 -489 485 6 -503 -198 -1520 612 307 -70 -1 -129 -610 -782 769 217 91 -50 193 -142 84 -265 -1143 1260 -167 -896 34 240 594 -1102 -111 94 -382 -112 804 -16 694 -1117 ]
[65 202 -309 -118 -836 370 327 1167 -349 -737 3 -664 -603 1196 40 315 -500 -59 -137 525 267 -343 445 -978 -77 -222 163 304 211 -689 344 -950 -142 1312 -23 269 -25 438 -352 -30 -408 959 -9 793 55 229 21 -308 90 -849 -980 -614 40 -463 160 -426 761 -718 -26 -775 40 -343 637 335 -25 -402 339 314 -1200 -556 -464 -349 -93 -598 220 179 274 517 372 318 -639 -904 85 272 1243 839 -669 -405 -9 -299 103 552 627 459 542 -102 -5 1072 -217 -249 -569 70 -193 211 -125 -14 49 365 967 315 ]
[-588 -668 -425 329 -613 -250 295 -755 604 -139 -610 -789 -172 760 -34 419 115 580 690 155 228 -652 -43 -37 353 116 207 593 31 565 -138 480 584 543 -22 -290 -44 -654 174 329 -706 402 293 -195 287 -70 183 -441 -201 -676 -1158 -165 -662 -848 403 -308 -406 -1134 -255 -276 186 -482 141 -520 67 -177 -742 -256 305 274 -551 1091 -492 268 278 131 456 -838 -635 509 134 -438 94 354 170 -211 -354 -47 307 -265 6 51 32 610 -683 -441 725 -280 750 300 -581 -144 218 -304 -62 -463 134 433 -177 285 ]
[-10 247 -555 -865 -904 -253 324 267 -143 35 630 -295 -320 374 -429 434 -981 -419 -484 249 -278 462 482 -536 -361 -482 494 -96 589 -237 -475 -418 530 384 -240 -234 1043 -1198 474 -180 -466 105 -238 125 423 375 -283 85 -1011 852 225 95 675 725 805 -246 167 158 77 686 192 381 -342 -979 -36 -187 -34 332 -715 -52 -518 -169 -1387 671 -359 93 -577 1150 -96 -867 388 -671 -516 -327 469 -113 1062 -27 -505 -138 556 12 -641 101 -222 -122 342 408 -316 -529 567 674 555 -558 -294 815 -1196 408 23 1780 ]
[-15 329 290 -165 -198 540 180 106 -318 -553 -419 485 279 447 195 -399 -649 -23 -229 185 411 501 110 -78 -74 182 343 -718 -59 -254 -415 288 -415 113 183 678 -1043 815 317 -844 -398 -848 -883 -282 62 17 1114 952 134 -34 130 183 -173 -216 -86 779 312 -82 621 630 437 117 -41 -132 -447 -228 233 246 -460 -453 -690 535 -185 -222 -74 -32 488 -277 -423 -791 -691 -402 -510 -224 523 -192 81 35 -625 1006 29 8 -597 331 -203 254 84 -408 -621 -980 -656 -614 -1035 738 -522 -360 -153 -384 542 474 ]
[-732 -139 -208 372 269 535 -722 -26 -238 -303 -38 263 -37 -224 -192 612 714 -402 624 296 -325 526 -1233 549 423 166 452 -539 320 184 -495 1163 197 65 184 -87 -234 -505 81 608 -960 193 -164 -275 -858 -1292 381 404 -245 -142 -66 287 328 -474 -708 -313 -198 43 726 557 582 -161 -1177 28 -1404 -713 -318 -18 -414 274 -765 687 -502 -380 256 597 217 -287 -580 -489 -3 -286 106 569 -80 106 -331 -355 -521 269 462 229 -265 782 -899 564 406 403 349 207 230 80 -712 -133 -72 268 -274 -273 12 -786 ]
[133 -57 163 -68 211 -266 -620 929 -28 501 933 -403 -15 -98 -163 753 -360 -242 566 -337 -84 811 -498 -605 107 -90 650 -76 556 -796 -40 -167 -344 324 187 185 727 -913 609 1441 -27 643 -11 -287 144 604 350 -654 85 70 -591 774 567 -5 -191 104 -16 -46 182 328 -491 286 58 113 -474 743 3 392 -718 -56 48 385 -808 -229 247 474 -82 281 -396 609 272 -356 -444 -97 621 37 248 1277 -71 -842 499 166 966 100 -637 151 67 561 13 -106 474 139 482 -766 216 248 -692 980 301 78 ]
[380 888 872 -259 170 550 683 103 -162 215 469 -377 787 350 -238 599 -163 38 -966 721 586 13 939 -18 953 -150 -698 32 700 -637 1 -402 -178 736 -280 1095 739 46 732 -1697 118 -138 -102 -464 540 144 896 -1269 618 15 1004 -216 -245 -310 -48 -181 -662 182 -208 -372 760 836 6 -416 -538 -741 -469 183 -163 -136 -482 -701 -224 950 114 587 -709 -207 -158 -720 220 -251 625 -781 -348 372 -93 396 444 177 -328 596 -256 779 405 -426 -136 83 94 282 -772 -485 -414 -561 348 88 -480 -504 639 -535 ]
[223 638 -38 -400 -205 837 655 -951 -476 -201 598 -1344 -139 -424 -274 614 430 147 16 824 895 -239 -293 -55 87 382 58 -442 -17 -187 -414 565 -317 -1561 -368 -268 443 1233 -713 -108 -517 -840 -705 -717 -168 -363 346 -59 -813 165 605 45 -887 -178 -87 -578 -20 159 439 -475 206 -463 -131 -41 -681 -1176 20 -233 308 -1260 -819 -177 -32 -224 326 -321 -564 -89 -890 -411 -618 -52 -531 401 19 766 -1054 1427 408 1204 1957 350 -710 436 -201 -935 332 342 -279 -959 -285 -200 -1365 -498 -335 572 37 -275 -560 -990 ]
[235 217 -67 -387 -61 -110 -998 834 935 -263 264 -54 -291 578 -511 -1027 166 120 -89 -442 -454 -548 -130 -163 -601 -85 268 -679 1060 181 227 198 -465 -8 -93 -783 805 622 442 888 -1251 293 -389 458 -110 -386 -323 529 33 -461 -1909 0 26 74 -83 -580 731 51 154 148 -424 -290 -703 871 977 443 86 422 -823 -111 40 77 108 -148 72 427 -640 874 256 406 -78 -325 -415 244 393 1112 -278 197 -512 -129 -509 35 -187 -4 -193 -235 -450 -306 282 -53 -565 251 573 122 -1705 161 -835 -212 -593 -372 ]
[908 -152 97 248 -827 -279 513 -724 -302 -996 368 -291 256 825 114 -36 874 -277 -118 224 852 -1368 1103 658 67 -181 -193 997 -681 752 601 513 947 125 48 -807 -119 -64 -237 38 192 -49 -109 380 154 -635 407 833 225 -82 -361 -433 -675 -1109 264 -648 -587 220 1086 770 537 -509 306 179 160 -421 -221 205 -355 -309 117 107 796 -762 -921 -265 -142 -201 457 267 -605 -258 -512 114 -687 350 -466 -769 -226 762 449 -391 -735 92 -175 -64 536 -748 617 525 -213 -206 -567 -389 -156 -90 26 824 -1149 -543 ]
[646 810 -92 -154 -526 909 -862 -733 -502 -88 664 264 -438 414 491 175 -260 688 -583 999 281 -362 -87 -250 357 421 778 291 1621 -303 -93 547 404 -200 86 338 316 189 -398 -334 639 34 651 -528 -97 -91 286 348 557 875 360 896 -78 -239 -441 428 -386 -151 -662 139 52 524 -495 511 -99 514 256 478 80 -489 -183 205 55 304 -418 -410 369 -390 -898 -580 704 378 640 386 -1309 -1114 -197 -1641 -1187 -272 -205 378 -599 309 -66 -402 -202 -271 -932 130 -768 187 94 -345 122 -1191 -585 -806 268 -218 ]
[366 15 -547 260 -402 200 -714 -504 366 -265 -94 13 -353 -329 -100 292 846 -282 315 240 -416 -74 -665 -72 288 92 -320 656 -535 424 -324 -105 46 380 501 -563 -101 157 -731 439 -766 -1522 330 534 -285 -315 148 293 441 88 119 -389 232 316 36 -515 -776 -697 -470 2 333 -218 -172 465 223 251 -334 -65 686 38 794 -81 7 -878 -79 -477 -925 396 -1080 587 331 216 -165 -175 -431 -697 155 495 -207 926 612 455 -416 -868 -664 724 -51 -340 457 6 78 -49 -696 -96 -607 -136 199 -418 -370 -618 ]
[-435 112 -267 -354 52 358 333 513 -222 -211 35 20 59 544 -122 69 -196 -189 1103 102 397 -586 -124 -682 452 -428 243 173 94 18 -967 535 -299 281 861 -166 58 143 -404 507 583 426 27 207 -329 84 -5 473 171 38 100 -122 -885 -200 13 789 -271 -676 393 -463 -1102 -1335 -137 338 -377 -214 -456 687 79 -514 -225 -320 -111 181 582 -881 -586 564 -105 -496 -255 -665 -678 -348 -934 630 -606 290 -531 -37 -30 240 648 -874 212 97 477 70 6 647 -235 -149 -508 -519 -411 -595 741 -598 -351 -328 ]
[889 153 389 -625 403 -542 -209 -94 271 187 -103 -146 106 -579 -90 302 695 -845 -755 -242 14 -235 191 -504 327 -104 395 -433 646 766 454 -174 -63 1152 -416 -265 757 -697 -79 -1190 504 107 539 198 576 518 482 -582 858 -638 530 499 -35 43 606 -274 42 282 -165 383 920 589 808 108 1035 75 1 -674 -341 234 368 140 483 1082 62 -162 -698 14 246 595 363 683 28 -543 204 168 606 590 299 -323 -32 -27 115 292 -452 -473 -192 -207 -11 817 157 14 -86 -748 232 474 222 -190 289 -111 ]
[-181 -502 330 850 884 -16 369 -805 421 133 797 562 -683 214 -537 -442 -608 -465 344 -538 354 -602 -234 189 -382 1449 -582 517 941 555 -806 -810 30 -977 -647 -442 7 -141 -67 -112 713 -402 -222 90 247 134 -1609 751 -425 1018 289 -502 280 941 -463 507 -39 -1306 -531 -96 -407 -331 -120 7 -669 435 569 247 437 -341 255 425 -465 374 609 -9 -365 100 -164 49 -59 -63 352 -200 -715 -875 689 -534 -1800 -1235 -209 -465 -612 -437 1181 856 200 475 -276 -134 -440 839 302 443 341 -111 81 -421 -394 412 ]
[218 -519 -304 630 -604 492 -507 306 -524 147 235 261 -1002 290 -722 -378 10 -385 -237 -648 361 6 -96 173 -23 82 292 -182 632 -549 -156 -142 295 -246 -608 -87 -652 -573 -70 1106 -314 126 -664 -720 -304 920 -555 284 587 -210 -372 727 -260 -463 148 244 -392 -351 -658 151 -1080 -230 88 725 -232 1035 212 -89 1233 277 800 -18 88 42 -345 -326 943 -723 -441 430 -299 114 -581 -22 -761 -427 -789 602 424 335 -623 -65 -606 -856 -561 -246 -185 178 159 956 86 591 -179 638 572 -171 704 1122 183 -1390 ]
[154 -2 628 -744 -810 -451 247 -45 -72 -524 127 -220 -23 468 427 337 413 -178 519 161 622 -425 630 301 302 -489 -695 926 34 90 -295 1067 797 213 -84 556 -760 -60 37 1198 783 627 -693 776 -303 -702 466 -245 -105 -335 -578 -698 -942 -472 36 -13 -958 712 -185 -742 -206 -323 1051 -446 348 167 -303 323 -4 169 -1093 403 -438 697 457 468 1 329 56 202 1278 -159 218 214 461 -466 713 933 762 414 -56 -1077 -116 305 -1033 -129 696 -632 -284 -390 -623 -539 -541 -264 180 284 657 27 -157 344 ]
[920 -126 115 -659 -398 -551 444 510 -797 854 560 -531 840 -52 22 -458 -380 529 -1235 -398 444 -426 -12 -634 1048 244 440 -417 181 -387 422 659 -283 414 230 -51 1000 -829 787 683 78 -74 -629 78 308 735 179 429 353 328 -1106 1050 -151 764 97 -72 692 919 -109 443 -102 385 -418 1008 749 385 -369 463 -314 135 938 -56 197 -42 -580 -362 117 83 1031 468 51 -36 373 175 -138 159 -693 -151 551 -593 -205 -66 -97 -126 23 -371 -382 -1139 -413 1457 351 -505 761 335 -60 -168 -844 505 -273 -956 ]
[-1738 336 -101 -326 351 345 -633 964 -126 161 170 440 75 -817 -173 -147 544 488 -399 -1429 -902 823 248 927 245 185 -203 -280 -386 -566 644 -431 -552 -674 356 96 150 753 -342 -55 -144 -423 53 -233 560 308 631 -18 210 241 1155 273 1142 165 -583 256 641 493 -179 369 554 353 -587 -339 -270 -996 158 313 -57 49 481 -574 947 -120 -427 -447 145 -144 470 -1087 -428 403 135 484 -190 -214 70 -5 178 180 137 -695 87 668 -376 93 -608 452 -72 -291 554 -146 594 796 -192 117 114 -923 -89 -271 ]
[259 365 -276 -262 -129 -757 339 -393 137 117 151 296 286 1052 494 98 -1176 -858 -52 -287 -313 -520 594 168 -550 773 -713 121 166 663 -513 368 206 -77 290 149 761 -554 334 481 526 569 -130 -33 -181 7 -708 -14 -820 -85 -480 -838 -47 -198 471 -525 158 -486 420 -188 -616 123 -511 416 238 906 -518 380 69 51 417 135 49 -403 739 -34 -850 -586 -222 -132 -398 -1065 19 -6 527 664 959 -594 -151 -399 713 37 34 -128 251 4 -103 -603 -763 -425 384 -234 71 171 111 651 -803 212 685 520 ]
[566 157 -292 172 563 390 -816 -559 1290 35 417 567 -29 -434 -134 250 -1066 369 -603 1123 353 -485 -372 -1136 589 -630 9 -756 85 369 231 629 456 585 -548 -559 686 -1175 24 -725 -559 -824 1507 -429 -322 367 629 -228 85 83 -268 -656 651 290 -88 474 730 -725 -863 -104 1153 -202 729 189 593 180 -302 -1083 -482 -466 -72 -461 -942 -221 -444 -154 -605 -243 -834 219 -35 310 -293 -252 -284 -267 422 -48 179 316 164 821 -144 77 986 -5 733 -115 -524 -584 734 -231 -249 -544 -390 -767 -96 -1830 -198 110 ]
[-60 153 141 -681 234 -940 20 -811 439 424 690 -670 563 -173 -138 338 -398 -143 57 21 -428 623 -261 -888 49 604 -69 -8 -118 896 -749 234 -651 304 -98 -215 1598 -442 700 304 76 97 -898 -153 -148 -289 -208 -63 -344 -178 805 -177 -466 -66 467 722 1277 -446 -350 685 106 -56 -419 245 -46 225 -646 -372 -973 -559 107 -37 -456 137 1209 461 -441 3 -524 222 -786 -731 17 299 731 244 933 -73 -326 -162 808 -296 -680 819 -473 -74 -11 -205 396 -124 208 85 781 -629 -838 436 -967 499 -884 743 ]
[-753 -1337 -414 -272 -193 -145 72 245 -488 318 257 -494 -107 -258 223 41 137 229 375 12 688 -189 -527 -295 -137 81 787 -21 187 940 -747 249 287 566 176 -353 -1137 33 -310 1161 -181 -110 -866 479 270 -115 11 881 -7 515 -1263 187 -438 383 537 -29 -96 81 44 411 -638 -499 -737 -186 -896 -363 1 356 789 -114 -153 -779 -1037 30 -120 -314 210 787 -611 288 676 -233 -787 -745 -265 -135 -769 1034 -210 391 -478 -126 -127 -931 -1635 221 -256 -527 -336 99 320 -193 -150 262 -329 -691 965 459 402 -1564 ]
[-63 308 -188 727 580 -253 -472 -6 718 -3 212 -380 395 -95 -819 -853 -389 903 -528 144 266 -778 423 -75 -301 -92 -447 -567 340 619 -177 499 431 981 -259 155 420 -990 1568 -455 -371 -109 350 -42 -18 1127 -733 -1002 -198 175 -378 -1324 1124 -153 -19 480 317 142 -129 168 -48 976 -449 -188 -156 -548 -795 -381 356 173 317 32 457 -94 42 -204 -168 -654 301 74 -531 94 170 -409 -14 635 440 -487 127 -627 -834 -20 -483 269 924 446 178 -145 -321 -461 -140 366 674 843 -778 -145 -469 -726 -1145 357 ]
[522 -569 -84 617 17 -245 89 97 224 833 437 -279 -746 -217 8 -268 -411 165 -758 306 399 -254 -650 -843 -334 414 -55 -434 -31 469 -488 -126 -270 404 -1028 -566 -1156 449 -1030 245 -182 -2040 -171 749 -62 -589 -248 727 -178 -220 166 -261 -42 1083 675 267 1012 -612 196 -179 461 -135 341 209 413 400 -35 -1497 283 -1205 467 -21 140 -315 -114 -1262 -134 -619 -719 689 10 -180 -63 -336 291 -257 -389 158 -684 -167 182 450 -331 -208 -101 -5 -182 213 68 126 -367 -253 360 111 -651 -829 482 497 -303 719 ]
[638 -894 286 -1137 -147 399 -208 375 -208 169 224 149 -90 -114 554 -57 -814 1029 -710 618 -86 9 -852 -162 -429 -261 53 -169 152 348 -200 167 276 237 6 256 -176 -181 -72 -197 294 485 189 95 -419 -21 -313 -809 209 -180 -433 -550 450 -628 191 551 110 -149 -500 -237 372 -421 71 -420 469 96 675 119 -257 -352 -689 19 -725 141 -793 -753 47 402 255 -174 591 793 -79 -507 -1130 -507 -434 -58 237 -330 -745 243 776 -155 131 -362 416 425 -682 256 81 -294 110 -448 323 -226 551 -645 36 868 ]
[463 -126 688 -221 91 -200 -170 -31 -324 -79 -397 412 -322 23 -630 789 57 -1445 1557 -14 -474 603 -327 -65 692 -347 -120 -3 -878 -179 406 -87 -614 -52 -141 -375 156 45 79 1038 -424 -615 -608 -154 371 -257 22 -51 1009 -637 121 156 -703 -581 -288 -152 -788 -110 578 488 -384 33 515 385 490 340 -887 -314 -480 548 745 590 851 545 702 703 295 148 -99 236 2 -53 -710 57 563 488 423 957 528 1254 -361 -1165 467 -273 -766 222 -9 -501 1297 11 -92 -237 -805 105 328 -81 482 403 -495 -12 ]
[184 322 -219 286 -460 -235 -31 -467 428 661 230 -35 -687 122 -521 -557 -1340 307 -238 965 247 -474 -1040 -635 -197 384 -112 -495 320 275 -407 -300 258 21 -434 405 328 -612 331 278 -547 -621 177 -6 -572 803 -1030 -364 -353 554 -726 -287 571 1466 591 200 324 -208 -926 -990 -343 66 -762 -144 -54 764 -308 -1427 440 -249 -332 -297 -447 -105 45 -331 -32 370 -304 177 -70 180 -14 367 -193 -39 352 -115 -846 -295 310 554 17 26 878 591 290 146 -907 -232 567 622 683 -185 -664 -123 -438 -727 -652 161 ]
[-288 60 -377 -697 -94 -770 53 -651 -305 -307 -525 -1285 -493 -212 842 -394 -97 -238 -79 -228 269 388 -565 -343 -65 -253 -349 -264 297 756 -804 347 456 -447 474 -74 -647 912 -747 518 -680 -800 -700 -391 -1203 -1621 262 307 -24 568 356 106 -407 -219 538 55 -982 1310 -663 620 189 317 -347 -585 -215 -78 -335 -337 302 -173 -478 -552 -856 -166 179 -205 803 -286 -187 -183 498 -427 -71 123 65 -180 454 794 -813 273 1018 -1073 -1174 -867 -1301 -585 -91 -752 -748 297 -374 -674 -170 31 -104 -597 -23 378 350 -225 ]
[410 -77 -525 -415 79 -771 -1098 -529 -324 -554 -1678 618 -345 -597 583 273 382 -419 -358 816 -504 -284 -235 -323 209 -472 478 181 310 -253 513 -159 -427 -123 -164 99 180 -198 272 -546 73 -482 157 -469 -179 -751 -689 -711 337 -185 -784 102 833 129 -324 -61 -491 605 -217 -707 574 631 38 241 348 376 -70 -101 -68 299 246 451 -1014 181 -50 888 9 276 537 -364 1012 710 183 743 189 -545 982 -163 75 -655 110 -1408 -256 -178 -573 701 644 -938 -106 54 748 93 -370 481 -152 475 -769 -566 742 1243 ]
[-370 -511 -704 -1097 -495 158 -398 -51 76 165 -136 284 -432 -380 -615 -149 -288 -372 -365 -19 -53 165 398 -179 408 70 -395 522 212 339 -51 357 703 925 -546 323 138 4 -564 600 560 -135 -760 -574 81 677 -456 654 818 -556 549 -203 -172 215 -941 10 328 -457 -600 -212 519 -161 -510 -412 -364 -461 -283 56 0 -391 393 -703 -1147 -324 -27 -1198 432 -144 -632 295 581 -1122 180 174 -332 -409 443 158 282 1111 -220 -887 -781 4 83 -117 141 83 -165 328 881 -770 36 -468 -489 -234 1321 -871 78 -470 ]
[-127 602 -471 -510 -758 -10 774 -334 -1122 25 -395 -676 127 -234 -194 -37 6 -68 -402 533 404 285 114 150 145 -458 -159 -735 -117 -635 151 -390 -465 -592 681 475 808 388 463 -300 232 -109 -517 356 -246 -514 96 88 109 799 728 547 295 -304 254 -1350 -727 448 175 65 -17 109 -82 480 -628 -597 -1147 859 -736 514 -271 -689 -61 -28 463 179 61 1754 597 -1297 -21 -601 539 390 56 456 56 -161 725 217 643 522 176 -496 337 -749 -666 287 98 328 -11 -35 -725 -780 -542 424 -364 -225 247 -542 ]
[337 -18 -485 772 -645 295 647 310 -522 289 -231 -691 161 -534 -101 35 641 -55 -423 211 940 -135 -180 672 90 95 -42 101 312 363 222 -91 -221 787 286 -44 -31 170 -75 -313 351 130 694 491 -625 -589 185 322 -155 -353 520 374 762 -539 -156 -845 45 990 1118 587 153 359 -161 -35 -52 439 381 271 -408 259 -119 338 314 -176 36 215 -125 414 215 267 -320 760 599 429 -222 530 -369 -1343 -277 -1116 536 1171 605 62 -698 277 38 985 176 -130 -505 -103 -105 -117 317 520 309 1002 424 291 ]
[298 -78 -50 -485 646 631 420 223 -499 759 269 128 198 -278 -372 75 47 74 -430 -84 -763 334 377 -211 -243 -165 -298 34 532 800 -343 80 412 839 265 514 -84 84 -354 -907 301 -996 -374 -200 13 1220 -119 848 459 -1245 858 -342 -43 -504 231 35 87 -847 30 546 1291 -151 -547 -1064 468 -24 -196 -129 257 -13 390 -587 356 120 495 -291 846 -334 146 -789 -155 652 -33 -1219 279 -371 -30 -153 -129 876 -469 286 -320 707 650 -346 -580 279 762 -540 -727 146 -698 66 -35 22 878 -687 734 209 ]
[401 433 6 702 325 -85 187 135 57 153 -820 -543 -761 -262 69 -313 210 411 -15 -63 -782 244 739 -183 -460 -485 162 94 745 -489 578 -528 -714 92 -745 -43 -121 468 -534 -1214 478 210 118 -366 -323 214 -300 -911 -420 -683 1059 440 446 45 85 13 402 260 -234 -729 38 467 420 -74 -54 -64 318 48 665 -473 -341 -544 586 712 3 529 359 -50 243 -749 -125 714 913 101 395 -482 -123 -201 48 -601 -7 -51 -158 51 1127 -651 175 157 161 164 -38 726 219 590 614 711 -495 -233 429 648 ]
[53 339 -165 672 -246 129 -289 1063 636 19 1 444 -169 -244 -11 -711 138 -9 123 -534 393 372 597 -367 199 -436 182 -86 -340 -163 724 -347 -225 788 -250 307 -294 -876 48 45 407 244 964 624 -185 153 174 -546 403 137 117 471 1012 -581 503 217 -597 -702 369 499 9 624 516 -84 422 97 538 596 -1183 -380 -24 -47 602 -534 -780 335 437 121 863 720 -446 667 -310 -403 -223 -208 -55 305 -404 -254 -655 -478 268 371 759 653 -232 336 403 450 284 272 528 645 231 -791 162 684 -242 769 ]
[788 21 -636 -579 497 42 -465 -833 392 -746 552 794 -274 460 425 -755 -279 923 192 -330 -527 1456 -1056 345 -73 36 55 123 209 53 -892 320 -256 -1244 394 647 -32 332 -952 -319 1132 -583 -774 -728 -780 -803 -325 -562 -584 372 143 -59 707 -223 264 -14 -581 229 332 695 -514 819 -131 -674 -313 234 740 10 -726 -128 -469 679 -92 -457 -207 -384 -306 1333 -257 -34 398 1034 12 32 -850 -234 -615 -274 -357 170 305 -482 453 -817 124 450 320 598 -363 -638 -520 -19 585 184 970 497 1073 138 -306 1339 ]
[114 -214 607 -265 538 -87 132 -444 -664 -291 -10 468 -185 -255 -45 -184 185 192 -472 643 -494 -1284 1249 199 -66 -557 556 108 528 -683 731 -966 331 -619 -217 163 -825 613 6 -502 765 312 -208 420 882 -108 17 487 715 226 -614 149 193 1052 -1081 -584 -245 -260 -427 -234 532 -469 868 291 190 -1034 430 232 70 34 98 -819 -252 20 -17 -76 79 316 433 -875 93 -359 833 -359 -238 -384 -473 309 202 710 -409 -98 99 20 1075 -196 110 -512 200 -278 -505 307 450 -154 -496 159 -31 -516 388 394 ]
[429 -1 576 -660 515 -794 -20 -743 -680 -476 111 759 350 449 908 537 -130 -718 196 192 88 -325 465 -151 -413 -760 -555 447 -769 282 758 -148 -361 -290 350 -433 -766 773 -501 -437 768 1289 -122 -392 -101 -826 480 374 -7 563 -213 -354 -267 198 -493 -145 -720 -52 -133 402 -109 141 653 -406 -173 -506 293 -22 177 455 -469 -22 -347 -230 166 627 -282 937 149 -125 213 -146 341 412 1224 35 867 1494 -34 990 160 -778 -420 -57 -42 269 691 -826 -198 -528 -121 -83 -1041 -828 658 103 393 200 564 183 ]
[-789 -464 -195 -262 82 480 -347 -81 68 -335 -416 898 202 731 -536 646 -997 -418 -276 -231 -571 221 -1013 30 -445 -388 -573 -165 -284 -209 -639 -482 -766 -683 -521 992 -134 -337 689 -154 -26 273 57 -67 170 536 478 113 -182 -1068 -277 -688 -151 -34 185 178 11 -479 350 -377 -69 -284 479 705 -612 406 -371 -814 -602 191 -265 187 -513 -151 -481 332 508 254 67 422 -961 207 -381 495 182 620 -85 397 494 428 -157 -351 -23 2 669 804 444 -314 579 -148 1488 -306 -39 -440 62 929 -253 -146 -666 399 ]
[26 41 -151 -969 -514 -740 917 719 -252 37 231 -444 154 44 -419 883 146 -1314 -625 -187 -251 -1089 806 -750 424 336 380 559 -628 1202 15 153 -364 1055 360 -811 23 357 -544 326 -903 678 30 662 113 -150 -48 137 -293 -393 -802 -631 -602 371 607 -19 666 -458 -464 -365 153 -479 -376 993 355 -427 -81 -633 -792 -894 281 -58 -189 -201 33 -278 -1213 364 -476 -17 -621 -673 -951 -346 384 523 257 551 -98 655 700 464 247 73 -653 346 -432 5 -131 -16 181 23 -1011 453 -516 458 751 646 198 -860 ]
[365 538 803 -467 -210 223 511 182 280 459 561 1035 572 -508 -18 -492 -656 -139 -1062 -155 776 -115 932 -131 189 -416 650 211 -272 237 211 364 983 -485 -464 502 1035 -1523 -49 957 654 309 -213 -507 -997 79 -475 -509 129 -29 220 -610 -498 398 -426 24 -146 288 -90 301 172 -502 675 -65 975 -51 57 -103 -1061 -503 16 -281 460 593 15 -476 -325 -27 828 727 38 350 275 -323 -40 365 616 310 208 962 -76 144 615 2 270 -943 179 -189 -19 -14 -367 -659 -198 410 13 -201 736 -817 -413 1044 ]
[172 -486 31 -229 122 -103 -1395 -155 -62 124 -696 256 -123 -100 -43 -185 -252 201 111 389 -12 -149 33 -495 -392 125 221 875 609 68 -661 460 -770 -363 66 -505 157 -84 476 -305 -97 163 -275 -666 131 472 -852 -1435 -90 103 -234 230 -557 -49 223 944 54 -1524 -424 -248 -725 751 -499 287 -573 464 -74 459 1434 -388 -787 527 -798 329 -293 245 -179 -501 -81 -525 520 -291 -20 -437 -7 -331 326 690 -378 -219 -877 -840 -504 87 151 270 -235 -618 33 167 186 434 -467 541 -407 -637 -500 -261 196 514 ]
[964 789 -516 283 243 -1492 -294 -1019 499 -147 516 71 622 205 -223 -592 -694 -486 -920 -269 -83 107 -903 -939 -756 480 -1010 -177 -668 999 -618 111 297 478 144 540 43 76 606 -256 -628 103 -827 192 262 393 -812 -768 168 -962 79 -630 290 894 378 150 768 680 -439 143 283 1603 -753 -115 -100 -40 416 -1136 407 316 6 370 -861 -344 -114 435 -485 -1155 -119 524 287 -238 140 495 322 -131 620 -228 26 101 246 251 -551 271 37 780 174 -408 -586 -540 739 -711 741 12 468 277 -238 -100 189 419 ]
[101 -486 -189 572 83 -335 -272 114 225 437 -280 811 329 659 -189 162 -403 -785 552 430 -605 615 -977 64 -490 -161 -673 142 -382 -799 -450 -554 -533 -114 553 1328 -211 457 181 -44 1241 312 266 610 43 230 456 866 850 449 393 157 318 541 -102 93 -242 88 294 -175 -658 226 128 -83 -425 436 -379 403 -272 621 171 -214 401 -920 26 364 347 548 230 314 -33 -147 335 130 -37 -67 221 -196 207 251 -148 55 516 -1077 137 471 -196 311 502 720 338 -110 594 -360 242 -245 -352 -159 69 13 ]
[-138 -347 222 828 -650 644 904 154 -591 360 -41 610 96 -8 466 -72 60 -245 -393 -1 -166 34 -156 686 512 -411 589 -888 118 -983 1372 -1147 -339 -465 -58 -60 -471 -260 473 -582 -30 -58 487 587 286 253 365 414 -278 1435 9 544 344 -432 -801 216 -160 112 870 1153 149 87 -111 110 734 230 -157 437 -1164 331 -269 -435 374 -318 -379 -299 343 541 112 -390 -710 578 237 62 474 114 -169 -232 120 -138 71 -216 253 88 503 164 -383 85 -283 -590 -63 208 -168 155 -96 -68 -530 76 419 -610 ]
[414 -187 219 1097 338 -691 330 -613 -61 -864 -125 -682 -685 351 451 447 1713 -360 1036 282 15 -466 -97 303 -473 661 100 20 -895 -35 508 155 564 -838 -432 -1134 288 209 -564 381 -278 359 -66 758 159 -1362 1315 -40 -740 613 527 363 -402 -972 599 818 -121 245 581 33 413 -690 349 62 -117 -304 189 -59 -786 -631 -109 650 1956 715 -42 50 -514 -680 -118 75 -439 -193 -468 -239 295 504 -1342 -300 463 -177 561 -344 -751 249 -1057 158 -45 118 -13 -531 -316 903 87 112 137 -574 168 1154 -899 -962 ]
[-171 207 12 -285 -473 1705 150 1509 -326 366 1051 -219 702 669 518 -558 -428 348 -506 52 -371 961 69 322 -365 416 744 -167 453 -524 426 -105 687 492 577 76 34 -180 908 -66 -1308 476 146 115 903 1554 -199 -328 -260 302 -247 -168 -290 -251 97 -592 19 501 81 586 125 726 -891 -527 -82 70 236 505 880 412 188 331 290 88 -690 -196 -267 -225 -866 123 215 518 -759 -821 208 -261 47 -701 -20 -76 -890 -209 241 341 109 -981 -760 41 -722 -140 219 -250 -127 449 704 -3 -547 0 740 -519 ]
[333 -124 -258 163 -601 -334 294 -428 -583 -208 642 -28 326 4 -646 552 135 390 -517 -300 -156 -118 -150 318 -622 -343 1004 -274 -369 -348 -167 233 -719 -1285 65 211 382 413 -527 455 270 513 -1288 -451 -145 -284 923 879 -230 -691 -677 289 120 -753 -99 -246 264 274 1571 517 -116 -802 85 93 -499 138 13 585 -949 -641 -552 -218 -65 -898 85 -195 149 497 141 -520 -815 -163 165 549 -124 479 -1323 497 902 -408 1447 752 383 -100 41 -375 635 457 756 -465 795 -143 -5 220 110 609 421 1442 -368 1113 ]
[-311 -36 728 -412 -85 -116 68 1321 164 189 -49 545 -665 558 29 -206 54 -698 685 -950 -77 692 360 431 512 -517 -715 832 -400 -584 1334 -821 -39 730 -705 -11 -157 -340 -313 502 -83 672 -106 1171 667 326 143 489 328 -888 -420 -96 -286 -63 -870 -454 -722 159 427 -502 1003 -439 742 -22 -143 10 58 298 -306 -231 807 828 698 698 -44 268 618 225 105 573 559 -169 279 250 383 0 148 -630 50 -928 -904 -860 766 151 319 470 255 129 834 475 -55 -334 386 -129 627 -70 39 106 343 205 ]
[-200 245 31 -28 153 579 774 -423 -146 52 -356 558 85 -541 868 141 108 -120 -269 -236 1265 -406 671 237 507 -842 -22 93 411 316 39 -461 610 1078 -27 116 -1084 -276 -222 -1351 602 -340 531 481 -102 874 125 -289 156 925 231 -739 -218 118 -936 66 -897 645 -586 -331 85 -325 529 -658 -327 -406 654 679 757 -274 103 -1130 -325 571 129 -632 -418 400 328 -667 92 -12 378 -303 -422 55 515 -64 392 -19 -819 264 83 -363 -225 303 587 -190 5 330 -626 -19 -727 130 -279 -485 821 -1056 385 -623 ]
[53 -272 -111 170 278 603 -74 1222 -134 207 -756 995 407 205 -364 461 531 1051 -192 506 -170 147 -299 572 664 -867 162 -276 415 -765 422 -190 -817 899 813 319 101 -186 1362 -1141 589 -504 677 -302 303 863 -47 -1158 139 89 -302 55 704 60 -464 741 -38 137 -292 -174 18 154 104 191 168 -125 -273 58 -410 418 16 52 120 325 246 851 261 357 788 -673 -425 561 564 260 144 224 -182 -484 196 -568 -1325 451 415 455 729 422 87 292 557 441 -690 772 -216 -317 -20 201 -1262 -541 165 -230 ]
[411 89 372 -202 394 116 37 665 -558 -145 -422 -385 -290 -155 402 -311 149 417 180 219 18 -444 -573 -53 -228 -564 -243 -150 212 -406 441 51 -411 -907 -88 -439 -338 267 329 -62 533 561 -802 -332 -318 -43 843 -834 152 -320 -222 -450 155 -575 -510 -100 -311 298 734 -77 44 -57 407 328 -485 -405 -144 143 311 -196 -626 475 1067 697 134 30 210 -257 701 -229 304 683 32 -353 -2 772 -429 -1 298 -369 -124 -1154 147 229 475 36 -123 410 82 -1027 -208 133 -583 185 167 -225 587 -899 121 95 ]
[-327 -430 159 328 139 434 -4 -233 -35 -411 -693 1086 -1081 -312 -3 -295 480 -382 547 -477 -29 -491 728 -144 593 -125 -152 -436 -33 -328 622 -914 18 -595 -834 -207 -1715 -123 -866 -202 327 -95 212 -181 -86 230 -92 28 -48 -342 -49 97 -204 718 -350 549 -305 477 -455 -620 -257 -805 733 -679 266 -424 1395 -976 389 526 -344 148 -923 592 -23 109 -23 -345 -35 385 532 227 -97 306 215 -769 297 644 52 969 -384 -319 30 87 338 489 1307 -185 -54 -333 -52 31 30 110 860 728 1457 195 485 668 ]
[-416 456 -955 -7 553 -119 -593 -174 -4 -187 644 1061 -188 -327 47 -174 763 -414 -1179 347 178 -101 -824 492 -1108 542 -155 -321 -197 178 14 804 75 225 -181 -22 -410 375 -1158 -796 -272 -110 -74 -266 133 518 192 481 -1028 -309 20 -608 696 -406 -398 470 343 526 537 -99 982 166 -955 -76 -831 -894 599 -427 -91 -281 127 -361 69 -156 207 -1053 -894 -221 169 -992 -789 -126 40 -92 -332 1322 -409 -204 123 -429 528 197 -689 -208 381 356 653 248 -1305 -603 764 358 -97 -249 411 180 607 -273 -22 -201 ]
]
