[[-324 -177 221 -456 -396 -57 111 -152 -199 276 135 -250 136 -90 348 -218 -43 231 -58 -34 -88 143 108 -329 457 -222 -542 265 -171 173 63 -64 -5 310 420 -14 -24 411 -88 -97 -163 -342 -585 -535 64 157 1190 284 382 140 369 251 335 540 247 -623 205 -90 487 -11 244 -1160 105 330 -655 -62 -490 -598 -364 526 228 159 689 223 -288 -249 -709 -13 -772 974 -382 -457 -40 -231 -601 16 7 -499 230 682 -240 472 -298 57 344 604 -160 -197 -916 -14 -90 -68 468 -20 172 145 -91 -166 134 -75 ]
[-676 344 424 -624 -592 -698 -1048 -393 254 -184 452 272 -44 68 -136 158 348 401 759 22 180 -75 883 256 -388 -494 -346 299 33 138 351 322 454 249 7 -741 -110 521 85 54 -790 117 -501 273 153 369 414 -293 361 -157 131 732 -115 735 476 215 133 -464 230 -196 177 -861 103 -501 356 359 -690 -131 220 -402 338 411 395 861 -102 -133 -825 174 -929 -59 -15 -533 -648 1188 -485 -347 646 -278 132 320 398 -42 189 487 328 105 38 -58 -155 -343 -98 -227 199 -111 0 165 -217 245 -92 446 ]
[113 -582 112 -453 418 974 -234 -509 302 109 -182 -102 157 788 -122 833 -137 530 78 -186 585 -227 -835 -157 271 444 -84 -344 6 116 -23 372 -69 -611 241 612 302 118 122 -291 -106 489 -284 249 91 -288 20 759 -13 -180 -562 -358 549 160 227 -295 -277 114 863 316 -361 -32 548 113 -350 -528 331 -710 -431 122 -198 -146 377 -52 72 536 -684 520 680 680 -136 -26 47 -699 440 50 -224 14 391 332 -522 -463 -526 -170 -138 -909 -529 336 -634 444 -110 -205 -192 -333 232 201 -664 295 485 121 ]
[-15 310 -258 421 -302 4 940 556 -221 -510 -631 -365 -625 -978 38 -889 87 -173 -566 290 -733 -286 -397 257 -804 274 349 -678 -304 232 615 -248 224 263 -537 -408 -690 -955 -788 -190 925 -629 465 441 -427 123 -718 -418 -202 54 427 -994 475 -696 -393 -173 204 156 -1176 40 -209 669 -45 329 812 -142 -92 281 -17 366 -529 -300 -538 -8 392 490 305 -964 -432 -535 91 61 -111 -708 -76 -447 -259 -355 471 -422 34 9 44 -259 -307 -47 517 521 282 -549 136 51 -555 745 -257 -517 333 -61 221 -477 ]
[-141 -825 -450 328 -258 596 23 -173 335 937 -167 744 -224 -195 -499 307 -585 -100 326 -129 -341 145 120 -141 183 -211 388 -167 -38 299 396 671 120 251 -665 -50 146 253 -122 318 309 -346 460 -293 193 21 -20 685 -140 -991 -370 21 730 -81 18 -137 -233 78 -341 528 -246 163 294 271 389 -98 352 -446 -683 474 -412 1000 166 503 64 -134 -587 -332 411 -84 312 -580 -348 118 152 -133 -127 -310 597 427 -538 170 -481 -285 -116 -1084 -197 730 -472 -464 -704 203 -369 357 101 -629 397 114 585 -78 ]
[-66 269 294 -458 310 354 -286 -314 -180 -443 -28 -448 643 160 21 195 390 240 -172 -470 375 -429 612 -295 -82 84 -100 81 320 -597 -287 -125 -267 -557 175 191 -513 1068 193 -65 42 178 -77 -358 260 -643 87 16 493 547 524 240 -408 -43 -63 482 -289 -186 485 29 -484 -200 -522 -357 -353 41 586 59 158 -467 -328 -695 -713 -94 -460 -402 210 848 262 114 -270 -14 44 -75 687 263 161 256 -95 345 208 -1008 -229 -124 -71 1425 7 380 -19 233 212 -209 554 59 -652 -397 -628 -236 -584 997 ]
[47 505 -683 451 995 477 155 476 18 263 232 147 528 255 -149 -337 -437 -115 -187 285 -445 -184 591 -372 28 132 -457 338 889 -12 -353 -246 -535 -272 -1236 643 -35 527 566 550 74 -538 1103 -895 306 -253 -414 153 -511 480 506 -24 -800 -443 61 519 174 544 -392 164 -716 -131 -679 -172 -200 138 801 405 -191 559 -30 627 -298 -206 -541 -247 485 80 829 -1069 -613 98 945 604 507 850 61 663 -315 137 170 -225 -1 -240 -826 139 105 -166 16 -144 -862 521 150 118 -362 -37 -53 108 -454 -37 ]
[-282 0 -471 217 252 206 282 -331 -289 403 548 504 144 -400 17 -226 -411 -318 -451 711 -402 49 169 -281 -238 -177 -101 297 261 -209 488 -559 -583 -18 -447 -43 -13 271 -698 466 -78 -636 106 -541 -305 481 120 628 560 -233 560 31 -151 -2 -284 124 636 71 -277 307 -16 32 -487 62 -284 -145 602 731 780 798 -68 420 -431 778 -351 -1169 -270 -577 -698 -1141 306 169 255 1261 170 485 147 11 -226 286 -34 412 -259 174 -729 338 52 -411 504 -101 -302 843 391 199 -1035 -62 300 -270 -256 -465 ]
[-277 -458 493 -272 -188 -174 58 -548 -519 208 -440 -931 276 368 573 137 596 -397 587 -813 133 -488 417 32 -68 220 -180 150 -256 -207 -49 444 672 115 -124 -43 -823 617 -416 -584 -525 127 204 -892 354 -713 370 221 279 -492 9 799 324 -323 368 -564 -31 -510 521 396 -521 286 -677 574 -95 16 -320 -505 -157 -521 49 -68 -369 -87 130 53 323 392 214 1085 206 -441 -761 61 -97 -412 -311 -275 598 -99 94 165 78 -571 352 317 83 -119 -91 133 254 -414 35 -577 175 38 -17 230 -553 670 ]
[-596 -357 -442 410 107 -433 -770 171 189 75 96 599 280 -131 -570 -1008 -270 522 -43 67 28 -85 721 -29 146 -340 -182 648 1050 314 457 54 -871 298 -613 -442 407 307 316 248 -49 -419 181 592 459 72 -290 25 -124 -203 766 266 -804 157 -8 554 -734 25 -1181 -105 497 -405 300 -616 565 284 240 -32 -4 -271 662 311 498 270 -284 330 -51 -258 -135 -1096 -571 -242 52 -6 -339 9 727 -165 -28 -13 -368 383 241 -107 167 -205 -251 360 -80 -752 -367 24 -468 -61 -128 -447 -137 -265 -774 118 ]
[-178 -43 238 -393 969 -44 -183 -240 -803 -15 64 -463 512 77 725 -431 898 -522 -420 917 -322 -1267 -91 -530 -1115 597 -573 80 722 188 283 -885 -444 -50 -214 668 -305 -563 -329 -426 -532 42 442 -181 -181 -145 -604 633 175 617 -140 -669 -1006 -258 311 -276 552 326 73 59 -342 336 -366 569 165 -390 800 200 803 229 -16 -264 -528 243 773 17 189 531 91 -164 -50 473 240 874 577 621 -84 602 123 -282 -371 178 151 -680 -218 -332 203 224 153 54 -240 -267 -7 -286 -764 274 -434 62 -697 -267 ]
[649 -923 -446 220 -74 243 -123 -295 1007 116 311 368 -202 141 -363 974 -715 -464 -277 -137 409 555 -478 -302 1382 85 539 -290 -62 -803 3 111 -868 -223 813 632 999 320 245 -160 -94 729 -358 839 -221 509 -280 736 59 -715 -645 111 768 -209 -334 -127 61 -101 182 300 862 1011 529 82 -1195 169 -197 252 -160 783 396 -206 -179 -651 -645 100 -267 -484 -59 140 472 562 138 -879 744 -182 201 510 -124 1 -876 775 -675 -326 -368 -64 -830 225 12 632 919 490 147 -779 283 251 91 -628 179 -917 ]
[-235 -957 90 114 -795 106 730 304 -129 837 -18 -169 -131 -648 432 565 44 -165 -5 -663 -810 38 -316 -193 335 -388 308 -60 -307 193 147 294 829 232 385 -81 -538 141 96 -307 913 -755 362 -257 57 -492 758 324 -172 -85 206 -430 415 256 -773 346 -855 62 152 53 27 -1045 -179 354 643 294 883 -413 -600 -473 -453 341 33 -378 -311 -520 381 619 1031 888 177 -601 -411 -306 -4 360 -336 -545 598 101 -385 -511 89 -214 596 390 86 332 -385 -8 -434 -451 -32 937 710 -405 1006 -64 121 958 ]
[614 71 -19 77 364 134 -79 -308 454 -301 -210 36 -67 227 -732 -187 -55 656 -115 -446 1361 -610 -392 992 603 -14 -242 164 -266 -97 -317 -279 -716 -429 1134 102 623 929 682 75 -315 308 -1257 -6 -92 -283 314 61 594 287 280 323 338 287 73 -198 184 414 385 28 473 -118 -21 -620 -948 -541 130 -97 -23 -497 36 -554 742 530 60 -201 -341 899 9 852 -445 -161 679 -901 -402 147 -20 -242 -681 400 -272 -122 -548 221 -416 590 -695 163 -322 509 260 54 271 -846 -213 -722 -819 131 12 15 ]
[619 -542 -708 -30 -538 388 -125 192 395 699 623 149 65 -201 111 1411 -459 -529 238 -194 -684 -615 -617 9 300 -45 -4 -216 443 118 387 124 70 428 296 862 482 408 960 -270 494 -281 -80 246 -83 373 21 445 -481 -21 -483 42 970 -132 -88 424 40 891 731 579 280 -623 -19 694 -395 392 501 -233 -674 750 -238 663 -276 -391 429 -321 -714 680 911 293 338 -354 676 851 743 274 -855 413 -215 17 -565 -34 -909 -866 -321 -333 -252 734 -439 227 -332 393 287 -417 30 382 -191 477 615 -1381 ]
[-200 243 -79 -280 -193 -222 -78 112 -383 514 254 1079 -367 -259 -356 190 -274 56 -53 861 -762 231 549 132 -395 -1050 157 481 399 1334 503 -613 249 64 -187 -708 -28 -326 56 916 368 -422 276 287 -279 1465 191 78 -427 524 -16 723 -388 506 88 72 -389 182 192 -689 578 -1147 -138 -94 417 178 -222 23 440 257 -208 991 469 453 469 -719 -754 -402 257 -642 490 -288 277 1825 -568 842 135 -474 -1179 16 526 -338 -453 281 271 -425 212 45 -18 -595 -1068 424 -170 550 -316 -617 207 -88 407 -612 ]
[-335 -517 287 -466 -415 -325 252 165 301 -398 678 212 -428 260 -31 753 237 -296 179 641 -850 -60 282 103 455 217 247 -170 -22 63 89 15 -313 -78 699 -308 -284 -23 -365 -322 56 760 670 591 304 587 -298 960 -5 153 -440 111 -176 -142 415 353 420 -8 112 27 258 13 -150 100 -308 409 -577 262 563 110 419 350 -721 386 58 -429 243 290 226 -114 1371 536 -564 1116 381 200 184 616 -89 -202 310 732 342 -455 122 -585 40 -515 854 236 550 230 -141 -746 -143 64 389 -564 -488 -632 ]
[-461 -355 -457 447 946 250 -387 -703 -397 239 662 -712 1114 518 770 45 -483 -216 -253 -103 511 -882 -603 54 -185 397 -441 987 -31 -2 531 -670 -117 101 74 1418 -6 132 -182 -847 -968 -51 -113 37 14 -298 444 468 -423 51 897 -456 -13 35 -97 33 -291 25 1235 952 307 -1060 -246 321 -279 -348 741 107 457 -234 602 -87 533 -135 -353 -138 -326 102 -275 195 -527 -74 235 851 -181 361 -489 -653 -343 -643 -410 184 -397 -314 -531 -460 -589 -797 -291 507 -512 236 135 -585 -116 1165 -543 433 -826 -376 ]
[-25 -286 267 199 468 30 455 -251 -446 368 189 -582 211 34 629 -7 258 -90 -79 310 -146 949 218 -1045 101 -272 28 445 277 -805 -547 -208 -224 -269 -37 -38 -225 -104 -534 143 -456 -159 -387 -799 -240 -208 674 -176 742 -227 359 44 -80 166 -527 -259 396 -697 292 147 52 254 -548 -538 -1062 -315 178 144 797 555 -124 -399 -12 -464 -1703 -1029 -424 325 -443 218 -323 314 347 -313 456 526 -294 -283 -80 -126 148 195 257 910 13 1056 89 -213 -144 125 -112 81 414 -28 -570 1283 135 -380 -258 528 ]
[-241 119 470 12 -284 -704 -916 -303 224 110 -339 -138 331 -755 201 -265 683 -371 -20 -395 731 383 1188 -771 -327 -450 409 -339 282 -988 205 -84 12 -384 216 -80 445 -158 -526 -110 -143 -64 -471 -33 -6 -215 604 -1001 953 378 -61 -7 40 97 -168 387 676 -735 -533 34 -170 277 834 -350 500 232 115 386 813 20 140 -100 10 192 -641 -621 -875 416 -1448 268 -494 -238 -595 -587 -46 84 188 58 148 288 -317 -97 -368 664 521 1311 -313 696 -286 -170 485 -135 813 447 -342 223 104 -994 -519 777 ]
[115 343 -474 -483 -420 -248 -173 -350 173 -807 -758 -269 -780 -142 -537 105 307 -571 595 -450 681 -126 -80 851 -289 545 886 -533 -817 -368 235 33 -17 -17 1224 -478 92 -469 48 -414 747 991 -237 711 145 558 -255 -764 -318 427 -578 285 954 -819 652 390 606 95 256 390 90 43 284 -319 255 -190 -631 22 509 -367 -31 -554 -94 788 829 620 -685 328 -437 219 615 254 -386 -288 -778 -260 -655 -1148 -411 -455 432 -41 -212 -97 224 -593 -191 521 427 -143 317 243 -99 -96 -460 -418 -706 256 668 -561 ]
[128 233 218 149 -275 -331 316 719 -232 -493 -189 -660 -571 -1018 210 -72 -33 134 -167 102 -936 -630 373 175 -421 -1504 141 643 -476 299 -430 -232 -158 265 41 -236 -799 170 -40 -96 351 -316 99 44 227 1 -88 256 10 -440 608 -298 125 -403 -271 -438 -470 -576 -484 -576 543 -788 -614 -467 12 102 -915 68 -116 -278 -629 231 -716 -302 -356 -770 -447 -219 259 514 526 -677 -141 88 159 186 42 -166 -216 -176 458 257 48 -74 -60 531 369 1019 -912 -643 -126 -526 -19 262 69 -597 382 -311 -483 -256 ]
[180 67 -295 635 537 -245 598 291 -593 360 37 73 511 70 251 -262 -745 680 -544 109 -116 1039 -421 -129 56 -797 117 629 -182 229 -121 -522 -613 621 497 135 236 -1071 -562 -215 453 -801 -356 648 -179 59 369 332 -220 -345 791 -49 100 -17 -293 -190 -668 -575 155 -483 209 -501 642 52 -436 -471 -853 56 -190 94 310 -69 55 -375 -492 -331 -596 -1208 -395 8 56 -11 272 -72 -692 397 -233 -114 -1413 -639 33 446 -610 489 -326 -256 146 -284 -108 -263 713 288 -326 -345 302 352 518 -760 -157 -589 ]
[312 635 -172 154 426 70 -54 589 -798 -9 1172 -121 1022 594 630 -167 -346 471 -173 335 -591 477 -88 111 223 -146 -1207 816 96 -219 -463 -244 -480 230 -162 132 266 -283 -94 -369 -87 -194 -229 161 325 -197 1196 -155 -231 166 952 168 -112 297 474 404 536 70 835 -586 407 -1110 410 -289 -832 -73 -674 114 432 356 752 376 -270 -457 -410 -299 -325 -898 -1122 -288 54 303 349 466 256 460 -415 177 -941 572 595 1203 337 663 96 310 390 -1699 349 462 502 384 321 -805 197 1448 -232 -447 -325 -1427 ]
[65 -122 -165 159 212 272 -629 -238 67 -554 1267 139 1238 418 375 72 -125 860 -147 660 -89 230 38 -327 122 569 154 860 819 177 -36 185 -990 643 -128 668 -277 110 -4 -282 -495 481 -354 324 338 -481 -1178 -68 -126 235 505 -884 -798 -25 -475 796 -1027 -165 151 766 -44 -131 -22 -139 -306 -468 801 -389 -113 -366 240 -733 -33 310 -162 -654 -234 1167 764 -192 249 157 266 283 685 -33 -36 679 -229 26 -163 -1046 375 -536 -99 -167 462 627 92 -315 -366 -47 240 -226 -860 860 -734 486 -506 -176 ]
[864 -376 34 1676 -163 -163 191 387 40 495 330 211 420 -724 -590 -598 103 195 -68 -587 -30 86 817 695 712 -256 1191 600 34 965 -56 -65 479 174 -613 2 361 67 115 121 60 824 183 -605 68 77 -88 -1531 -583 493 524 570 169 98 -523 418 -511 90 -309 561 610 597 58 57 -52 265 581 134 321 -759 -112 440 150 -367 164 -1257 497 744 767 -367 609 -318 -117 -78 -302 222 -794 -319 -978 -573 257 -845 -505 -74 344 713 119 613 126 -425 -794 461 -94 -69 -572 -326 607 312 -403 -156 ]
[615 629 -237 142 466 -92 548 -83 1000 -850 269 -177 227 784 -111 425 -86 301 169 143 -210 -35 351 288 693 87 -4 334 66 -826 -74 -704 -298 -520 555 -19 -1061 932 428 -388 12 189 527 947 -295 -15 -973 583 -537 688 733 265 -129 -316 -245 718 126 -311 537 -237 496 -591 -588 -1026 -925 -245 -213 25 -50 91 342 -258 -302 106 -1582 224 239 58 257 269 234 456 502 78 781 1201 134 299 -925 474 -234 -635 35 277 -1126 640 -52 -438 726 557 31 -22 537 -189 183 76 -410 -717 147 -110 ]
[229 672 334 1063 195 85 825 1166 60 -436 76 91 481 313 -488 -592 -134 60 129 174 -307 -35 -58 27 -326 62 -248 38 -279 -129 -335 478 146 969 -990 528 -248 -47 549 -575 -258 318 -82 771 236 -257 -345 -770 -530 -159 106 -590 -193 -194 195 -245 151 170 -714 -70 -28 499 520 -319 -242 292 -840 -316 -1305 253 -98 -214 -620 -614 -26 1393 363 -555 -1054 -995 -123 154 113 42 683 -1023 -330 385 99 -524 489 727 -9 284 -292 -351 245 8 24 114 369 54 -441 69 184 538 -207 -39 828 -628 ]
[-82 -726 -376 13 -36 -1054 -960 -405 233 293 839 -355 -7 -231 256 183 10 87 1088 -31 -265 227 216 578 868 -364 328 837 111 786 156 247 196 316 54 -7 410 156 384 -103 -213 866 207 -414 268 968 -91 168 -708 -465 -105 1360 -153 479 678 370 -128 -399 63 225 1169 -1224 -484 27 -319 355 -539 -9 211 -604 360 793 756 -191 -186 -532 -69 340 667 457 636 -485 -294 887 -642 -49 130 -994 -139 -151 -507 153 245 -437 464 -654 -260 93 -297 119 -424 157 213 -797 555 380 254 617 -601 -474 ]
[280 -1414 -641 732 856 256 510 516 888 260 -486 1020 -137 477 -1327 548 -528 85 -35 269 118 499 -98 -650 754 -246 675 -150 893 -155 -1014 716 -1480 -100 349 42 1061 74 795 343 829 -77 95 462 162 206 -571 230 463 -586 -172 735 -254 -309 174 -11 -66 367 -889 -102 -10 1263 7 -356 -1017 48 -270 187 -404 671 -442 -229 77 -132 -666 -283 -228 217 777 -76 419 413 905 -629 179 44 433 206 -357 -804 71 823 -512 -309 -247 -755 -904 610 -18 -152 926 846 -656 -990 13 -855 70 -798 -38 -244 ]
[303 -206 34 642 -25 -695 577 -170 122 340 -702 -218 -94 243 -293 -825 307 437 491 -593 -16 1152 86 -38 416 -520 313 396 345 385 123 445 -316 150 -841 -1263 197 -738 -662 -162 414 -112 -51 292 -237 282 -1063 -867 -356 -566 224 1135 -219 -805 179 534 103 -191 -1536 -217 107 1297 423 -370 424 115 -584 1 7 93 284 183 -42 -320 127 549 5 -633 -100 -587 372 0 -772 -551 -752 -604 223 -886 140 -372 51 102 388 189 253 -10 666 640 1073 -463 199 318 -600 -174 298 -18 414 232 -78 -579 ]
[150 873 414 -177 431 -596 -1054 56 700 -387 6 -552 143 384 -340 202 -53 635 601 -596 792 -738 -682 506 -315 273 56 -330 -625 -293 -736 -207 974 -307 500 809 315 95 1140 -386 -989 800 -3 -382 -34 -533 -283 -418 147 9 -598 724 -88 1012 191 -317 628 -726 884 -202 -378 -13 88 9 -63 312 -843 471 -174 -389 -143 -526 -31 53 -135 -251 846 -63 -595 517 -49 395 -141 670 22 66 295 485 -43 -577 -36 -540 275 346 -460 -515 -559 -492 -191 323 592 -575 386 -453 643 447 -331 816 177 1233 ]
[-412 99 -533 -667 93 -320 -592 -87 -36 282 710 -177 616 317 -168 -153 -810 -1043 129 -853 -471 76 616 -28 321 -666 -789 329 31 -558 -220 588 -401 425 -335 881 5 1420 1138 221 254 -794 867 -706 727 -402 1034 -121 -263 -568 232 804 -409 -511 227 780 -230 258 212 357 203 -726 -787 4 -273 836 229 521 -718 574 -104 480 -274 -818 -768 -357 873 -829 -331 466 -430 -309 -131 168 774 -448 374 -287 562 632 -377 462 357 -496 77 946 254 507 -235 281 -246 240 607 181 279 -180 -104 -78 -544 -71 ]
[193 668 55 500 797 -267 475 772 643 300 -885 -125 21 231 -440 -460 -599 214 -154 -244 49 -641 -97 10 -395 -411 -432 -175 433 319 0 -473 273 -66 -666 -61 178 -706 218 -236 -25 -743 996 701 -57 -58 -41 -121 -744 242 38 20 58 -683 345 -869 220 35 -975 -1191 7 134 398 245 438 60 -1275 84 -739 518 56 308 119 -578 -46 772 -332 -1044 -705 94 -468 -459 459 -338 -13 -157 251 -236 -534 -730 183 883 -481 -70 -411 -632 -937 484 -1012 -653 233 298 -359 -278 1281 61 -74 -345 35 -911 ]
[211 -49 -586 538 -133 147 -755 208 285 699 -86 513 279 -407 561 1272 -111 -1203 259 -133 -544 193 -156 -446 10 -608 161 -148 -85 174 -780 536 497 -226 -863 536 349 -391 539 241 211 -558 116 -497 55 -324 -15 -914 -453 -71 -933 -493 249 -370 95 469 -584 266 87 -447 -154 -194 134 -54 1022 -1 821 -126 -521 -419 -1037 101 -233 -749 715 -366 -530 225 773 761 -20 -787 -455 152 509 208 -80 -41 700 673 79 135 341 -185 1037 -713 -18 266 -435 419 -179 112 120 783 1016 260 -73 245 196 79 ]
[-278 198 -902 193 -492 -639 -800 21 528 539 -174 -352 153 -483 581 -38 -604 -444 -5 -516 82 295 -137 -220 872 -14 -150 438 -563 -599 290 -353 -145 221 476 30 216 -363 297 0 -283 -444 115 327 -45 -561 -348 130 -9 -402 -29 -468 -134 -224 -450 394 -747 -579 -408 -242 842 -343 406 -163 666 492 131 491 -266 -445 138 -482 17 -390 -144 -598 641 -494 -326 1037 -417 -537 -732 -763 -21 -420 1041 -627 953 -40 -370 308 402 -428 552 554 -472 728 35 280 859 -292 284 245 682 161 448 22 -890 4 ]
[-480 -10 -505 222 171 491 88 -5 1295 -631 78 -451 551 390 -133 124 -547 413 -269 29 -119 -1545 -1161 33 57 543 -396 -629 116 -461 682 -171 -682 -428 378 340 -83 30 188 -1117 396 -802 -578 741 18 -841 514 554 -117 515 737 -979 1287 -79 13 719 894 990 266 466 -345 -1102 453 95 -359 -317 223 446 -332 974 -88 -255 -88 649 -647 562 -1227 -181 -1434 523 -836 362 -122 24 560 297 -311 -101 365 395 -733 373 -368 -279 -681 -250 -679 -618 -282 548 419 593 138 -603 144 -50 -1174 -113 -3 -956 ]
[283 849 454 -502 419 84 622 2 171 -555 -342 -602 -312 481 -530 -183 479 553 362 -181 311 912 722 741 -186 145 -529 -324 -973 428 77 891 227 -586 498 -403 -461 -41 -18 -167 35 380 441 -184 -53 234 -440 -512 -316 582 -28 659 -90 5 213 307 566 15 176 -101 -1129 13 120 -471 -79 330 -693 205 -431 -151 152 108 397 191 -203 389 516 658 182 523 219 -20 -198 -729 -867 -109 287 -483 363 562 447 -999 -115 19 -582 595 767 373 1021 533 273 -36 -391 -67 259 -257 497 419 194 967 ]
[767 349 -173 145 130 177 -134 -243 82 467 208 -235 169 779 410 60 -28 -14 562 -522 612 601 -256 -109 1589 868 219 438 -657 12 143 -856 4 226 819 420 525 367 -452 -370 -440 927 -31 -8 76 426 -369 383 -694 615 -216 598 -14 56 385 78 -134 349 1285 361 728 568 835 386 -528 148 -66 -269 -23 -317 875 283 108 63 1095 469 519 160 257 363 491 844 -287 127 -480 103 -313 131 -533 -140 -32 -239 -420 -304 82 -133 -355 -254 194 695 182 1 116 -529 434 569 150 -70 206 -943 ]
[-261 744 -46 -172 325 -903 72 -496 494 -432 501 -390 -310 236 515 444 367 -850 18 -90 149 20 297 43 208 -97 109 229 -706 -130 -760 -305 50 297 840 22 -370 85 -283 -402 -703 -131 52 -192 -514 629 208 -310 -313 819 408 466 21 -480 -63 17 397 -179 706 -417 -483 55 -646 559 116 11 -273 1193 520 -216 385 468 -66 533 117 -119 -285 -581 -665 137 495 418 -377 1598 -1157 533 892 443 -438 -489 861 -255 245 5 -400 893 706 -911 -135 94 554 -3 295 224 952 -11 1014 151 -616 37 ]
[51 8 131 931 1222 363 553 111 -153 1218 2 1074 123 722 -249 -437 -320 -608 47 827 -591 581 821 151 -107 279 -223 -138 404 534 -472 -462 307 185 -300 -15 -54 31 -175 857 -687 -611 1090 -342 -135 343 -26 136 -514 536 -359 320 -341 -318 53 -783 120 634 -1 -466 -289 1391 -357 185 79 -674 227 -107 465 400 70 547 438 538 218 101 -154 -729 -248 -238 150 502 831 803 568 943 -313 767 -1001 -306 244 975 171 166 99 -1187 18 -663 35 -330 -431 423 -454 -186 274 -174 99 -484 338 36 ]
[-2 371 -189 87 427 85 -174 -179 507 221 -260 1277 -292 559 -539 269 -132 153 604 1093 196 847 -123 -593 -24 421 462 -322 740 427 -76 243 -343 -109 -1086 208 -54 32 330 325 -978 487 316 307 -100 339 -1680 -4 268 57 -1070 -262 -262 628 -130 -504 -511 -737 -387 -560 -285 977 279 -424 -146 -599 9 -357 -1291 489 -305 -154 337 701 219 -228 -410 117 599 -550 484 154 140 23 481 633 790 182 305 87 -88 -728 -304 197 -293 -1162 -574 981 -665 -458 -376 -58 -368 903 -363 174 -177 -157 679 359 ]
[-236 -918 -569 -57 -203 -193 -306 -590 250 152 90 -660 -287 -47 506 532 198 -991 -202 -566 55 -808 -175 -871 598 -454 -262 200 17 -291 37 526 -898 -217 -101 295 301 864 -118 -275 -437 -130 -1028 -606 -5 -15 534 1190 803 -706 -225 -32 706 -394 -626 -36 -447 -183 322 895 333 535 115 165 -354 -8 1316 106 -69 405 23 5 -421 -314 121 -151 -196 928 487 -34 -170 -232 -329 -374 333 -349 119 447 1286 601 -816 375 -123 -635 -238 844 287 1216 -604 683 34 -495 233 -774 -407 850 347 -171 -339 -332 ]
[-374 901 404 -452 -200 -1083 3 352 106 -502 217 -426 -94 -59 -372 -828 974 608 -235 -380 -377 -509 1644 1118 22 72 -49 65 205 286 -141 -209 -15 -76 161 -604 -643 396 456 -629 -114 880 -53 747 605 26 53 -650 -366 1584 955 233 126 -277 339 739 -48 -263 -125 -44 -126 -293 -69 -670 127 149 -374 388 58 -329 459 -112 -295 191 -48 -113 -689 416 -215 195 -12 -295 -538 19 332 471 451 2 -990 -417 457 -488 -32 -311 436 877 780 807 -99 -639 285 -663 -142 -433 -670 -445 -1150 -404 -615 -79 ]
[-388 745 -288 -658 250 1361 -338 -169 -73 -1065 -17 -344 686 41 3 -852 -720 956 -675 -157 -789 -551 -205 -1104 -461 -161 -129 709 -244 309 -355 76 -541 -394 -156 -827 -424 -174 -119 -356 576 348 -37 -152 310 -708 -121 -342 -785 943 863 -539 62 -161 420 470 -845 183 624 -342 192 -1429 312 -600 89 -210 -225 -954 97 558 -70 -1217 -30 506 -36 28 -831 -203 -800 -52 -380 107 -221 -812 374 375 -180 -1035 315 1119 64 -199 864 9 551 -547 437 556 -909 -1312 -1126 -762 477 531 -726 56 -1578 599 531 -151 ]
[335 176 -124 252 507 648 -302 -45 -931 2 -8 94 249 -205 586 -966 -495 1300 -886 1264 -843 283 -909 213 -396 446 181 494 541 806 360 -535 -1017 -228 -389 -383 202 -1592 -1488 -256 182 -427 300 16 594 142 -20 605 -561 589 123 -1241 323 352 290 -1063 -639 -3 -86 -757 557 -765 551 -62 -80 -1149 -458 -115 401 72 -205 13 247 488 960 -545 -918 -330 -446 -165 505 338 463 -212 370 495 -756 -105 -326 589 -371 544 84 -402 838 -1540 -152 -182 -604 -655 -193 150 -790 -53 -343 401 -709 -364 -590 -1375 ]
[-929 -875 -41 82 -113 -215 -413 -284 323 574 476 1017 -607 -247 -656 44 6 65 465 432 91 183 763 543 344 208 872 591 228 20 47 -246 321 258 843 -291 -119 296 547 767 -759 884 770 269 308 -62 -151 623 135 -396 -836 345 -859 856 76 133 -937 -66 -30 -5 1155 -953 -445 -870 557 -48 848 199 671 -1227 79 -229 738 -39 -1095 -849 1071 1007 930 136 265 -335 -390 937 524 322 311 -929 56 -468 -233 549 866 522 332 -1625 -804 145 232 -201 -1208 -400 -736 191 -267 14 -417 -53 -197 1326 ]
[106 38 793 -591 253 75 121 -495 -807 -715 -123 -139 286 792 134 -120 1117 283 -260 1082 273 -240 186 -262 -841 8 15 381 -81 -665 -276 617 -663 -197 527 -591 -610 -821 -731 107 -164 730 -751 125 104 -989 -704 1057 1189 -548 -352 -348 -745 -448 31 3 -663 -515 232 577 -1032 457 -55 -58 241 -588 67 -305 1074 -508 -187 -690 -551 1214 404 -477 -339 1002 -43 241 671 -203 -26 -15 503 -229 -309 1035 -107 7 -49 -689 735 136 -257 -408 960 492 889 -246 369 -1082 36 -270 -1528 255 -724 -39 -150 198 ]
[-1394 834 -120 -428 -182 369 0 -357 -952 121 -153 -139 591 501 297 -1306 -897 -74 258 45 1126 32 -536 -133 -495 540 -579 654 286 -473 923 22 358 114 -248 8 -173 782 -740 513 -436 -166 -712 -912 163 89 321 -112 321 50 32 714 -268 -101 141 -614 292 -13 -571 102 85 -826 -153 266 607 -301 -256 -65 408 -262 545 -297 618 705 429 560 4 -644 -1329 -888 -606 347 360 772 -377 -381 -335 -1046 188 -202 131 -22 -167 768 373 -233 -530 -1362 -314 479 -302 464 835 525 -692 344 -802 437 355 -365 ]
[393 322 527 329 506 416 583 788 -645 21 -289 -342 652 295 -111 -1159 -167 478 -429 176 -454 -130 196 -427 358 -594 305 872 -1202 -117 -1969 245 -919 85 635 378 -501 -232 1014 -168 764 365 -544 -864 528 -1385 1048 -34 439 668 753 -285 -1068 135 -15 14 180 -39 76 118 -56 -609 -258 -332 -1181 -228 -65 -195 -395 40 -954 -628 317 -284 11 -1145 647 301 -335 1602 -355 -143 110 -573 456 594 -301 223 -183 350 321 196 443 204 869 1068 792 -17 -203 372 473 -965 664 583 -596 -900 -190 -551 312 -76 ]
[215 26 106 295 -484 -960 -804 -122 503 369 -258 355 -688 -932 -882 -633 972 -600 874 -516 985 242 1461 594 14 17 1058 -703 -16 -601 331 448 -25 427 -482 -155 480 742 954 384 -333 550 73 -401 245 -423 810 -1292 598 -289 -478 626 -31 740 279 104 337 -143 -1261 284 550 934 -377 -247 -162 601 376 432 -395 -739 -180 323 29 43 -714 -84 810 415 -437 -223 -650 -451 -502 -561 144 -645 244 -384 143 -463 -29 218 -293 506 87 1652 -477 1339 -683 -234 -109 83 91 687 -117 -1089 285 -429 -83 1223 ]
[-660 -1120 493 -782 -1087 288 -745 -824 40 -467 458 -421 590 -443 549 213 330 151 219 -120 -194 -1010 137 -829 -554 266 -468 -244 545 -305 907 294 668 550 441 -885 -1501 571 -753 -829 -188 324 -921 860 -614 0 -306 332 783 -397 386 201 523 377 -482 196 353 -187 470 395 -275 383 -77 472 332 -241 134 -662 434 651 -128 -452 -126 317 -214 368 -862 -268 -1102 912 -59 79 -821 362 676 -634 -146 -71 883 937 -695 -125 -109 -550 751 921 441 207 243 57 110 -611 485 -224 -454 -99 -637 81 549 -84 ]
[323 -88 166 92 445 2 479 -409 -195 775 -742 -100 -384 -768 220 -194 750 -545 -279 232 -133 -665 828 -46 -451 -573 640 -356 -824 714 12 -758 -56 106 -192 184 -512 -600 -925 108 -131 -141 261 -865 -875 -324 -433 640 166 -343 -376 -252 563 -704 270 -628 1141 -317 -208 242 -315 1102 -21 771 -166 -846 425 427 546 -179 -928 102 -1060 102 376 -99 119 -133 833 558 144 -114 -1119 54 -219 143 -332 43 -342 -188 92 183 -809 -350 -741 154 604 1330 223 -229 -320 424 -456 -424 -467 -1494 1107 -68 53 77 ]
[-102 -983 252 -782 -173 -346 732 -974 306 480 123 581 -71 -265 30 1080 444 -436 -142 358 -133 -19 -828 -577 -490 113 1019 -408 -259 488 892 124 340 158 765 343 -253 -836 -917 -403 367 220 191 193 -793 1430 205 771 -191 -48 -1152 -405 538 207 -94 -765 559 -420 405 -225 -187 -494 72 1289 -46 -745 55 277 -64 -110 -554 -77 -498 298 91 598 -245 484 189 -95 966 324 -539 827 -307 20 117 -424 321 -198 -652 -442 -822 -452 -72 -889 46 243 174 256 249 862 -244 272 494 57 1137 286 860 439 ]
[-108 489 689 -320 -379 217 1596 408 670 -1398 391 -248 -128 -291 -275 -452 -387 -601 -946 -188 105 -407 -334 678 -266 46 87 -881 -1043 -265 297 485 262 409 1107 -52 -1538 352 -666 -506 177 -643 49 559 -542 -629 -735 -266 3 773 490 -912 590 -773 -1475 384 48 604 -420 340 -1075 1009 -805 662 329 331 -138 1016 -1135 97 56 -809 -512 -305 -613 118 1233 -159 -275 932 60 608 -225 -554 197 -550 53 100 13 -311 442 -644 386 -621 -751 1811 704 -96 1048 478 836 98 -94 -187 139 -911 954 -94 -78 114 ]
[-221 248 567 -163 -478 -682 351 -42 41 -116 -633 -657 58 -262 -89 -310 247 305 -111 -712 -308 -274 251 -441 211 327 115 -702 288 355 419 -259 81 21 756 -836 -574 932 -472 234 412 -841 -176 -442 -110 74 407 -212 347 1227 317 902 573 5 421 -362 213 -165 182 -612 -321 -137 86 851 -26 394 -1000 -550 -326 -59 -281 108 -123 270 613 40 -217 432 -771 202 -42 -383 269 214 -448 -453 165 72 -1 -13 -19 -435 -1110 -525 528 922 -149 249 -660 -666 847 -202 98 -623 86 -745 -8 -328 -762 128 ]
[-17 -516 720 684 -631 57 423 537 -684 -520 -336 -451 -224 -734 -85 -14 732 -449 -236 -506 -383 439 1158 2 -164 571 763 -479 -282 -9 -355 93 -86 405 546 277 -123 -205 -67 -266 -456 1047 388 -608 342 -120 -367 -1453 -415 546 -345 122 449 -40 912 -325 220 -20 240 192 192 223 -341 282 -375 163 -1044 -12 -18 -157 -27 -736 -694 -634 -300 61 362 249 -904 583 -4 13 -607 -685 129 -780 -814 -561 -19 -947 608 652 -57 -352 901 279 567 199 56 27 683 330 -260 -409 -566 -89 -472 -365 -724 240 ]
[86 -309 -227 374 264 -809 -418 745 21 -37 345 -805 -116 14 309 -75 338 333 657 552 -984 93 98 567 329 -594 -601 687 -66 1024 56 -482 132 309 -363 -232 363 48 789 -197 -260 -235 350 -251 564 219 413 -718 -876 -251 1134 777 -268 391 271 265 35 13 478 -138 812 -1286 -287 -490 -380 297 -680 -281 471 -478 379 1285 498 165 -628 132 -886 -735 59 41 220 270 -415 291 -832 784 43 -475 -903 -621 178 84 615 387 267 -357 -112 -736 -511 -155 -833 726 -709 -531 790 -256 -215 328 -699 -328 ]
[649 341 -69 84 26 993 538 -707 569 510 94 -8 -358 616 361 664 -607 -758 23 -248 533 340 -704 108 426 -339 327 201 -1242 -428 -270 635 1005 -393 -674 252 67 994 -373 144 97 99 -155 422 -146 -209 344 246 22 -637 110 -796 918 -373 -898 -120 -519 -166 687 228 507 499 -65 -34 59 7 870 -202 -238 52 0 408 282 327 -61 88 -559 -705 77 313 695 -55 -181 -1172 595 -223 -281 -696 94 59 -89 -765 194 338 -340 149 -401 246 -403 -116 -660 -106 571 1150 688 -173 613 133 951 -474 ]
[0 -499 -826 -101 -552 285 886 286 -24 444 409 199 -358 69 245 -244 336 69 580 328 -845 170 -293 566 150 441 -332 757 -300 167 123 520 612 1300 -6 -768 -758 -208 -122 -374 844 -483 -75 354 -788 194 -177 22 -360 -208 372 689 -187 88 838 60 487 901 -394 283 275 -613 -531 79 36 318 -93 -588 -287 197 464 706 363 719 -38 29 637 -343 500 612 624 -129 269 1112 -1113 196 -360 -688 428 231 598 415 339 193 -192 150 836 -898 1318 199 204 -200 -17 -24 341 -447 1047 833 768 -410 ]
[375 -693 -349 250 -151 425 -318 -157 222 162 289 1129 216 573 -805 723 -588 79 -434 -371 125 -746 -164 568 -3 -285 -448 273 695 201 116 859 -1217 -678 -369 -308 613 1056 846 412 136 -186 -57 163 263 -796 -320 695 215 -287 -124 338 243 -367 -126 864 -318 1073 153 -394 -36 611 -185 177 121 -16 839 844 -45 -22 17 505 -495 263 272 -553 395 36 777 -821 460 -76 -83 295 704 257 -54 311 -116 328 234 762 545 -652 172 -115 -76 -93 834 -355 -571 698 -89 -737 -509 -557 -145 224 -393 -818 ]
[-506 -575 -1101 -352 -4 352 -514 -377 726 184 603 97 90 -306 72 562 -117 -136 28 -623 143 205 117 -41 681 -134 15 -124 -224 -1584 -143 444 -550 -10 185 203 701 930 319 112 993 303 548 638 176 -641 357 1361 413 -735 23 -32 -280 -768 609 1287 122 -61 -405 391 449 -113 210 -823 -118 382 1070 542 710 -566 501 9 -1191 83 -1215 -694 789 -377 735 -985 409 -135 -415 299 905 493 225 420 408 394 -260 579 302 577 -376 454 -380 433 667 538 768 214 655 -281 -422 -255 461 -592 -274 342 ]
[1003 -297 -677 294 -414 251 -839 523 607 -163 849 400 460 -380 64 675 -523 154 -262 258 17 1190 199 -513 539 358 767 445 -158 -79 -257 160 -12 721 1023 348 528 -79 165 610 -13 456 -700 533 -453 481 -644 -881 30 -125 -189 661 186 733 167 -442 -198 109 926 -381 1165 871 406 -13 -810 730 -718 -167 -172 87 -190 -511 343 -735 -478 -634 134 -150 -145 753 310 632 225 -91 387 -641 -415 306 -653 -400 135 404 -492 52 482 252 -504 280 148 565 516 598 -200 -837 292 812 103 112 609 -827 ]
[-166 -289 -555 313 -814 -330 1332 492 643 -224 -544 264 -1494 156 -461 -245 -42 -498 -286 598 85 969 989 558 1060 237 75 475 -517 -98 -158 26 -392 -97 296 345 -16 260 -54 465 387 653 497 135 233 598 -134 -228 -262 806 -35 -444 596 -638 454 -645 577 366 -455 546 343 -53 -141 -841 -25 236 -497 -104 -62 746 436 1140 1578 470 -579 -845 -409 363 225 973 282 -381 350 -790 -1014 263 150 -455 73 -43 539 252 -344 46 141 229 -554 39 -461 -46 -854 388 -636 996 369 -373 225 -772 94 -738 ]
[-156 501 687 -707 749 271 216 115 -458 -244 -221 -767 151 816 -380 332 54 465 442 -684 37 -1496 -1106 1126 -1615 -46 -995 -625 -649 970 -134 -75 1015 -705 -305 309 472 -389 480 -757 -222 468 -69 -49 -99 -214 362 -240 -599 -168 44 -115 753 -332 368 163 1032 571 318 171 -531 185 6 324 521 -415 -447 -161 139 -21 -163 114 -28 -292 741 206 -1026 -330 88 156 -302 -14 -753 312 -83 430 -451 -620 -239 -1052 553 -369 276 493 -157 -990 245 -537 -372 60 -497 225 147 -353 141 401 -423 1184 195 -657 ]
[190 159 -653 -559 -476 -740 -293 51 40 645 1158 896 124 378 384 380 -109 -781 861 -32 299 -181 359 894 375 -469 17 1267 -704 108 93 286 -125 1466 1203 -247 -134 -431 781 65 -8 414 -297 40 603 -387 661 659 -231 -430 -649 191 -685 104 730 632 -574 500 406 -368 619 -1547 -49 -22 369 50 128 -398 -1064 -1182 249 391 204 1038 890 -241 -70 826 596 1378 115 -631 -854 1310 -426 -149 51 -646 -941 80 81 606 309 27 270 -796 55 87 102 508 -15 23 191 -406 924 -340 89 762 595 -674 ]
[710 -717 219 -252 2 1218 -404 255 -785 -918 -726 -183 102 -41 -197 583 -8 19 -647 -376 143 -113 -243 -839 -30 278 606 -218 -127 -597 -1024 302 -642 107 983 837 720 39 717 71 981 797 399 248 782 250 -72 -166 -183 -443 -434 -774 -431 -1038 -76 -114 -610 -160 560 127 87 -370 983 -235 -177 -137 565 -925 213 -133 -163 -403 -34 -279 552 225 189 616 1244 23 506 295 638 -1112 14 15 -543 305 374 188 155 -887 -452 -192 435 -559 103 748 -524 -280 50 -311 382 801 -569 -807 -78 -350 226 107 ]
[1188 245 -12 -431 -333 -539 -612 -297 -852 1049 -48 537 202 -263 451 748 275 -504 1020 -1075 -154 218 87 -271 413 -135 234 141 333 -668 -452 -395 850 667 -551 372 827 -152 47 -982 -636 454 731 -570 456 52 43 438 -582 -791 -961 643 327 -312 412 -23 349 -602 600 -308 174 431 496 382 60 -168 194 -334 -321 -686 193 657 -900 -830 448 380 143 133 679 -448 441 -235 -584 713 237 195 -513 535 -746 326 -277 858 531 -42 460 -1104 -89 186 -444 -592 -388 -63 161 -15 732 576 218 88 674 -1 ]
[348 -235 265 59 -92 95 533 212 -519 -254 -945 -330 -437 -43 568 403 526 45 -391 29 -253 312 -779 -198 -792 -438 67 -245 -484 -641 263 949 -150 -860 38 -358 -242 -1135 -726 -357 1107 -289 -429 824 159 -1017 -386 -268 89 -108 -14 -1518 323 -374 -453 813 -704 -141 -188 -31 -561 39 808 -812 1339 168 415 -148 54 -792 141 -91 -200 -203 531 425 -366 751 617 -127 218 -103 30 -1430 696 -13 -343 -8 694 -236 467 -548 122 390 206 22 489 -141 812 183 618 -784 -652 948 328 600 243 -755 -115 207 ]
[5 981 -160 -407 -101 26 353 277 136 -618 842 579 -486 -70 -497 100 -628 37 -652 630 518 55 671 578 80 235 96 315 57 -920 -3 -464 -358 -152 572 -262 150 428 374 662 170 345 -724 -304 -264 -122 369 106 -366 441 456 387 235 135 -142 581 -202 410 583 -230 619 -731 -938 -139 -838 295 -264 962 265 -54 -37 -613 -182 177 -1119 -673 -88 -196 -236 -36 -219 454 1132 680 -138 22 -163 -522 -1899 -332 536 -335 -328 283 -583 852 -497 -306 110 -169 150 627 522 -506 -546 -570 -749 -41 294 -125 ]
[353 -399 -367 889 747 65 318 294 76 227 -365 -48 -701 -645 4 -404 -234 59 -215 233 13 461 -1060 33 208 -426 742 252 -481 1039 -282 317 -285 7 283 471 590 -261 229 -35 401 196 -455 286 -756 573 -570 -954 -107 -27 61 -432 23 592 -535 -273 -421 578 -827 -231 856 457 54 -323 252 -8 609 234 50 -518 -409 -376 815 -809 164 445 604 -125 253 -325 -180 457 178 -944 -499 -346 172 -368 221 -988 -118 -158 178 540 -47 -506 30 -24 -213 240 381 -171 -599 692 885 -274 908 299 10 558 ]
[-516 -62 146 -464 298 37 -451 219 -122 -455 -568 -322 157 681 64 -70 58 588 970 218 -119 -311 143 -531 232 330 -218 227 312 -414 206 549 663 -536 -629 -1055 -510 26 -311 -302 352 254 768 -214 852 -93 564 994 77 266 170 1463 89 718 -100 294 114 -1004 292 -230 -504 -362 145 -681 -121 641 -582 -364 70 63 404 244 225 79 -1075 273 -336 313 -278 -95 -61 386 110 473 255 552 72 -874 26 294 340 -270 222 260 331 -370 -882 -599 -337 46 -66 -442 -347 -894 279 154 -485 -418 -218 386 ]
[60 -562 530 592 142 360 431 255 -307 -502 435 -1089 388 127 276 164 119 961 -231 -929 12 -477 -468 308 310 -125 100 50 -412 8 -388 288 -408 166 865 3 -698 832 -358 -550 64 74 -495 210 157 -519 582 41 314 -414 1553 -193 421 54 -661 394 -329 -300 480 287 234 -129 -401 74 -163 -450 97 220 355 -1047 289 -570 -454 66 259 -169 -90 139 285 226 471 322 -221 -150 159 -353 -523 -292 -934 -878 661 -973 60 180 -9 1161 900 -890 475 627 1292 -1 -105 -225 -30 -542 126 -224 -815 -47 ]
[-181 212 -666 -334 -383 645 -673 -272 -883 1480 -105 990 -189 -728 -596 -257 329 -241 -239 -38 287 73 516 258 -415 -597 -398 615 -442 -241 132 198 -448 578 481 -318 1161 138 585 796 -266 -738 -1559 -654 -6 104 775 607 1033 -674 -128 88 276 797 351 -780 -68 174 48 -471 40 -909 873 -439 266 -460 645 -306 141 -440 -652 -121 -420 1320 490 -292 -1587 305 -544 -834 -555 -655 -210 828 -29 621 355 -652 201 744 25 699 -576 824 220 346 381 991 -494 -546 -120 29 -201 526 -1151 -1033 112 451 574 1020 ]
[-55 132 -217 -250 -192 -162 193 126 -214 -144 497 -754 202 -23 1375 9 486 -1104 -179 474 -128 -138 -197 -268 409 616 -790 374 123 -246 836 5 -804 -409 -323 98 -174 1 -909 -922 -13 -2 -723 55 362 156 -88 362 208 537 311 -373 -458 -485 -177 924 761 747 -296 470 -664 -97 -103 300 -358 836 525 206 512 441 1246 84 -589 52 388 703 -163 815 -214 -456 -134 41 18 -347 20 -211 69 702 265 253 -356 651 57 -669 -167 456 -202 -635 1016 401 498 270 484 -1108 -44 1005 -456 70 -876 -837 ]
[460 -46 322 209 -424 -25 663 -547 282 326 -384 245 -1079 273 267 212 -223 -134 54 -192 -452 -706 8 348 -682 -337 -79 180 -234 584 359 -115 252 551 -260 -295 -628 67 188 -161 -563 -287 -163 2 -626 -251 -852 13 -839 -153 298 -685 702 -310 -26 -177 -238 542 624 215 567 472 -582 152 318 -894 -28 -459 -686 6 -348 296 671 189 309 572 -501 -54 373 710 -439 -94 -73 95 19 -334 -327 -413 -15 -547 -7 290 -149 -253 -556 -1075 585 84 -457 -463 -516 -117 -603 -81 808 438 -103 193 450 -678 ]
[214 339 -738 248 -288 155 710 26 231 -519 -135 -504 152 -968 317 -449 137 -292 -1239 449 -524 -644 248 -82 155 -150 -712 305 -11 -470 207 -791 -1057 258 562 748 200 816 477 -276 721 183 -43 121 -287 584 -705 821 149 1010 622 -455 -526 -923 160 -114 538 517 -715 776 682 -1014 -201 -278 -607 109 267 56 53 539 -333 -488 -778 478 -217 -235 250 254 -481 -806 174 216 814 20 -418 351 -279 159 -5 254 -110 103 -282 -832 -743 1438 -90 376 671 192 88 650 974 537 -1345 -341 -210 -324 -86 -367 ]
[-588 -1135 751 -342 -288 -218 1155 -189 803 -68 -105 718 176 192 -499 469 969 521 -776 -41 -26 365 -273 -1070 725 -93 365 -445 207 361 111 -188 -605 -185 900 -120 366 -439 -463 -146 519 -240 30 811 -566 626 674 835 781 600 205 89 -206 382 -166 -157 -197 -258 206 394 150 -64 876 519 -63 -154 347 -925 -388 695 -350 -164 153 319 -582 -68 -975 97 -554 494 45 30 -671 265 -558 587 577 -286 -43 28 -645 -732 -564 729 170 436 67 482 -404 582 408 -298 -203 723 -161 -82 -12 -1010 440 367 ]
[-224 -334 168 -215 260 306 -174 -254 -909 605 -829 -81 162 962 -162 -301 134 258 314 -573 609 -803 -347 485 -564 -65 -1277 -39 92 640 548 429 289 -242 -525 415 -439 1029 197 -698 -393 -1390 214 -293 452 -956 609 514 215 -842 551 1 877 536 -202 -571 -34 13 512 214 -1297 -86 -72 160 451 -491 404 -494 -967 -157 -132 307 600 1345 510 791 -448 -417 3 1146 -964 -521 -206 -944 -796 161 -48 -788 881 303 -303 -658 28 -38 -102 -370 -322 206 -792 -182 -226 -336 -300 358 450 -937 402 427 -326 1000 ]
[1082 806 16 288 208 -648 197 450 -349 106 -375 -385 -57 -439 369 -446 192 -307 -273 -430 -116 533 -201 576 -150 325 -323 -394 275 9 -700 -1010 76 639 -459 511 177 240 701 -556 191 -390 715 159 -292 223 -401 -736 -568 516 -373 564 -135 -559 222 -722 438 18 -702 -1640 376 884 -464 97 -592 -90 -550 -27 -755 279 -384 -802 -873 -717 300 226 770 -1073 -68 -12 -104 22 -40 -1030 387 131 47 829 -197 171 -617 267 -230 7 94 527 -145 745 -664 -251 430 215 456 597 736 -580 11 -203 164 -53 ]
[-447 349 -377 1049 655 -114 453 -144 305 369 139 676 535 177 111 426 -783 387 131 -93 -15 623 -431 233 -39 52 -9 -345 -635 304 -375 71 545 -85 -1053 277 397 -363 -375 708 334 -943 675 -361 -534 -650 -242 118 -250 -262 105 -681 -330 64 132 1177 347 -23 -403 -55 -204 -224 666 -57 420 -420 915 595 -138 -102 23 706 242 -109 -302 -74 1075 -659 391 -1260 -210 -412 -45 1253 -288 -242 355 134 321 16 309 142 410 720 -997 -1123 274 -1326 955 140 -656 275 448 -133 67 499 1239 -101 -236 -30 ]
[215 98 -1035 773 -114 1134 -702 -334 298 765 346 546 47 479 -1005 743 -602 937 860 -408 -15 884 206 -1023 -151 828 549 -166 845 -384 -662 -26 -193 832 -393 23 1198 -129 1404 721 -244 155 333 271 4 -491 191 151 -171 -204 -246 -138 115 874 849 444 -299 -109 738 483 265 -603 384 222 -750 -217 272 -935 -1127 290 -145 166 639 -474 -605 227 -422 416 275 -1232 -845 -878 757 302 -4 183 -189 160 55 -685 137 -191 -420 332 -46 -600 -77 431 -819 -1140 -783 -168 -641 341 8 1256 -23 441 981 -14 ]
[173 700 -242 1136 424 354 696 1211 315 -800 111 74 -125 -51 -500 -849 -979 -26 609 -17 -668 84 734 608 -213 109 713 -351 -505 333 182 744 517 237 -756 -820 -535 -260 -751 -3 666 134 661 132 607 -533 163 -1654 -1337 170 446 336 814 -679 61 785 232 785 -714 411 -216 753 851 -230 699 303 -423 387 -44 351 249 1146 392 -47 184 -227 22 -299 42 -517 538 -149 -174 -184 334 -553 -672 7 -258 -263 1230 -294 -295 743 -328 -301 536 -84 -68 -656 -799 128 16 -67 -317 40 600 -248 542 -1506 ]
[-198 -242 430 420 -60 -652 1409 707 481 52 164 127 -550 485 -581 -2 745 480 504 -160 -291 24 -460 318 879 259 20 -61 308 945 -553 266 484 -384 -420 -1030 -284 -898 -373 -275 -14 192 192 -275 -31 -267 -40 -552 -374 516 158 -51 -187 458 17 382 54 477 -415 -678 -274 231 -776 -98 111 56 -230 332 389 -390 184 601 560 311 -49 -438 756 1053 769 564 -131 -90 60 -88 -186 236 119 -169 -156 -723 356 118 519 64 428 -106 251 -607 12 124 -103 -58 -790 -791 1010 -136 556 123 -437 130 ]
[-117 -136 106 -45 -446 836 -220 -92 470 -512 -297 -217 54 302 -714 85 -239 1623 -458 -618 331 -726 -245 -114 1350 25 397 168 824 450 -177 145 -85 -681 511 -284 -362 1236 997 -24 425 301 -422 74 513 246 517 23 41 535 592 690 38 1348 -138 -982 -971 677 224 -153 324 -1144 -246 -195 -477 560 -32 -406 -301 83 -143 -520 630 -220 44 771 -150 427 340 204 -887 169 441 -453 -3 323 105 215 527 230 -356 -693 -456 -559 235 618 -527 -661 -983 159 -125 -770 -318 407 710 -987 -1245 496 63 1128 ]
[431 -1016 967 -48 288 540 315 239 322 -247 -364 -91 -721 250 -386 259 575 1085 120 -137 -416 -177 -875 1466 366 588 -35 132 -87 867 -123 253 -261 -828 359 -351 -854 339 809 -388 -135 299 -134 927 22 -601 -819 49 -661 157 47 -377 -48 199 -327 120 236 -195 -18 -356 314 26 -618 -941 -402 -271 138 -700 -420 -854 28 -252 562 113 -797 722 -17 772 1281 562 -17 92 -235 -1118 392 708 155 -906 490 -432 261 -157 772 244 413 -237 6 -9 568 -44 -265 -576 -707 -205 604 -390 186 922 -244 1237 ]
[432 357 269 85 194 1149 156 -344 366 595 264 649 185 309 252 287 -515 -535 -705 518 672 131 292 -60 306 -287 -262 651 -14 -181 -239 -130 -166 -628 -452 954 592 533 -376 885 -367 -955 -93 -1461 248 273 455 660 735 222 -417 -349 -892 -362 -244 -941 260 589 -173 65 -352 -244 30 -108 -441 -417 788 114 -523 785 -325 687 506 338 349 -1168 -316 513 88 533 221 -734 639 425 -25 84 247 996 481 1512 -266 -458 -586 -102 -636 331 -696 540 -350 28 -1038 834 1037 694 -147 -110 379 127 186 -146 ]
[-55 434 447 -705 -285 883 61 -25 -376 -1133 -189 51 -56 -269 450 -378 376 -89 -195 65 -74 -624 -218 736 -506 671 -515 -710 -311 -264 -103 173 -183 -493 356 379 -412 492 -66 -210 372 -246 263 522 566 -198 121 -169 -83 962 144 -832 147 -333 88 144 603 779 163 92 -84 -699 137 292 92 177 -151 29 -165 -129 174 -423 -58 -3 1106 892 -484 174 -112 184 -28 -21 391 -566 -11 -115 -439 -184 593 649 700 -12 43 -640 181 283 70 -460 170 49 -80 86 280 984 -395 -711 -687 177 -93 -421 ]
[613 600 -688 671 1340 160 -337 111 -693 1257 354 228 698 -126 -374 -502 -249 372 -107 -87 447 588 -165 849 -46 465 -795 104 -244 -183 -767 -110 -152 -95 -1288 491 143 316 451 447 -536 -5 -491 -1267 -385 -726 -188 186 154 -618 121 110 -256 741 -55 47 59 -400 -63 412 -765 1465 -326 -589 -75 -408 860 87 -55 -228 -479 -387 -511 -323 -375 -489 845 -50 934 -635 -669 18 822 -671 476 168 190 372 -916 428 -16 -97 -153 125 -525 175 465 -771 504 409 85 48 -17 -748 -117 -205 -497 705 187 1222 ]
[323 577 -266 153 -66 -216 191 18 328 -76 465 260 251 -296 -121 -275 -1016 -464 -881 -231 167 362 154 -581 163 -125 130 -331 538 21 -311 -230 -257 375 -136 644 1160 -234 -91 200 246 122 169 -90 145 791 126 -1154 -822 325 466 332 158 -56 -870 -280 -31 44 174 292 278 1008 -76 642 -394 477 -516 861 -73 871 699 -571 105 -1191 308 -180 459 -917 -512 -485 -180 1160 839 -758 -450 -138 -227 62 -1053 -1102 170 5 -510 -677 -292 605 89 -363 -185 -373 400 710 152 -176 117 864 12 -585 -277 -432 ]
[-266 -616 -218 -487 -314 -678 -191 -237 697 -412 -18 102 -572 -317 49 126 -193 -736 -603 -11 156 489 -550 -344 798 431 993 -407 71 -331 573 -199 -236 -12 957 260 220 -982 -105 -127 192 639 714 1299 77 1026 -622 539 -393 215 -1069 -969 -76 -498 -367 79 -1047 -167 314 -143 266 140 410 272 614 211 205 47 -246 328 495 -185 -79 -984 231 757 493 -475 396 137 498 505 -139 -817 966 -52 298 438 204 261 -1169 280 276 -486 266 -1022 -417 711 -370 -249 -248 -619 -566 738 598 803 -345 -499 713 -370 ]
[-321 115 -251 87 520 -491 -72 25 -517 -102 -293 -246 463 561 200 148 218 -631 -8 590 594 797 -55 51 -507 1211 -374 -120 265 95 418 -277 274 47 -352 -214 -500 -1018 -280 -118 -281 163 -427 327 163 505 -977 -681 -25 150 -429 -51 -86 -330 -351 -395 -78 -802 -86 -55 -1162 970 577 264 876 -292 63 -676 299 231 134 -1175 -37 300 383 550 -191 131 174 -475 154 625 -183 171 -743 -121 198 -327 -124 -713 683 -253 335 -328 282 -442 -100 -347 689 -76 570 480 -159 -416 -340 774 -325 382 89 1058 ]
[-154 299 631 -425 560 -878 -453 -176 147 280 -368 542 1200 319 8 -841 81 30 267 -145 810 -141 517 -447 -814 -783 -813 438 707 235 829 389 -26 228 -98 -97 13 -96 -170 146 30 -760 -109 -279 91 238 -180 -104 179 952 -252 360 -890 -66 91 525 15 66 -989 -298 -602 145 518 150 980 71 -302 165 -854 -181 -165 473 891 789 831 524 66 814 -190 377 -733 -178 227 440 -398 -275 -106 -98 -61 -27 -170 -522 -411 173 419 -238 138 870 94 73 -349 144 313 -265 374 -285 321 -100 170 125 ]
[395 -276 279 961 362 -509 447 337 -13 480 -177 7 487 -88 147 -1130 343 137 -212 -107 -613 45 447 -169 1562 -48 -107 315 720 -433 -274 -411 -372 109 -853 -312 -355 467 269 707 301 -447 343 -731 113 -325 78 696 -236 297 303 15 -1243 136 -304 -12 -145 310 -1249 44 445 553 -381 -194 55 602 694 223 21 -187 -328 400 293 -1342 -232 635 1430 218 348 -350 -1351 -14 681 -786 1113 -268 92 1166 248 438 -461 -317 464 -297 526 858 217 -734 -7 423 420 -568 197 36 719 -525 127 -636 -970 429 ]
[-337 -386 580 -267 -436 70 -677 -315 -58 -383 -179 168 -76 348 159 288 215 1111 638 -154 721 1209 -504 -774 -125 638 -73 -588 211 -695 -7 196 -264 429 925 -906 353 -205 439 310 -343 -178 -1554 488 -340 -535 -234 225 218 -731 -334 296 121 1568 93 322 -207 -385 641 15 763 -90 526 -614 -136 -89 -617 -727 -236 17 335 -935 499 -370 -768 928 -177 207 -481 -37 -1136 550 115 -661 -307 -439 -188 -841 416 -205 -520 -229 485 1191 302 -236 -29 -667 26 205 -150 -683 -488 -464 84 789 -671 -211 475 561 ]
[-659 -434 -1023 273 42 -594 782 -231 64 -121 -548 -21 -347 -109 551 -883 -199 -327 468 1001 -277 25 -696 97 -521 706 592 -215 156 409 1024 -107 -305 409 -974 -878 -698 -1166 -919 -110 508 -377 317 21 -62 831 -371 541 251 -581 -88 -168 -143 -532 260 -404 193 -81 -1174 759 505 451 -403 110 -37 -673 -56 -478 835 278 -92 -561 72 530 323 472 850 -167 287 -1446 308 747 116 434 -677 -480 -557 -195 -41 -776 -238 542 454 -20 -150 -1142 -273 -488 947 -114 50 1219 -319 -469 -832 332 -32 216 407 -268 ]
[74 -387 533 -281 -373 -496 353 -179 -287 610 238 -726 86 477 351 977 129 -144 -51 -877 361 129 -1466 -156 226 -238 439 -161 211 -914 -274 -347 674 -402 889 290 932 -720 -308 -734 321 -26 -344 -479 -58 -701 -282 886 383 -608 -1083 447 189 -16 -319 408 538 -457 11 364 -557 -282 202 484 483 194 42 442 514 -367 239 -298 -903 -243 533 -252 326 637 232 -23 102 177 -285 866 223 -323 -523 781 -538 -1148 -504 -260 374 13 11 -597 -219 -850 1064 409 969 6 249 -727 198 566 367 466 -32 155 ]
[440 608 95 -490 -344 -258 1041 -413 -115 214 -677 151 -170 159 -171 -93 -487 -754 -16 -491 515 761 927 -71 625 -261 561 168 -725 -784 -561 -173 473 833 253 466 -803 1056 -266 118 31 340 737 -795 302 453 -290 122 -34 119 -361 429 -281 -1377 122 -316 337 -557 7 277 -137 160 -876 636 -791 -200 -698 155 -634 189 889 72 -484 27 -127 -371 944 -504 448 550 731 -299 -45 -13 -278 -427 98 496 -768 141 403 16 -163 -667 -731 504 461 118 347 -253 247 756 1240 90 -265 -671 532 -677 442 -333 ]
[1330 421 -399 312 571 92 579 42 62 743 433 212 -287 -248 -102 516 -176 178 -168 311 -549 1066 -517 211 92 -321 -564 -148 -423 134 -389 -335 -208 294 -561 206 534 -687 -459 358 172 -246 -158 209 -661 765 -373 359 -551 -1496 -298 -334 398 -990 -469 -84 446 -89 -795 -353 -172 1859 145 -255 -464 -190 223 266 -198 768 -403 759 -789 -725 -480 -37 -444 -1148 499 -558 480 438 36 -274 630 -40 639 659 -326 48 53 -325 -390 645 -1204 320 648 647 387 561 282 487 -217 245 410 654 1084 530 593 -807 ]
[159 685 -169 529 1013 1053 343 -510 307 -668 85 -84 -3 -270 -165 -591 -703 182 -139 222 240 -47 113 -277 74 -200 22 199 -149 355 62 -370 -738 -1038 -439 54 162 321 -1010 447 -515 448 199 -591 -126 -547 -442 509 -377 180 499 -829 -268 -459 24 650 -261 515 -284 227 -49 384 -668 -413 -557 -355 587 571 396 -599 -76 -283 -377 43 -475 -107 -475 671 424 -1080 -699 50 74 -1058 -27 612 267 -10 -608 -244 303 -613 132 242 -913 580 -404 198 85 -512 -622 209 -342 14 -1233 -515 7 787 -1140 454 ]
[242 -477 303 -378 467 179 668 -377 -364 -429 930 -585 497 435 399 85 456 418 -355 -24 -273 -11 132 -605 -383 306 -723 -202 965 -136 847 357 -699 -860 -151 110 -636 395 -1037 -995 159 -350 403 205 -312 -618 -89 169 171 494 693 170 523 315 -89 833 817 670 264 452 155 1068 213 -14 -429 218 454 -49 482 449 105 358 -373 -641 -1123 109 -2 829 499 -246 -12 750 35 -391 878 120 -587 293 81 204 -369 229 -258 -164 -709 640 230 321 551 442 -449 302 -275 -815 12 765 538 -559 -648 -110 ]
[146 -497 -626 1107 903 922 317 1002 647 -188 159 744 -198 74 -1155 399 -498 424 9 647 -295 193 114 -788 1015 234 966 -321 148 184 -260 -21 -886 -565 -208 512 606 535 136 618 -164 1149 219 -601 186 654 -978 401 167 -396 -646 442 -9 626 -147 551 111 431 414 805 -46 471 588 -731 -738 275 712 647 -428 980 -549 -227 -467 -85 -84 -996 411 1121 895 -744 600 661 583 248 1238 387 235 -208 396 99 7 -473 -930 -107 -773 -1057 -503 518 -72 696 177 419 -341 -426 -1237 46 -878 -323 328 -192 ]
[423 196 562 531 -430 -29 922 366 -36 616 548 441 461 -119 -93 5 -974 36 -207 -356 -275 1530 333 -507 747 -543 -45 125 -415 -136 -218 292 108 626 295 -61 -155 634 331 583 290 -393 -78 -374 -310 -121 997 -640 -422 44 58 -118 -114 100 -837 443 -205 -76 49 91 995 -422 -26 -23 -364 -95 206 -394 -646 -657 -327 -342 419 -1369 -411 -400 592 213 29 -375 -72 -422 254 13 470 -805 -254 -51 -596 9 281 97 -219 430 502 1067 246 -223 351 690 511 1081 258 466 414 121 315 -857 118 -134 ]
[-690 741 82 -134 -100 -148 -189 17 433 -725 239 -429 125 -416 -517 -751 378 1142 -467 271 4 -239 11 883 59 -432 -463 -292 -94 661 877 54 -414 -1050 209 -824 251 345 -498 -328 266 55 -729 565 456 357 11 -86 291 969 638 -432 100 642 -113 262 -468 318 -987 -8 -63 -524 624 -993 302 448 -43 674 148 -241 -83 47 -118 801 319 -158 -191 779 -728 -998 -62 0 -723 184 182 -174 908 319 919 394 172 -585 -546 -110 -168 778 138 3 307 531 684 31 21 -305 -553 -742 -381 -232 -1079 806 ]
[-615 -539 487 361 -329 -484 239 -217 799 359 111 -164 -179 704 66 694 152 -547 342 510 13 -615 410 701 -261 -198 -429 105 74 -106 1081 -343 830 -695 -343 8 -153 153 -116 583 -1154 521 406 -10 -163 6 345 151 534 -585 -787 -27 -273 -22 -369 -89 -7 388 -430 987 103 792 -210 -379 -169 -52 311 232 879 314 637 957 -105 136 -1197 -88 159 626 547 -319 166 -39 -392 856 137 477 -232 646 3 -1199 363 71 148 748 -653 -108 -180 -701 1265 635 -801 426 112 -566 -445 891 323 405 -500 733 ]
[414 -409 772 -518 70 -663 1412 52 111 612 -491 107 -1206 258 -128 -406 428 -251 -766 -904 -87 -476 -592 170 588 -914 -55 186 -208 309 -620 -787 156 -528 912 35 -169 755 509 295 -231 -29 -779 -203 -496 -163 664 487 288 227 -440 -271 -20 152 -92 -985 -673 510 561 -815 1178 -60 -202 -2 -137 -641 629 -673 -590 -19 -358 -356 651 -886 307 -203 664 790 1238 939 -667 -566 169 -770 -96 607 -313 -179 -184 -3 -550 -54 -104 880 378 872 -387 803 -546 250 -683 -608 639 766 592 327 -50 -460 705 281 ]
[810 -287 700 -162 -728 -826 538 -62 -451 676 69 -350 266 -289 667 565 496 -122 -21 -1399 252 89 -628 134 872 593 -133 -516 344 -544 -91 -348 352 -174 -20 961 311 169 374 -599 484 464 -28 -1082 434 -464 690 314 337 551 -557 346 -30 316 -74 356 767 369 -164 377 -94 377 -122 871 -525 676 468 106 -660 303 217 437 -66 -724 510 -582 1125 662 428 498 17 -119 27 -401 179 146 -767 784 -32 204 -829 344 -269 -369 256 1005 -219 -651 163 383 -148 -279 846 267 800 697 60 -62 -356 107 ]
[-663 244 -25 -658 41 371 -442 -118 -414 -85 823 1361 228 -571 -433 -155 -590 82 -621 476 -251 134 511 -302 124 -282 -223 108 806 312 130 -392 -903 721 712 437 -21 213 -662 579 238 -206 330 750 355 305 86 1033 -178 406 -189 -320 -94 -41 542 -217 4 164 -170 -218 71 -1416 617 292 421 175 -601 -359 -453 180 844 684 536 349 255 -230 -1560 -182 -409 -282 56 -551 239 1044 -387 139 93 164 -1018 588 -125 524 -765 -41 37 -402 -280 -95 -399 -920 -255 -439 -474 36 -198 -247 -205 -889 -624 -983 ]
[410 -432 386 523 -180 558 109 659 -648 495 -760 292 130 -1317 46 -986 -33 -157 -379 161 -516 -179 -285 -823 -739 -932 813 403 299 -104 162 -99 -800 -102 -211 -26 445 -298 -744 -125 485 -507 -378 -160 48 -208 -76 -172 493 -565 460 264 -451 -295 -1016 -329 -92 315 -1447 659 475 837 233 573 441 452 609 -329 265 246 -308 233 -623 -169 400 -110 63 -28 -372 -262 478 292 -350 -707 257 153 -491 76 12 172 -686 332 170 19 262 594 155 745 352 -3 -325 -548 -102 946 -590 -768 212 -476 556 -198 ]
[8 213 -1070 403 1339 -344 -166 -136 -56 -4 -148 -284 640 223 167 -653 263 -730 -677 -689 1005 -180 969 563 94 435 -224 372 326 -385 -35 131 -541 -402 -913 454 -718 422 283 -261 179 245 420 -467 476 -864 83 -1254 -640 696 1057 144 -620 -1106 783 624 -309 267 -453 389 -765 265 -850 -177 -28 -343 985 102 -46 -521 206 -34 559 -341 120 726 876 -135 581 446 -805 -621 376 -391 52 -219 444 -256 -405 221 70 145 -378 -337 -174 177 134 -252 90 375 -41 129 263 14 379 -791 -808 -14 -720 65 ]
]
