[[-216 117 -499 -121 63 -309 359 -81 153 553 -295 884 -653 190 -61 -173 -188 2 -498 243 928 477 191 -108 320 691 251 -597 269 -1258 -867 -930 261 241 -786 118 87 298 -591 38 106 218 402 193 481 36 -394 76 -108 -95 -196 246 -792 -232 36 83 -534 -187 444 184 144 367 484 -129 -414 -220 88 -230 -598 700 440 -36 262 -25 -281 -13 27 95 638 668 -436 -648 -17 403 48 -40 141 414 -1109 157 -231 -228 -122 -951 213 79 -58 260 28 59 -240 -330 -538 103 209 96 -275 -27 -324 -597 ]
[515 346 -354 263 -275 389 247 116 769 -105 65 -434 -170 265 -380 542 -250 -200 328 159 -234 -390 -504 -84 -340 -484 -140 -307 -114 222 95 6 264 -190 525 -276 -258 542 470 -537 448 770 305 -464 -159 226 -307 -825 672 385 351 59 148 -538 -172 274 -479 -277 704 30 -208 -148 -536 721 757 553 262 -52 399 188 -654 408 -224 320 -361 106 -132 -467 -466 -757 597 94 153 165 873 -41 241 -348 669 -109 772 -407 322 90 -148 127 -1232 -597 -12 375 797 -214 588 -309 -53 -72 89 -244 151 -162 ]
[606 -661 -32 130 36 328 -472 125 485 -403 280 -204 -294 357 272 565 -951 768 -182 -378 -44 -990 -256 83 -250 -605 -616 227 687 -373 363 699 156 -28 839 -313 325 749 443 -414 459 -283 150 50 100 163 -270 -165 851 627 -226 357 429 -77 -401 -348 -283 -246 -97 -379 519 -227 423 338 173 1131 -510 715 450 255 -836 793 52 589 -239 188 -151 -179 -590 -955 845 750 -232 -367 688 351 32 -593 376 -393 432 212 271 97 -29 69 -703 -331 272 394 -201 148 216 -194 133 924 686 159 750 497 ]
[279 -178 348 241 413 -597 547 -201 99 -355 35 -868 1093 -713 308 117 1047 -190 -398 -734 -344 -91 243 829 258 -116 212 674 -598 721 177 210 -340 -427 526 409 71 -596 -361 518 -46 -227 -4 -253 -123 134 11 -221 134 -187 86 -274 53 913 -130 -126 432 75 -1039 -22 -251 -577 143 -475 956 -289 -1019 233 -177 -471 347 -266 -701 1078 361 415 -15 -281 62 11 -329 -147 -369 -1302 -726 443 -44 -328 291 307 156 230 -119 726 426 52 77 -406 -328 4 -720 246 -87 -129 -324 422 -37 -389 -140 -488 ]
[-16 333 699 674 550 -67 -311 359 -316 -674 -134 -174 322 366 -33 7 425 806 -799 -232 436 -105 439 138 424 130 -741 305 -552 -281 -364 0 -295 485 -488 -291 -87 110 -478 -333 460 -638 -43 158 -181 -198 -781 -228 -399 403 -759 349 257 542 -434 302 -172 -380 -33 3 174 -153 999 -415 -746 152 -949 91 -42 -592 760 -430 78 104 398 68 -422 -155 906 -291 -766 -792 -569 166 -1200 602 83 203 -62 -363 336 270 834 -301 -230 15 468 391 14 208 -590 56 179 -59 -539 668 -80 -71 -121 -266 ]
[-47 175 -25 -253 -251 152 -431 -759 -493 38 -33 -22 151 -534 758 142 583 -295 761 -54 -578 669 -352 742 -765 -229 597 366 60 1166 -328 31 -521 -69 -295 951 537 -704 -642 905 -460 51 -785 -96 -351 -468 1072 685 273 -81 314 -432 570 21 168 -588 605 192 -150 -257 -63 -718 -1207 340 -445 -358 173 -421 207 -143 -28 -488 -730 266 255 107 -474 -147 -499 -488 -130 158 694 -1088 -254 -763 -73 -163 993 -29 -806 234 154 752 51 134 739 -138 -551 -368 -50 855 -485 138 -218 -671 274 137 -329 695 ]
[-501 230 77 -470 538 179 460 150 191 268 203 -374 1231 -1098 181 22 339 -143 298 -410 -373 161 -54 -582 338 -531 -141 217 -440 527 1273 1031 195 -316 862 -34 -493 -662 110 34 253 -282 -557 664 -1343 202 -312 -326 406 -760 -209 -349 269 140 508 671 1248 -407 -96 126 -557 -157 73 -125 1325 -499 -155 124 45 -294 635 54 -33 86 -81 -466 346 -679 256 313 64 71 -832 295 -316 -54 -210 -328 517 158 501 -243 131 -399 237 -96 12 139 -384 -20 155 -73 457 -237 -632 214 27 -535 -322 -144 ]
[-834 -74 -303 -652 -452 232 -285 -527 292 68 -95 362 -681 -96 201 292 -1024 -128 -147 -203 -247 106 61 -316 185 501 376 -88 -353 -657 -315 192 -231 -496 296 317 416 -572 379 79 134 -587 -387 1647 -2 -298 -173 479 587 -514 224 198 -447 -562 133 -155 1014 -200 432 3 268 683 -390 -152 -58 -622 1061 49 -294 481 357 -425 41 -582 39 55 57 -458 -402 337 260 359 -370 694 121 -250 66 -69 -743 256 -935 -276 -433 -389 291 -241 125 146 -24 339 373 -93 -311 671 -211 -91 147 -344 -472 -282 ]
[594 190 -148 459 -319 -535 714 607 -180 800 -248 -938 738 -227 -384 -28 -78 -1023 -250 -408 -267 -530 501 257 116 72 -294 -18 -105 394 456 -250 112 -335 1149 -439 -411 -858 -30 334 64 353 472 -751 1034 781 48 -259 -788 -66 558 -726 -31 -45 -222 -382 -267 245 -351 -229 -692 -1066 167 -204 562 -331 -336 -173 419 -138 -430 41 -132 854 189 605 421 636 -378 103 108 481 547 -705 557 584 -370 198 357 809 -62 -678 -1211 73 147 143 -800 -704 -96 -635 -288 -516 9 309 911 -671 -499 -452 723 -456 ]
[-111 479 458 132 -1048 -350 -416 -496 -438 227 -201 371 -1234 1486 280 349 -503 123 -259 -179 1034 -247 298 263 -609 582 239 -48 -371 -311 -946 -528 -1 595 -142 363 488 -591 -680 608 -45 73 -143 -193 718 290 -317 659 -434 403 6 13 -355 -1414 141 -486 39 327 84 -985 0 -78 -41 25 -1319 96 235 -763 -101 474 332 -130 121 -199 -103 6 -621 66 -246 -286 -153 388 833 700 -65 -3 193 150 431 -53 -211 -372 -404 -414 124 -50 -183 789 319 -125 97 -69 -533 1092 453 -393 629 665 -95 250 ]
[-531 -268 605 -237 -16 -597 -683 317 -85 561 717 429 24 456 685 -373 -633 351 -236 348 132 -814 485 -410 131 -245 -544 101 692 -164 806 518 57 89 654 -725 -992 -290 699 245 -433 -332 313 -704 223 119 164 253 -1014 87 138 95 -172 -193 635 -829 1030 639 -577 -484 264 -176 740 -163 -394 153 57 -426 72 476 -452 700 880 -301 -139 -18 1038 842 -533 -33 559 1081 456 289 -212 429 -871 644 514 -75 388 -278 -852 -326 -146 -437 -296 72 120 -711 -798 108 -426 721 1065 83 329 808 856 1544 ]
[339 -313 945 176 37 577 -210 -177 469 -684 704 307 -552 1350 -599 481 -326 346 -387 -341 470 -327 -529 -408 -838 149 202 176 599 -199 224 201 505 300 112 -319 574 623 187 -951 155 -344 -303 86 -21 45 -809 302 -200 343 -321 783 -5 -335 -807 783 -496 -148 127 -257 -98 937 536 113 -709 811 466 347 -182 -683 556 97 759 -650 2 -434 -284 -330 609 -92 175 905 487 1619 -183 303 1005 -444 -453 -82 676 318 -98 -193 211 175 142 504 392 262 894 -414 1117 337 77 -357 618 -195 438 -137 ]
[-361 148 -555 10 -547 -237 -74 -407 -942 1247 -692 356 -6 -247 100 -458 -1 -970 -253 6 874 -72 660 -91 49 298 113 -290 -227 -676 -179 -243 -190 -148 194 703 482 -609 -459 1149 556 614 401 343 -213 647 88 568 -185 -341 -10 -920 -438 -321 927 -5 327 -459 -816 -297 -475 -617 -287 -340 -231 -582 -190 -7 -612 148 428 260 45 251 -418 -49 -904 261 596 807 -287 -387 -208 -320 -126 -131 -204 97 120 420 129 -436 -452 -466 146 390 239 1098 917 47 -424 50 -614 75 87 4 350 -50 -909 -575 ]
[-478 31 -322 -757 405 -300 450 -201 -555 -182 -230 95 747 -1421 239 -796 1069 601 408 189 -115 440 -465 403 -289 -106 143 208 141 725 102 -89 164 -23 -707 576 -642 -239 -832 1255 -367 324 -1248 577 -405 -197 1020 361 218 -470 98 18 -97 313 680 -114 312 479 -103 -16 372 330 -790 -96 886 -378 -72 821 -528 791 -351 -458 -715 606 -23 -677 115 -25 239 718 -264 -214 -423 -994 82 -1104 91 -372 244 -448 -884 78 425 411 530 126 583 337 -436 -401 158 -50 -939 -254 -630 177 1 815 -467 433 ]
[36 404 -363 162 420 11 -6 379 788 30 44 -211 -25 -923 -461 -571 27 451 980 378 -850 798 323 -633 321 -676 -450 -621 -309 1004 507 529 -9 266 418 -154 -462 -191 -506 -230 -442 -125 226 -16 -434 -301 238 -867 609 -372 -462 -183 316 134 472 269 483 4 935 59 -189 -360 -365 679 1090 -312 83 -551 1414 -41 231 -17 -549 123 -212 -247 -155 -199 -293 -554 -209 -902 -107 -172 271 -389 -753 360 569 -488 497 264 1498 237 -326 -379 -493 -246 -924 360 -226 -225 -170 -581 85 -88 -716 143 -143 712 ]
[-75 352 -221 508 -352 10 568 357 153 -1088 -700 -721 102 96 -426 261 128 345 -344 -98 -35 -1311 -142 721 562 117 -525 233 -791 239 -398 336 61 -399 414 362 -253 -98 1169 236 499 1250 274 -522 393 483 58 -540 407 943 262 481 -447 -65 -171 -152 -93 440 -51 -155 492 599 -259 -610 619 558 -463 198 -735 0 -726 -131 -300 429 684 242 643 -395 -918 -112 767 574 -610 -63 632 432 -84 -376 291 362 -133 190 322 879 -55 -338 -731 -243 823 469 767 -110 87 -29 -333 616 -460 35 284 -460 ]
[829 307 -67 472 648 802 567 -217 1034 -342 -5 -260 427 -1 -589 517 328 691 77 -340 434 284 -308 1061 -564 -181 -167 -231 160 1049 536 17 471 743 524 756 536 -252 -1107 -501 439 68 -563 -362 37 285 -142 -863 706 201 -647 431 174 4 -709 452 -916 231 942 -312 -492 -760 -397 163 142 85 -1165 -429 660 -824 793 -123 -259 421 235 -299 -335 -830 183 -293 -120 573 378 -795 -607 -180 25 -482 561 -58 587 436 997 517 649 294 0 530 -888 120 320 -327 407 310 -288 161 209 -639 324 -349 ]
[-389 -231 -192 -467 323 -457 826 434 -1088 658 -434 833 -16 -686 187 -162 280 -97 300 203 40 118 359 3 746 1046 -157 -28 94 -186 -207 -330 -315 -764 -713 221 -498 330 -245 651 -125 1184 -482 -12 28 296 617 186 -806 -57 434 -9 -389 722 742 -79 792 -80 -360 92 455 651 172 -490 640 -141 -151 450 -911 918 -251 -239 252 172 -350 -404 665 512 513 609 -457 -212 -377 -543 661 -234 -124 66 -766 581 -961 -166 -113 -1019 152 196 228 -40 433 -1017 -75 147 -514 -313 147 205 -314 413 -85 514 ]
[-103 -15 -441 -389 186 -315 170 -635 683 187 592 543 -713 -36 432 -197 -1045 -122 13 -308 -646 247 -852 -753 -330 -726 292 -839 1123 -920 -707 -76 800 -520 -482 -599 -220 541 439 -470 253 -575 139 821 -352 -467 -442 -1 503 -190 -560 725 -383 -120 -103 -121 -78 -579 434 98 42 486 263 1134 229 -86 1231 199 -45 1220 -191 361 644 166 20 468 901 -80 104 252 437 185 515 1467 801 -184 -17 -119 -483 127 -110 -482 -449 -955 338 -652 -839 -931 -812 49 380 -413 62 -302 -201 -318 -592 -348 674 -15 ]
[-526 648 719 -288 -66 -1009 145 298 -671 -92 -53 -209 1058 -780 589 392 1025 156 -216 419 -56 143 -72 386 183 554 -198 396 -1413 1047 8 925 -635 -178 508 16 -463 -1388 112 970 427 -179 -443 -76 -474 264 35 -79 -186 11 250 -501 225 -201 244 -356 1949 386 -33 -892 -115 -287 -403 -326 580 -88 -257 -480 -45 78 305 -932 -746 676 395 70 231 -770 514 -262 -71 270 -280 -250 -527 311 -13 120 914 316 28 -267 -132 -321 710 520 -432 -304 -244 -546 265 329 248 911 101 -19 150 676 -333 246 ]
[-10 -380 618 159 -292 -466 -883 -671 -746 -769 215 -268 -651 340 298 211 -178 481 -645 124 14 -377 -414 169 29 -64 20 383 -1008 199 -1157 58 -430 211 -1057 -108 -50 445 52 51 331 -170 -5 -328 48 -681 -73 306 -32 478 182 464 320 234 -172 -616 445 916 -702 -727 676 17 -63 435 -445 74 61 -359 354 -324 -994 -604 -743 492 199 159 -165 15 -514 -428 177 -77 148 -127 -767 65 466 -284 641 -630 155 613 249 470 213 163 -152 161 -188 298 -61 217 -36 385 -374 457 -217 1939 192 624 ]
[-361 248 -247 -101 -121 109 834 390 -413 63 -437 -1031 576 -538 -122 -286 353 590 1126 -642 -905 -314 -440 -351 -57 -802 -345 -112 -429 1009 676 684 107 -217 399 770 -477 -1011 255 376 -423 409 -967 148 -430 741 240 -10 434 -232 16 43 156 37 662 173 110 -304 126 -34 -172 89 -410 -134 1634 -617 35 591 -215 646 255 -235 -59 227 151 -841 -161 -432 134 -299 503 199 -16 216 1404 -543 -47 -368 671 763 -298 -314 284 383 169 -188 -257 -483 -326 -320 223 -285 37 -207 -1175 -709 -372 -556 163 77 ]
[550 -528 804 686 496 -1325 -163 86 -1027 387 262 -306 1091 -1102 -109 -202 290 -696 125 -872 17 -116 983 -307 176 -81 -610 477 -483 -6 200 392 -33 -305 496 -880 -53 81 -81 313 1121 -300 49 648 -1116 745 -113 -422 -316 -355 -1003 -617 398 382 264 418 558 -87 -676 -845 -333 74 783 -383 836 481 -687 908 470 -117 258 859 -151 746 -491 189 -860 817 1314 335 -603 -490 -696 -235 -6 566 -173 -182 -183 61 605 -104 133 -463 210 78 -320 1106 238 -64 -247 -442 556 -943 -209 878 353 340 -85 -120 ]
[-629 -552 -49 184 341 603 -919 125 -1334 1172 317 597 187 -917 73 -340 -1003 333 804 32 410 -271 637 -402 217 -58 -494 41 625 167 588 557 109 -131 872 743 328 -563 -245 243 522 327 -1138 922 -617 261 1003 748 -49 -510 -384 216 177 151 1222 -217 682 708 300 -572 -178 -602 -420 -54 -347 -804 -62 733 339 115 -369 96 304 152 -493 -962 -474 422 267 -3 908 996 148 -847 215 -509 -543 280 361 221 -552 392 352 194 -137 421 1050 1715 373 -431 42 -388 2 207 479 87 266 481 -117 689 ]
[360 192 -532 -164 -325 1113 225 390 982 -131 -143 -377 664 -712 -391 -600 240 393 284 -277 -690 501 -464 -132 -374 -260 382 -265 619 654 675 859 61 -94 1492 531 -486 -453 -344 163 -915 448 -585 352 369 -133 600 488 453 -272 290 -96 154 178 -103 299 96 -245 730 167 66 -83 -774 702 621 -84 663 661 21 -199 -531 -831 -797 947 210 -226 -203 -632 -297 -405 822 583 -100 -315 941 -804 -50 -295 398 -584 -943 -514 302 492 364 277 -708 -1329 -251 100 1026 -346 -43 -7 530 -1268 -719 -543 108 -257 ]
[-413 -74 -506 -315 320 153 -876 189 626 -465 -140 66 900 -735 244 333 -268 696 -1320 -53 -486 -320 431 599 -348 -128 -1051 -420 169 -352 -18 567 -910 -80 722 -597 -30 -221 -826 410 313 -787 -487 1577 -168 -937 -225 -723 418 2 -23 -305 -300 817 168 -441 728 -910 631 263 394 -771 -35 -272 -150 -703 -335 520 483 -229 -262 -553 -492 1113 44 281 -555 -792 -15 -384 -371 -434 -1181 -1272 -1451 285 -313 -134 391 -1412 -210 -92 675 -358 157 370 297 -531 -364 709 -871 567 -720 619 608 968 975 -178 -287 -49 ]
[-179 95 791 47 728 -206 -280 628 -96 -251 345 149 -48 10 269 -1136 278 602 -813 631 1031 -355 -215 -703 143 525 24 808 30 -724 498 576 566 12 -348 -438 -31 1032 350 -111 -238 -854 136 -34 236 -600 -740 688 -429 -19 -251 442 383 -36 1 285 74 92 -1310 113 521 407 742 -169 -247 490 -511 594 -212 196 -513 -31 -61 662 85 -365 252 55 181 569 169 155 -1028 318 -980 244 268 -398 -889 -532 396 937 -184 -42 -718 256 669 584 719 570 83 -597 267 -141 743 1152 -240 1089 -369 -151 ]
[-720 -93 308 -390 1041 211 -34 360 -174 306 324 -254 1214 -197 293 -1273 1365 60 172 566 -225 558 -200 -463 -401 -766 -425 -173 394 -347 508 89 -186 -174 -358 -62 342 292 680 -477 -453 -690 -77 916 -1255 -174 -194 469 -449 -308 -38 -34 -150 543 252 635 -139 -680 101 874 -207 320 95 -374 336 -721 831 1088 -487 84 607 -214 254 140 112 -548 -14 -325 1257 489 -130 -583 -279 410 -1317 -483 302 331 -879 137 745 217 56 263 -729 154 1004 276 -25 199 71 167 496 -393 162 -488 144 -958 -989 -334 ]
[-85 808 780 443 209 -854 -34 294 47 -89 -25 338 -882 345 -277 -703 91 391 -424 563 480 411 226 -930 712 631 336 -117 -350 235 363 317 618 599 -18 -863 101 -77 -221 -537 -514 -1238 412 -537 760 -403 -654 -383 58 -42 -773 -209 329 -582 225 2 141 220 -832 -219 -69 287 990 329 -711 195 -19 -601 704 -279 435 -173 97 -312 285 20 155 240 379 709 -319 -661 -138 1509 -184 337 -621 430 -540 -226 28 469 -662 335 -301 -159 113 422 -94 57 -57 -488 494 -649 993 563 -629 723 401 88 ]
[129 412 -194 293 -26 -680 41 -219 92 926 710 -381 -158 -741 395 -331 178 -938 775 784 378 557 67 -428 549 -276 335 -722 -90 -217 -448 -620 194 -864 -93 -353 12 300 -446 315 405 258 996 210 -471 313 -241 -206 321 -524 -270 -53 245 -507 355 46 -91 -502 120 -204 -750 -584 -526 920 587 -368 389 -593 200 913 449 949 -295 667 -487 719 -474 114 804 126 -569 -692 249 190 245 344 314 184 -159 730 1109 -473 796 -442 -476 -25 -931 -244 -232 90 -178 -794 -75 -408 128 -778 -768 -406 -1067 -649 ]
[-267 361 -313 258 -559 33 854 -413 -54 -499 52 -995 471 119 -304 -464 113 -1014 203 390 41 -640 124 698 -206 -543 -215 397 -83 285 -69 -464 766 -1287 852 355 292 -146 150 763 544 385 63 639 426 100 46 322 14 19 204 273 -740 3 -172 596 -355 721 -685 -216 -949 -247 -1187 29 460 -94 240 663 -400 361 282 -344 -146 402 543 450 1174 -264 -946 883 460 782 192 182 -608 270 627 -679 457 674 963 -554 -173 1182 574 -353 -124 535 1000 107 882 -836 271 321 -414 -349 -357 -1121 -386 -1009 ]
[218 -565 -645 -136 -196 1165 -674 205 230 -321 81 -239 160 167 -383 -351 -632 -155 -477 217 -388 -385 -110 -8 42 -390 -1025 277 376 -398 1262 465 -235 86 783 -306 206 636 954 -1180 -214 -908 -191 990 1 -152 -242 861 -7 490 461 -60 462 135 -886 499 -156 -385 -194 527 485 264 287 -193 -880 454 203 806 252 -925 375 -797 307 -854 426 -208 24 56 206 273 545 432 -768 477 -537 -368 379 72 -815 -310 339 -193 -368 904 -254 -132 812 240 769 330 -155 301 855 -270 393 -83 540 -820 315 497 ]
[-583 542 -386 28 340 366 48 454 -211 317 -685 143 955 -1210 362 -558 236 -391 659 304 -427 785 -406 -973 69 -201 -14 -510 468 -552 -207 520 159 296 469 -259 -69 -197 156 128 -172 412 -198 431 -225 -214 199 -303 879 -228 -801 -277 -257 918 555 0 229 -13 519 -31 -487 -219 -591 309 182 -489 576 -11 -144 176 18 -321 -92 769 487 -171 -358 -229 403 286 811 -439 -222 806 17 -424 -785 97 370 -18 -451 -266 -218 172 378 558 -118 -151 -436 387 806 -372 577 -506 -108 -480 -602 -856 310 -538 ]
[-97 -492 753 -605 112 -762 -453 -850 227 -806 -5 -237 -396 189 917 89 418 600 -458 -224 496 276 74 659 1110 -237 618 -63 -113 -633 -656 52 -516 -396 237 -47 210 134 304 297 43 -819 574 712 -555 -159 -152 -535 1042 -181 -725 169 -246 108 212 -815 651 -45 -602 -340 306 -142 441 -416 318 348 53 243 -1051 514 -92 720 -634 166 165 803 -110 187 -314 -99 -332 -382 -1192 -605 -1100 164 -799 -496 -127 -630 -445 -5 386 251 79 -567 -454 250 -361 322 -286 771 -557 104 99 1465 971 35 -603 -2 ]
[-11 910 125 506 -92 -455 202 -936 394 355 13 739 -307 715 363 1326 477 -456 -445 -81 628 -54 -290 444 -539 647 867 68 685 62 -549 -148 104 -237 -515 239 998 -319 -332 387 458 402 224 -463 -357 158 371 34 572 219 149 -217 -99 -681 8 -87 170 -838 40 301 -786 -108 25 -135 -893 782 9 -296 -510 -148 47 748 200 -290 -133 632 -286 -759 -134 17 -122 70 732 212 255 294 682 -20 322 784 173 673 -258 -325 2 385 48 193 266 472 722 710 -163 6 413 408 439 -445 -759 -437 ]
[-97 85 229 -228 -494 -86 -900 28 587 -176 548 -33 345 97 -198 416 -633 353 179 410 -536 -803 -393 106 -762 201 -937 155 116 130 928 459 134 -685 7 -662 -955 588 1035 -667 754 -707 -487 905 -1047 110 -170 27 104 397 374 455 738 -466 -353 228 375 -1161 350 322 338 407 -305 607 -182 759 344 911 -36 592 -369 739 853 -759 -34 182 -276 133 933 -216 297 1230 -291 658 542 81 871 -180 -204 543 379 -339 -288 -596 -520 209 -13 -67 230 -77 868 161 797 344 -644 191 795 -543 -181 625 ]
[-14 -614 -478 -181 -104 -58 -636 76 -583 -262 120 9 170 -1171 -506 -95 -954 370 38 -97 -3 -423 -537 -1099 416 -675 158 -125 61 -250 -443 789 426 -57 612 -108 310 -517 1022 257 1023 -80 -342 806 -132 -260 163 -187 1197 -790 -443 192 -116 -695 71 -27 -202 599 421 -339 338 299 -164 -198 569 -176 930 1217 58 81 -1105 -611 -322 -369 -320 -172 149 -94 -410 76 1166 99 -449 524 1877 73 -202 -496 143 11 -1235 105 -117 702 693 172 -113 325 479 3 863 -546 380 -287 54 287 -103 686 338 -503 ]
[779 139 -23 -117 138 59 -77 929 384 -270 546 -359 1554 14 16 -694 115 -429 -63 267 137 228 18 -51 -779 -918 -433 52 -122 -258 1141 1305 -212 535 1304 -577 -27 -228 -92 120 -3 -1092 181 -565 -247 -241 -530 -450 -439 -315 -935 -929 -103 446 -86 627 -245 -355 -250 349 -704 -1534 86 -204 -9 268 -1263 -224 1175 -551 249 -301 -32 118 -94 140 -174 -306 -146 -418 -208 -125 -718 -590 -1260 325 -614 -742 850 -902 1012 -208 -353 -151 436 -272 -51 -142 -51 80 -112 -239 695 -155 528 469 454 -200 472 -373 ]
[359 -139 387 -216 -420 -83 -633 791 -1186 -620 351 387 319 421 -91 -590 1238 -608 883 461 -15 142 711 442 -1035 136 -611 665 -359 791 396 -522 -710 517 138 -706 865 -131 -1083 568 -487 150 -900 -153 -126 -67 67 753 -863 596 670 -1151 -173 -163 377 166 384 391 -746 -422 -151 12 -405 -29 -856 367 530 339 850 -892 880 -709 -135 -395 -47 -270 -1203 543 665 -546 -997 -782 668 526 -264 -244 248 -27 987 -394 483 44 -74 951 -230 299 1138 769 856 -235 -330 302 62 -829 987 -909 1150 448 223 936 ]
[508 -576 -85 172 -709 -622 -715 -1253 801 445 -171 35 -610 631 357 380 -970 -216 -295 -969 -160 56 269 932 -185 699 763 -297 414 -443 -917 -252 -618 -31 -1194 694 617 358 -128 181 -713 -21 4 -14 302 -79 -228 83 -151 -14 312 437 -671 148 -68 -508 372 -399 -429 -17 484 45 -312 -25 -261 -675 381 -884 -531 -53 -9 640 -84 158 154 222 -696 651 -303 13 -227 643 589 -279 -148 189 16 -360 -383 624 -583 479 -481 -549 192 -114 115 -793 -153 749 -258 360 -734 1375 157 -513 -165 63 -90 215 ]
[534 -17 45 -49 380 -234 309 898 -154 410 -379 133 -95 457 -616 -15 -522 971 -296 -274 471 -265 128 213 -449 322 -871 123 -223 403 914 763 4 322 -522 156 220 -689 -882 -562 455 -1178 -340 -106 33 -4 -174 376 -76 112 227 -67 661 -330 -589 -175 -119 -106 272 -405 -13 -990 789 -90 33 273 -1191 -306 1144 -576 407 -75 80 -33 -15 -655 -692 29 510 -261 -283 70 288 -852 55 -33 -5 -64 -64 599 120 919 25 -1080 -73 631 369 767 -980 -95 -377 100 -353 593 -350 729 549 448 389 340 ]
[187 178 280 -384 321 806 32 -82 -200 -296 249 -417 251 -331 -347 -115 1312 -101 469 514 -243 851 -668 -353 160 -1188 434 -465 268 804 624 -338 -374 160 -349 -557 -172 297 -38 416 -68 596 329 -40 -678 443 -582 143 196 -328 -237 -557 618 240 75 1071 203 -397 -281 -97 -341 -484 -579 598 922 154 774 -79 -242 -620 418 416 -507 83 -302 -502 -626 -365 516 -619 -594 -977 218 557 -126 -415 61 -241 782 -629 1298 -143 1144 -193 -109 353 -434 -531 87 274 -104 398 343 -352 208 -781 63 -67 -614 21 ]
[-11 -379 21 -694 -973 67 103 -296 -314 -182 -62 -1175 475 37 484 142 27 -491 567 -382 79 200 -36 553 763 -712 511 -76 -1091 158 -437 64 -242 88 165 300 229 -191 -488 365 -851 690 462 -333 52 121 -385 554 503 -5 653 -376 173 103 397 -141 620 734 -1121 -751 336 -482 -208 951 1176 -346 63 -609 -190 -414 7 -210 -1206 966 186 -51 -129 -310 -926 -320 227 -732 -407 190 57 -239 99 -17 1026 28 101 -721 -415 594 -43 -191 -609 -599 -5 5 -386 580 49 65 118 -637 -144 373 -475 -94 ]
[-611 -17 -51 268 -863 -62 -1230 -154 -222 -687 394 380 -70 640 170 623 -1129 212 -483 192 -472 -1107 -126 59 -268 -145 -120 -33 491 -639 -1213 178 -395 49 -63 -182 0 -257 577 166 200 96 104 347 357 -472 471 843 -578 956 -198 842 -245 157 -213 -260 -44 -199 185 449 757 531 9 -147 -1487 540 517 77 -112 182 -430 -242 683 -56 445 864 18 -620 -267 -969 721 424 196 250 976 450 435 939 167 -1 -421 -2 -63 23 -156 -766 435 -949 653 101 -253 363 188 442 418 -470 -491 275 292 397 ]
[866 162 405 279 -79 302 548 187 1273 -226 -951 -325 -175 495 -1148 343 43 -253 225 201 -280 -410 218 -430 287 129 328 269 -1014 678 653 -246 -259 35 625 -551 -150 498 266 -360 -185 -201 1014 -292 722 -167 -468 -1257 880 -216 257 -555 556 252 -559 418 -811 -153 -772 316 -98 -339 -346 -229 1545 328 -479 113 1146 -520 -433 -8 -112 -270 -334 651 -408 -85 -791 73 -262 -1186 -564 -525 468 436 -563 -55 -216 -83 326 -268 -350 535 -33 423 -718 329 -338 134 27 136 210 -150 -111 1021 457 -463 -383 -387 ]
[-234 -85 -237 -255 768 -548 950 -573 11 -372 -254 -56 -323 -362 57 -654 886 323 -348 361 553 417 -545 -462 855 -607 215 -216 -1253 358 620 604 321 264 -202 362 -935 -869 194 119 -219 -710 620 -532 -682 190 -802 -722 259 -653 -196 215 -457 428 381 301 297 748 -901 -217 -990 -285 577 -679 1129 -882 -701 -750 -217 -268 1134 -809 210 -715 445 -609 927 -112 697 736 -73 -476 -579 564 -1202 160 -478 70 373 -379 1587 -260 555 58 434 -343 -115 558 -550 66 -898 -361 -373 687 -1230 308 -160 485 -423 -725 ]
[-183 509 -341 -316 435 -661 857 386 -655 411 -760 -538 1161 -723 679 -787 583 381 -137 -849 183 -3 95 -470 152 -1052 -1116 -448 81 -168 -294 57 113 703 -1249 -133 -1091 -437 130 403 206 354 243 246 -694 742 -20 -127 -1004 -436 -485 -145 110 -1083 74 369 -1106 239 687 -292 714 471 580 -545 299 -588 -535 -25 -690 732 139 336 149 -245 -37 -673 608 -128 1070 823 -436 -725 -113 484 632 -331 -602 715 -171 -204 -415 -754 -58 -1179 -206 -703 -227 -141 -39 -583 -9 74 -524 -392 -949 -520 -835 -53 -156 -563 ]
[-614 328 -1085 446 -4 111 426 151 843 1034 51 270 579 -409 -55 205 -248 -288 -180 33 403 -316 264 11 899 -403 144 -636 696 -535 390 -276 673 -784 724 -110 -61 -671 -58 167 -71 529 669 -48 -107 232 -765 -784 703 -80 267 -252 -538 -146 -90 373 -129 -880 110 384 -505 -666 614 -439 672 -575 695 -422 -519 243 1502 591 103 674 -143 -343 521 -331 252 621 239 -971 -373 543 859 642 -123 707 -414 1184 924 -886 -91 -195 -267 -45 -201 -650 85 -77 -1248 -81 -404 -111 495 -644 -85 -1720 -611 -897 ]
[-175 -195 -183 -699 -323 -413 720 -22 963 630 124 612 -120 301 -390 147 156 9 410 676 161 389 -209 338 30 837 602 -487 -1490 402 594 -40 466 597 -613 3 -873 144 -133 -341 -608 -114 76 -817 315 51 -963 -1119 -384 -310 729 -7 -656 391 711 583 289 476 -274 310 57 329 -264 88 1747 -689 31 -1328 600 -134 481 -605 19 -416 -323 -532 251 -120 71 47 -130 -324 -280 63 -122 -160 287 -121 222 -373 1541 -715 76 -819 572 305 -726 -470 -363 -217 -274 -583 -29 899 -82 117 437 1162 -229 107 ]
[-408 85 215 -5 1094 -831 903 502 141 93 951 -165 375 -346 319 -320 -95 -133 -150 -372 972 39 303 42 223 -718 -461 439 648 -512 449 -463 596 393 540 -522 -350 -616 -199 149 104 -651 -466 507 153 468 -987 284 -172 -476 -31 314 -551 -724 256 320 190 1009 624 -920 -722 -316 998 -276 631 -82 -445 -201 -438 883 1444 364 -98 872 -136 -537 515 232 839 335 382 -50 442 1431 -574 258 -161 735 -85 167 1035 -819 -477 -705 397 -134 -241 114 -516 97 -860 -804 -156 590 855 -664 224 -356 -54 -809 ]
[91 -328 570 488 -599 -269 -635 -52 -248 47 308 -183 -763 259 -3 228 -236 65 1031 -490 -969 -854 -248 -343 -1446 520 -335 778 230 1108 176 -234 -190 -128 -318 109 158 557 -200 318 -354 180 -1041 86 -167 105 711 312 -420 112 247 -111 319 254 472 268 -132 -872 -314 287 -44 419 -569 -218 -134 -516 701 490 595 96 -184 272 297 -92 -164 -194 -1060 771 453 -322 -293 465 1054 326 999 -360 782 -600 220 866 378 856 -93 452 -374 176 727 37 72 -113 387 -420 154 -89 -184 -1388 -11 352 301 700 ]
[1039 32 -241 112 -572 -129 694 225 -416 -313 339 -548 480 -381 480 892 180 303 136 -325 847 -486 -891 464 590 -301 619 9 -8 747 191 806 169 -207 1068 259 -658 -132 -619 410 -191 1104 -822 -215 -6 796 357 73 875 -235 -414 489 90 -181 286 -10 136 579 255 -941 -454 -440 -562 -5 960 21 -1224 -410 -456 -367 -226 -565 -318 375 -31 151 -165 -1107 -213 -544 520 762 -491 -811 821 111 271 -862 1313 -56 -194 -165 912 378 1241 66 -988 -5 136 324 436 65 662 540 25 231 439 285 401 47 ]
[185 61 -43 -207 597 1088 -256 20 -948 -184 52 -612 -28 355 -156 1405 -708 287 -48 238 -413 -705 -857 570 113 -767 -642 -387 1382 343 93 44 -552 -89 -696 -479 -53 184 181 -32 542 750 -742 -21 -172 -1 323 464 -608 991 428 1017 589 159 -243 -218 473 -516 991 -63 -77 -540 1 -122 -752 16 684 -382 -46 -830 -807 -13 167 30 483 -264 352 466 -500 -958 349 838 848 -533 446 -529 -123 -471 846 76 -167 228 651 -598 -338 -225 -36 -728 -633 -870 584 175 60 279 -195 -631 44 412 1014 1114 ]
[250 -661 -681 -207 -870 577 -414 58 -116 213 797 580 887 -705 598 144 -165 -159 376 -130 234 -152 -1063 -762 -278 -1063 350 446 1150 -441 240 738 310 289 16 -89 -114 235 533 345 -197 -492 -749 599 -521 -207 971 1341 387 -488 -181 -483 885 -145 -292 -124 -469 255 402 -67 268 295 314 -191 -475 1396 -509 721 -391 63 -319 -16 173 -564 -436 -175 -154 40 96 60 992 485 -498 289 820 128 963 -292 -193 -765 -208 -483 163 -315 621 389 -96 -156 443 7 366 416 -19 -186 22 -88 635 405 7 100 ]
[741 -953 -650 174 -437 41 350 460 -220 624 -25 342 -124 411 -591 -804 -788 507 81 377 352 -117 106 326 -6 209 -112 -688 1379 -744 739 -415 89 -526 192 -780 -947 549 30 186 -560 341 -65 -29 1118 330 739 27 -466 -412 -220 -133 -389 714 555 -18 -1734 -155 49 300 -87 -434 101 273 -117 48 -169 642 -37 954 -892 992 660 -436 -423 266 349 888 -160 368 133 633 31 89 814 -310 -545 27 -390 114 -436 -363 -315 -642 295 43 -691 -394 -59 -178 -178 -559 -620 467 726 -160 -408 -377 828 -397 ]
[-627 402 906 267 803 -2 -354 681 292 -42 1576 108 -182 69 171 225 -59 6 282 -562 -555 375 1028 -336 472 456 148 53 -705 282 -105 -354 88 -242 138 -931 -227 -794 -363 -392 681 -994 348 432 -189 -748 -342 -650 -874 -1391 -170 76 613 -156 21 -79 801 -245 940 288 -755 265 665 -203 -477 -1093 238 -466 776 22 869 283 497 -1149 -151 639 524 244 -332 -194 -917 -569 259 766 -530 471 -393 254 -53 132 -99 198 493 -667 -346 -848 567 -315 -845 -652 -387 -886 -180 6 358 -143 -384 85 -664 -559 ]
[-687 279 284 807 768 -926 317 -42 632 831 694 318 983 0 581 -157 624 546 -519 18 1043 460 326 -454 -30 -199 -391 398 132 -583 -45 33 7 884 234 158 489 -774 -384 -546 194 -349 123 -711 -76 305 -929 -291 -237 41 -477 328 -138 -466 -211 576 45 410 365 -123 -115 69 1345 -731 -439 1110 -892 -367 57 321 1241 297 7 644 -409 -219 -20 -872 428 -686 704 -86 296 614 -10 340 250 1015 87 446 1384 206 -193 -614 461 -102 -110 -228 -154 611 -810 -606 425 131 750 -60 -856 36 -113 -76 ]
[-206 -900 -335 -1195 -2 362 -714 123 -299 81 24 192 334 -31 723 -131 -807 239 -105 -13 291 -494 -551 -1049 -607 -358 -233 -185 389 -471 676 981 -401 279 -545 268 -110 551 10 -562 73 -55 -260 -396 -1184 -498 111 -12 -300 -419 333 -105 253 466 286 -116 -305 -633 -862 657 182 -432 205 330 -474 -419 -649 -530 -104 -134 -218 632 1037 -608 -336 -696 -484 331 302 132 120 506 -804 -201 -323 120 -514 -240 615 -427 543 476 -727 -1098 -341 53 1410 -69 -256 -255 -712 351 338 619 -548 -82 347 443 335 420 ]
[-776 192 -537 -723 -515 -299 -171 234 -591 517 186 89 -6 -597 -528 -891 -664 -330 -445 1176 581 -774 -482 -946 1080 264 387 -177 -901 -826 194 299 -131 -52 215 -659 -1100 -1039 856 861 446 498 817 336 533 297 -132 208 -294 -351 983 -306 -121 -1002 220 -215 840 499 94 -19 190 -21 -373 -423 316 67 999 -570 -741 478 -505 11 -332 -430 -84 322 -48 363 -7 181 521 -13 -93 785 671 -285 -13 474 201 634 -250 -829 -1011 -368 -194 72 -547 -113 360 -5 180 -810 -632 670 474 -1099 -561 983 -629 -105 ]
[-131 -185 27 -270 -868 173 -475 367 -676 151 -981 -111 123 -528 1289 -340 -762 -81 1348 -113 -401 275 226 446 -374 447 -1200 985 -1036 -90 -158 1404 -624 43 -377 1119 910 -521 614 513 364 -695 -499 140 -905 68 404 -104 295 324 -401 -984 255 -379 -83 -541 1038 252 189 -716 494 -855 -853 -574 -630 180 -723 -883 547 31 707 -22 -95 -846 72 -126 -458 285 -175 -582 -10 169 91 -121 -154 -220 -552 -625 750 1057 -553 557 -266 -424 -282 98 823 445 244 -80 379 702 83 289 -1203 -91 385 -158 36 274 ]
[-352 -156 -525 -491 -240 246 301 -673 519 821 -679 75 -612 425 -371 593 38 752 -278 -100 711 70 289 -82 1132 -84 -28 -600 -1180 -53 -408 -596 -80 986 -318 1137 388 216 -810 -169 638 402 523 340 -350 423 -748 -526 1100 -190 -115 -62 -99 -460 493 174 -147 -265 344 203 537 -118 249 112 595 -688 -354 -143 -547 -303 72 119 -276 -298 -363 187 -400 -962 -51 67 -47 -238 -416 212 -138 -246 398 -105 92 269 258 59 607 -291 23 293 -431 520 81 922 39 644 -255 97 -209 629 -174 453 -1278 -580 ]
[-440 -95 -431 -883 69 149 179 -843 -478 -125 -296 1131 -154 -232 160 187 -368 -439 535 -83 -368 320 41 -743 367 369 821 -583 134 -440 -893 -128 32 -23 -541 703 341 416 651 -447 -152 689 -541 654 -402 -323 399 -264 -377 -602 -17 300 -892 183 820 503 260 197 293 348 -51 1343 -571 -17 -159 -812 932 -272 -1064 284 489 -233 941 -1328 -632 -822 -45 -286 778 833 388 -362 173 1132 286 -132 -361 123 -762 -72 -1146 -79 -914 -285 801 212 852 -13 388 -674 642 748 924 -153 -534 -275 210 -813 -181 -172 ]
[-573 -11 -566 577 45 843 577 614 228 -453 123 -399 168 69 -1053 -242 -530 51 -264 1005 -854 -524 67 407 -72 -107 -65 -433 -608 369 -70 -283 -101 -1081 336 -225 -400 137 -362 -95 71 896 523 -4 1011 -134 -312 -1363 5 -169 428 608 -958 1159 364 242 -623 355 576 400 -265 -27 -1371 236 1128 -747 193 507 93 -330 -117 86 143 614 -36 -567 195 -245 121 -105 214 -502 271 -971 74 475 238 287 -150 -16 315 -186 70 876 -296 367 -427 -763 375 483 -19 -921 132 484 -460 -597 -769 -172 -534 -1498 ]
[-918 466 -631 97 89 206 -755 -1063 328 -389 353 -155 -363 -624 360 262 -283 405 -469 -457 -841 -313 -224 -289 -696 -238 -169 -401 502 162 185 305 -355 -89 339 -124 -141 -553 -94 614 -148 12 -912 1003 100 77 -102 -301 152 5 157 -5 -198 -370 654 -376 1194 -897 818 -398 -95 585 -497 -458 -439 -566 1302 -205 -352 399 387 739 -284 604 -36 -423 -738 407 -112 -99 432 605 467 671 -83 -276 -18 -269 64 -467 -586 85 266 115 332 6 -192 -242 -324 432 -136 -265 -1056 200 -76 -927 184 -138 -152 787 ]
[-693 105 355 478 449 -180 -466 278 321 298 342 -872 1873 -205 -529 -811 645 -79 -284 877 -255 -314 245 445 288 125 -284 -26 212 472 1249 489 -877 -549 1276 106 430 -1104 1280 271 -23 -345 -225 234 738 230 325 -135 -352 14 231 -185 -133 339 -347 -455 410 -334 -398 167 -205 -568 -283 -970 239 -530 200 126 -347 -412 299 -232 -213 353 830 700 -99 177 -549 327 202 960 -366 -283 -952 221 -616 -182 -354 893 -155 -174 -415 1245 111 178 -1 -364 208 225 -526 -62 -119 554 1094 -622 -92 -1183 72 350 ]
[464 -176 -55 -7 536 752 175 689 125 -259 -61 311 9 -839 -261 16 256 638 1360 438 -65 350 -871 -897 -568 199 -827 -178 321 380 241 406 399 260 -676 -317 58 1180 -180 -895 466 486 -264 18 -428 -30 182 -642 401 -32 -419 378 1338 976 -793 72 -359 401 811 -577 485 866 -203 737 782 846 -344 20 719 14 -155 599 -198 -288 23 -544 506 -112 188 143 -286 370 -97 470 249 -23 950 -359 45 167 704 804 1569 -196 24 846 -856 372 -263 262 527 -493 523 -424 -1361 -2 -840 142 304 849 ]
[-260 751 -333 207 492 632 375 -635 -119 -418 -351 -453 43 -190 353 -168 663 489 32 -1145 25 345 221 771 559 -361 -264 -2 -442 892 92 238 -20 230 456 1234 492 -1240 41 210 565 -728 -34 1016 -872 66 120 298 183 -177 -544 39 300 -241 -308 472 111 -249 -270 362 -408 -516 371 -782 -151 -1008 -413 179 -333 -298 929 -1319 -161 -762 907 441 348 -635 -374 -210 196 -601 -547 -106 -443 -635 -771 85 870 -282 -290 -258 847 535 57 -939 1250 542 3 147 -446 445 -51 21 -405 462 106 -918 -888 -317 ]
[711 40 7 502 727 -146 65 112 202 -731 -137 -641 -374 -292 373 6 -447 271 473 -498 -750 335 -632 -224 635 305 266 712 -1605 549 153 1077 -678 15 570 267 24 218 1288 -588 -518 -377 149 -505 -180 296 -571 -689 945 -116 9 37 139 236 -176 26 614 -633 -42 388 189 318 -100 -23 1670 -63 -812 16 501 82 -75 -1113 -382 4 479 -221 386 -455 -25 -931 15 -596 -1088 -236 57 101 -667 -11 -218 23 -470 -14 397 617 -784 -338 -450 -740 -117 573 -426 570 598 192 -504 375 -465 238 234 -15 ]
[1012 -695 510 172 -152 -129 502 -533 860 -410 165 32 -413 628 498 887 275 150 -382 -984 -525 -105 -330 213 -608 312 -160 574 -119 17 -385 370 -212 395 603 163 -32 1302 200 -207 353 -374 734 -101 -574 340 37 -136 -86 431 -839 83 132 689 -327 253 90 -460 -380 -551 118 378 -290 52 639 1111 -700 765 -202 25 643 233 -196 468 241 467 -564 -524 1212 -654 288 316 -417 -627 -222 99 697 -182 -235 -82 943 421 446 -408 1111 79 -628 -11 117 750 533 -27 806 -106 -720 851 719 -221 -45 184 ]
[251 -127 -430 -57 805 -7 -506 -236 1174 -590 564 578 173 -228 -283 -29 308 224 -885 742 222 171 362 -29 -353 -329 162 82 1421 20 290 -103 -204 -210 264 69 -75 811 -319 14 322 44 278 -161 -253 -980 214 -514 521 -235 -97 79 -665 107 -140 649 -345 -639 329 948 735 80 401 257 -129 559 69 461 -799 -495 491 176 -585 -359 -1023 -100 -496 -389 641 -248 -362 -882 209 -115 -384 1 -207 -48 165 -952 296 -248 509 432 587 224 -180 -737 142 300 -389 567 -325 -543 172 -150 1011 -739 -203 -281 ]
[-199 576 -131 25 -433 565 -53 -244 787 228 256 182 -1105 915 -321 -359 -916 525 -595 40 427 -163 604 -202 24 33 -512 -734 245 169 -365 -165 244 9 596 170 -420 -88 -810 -368 199 942 749 -764 267 351 298 230 -1147 422 101 70 -712 -602 393 4 -292 -176 726 276 -82 -645 253 1124 -1634 458 335 -707 -6 -460 327 201 215 171 -355 -23 -249 -14 502 -384 -257 -6 907 153 33 -35 162 1008 334 -244 65 -447 489 -811 -983 -347 -822 280 154 -631 314 -127 -668 -339 718 -989 -503 105 -129 -76 ]
[273 -734 460 -161 1046 817 422 -21 -51 -220 680 217 1091 -915 44 -220 1326 876 365 -597 -51 773 -114 -225 -346 -629 582 993 225 602 383 488 -236 45 70 1162 1213 -272 -288 221 -99 323 -924 17 -1337 -64 563 1367 183 -536 -284 -46 641 717 306 397 788 -206 230 169 73 283 454 -106 539 -2 -990 1330 -42 -328 -148 -640 -509 722 -479 -206 239 -348 367 -185 -6 129 649 -422 -109 -555 141 -700 -252 455 -77 1468 475 181 508 571 464 461 -661 -40 540 256 -37 -952 105 280 -712 342 59 68 ]
[156 -33 -459 85 27 -359 91 236 345 -49 -431 -726 687 49 -104 -870 1391 954 -768 511 -239 -155 667 604 239 414 -767 -380 -533 -60 434 -584 -82 112 17 -348 -1260 23 -73 409 -840 -607 275 -145 968 431 -61 -452 -647 147 1001 -15 -291 264 -13 -772 -664 -213 -121 408 154 65 262 -414 591 -423 160 372 70 758 -37 -229 -162 212 322 1206 -16 414 62 49 -405 -457 -264 -127 -301 359 374 337 -14 162 193 -431 472 686 28 307 -297 -716 -495 90 -1287 -480 -1040 423 303 -179 -673 -312 -824 -65 ]
[-122 -222 -1019 -110 -152 247 641 296 -1151 148 -445 342 -234 -600 -222 485 -710 -414 -383 -646 189 135 -128 -229 -208 -2 -684 173 115 -295 -46 911 173 -395 429 292 919 -521 -392 301 649 -203 -468 374 -239 -65 33 489 -13 357 -798 -1072 -116 233 -104 48 473 -1016 198 -61 15 -801 1215 -475 -386 -117 -387 50 379 -286 405 -589 3 479 -6 -261 464 376 -233 -601 -151 -423 -707 66 573 290 -274 -63 -335 -244 -528 242 -287 -1068 -594 -315 177 -126 476 80 -937 384 -143 -667 131 269 222 -5 268 -442 ]
[-673 -682 -499 -185 -180 1202 -220 -127 -68 -599 686 -384 -59 -776 -1225 -465 -345 -1095 -400 -377 -1084 -48 -813 -1006 -549 -917 167 -455 724 73 141 700 305 -1027 537 -26 -35 -275 74 177 667 296 -102 1056 -876 -40 155 661 269 -151 362 6 16 753 -98 113 786 -489 273 -86 -542 351 -360 788 690 2 1060 248 -23 -1156 443 -142 347 -135 169 268 -511 -182 -361 307 88 345 -348 621 -271 -338 874 -630 574 202 5 44 826 -199 94 -513 289 37 -170 589 118 -146 413 -223 -329 -962 4 -167 137 207 ]
[-594 1326 380 476 69 219 457 1217 242 -205 -207 -562 -240 236 -779 666 887 964 -458 943 -39 240 64 279 808 79 -635 -969 -336 543 -84 -992 263 517 -91 -776 -749 -706 -525 -289 -581 1084 507 -866 1188 154 337 -881 -106 59 195 583 -151 98 108 13 -165 374 1309 188 -620 -73 98 -76 19 -717 -55 -464 -189 -317 45 -692 169 -205 364 -356 407 -912 126 -207 -474 -957 776 278 -308 224 21 1156 352 173 665 286 1430 935 74 434 -275 -161 -318 -172 -121 -667 74 691 789 298 -215 -320 262 -203 ]
[-90 627 -652 459 218 296 -42 168 -787 -193 -423 209 -32 -162 -459 521 -804 387 -80 757 349 -399 287 -86 172 12 -729 -1434 -376 -135 -267 201 -189 -551 232 152 477 -894 -338 -156 1939 581 -170 183 215 190 -53 -697 487 51 -364 189 -314 59 574 -170 -308 149 464 -802 -248 -28 -412 840 188 324 -745 238 560 -15 -139 247 31 603 -330 -379 -498 -916 245 -316 117 42 -210 -681 1077 289 -616 190 327 -319 -78 -335 1178 -913 518 236 -685 219 -201 -109 136 -375 -140 1 -535 334 -394 114 361 -625 ]
[166 154 -373 176 72 365 126 32 -556 65 -313 274 507 239 699 -734 948 969 -616 -155 488 -636 233 1049 400 -55 -212 -466 -138 368 -342 -355 -524 -111 -147 158 -100 175 -221 58 652 490 -443 447 47 -158 523 -619 477 -412 -255 -838 41 88 206 -629 -1126 -555 101 35 305 -320 -522 214 -581 -765 -1117 828 -268 314 -624 -304 128 680 -535 183 41 -466 585 748 -352 -946 -175 -1133 -427 -99 -1132 172 26 -916 -791 -442 50 157 636 137 30 -121 211 -706 -316 656 -1099 -213 -90 164 382 4 -453 -570 ]
[-123 -171 460 12 716 237 769 594 113 545 -116 261 267 -1093 -458 -638 431 149 830 -724 -398 405 -475 -607 -607 292 28 259 844 715 1257 315 711 -548 -318 131 -1256 -449 -81 -597 -168 366 -941 -174 -658 -16 448 -197 -606 -753 57 518 236 1030 161 225 65 218 399 482 -160 302 -2 -515 1064 -1087 277 -66 -509 84 73 -32 709 -40 59 -989 337 544 531 168 191 1061 170 -728 102 -672 -537 8 123 461 -251 308 361 -887 -198 29 910 239 -885 -220 320 -734 466 530 -282 -37 215 -576 786 127 ]
[-260 378 -123 -128 714 -172 589 462 849 -325 -252 -260 40 -127 -358 -160 478 138 -148 130 501 224 -237 -486 629 559 276 249 164 -793 -69 -321 -513 -416 73 70 -547 483 21 236 276 105 225 549 259 -449 -207 -115 788 -627 477 263 15 -272 -254 522 -389 -1027 589 565 187 1125 189 -366 1272 504 82 896 -1060 479 60 398 -776 423 -279 316 -402 -350 -68 264 -243 -1130 -1486 -154 1073 -439 132 -681 -824 -162 -349 -234 416 -806 -120 -229 -948 -748 -144 633 566 -356 -469 -969 -698 494 -244 57 -1156 -1322 ]
[896 -481 -1094 48 -422 65 -26 -827 -124 728 -129 -87 -921 -51 -361 -718 -560 -554 417 981 387 105 -1019 326 188 -260 169 -696 400 131 -431 -785 14 224 -1389 378 818 1226 743 -635 520 712 688 57 619 322 256 164 934 228 198 -51 406 -498 76 -433 -586 360 -13 -446 39 -802 -1328 580 -20 707 -16 -397 -88 -121 -451 119 -890 -224 -1 316 -567 684 35 205 315 -468 364 -396 115 -979 334 -282 -1 210 553 417 550 747 121 782 -547 629 450 811 218 -9 -216 -325 360 -22 290 705 -39 642 ]
[41 -450 -283 231 -384 1191 -527 213 -76 -662 -272 -308 -518 657 234 -268 -415 1047 173 -257 -955 -467 -376 -228 -1290 -244 -359 127 303 -22 -387 883 107 -848 459 48 219 342 985 -332 -553 459 -762 473 46 -257 317 505 113 460 516 109 233 560 -136 -567 481 -290 660 -234 64 311 -543 324 -82 -185 1091 1013 356 326 -1614 -239 -130 696 269 -215 473 -433 -1320 -692 1167 1179 251 45 584 -293 408 -498 249 -243 -526 672 551 -118 -401 98 -315 -943 -142 284 702 -222 -350 661 -239 -348 -413 311 494 8 ]
[845 118 0 1156 594 -166 155 429 363 317 434 318 -515 46 -735 -389 136 -909 -938 -292 1096 -513 58 160 -196 1120 132 -97 -452 -14 -114 -493 745 377 168 124 130 -57 531 -707 1460 4 609 -688 551 640 -1198 95 -502 162 -306 245 -670 -308 -677 -35 -673 529 -324 -284 -461 -103 18 -93 -158 157 -363 -117 259 -987 575 -254 135 259 133 251 -462 379 1204 560 159 562 626 -235 -512 935 658 228 -581 532 821 571 -37 329 389 335 -332 1191 606 846 186 -1709 990 465 182 355 -595 130 605 -799 ]
[141 -12 634 642 476 -322 -111 -247 47 -5 111 -446 -133 1080 253 -280 258 412 -1502 -167 -534 -360 567 276 425 -16 -414 531 -1385 16 -268 -653 -486 68 -246 -170 -341 -60 1103 -1066 570 -975 630 120 250 307 -817 401 -125 54 564 497 649 -617 -215 -516 -295 163 -165 36 172 -94 482 171 -58 -370 -344 138 90 -44 -190 -617 -277 -14 226 745 123 -903 500 -519 190 -178 117 19 -796 257 -8 694 -761 84 241 354 -362 360 28 30 -225 -402 -366 373 -419 431 596 107 228 1001 -503 -42 -506 -685 ]
[-1001 209 -55 -629 480 308 -87 544 -362 -496 88 -75 816 252 564 -467 409 -483 -338 46 -200 -239 -138 -370 -100 -437 -217 248 -576 -435 86 -105 16 -121 -777 -760 -198 630 1043 341 -22 390 415 90 -689 -711 -586 -449 254 -595 -105 -617 -127 -279 392 206 634 -843 -841 158 523 551 -49 -600 1175 -542 466 247 -502 41 -59 528 170 -389 41 -544 852 -324 -431 956 -686 -1390 -1171 1031 -950 129 -338 -410 -60 -257 384 -249 118 -231 -689 125 267 324 565 486 -577 746 -449 -106 -177 718 556 146 -705 -457 ]
[-379 -252 -180 567 82 266 -674 542 124 1063 -222 451 557 -667 -355 -202 -807 46 719 36 -318 -124 492 -1122 -590 -623 -1015 338 425 531 194 1141 -211 -664 1087 457 421 -294 300 209 -340 436 -666 192 -917 -981 279 287 106 628 211 171 552 -217 381 102 1376 -153 457 -475 75 145 440 -95 -77 236 197 216 668 76 104 -498 86 864 -416 -1028 -237 -117 -281 -592 1288 285 -39 23 837 -201 -298 478 273 -125 -143 -165 818 -23 -875 62 244 154 159 137 -435 210 297 -241 461 -329 662 184 -20 1682 ]
[-43 -30 42 -398 34 335 -44 -48 -621 -413 -19 -474 -780 -377 -809 -320 -1099 990 343 -247 -353 -855 -151 -1366 71 -23 -224 80 296 -103 86 -594 766 393 343 -417 67 48 -974 608 20 -690 -272 1209 1315 -228 98 1091 244 -605 -497 306 373 -209 766 8 -398 37 -723 -339 -215 -91 418 435 388 119 108 1115 364 439 -69 102 337 76 -95 -179 -327 164 -476 312 288 -389 -339 474 793 -578 -177 38 296 -318 -759 687 177 378 151 -17 565 630 -278 -124 -270 -688 -529 -230 -232 714 -52 551 529 406 ]
[556 -294 -514 263 -1170 616 -665 -541 157 -916 -204 -541 -951 331 221 1459 -683 20 143 -835 -178 -649 -510 620 98 497 17 160 347 536 -11 163 -206 -554 300 276 235 159 -163 -416 178 662 30 -435 521 -68 25 -10 609 750 563 -328 46 58 -555 -370 295 -657 -321 341 -245 -726 -142 32 -676 480 13 -170 -316 -1033 -635 7 -660 110 215 570 -392 297 -1211 -1548 296 219 106 -496 1103 396 405 -952 1252 -270 -227 326 713 321 -309 -55 -159 -759 901 397 -58 689 78 -217 475 -214 503 -205 617 219 ]
[-290 901 78 232 222 601 545 676 301 266 -855 -267 -136 -94 -1226 -1085 -339 367 512 256 -425 510 452 -925 -53 456 -1017 -164 281 640 984 -143 300 422 360 5 -1031 -81 -55 -124 -98 634 -204 -755 1229 245 -494 -293 -623 -281 -40 375 206 -93 191 676 -308 -288 833 283 -174 142 -697 194 536 -282 -336 -35 -278 382 870 -1093 432 -871 162 -891 -382 778 155 419 13 118 397 746 462 -510 -571 33 -259 287 -599 -279 338 33 433 342 411 490 236 -501 851 -1036 211 -295 -24 -278 -311 -864 626 761 ]
[708 -362 726 261 177 993 -550 376 35 29 1214 -465 -278 1350 63 962 -108 804 480 554 628 -362 -432 -1036 111 -266 -47 345 674 -55 500 419 -61 -8 377 -393 145 1768 -188 -490 -729 587 131 -963 107 -127 -344 56 -46 168 -175 686 542 351 120 1010 -560 -170 73 135 -215 -86 208 374 161 649 -60 280 163 -771 -556 408 -257 -309 -756 -1058 -704 228 -118 -694 215 -146 430 -90 -429 517 1266 -1151 616 -255 1332 682 1140 141 73 758 -450 41 495 354 821 -383 635 -233 -449 -237 890 163 95 1254 ]
[112 708 -31 330 -602 -469 134 876 -957 -177 -992 -567 329 500 154 109 528 452 -163 -745 490 -68 247 459 461 30 169 160 -172 597 -775 421 -280 440 455 260 117 -870 -1217 388 -826 442 -222 -785 54 -417 -227 550 -275 449 -244 -398 204 168 251 -628 -474 -285 -511 180 -32 -770 831 -502 -833 -1114 -883 -785 24 -894 95 -1021 -729 799 1204 335 -620 139 189 141 -623 -370 -679 180 -723 188 -698 -150 672 -292 -775 151 -42 383 -681 -396 97 -110 -328 205 -302 385 25 -182 139 122 -515 63 493 -29 ]
[505 -109 353 639 -346 348 -138 -1018 -820 199 -55 -488 -634 66 -413 672 -224 -1074 -65 -443 233 77 314 614 552 478 -38 -57 -966 232 -940 -909 -521 -33 -445 206 819 -119 -968 85 454 -81 -685 843 984 737 -883 9 -221 10 -298 -12 -89 345 -832 274 -316 538 -445 -486 96 -908 -160 237 317 -1105 157 -720 443 -36 1121 -1114 -606 502 141 309 -772 59 384 -111 -1250 -463 133 -356 -934 295 738 -151 -312 361 162 -595 252 -43 751 79 573 556 108 -679 -860 -417 150 775 325 -953 319 -233 -548 -33 ]
[-82 -160 -568 -840 -32 -561 547 -348 394 -147 -109 -464 -347 -319 -11 473 -69 421 410 170 2 333 324 -105 829 1021 127 -698 -293 637 -33 12 -8 45 210 221 1391 22 -960 -431 -760 264 89 329 -12 114 630 -167 672 -442 981 -350 -210 -681 269 -399 912 317 119 -175 -118 829 -128 270 644 -448 -173 -473 307 -441 130 -124 -194 109 -464 -84 -300 -438 -343 355 -25 -450 27 456 248 -197 42 391 -468 227 144 817 -116 69 -504 221 652 247 -417 749 -192 236 -174 456 982 -294 -101 472 -637 155 ]
[-173 -634 39 -107 -215 1169 -189 1140 127 1 -42 300 -69 -114 485 -449 -38 304 703 289 310 857 971 94 509 -170 -561 57 862 -464 636 185 -901 -297 1205 -127 969 12 -657 320 -344 -419 465 629 307 138 1024 674 405 68 -698 -772 530 340 -643 274 -745 490 214 -27 253 -718 224 -5 -572 515 -614 -7 1033 343 -381 840 -251 122 -408 320 -192 146 -551 -114 -89 -234 -121 -1099 -68 241 -761 347 -624 -569 -125 164 1012 -250 318 -18 139 267 -118 -532 -685 81 -396 -357 1056 55 -444 -490 44 152 ]
[785 -689 29 -12 -368 193 345 326 -133 -808 640 -661 -555 447 -899 4 -658 526 426 -212 -1109 -232 -379 -108 203 -44 219 -754 542 562 368 766 -695 -1009 1027 -328 628 -44 947 -181 -626 -170 -771 582 152 -57 616 -177 312 47 -307 182 -469 -290 363 -416 102 -339 244 151 -61 728 -288 49 674 233 670 1508 152 174 -1001 -170 -220 -247 -223 -202 138 186 150 -582 638 687 349 701 1304 -35 -247 -991 -693 -308 -498 151 -140 1120 11 -309 -824 -963 185 458 1348 -561 435 -262 795 -331 -201 -494 968 -154 ]
[-295 581 -289 320 -433 -356 -312 -1012 839 -251 324 -496 -440 -40 -337 34 -269 -140 -263 -252 -562 -829 -282 918 279 -939 260 -381 5 799 -213 -200 263 -762 -40 378 -731 -170 118 -814 40 272 159 -193 15 -455 -494 -1152 529 -27 328 426 325 -150 120 -261 -827 -96 -75 113 754 -302 -686 704 355 -468 -341 -560 -479 -74 -204 485 -379 57 -66 111 -247 109 99 -117 182 -463 622 -629 15 60 -267 256 593 -375 132 -600 134 1202 -336 -404 -550 -687 -206 160 -465 -87 -230 -59 -564 206 345 -371 -247 34 ]
[707 -1091 98 235 -384 -797 503 -225 -798 -387 93 -514 138 -402 -489 -236 155 -875 788 -774 -936 13 1140 158 -378 482 507 454 -213 823 656 813 35 -841 181 -451 659 -32 -717 818 -916 62 332 -341 496 44 724 -508 -387 -301 196 -891 -54 944 501 -335 833 204 -1788 -722 -921 -323 -458 291 811 -411 -342 -148 851 -962 -17 869 -555 463 286 312 -26 978 -652 570 -700 -214 96 -128 2 581 -466 -679 720 118 -28 633 13 32 46 -6 531 -325 647 611 -749 -228 -893 -314 -752 -276 289 -22 277 139 ]
[-39 -962 541 -1000 137 464 784 -132 361 270 316 46 -117 382 678 383 -72 -120 547 -414 638 289 -281 -89 60 425 516 526 762 -257 1151 511 276 -329 896 568 1179 120 -292 -230 -670 -867 -467 -69 533 326 -102 438 749 -398 -67 -22 269 -146 -56 -268 -189 289 -610 -193 251 84 151 -545 873 716 -647 -172 -824 585 1256 687 263 -396 -95 -415 363 -893 -56 158 264 995 -320 -75 -653 6 542 -685 -1030 494 -265 277 -153 307 192 89 -53 344 -126 50 -114 545 -33 -415 277 331 1487 -852 172 182 ]
[-133 741 719 32 256 -1413 760 -2 223 418 184 -466 760 -519 156 165 329 -231 -933 -896 453 159 38 121 575 11 513 -236 -143 -164 174 368 848 139 153 -1155 -1492 -473 -261 504 -366 -804 -363 260 -283 289 -652 -48 -98 -668 -327 145 143 -258 -87 39 755 9 132 -274 -1104 -223 861 184 517 -660 -857 -818 -155 -73 180 -31 146 900 190 177 550 -158 471 945 -468 17 -416 484 -1048 990 79 -198 175 -517 150 -848 -248 -1766 670 -94 -591 -234 -662 -292 25 -259 -86 657 26 765 524 465 -445 -826 ]
[-661 -149 -307 -770 247 157 630 -142 83 271 314 254 -189 -395 27 734 151 -654 -36 70 79 553 -892 139 -121 178 573 -654 -38 -30 313 -725 -190 -387 -347 -68 211 -490 245 -512 -8 86 -772 773 -367 283 -666 -230 665 -690 202 236 -500 -165 589 118 -27 -379 434 614 90 151 39 180 726 -1355 633 104 41 510 546 -534 530 -762 -227 -104 451 -470 721 199 -709 51 163 856 745 -458 449 389 -540 778 -556 -501 -920 -547 508 -59 -122 -186 -568 0 -203 -422 604 580 263 -628 232 -582 22 -416 ]
[597 -111 -402 126 -658 -364 -163 -89 -474 -154 330 -1026 264 -301 1003 -163 1020 -214 346 459 559 231 -498 39 -806 -743 828 -167 -882 692 -110 1012 -413 -234 809 1451 590 -148 -285 611 -488 212 693 -1114 -655 192 45 394 705 -376 224 -338 121 -659 739 -325 -674 -115 -555 -844 -633 -638 -549 242 143 -606 -1072 -394 -492 -177 98 -429 -599 643 -124 -45 -1033 -278 347 -408 349 115 -348 -942 16 -9 -198 -500 819 -90 215 107 82 1281 -503 -69 128 -73 752 539 -211 483 256 95 99 -833 629 -24 -1281 -738 ]
[-78 20 279 -36 583 -945 -153 -382 -307 307 61 -518 1052 75 521 600 784 -25 -842 -765 259 -327 -297 729 -605 -42 -536 467 303 -155 -19 -901 5 557 -621 -626 -38 -481 -1554 75 -35 403 -872 -338 116 774 -376 -132 -179 830 699 371 -62 -470 -338 -644 -420 231 -337 219 148 5 977 -788 -578 53 -630 -59 1 -112 23 81 -144 1344 371 -60 -718 -372 724 -99 -593 8 382 -211 -840 252 788 81 389 -80 220 -244 -357 241 334 -284 587 549 -730 30 -1133 -593 -376 -128 77 104 572 496 683 157 ]
[536 616 -556 -238 352 410 852 -5 -367 -296 203 183 -291 -251 431 498 -117 -401 -373 -361 269 -111 -951 -307 1844 -587 866 -366 653 -1144 -755 -202 840 -122 -402 -537 -300 449 92 -209 646 -230 205 681 -200 320 -892 546 193 237 -434 384 -110 581 -840 393 448 -79 23 491 -395 -229 626 39 103 67 259 -554 -469 365 141 -119 361 244 730 716 1566 -613 112 792 87 -300 -374 787 -362 389 137 311 -516 75 499 -27 283 -1067 322 -769 -109 -664 -437 352 -196 -374 434 273 596 370 -1162 -213 -69 -752 ]
[193 -503 -58 89 187 -92 169 679 -81 -367 119 515 -515 357 -390 -212 -60 -759 32 4 417 96 325 -99 130 117 75 594 201 -278 -242 -375 114 -259 547 -714 863 -215 967 -326 133 311 327 106 12 235 -3 70 -466 44 78 -141 -894 -587 -346 221 -703 1615 214 -41 -826 541 -113 -1174 -200 115 824 -42 569 -403 36 240 314 -600 310 301 941 371 -301 347 31 102 541 391 422 1035 97 892 -201 395 -31 601 -130 334 119 -426 204 634 897 558 299 -292 208 356 1594 -510 -376 -408 -249 -268 ]
[-165 163 -330 53 -631 -508 779 367 383 -42 217 239 383 -1 -776 185 482 -658 -712 153 -376 -204 -35 -403 226 470 203 -260 -527 -52 408 -390 -496 -788 1176 -731 -1999 -636 -762 -214 -344 1212 90 -634 434 50 -295 -36 -732 -103 1245 -73 -1047 1667 177 250 496 307 -662 421 -793 -316 164 328 576 -211 87 -161 16 -444 -407 -423 -26 760 -524 -125 49 -525 547 -269 529 -61 685 -314 105 95 734 430 436 379 252 -727 -1031 -267 749 516 -1082 -1290 -233 649 58 -127 369 543 513 -958 -1011 -824 789 -177 ]
[-1483 634 -81 -194 -467 -437 -404 -136 -222 352 -15 -26 -96 116 979 111 -57 352 99 57 641 -830 255 -804 -144 7 -142 -142 708 -232 -223 -77 239 -615 87 45 -146 -382 -358 950 -478 -105 25 526 38 -322 -153 399 -126 -73 768 127 -238 -1042 784 -592 251 -269 -6 -134 191 190 190 -26 -607 -596 541 352 -969 1324 -193 195 63 155 45 -370 368 187 137 952 685 233 163 948 333 4 -102 386 -129 987 -746 -739 -1119 10 -465 -118 342 316 525 -652 356 63 -547 206 -42 -897 193 -666 -361 221 ]
[992 -833 -26 -66 -275 -183 -575 289 37 -106 -748 -386 207 560 -156 -798 333 479 -73 -1 1215 95 408 568 178 -98 953 269 45 -963 -66 -173 315 785 -852 904 193 241 -128 312 -610 28 1093 -939 497 -323 -69 74 350 206 -62 -114 290 -543 -451 278 -1158 177 -811 -214 133 -650 183 85 7 568 -303 -362 -420 -638 358 990 -261 384 116 -57 -799 365 -276 -402 -21 -405 -63 -644 -80 -34 -96 -141 503 403 -109 114 364 121 -191 230 387 173 149 162 -945 383 -657 818 -985 -99 -222 271 -335 -544 ]
[406 -542 484 619 825 236 -220 28 -46 -478 340 112 845 367 688 284 353 -138 -569 -401 -135 -47 -286 -151 -712 -544 4 407 1158 -937 -395 -15 -596 47 -664 -467 -331 1353 -5 180 191 594 471 -679 -409 -324 -166 -331 -556 142 -202 398 -293 1609 -123 9 -1291 -494 -69 384 -291 257 172 -173 -544 60 -1074 299 -407 -231 -111 293 537 271 6 -241 -481 164 1194 -295 -90 -593 219 -450 -988 337 -514 464 27 -1005 543 141 127 -220 -45 -244 231 -442 137 -45 -312 -134 14 -740 -1335 65 21 -424 242 -549 ]
[-100 -581 484 -183 -117 382 -22 79 -225 12 -273 211 304 -474 -180 -171 -727 -70 405 -498 7 228 1523 -651 461 -40 -374 706 -1161 111 354 249 -415 371 1219 247 44 -852 121 55 -436 396 342 503 -683 956 208 30 -348 -384 -856 -114 -480 16 489 599 928 1067 -66 -390 -17 131 -492 -758 407 61 -322 -88 136 -132 270 167 509 -1013 -149 -149 520 -309 49 -359 94 624 -403 88 -574 593 -972 910 289 -171 -165 -213 487 -48 -127 -500 686 1288 954 107 -59 181 361 328 -67 7 54 -637 -159 316 ]
[570 -890 130 -225 215 -123 141 960 -83 358 -127 -402 1174 -1476 -736 -628 394 -823 119 214 -470 196 237 -371 55 146 -386 -268 -102 876 846 350 -59 -632 632 137 195 445 41 105 -518 94 -8 81 120 -339 539 111 -276 -330 155 -391 -42 1183 -337 401 415 789 -417 344 -98 -405 -415 -469 631 -1275 -520 202 775 -742 -113 -943 204 723 108 -324 -101 238 140 875 -131 184 -389 -1295 -772 645 259 -625 -810 26 148 539 -384 759 385 909 1205 565 403 -141 -534 -276 1132 188 832 277 173 -1 -25 -186 ]
]
