[[628 162 -531 246 -304 492 -139 423 71 413 204 449 -399 -362 788 129 -100 -126 90 51 131 395 15 31 -186 780 419 97 365 -58 222 -505 250 429 -265 -326 -275 -680 276 174 102 166 151 560 -290 154 225 165 -371 292 -116 -93 34 499 695 -276 -498 -127 -509 -549 410 399 -181 132 -770 -325 -240 61 58 -325 -139 59 593 24 779 -183 -559 -308 -189 -787 -302 542 -394 357 -365 120 -38 593 -151 -1045 -455 385 202 -45 -87 -293 598 -456 256 -691 51 -720 -175 -180 -20 -188 282 301 252 427 ]
[-241 62 198 -329 432 579 -30 -672 -393 -195 -11 -149 -216 655 -158 -218 110 -517 77 366 -93 55 -185 -172 -358 134 -147 -774 124 -169 841 297 18 -37 315 140 -756 -379 914 637 -340 317 387 386 98 -194 35 304 399 10 96 -217 -414 -80 295 261 178 -217 141 -292 -263 -460 -963 80 120 479 125 235 -208 -820 576 -9 72 254 339 -376 -118 -177 309 -470 -538 39 -300 -265 -531 409 964 -616 -628 -39 -210 -220 27 457 -460 -663 140 -32 457 920 -271 -69 -464 -442 359 -343 233 284 183 689 ]
[-233 153 -285 -330 23 2 285 -447 650 -142 374 49 137 91 -648 122 -24 63 -572 399 -45 130 686 347 -168 -117 -76 934 15 363 673 486 -330 -367 -150 -21 371 -395 316 637 277 769 95 -556 800 -364 267 42 117 -163 255 562 136 -14 21 -261 -948 -380 -203 -422 840 774 -243 -948 -322 -297 -295 842 -272 -338 -182 -173 -217 89 -25 -253 -342 1 -134 -6 -711 -187 236 -281 466 133 92 -331 -81 124 -168 -321 439 -274 10 -1014 77 -462 85 -57 105 277 150 -529 95 483 78 422 330 705 ]
[-79 70 -593 -98 -585 -141 -113 651 600 94 -447 305 -237 -163 -42 51 -118 245 68 -61 -241 258 228 398 -42 494 -502 1182 236 442 725 -317 212 181 -732 204 562 -152 13 516 -419 519 -148 -133 88 50 -187 671 -307 271 73 642 38 418 -950 -280 -1090 631 -49 -189 1196 43 12 -746 -12 -578 -636 483 226 374 -406 -551 263 -453 -126 264 -174 -803 689 -211 -103 23 198 187 642 -623 133 -222 433 -212 -111 149 49 -296 349 426 134 226 -181 137 970 78 -223 2 -293 522 -856 -579 62 215 ]
[784 -191 -165 -262 -1081 -352 -86 868 134 624 51 -169 51 -359 -124 24 355 259 -240 218 308 356 245 -297 -107 -659 387 387 915 -323 212 -282 56 -333 -299 337 359 -219 231 890 -495 -390 694 -305 272 -54 95 -428 177 -357 665 149 -514 -45 -765 131 -207 307 286 -817 594 84 -255 -363 131 -184 124 514 -171 -265 -68 -76 657 -342 -359 345 350 -256 33 9 139 83 135 735 -173 46 -81 268 23 -135 230 723 523 893 -170 -456 80 529 -476 -190 511 368 -216 -175 -136 285 300 749 -90 2 ]
[868 -339 1003 -141 267 -539 -341 -646 -967 -244 -474 -178 806 410 -256 -330 57 -175 -101 -287 -140 -749 -115 301 259 -810 183 -1263 39 -834 -50 695 239 -134 413 456 -506 -70 205 -217 -62 -520 1155 108 -437 -845 -294 -632 444 -271 389 -356 -601 -164 -280 137 1045 -179 0 -207 -1292 -335 409 222 26 736 384 -257 -136 -789 -93 71 -369 417 -206 -801 188 1140 293 241 489 -136 -487 85 -930 -345 -523 -157 -12 49 159 19 429 860 -791 221 243 832 66 1375 -936 757 -19 64 -55 -185 242 861 -442 -369 ]
[-669 181 596 259 1069 -28 48 -727 -418 -174 -744 -34 -477 1115 -19 -111 -229 259 -435 -576 -676 -1062 -204 103 87 339 -408 -623 -515 -48 590 -15 901 44 -656 370 -313 -244 228 91 -76 -577 77 948 -193 -373 -11 911 125 276 -34 126 -261 -274 -66 458 43 -241 31 -187 -279 -871 445 95 323 415 578 100 347 -392 86 -652 76 -292 164 -460 -108 -382 1514 157 99 52 399 -899 -110 -950 -121 -697 -33 534 -263 -289 197 2 -303 614 -116 42 667 851 82 233 -802 -464 0 -328 153 348 178 25 ]
[-176 -11 182 214 224 -101 281 -271 -551 -320 458 250 97 257 130 399 -556 173 968 0 523 231 -347 73 256 -368 -595 102 -240 87 -941 186 -838 431 306 -351 -42 1215 -946 -1203 190 290 -1188 -215 -135 1112 -433 -126 -117 583 219 -373 75 903 34 -289 820 810 -625 530 -432 -385 431 -8 320 380 -312 -1054 -72 1032 -52 -47 -93 169 230 388 -432 -184 -568 32 -109 126 211 647 68 -358 200 355 100 659 760 159 220 -446 197 692 -675 -804 44 -464 -429 -214 104 600 -667 -305 69 -1044 -599 -205 ]
[818 -66 213 -353 -525 4 -196 -119 -849 25 -483 -414 1015 418 -145 71 88 -601 4 62 -158 -68 -147 -58 96 -798 57 -237 454 -790 -544 208 -68 636 723 24 -551 147 -292 -145 -706 -87 201 -181 -538 470 347 -10 911 221 931 -377 -321 -6 -913 -130 178 683 244 -163 -815 268 -166 -257 -52 37 -349 -426 176 -155 457 -323 808 -259 125 4 228 16 -1103 -3 106 752 -81 660 -1532 -199 -9 688 194 184 243 259 768 254 -306 74 -195 212 393 828 -216 396 369 -58 -87 -234 -383 158 -1091 -617 ]
[-82 -604 150 -129 65 251 1 403 276 156 517 287 146 -786 193 294 87 546 -58 -91 253 -548 259 118 119 1014 -45 763 -66 408 -342 -449 130 -517 -1117 258 736 153 -423 404 111 -728 -178 94 -386 -110 598 347 -479 -65 -178 447 306 -541 498 -146 -489 -260 -307 679 33 -210 -266 250 -303 -766 504 -506 119 -261 -618 213 -605 391 -496 -314 52 80 -200 -372 33 -409 -274 -321 836 794 -49 -209 -17 52 -402 -389 -241 -8 27 -89 -173 82 -446 484 -299 -399 270 1 -513 -294 126 595 713 226 ]
[181 116 -10 188 340 -626 -664 -423 -173 13 46 649 -276 586 703 -97 -266 -340 -57 -150 -132 -107 -427 545 132 -164 264 -1314 -291 350 -141 565 156 925 939 109 -927 -232 -135 -539 -3 598 205 296 -174 -766 -803 -85 -440 100 -477 -262 -79 865 481 113 305 -324 -352 -392 293 -341 -350 715 -130 920 -205 -536 28 -194 -273 618 -800 1002 525 -138 -308 706 -344 579 218 -677 -829 122 556 -324 -82 -44 655 -715 -296 369 197 -480 -467 47 845 -141 683 -441 -717 -807 168 791 -155 -31 -359 143 -452 516 ]
[237 -275 800 -774 58 -172 380 -527 -700 524 -1204 -102 491 -434 -20 -34 -121 87 -4 -393 -766 -825 143 -167 -133 706 225 593 -291 -585 285 -402 580 -638 -385 988 -52 -346 149 135 -199 -102 553 972 -724 -462 138 1201 81 292 -86 -373 -236 -562 -639 44 -322 -5 324 -380 -569 -612 572 -544 230 355 961 -191 637 -572 -97 -798 102 -544 -414 -16 134 -473 239 13 882 207 682 -265 -191 -719 -164 -632 123 -72 -105 -699 -189 576 192 676 -381 576 202 1130 100 1154 -456 3 -59 -303 -1087 -296 -78 -195 ]
[559 -606 212 -329 -184 642 238 -76 -350 639 344 -272 416 -604 23 -207 -228 455 717 334 355 497 -70 -176 -1192 437 152 805 253 -190 539 -133 -158 -368 14 58 81 -546 293 390 -105 191 226 145 419 694 -342 -286 642 130 78 159 -392 541 -228 -394 -547 -249 -268 -540 837 294 -304 -319 -265 -579 37 417 -549 -655 284 -83 534 20 190 -232 -106 -189 238 -1359 -261 54 695 444 -165 442 646 76 -929 -235 146 -211 408 -271 418 -794 -244 -1322 -672 -523 -22 -253 -151 -322 -449 796 -306 104 -294 783 ]
[113 271 24 -285 -460 514 479 380 -36 -279 -604 -717 471 -211 -820 -478 644 382 30 554 -107 74 -52 -472 -1139 93 75 1026 515 -593 289 -704 146 -88 396 462 -40 6 -321 234 -1 -142 442 -22 642 544 211 70 874 -823 359 607 -367 -644 -432 -156 -315 -375 519 491 256 356 344 -485 202 149 -124 472 -531 -219 522 461 -24 -508 -220 -458 598 -184 -435 -580 34 215 73 -296 -149 434 26 782 -781 245 -525 -675 -72 146 491 -301 -480 -539 -606 -271 177 337 190 -318 419 822 -58 -11 -243 -645 ]
[-6 -628 640 169 427 -331 731 -473 -732 979 -894 23 397 391 297 -416 46 566 -296 9 -467 -578 -280 32 46 96 -483 131 77 127 117 -718 457 -235 -305 594 -191 436 -665 -51 -44 -1167 735 -45 -100 -269 -309 -125 510 -946 -65 32 -1021 -130 -916 -375 399 123 -414 -384 393 -770 1393 -275 681 418 409 -253 -368 -420 -186 -63 -208 -451 -563 -217 -91 227 755 132 767 -672 508 -199 922 -846 -323 -79 -162 138 -2 358 648 526 580 674 490 311 -1118 214 -280 1061 -283 193 -797 221 -14 420 -464 -632 ]
[635 232 649 -516 -659 40 109 -131 -603 -943 384 -1313 1292 162 -1144 -106 58 397 236 -583 201 -33 -62 -247 -667 -344 799 736 -198 -274 -536 -229 452 -816 394 325 379 -79 -297 -95 337 -617 164 -178 365 91 572 -304 912 -354 398 74 -81 -1183 205 -19 14 -70 253 171 -1117 740 486 233 548 21 -197 -145 -138 -84 217 334 -136 317 -439 -256 265 229 -467 -224 271 564 313 105 -743 -58 183 450 -214 1109 498 -563 121 77 -443 -233 -869 -383 286 127 -386 577 230 -27 796 76 186 205 -512 -426 ]
[-62 -33 -345 -703 -1247 22 -89 -673 -144 100 153 168 197 -104 194 -637 369 396 106 114 -540 680 -348 -114 532 -485 164 -413 275 864 -679 -234 -49 -294 306 341 -481 692 -50 -192 351 80 -163 -590 160 48 -86 -505 -392 -612 -529 -156 154 -35 366 -78 512 954 280 289 81 -255 -21 383 523 -250 319 -949 321 251 358 211 -202 -126 -481 670 304 94 -924 -22 341 -42 -625 460 920 159 172 -82 327 -24 122 909 -660 714 332 517 309 1000 -560 -227 -41 210 140 863 -259 -1033 127 -305 -176 -810 ]
[-326 238 -316 -424 -594 684 255 425 1052 -189 -563 231 -450 -633 82 -152 107 143 887 -226 -478 438 -619 -509 71 707 270 1068 -185 177 70 -1040 589 -247 -1049 351 98 -254 33 681 476 224 -145 406 103 364 947 983 -806 -17 -1164 10 1000 -234 889 13 -1440 75 111 678 640 172 1045 11 -221 -306 13 -452 523 1 502 -339 145 -753 203 234 -247 -645 -531 -1395 -147 638 185 -754 352 -239 219 -152 48 -304 -341 -482 -666 26 786 939 206 764 416 -796 875 -321 -195 -141 62 -362 207 -879 497 -518 ]
[-309 -220 -14 -504 -135 -384 -530 54 171 708 -640 284 537 -148 -340 -731 418 293 -730 152 -504 -1005 -395 449 -525 -414 -292 554 -52 10 740 459 1010 553 -695 754 -370 -298 -397 123 -293 9 1036 -193 882 -108 -644 468 46 -371 -342 457 -183 466 -1160 5 -572 116 409 153 1138 253 -205 87 -475 -44 335 -89 433 230 -104 396 -146 -116 12 -306 3 249 215 -449 -7 -528 355 -587 664 -877 -874 -479 465 353 -1021 -196 5 -223 215 350 850 344 -492 -120 698 -101 603 -201 -789 645 -555 819 -556 -738 ]
[-398 241 -259 501 89 -549 195 84 -680 196 -153 -244 -770 307 819 -668 672 -323 -320 171 190 -409 -11 -271 386 -462 476 -1473 784 -108 540 311 39 -252 271 -281 -306 -302 657 179 -981 -510 631 336 -858 -314 -303 -477 358 -474 118 -633 -263 -287 -524 863 623 -2 415 -378 -243 -472 -640 669 731 -221 115 545 117 -804 393 -140 702 -140 -437 158 700 -187 472 1506 380 -158 -473 145 177 231 292 -82 2 -671 441 969 -226 505 -257 402 -329 614 -345 356 447 309 -587 -672 215 -654 178 -15 814 363 ]
[358 -322 549 455 846 -652 786 -822 -890 130 242 -827 500 722 254 335 381 372 17 -518 164 -417 -285 592 77 -487 -211 -287 382 -179 -364 662 198 -534 1214 -256 135 -290 -561 -672 -41 -513 691 -181 -527 420 -478 -1150 779 51 110 -785 -136 -97 -186 291 701 -310 -312 -274 -128 95 1022 3 659 207 -654 469 -200 38 113 54 -381 -359 -573 12 -174 436 83 1079 275 0 1160 40 -352 -607 -175 -62 -644 -138 906 -84 516 -349 200 492 -188 -558 -694 -208 -639 684 -373 -101 -78 471 -229 -106 -367 69 ]
[-498 553 188 -384 875 349 707 -456 462 662 -459 798 -807 511 -304 295 397 59 22 325 186 -294 267 -53 17 524 -560 846 395 -9 493 -267 88 300 -194 706 -773 54 93 769 -110 1204 500 124 881 33 -162 1111 -504 26 264 -35 -257 -100 -576 -154 319 391 273 -389 233 -1001 -358 -878 146 838 409 236 -268 -45 -27 -54 -873 -842 15 -79 -167 -985 305 -452 -89 -228 390 -427 154 -493 246 -622 -102 -351 -839 -582 -7 311 -231 -453 819 601 323 487 519 -103 -941 39 -178 -32 506 301 429 7 ]
[-163 -972 200 748 214 721 591 -494 -690 -116 -422 494 237 145 1148 474 -163 -123 532 -51 311 -206 733 174 213 1666 -289 -4 -201 -316 293 -448 -182 70 232 -591 102 -140 492 -135 15 477 -117 749 -1138 -96 -238 957 383 547 226 -880 -179 359 79 -339 419 304 -95 -753 -860 -496 644 -674 -163 -396 129 77 597 -754 -155 -595 -74 -791 50 -328 -601 -1322 501 179 136 394 -24 106 -749 48 586 -352 -590 -1289 346 -349 -12 97 -360 296 -1 21 159 1076 -39 143 -921 -374 -301 -353 -117 -618 615 702 ]
[-889 273 242 317 422 -23 713 -657 -93 -280 329 -90 180 444 -518 -360 295 -815 -54 10 11 -1011 166 -316 -13 291 806 485 -76 -31 -40 -233 97 108 173 -233 -16 -103 475 -336 468 -47 722 -21 -248 -503 -90 566 -27 -601 -664 -523 745 -789 16 284 -124 478 526 341 -897 743 -162 479 1152 341 72 -168 688 -230 492 898 -1192 20 -366 144 326 -298 -611 832 269 -85 77 -751 343 -118 -160 -434 477 510 -232 -335 -870 -16 -631 -114 420 558 587 357 228 435 687 -151 430 -771 501 -310 586 11 ]
[107 659 -260 -219 -380 -1207 -375 -570 130 211 369 -499 -316 946 -26 -228 155 591 -944 -380 -596 253 257 829 1035 -1025 -93 -454 319 1457 -607 861 323 -710 -136 -357 799 418 -41 -73 62 -329 -119 -1152 887 -296 -67 -1436 -170 -268 160 67 -330 -168 -249 982 399 -340 112 -230 1032 129 18 -326 505 -354 121 864 140 742 -831 34 495 -95 -854 588 245 10 486 1498 14 -6 93 721 1519 -1080 -481 -371 231 120 686 1675 27 -377 447 505 91 619 -716 -757 12 390 -280 162 97 2 159 1006 117 -267 ]
[-113 -178 553 -410 375 122 287 -1434 -875 173 -755 -187 -176 -224 -134 -966 -137 -896 -704 100 -990 41 72 301 1039 -286 100 -936 -405 -369 -388 833 -281 -636 -99 -652 -758 -309 808 -432 264 167 114 -316 -176 -523 338 -659 -13 -213 -459 -178 -261 345 486 -205 62 -624 -417 582 -386 353 716 -110 -729 -358 618 311 -257 -565 61 -696 945 -5 223 -309 274 1212 -384 -39 -203 219 -892 -19 -246 -404 -388 -406 -128 -319 440 462 -61 348 421 119 -399 8 -10 1065 -361 730 645 -812 -1 -436 -434 -18 742 -18 ]
[27 583 157 478 625 933 53 165 241 -202 -392 -101 -372 707 22 172 -360 -179 783 554 -217 509 -202 -784 -450 416 -153 651 857 -383 761 -1002 -40 407 -634 124 45 104 474 590 296 -622 -28 379 -147 190 560 543 -74 -159 -477 610 -114 28 82 -763 -736 317 -842 -552 249 -403 93 -750 552 42 -1234 -145 -215 -901 506 -85 275 236 918 -1059 -441 -420 984 -1278 -421 106 263 335 -327 254 543 314 -256 173 -597 -350 442 -354 78 -14 287 -461 361 360 23 496 -439 140 -115 -187 -3 -544 -115 247 ]
[51 539 -365 -74 -646 -1224 2 1144 126 -83 12 -349 -617 -810 -766 -222 85 -338 -94 -178 -103 583 230 -122 253 -441 656 395 326 332 -635 -35 -167 -537 44 359 327 -451 38 271 -237 -77 -65 -29 -464 -394 -581 -236 -136 7 442 790 369 -184 -546 693 -70 319 374 276 173 -148 -187 640 935 -16 35 848 -35 46 496 -140 287 197 -1036 1038 1331 -76 58 1312 495 -495 -847 377 771 -288 -680 373 480 310 780 566 -239 506 -169 51 -917 1028 57 81 336 522 295 -151 531 -203 -925 -530 211 239 ]
[-27 -628 388 -23 227 402 167 -901 383 -700 -158 -551 78 -142 -613 -234 -224 1212 -221 -517 -438 -638 522 214 -323 614 -176 140 -1689 132 -209 -269 26 -772 -574 189 814 -81 -241 -220 528 -40 -606 613 278 -148 20 -160 385 -149 -652 676 126 -1303 710 388 -583 -885 455 741 -556 70 467 -260 -371 -359 1749 119 -652 46 -257 -18 -495 -31 -412 -414 440 334 -33 -290 235 211 705 -936 510 984 -162 -254 -645 620 30 -1032 -635 3 679 -7 -1391 -356 -107 -33 -712 -20 -134 601 897 459 154 -40 504 -446 ]
[-291 -2 -697 479 512 -225 476 250 -146 507 -3 356 -207 -762 291 -309 -369 18 788 -449 367 -262 -544 -74 761 572 53 -193 -236 273 -539 -214 -992 419 -491 -337 615 255 -484 -591 -843 -50 -377 219 -1182 162 69 -299 -600 165 -694 -277 164 -131 -113 261 19 315 -333 1098 -884 -258 131 261 120 -518 -69 -768 -601 -174 -70 -150 -173 -364 -389 229 686 306 -347 538 709 110 342 178 225 691 439 939 393 -72 499 522 -92 -6 545 512 -708 332 -554 100 85 -471 173 766 -299 -349 272 -986 526 -414 ]
[364 197 -319 84 359 345 -66 1286 934 -275 537 191 -85 -1072 102 239 268 -1088 893 -330 721 96 -346 -503 2 -55 -96 -390 -404 -329 -658 18 -375 208 141 -549 -562 -498 -1019 235 -775 245 -366 279 -606 784 316 182 600 339 304 300 734 -74 -672 -151 -466 -430 253 807 40 333 -849 1021 -476 -213 -506 17 -589 326 482 72 209 320 170 -17 44 487 -953 -493 -68 -306 -226 -815 61 873 -713 915 -165 -314 -154 -707 -463 -256 767 -166 -86 244 120 -327 -101 -777 857 -365 189 407 -752 -469 261 -288 ]
[-542 -457 -66 585 608 776 844 -1014 -420 395 623 21 -751 -91 369 521 -993 1185 940 309 376 4 178 -500 -470 642 100 -525 -879 -104 1116 -674 -505 102 14 -241 315 -86 832 -479 663 -24 -516 1298 -279 483 -496 98 -206 436 -469 -56 250 -88 1292 311 172 235 -283 -386 -674 141 115 -147 53 -126 1173 -443 -100 -602 420 -653 208 -194 658 -435 -46 -176 328 -1048 -517 490 897 -832 -363 1366 478 30 -845 -12 -116 -745 -104 192 -42 -275 -489 -1886 387 -598 -595 -841 -561 406 -396 -110 1056 -262 201 606 ]
[-720 448 221 560 876 133 144 571 302 -188 308 -856 522 364 170 64 70 -172 765 -265 864 -967 -512 -365 94 166 580 -30 -408 -442 217 -140 245 424 -366 115 539 -51 36 247 -346 -1081 814 422 233 -146 495 567 104 -806 -956 57 -138 -611 -50 663 -3 -20 510 667 -1172 -208 264 542 855 281 -336 -224 -153 -156 -8 914 -781 411 -146 -1165 246 399 463 -84 -33 -317 162 -1033 384 224 -51 -22 -318 971 -348 -475 -661 -604 -368 383 158 77 -14 -377 -137 -498 83 136 160 409 942 225 574 -706 ]
[534 693 -784 -202 -688 -591 -481 1171 576 1091 -602 492 -590 -1131 1036 250 428 628 481 -80 130 1154 -521 -267 298 -774 290 159 493 138 266 27 -16 666 436 1164 -346 -861 -303 -21 -105 765 280 411 105 361 -610 -1 -1266 424 -930 43 216 876 89 -188 256 804 211 -191 361 -772 348 208 -458 253 -298 -239 49 86 69 -166 305 352 80 352 468 -256 -663 -107 86 -118 -296 452 270 216 -300 279 451 -1445 -494 272 -247 226 618 1116 611 687 178 -1279 908 -1012 -608 579 -624 -13 -641 -810 -609 -894 ]
[-904 -473 -405 -419 -574 385 303 98 -574 -934 -33 -500 599 -35 523 -199 211 121 217 716 22 468 -15 -147 197 406 -181 -172 -536 -20 -336 -560 -85 -652 578 911 -634 592 -527 -9 -304 398 -938 563 -1204 131 468 744 222 -391 432 -78 262 -658 826 413 752 -36 463 773 -1206 -948 -210 476 267 325 446 -752 64 236 784 -164 -857 -75 -717 140 168 226 -968 -249 -233 -221 -1315 -722 -93 1040 587 -21 -520 63 419 -711 -816 510 -410 -18 -882 206 79 242 -458 174 -520 372 710 -517 -227 -564 175 -361 ]
[-52 -289 416 227 241 502 373 508 137 237 -1152 235 -571 -830 184 -378 -127 -562 1118 153 586 -615 -176 -493 -268 162 315 516 -551 -652 -299 -284 -186 717 490 -337 433 406 -463 -398 -542 283 -306 -172 -227 353 -497 279 29 -93 -195 -628 506 -474 -742 256 -740 125 497 1535 197 367 665 107 120 -347 431 -807 301 -343 2 -159 115 -229 -173 82 1532 -320 -1473 31 1085 103 -73 -97 160 208 416 553 558 -642 -39 -684 -220 -1155 186 1514 -837 -107 126 228 654 -807 630 393 -488 420 -1131 -1068 -176 -250 ]
[655 -238 -177 970 -425 -23 -698 691 995 -826 582 168 -430 -384 205 -687 -21 0 -126 -187 270 959 490 -756 228 -1458 361 -1150 -80 -201 246 189 128 -998 -615 -346 791 -735 506 85 856 -526 -144 -385 194 -270 -363 -1154 -178 -290 -346 465 923 -104 850 -2 -603 -938 -141 -742 568 706 483 379 -382 -641 388 776 -168 -1058 785 -11 176 814 505 -363 161 818 730 -93 -515 84 -147 -164 144 1000 -1591 369 200 -610 160 146 264 447 -180 -262 204 961 81 -925 336 288 -244 -883 134 103 475 201 585 -323 ]
[21 94 1 393 -2 -274 -378 309 569 -224 -675 -120 -159 -266 510 528 -1285 -130 784 23 51 517 647 -389 444 128 230 -613 -380 -549 270 -34 376 162 -883 -210 466 -268 479 -137 1027 657 -412 299 -165 -113 33 552 -722 502 -79 -41 921 684 412 0 64 39 -349 -946 -345 566 1247 -645 -802 272 -110 -149 763 342 -161 -879 275 -391 945 -713 -1019 306 1178 -595 -215 550 -259 -184 -115 -820 -1501 -117 71 -753 -134 -176 -191 -586 -511 850 536 47 679 -1080 162 191 -878 -215 -85 121 184 -273 -38 -398 ]
[154 -54 386 550 273 -36 215 133 772 409 -133 -762 -439 -232 51 598 109 -466 -1003 -596 82 185 -121 -581 -202 -513 274 -728 -340 -269 -763 -145 179 -1106 -68 -480 539 61 -38 70 124 -1220 -44 -464 489 -532 455 -1292 -19 -41 -480 -636 -301 -922 323 682 -256 -1669 397 -615 49 -105 484 -46 556 742 815 492 -336 113 -152 558 292 -306 -154 683 -99 164 -210 1458 1232 32 1369 353 340 -123 147 -181 -83 92 622 359 -159 436 661 -36 -392 202 36 -491 175 774 -52 39 983 -229 -167 -14 356 -66 ]
[1370 407 145 390 37 108 -46 396 -35 -959 167 -685 53 116 -807 390 224 692 101 -1333 149 -736 -151 693 -1055 47 -286 653 439 -498 814 -274 671 6 -309 -179 594 -399 -16 178 -649 -978 482 736 -318 104 200 -319 776 665 390 1069 -349 -469 -1682 76 -611 732 442 -35 -489 611 -403 -194 705 -260 -97 522 -456 358 -635 -140 336 39 -225 -682 18 -75 744 -371 431 803 761 282 -565 -335 121 163 78 396 -165 72 -256 375 -96 416 -228 61 -245 1142 -283 146 -246 400 472 197 -316 45 -84 233 ]
[79 -562 126 -140 -521 313 176 -110 -479 -22 130 -487 428 587 -429 -313 -314 125 928 -268 -50 -672 -287 -1033 -119 -882 286 10 574 -318 287 -51 -280 78 -1020 148 322 -636 -68 442 -222 -527 -105 687 -555 969 -257 278 610 -27 -18 -280 -303 6 -460 134 -636 713 -260 -615 411 77 -68 14 414 -7 -336 -716 347 -933 936 -206 764 -320 841 -95 99 -651 -147 -402 -142 150 1952 112 -275 390 -253 301 -213 758 384 -119 1182 797 -303 149 -493 -187 528 -237 783 522 -542 -159 -780 -614 -4 69 -558 -423 ]
[-1166 -184 -573 -170 505 593 -269 -1105 549 143 103 111 57 515 634 -177 126 -334 -1586 229 -372 -843 501 140 204 -143 -712 -1213 -526 650 -9 163 -150 75 -406 271 -651 1027 -11 267 -39 -164 -894 -354 533 235 546 515 93 -860 -543 -62 -393 -1212 539 -255 149 -194 260 -50 -673 -813 -1305 486 -72 -24 877 -498 -2 118 156 773 -378 658 305 46 -252 583 237 563 51 -556 155 -624 1296 887 274 -852 108 1451 -834 -612 -249 -413 -247 -559 83 -132 -237 98 -239 334 -136 199 617 -1139 300 510 152 -1105 ]
[300 -948 -526 477 246 -404 -552 -352 -530 162 373 -374 738 292 -244 22 173 -116 322 -212 -201 -332 266 665 293 494 -991 676 -529 105 461 333 237 -215 164 -378 1536 -7 438 -833 -251 -120 308 -517 -415 -286 -1123 -56 192 374 -540 -146 -531 -95 -432 371 101 688 264 455 -210 394 -108 -130 172 -137 -488 425 520 546 -515 304 -895 319 -557 213 462 -69 362 386 -290 254 286 158 25 -18 304 -712 -66 476 366 -20 -508 -461 44 745 50 -59 -725 724 -409 21 659 455 -144 1170 -1162 -258 -107 -345 ]
[-312 -575 -465 542 -285 122 -676 -323 240 -638 308 99 120 -291 866 -815 161 150 -441 722 -496 286 686 -105 365 36 159 -830 -479 -355 -646 22 -382 -53 480 -252 -770 100 155 -623 720 452 -774 480 -671 253 -680 -55 622 -568 -709 345 406 325 1224 -25 -207 -459 387 -67 144 37 -439 271 -212 -488 169 -1 -59 -184 791 598 -448 689 233 -509 23 663 -220 167 83 -517 -1155 -26 425 769 -157 242 -454 43 416 -243 -683 -831 14 -400 -486 -657 -319 -674 -728 85 514 -115 537 338 -656 -653 391 176 ]
[-73 59 -242 515 320 -62 88 -299 -246 -521 253 92 -1022 701 14 36 -189 81 670 -623 -40 -37 329 108 -556 750 -66 -513 -777 1268 -20 -647 186 668 184 -595 -616 -292 -20 123 60 608 -652 776 54 171 -730 827 1409 415 315 173 -278 577 -633 31 793 647 80 -799 270 -487 81 820 326 874 238 -112 168 438 -261 -316 94 -374 360 448 -291 -1021 708 246 280 -505 -72 106 929 -878 463 -200 -221 130 -174 158 -160 -287 -314 679 -184 -308 410 -721 -161 -454 -972 577 249 -60 -448 -244 -141 375 ]
[-898 -371 730 116 900 370 266 -455 91 595 -768 341 157 430 -186 -834 -2 310 -511 -906 -426 -56 -523 229 -166 320 -302 -740 -1022 136 -269 -207 277 -350 401 482 -525 -518 9 -2 -204 563 53 -177 -2 148 -507 491 527 176 -363 -6 230 121 -111 104 -388 -816 469 190 57 -1310 853 -233 182 51 582 520 -409 -168 691 -571 -630 -745 -331 187 460 -27 861 297 394 -262 1023 -927 -578 -224 387 -542 -138 384 44 -836 312 -130 421 -125 -150 370 384 700 808 48 -876 -259 -61 594 -593 -476 -143 -156 ]
[449 245 -349 -114 -808 -413 -10 1026 -891 500 -209 518 609 -664 438 323 -253 -205 -809 293 170 -940 -59 -38 -99 857 437 444 490 -122 247 -435 54 272 -571 3 633 410 -767 -64 -325 -1177 234 116 -473 -27 1274 374 -323 -81 326 -962 -701 -922 207 -397 -323 -623 -1107 -117 -635 533 -176 124 -454 -175 -426 -845 524 -216 -1017 526 974 303 431 309 -902 -315 -630 1035 616 590 110 309 10 -28 63 1169 763 -88 -385 562 1283 462 265 -206 -76 -172 -340 -538 78 226 478 -927 400 -1346 680 760 -684 -287 ]
[-10 132 281 -310 939 615 347 -433 -50 -271 365 388 176 -498 127 82 379 -224 536 497 1016 -461 -7 -18 -706 474 -387 872 115 -319 482 906 -133 -9 156 473 -624 -158 -272 79 39 966 482 843 -328 217 -713 142 689 300 262 -351 14 82 -77 -334 351 -248 -489 67 -487 -42 -732 277 -3 514 -287 -392 -619 -598 33 572 -928 345 -144 -946 -664 -286 -368 -502 55 -456 21 453 198 -188 869 -642 -667 -261 -142 -856 27 -244 -294 -179 -295 -411 -653 288 -653 -82 -88 -741 199 -557 -244 -336 162 859 ]
[-59 1009 -139 185 1203 -909 -254 856 641 -119 -485 228 226 -731 -550 -41 -156 -302 153 -559 -237 -286 -304 -393 -273 521 330 -98 -206 35 -477 219 -186 -267 -744 -286 569 -299 -890 -229 96 228 -118 -614 229 -594 627 -148 -573 76 392 237 796 -504 -224 -46 -267 -1262 -510 114 -129 866 961 -253 -1056 52 -460 503 -386 -5 -297 -168 223 5 393 -91 -475 135 732 632 382 204 216 -602 -644 -127 -884 1248 198 -42 -148 -62 573 -502 542 52 204 701 263 -858 -159 72 215 -713 201 649 1090 384 163 -439 ]
[-527 -330 40 171 935 -367 88 -54 184 31 506 -179 -367 -430 -697 441 600 -214 -641 -254 159 151 612 -558 318 10 190 268 -255 -304 190 235 -627 100 710 -124 2 -922 571 90 763 582 515 536 -60 -299 -244 409 425 278 -754 -199 -139 -120 228 281 597 -2 418 -465 -1048 665 -281 -401 -341 501 376 190 198 -368 -112 669 -855 -244 459 -562 254 -357 -478 581 -356 -552 917 -572 -1156 1042 -201 -270 -91 184 -329 -1621 35 755 -500 -1074 488 437 542 382 -165 158 76 484 170 27 -15 324 421 60 ]
[586 -1560 34 -356 -1071 80 -158 -780 -501 426 -1163 -392 448 170 384 597 -208 70 -664 85 -686 279 -272 126 826 -893 166 -497 -105 -500 -814 133 460 114 655 -19 -88 -6 -150 -14 111 49 151 -198 -493 -75 404 -381 -285 -285 -512 -900 -88 -166 372 -544 520 -8 -203 -709 179 -251 1093 -112 -1118 -238 464 -890 133 -289 281 -691 434 -592 198 326 -89 990 -1336 125 187 -152 757 406 -687 -128 -566 -65 211 -821 273 -240 970 82 -261 43 -279 -58 -68 -515 -59 443 -98 1099 -179 -32 -914 73 -993 -843 ]
[130 -1187 -438 -69 -870 217 -489 -94 87 -480 251 245 130 177 -36 -284 -482 -97 -30 412 -280 585 -474 553 861 -1173 -309 -1331 389 420 301 7 -827 470 -812 264 -204 771 519 712 -369 -220 -72 -379 -901 -465 -387 -925 -36 -662 184 -75 -202 700 741 -59 728 625 -144 134 -187 -483 -3 271 332 216 375 -1183 -610 -664 474 -17 -129 323 -372 184 149 1047 329 -150 -414 -861 -912 653 15 276 904 -436 -18 715 824 851 498 1256 -1365 -150 -7 797 -409 1468 -268 199 -315 1027 -437 -727 1055 -134 -400 -60 ]
[-938 -56 5 1251 872 732 734 451 384 70 -837 364 -1061 477 47 14 -194 -878 266 522 205 -85 222 389 519 -28 -627 110 -223 -442 197 -584 -581 886 -266 -1255 -685 1375 689 378 98 -24 -580 -560 531 616 386 412 151 35 -50 104 -193 373 -777 371 -238 1218 216 323 -405 131 899 -802 640 -63 478 299 379 365 141 -3 897 -831 760 -171 -153 -183 402 -988 -432 548 -132 -382 -375 -13 427 -119 47 526 -157 -236 190 -221 -525 617 619 857 708 712 399 192 57 64 -442 -102 762 -177 446 -206 ]
[-265 -1005 62 160 688 -544 251 144 420 -372 525 361 -73 -593 -264 434 -610 542 1004 -157 604 87 98 514 -490 178 -275 911 -473 233 349 60 -300 -1041 -857 50 862 966 -283 -282 384 -60 -912 359 -91 25 -465 -96 -111 516 -93 20 213 76 352 661 -234 -345 -446 216 236 186 417 -11 10 -166 1336 114 -163 -417 53 295 -60 336 37 194 69 380 -167 -201 -558 -270 626 -546 1103 514 -52 -496 517 175 528 -1030 472 -243 193 109 -838 -37 138 -45 -917 375 128 354 -395 125 92 -301 475 476 ]
[-438 328 -308 -200 145 341 -443 277 363 -133 27 -824 1160 186 -455 -775 68 -1246 -412 -148 493 87 -51 -253 -1090 -518 861 -52 -931 605 -29 755 -44 -418 469 -595 141 -102 -164 -92 -583 208 -10 -209 477 -203 -164 -325 1347 -250 -74 -754 -557 -597 -1028 223 152 -718 996 -203 -56 453 -847 746 67 361 153 673 -148 -297 684 844 1000 810 -462 563 621 -524 -748 1421 19 -576 928 -226 465 409 478 -79 12 266 192 -35 -38 -471 401 -366 -694 641 612 -156 900 496 -106 -41 1216 -17 -878 -69 -279 -324 ]
[290 1461 -298 523 163 53 156 683 -249 -390 -340 -972 -994 -388 678 136 520 -975 -295 -510 -135 300 266 -69 169 829 328 -59 -383 -78 -200 -1073 1101 -59 9 -567 -671 -286 652 -649 608 -253 -332 674 -200 124 8 578 215 -74 -299 184 -372 -1178 917 530 115 -187 225 -109 -1509 272 809 671 240 178 413 491 213 72 -300 530 1004 466 535 -519 116 -595 -587 281 272 1100 -1388 278 -166 -55 -112 476 236 -323 -390 -291 -726 28 -167 695 -185 -216 959 -203 -318 -228 132 -261 1243 -817 -728 -574 559 -623 ]
[-683 -222 -711 -217 631 42 207 -228 -375 -78 -589 647 -21 -187 -702 -743 713 -496 145 -53 -547 8 -787 -359 51 -523 -707 -817 330 -194 371 332 -270 -24 1346 -105 -830 -551 -74 -307 -750 665 -342 5 -747 -41 -447 55 -15 -56 -79 -416 539 -275 -199 486 661 526 619 1114 12 -449 1 429 497 85 -278 -64 84 -273 1334 -190 -603 -277 -329 367 1170 9 -134 -42 -180 229 -363 -707 -515 1041 414 22 -386 -286 -131 -615 -371 146 -365 361 150 960 -283 1205 -146 308 31 -68 -269 -255 -435 -295 165 -522 ]
[-1389 11 440 -297 370 -402 436 -469 1127 -947 492 -625 -613 -306 259 245 -378 387 537 -380 300 -204 580 -756 542 -492 474 -530 -945 108 -114 612 -560 -1470 -486 160 621 -51 306 -209 790 455 -633 223 130 210 185 -72 -311 -113 -375 -27 1122 -290 708 388 -816 -1406 544 -137 68 415 569 -209 492 -225 571 481 43 -596 73 -323 -648 127 -242 188 37 432 578 938 142 -644 922 -1388 953 156 -150 -714 139 222 1079 -903 -523 -638 612 84 -847 -623 490 -970 437 489 235 -640 6 724 401 -706 1145 655 ]
[-316 -1163 915 6 359 155 94 -1215 -1283 -54 -173 -733 1054 419 472 -263 -235 -210 -196 -143 -1257 -839 -395 -24 646 379 393 -95 -589 -10 -673 111 544 -322 287 122 -498 157 99 -95 220 -1372 441 465 -969 -210 361 758 374 21 -1134 -711 430 -624 188 -126 134 534 222 -458 14 -244 257 305 928 188 659 -1084 1262 -495 650 -282 -542 296 -246 -245 -288 196 460 -28 141 -636 886 -542 -53 -346 164 -890 -110 597 138 -486 -279 -113 -1151 227 295 594 -139 410 -408 696 -95 514 -376 -323 -608 -83 -243 83 ]
[-249 -351 -192 396 -785 -8 277 -795 -1232 377 -140 -534 -587 -167 103 -1252 -324 821 904 12 142 1147 96 -402 -893 894 435 -23 -363 428 1101 -648 348 -816 370 209 -183 -1159 1006 145 164 912 675 673 502 -210 -1579 -43 375 -183 -517 -101 -632 157 273 318 18 1040 -103 -738 9 150 473 334 92 -221 385 510 90 -1186 1002 -428 590 43 123 426 71 -1020 1267 -684 427 88 -300 -104 -386 -226 666 42 -797 -461 924 316 359 764 -21 310 -293 -36 91 -310 494 -153 -1094 -533 251 157 -148 -740 247 726 ]
[579 580 -857 -404 256 136 469 160 -222 129 -30 -296 -311 12 -128 -249 317 -1066 389 -76 205 88 -522 -378 288 -1060 -93 362 325 -567 713 291 -687 550 542 201 -268 104 394 -387 -369 1049 799 472 -69 1071 -73 232 254 -95 -124 -568 -1002 732 -827 219 -185 423 311 -38 247 1102 -261 -586 377 1488 -31 114 -802 -124 115 458 253 -66 511 353 -217 119 -1575 -588 -902 658 592 -133 20 -258 238 212 -72 457 -296 221 426 787 115 16 575 200 -77 -589 64 131 166 293 -322 751 12 -591 54 -721 ]
[334 -506 6 1209 465 -75 997 -803 -1089 46 -283 638 -64 458 526 -879 -318 299 86 791 5 -297 768 333 1 310 -110 -477 15 -634 704 -71 -359 -319 -514 -6 -20 355 464 -386 420 -224 210 509 -892 -209 -734 -651 171 -482 867 -567 -709 171 63 270 719 -8 -493 -835 -609 -193 677 -3 -33 30 926 410 -291 -994 385 -400 -115 -725 219 -174 -629 -171 624 82 838 320 -106 131 -112 -383 -230 513 -911 -773 920 1220 21 830 -116 241 -98 176 -343 -10 -433 1076 -985 -61 496 -361 879 186 488 357 ]
[-1011 -616 -202 466 128 681 -402 -782 961 -425 -895 126 297 739 407 517 544 1072 74 -966 -754 -726 -478 401 666 185 -359 -592 -172 469 -505 -36 406 231 -329 383 357 257 -38 348 252 47 122 25 -450 -672 543 421 -377 -191 -591 657 497 -128 -359 -225 -15 783 489 264 -72 -1152 1042 -465 -250 -202 -339 -779 215 -332 157 -553 -687 -934 -93 -411 339 -221 -77 172 232 -541 528 -628 -563 453 -161 -322 260 -169 -885 -530 105 91 374 1286 400 1364 395 708 61 -283 -492 1115 -661 513 -158 -141 155 -1087 ]
[-767 571 8 -298 777 793 -509 -391 -113 163 -913 -546 -740 444 20 -418 -283 -98 -95 -4 -1506 199 -681 -551 -233 292 -29 -1062 -845 1066 532 -545 541 45 -46 49 -312 268 -206 327 153 -1039 -984 420 -445 331 378 377 257 -73 -683 -43 30 -1273 810 614 -261 -239 432 660 99 -337 -296 747 344 -707 522 -660 422 -550 1138 -370 1292 97 333 -17 365 32 326 -281 256 -136 643 -1311 219 577 832 -78 -486 637 -177 -384 -129 -488 335 953 -622 129 688 750 214 27 -277 667 358 -937 -842 -726 -790 -266 ]
[1167 -283 -427 -1000 -1187 332 -587 393 144 187 1250 -397 1011 -443 489 294 73 -1257 -44 64 -211 568 151 -78 -330 334 504 461 539 198 356 -3 -5 -79 957 -47 541 -497 935 537 -292 236 649 616 -118 -412 -137 774 321 69 636 -889 -294 210 531 449 25 -541 659 -714 339 883 -1444 -239 -162 36 42 576 1282 101 -339 377 227 332 -143 537 -348 -766 -472 143 -366 235 186 333 -419 -112 -318 -30 -239 -161 -307 -94 -378 635 -407 -1438 1134 619 -134 -250 -184 118 168 386 297 210 -811 409 -125 633 ]
[642 613 -346 101 -362 -553 -359 -138 656 -794 -160 -199 750 752 -211 -805 261 -658 -715 -56 -612 136 370 253 780 -1288 -356 156 -33 194 246 224 308 -158 -574 387 343 -417 -631 365 -226 -172 297 -130 -294 -572 800 -274 967 -773 502 166 -37 -539 249 -392 -870 -297 -642 266 140 583 1029 -29 -312 500 -1019 35 -395 -548 403 -132 -76 819 -561 -570 -64 -87 -347 647 -752 305 -560 -68 303 -549 -476 613 117 374 239 326 630 -172 465 730 -403 1148 253 256 -155 942 -226 -686 805 23 101 -188 341 -966 ]
[410 -612 255 364 -65 -82 700 -444 114 1264 220 683 598 -820 -175 -261 574 16 -176 -317 401 -587 -18 284 184 -129 566 665 -1 -704 -120 114 644 -1057 -551 -270 -235 -789 -296 281 -38 365 1384 -474 308 -267 -35 -634 186 -22 -44 -743 -30 575 -63 54 -7 -356 -137 -992 411 144 1209 -295 -308 -81 708 746 39 -653 558 222 484 -928 -495 -151 57 -502 -196 -214 -17 32 729 22 -220 -748 -804 224 -467 -563 371 -348 20 326 116 -29 29 225 27 130 782 688 26 -1152 -816 249 815 1118 870 -555 ]
[-203 -1042 325 -399 -584 -671 -544 -225 -219 -357 -656 -115 803 462 -484 -61 -260 587 441 393 -534 414 80 -209 84 -882 -506 -153 54 152 343 573 -275 564 -175 1333 27 156 443 1263 -521 659 57 -393 165 -176 -349 309 737 93 14 1026 -905 724 -876 391 -590 248 -55 -477 317 -293 -869 -936 172 652 26 -183 -188 -1434 468 70 -837 97 169 -924 204 89 -561 -868 -502 -511 -372 387 389 506 824 -739 139 480 242 -361 801 204 -35 -238 103 368 340 972 -478 -390 202 51 -1326 757 -879 531 -437 199 ]
[254 637 -879 -114 -655 12 96 76 651 -423 591 -101 -649 244 637 25 645 401 -530 -90 214 214 464 525 54 -715 661 -394 1180 840 1092 165 221 84 139 208 -69 -851 1521 1350 -599 247 762 10 -122 -738 750 135 -96 -567 -92 584 1012 -594 149 338 -976 480 579 -595 667 452 -235 -301 84 -1212 -97 594 58 -771 32 -847 422 -212 -491 -116 224 21 -304 137 -325 355 -718 -42 163 729 240 -592 541 -504 -728 487 224 457 -521 -243 613 826 -13 299 339 -469 -893 -396 37 -543 576 211 604 491 ]
[-361 -553 -848 -248 -1233 -637 -142 93 797 377 85 753 412 -598 -93 117 486 -626 -912 223 -281 114 -45 -1056 329 -893 -93 228 92 -579 176 151 19 421 395 -260 -246 34 -600 280 -167 -69 -137 -199 580 10 460 850 205 -490 -157 -616 -273 326 -161 -300 -912 1059 336 -398 1153 398 28 27 -125 -363 -641 -675 1136 480 -16 -317 579 -2 387 650 -153 -837 -1309 855 438 46 -235 -49 412 -629 420 -3 833 580 382 591 157 145 116 139 45 26 38 -940 1268 388 1027 -346 -293 -423 -89 144 166 -28 ]
[-431 508 155 -773 394 -469 -35 -280 614 -395 -528 154 -201 725 -827 32 -711 -197 -147 238 -672 808 96 -697 169 -496 -318 -473 473 223 -387 673 -1205 630 -63 775 -305 -46 496 40 389 938 -600 -106 615 19 256 176 -706 -329 407 102 79 178 339 333 116 -696 445 431 148 -435 -390 -614 -504 1110 336 -213 -741 -461 247 -142 -536 236 357 310 82 168 -366 485 320 -447 116 -160 218 149 146 -46 336 -425 154 478 160 373 477 -1023 339 603 652 -36 -95 307 35 457 136 74 620 -28 -216 301 ]
[1000 1200 56 -962 -1276 -287 -399 708 -325 -396 -87 618 288 -443 -21 -8 308 -70 -130 544 624 614 847 287 -77 -349 402 510 214 202 245 698 -211 236 347 -71 -89 705 -137 -175 10 936 256 -475 1134 41 -667 53 246 503 1640 47 -528 732 -347 -815 428 400 -283 -900 -153 928 -421 -410 -645 16 45 1066 568 -6 -757 -180 1292 197 344 144 -367 -569 446 100 -818 665 -1135 1124 -567 -715 -741 405 64 -206 2 414 154 565 -396 78 180 91 39 -327 -103 -186 506 -744 105 258 483 405 -383 172 ]
[-244 -27 759 -440 1190 290 282 -1049 144 638 402 152 139 106 -50 732 530 196 -1219 111 -329 -24 305 -482 169 -169 -294 -39 429 325 -816 570 -211 -534 375 107 -89 438 -283 163 284 -164 -139 -329 540 89 717 -23 -38 34 136 -263 158 -902 445 376 545 -267 164 -228 -27 -615 -130 -598 241 729 1137 -714 48 -214 536 257 69 -143 -404 -44 316 -878 -1144 798 331 -289 486 415 -68 359 258 -627 -673 199 -363 -169 -138 327 225 -348 -61 284 -244 727 -756 272 -287 -4 -21 -876 484 1116 22 -150 ]
[-815 -103 45 -6 546 74 213 332 39 576 -865 -669 856 -327 -60 -472 203 -652 -547 96 -845 -154 -732 8 362 -499 444 -672 -143 -385 -887 126 -209 330 1007 -98 -798 319 -458 -380 428 -850 -201 162 -610 355 211 -210 423 -611 -333 -534 764 -366 567 456 1184 1 649 791 175 308 1129 905 140 4 171 84 526 1187 1148 143 749 -546 -170 610 418 533 -227 551 340 -462 617 -782 -548 -223 -480 230 -423 604 54 -146 -466 -752 76 190 302 501 -405 -785 -111 665 346 231 689 24 89 -259 -739 -1084 ]
[214 -37 -684 -162 -525 -1081 167 -331 173 -690 -394 480 352 -99 -449 -669 63 1119 434 92 256 116 233 64 -48 -755 9 -519 -385 180 451 44 397 -38 264 411 260 35 -390 -60 505 989 182 -581 638 -160 -1160 149 250 -725 761 1079 177 42 -1164 -90 306 587 337 -437 -309 505 634 -316 -195 -77 124 274 -307 -222 340 -555 -693 114 -318 -855 423 585 196 623 512 -242 -756 -306 541 -218 -1036 883 397 -236 -47 17 599 129 -530 262 233 545 -453 -752 -81 190 -177 -198 -682 906 230 773 -597 -601 ]
[168 37 -540 388 -1191 152 54 -359 50 232 93 342 -533 136 1174 -2 -648 345 -87 -778 -610 782 462 -191 490 -5 578 -683 345 532 -945 -1178 -181 76 79 -17 -651 -26 160 -373 170 -778 -755 502 -553 665 104 0 -806 317 -724 104 550 79 126 -185 -497 627 210 -1070 708 -579 266 279 802 -695 12 364 574 307 525 -161 196 -1008 209 1063 306 -242 1088 -89 734 299 560 442 582 -344 -1058 849 397 -543 288 550 -70 -123 52 88 566 -384 -54 -961 292 922 -326 406 246 -861 -222 -813 -84 -374 ]
[326 61 187 -1188 214 -386 439 -588 -319 433 383 395 -698 -256 -480 -468 -771 527 257 101 -68 -464 -139 -298 -93 406 131 84 -551 443 909 -722 156 -391 -378 232 210 145 -176 -50 519 -173 -402 331 -324 573 384 642 -251 170 -100 -77 419 -153 787 280 -1661 -46 -1032 134 923 664 276 -51 324 249 177 -1151 472 -123 -17 -615 -211 -40 386 194 -50 841 -314 -725 -2 364 130 -1130 920 -95 614 -229 616 696 -509 -530 805 -284 -170 143 -317 -1483 316 42 -330 189 -185 -163 -397 -119 -15 595 -655 538 ]
[150 216 664 643 436 -76 -301 82 411 -622 157 -391 -1601 158 285 202 -892 279 927 635 -401 853 133 -536 24 -675 127 -944 -367 11 -266 100 -664 236 289 -556 498 680 218 -962 1002 -477 -1172 152 -117 463 -759 -1255 -700 996 -799 315 475 587 1053 -72 813 -655 178 170 -448 -115 19 336 431 432 844 23 375 230 424 15 141 348 621 403 697 414 480 -107 -266 -275 329 131 -665 485 -142 22 -32 -416 462 85 -753 -295 348 143 -245 -702 580 -822 124 -786 -122 751 -155 45 -33 -604 -1115 352 ]
[1243 214 -558 -352 -448 -660 -262 305 -282 580 -188 -407 375 -1053 -304 -308 283 499 31 315 19 -855 -570 357 -37 -475 123 261 -59 -655 435 732 608 896 58 663 -256 -1217 -367 -75 -551 -70 1048 749 31 743 -692 -325 -38 409 -519 158 203 500 285 374 -845 807 -402 898 -110 614 482 707 -783 -100 -337 -782 -81 355 700 -21 564 -120 281 -330 312 744 -1080 -335 -479 786 -139 -424 -630 -543 -813 858 -265 295 -547 28 269 76 256 1050 -444 -251 -284 -471 -483 -917 220 -614 -244 199 -425 -240 -930 -732 ]
[559 293 -791 371 610 -259 850 -719 -396 -210 321 253 -579 -117 821 145 173 -558 -793 1007 -253 209 591 136 12 -403 63 -41 623 -358 332 132 -814 808 1017 -1040 -337 164 -829 -971 -341 282 -153 -215 -147 400 303 -413 301 -36 -124 -45 161 348 -610 -1256 -497 19 -1274 -403 354 1531 -259 -596 -523 234 -1023 -82 170 365 -1007 73 408 249 1534 -674 -644 784 -1719 757 -155 -94 -55 36 487 41 -943 1420 534 -598 -733 -182 766 -56 19 15 -11 -1378 -212 -865 -418 803 564 404 -71 -430 -988 -468 157 133 ]
[-1009 384 -67 760 482 180 -32 -1068 195 -927 951 175 -255 1421 -194 290 36 -316 -224 -65 -603 115 584 84 454 -507 -957 -851 -1062 1277 -413 523 -836 472 1360 -299 30 671 164 -272 499 197 -1045 -1225 239 -116 -83 199 774 -61 106 18 -194 -430 849 -226 502 581 74 -221 -169 0 -226 -81 464 19 -810 -154 902 149 199 -119 -437 186 279 447 229 -798 -463 1246 -498 -402 80 21 -319 383 998 -101 526 793 365 -310 77 -145 163 -115 116 -249 570 680 -188 -199 330 532 45 -427 17 -144 -671 -13 ]
[951 -293 504 -528 -610 -384 -554 -133 -179 -10 -245 493 -325 -323 262 -905 -430 75 29 -7 -269 -463 -104 75 -161 -461 442 -692 906 -652 -10 342 -457 -612 -609 -261 -14 263 195 -50 76 -42 139 348 -809 -264 -266 -746 -912 518 36 -30 187 587 -549 -148 -979 -322 -429 -87 409 695 -661 -104 -404 -814 832 -450 -40 -534 -213 -300 584 404 433 382 -148 719 -185 -409 85 438 177 623 -391 974 -812 -81 569 -530 -258 653 259 342 219 -225 269 403 -165 7 -432 365 -186 500 -184 -364 170 -122 -209 597 ]
[-84 -174 -404 -526 -57 396 264 -331 -180 68 -70 -153 949 -350 329 -154 233 -61 -253 -149 -416 -731 -246 975 -363 794 -153 593 -305 376 697 320 645 662 549 394 -871 -551 -200 668 -830 144 796 335 -175 -705 293 662 274 -641 -151 584 -411 -547 -925 -1241 13 1126 304 -707 -140 219 -423 274 -274 -773 -345 -242 -47 -300 72 -179 105 246 -496 -570 -374 -622 21 -956 -108 -551 -325 -333 -302 41 101 283 -58 -406 -787 -362 -239 -73 38 -433 1135 579 -611 1137 -549 -216 370 462 -288 96 -430 596 -188 -59 ]
[739 -279 882 652 850 -613 43 466 -148 1522 442 744 -779 -616 377 -258 -401 -1021 374 314 751 14 -268 90 -237 202 174 -144 -8 -413 -420 -424 81 397 -765 -161 -864 -424 274 318 -119 -380 872 -391 573 447 -31 -284 -353 -137 166 -223 235 492 -202 246 19 -666 -654 54 89 164 -402 1018 -225 80 805 -105 -770 -342 79 1048 -370 777 394 -264 -311 754 369 -1220 121 -402 -427 -117 359 -183 -797 137 143 -230 -221 102 634 -417 12 -1072 518 -111 -5 -725 -350 -1156 632 -253 -142 86 620 844 -1 333 ]
[549 -178 -381 -127 -644 42 162 837 -243 1502 24 -123 275 -696 519 -96 -258 -605 -63 64 19 585 -717 -538 -676 417 759 -201 636 -303 -337 -395 -152 -336 250 484 -753 -357 -52 -55 -910 -140 53 467 -798 334 942 18 -524 631 59 -674 99 -256 -99 278 -163 -273 53 -238 -206 -259 -1287 1059 -351 116 420 19 83 183 189 -317 716 65 -100 1165 -11 72 -365 -384 462 355 473 383 -408 229 625 143 115 -580 -125 508 -590 502 135 -383 340 -582 215 -565 805 -79 142 72 130 -577 -6 114 -65 449 ]
[-586 664 -460 -494 842 248 51 -428 245 -457 -377 424 1 -140 -534 -880 -10 -1069 -103 -47 470 -60 -747 117 -250 -293 -742 -1317 -38 -295 296 747 -257 -35 -654 88 -536 66 -402 -493 552 405 -78 -397 10 -131 -519 217 -180 -573 109 89 -240 547 765 -272 1026 -231 -361 1290 -922 -334 192 898 -603 157 -435 -157 -601 -33 506 16 -855 421 450 -642 -453 902 603 -222 -49 -240 -1238 -798 32 -35 -782 -37 -592 1096 -45 -64 -332 49 -247 145 -59 -84 -508 729 -671 62 83 -112 431 -512 475 -321 302 -486 ]
[-248 1061 -518 -430 -624 -375 -1234 401 803 -842 -425 204 270 286 -578 -94 -223 -479 -27 -379 -707 -297 -497 7 7 -1161 -528 299 -355 608 395 771 -496 555 -873 339 386 210 -669 -282 -378 -62 -768 -482 1059 -306 210 96 -283 437 488 470 -296 630 -388 94 -1078 -470 141 671 794 592 359 -574 -788 -276 -833 -463 662 -119 -384 -262 477 19 1062 -82 8 -229 -372 655 -180 111 69 -97 551 -1031 -198 418 960 720 -475 207 521 -436 214 946 -79 133 876 -126 831 -292 856 119 -582 94 -510 -42 -708 -682 ]
[-460 -352 -29 534 53 899 -408 -190 51 -205 -113 489 -227 223 -374 67 970 -445 -1513 1268 -710 165 66 -258 91 32 -760 -35 -151 -110 -319 223 214 31 134 -816 -476 594 103 598 3 -454 -18 -615 388 -739 686 400 780 -119 -72 -84 -72 -361 705 65 465 -544 952 469 -122 -329 -351 -208 -623 -444 957 -9 237 -477 257 671 145 -33 68 -375 143 -229 -1327 168 -600 -372 -1139 -190 -287 830 573 17 -412 -273 -793 -366 -363 310 64 -698 -141 788 9 1078 -386 -116 852 -303 37 -477 197 613 -140 47 ]
[-124 842 -866 -71 392 194 -48 1171 -72 -114 442 -26 39 -181 -91 -629 920 -687 43 97 678 -527 -403 -283 -114 236 73 791 685 199 -153 -675 289 -66 -936 484 -229 -146 -740 378 -950 -42 -419 -348 -728 401 372 449 278 -629 735 88 500 -1148 60 190 -194 471 15 546 -581 -61 -1015 1061 109 -350 -242 -147 -337 -259 626 522 440 858 69 388 567 -402 -1062 397 -34 342 -720 -8 -182 1108 548 1036 693 -45 -301 -175 -72 111 -857 -184 191 1045 91 -170 20 -404 -250 -541 1103 -754 604 353 -101 -423 ]
[919 -584 1037 -133 29 297 271 -754 -506 -548 -686 181 932 -239 776 -90 -5 52 645 -323 -711 -13 -277 517 519 302 -986 391 -659 24 -808 195 -42 -173 -257 -251 -462 942 -1295 -680 -561 253 -615 -556 -21 705 -332 247 340 514 -133 -52 -175 105 -929 -1104 -442 471 -78 646 74 -630 1078 -968 32 -886 251 -709 -875 54 -157 -647 394 301 -251 -250 -404 -160 -603 -532 157 342 -139 270 -375 -135 587 102 52 -137 505 26 297 -482 829 891 -582 -131 -661 1352 -234 111 115 208 -993 473 -796 -1395 -446 5 ]
[114 453 252 -354 123 290 -364 683 -9 -939 -9 -550 -7 -132 -588 -699 -413 -206 244 566 -45 1212 -365 107 -652 -437 -413 -164 -603 -223 159 164 -300 -1245 941 502 -723 328 306 325 -331 365 -547 -648 -87 -122 11 -585 843 -10 640 628 -248 216 -661 25 33 -813 161 527 348 65 -442 -189 306 477 -72 730 -751 61 280 -551 -139 854 -310 -150 13 1154 772 -245 -34 -616 -839 -410 -168 -23 1037 21 67 621 975 151 46 -239 -115 -213 -635 -49 -361 296 -410 452 77 -39 801 1101 -634 -232 11 954 ]
[-455 -282 -49 1684 -52 106 156 517 218 -1016 687 -216 236 130 -416 582 176 586 -490 -133 100 233 605 150 668 344 -491 748 -760 -112 -926 -441 -1082 -24 89 -718 1034 425 -334 -837 1305 -333 -1169 -709 241 44 -437 -579 210 394 -569 845 178 474 1286 -929 43 -268 -594 -166 -387 280 866 -103 135 336 -531 877 -311 717 115 133 -418 249 559 404 -664 -111 516 541 -7 -325 622 277 -788 350 114 252 -306 1541 899 -242 -68 196 -115 -522 -910 -800 455 -453 -64 235 448 -447 419 651 19 -1032 50 -265 ]
[-116 -459 232 -506 827 -250 922 -59 -617 -365 254 -289 561 -768 -988 -335 314 -139 313 711 -161 122 -441 -475 -791 -788 -765 937 547 -268 956 723 -1141 -784 -175 1255 313 378 -61 271 -64 15 109 -260 -225 338 732 206 331 107 460 75 -11 25 -150 -256 134 -200 -409 526 185 -328 294 -831 255 833 323 -166 -467 -595 245 -433 -689 292 -217 160 49 -88 -340 -234 -760 -425 783 -550 -404 759 744 381 -238 1306 -62 -586 471 937 257 -479 -664 -153 -259 313 -212 782 -38 -402 -790 642 418 -606 1 159 ]
[-1018 -210 -18 272 1284 -600 886 -1263 -313 999 817 20 1368 -130 255 -654 -905 -561 -1214 190 -86 -995 309 346 -717 -464 96 -600 -651 297 861 651 -389 -121 -85 224 -780 -243 356 -615 88 -130 119 75 -271 -314 -312 193 879 -351 666 -199 -59 171 -893 206 -125 -177 -151 -617 -33 586 -549 554 -194 583 235 -217 204 -459 71 -517 -899 426 -111 -183 -251 1180 624 876 767 -929 515 -543 371 -545 -149 -348 360 427 -186 437 345 -663 -526 -786 591 -1030 -461 -274 -141 1149 -190 -286 -198 -328 -254 781 -342 694 ]
[-276 340 877 -140 929 -344 495 -618 -330 -645 -1185 -867 -248 1216 694 -84 214 -697 -173 -723 -264 -313 -321 855 -185 -205 -282 -659 400 -90 -622 382 698 344 1148 248 -1501 123 -381 -118 -421 307 290 17 -139 402 574 214 437 -250 177 144 -22 -378 -131 -84 -297 -438 -13 -257 -421 -383 800 253 252 984 -296 352 -461 -146 772 168 -76 60 17 -401 -101 390 26 807 81 113 27 -106 -289 -786 329 -553 266 -70 335 -445 1055 -559 -504 257 -135 400 676 37 -486 452 -373 -280 428 -321 -10 -113 -32 225 ]
[93 -337 -517 553 59 -198 -51 40 512 473 -618 338 181 403 47 -68 317 48 -934 8 -775 163 -303 920 158 513 -193 357 279 -519 471 -503 1131 930 516 590 -813 -413 19 462 159 505 495 549 -393 -484 493 1197 69 -148 -864 106 355 361 1168 451 -1576 -560 260 -252 558 48 344 -156 -347 231 -147 -55 401 213 241 294 -574 -669 407 -362 -588 715 -631 39 -297 246 -163 -721 -238 -182 407 -417 467 26 -813 -754 83 -777 -275 -226 702 -317 878 -118 -280 -655 452 194 320 750 -648 -312 -156 162 ]
[382 -221 -724 -812 -395 -59 -758 -674 560 -210 554 238 683 202 -602 803 81 -241 -143 -373 30 -286 593 882 283 -709 -442 151 -471 607 -93 1346 -552 377 -344 44 116 -142 254 526 -18 -10 -87 86 593 187 882 325 766 799 477 372 -151 311 -250 110 -188 -228 404 -291 -179 -53 -901 13 -1166 -472 384 636 10 30 -447 -598 644 88 -237 99 -72 -237 -597 -400 -949 297 561 -354 -727 -3 -179 -734 -661 739 -32 -555 345 -230 629 -424 138 58 490 196 -430 -508 799 -851 251 -10 173 1224 -568 53 ]
[44 653 -327 660 -476 -438 -936 1210 817 -34 53 -39 24 -186 -73 -413 -121 -843 363 -438 -40 693 -1249 -272 -455 -466 358 -321 -543 10 -145 210 -433 87 -27 -7 -6 -114 135 171 -284 -213 -303 -148 245 -143 -56 -524 -373 106 -613 109 -299 359 -213 741 372 -787 451 641 -508 -371 -772 694 -132 470 150 741 -107 555 101 1342 440 983 304 187 97 -106 687 -85 -436 -296 -407 -175 -48 319 -352 305 -23 350 13 -134 -841 -144 346 18 333 803 579 -877 262 -450 336 119 817 330 211 678 -419 -571 ]
[-48 -336 -664 -207 192 -1092 110 -616 -32 329 729 91 448 136 -412 925 168 -280 -152 148 -58 -536 194 336 648 226 317 45 350 505 -341 447 -27 -490 -1080 -535 258 -368 -632 179 330 -395 134 -530 175 -660 260 -63 104 146 -462 -74 41 -160 504 592 -36 -280 -1298 -563 7 -238 -963 -178 -422 431 -533 -616 226 304 -152 635 198 598 676 -219 -935 206 -943 1330 -704 -391 475 473 1104 -123 -703 267 495 51 -38 135 744 306 156 -477 -366 88 83 271 -1045 624 307 -322 -435 -1215 -420 796 374 46 ]
[962 97 -266 117 -125 -156 -500 361 -2 297 -210 547 892 768 423 -71 361 -391 230 -131 -525 169 -643 272 1117 -1107 -609 -555 98 -146 87 127 -14 541 219 -313 -788 110 -37 -269 -76 35 525 -813 40 645 239 245 109 359 151 -240 -506 875 -1478 109 695 997 569 -131 -201 -645 -130 -378 142 164 -411 -101 -72 873 109 -351 37 -91 -174 -212 -521 2 181 -924 -427 404 298 162 -684 -691 -219 -2 -234 -368 -111 886 10 236 182 445 1829 1457 -315 25 425 108 -216 305 -1006 385 171 478 -1160 -1062 ]
[-643 -445 -108 217 -833 -199 -346 260 -224 -167 1074 384 -282 -191 -179 -174 381 610 -148 -151 640 -258 -435 -265 535 -760 357 389 -122 -456 -503 108 367 -1303 -608 -704 423 374 -168 -696 617 -461 -285 -155 -89 77 1019 -107 -399 528 -975 -356 478 585 839 228 -20 196 -71 699 340 502 36 486 -230 -436 5 -942 1177 850 6 202 -143 57 96 366 -396 115 -913 -472 -636 95 192 12 -341 137 40 -365 599 734 497 -230 -562 -370 289 202 -727 -413 -103 -519 366 -76 333 475 -487 -16 -83 103 791 -361 ]
[-307 -150 419 -816 585 -598 498 -499 -622 176 -1356 -564 162 843 -50 428 -178 -432 128 -544 -211 -170 -477 119 -305 507 -424 -318 -983 0 265 -664 728 48 1028 564 -771 179 -568 19 -396 18 294 238 188 -604 -105 943 473 -188 -93 -205 -1044 -938 -478 -99 341 17 102 -72 -415 -555 1112 -26 226 1613 -144 -13 -520 314 577 -187 -405 -283 -477 61 367 -196 -216 298 65 63 412 -1002 -503 -304 923 -723 184 -479 -32 -999 467 166 294 25 549 351 786 578 -875 1 -703 236 319 820 -715 -451 -1041 139 ]
[-976 1171 282 277 553 360 404 -202 371 -402 95 -144 416 782 326 -58 194 -534 -500 437 -688 737 -574 -550 744 -272 -283 -427 -315 317 -596 -452 479 -365 -37 -549 -531 858 -597 -189 714 8 -631 -540 575 784 1080 675 718 -285 -225 -668 468 -536 810 432 441 -965 37 440 -512 -29 756 -142 688 501 -407 -212 709 514 510 341 -44 -144 90 -473 -832 -420 424 483 -671 436 -101 -533 366 -734 -348 133 -232 1046 -130 -696 -1162 -614 376 103 304 97 430 -1012 173 520 -75 -227 631 -263 460 -200 157 -1253 ]
[855 -702 819 -15 274 210 277 -58 -279 -95 -275 -362 564 204 682 -647 566 232 790 -540 265 -67 -4 389 635 511 -474 -87 896 -121 -1159 -2 -594 -249 -411 -348 -46 492 -661 -92 -834 -588 249 -605 -431 1153 18 -914 -37 -410 -196 425 -57 109 -1062 -434 -291 804 258 837 318 -134 541 -291 33 -691 -257 556 -1250 204 253 388 -52 -645 -664 -520 527 42 -185 56 585 125 71 471 263 405 -263 399 -481 -963 615 656 -95 190 390 560 75 933 -1045 725 -318 -134 -321 -444 -688 341 455 -502 525 -578 ]
[-196 803 -78 472 30 -387 193 101 223 -956 -1084 -347 -936 246 -30 -293 605 -267 752 -398 -736 150 -156 432 1090 -698 -281 -1003 53 -150 -95 210 -12 189 162 -120 -162 102 -213 -292 -181 73 16 -300 -457 -463 583 -559 -121 -311 -392 -154 648 294 -48 460 898 -369 744 1794 -745 333 1232 295 -448 414 287 246 -422 491 -172 -702 -220 -532 -728 -68 1056 1416 -79 375 -136 84 -1105 -698 -129 -803 -344 59 61 -891 410 249 -1323 143 518 1926 -154 1025 -328 394 496 -321 131 -235 -261 399 809 -624 487 -1194 ]
[-93 -453 -472 893 16 404 -30 70 659 -286 620 293 -593 479 23 594 -270 169 798 141 41 347 -600 440 -173 -142 -1047 272 390 481 526 -255 -649 695 576 -881 -138 115 -111 -147 -72 197 -348 3 13 885 -609 -591 369 984 -473 205 809 899 -211 -515 -24 480 26 181 1041 -491 -615 -122 679 -292 -708 -123 -138 285 144 -236 -324 150 -33 -23 -265 -454 346 -674 -507 -480 401 -310 351 162 767 58 -597 -259 -160 -522 -368 -586 309 -159 230 -877 -31 -240 487 -1189 -361 23 -530 241 -581 -1226 -495 588 ]
[598 -354 368 -265 -621 -217 332 -148 558 -329 524 117 -502 -293 9 72 170 399 281 -530 508 330 -636 3 -394 292 716 539 250 89 -603 -599 169 -280 -398 -327 254 -177 -638 397 186 287 236 -89 113 82 332 -169 -307 -272 -1043 436 789 358 389 -754 -1356 -219 -884 -541 786 477 389 -51 277 212 -128 -426 -515 -76 33 592 -206 -20 -42 -373 -331 -298 -1208 -139 318 -169 222 848 557 184 350 234 446 -220 215 171 530 477 376 -466 -254 -280 250 -855 -205 -365 445 -22 -160 -392 439 -273 342 1204 ]
[1160 -680 929 -432 -197 -227 -334 383 233 143 -38 -298 177 162 16 -27 -188 -298 1059 -311 -340 -159 -713 -270 -797 180 375 -565 385 -536 1214 -108 299 -165 -618 1155 676 -519 340 1199 -1082 -1014 1295 746 -954 -546 -688 333 577 -298 686 129 -318 -64 -375 795 -1223 -483 24 -592 1002 -429 -306 162 1032 757 -14 264 -16 -1149 -128 -133 -363 439 -83 -268 -91 -255 28 -69 750 -343 -217 154 693 -1182 772 -697 -478 225 239 583 294 544 -627 317 -192 95 405 556 -272 156 -122 -112 -189 563 -483 401 -116 1204 ]
[186 -94 446 -163 -814 765 -226 -378 203 -280 -12 828 279 359 -315 591 -265 -362 507 267 43 -179 306 -482 -162 471 471 464 -1098 143 -122 -499 -188 794 497 38 -669 -138 86 519 428 625 -103 -73 995 453 290 1042 -83 377 -397 -810 58 -869 263 -878 -773 685 441 -364 -152 130 -1453 381 -465 196 176 -292 261 -194 381 51 -231 808 552 1192 -488 -932 -1125 -460 -76 143 576 -198 -850 202 1277 -316 358 -323 41 -624 -269 -178 -10 -594 401 230 912 -127 656 -1105 485 176 680 -329 121 -622 -596 788 ]
[113 273 -6 638 -463 203 278 -182 -159 -639 -236 328 -255 738 -608 -923 -162 190 371 242 198 546 -530 -340 66 -919 250 -1118 293 -440 -603 -442 -363 130 -579 -667 -541 536 154 -320 440 216 323 -265 308 255 121 -929 242 -1205 -299 273 -717 775 -74 587 849 -201 37 -68 -406 -1211 864 -250 343 982 408 -88 -1270 -440 906 470 477 -505 201 -270 -342 570 174 -554 145 215 -709 972 -476 -474 -16 1071 -679 193 843 1291 215 1114 162 -233 -226 493 -34 -342 -101 623 -396 759 140 3 1204 276 234 -633 ]
]
