[[387 -303 -30 611 -383 56 121 122 -552 -63 59 -197 370 -30 -184 169 -75 620 -49 -12 639 309 -644 -183 -217 128 670 611 284 -397 96 -22 179 22 -359 -138 284 -286 -143 -56 48 -106 -341 446 268 323 -273 436 -87 -109 -486 -27 256 260 6 237 -232 -782 420 -364 -48 441 -239 25 170 -21 -271 -37 93 -113 -156 -152 4 -359 58 412 147 100 -24 318 -498 -382 260 584 515 -217 -112 175 -637 -222 -15 589 -574 582 -396 819 117 -571 -243 -123 -682 -214 363 -158 -451 1091 -227 50 -84 343 ]
[-304 -20 437 902 129 -38 -53 -336 181 -69 18 883 73 93 481 136 190 -257 -250 -363 -225 9 -204 -463 -432 -490 -346 44 -437 458 -462 28 -395 -727 -99 669 -148 117 -50 -7 -198 690 330 22 -567 49 386 -478 23 -435 -274 68 -707 131 376 450 191 -529 -445 -7 665 156 439 374 412 67 -265 217 -674 222 -532 -34 -36 706 -813 -195 304 475 -391 -622 244 -126 305 -1114 -232 -54 -295 -550 -134 -193 494 -106 358 -538 -410 219 99 -292 -10 675 172 -353 214 -557 133 260 -5 87 -24 558 ]
[188 -399 -188 -528 155 12 -123 -335 388 763 -118 -806 118 -52 -97 -205 123 1125 -319 479 218 -53 39 202 644 666 23 864 387 122 -145 -175 199 -159 81 -329 -403 282 -243 116 677 406 -409 338 284 1239 6 153 -547 -279 24 -617 34 289 38 482 -218 810 -72 -282 -126 151 -96 -557 383 -796 -361 -330 544 -149 512 -50 -59 -256 514 656 -577 -332 -339 -354 -144 356 -55 320 422 -239 123 259 100 297 -327 508 -43 -207 673 -74 -452 -300 -285 -708 -433 -282 -11 -646 25 10 392 241 -627 -78 ]
[44 310 84 269 -852 -63 -130 -193 -35 -630 363 98 420 -260 510 585 149 -845 -151 -193 -49 530 70 463 383 -178 378 151 -389 -131 -420 185 267 316 79 -245 149 -84 204 320 -215 -320 519 -65 797 -324 247 20 -74 64 -374 140 -354 -260 183 -135 125 271 -259 368 -318 -811 -292 -635 -380 116 -219 1 306 -348 -194 -191 442 -590 1299 103 73 159 311 -472 250 -436 -134 162 -226 213 -248 -602 408 374 -25 -173 1518 390 -7 -382 82 328 404 50 125 166 -587 218 328 -773 144 598 -439 -562 ]
[122 42 -392 206 -229 -273 -778 -260 -441 -783 548 -328 -664 -191 -369 643 -320 -890 -488 -773 449 384 -610 -370 5 -460 295 -135 -490 237 -432 372 169 95 -492 -113 770 -182 -4 -113 -76 -582 564 528 294 27 -265 -94 354 204 204 396 -588 -459 -7 -603 -275 -621 77 359 98 -2 -244 628 -871 136 155 1093 -229 -211 -401 -35 -245 -451 374 -615 467 -213 65 -465 751 -493 177 624 589 122 -242 -247 85 -438 572 -198 -3 772 -72 -14 251 334 753 -114 -357 773 298 -90 -106 -360 8 271 485 -136 ]
[411 -185 -205 362 431 540 -732 -270 159 475 -105 -263 -455 -86 711 -268 78 11 -111 -589 454 -752 -158 -793 389 -46 211 176 448 -115 -1090 417 -260 -103 -263 450 -283 -153 64 257 -76 589 -619 236 -1032 1930 236 -62 -117 200 585 -368 -529 254 87 382 -326 -209 -679 212 -104 -96 306 421 492 -20 -471 1114 -382 42 120 227 -42 314 -814 -159 -721 -210 -622 -461 117 256 807 -182 259 -334 -290 -514 -1212 -660 257 484 -1010 237 -31 858 376 -538 -122 333 -280 -345 539 -271 210 990 218 278 260 340 ]
[-306 -357 -1 -30 -127 -40 161 569 -334 -215 482 -140 -6 -157 703 408 -205 -539 -112 -533 213 -103 643 -179 64 -184 -165 -91 192 -586 710 -72 -393 -172 363 52 102 -161 621 -280 -464 93 -167 228 -1247 -86 605 276 485 408 -506 -686 467 160 -177 -336 90 739 -463 -178 -284 -61 272 -127 531 -81 919 103 76 -39 -299 312 -500 -173 -67 -69 -421 -473 339 83 -616 120 -533 -638 255 -173 0 -757 -818 -367 376 24 -497 600 -259 -21 415 -318 246 71 312 -275 397 794 162 459 240 -315 318 324 ]
[81 395 257 685 396 401 -453 -644 535 246 187 -214 -92 576 493 296 -634 -858 -482 189 411 68 -396 -119 -251 -97 115 -430 -174 604 -925 -43 322 387 -221 333 -211 192 -327 124 -928 231 68 -530 507 408 323 -370 -84 -578 624 272 -682 -41 578 -404 -7 -459 -667 -46 -403 -772 156 -37 -36 711 -1161 302 -1272 512 475 -126 486 616 -166 -426 -191 164 -558 -131 758 -300 951 -641 250 125 -370 207 -248 25 581 418 455 173 165 186 251 -220 -581 1085 -243 67 -264 -580 165 -166 497 622 -195 134 ]
[-527 610 54 -707 476 704 -493 225 625 923 -529 -735 -377 254 235 -73 -133 -687 117 708 217 -760 476 -402 3 17 -292 -726 -254 563 279 -642 46 355 43 61 -243 367 300 -31 -727 1040 25 -135 -352 850 417 -782 -136 753 1222 206 120 23 97 -408 -99 439 -531 -589 -714 173 653 466 -16 46 -449 22 -760 499 616 -540 -128 234 22 -164 -1058 21 -478 -412 477 535 315 -352 115 -716 -531 407 -350 75 571 25 -837 66 352 -469 -194 804 -66 -161 277 34 884 19 -379 250 -198 -421 332 182 ]
[570 35 548 -496 -589 69 474 175 -215 439 434 98 60 219 586 -540 27 1053 1066 339 -748 -215 -5 13 37 113 263 -684 850 -448 -518 190 -131 797 584 -191 377 -574 395 -364 145 -886 -223 -651 -145 -367 -472 637 71 301 680 392 159 -30 -177 -305 -13 146 -25 882 -372 -853 -317 36 96 1173 -650 171 352 486 179 500 359 481 -297 63 244 -111 468 652 -890 -300 -173 1163 -1118 235 -115 373 -612 -386 -573 -79 -217 -709 -385 517 698 -211 4 -78 241 141 -478 806 471 551 -105 86 711 -262 ]
[-40 140 142 -465 351 -371 190 -557 543 360 218 -408 -226 22 -119 -311 212 443 747 21 -582 42 22 517 -432 -403 -111 -708 60 576 275 379 824 -602 1025 -4 374 -428 -69 -607 -35 -633 -273 -440 -508 414 -323 607 -107 58 91 45 280 337 184 129 89 906 72 699 18 -264 -297 -79 -47 383 342 -508 -142 459 -167 783 -502 298 -639 395 92 -725 76 476 65 114 -134 439 -97 354 -406 160 233 -259 -316 -773 602 -1261 459 -350 172 -284 -149 242 288 -355 -1026 -132 437 -278 259 -622 432 357 ]
[-70 -72 384 55 83 297 -764 -648 -532 383 -749 -531 173 51 320 921 -234 -863 -473 -245 310 352 218 -414 -686 -726 -1006 -363 -869 308 -140 458 -20 -300 214 71 265 257 -380 -562 -698 399 864 416 -265 498 164 -447 -221 -52 238 379 -466 78 -368 223 411 99 -547 -474 145 -95 -150 -51 -246 157 -192 587 62 -283 204 -144 -530 -67 863 -525 -163 538 -707 -964 455 509 527 -834 322 -452 -648 215 71 118 1111 -159 242 390 -412 -2 -25 -24 -333 491 270 477 470 -438 -36 118 76 801 -50 309 ]
[-583 28 -102 233 507 -656 470 407 194 308 862 375 211 587 -897 -75 -251 -73 -248 -71 498 -383 -493 -164 -474 -366 246 -20 -434 402 1276 -748 -313 -39 -86 122 -245 -510 167 -534 -120 -80 138 272 -5 -1229 620 169 1015 -110 -1258 378 -60 242 68 -721 439 -604 412 -595 -314 -242 489 16 504 452 361 -451 -493 798 -708 321 -585 127 -1386 134 775 -797 48 1257 83 -100 -390 -388 144 585 -94 -184 -306 175 126 -368 -384 -111 -235 -323 -18 -458 364 866 -369 -609 422 -72 -133 687 114 -491 807 248 ]
[-232 394 -691 -1064 -338 159 -1354 -244 111 800 -810 -352 -15 -87 -134 -714 134 157 -36 -8 -438 -853 -171 -298 339 143 -177 -480 221 465 -852 103 -179 -203 226 -302 173 -400 423 -74 1114 492 221 1233 -496 1458 -238 -77 -161 578 563 -144 -621 -257 -1068 105 626 655 -112 510 23 82 -203 379 -136 381 -308 722 779 -40 -369 320 -703 453 -203 -128 -768 -305 -559 -198 384 818 -180 245 -50 158 -677 -77 455 215 202 -740 -155 -156 -13 48 -50 -498 162 -92 350 25 390 -120 539 275 -48 -43 336 -513 ]
[506 54 -76 -445 141 886 209 -345 744 785 -388 157 497 688 65 -1152 204 637 845 50 53 -992 -603 -536 44 691 1061 360 912 74 -258 56 695 -367 -260 -169 -32 -636 -278 -147 500 195 -1172 19 587 937 -829 616 -147 147 -539 -269 121 221 -229 -218 204 -131 -238 360 -43 67 -205 546 767 241 -1110 -87 18 -286 -122 428 246 1056 -695 899 -412 -124 -553 1031 207 99 30 377 -182 -330 172 -236 -307 -157 -291 349 -533 -473 590 242 -390 -1199 -1122 430 -392 -1008 104 -564 124 968 -22 -62 50 -427 ]
[-274 -113 -317 -137 -687 588 -62 -295 266 -606 -882 191 -363 -361 53 -449 430 -660 162 -1041 -45 -196 496 -59 57 -145 624 192 -527 2 167 67 704 -833 151 561 501 -199 -595 186 -635 749 122 134 -169 652 22 -520 -191 627 200 -425 698 -346 58 83 -319 -150 -201 652 581 731 521 145 97 -1155 623 433 -426 -703 68 -78 190 -107 -157 596 -405 596 -341 -712 1019 272 519 -557 28 -507 -72 -498 -156 -347 517 -3 -120 -557 568 -227 -310 88 -166 -37 761 -223 230 -147 -511 -20 65 -218 256 -329 ]
[-424 -676 822 -408 179 287 154 -502 450 1045 -391 215 765 1067 -98 -485 36 -273 672 -413 26 -324 812 66 -577 -74 -252 -177 11 438 1080 223 118 -487 1112 -152 -1063 250 -138 -543 -603 485 450 -141 -168 237 531 -132 -271 190 -396 -136 -37 442 -714 -68 558 632 -256 -271 632 -83 -89 -24 1088 -489 195 -438 -335 -142 412 -5 -1211 414 -181 610 -549 -245 -179 148 159 793 64 -1463 -242 -615 111 101 576 109 146 -654 -224 -775 -343 -595 -753 -488 -768 166 173 -820 12 -10 147 82 361 399 287 93 ]
[180 972 -158 553 667 700 -367 88 138 -418 -478 441 777 -268 -110 11 -431 -361 -455 114 -371 66 578 -621 85 13 -1354 -549 -673 -144 -617 131 -417 36 -435 807 -407 602 65 95 617 151 179 -333 -338 -117 -31 -610 -31 -469 -27 168 -613 -366 -98 915 324 200 -483 -404 -193 -325 -99 -72 -601 -66 515 -7 -86 352 -280 -303 367 399 -288 -846 -619 1035 -646 -426 -523 -343 453 -946 -380 649 -57 -106 11 365 431 -399 701 171 208 195 319 406 -263 663 380 445 -227 440 489 5 -203 314 -624 117 ]
[-94 -445 -194 -539 -537 114 20 -367 392 -392 368 366 69 -509 -221 -122 -282 694 -344 -551 149 -467 365 -347 407 811 469 674 -104 29 -573 524 438 -321 42 -118 -72 379 85 -183 464 309 -421 223 -188 897 -107 172 -438 -239 -4 -724 -177 -873 -58 14 -310 634 -795 715 335 -388 309 -62 600 -827 492 466 478 -434 -304 253 -28 823 862 701 -725 -123 176 -513 -205 -530 -456 -256 -2 -144 230 -926 73 -969 527 -202 493 -314 884 -418 -22 -578 247 -130 295 -406 103 500 449 149 692 800 517 -257 ]
[-678 425 1391 179 -209 -116 510 -834 215 326 196 -33 124 964 945 82 171 -767 257 -208 -12 340 -261 402 -604 -420 286 144 191 675 676 -168 515 -841 727 93 722 176 329 -557 -571 348 230 -248 530 -96 111 -552 66 -137 -790 -38 -78 442 15 -271 631 342 -349 -259 902 460 -400 462 816 -213 -888 -934 -398 276 -99 -7 -541 94 -788 389 924 -49 79 -634 237 95 -507 -289 522 -550 -609 -427 803 181 25 -210 197 -701 -714 -197 -477 -207 -485 -15 -280 -1002 -262 -452 -176 82 179 -281 27 23 ]
[832 166 -13 333 415 105 379 636 269 -178 319 518 -47 766 -290 -662 204 -307 1351 627 15 -267 -161 93 769 -243 264 -321 482 -483 346 -8 -340 503 -736 158 -554 -387 322 194 787 -796 78 -826 545 -828 -143 431 761 3 11 643 -212 476 303 31 -334 -770 38 339 -197 186 48 663 -674 274 200 271 -439 -181 -697 63 102 -535 -293 -717 157 460 754 646 -451 -774 217 637 -1178 140 928 3 167 -360 -694 -153 -331 -334 309 -59 -304 911 851 -384 -446 322 98 -4 -406 -577 -302 245 60 -560 ]
[242 -434 -404 589 780 -252 -719 33 -154 -202 462 43 360 -50 -1081 309 -68 120 -750 -4 -124 140 -1389 -711 -118 -61 -182 194 -533 342 -793 -162 -460 -468 -624 703 -85 -115 -810 391 926 -132 116 1023 405 -233 -423 -344 378 -439 -596 718 -929 60 -123 64 -354 -593 825 -769 223 -153 -303 -237 -538 542 -908 -74 -208 749 -286 -167 -61 193 -949 352 361 243 -839 -23 642 -310 569 109 585 234 46 358 -164 841 333 23 156 164 -633 -31 -404 -136 -97 -182 -843 616 70 -1203 591 -196 249 122 -801 414 ]
[-266 -129 -438 -905 -148 -1177 140 -21 -241 290 -44 -98 -623 -271 -424 -424 801 820 140 890 -285 -353 190 938 95 82 950 312 421 139 271 144 149 -200 -27 -246 231 -275 -406 173 758 -139 -450 138 -18 -28 -628 377 421 151 37 317 489 -98 481 336 -262 320 884 334 234 227 164 -804 238 390 347 -532 661 70 151 577 -888 -298 -54 116 396 -439 496 390 -366 166 -204 884 -52 352 340 863 350 -422 -488 -624 709 -1211 334 -761 -323 221 1168 -304 679 193 -302 -698 -254 -500 91 109 723 -399 ]
[-156 262 -204 -165 710 220 568 -13 65 -398 -39 382 785 67 -647 231 -704 437 -1112 -372 216 32 -774 -709 -295 395 -435 115 47 27 -655 431 -408 276 -61 -2 -161 598 -78 -439 532 -268 -650 105 997 -469 -423 86 -405 -706 -540 -433 -342 -209 -491 -206 631 95 -101 -669 -68 -548 -473 171 265 -207 -825 153 362 -327 -505 -172 567 735 187 -681 100 -264 -424 670 174 460 -261 -605 -5 276 493 -315 188 347 79 202 -85 1122 406 288 -259 -735 -927 208 -830 -369 -82 654 607 345 -46 909 -540 -308 ]
[415 -1062 200 -73 134 -727 -490 -496 -142 129 146 227 396 606 -173 853 1169 -281 -208 -570 -569 285 -993 -370 -277 -822 -445 256 -226 851 127 462 -781 -466 356 46 -313 12 -786 -453 1051 -450 620 886 333 -62 -868 137 51 427 -1052 492 -1313 952 -363 187 240 141 892 -118 677 101 -633 161 158 279 -633 424 853 -291 -476 -145 -1010 -401 520 246 687 -166 -406 -490 5 682 189 162 117 -390 257 80 291 274 -467 -11 656 -192 -710 -366 -546 -476 815 -483 -36 279 -20 -827 155 -650 -644 420 -236 90 ]
[-448 210 -40 -453 -18 -549 706 -127 505 -203 -431 319 -242 350 -202 -267 -557 1062 -81 -543 112 -611 -67 436 534 407 -421 1 637 670 -240 82 -665 359 281 -145 -411 371 -237 -244 513 -31 -614 -222 -83 500 111 -231 -409 -668 346 -1093 187 140 -346 317 335 279 -637 320 231 288 578 -363 799 -996 564 -25 595 192 47 313 -294 757 -385 256 -274 -242 716 -167 -810 354 -77 -261 -276 686 674 9 599 -317 -107 66 -433 -503 434 294 -142 -210 133 189 203 -383 -226 980 -283 -38 129 440 -82 -581 ]
[182 202 -659 -6 -134 208 -433 372 -580 -733 299 -571 -19 384 -647 126 -1000 -26 -787 -387 153 745 -472 -345 401 959 -5 666 816 189 -664 -370 -156 408 -559 195 294 -139 -508 856 1223 -544 -545 952 507 181 -1232 -295 424 -365 -281 -888 223 -582 -117 -519 -469 220 463 -733 144 634 -669 -5 -105 -752 217 -91 490 868 244 -206 261 -309 -432 171 85 -319 -471 -225 -262 -509 199 982 1221 736 625 654 425 194 30 513 -389 1319 342 204 124 195 -221 -365 -645 554 -412 -16 -326 -257 -266 -868 -463 -306 ]
[751 -28 -351 1457 186 126 132 -647 1362 -344 414 137 -100 247 -1058 -526 -154 213 215 -249 51 891 -927 -237 78 52 428 -14 -235 609 278 -158 761 -964 -137 -187 -145 209 -871 -318 -70 -92 16 -765 823 743 64 107 -392 -526 -223 -439 -517 524 345 329 -750 -258 173 611 321 29 177 558 -450 -781 228 -19 -1307 -203 -214 -580 233 237 -259 -229 -38 273 141 -50 902 -463 868 -496 457 187 134 -25 273 -206 -212 449 -139 -474 452 148 -166 243 -359 -194 -1337 73 -385 -704 -278 -441 265 149 -1168 468 ]
[-43 137 591 336 -394 57 434 -145 -228 -180 372 665 382 1008 1034 -661 -82 -714 226 287 -176 948 291 661 -191 263 665 -343 1318 -331 -3 14 -97 -32 -149 -282 -78 23 405 596 204 -295 -120 -490 682 151 -35 380 -106 -19 -500 -836 188 -18 391 -138 346 431 -65 -84 336 216 -844 148 974 -31 -148 -689 388 -443 331 -296 -13 206 287 -757 324 32 360 76 127 -234 -69 -219 -608 112 753 233 1062 152 -883 318 559 111 -350 -67 -223 370 -60 193 -380 -770 -1039 -248 47 -240 -417 -413 -732 -130 ]
[-403 322 452 -779 -323 -492 648 -17 -411 -180 -199 217 161 -169 595 -479 -65 1121 -758 786 -412 241 -230 710 163 214 -162 418 335 -512 -553 -390 -430 297 540 531 538 406 403 167 1144 141 117 516 453 -116 -186 -422 -250 -158 321 -192 229 -368 151 170 104 247 622 184 427 -549 -39 -762 488 395 -305 -198 861 145 -15 -109 774 -391 125 -232 257 572 218 -620 -1373 -399 -111 534 -539 -307 21 384 93 423 -617 26 796 -657 97 -273 253 -592 329 -532 571 -79 -1108 331 146 184 88 -42 -60 -570 ]
[308 193 -454 651 307 462 526 -59 450 308 -546 813 121 445 -214 -495 219 -668 120 298 550 -796 67 -22 291 -318 877 720 -721 611 190 -610 407 -91 -445 170 -205 -877 -892 101 -226 526 -544 -643 591 31 -198 -25 460 -441 -918 -96 155 464 762 -105 -334 -284 -589 -339 -843 55 1110 -145 377 -763 -204 139 -250 470 -175 135 286 270 -321 622 450 797 -332 228 851 397 779 -124 -100 118 -35 -143 -611 43 330 192 -276 -406 946 -133 -376 672 74 713 14 -249 893 -451 -1392 669 -166 -2 1 -328 ]
[655 115 192 536 -245 -222 102 299 237 453 673 -163 760 750 -562 441 348 603 903 500 -28 -58 -377 115 351 362 786 -265 861 -123 19 27 -348 1270 -429 -171 -1277 302 -254 -253 221 -591 -841 -1074 557 -146 -200 273 -232 205 105 678 -623 635 -178 402 -545 -291 68 -166 -863 -968 388 -926 278 671 -286 -218 -350 1239 -558 38 -208 -398 343 -331 -820 -338 267 692 -1003 -695 908 342 -298 648 -11 448 -717 -1008 -453 346 422 -119 -260 99 159 372 868 0 -443 53 -524 304 63 233 24 1638 32 -253 ]
[794 -346 910 812 -575 629 429 99 35 333 578 336 319 139 211 83 710 340 705 -73 -752 -7 276 -1305 -544 133 99 439 -646 -387 1243 -798 -72 27 -396 481 428 19 -224 -590 201 524 165 -633 44 -1078 2 -5 816 457 -783 346 14 -207 243 -492 -545 -192 189 -328 -376 -444 604 210 137 114 -196 -478 -304 128 -128 -87 213 143 -321 167 355 659 -681 -82 -647 -590 -140 -725 -306 240 -258 105 -1064 -345 178 840 -169 -322 -595 58 340 -8 -303 251 282 -27 439 -662 251 817 -91 234 268 -25 ]
[-331 43 -123 271 -1714 247 119 649 -682 -465 -258 1118 438 -417 778 77 438 116 -846 57 -84 730 634 329 141 -244 505 767 -341 -710 320 -782 -117 -266 511 69 358 373 94 151 -21 852 1113 641 137 -799 -703 -964 6 168 -863 -132 337 -785 -37 189 262 239 326 -50 710 278 -69 -30 578 -520 259 47 631 -530 2 -1047 239 -628 740 254 143 743 455 -976 -1190 -169 -220 -434 533 -744 -48 -143 73 144 24 -267 551 354 9 -204 127 -216 285 -673 608 151 501 1059 -813 237 -521 -197 399 351 ]
[-105 -782 -290 -1377 204 -1055 251 -749 577 429 1308 25 -228 -692 -253 378 693 940 -61 117 -269 -296 -76 688 682 35 277 493 -637 681 289 475 120 -479 -139 -1127 -32 -109 562 -253 508 -895 345 -92 141 -266 231 1036 -489 190 -180 414 -900 265 283 84 -77 501 -16 856 -146 -357 68 -520 -330 -152 133 -32 686 -461 -495 1026 -98 -391 969 832 522 -1157 70 -199 1256 -674 -1361 1461 -599 166 -16 -1267 527 378 -774 86 1182 -965 874 -828 -617 244 1336 -621 304 -72 -220 -635 365 -1114 828 -396 -264 95 ]
[1016 184 -862 1097 -311 -4 -1166 237 -546 -271 101 589 490 371 -230 -366 -69 -189 -888 -849 152 393 387 -67 322 475 62 46 278 -713 -742 -178 -202 633 -472 -316 -956 -350 -588 666 189 -635 671 699 -48 -292 -326 -243 21 658 -511 -238 -733 -508 -743 413 481 27 489 518 -123 -569 -560 -264 -22 31 790 1025 757 -107 544 -619 -437 -419 -308 -411 184 -56 -337 569 195 250 294 -183 603 875 -236 57 214 408 -445 -50 336 712 -496 999 638 -719 146 936 -216 425 -446 667 -204 147 -547 259 -248 -196 ]
[229 -345 -355 -121 -1113 -431 -169 -114 -274 266 272 1062 400 -248 265 -41 -1 463 -730 -149 192 -796 -186 352 641 440 993 285 154 -580 -1539 210 -888 590 -497 67 -478 -481 -239 401 411 -12 -51 667 -78 179 -28 -9 -553 332 63 314 -853 -246 -554 685 261 -513 -214 278 145 -327 415 -1088 903 83 -520 260 994 146 206 -232 282 79 -614 1194 541 75 -60 -414 74 -370 7 783 -478 1096 -226 -15 -19 268 -324 235 114 -450 -496 673 -112 -32 681 702 345 -12 38 818 -90 654 101 680 70 -394 ]
[181 101 77 442 -240 578 46 857 -241 -106 390 -828 269 183 250 182 113 -336 -457 -240 554 679 154 299 933 288 392 661 891 -312 -133 -911 116 1172 471 402 -680 605 523 245 -378 338 -406 76 401 964 119 -613 -294 40 -375 -591 470 52 235 -211 -979 356 9 -891 -761 -706 -388 -494 842 -510 -596 -110 -484 764 928 -719 502 -1520 1033 303 -1118 -403 142 -403 -421 131 725 579 754 -766 78 224 -851 411 -167 385 -561 1455 -33 -364 -159 337 -145 -1437 -1092 17 -253 841 -167 68 205 267 -333 376 ]
[-156 44 588 482 528 -186 579 270 167 519 258 153 -138 -673 401 -495 544 928 481 1052 -645 352 503 -741 -587 -233 -1191 -19 -142 -188 549 39 -741 -858 99 -137 -11 -127 120 752 174 498 -208 -660 -1356 417 547 -124 -82 167 372 134 399 246 789 1222 -385 355 336 -320 -33 224 317 12 -69 19 391 -722 -58 292 -65 -237 -69 749 152 -492 -332 590 -446 -505 -897 152 283 -568 -473 -644 -241 377 -782 -250 231 202 -58 -689 -545 -485 785 720 -65 -311 263 -117 -272 -927 251 468 -753 -1208 -559 1083 ]
[123 799 -237 -729 978 365 -116 -348 -392 908 -550 -957 274 553 811 -612 -708 -804 -6 1040 359 -172 106 611 -22 -298 -602 -1068 620 -813 -519 393 11 111 159 598 119 -157 69 -80 460 -352 -420 101 -493 143 -443 467 259 -17 313 190 -158 750 -432 239 414 1007 -101 -199 -483 -953 -308 -282 -174 1362 419 352 710 584 106 528 483 -555 -849 -1580 -114 99 -576 515 -728 225 293 108 -241 607 -532 908 -374 -97 -185 -703 -8 63 -56 -43 761 506 36 832 -190 -66 -953 286 312 633 17 -244 33 -98 ]
[452 788 335 -674 -1155 754 -783 -335 400 1185 -176 -1190 95 215 1061 -607 127 110 440 1243 221 -479 639 259 774 1154 1061 -8 299 -359 22 -576 467 1008 219 -315 29 43 -24 746 -301 616 655 -139 694 -173 308 -217 729 210 924 53 40 -497 -47 -560 -70 689 -59 -1 -1347 -689 542 -451 -728 560 -1441 12 168 -181 984 -59 150 -363 266 -264 -498 7 -356 -298 -215 113 -469 63 -44 51 -321 250 -200 -52 463 1020 230 235 63 424 162 -427 378 -74 86 184 549 -361 10 -306 682 762 394 -1129 ]
[688 381 153 105 457 158 -104 -383 934 294 -618 -215 389 512 401 -477 35 -975 1063 429 -246 -867 -145 522 133 545 376 -795 776 80 40 645 450 739 767 321 -289 -638 -120 384 173 -712 -895 97 -217 551 -303 455 32 706 707 0 111 560 -413 609 315 -197 401 234 -576 300 -430 327 -58 559 -297 -632 -431 -173 858 392 -585 -26 -1077 1025 -420 -418 125 777 -406 176 7 560 -430 455 229 612 595 434 -333 198 -298 -74 -773 926 -622 -575 -759 269 520 -235 -992 390 -96 -963 -136 -579 -323 -592 ]
[-1031 938 -595 -951 -43 454 -410 -236 393 754 -527 -497 -115 169 -106 -332 -530 -246 -384 -134 -63 -430 273 93 349 401 -7 -623 286 804 -455 -179 -60 228 376 -141 -259 -198 -573 1002 -758 224 203 19 286 91 727 -1080 -407 169 551 -90 501 -369 -395 -212 641 115 -197 -536 -599 277 -28 -399 256 -843 -593 -450 325 413 701 -657 391 623 -422 -219 -626 -598 -625 -65 1512 1583 446 -158 -45 -77 217 447 756 477 205 721 -196 496 370 -100 -637 473 -626 295 -152 -156 53 -451 -20 -480 -260 -513 164 -554 ]
[344 227 -492 -737 -66 954 -558 496 -45 1040 76 -1058 -196 360 267 22 -496 125 132 867 -175 71 501 -439 320 -498 -1378 -576 592 468 -679 -123 -662 543 195 462 -327 -3 783 -414 158 -175 258 -539 -768 79 -393 287 391 -488 1521 279 -220 394 396 39 -312 323 -1088 -6 -148 -137 29 211 -340 648 -380 407 -1259 311 688 -153 454 -265 442 -1325 -595 -134 54 168 -436 -181 622 237 -719 421 382 609 -454 -252 -120 -335 -137 196 905 155 287 938 -109 82 16 1413 608 339 -87 -451 259 344 70 548 ]
[-466 636 849 14 42 -812 -157 -23 -95 221 -792 430 237 95 -300 612 -234 454 192 45 -375 139 -184 46 -878 86 -364 -190 -298 795 140 539 -53 -518 544 -148 1 122 224 -654 1 -146 423 546 -391 -7 239 24 -285 139 490 412 -682 89 -464 551 902 -515 162 265 333 -90 88 -99 -35 909 133 -126 -40 503 -501 896 -705 422 -755 -145 157 -420 253 -330 -54 -616 -725 -509 -275 281 -422 8 1061 190 320 -930 713 -585 -676 516 257 -1172 384 784 914 -535 -588 -238 -120 -150 -224 -35 105 -124 ]
[571 -334 -743 719 562 -1076 27 -438 541 -358 -28 -138 -614 -37 -1436 -612 466 261 -58 -57 -27 -10 -1306 348 208 -700 140 752 143 421 152 622 488 -52 546 103 -455 -336 -644 350 617 -293 -213 173 680 1120 -156 328 341 104 716 7 -460 511 546 655 -869 150 1108 747 284 -407 90 -486 -106 -459 329 546 -65 -462 214 583 -523 -1287 489 -83 479 -363 479 236 331 240 1158 572 68 -114 74 -601 -153 187 -910 -3 246 -235 177 102 -252 -199 573 -613 -529 288 -1085 -431 -411 -850 789 510 -790 53 ]
[364 -402 -387 335 281 597 -185 192 17 573 173 -1032 -70 221 114 -85 -106 -336 28 679 795 75 -471 784 1106 29 394 912 167 -504 250 -496 650 -118 -132 -546 358 -171 585 387 538 -134 -455 -467 779 29 -36 57 -274 -553 -588 47 316 175 -53 -17 -49 50 -592 76 -492 959 -1110 482 -376 -581 -299 -543 322 314 -131 -137 703 -408 390 844 324 163 -27 534 -8 255 -335 856 1177 -763 85 -276 342 57 -666 511 -296 577 278 349 -544 654 -523 -729 -789 -344 -14 -495 -178 28 293 -909 -175 -181 ]
[-683 -589 262 46 -1028 -398 -50 371 -527 -547 936 336 376 440 -514 586 682 24 -174 -475 -313 135 -913 -514 63 53 807 914 -207 314 497 -35 145 250 269 97 67 219 385 -178 1045 161 313 1102 888 -654 -620 466 796 1462 -823 180 -298 -344 191 -718 83 670 579 115 -60 -154 -610 389 159 -39 24 -30 216 288 -1211 162 -963 -720 936 369 82 -218 -274 73 -357 -998 -845 52 213 -711 -404 -674 -122 -491 466 -591 755 316 -436 -528 -100 -313 1309 -1098 136 -281 26 -291 57 53 -16 341 699 -574 ]
[17 83 285 103 -904 -203 -303 -124 -488 -325 239 -528 336 58 -416 -283 -1395 421 -851 -370 317 1527 -144 -496 -448 327 133 295 283 134 377 -655 -342 -91 538 -345 849 76 173 -721 672 -28 593 755 -150 356 -241 -42 567 -862 37 -1276 -62 -739 -485 -425 -558 327 -373 -19 148 525 -87 647 92 -291 879 783 -424 -92 -150 222 -661 145 -35 -1311 423 -291 114 -375 -599 -476 20 -691 415 198 357 450 557 -927 452 -45 -238 456 102 495 351 -775 35 -377 -321 207 138 51 -57 458 297 392 184 -159 ]
[-114 751 -343 587 247 -899 505 -199 235 -891 -3 887 144 -675 375 185 -52 534 -678 -363 35 6 614 647 600 -144 782 971 324 -652 -774 813 -335 -644 -501 -215 -592 -339 -144 479 187 92 -1142 -347 -328 868 291 -402 -482 -676 -501 -568 -476 206 233 1654 282 302 -447 -184 181 322 4 -1133 818 -1258 769 -291 537 132 -554 424 -181 -287 -598 -288 -22 -423 -95 -648 -58 -45 387 -778 552 640 -225 -1011 -177 -342 -256 -114 782 -357 610 427 526 228 352 302 141 -989 -544 196 437 312 6 684 -840 -59 ]
[245 84 -100 -86 -48 156 256 726 215 -178 152 -17 -80 542 -832 30 -898 381 -1022 -429 -50 858 -52 -561 85 384 -536 40 -329 1152 984 -785 -366 558 420 162 505 10 52 -799 589 -371 171 330 -23 -324 -579 115 880 -626 -591 -1206 267 -46 141 -481 -144 304 -71 -620 -734 130 -461 708 -8 -628 -57 -122 -270 776 -154 -18 -423 315 -495 -553 454 -470 -734 328 72 247 -195 -330 751 284 541 534 230 61 259 406 -1221 720 725 717 398 -385 -279 -159 -456 357 637 122 -198 120 142 -697 -71 410 ]
[-268 463 228 25 -811 -395 -592 589 -259 705 307 -1414 -114 200 710 -87 -606 452 -430 -117 62 580 509 -183 585 293 -869 -464 1681 -239 -500 219 -877 833 568 -1148 296 528 1157 -722 -230 -6 66 -225 -339 312 294 -5 140 -51 635 -1002 196 -79 -702 226 477 1362 -1125 121 -159 -211 -626 -127 -163 -66 -191 94 -144 -28 684 65 -1024 -107 80 -1372 114 -528 781 16 -758 834 -291 -219 223 401 -99 -112 285 -21 89 -31 -754 626 -594 982 450 -339 58 -525 -420 672 50 758 678 -279 998 1058 -803 -348 ]
[350 -424 72 196 -798 -41 153 20 -192 490 -277 -92 823 -216 -96 286 192 1065 -426 439 446 578 505 -167 -253 -23 197 459 -361 -930 267 68 561 -723 -154 -582 -413 -224 -856 503 -444 432 398 836 362 -117 -433 294 -418 390 -1185 186 102 83 73 853 530 485 246 -369 153 337 -516 -732 77 -71 -74 -745 656 -305 -290 -1005 -669 -289 866 1195 177 320 -332 105 -506 408 -283 -268 852 -359 -309 355 -277 401 380 -393 613 162 -78 -261 19 -114 -473 427 -34 376 -63 -319 -252 666 -369 405 -484 200 ]
[-344 735 376 -135 -362 763 80 -124 331 25 -897 988 1260 344 248 -564 401 840 -279 1028 408 -650 -136 -110 151 495 591 539 -176 537 -770 88 -406 392 49 236 -76 577 29 575 157 996 -470 344 187 149 -912 -808 -2 -1096 -232 -457 -167 100 -313 376 369 17 -492 -898 490 269 491 399 563 -382 -754 70 26 272 -282 -456 411 556 -86 383 -205 919 -188 -385 -483 -293 152 -495 148 -675 -530 -502 163 8 681 121 -151 87 -306 651 -614 -238 -113 -377 228 -763 1448 319 -414 617 48 487 -319 -142 ]
[-138 1036 -639 402 -1103 262 -594 71 -323 -502 -328 37 -321 -390 550 -154 -661 -1443 -505 208 714 236 -150 635 401 701 664 830 517 -53 -1103 371 127 809 -342 -276 -47 -636 294 932 -180 -30 -98 452 506 510 -352 -511 -30 -342 188 -208 -50 223 11 -298 134 -1190 257 273 387 104 -118 187 -585 315 -664 348 -35 -86 -238 -807 1365 -678 150 -431 341 231 362 -453 -480 -122 881 714 741 71 -165 -61 221 -55 -577 677 -136 1284 289 553 1002 -344 163 405 -258 381 -189 621 -664 -663 -356 -562 -326 -595 ]
[563 441 716 167 446 -284 362 -89 1278 1038 -87 164 100 984 702 -528 -831 313 447 836 -25 -218 343 822 131 41 -214 -456 353 20 -138 -423 56 -380 428 -772 -947 116 121 -398 -233 396 230 -977 -532 417 -201 -409 -483 -569 538 -118 -635 196 -51 941 157 990 -667 -80 -156 86 580 56 38 269 -280 -442 -122 678 500 35 -378 514 -884 61 120 414 -243 -369 -1108 -38 129 -614 276 204 -396 307 311 -352 -235 56 -319 -1550 716 484 1111 -322 -334 476 -371 -88 -367 537 -155 396 371 -190 -459 760 ]
[-246 744 -392 135 958 805 -125 388 348 -372 -236 248 -294 315 -4 100 -377 -559 -302 575 203 146 789 502 -309 501 -724 -359 -384 727 399 -731 343 -27 303 983 -285 186 108 248 -213 210 -141 -60 -443 -216 -82 -671 -31 -293 123 -486 604 -299 516 431 94 -286 107 -1108 -38 307 -218 -148 303 -662 -206 -983 -441 1652 859 -307 119 407 -1232 673 -251 137 -238 -122 495 -69 -245 -62 1036 -346 10 74 494 971 301 -117 -489 66 139 247 -86 -114 -567 537 233 -453 373 365 -618 232 -93 -1943 -398 1242 ]
[156 166 -633 692 557 140 -571 -605 119 -590 422 493 249 -542 257 -105 400 -952 -312 -605 357 178 450 63 -84 -653 222 -548 11 -9 -725 661 -360 -415 -109 -88 -633 -587 539 1279 -291 -572 330 -310 -531 180 856 567 -243 426 171 136 -775 807 593 325 -37 -591 503 647 377 -282 159 174 -792 163 665 322 -1221 -188 -864 -556 -380 -279 -633 -1613 -150 -401 19 -132 1043 -215 644 -513 -132 580 157 -990 -315 -468 -615 -440 683 324 -222 65 184 1094 766 696 -69 702 -286 402 -142 -222 -409 -187 -104 262 ]
[51 -846 -348 -1122 220 116 -27 230 -445 -35 -125 709 -355 -224 158 -235 21 315 -596 466 -849 -542 434 -11 -288 874 -351 738 -309 -367 -258 -858 -472 -236 67 179 335 -476 266 -246 1152 555 -288 1148 -134 -184 -742 -237 299 -127 -45 -707 87 -1032 -18 -1141 -233 420 431 -300 456 -215 258 389 254 110 -526 255 309 -191 188 43 -134 583 -23 1057 -43 176 -666 -304 24 -41 -607 3 -127 117 202 0 358 744 303 352 196 -539 771 -525 -585 -720 108 -265 1005 196 464 -192 -33 -524 351 -719 384 -436 ]
[-155 -430 -399 -212 399 18 -845 -68 76 211 -108 203 -451 -98 -216 197 -613 -59 -357 -139 253 16 421 199 312 86 300 -33 1 -547 -625 716 198 323 -71 143 -1111 280 69 796 -718 336 -485 174 -586 968 564 -349 -402 339 1438 -124 -676 -661 -211 104 109 497 -318 -290 177 14 -314 -368 628 -728 254 160 177 31 331 -135 -294 -58 -547 150 -314 -1427 -506 401 1169 -25 88 -556 768 498 -486 -278 341 57 -445 -283 -71 173 734 525 -274 19 -432 369 54 -547 -567 255 795 -353 909 357 657 407 ]
[595 809 596 657 888 537 349 828 564 218 -999 83 -619 87 984 578 950 -585 620 -331 -319 -385 498 -339 237 -433 -600 -171 319 -76 -513 -218 -289 -11 -315 745 -502 205 -657 701 -713 621 -347 -699 -788 -585 -21 -813 458 346 449 95 455 723 679 653 -125 285 -327 -489 156 228 231 10 67 331 -575 -382 -202 443 1073 -34 797 63 -1462 84 229 258 -172 -186 523 447 -150 -499 -2 592 258 950 314 141 -862 -388 -282 -300 -170 1 -45 704 -926 985 364 -343 -113 -137 -13 -511 -852 35 82 51 ]
[-61 -59 317 165 224 -229 1033 -593 148 -163 1884 -169 55 428 1382 -245 -607 -66 65 -306 -13 224 176 454 371 236 666 -328 663 -298 -63 -109 -499 -490 467 -279 -377 -76 56 330 -854 -524 -292 -898 -738 -213 263 -83 274 168 -429 -658 -62 795 496 -451 -547 1107 -914 573 115 -779 281 -606 890 1154 418 -155 -1174 596 80 147 -385 568 0 -357 -504 254 509 284 -254 -729 51 -467 125 -727 172 -218 -811 -561 -157 385 783 -441 -972 -480 256 132 114 371 286 122 -768 77 432 -377 734 -136 -825 380 ]
[-526 263 -769 -537 526 214 -234 610 855 380 38 169 645 208 -1006 -687 -21 -127 -82 621 309 -180 141 519 -32 798 401 225 25 731 1091 -337 718 215 -372 -692 -738 637 -117 -724 370 -103 -513 37 697 -107 -694 -163 -275 16 -1068 319 293 349 -619 162 479 -43 834 -151 -280 172 -368 219 137 19 165 -1092 -552 664 -43 -287 -203 120 -287 865 -1099 -434 -112 1269 -417 -30 4 -133 815 -389 59 1006 298 689 -317 -1022 -646 -18 621 -881 -38 -436 -602 -492 -394 -377 277 236 142 36 -347 -580 -574 92 ]
[-263 -387 -24 -522 -277 404 -1001 -964 -446 69 -792 -1388 -57 -147 -459 -220 60 520 175 -511 237 -310 144 324 -594 149 196 186 -194 157 -124 834 1102 140 -230 391 176 800 83 -389 605 -302 -32 -70 7 1682 -204 -88 -1056 197 1156 82 120 15 -236 315 -375 -11 358 -174 149 948 -38 -113 -242 -821 744 29 1050 240 654 346 216 -549 419 681 -588 35 -593 -805 -709 -72 657 555 100 536 -454 313 -285 -857 -279 134 43 -296 212 672 892 -180 80 -2 176 -779 -491 543 108 1350 -141 -120 703 76 ]
[80 -887 4 613 263 -39 -554 470 -126 380 9 -235 421 909 -838 1008 -958 273 -327 -47 687 102 -779 -609 -147 -229 -610 -283 -56 488 91 -164 -1194 -5 -483 499 -349 299 -202 -220 540 381 225 956 -149 91 701 72 529 -1175 -327 -723 -786 242 -156 -384 -403 -650 -160 -230 -51 -262 491 -586 505 442 129 870 -591 755 -875 228 -156 89 -211 78 -470 121 9 -195 -77 -860 354 -224 -104 1 758 -258 -426 175 745 794 -310 1315 -240 81 -586 -605 447 700 -541 209 546 -298 -1 217 959 396 118 476 ]
[174 -768 -370 -104 -673 -139 -569 -461 -662 723 1 40 233 -32 -539 -206 -562 340 -1142 -88 557 296 -331 -497 -255 254 149 1211 231 93 -1051 584 -231 -810 68 -93 -260 154 -413 -109 394 443 297 220 147 950 192 -101 -344 -871 82 84 -1022 77 -301 295 -565 -521 345 388 835 -524 506 -434 643 -334 -177 884 31 67 67 -308 373 405 153 -401 481 682 -366 -1098 -81 -311 1252 -106 196 -524 141 608 -326 -713 -547 293 -173 -317 -140 334 419 -828 299 463 -170 169 -71 -221 -468 782 258 702 501 214 ]
[105 -699 -307 768 -274 -857 526 120 274 -465 352 -989 32 -848 396 1535 -909 314 -945 134 421 1135 -594 233 -211 244 -146 -4 631 90 -331 256 -13 -5 574 -452 82 516 -832 105 -510 -110 -345 775 -255 690 651 701 -625 -452 188 -1292 297 637 777 227 -784 832 288 -18 -192 -502 -98 -995 180 -206 177 176 923 -403 516 79 548 -95 1128 -158 -571 -542 353 -105 -304 -64 252 210 141 468 328 -105 -581 -462 108 1449 578 939 137 324 196 -378 293 -119 -576 -361 -621 49 -15 -333 417 425 -243 735 ]
[446 555 297 251 -294 369 94 -319 -435 -198 -646 404 109 -1124 -391 -79 370 -16 543 -367 -128 -356 -687 -682 -327 -863 32 195 -375 -352 -540 1176 -344 -110 84 678 110 -624 -163 -500 -118 29 -77 -250 220 210 -119 -48 420 -57 157 1090 -923 369 -326 1265 -541 -890 280 -94 329 -429 -378 331 -362 342 -1157 266 -97 -17 166 -163 296 -707 -377 -63 553 290 220 -351 42 310 391 497 -422 -162 -406 -734 -623 213 -344 -689 -797 474 -1272 698 92 948 -285 -80 -759 435 928 552 388 1271 -181 1026 -427 183 ]
[-211 -455 -19 -303 -62 -34 -162 -317 -606 879 -1540 -981 -15 -316 262 -217 36 436 111 717 -275 119 5 1168 -183 233 -491 -307 -60 -219 1344 -1035 427 -307 684 -332 470 149 -8 -242 171 558 32 1217 -650 573 135 575 -463 385 -86 -812 861 700 -677 -236 150 585 1062 -18 132 1271 -258 123 -196 164 725 -551 731 -375 -90 -681 -858 -534 -276 937 -282 135 -5 333 -1035 1324 -557 392 962 -899 -274 716 490 518 -785 313 -518 2 44 -109 -558 -721 -103 -657 15 225 0 -598 -536 368 -286 -1310 -132 268 ]
[-330 -1013 -535 -328 230 -193 -1007 272 -91 309 347 -422 -437 -21 -572 -125 -594 93 -299 56 -479 -573 681 -112 266 1001 -88 222 190 476 172 85 378 540 -295 140 -498 817 25 39 619 270 -504 174 -224 507 262 280 383 -505 530 -565 -285 -142 207 -1124 -343 798 642 388 -312 -420 383 -484 117 -382 750 -48 -18 1259 318 702 -785 891 -270 542 -1029 -298 -66 231 -758 -458 184 -253 659 41 311 -47 -1014 -240 48 -10 -427 -200 219 -156 917 -522 234 -468 459 446 267 -140 618 -90 822 229 509 -247 ]
[423 197 1514 83 595 1032 -49 -360 161 671 -350 51 645 755 1068 451 -89 670 1041 535 -487 174 260 -467 -76 -599 -1077 -417 126 97 103 -818 -155 -7 -227 484 12 622 108 -313 -379 335 135 -1122 -163 669 250 -593 -489 -950 411 416 -79 180 325 683 76 314 -1136 -1028 -705 782 415 157 2 -320 -799 -421 385 578 164 288 357 651 -326 -325 -574 679 -192 -1251 -791 -248 414 -70 -1139 64 -276 -57 -479 -49 340 992 -332 -840 67 880 -126 723 -114 -106 -349 42 600 -947 -316 1183 -444 409 -116 738 ]
[-288 976 -120 -203 43 -471 211 -406 359 292 -374 -108 -604 -651 746 -984 883 348 -118 -41 -739 -398 996 883 373 -7 418 520 442 -437 -534 88 -33 -92 48 863 -328 -85 95 -113 -209 685 -496 -190 -989 56 550 298 -33 -232 19 -933 326 636 699 952 56 645 62 484 429 492 592 -478 312 -546 444 -171 -52 307 -276 291 785 -994 -1539 -171 284 -250 -392 126 70 711 -36 32 -745 458 -643 -618 -482 -156 -1013 280 203 -985 789 388 566 -77 516 470 457 -941 17 -446 209 233 162 -132 19 -534 ]
[329 -943 34 130 -1079 369 319 62 41 -144 -101 408 -456 632 -549 389 -744 138 482 -63 -159 254 -492 -893 -2 478 242 -228 -96 415 177 -188 -246 -346 -245 -43 673 171 7 -531 487 405 423 241 -46 497 -37 685 -257 -166 457 -687 409 -54 57 -603 -245 -763 -281 161 701 1259 308 1271 184 -146 470 353 -335 -142 -699 34 370 799 -33 -215 387 602 437 -573 -293 -333 -107 -225 -738 374 554 380 333 -862 554 904 -1560 224 -218 1025 -194 133 74 482 277 630 1070 -608 -837 722 -254 -471 232 218 ]
[108 466 -220 136 802 1055 200 139 326 0 -1269 496 96 -835 -1060 -19 562 308 275 -1082 -85 -709 139 -760 -577 -107 -776 -834 -1107 578 376 784 -53 48 -85 166 -194 397 -129 -165 -180 645 55 443 -662 856 2 -160 -77 795 130 -18 -12 51 -154 523 392 177 149 205 20 -106 388 943 18 318 475 -77 165 -388 -420 -153 -580 516 -310 -117 -439 156 -713 -281 390 493 -230 -736 -613 262 229 -426 -22 -25 -6 -210 -1014 542 -254 320 -237 606 -559 1027 -94 243 784 871 22 407 -302 -52 86 279 ]
[342 1531 -772 -495 -318 240 -958 -461 117 -144 -1004 -1594 -299 102 370 804 -325 -1400 -215 137 422 670 -393 583 296 214 -377 167 814 358 -290 -244 747 463 -7 -486 167 -41 -422 -457 -154 -62 -619 301 1147 1265 -358 -297 -20 52 119 -204 32 413 111 199 518 -9 -360 362 -617 -4 -839 -379 -472 236 203 -228 45 -123 1428 18 358 -591 845 -702 -28 -343 24 -289 26 275 344 608 827 -472 -438 175 495 589 48 274 437 762 -52 367 144 -164 -75 380 4 561 -329 -361 -274 -494 -541 -121 -947 -557 ]
[657 355 84 -417 -62 97 -118 -349 150 759 -35 -1225 -922 -321 232 539 212 -917 -143 -293 785 113 1269 278 55 -126 763 97 -427 -439 377 216 947 -399 242 -685 327 -867 -349 -51 -1153 -45 -350 -182 -180 134 78 -102 455 953 580 20 -56 -251 409 -411 389 672 -829 867 -309 -414 59 -443 -87 -35 366 -10 533 -37 1302 230 174 -810 -435 -49 763 -1499 -119 170 1148 433 -402 -63 518 464 -247 -205 -336 33 -500 -231 -200 -91 480 249 241 1514 -42 526 162 201 -53 -77 -337 -387 142 134 613 -926 ]
[454 -310 279 544 -1164 -172 260 -225 302 32 724 -362 -44 46 136 -94 -474 -496 412 -604 -1 740 93 194 577 -446 482 -889 -290 766 -161 375 245 103 1250 -184 3 -610 -266 203 -132 -887 1057 -663 396 469 89 491 -199 -185 223 -121 -667 95 655 -40 -843 585 -164 780 -1120 -735 -440 223 -740 -409 -309 609 402 695 331 219 261 -114 792 548 -118 -114 247 -427 191 281 827 669 -766 106 -9 347 -450 -10 -630 133 431 383 -203 297 730 623 657 -584 87 -295 -964 255 169 -686 212 -760 -181 560 ]
[-56 170 565 798 -403 43 70 46 28 -552 -50 940 197 394 896 -428 -240 416 -75 -11 -538 959 473 247 795 -22 70 -684 211 -24 -1091 -189 -555 647 636 819 -244 468 -124 -228 164 137 187 -888 125 16 682 -158 34 -1008 295 -685 -71 -321 523 -255 243 -539 -203 214 -54 -482 266 106 977 -172 143 431 -644 1123 228 133 359 911 -330 -481 -53 798 520 -580 66 -544 998 -961 -1008 249 639 804 -335 -119 215 180 610 -524 38 190 522 -686 772 416 914 -544 -648 555 434 -263 -7 360 353 -279 ]
[189 -612 479 -823 -141 -235 -584 -457 90 212 233 -1254 246 71 -483 1020 331 538 175 207 71 631 -728 150 117 44 467 232 -165 363 -247 116 805 -245 172 180 326 323 59 54 806 308 -267 511 1143 152 -880 260 -236 -701 98 316 -604 -836 456 -342 -510 176 446 -563 328 493 -817 564 -293 -224 -1542 -475 485 -332 -198 -242 -563 -146 890 617 65 -637 -475 -71 -658 131 -284 472 558 -412 534 -135 982 -514 -340 63 1050 -128 520 -247 -753 84 20 -1190 -1036 88 111 -1043 853 -494 -55 709 676 24 ]
[661 -461 84 -50 547 -152 36 -203 475 466 229 -659 -644 810 420 -197 -431 -846 304 557 450 -38 -357 126 -196 -235 394 -50 414 35 726 229 650 11 179 -248 284 -490 -405 -948 -644 -723 -659 -413 -421 680 -357 960 -189 -23 -507 -129 320 998 313 -317 -795 85 -121 571 -800 -102 104 -174 806 813 441 438 -335 -61 434 -70 -338 -130 1173 36 265 208 256 635 169 85 652 857 101 -971 0 408 -1167 -819 583 731 -371 -421 517 -423 576 -386 588 430 -401 466 -68 -715 -455 124 97 -436 96 471 ]
[-242 437 -474 -202 -387 179 -1110 54 -524 -401 -480 251 461 -928 815 -290 964 -1255 558 86 -809 131 823 173 -880 205 99 -1053 386 -639 -575 242 528 247 -678 108 -115 477 911 1437 -209 149 -79 285 -126 -176 483 350 -1053 936 250 817 -262 -153 -204 108 -55 -497 1116 120 -140 -734 -312 -151 -958 570 -216 -615 86 -627 -315 -390 -137 50 618 -266 -1146 294 -231 100 -180 184 331 -170 -777 56 -659 -158 -1 263 -375 -725 1323 298 -1211 -243 258 656 45 78 645 205 -702 126 1202 -69 -905 -402 -599 139 ]
[-956 196 208 -1322 -579 -752 92 -133 145 403 767 -443 -53 343 812 -347 -72 147 -662 -288 115 249 54 -126 292 323 593 330 485 580 200 -692 -56 563 101 -396 872 -541 -90 220 -275 -354 662 1243 619 -413 -891 -237 9 698 -406 -95 453 268 54 -1055 167 315 50 -327 172 374 61 427 382 -46 -111 81 472 244 42 2 -82 -7 205 541 637 -594 208 -485 274 325 -661 1161 113 -693 -9 990 378 297 434 -860 -384 25 -44 -1102 240 80 589 -1275 300 255 232 -113 -541 -144 -952 -541 117 -659 ]
[139 738 -682 -326 -589 951 -1307 -170 -68 -39 1004 -913 235 167 199 468 325 -681 146 -130 353 -127 153 -783 -175 110 33 -741 -42 249 -490 -106 559 54 -582 -41 577 -518 536 -524 177 -376 527 247 -110 571 -517 225 315 825 45 924 -174 -651 52 -120 237 145 -641 666 -70 -346 -784 917 -426 1069 -481 130 -236 -85 357 -340 -270 72 554 92 -669 -458 -309 -171 78 -810 -333 813 -44 270 -664 -236 -49 -275 527 -240 545 305 -282 230 -106 -118 358 222 -250 182 789 99 396 466 -120 -383 756 376 ]
[265 -72 -564 -859 360 371 -276 529 -63 553 -456 -197 49 -494 -643 -416 562 314 -182 -111 -333 -599 912 18 -123 -136 -102 -185 -844 197 583 85 453 -849 750 96 486 -318 -16 -279 718 -152 238 367 -480 179 -340 -459 333 1045 116 147 487 -736 -388 712 295 1059 484 85 -399 -343 -393 -734 -124 -216 -222 -114 1272 440 548 241 -799 -117 -788 458 329 -148 -223 439 685 1065 -448 237 364 154 -56 -320 84 700 -700 -643 14 -683 654 -167 -390 -39 185 410 674 -46 203 1 492 122 497 -407 133 -21 ]
[-10 53 414 507 861 -331 455 441 809 -320 -453 281 26 346 -287 -486 383 -96 724 48 -709 -521 10 9 -471 -49 -496 490 309 806 590 -789 -299 -1475 776 632 -233 -304 -360 -144 683 419 -1275 -895 -725 -212 -147 -243 126 -1091 -1121 -563 457 576 288 427 -995 938 -171 -105 151 597 1204 251 84 -995 548 -893 -767 707 -872 167 -991 1242 -531 344 -485 722 42 -324 -277 189 -291 -974 496 -584 466 -253 198 -1064 330 171 832 -1249 704 -1142 -271 -421 449 -317 630 -761 -123 -863 -176 -546 48 -735 -158 -57 ]
[686 526 -212 -35 -190 786 -535 -552 -70 186 -233 -504 692 -133 544 -349 400 -1033 64 16 -213 230 1111 759 -580 523 205 -839 724 -127 99 200 760 475 525 -474 -212 93 595 -45 -784 -373 -216 154 -353 791 -3 14 -909 620 -178 259 -359 338 -412 241 91 572 471 672 -12 -406 -1387 671 181 812 338 -228 305 -136 835 -783 -239 222 578 -45 -656 80 -160 850 4 481 -138 485 211 -11 -952 254 121 -25 -885 -269 432 329 -1079 -3 351 108 -468 434 669 -127 -504 1023 300 306 -700 -312 398 120 ]
[27 1383 -277 -1355 267 -107 -636 -274 1621 918 -687 -987 -565 585 -751 -542 -150 -886 -102 845 88 -1101 -676 474 877 1074 149 -261 490 398 147 -980 725 929 -186 -114 -527 1017 453 -688 468 732 -95 -115 998 -146 546 -5 -433 -118 1059 333 -745 75 -473 -809 30 -219 93 294 -623 -337 414 466 -542 364 -408 -90 -388 371 398 1 752 19 105 -545 -496 -294 -260 243 888 501 -373 151 145 67 -103 -92 971 -255 -9 489 -492 47 724 -662 -619 -106 474 -67 -328 -298 -56 377 -99 -405 278 178 361 -1000 ]
[-363 -215 100 868 1074 -98 -91 307 773 -297 -497 948 -187 -292 -808 55 434 -737 80 384 -220 -223 -319 1 -573 -980 -450 180 -1446 286 734 -426 -477 802 -143 486 -221 -264 -596 800 -86 653 -589 -41 57 -1191 111 -808 297 -354 -260 525 131 23 517 29 -196 -668 384 -741 -241 609 676 -297 48 -388 95 -619 4 1297 -622 -86 553 616 -647 1442 1053 579 -533 308 184 353 526 -318 217 -193 -622 200 43 545 7 -379 165 -313 -443 -481 176 334 -328 529 1091 -428 240 -334 -162 83 -420 -953 165 178 ]
[992 125 -356 -553 462 429 342 891 93 105 510 -238 -322 98 -295 298 -317 948 664 -783 296 -807 247 -1502 513 -237 229 -511 111 -180 353 751 -667 57 -569 -735 325 -584 686 -1178 177 -714 -118 -325 -810 366 -533 175 285 967 206 464 245 -341 84 -100 -398 97 -583 211 -430 344 30 624 100 237 426 457 537 -788 -159 -254 -678 242 804 -111 -330 -698 589 155 -505 -341 -495 1254 6 79 908 -83 -1041 -1110 258 -213 -1279 669 1145 -189 166 597 820 -157 -165 1232 1258 1056 26 984 -622 181 1494 910 ]
[-549 293 -13 725 -1280 -591 -171 82 399 -191 495 487 483 -66 443 698 -186 -743 -763 -571 -641 379 -1147 -275 280 -543 -108 287 91 433 -603 -82 -374 -724 1229 -136 331 -330 982 -708 -157 216 392 530 -65 -29 716 -365 -607 102 -941 160 -782 445 -134 135 636 -54 61 -56 -49 -696 -61 593 434 530 -219 -328 -315 448 -588 -917 423 157 24 -66 489 -507 448 -907 -725 148 -76 -471 -171 -605 -627 -762 65 93 -86 -374 376 521 -559 503 735 -770 546 -436 -297 89 191 494 516 360 -446 -209 -231 321 ]
[-449 664 -483 157 910 450 -416 410 707 866 -56 -373 -205 547 331 -502 -271 -754 -34 157 352 -536 9 -673 261 -70 -375 61 7 56 427 -664 427 -772 30 -165 72 -222 569 260 -802 874 317 75 -472 306 904 -477 728 417 -376 -130 -344 -268 12 -80 192 964 -144 22 -371 -17 45 1027 -135 -126 367 233 -440 -21 144 -227 -56 -27 -871 -650 -154 -371 -5 686 632 1023 -303 -408 531 -590 -758 -909 -167 332 -718 -517 -525 -17 -200 486 115 90 -399 390 -363 -181 321 -403 -58 686 25 -1034 167 222 ]
[-259 -322 108 1076 -264 -416 136 482 -193 -26 14 701 153 -642 180 397 389 -1063 357 395 308 -230 411 327 -730 -227 757 165 -794 -665 881 -380 -317 729 584 -571 -1241 370 161 854 -640 302 204 74 -467 -1055 34 -588 99 785 -221 388 293 -322 138 -299 -517 39 1093 -1261 -507 418 705 -393 62 147 691 -710 -590 -623 777 -599 -339 -758 749 1211 325 -72 736 424 -855 141 25 -525 314 -48 -53 210 -56 540 63 -557 390 1207 -713 -698 -325 -41 148 -272 812 112 -272 1283 -163 -507 -349 -713 -174 888 ]
[-551 37 589 -295 -148 -594 -505 -10 -24 691 -780 91 251 52 -485 -299 -385 -83 -396 1032 636 463 612 1277 158 736 -723 122 190 -736 171 337 330 179 584 -640 -1111 -226 86 515 -174 30 1111 481 450 -89 1107 272 -281 -381 -92 -77 355 -9 -665 979 1574 349 25 -685 289 33 -426 -837 -211 -648 180 -1034 1424 -216 -21 -411 -83 -1079 408 678 583 -484 394 -141 381 568 -732 -180 418 537 -229 451 2340 1191 111 -607 428 217 194 -254 360 -612 -170 710 -478 -785 -484 7 76 -671 156 27 -330 -381 ]
[-567 168 292 51 25 -445 -605 104 522 419 841 218 139 609 812 -469 134 -452 -409 1380 -457 -553 -207 542 287 -264 75 -283 498 1049 807 -1532 -30 935 180 -97 -180 -106 1689 -395 206 409 586 580 -44 -24 1095 -10 1146 -160 -387 -95 -739 988 404 -1079 814 -60 -313 204 -709 91 -70 187 831 973 -618 -539 -642 476 -30 -174 -571 121 14 -262 34 -27 540 499 -717 -131 -485 -73 -196 -901 -162 -336 32 1125 -742 150 -76 172 -871 307 -255 -306 421 -202 431 -495 955 67 -35 -177 264 -560 -303 -83 ]
[-328 -595 134 -861 -185 -320 -93 -52 391 356 105 -577 -287 -724 -871 -180 1308 1793 401 118 -555 -63 14 172 5 226 -23 -445 -776 115 1111 -409 -340 450 427 273 -88 115 141 -262 107 439 298 706 57 355 250 -458 -352 778 184 152 -22 112 -368 -778 -121 261 1064 -142 56 -701 664 -301 -127 -374 163 -494 -8 386 -479 -332 -393 -904 -900 1132 -226 -1225 -24 -179 230 230 -192 292 149 14 -586 385 -230 382 -726 -518 -476 -991 317 -404 -423 109 755 -1207 349 -249 305 -161 617 -502 192 -206 386 -13 ]
[-40 326 1004 875 -1067 136 -17 -183 -179 -300 -40 60 199 404 237 245 118 473 1311 -578 25 619 -36 44 -526 -300 1091 -346 -387 145 173 401 19 225 -181 413 638 252 211 -266 -249 -354 571 -176 -70 483 96 -828 -286 178 682 662 -388 -152 85 272 -350 -1612 -451 491 350 718 378 454 -135 -278 541 -2 -265 349 -64 -512 -262 -66 -1208 649 784 435 553 -1125 -1222 -1246 286 461 -783 -100 -199 -23 340 -695 114 83 -45 -747 -588 1404 201 493 438 258 -319 -439 -375 378 -476 762 -667 -825 578 612 ]
[-299 -441 -264 -246 -452 488 462 627 -203 776 -451 330 547 -309 -198 331 -861 708 455 691 55 -267 -526 17 20 315 -619 78 665 -942 709 81 -251 -444 10 -721 -151 -86 408 -292 465 222 -716 117 -261 -453 -311 485 -26 -166 -217 346 -8 192 -1098 475 -80 14 -544 143 75 466 -94 417 38 15 895 -481 220 -300 -834 -91 524 433 -38 803 -801 198 603 139 -1334 -901 -716 110 -295 -662 420 -16 176 -443 -364 233 -651 505 82 -288 -129 139 -500 -588 -301 192 295 7 -32 288 122 -85 -235 41 ]
[-881 151 -22 -63 -929 -282 593 594 1027 -229 -359 257 -351 665 -295 -458 -639 157 632 269 -497 157 -1187 81 6 676 -74 -525 624 1026 70 -1062 304 -198 374 -12 147 275 -434 -7 -111 1041 428 278 962 -309 396 -872 -214 42 662 -373 281 -205 -236 -481 -768 -320 166 628 149 89 748 433 298 -350 -648 -97 -1091 373 -366 -699 38 639 169 433 -959 475 153 -218 317 81 261 -892 -184 -803 272 22 947 7 835 -109 -148 -454 -160 -686 -545 76 -331 -726 -410 -117 -144 -465 -162 -421 -247 -440 -402 213 ]
[58 -74 2 -236 279 -568 -240 232 243 -950 1352 328 5 252 -1020 -597 -626 811 -608 -658 -1209 125 280 -1048 -205 -91 -573 -121 -60 178 -286 -396 -1120 -31 75 573 -380 -122 -167 90 501 94 779 -75 -675 -437 639 -182 613 -402 -29 -72 -353 -835 437 -233 -548 692 371 91 312 129 -136 283 24 -313 565 403 16 227 -99 -490 -655 368 -815 -431 65 -85 -404 141 237 404 -118 -169 -1003 130 135 46 -191 -275 56 198 -239 -296 83 -169 439 222 537 -244 -142 617 325 -353 805 362 -434 -158 624 310 ]
[-457 -488 -1406 -8 -289 -529 -92 -610 742 -545 -320 217 -1001 -589 -1048 -1150 528 -32 -291 288 -76 196 -249 721 700 494 63 401 -352 395 -144 64 -7 -90 -472 -266 -635 198 -499 490 239 525 -129 -272 109 506 343 345 -448 -230 582 -337 76 18 395 205 -274 -514 201 1273 673 382 524 462 -694 -753 819 545 -459 -114 -394 -295 648 1 -62 -88 112 -339 -46 366 871 801 -49 -450 5 878 -79 214 767 93 -430 -679 -382 -845 670 -765 234 852 404 -416 135 485 -4 -672 134 -644 -52 -559 -162 -349 ]
[172 -258 794 670 -95 19 648 533 -601 -219 138 706 670 793 727 653 -1246 -171 -312 511 418 449 601 -557 -702 -261 -207 -611 260 -95 -309 444 -1073 1267 -39 132 -216 483 -149 -343 -1203 360 -190 -954 -691 212 -218 -84 -298 44 730 191 58 484 636 46 129 76 -615 -582 -574 114 -108 324 642 196 149 63 -620 951 355 -702 -293 980 -469 -104 378 531 -85 381 -985 -340 789 -365 -399 240 -371 962 -914 -823 378 103 -599 32 -342 1444 276 603 -62 817 863 -155 567 1411 -457 1406 -867 106 406 589 ]
[-263 -508 204 -371 -293 -338 -327 158 -113 363 761 -876 -71 150 115 120 -507 -230 852 48 160 604 -143 -129 -109 -335 -11 -407 88 234 1519 -598 -39 359 -158 -799 -157 -336 795 111 -418 -521 457 488 137 122 1199 411 502 414 146 95 -215 143 -80 -1090 -747 -115 492 -523 -1213 -679 510 234 -237 9 871 -116 256 258 336 -194 -694 -581 1028 -531 -717 -1365 471 89 -40 -204 -26 534 -118 30 -201 -99 -198 144 174 -546 -610 946 -1144 -313 717 1247 968 -1184 -1371 465 438 -463 -167 429 -546 -592 28 660 ]
[173 -1028 -558 14 -483 1003 -1043 549 32 351 -136 -902 -259 223 80 0 -38 -429 65 -272 103 -191 220 -460 393 831 93 56 -207 -252 424 -595 -192 548 62 -443 223 119 170 -172 320 431 -599 698 -43 325 -662 -577 -101 524 -52 -1150 758 -144 -888 -657 -65 77 -314 -556 -237 1093 -257 1078 -270 -394 198 329 129 -168 465 -335 -345 503 276 565 -403 -63 -170 -138 -391 894 72 -126 967 -605 406 51 -392 -348 684 886 -1549 874 -32 770 -25 -396 -434 -567 -180 992 1304 549 -569 120 229 -294 28 -193 ]
[224 102 -938 -92 929 218 -247 -466 527 -647 157 -410 -534 345 1 112 -7 -853 -108 -750 -260 -68 -396 863 577 89 413 -288 8 620 -1072 366 456 367 633 258 400 -326 -391 813 681 -554 -515 77 497 72 -1165 -429 131 -82 698 -512 432 -217 445 -1006 69 174 568 278 286 -655 -729 -77 -488 280 -325 395 -221 400 232 885 544 -136 -324 -176 -533 -299 -452 414 942 323 493 679 742 129 289 -314 750 656 -143 -158 635 529 486 -15 -70 -123 -729 -163 199 175 -795 207 314 -1485 454 -480 -378 -649 ]
[466 -511 245 2 357 -256 42 72 -384 -180 732 265 -936 136 -164 -305 -393 161 -27 -34 -214 188 381 -90 -40 524 349 -556 678 -336 -508 -107 -459 1217 371 422 -323 788 -428 582 58 -301 -475 -593 -212 399 -473 74 332 457 562 -632 311 -444 -18 -1231 -910 663 375 35 157 -967 -12 -331 145 -126 650 281 -266 921 775 5 108 159 -793 217 595 143 991 54 -564 -229 280 969 155 -33 591 329 -539 -176 -68 -255 -932 418 -92 -639 464 485 837 -419 -28 775 -492 1438 -141 108 114 -340 396 -285 ]
[-138 -74 -68 -130 -1108 628 -346 292 -175 -614 -890 -357 -322 14 -7 417 1 -577 383 -58 27 -266 -25 1074 767 216 44 -930 -29 -247 -290 -186 184 632 -184 151 -942 869 270 454 -713 -74 453 -538 286 -61 475 -219 -595 190 1410 194 202 78 -822 407 -240 38 -760 889 -643 533 -97 -237 -845 510 -586 282 541 -141 607 -806 617 -262 1613 61 -1113 905 876 -220 -288 467 134 -476 -356 -694 363 21 542 -147 -672 478 301 629 -236 547 307 98 578 100 15 387 358 362 -175 -913 26 833 -690 -584 ]
[608 57 424 106 -552 0 472 -311 -542 -777 434 28 -93 187 1462 387 651 -346 545 -262 -233 -292 338 467 -109 -823 -82 -349 -87 -302 464 79 188 537 534 -172 9 -508 512 1362 -1205 -550 -12 -685 -806 232 102 503 -154 1575 183 -41 604 657 787 -299 -186 513 395 76 -561 -271 -25 -861 -332 342 432 -524 143 -316 531 3 -487 -1170 765 220 -499 -16 260 98 -610 -337 148 584 312 -538 -1034 -628 -1320 311 -506 680 499 212 -934 226 1061 494 271 -433 664 431 -693 271 -588 233 -430 -856 -697 202 ]
[87 371 563 -490 -827 335 364 552 -369 -422 -1 -35 459 199 -81 -870 635 616 896 -388 -834 207 649 -135 6 -61 78 -766 1055 -972 598 -670 -928 1049 1273 504 -192 -325 609 393 44 -235 140 -276 -590 -48 -336 -1 362 812 616 -250 710 -219 -360 -191 -641 860 361 48 -933 -278 -165 -496 184 -83 195 -263 -536 274 458 214 -491 -1010 274 -284 -625 187 -44 -184 -1089 -224 160 -202 -593 -196 151 5 -1213 -237 296 187 -624 137 -395 296 352 237 258 -1491 645 537 -509 1453 135 427 -262 108 -3 -328 ]
[-78 -362 357 573 -1217 -160 362 304 233 -291 -54 498 70 1334 462 -563 -610 -105 50 221 384 757 -530 -22 -508 -39 1116 -398 124 -67 100 -578 -80 -82 -445 334 398 -247 84 -192 -54 44 736 330 1279 -781 -367 273 171 366 131 -252 75 46 986 -990 -113 -931 313 370 847 617 134 156 47 412 -617 70 -730 -411 -641 -1021 137 549 -765 -127 181 679 181 840 34 -1075 66 -674 -196 160 270 837 480 271 216 -87 378 -226 501 347 148 -823 -174 829 210 -429 -539 -134 -881 404 -420 -459 -26 -183 ]
[-263 -75 -179 -268 -300 -446 -148 360 5 -301 301 1390 -685 -113 452 12 -524 866 126 -257 -578 -675 -140 -858 -668 -251 182 -261 105 -121 -390 -646 -824 -653 -937 -141 -210 -327 140 148 863 77 64 896 -747 -555 -163 -90 -117 775 -75 -800 -783 -830 32 -649 -131 -590 -286 30 91 410 1395 395 673 140 267 629 472 209 -1115 -420 -306 1248 -677 -509 -200 -304 529 -184 -333 -341 -513 -437 -553 473 352 117 -477 -857 546 44 -150 44 562 -476 769 -138 943 915 186 -10 130 33 -147 1194 -958 -901 650 243 ]
]
