[[743 770 -125 -762 270 518 -2 41 -197 733 -154 129 -315 399 -41 391 -346 -594 -481 -219 -291 -717 -86 -126 -127 -153 357 -588 -114 87 -180 12 -101 967 -177 44 912 -144 -245 -350 936 -197 -279 35 38 403 -181 -153 -16 72 -559 108 143 243 448 -293 123 110 -98 -469 -62 -83 53 -397 225 569 380 -1016 568 -623 279 96 -430 -331 197 450 -107 141 -135 -680 -94 -238 716 -230 -6 -446 57 -150 -463 91 -680 44 -765 -49 474 1125 240 -482 696 151 960 -18 -450 135 339 61 360 -277 71 -158 ]
[-675 -152 -458 -583 28 67 -132 -422 -60 -497 91 -427 -183 -237 -759 29 711 245 416 216 10 -42 -210 350 -84 -166 -264 -11 -465 -112 163 318 -895 -200 82 178 492 -491 233 -466 -916 1024 65 -490 -96 -80 -63 377 -166 -25 320 -329 633 682 -694 -205 354 -794 -705 871 -95 -658 -225 -261 185 -59 -414 -74 -376 -230 -217 85 944 -8 652 396 21 -616 206 175 -63 164 -238 745 -202 1100 -375 260 -392 57 -229 346 630 368 -208 -827 232 87 314 380 630 -11 34 -67 -908 -105 -354 147 -173 245 ]
[72 679 294 10 125 83 440 -469 322 227 254 459 -530 11 -326 427 -549 -114 465 -94 -151 -447 16 -237 39 142 -7 472 144 59 403 847 502 106 196 311 279 -668 -529 33 -292 -231 -284 -448 99 588 -38 229 -1022 64 -145 -436 687 471 -440 -686 440 -573 626 355 861 -20 -639 31 277 523 -282 -366 239 -219 140 711 -397 305 575 835 135 -705 -110 690 399 430 252 933 -586 -27 -236 397 -219 525 -39 563 148 -59 150 201 -49 -493 85 856 579 76 224 549 -1240 -3 -81 0 -241 -44 ]
[208 60 329 -54 96 519 56 33 4 -18 96 496 34 139 -63 -352 -188 283 53 -50 317 -241 -49 -94 -861 -198 -326 -733 -825 -352 -183 606 185 414 -169 -319 591 199 237 -901 221 -446 -399 377 50 822 125 -40 -201 -107 99 -278 207 73 -290 -436 -53 -1136 69 -325 1047 -383 -32 0 637 399 -739 104 -95 -193 398 88 428 -758 453 540 181 -114 -444 582 1128 456 257 561 -947 -430 -94 803 -177 -321 -486 11 -735 208 14 164 -836 -230 -59 581 660 -504 -310 335 -790 368 -202 -420 14 -99 ]
[249 -410 -235 432 -247 719 -253 -35 -725 -93 -4 64 487 -259 108 -195 11 -56 -392 70 506 -497 397 -162 -579 -129 -133 452 -559 -655 -588 120 0 -120 -206 25 178 259 494 -268 -368 -617 -16 -304 375 71 -347 -86 452 383 -12 -201 239 -78 76 -817 -28 -180 20 304 -17 -506 386 292 704 965 -30 -88 -178 284 -337 41 160 -536 303 280 582 891 122 1112 1071 -295 212 -120 419 -532 -272 867 -469 321 438 422 150 746 -380 -407 -928 -134 207 469 510 -584 -340 -329 -532 244 -311 685 -186 176 ]
[643 -219 477 -26 410 904 157 344 -426 -298 31 468 388 82 70 -468 -1127 421 -442 521 -18 357 1037 -212 -702 -25 -343 743 -521 -79 -546 -450 849 -488 -181 -547 -34 940 825 80 -336 -542 279 -8 77 -314 348 -115 -474 305 -532 11 -125 -831 432 -43 -129 93 502 -413 72 -44 439 321 29 1000 -81 300 81 -397 -173 -498 -694 -371 130 380 73 597 739 285 151 -333 199 -102 943 -780 127 268 543 -349 -99 249 -304 229 -353 -73 -241 185 259 628 98 -475 -90 -322 375 -268 161 550 -303 199 ]
[589 -238 810 107 -229 -840 514 -250 -515 73 -45 791 519 296 -160 -240 -1102 -31 -312 -428 -282 796 766 -528 421 698 472 551 416 96 129 -528 743 -1019 -805 19 250 393 79 1018 -232 186 71 592 734 -642 -195 -188 301 234 -1094 415 -141 -263 175 18 -80 343 -52 38 147 412 515 242 230 712 359 502 -209 202 75 -52 -659 84 -302 137 61 -245 149 660 -418 -905 -227 -690 784 -363 -36 -389 -186 39 562 -52 202 -17 -464 -177 -232 191 -370 279 -818 164 116 -168 -303 -199 397 604 122 -149 ]
[273 490 1157 410 -442 -630 -679 248 88 172 -58 251 502 196 130 152 -790 -889 82 -483 -142 -552 -980 -881 77 185 66 -92 -19 -85 -181 -316 606 48 -175 -259 258 622 -675 29 986 -598 -137 421 341 532 -141 -966 -155 308 -551 588 112 591 522 356 -112 177 -159 -624 633 41 -310 299 67 515 -237 741 -168 -432 927 645 -400 4 -576 -157 -26 -25 -1003 155 195 134 234 -189 -312 -607 56 -705 -346 -224 -190 -1028 -26 23 50 730 -480 -66 -722 70 -317 -172 -296 -449 -108 -92 -297 -22 571 171 ]
[283 -540 798 554 118 -502 710 -249 -116 459 229 1030 556 317 -302 -518 -1352 291 211 -468 384 848 500 -1065 -348 607 -445 715 -680 23 -195 -250 1037 -679 -30 -433 119 1083 -71 -277 -163 -284 673 190 364 32 445 -273 -1022 -109 485 -217 876 691 -518 313 272 -438 419 -2 443 301 482 753 145 1047 -312 670 -508 -463 446 -150 -71 -226 99 335 428 -227 -483 191 969 146 -170 231 208 51 150 -480 36 60 191 458 -411 72 -2 -70 -791 157 -325 556 -204 -271 417 -200 -210 -553 -490 636 447 165 ]
[390 583 -2 369 -73 -763 -427 750 434 206 -847 -220 11 -141 938 170 558 -251 -144 -857 -110 -479 -900 9 422 6 -743 -128 670 -501 -88 -163 -444 584 408 174 -313 -32 -460 -929 1346 -87 363 0 -634 127 -33 491 -481 289 180 33 -157 292 581 189 285 729 6 -107 -288 174 -214 -259 -257 -267 737 -757 218 -237 326 49 58 729 -244 -851 -270 -213 344 -1416 38 949 558 107 6 258 319 -438 -459 -293 -594 -42 -688 -273 619 884 469 -7 218 -1141 680 20 5 -431 679 30 136 50 875 -372 ]
[196 -332 208 -630 388 628 -53 415 415 -160 676 -535 -496 51 169 174 -166 500 -373 980 -190 170 69 536 -81 395 -43 -47 247 882 544 327 666 230 691 -259 410 -573 352 499 -434 -193 -148 -102 -496 617 279 -262 -637 -9 -161 168 -617 -233 -33 147 -1052 -832 732 -527 273 -66 -985 -50 -354 337 -704 616 -250 -834 465 618 -201 -51 -217 477 -449 -841 -4 370 -315 -90 0 445 -900 -207 493 299 555 -1007 -66 15 308 -58 75 -70 932 -283 -621 49 -474 -303 70 547 -36 -251 -167 -786 -804 104 ]
[-400 222 -658 264 275 185 -453 -154 -617 382 -271 177 -253 111 -390 331 198 522 100 -37 237 -661 143 524 -896 -368 198 -315 -387 -247 -76 329 -401 148 78 -605 -521 -706 32 460 252 -327 -4 30 -84 233 237 66 397 -7 329 -187 -678 -657 339 -14 -71 885 50 -349 -608 51 220 229 -805 -683 204 -1017 1005 504 -394 -730 -478 -637 -61 -343 98 1094 -25 -310 -176 -406 -533 -340 204 -617 -481 426 -57 136 617 -328 109 -155 -18 305 172 132 441 41 97 414 -699 -91 1121 -93 415 322 193 431 ]
[222 604 -442 -278 641 649 104 -321 -322 -317 -582 -25 312 -62 -570 75 89 -59 87 228 9 -407 614 421 -716 134 -150 226 -257 -304 -430 79 -1503 31 213 -712 14 -436 154 -387 119 82 959 -904 -743 -304 256 580 -655 314 413 -434 -27 276 388 393 304 359 -274 170 -789 -236 818 285 147 511 921 -1905 777 -202 -262 -490 -366 258 1156 5 -173 50 428 -1105 -508 -416 606 37 400 -150 -136 -357 -487 469 -761 620 -809 37 98 155 213 35 630 -62 1002 -354 -264 -437 456 -90 -16 517 -62 -128 ]
[-504 224 -981 -105 46 663 179 -48 -203 -160 -121 -815 -248 -226 -541 -58 101 -358 -487 25 267 -47 17 -40 122 -641 324 1236 -919 437 -504 -500 -298 69 260 652 174 473 -675 11 -259 -250 160 -460 266 -740 -363 484 -183 -148 518 -156 350 -436 106 429 -115 -388 213 602 -71 -189 -146 -2 -569 -524 75 -220 -37 -184 -346 -148 -390 150 -12 -75 126 945 388 -624 500 48 -461 -153 752 951 -167 -431 329 1040 -340 -518 273 399 282 56 517 -61 827 -82 297 513 -87 -273 488 -178 -259 561 -308 592 ]
[-243 879 473 -180 -70 -212 -397 -577 -181 -283 -207 40 47 -102 -30 12 157 -1049 -148 -132 -742 -195 -703 72 190 -1163 -333 -254 276 352 67 118 -396 346 -317 425 788 202 -228 -317 895 177 111 131 111 -34 290 236 -281 -93 534 539 105 272 421 626 173 -519 -588 356 839 -456 -59 -579 -190 -472 324 191 -188 -430 636 818 -196 192 417 -99 -351 -653 -282 -300 215 385 -362 12 -332 782 -7 -163 -740 -134 -693 -166 -531 -109 78 761 530 -207 563 -588 -248 138 -175 -467 -1014 -134 -270 494 244 -178 ]
[-372 44 247 81 396 679 -346 -751 -226 -657 411 12 408 -167 -351 193 251 -1296 429 268 -494 -430 -19 -72 -36 -803 -656 788 135 -149 -631 -406 -1005 411 -285 422 286 878 677 -966 -7 351 717 -711 -324 -313 738 -70 -933 95 549 269 948 733 -452 -165 485 -190 -1201 77 -399 -76 550 53 -115 -36 197 -876 -94 -87 -79 -417 539 572 915 264 -391 -235 134 -870 -268 102 469 -120 -34 384 173 -431 132 978 -261 1050 -115 -8 23 -249 -202 107 331 -158 143 -382 265 -414 -355 8 -352 197 -53 -364 ]
[-905 -67 -423 -74 258 85 -60 372 729 -4 638 -315 -206 -274 -669 125 -9 888 953 860 27 483 -534 222 -204 366 45 733 -843 477 166 249 -145 -736 673 -1038 -713 -548 -1001 720 -1185 -19 926 -807 -353 133 -78 -115 -1217 128 741 -726 180 72 146 765 220 -396 396 -117 -92 -317 -960 288 -141 -106 -676 34 288 -322 194 607 -123 841 716 63 144 -363 -292 -131 -361 375 180 1206 -412 -311 -18 -27 -418 -303 -494 -620 1150 -26 241 -454 731 -59 -246 320 -133 -110 188 -260 -394 -1092 -298 18 -77 -8 ]
[104 770 216 -394 -636 471 -424 -373 309 6 307 -467 -188 90 -58 568 160 -1378 157 382 -634 -314 -779 -564 -395 -744 621 -220 -80 211 -36 1034 -145 499 -444 -205 -183 -375 -575 752 634 -766 -350 110 346 720 -342 7 243 247 93 880 82 335 600 276 662 -136 -431 -412 1190 -528 -35 -19 1113 578 206 384 -320 240 549 1030 -638 -93 228 -6 49 289 -880 88 135 405 535 -17 -397 -303 100 -86 -499 404 -830 -1024 -245 46 218 1025 -402 -568 -161 60 -244 -11 154 94 -1699 -32 -237 -321 137 -713 ]
[88 -175 -63 -712 294 11 63 -523 -801 320 106 292 145 215 -367 -120 248 297 184 367 143 268 318 -528 -760 -320 -285 -940 -106 216 -737 -308 -710 -138 -1153 -94 364 51 520 -47 -445 191 96 -170 81 -322 641 148 850 -235 -63 203 263 -95 350 55 787 -207 -1547 -19 -315 88 1014 226 1114 -67 794 -455 -259 647 -365 -707 103 -545 828 -54 144 24 -30 160 524 -491 -260 -720 64 54 -82 -92 -420 -225 -72 95 -104 64 -106 21 -159 130 1041 -656 -476 -140 263 15 -929 -305 -62 -130 384 -718 ]
[335 932 153 -490 77 1009 -229 153 -133 -178 611 304 -477 325 507 284 -913 -1174 330 703 -757 -375 -236 -577 571 -908 -233 275 313 142 145 -263 458 768 35 597 -444 849 665 -507 1085 -57 33 -964 611 -240 261 -867 -809 357 2 303 203 -340 128 -2 599 1258 534 103 -43 447 428 -562 -256 139 480 -34 404 -826 -171 -279 -171 530 -232 -9 -262 378 -10 -989 -991 78 337 374 1126 -452 721 234 366 -149 -531 670 -633 -584 520 624 126 -158 864 418 -20 -84 145 -547 476 -336 762 148 60 693 ]
[-620 56 -42 134 291 -565 -529 -296 -263 784 -292 -167 11 -186 -432 77 652 -198 -604 -607 -151 95 -356 78 444 -779 -199 -96 214 493 -399 -228 -359 967 42 246 1642 -22 -202 -586 347 1015 -232 225 623 2 119 -278 571 -880 716 91 -191 780 -116 141 -624 -217 -891 455 -618 -71 -833 -412 -816 -774 -109 -242 129 -537 389 41 276 -542 -188 281 -194 -1153 -852 -3 677 -17 -403 -442 -579 627 -356 -377 -192 393 -416 125 489 377 381 104 365 -19 650 -784 230 481 -154 324 591 30 -420 -253 449 -206 ]
[653 -431 191 -287 318 -891 237 -665 -145 877 -232 -172 195 253 -238 -245 -553 1042 147 -385 866 56 585 -294 -986 934 -321 -845 -167 684 151 785 -440 -422 -1 -785 754 -819 765 199 -99 485 -272 243 -339 324 83 -237 529 27 437 -369 -80 1535 -59 -58 497 -42 -405 135 -513 -513 969 529 901 1298 -164 -185 157 -191 117 115 29 -490 -235 431 513 -711 -695 594 543 -215 -54 -59 -512 259 -806 -162 -901 16 272 346 -125 129 61 -234 -981 -765 -359 558 481 -300 437 77 -199 -330 -402 -315 196 11 ]
[269 108 -326 293 -150 -565 97 852 276 469 -286 -402 420 -59 759 -1617 -299 821 -747 -71 848 1316 97 -382 193 240 -322 670 -384 674 -462 -907 491 -703 168 -90 -225 998 25 -216 524 68 626 -396 -67 -452 -91 -231 368 -260 1174 -390 -648 -598 562 634 -375 109 360 747 -212 -48 -374 28 -633 -437 281 772 -681 -391 -383 -219 259 113 -682 -587 341 577 -178 -336 515 138 -318 -123 416 -139 509 -510 -59 -455 -802 -199 567 791 521 -108 -143 -75 -460 -948 -170 -61 330 -451 853 -317 66 150 -129 670 ]
[-272 -412 -88 -113 256 1417 -501 327 -118 -1231 -189 -828 116 -637 -191 462 357 -597 -604 733 95 -1046 -129 995 -460 -134 -657 791 -57 -156 -684 -122 -748 585 508 -516 551 466 262 96 -104 -711 367 119 -587 -154 446 -537 -105 203 -577 173 -209 -246 400 718 -1079 -1334 -29 -176 -284 -613 -234 525 94 303 -529 470 -21 -728 182 560 -434 -684 160 39 -627 64 607 520 297 -451 -116 -800 -498 -148 -581 -172 559 -155 -135 -903 -133 917 -865 -591 -1 -23 94 -131 304 -669 -340 -647 369 86 -1050 336 -410 442 ]
[762 885 369 -1162 -71 -569 333 534 608 516 -362 946 566 653 66 50 -683 -567 129 -480 -575 738 269 -639 772 665 156 595 67 312 733 -140 320 -338 -210 -49 -18 265 263 300 399 803 147 -98 213 -273 -462 -320 -924 697 -675 207 507 742 21 -371 1156 685 -241 422 247 -192 -167 -388 747 738 614 -140 -48 -642 311 -80 -235 1097 -102 439 73 -839 477 -432 -1164 -110 1349 302 426 158 784 -515 -77 183 -1636 136 -151 376 538 491 -80 -393 61 1115 1412 326 765 -128 -498 -348 919 -367 -24 480 ]
[-611 -502 -1552 -678 -225 638 447 -20 215 18 887 -836 -851 -444 -259 -793 115 1602 532 805 12 -103 -172 769 57 -135 327 -314 -604 -34 165 197 -759 -403 66 -92 -338 -673 666 234 -530 702 160 -357 -214 -274 -327 -441 1007 -236 225 -1144 -97 -823 -354 -384 370 422 -169 690 -1472 -621 223 -757 -255 -297 -613 264 497 406 -1248 -199 1043 171 111 452 588 1173 -33 118 -1019 -100 -512 435 315 -140 -1089 731 80 -320 383 36 1117 143 -211 -847 203 -486 -75 583 628 96 -745 135 386 294 630 307 -579 798 ]
[1382 567 453 339 125 -265 93 -294 -338 -196 -275 -508 -624 512 -155 -253 -688 48 -59 -345 614 -835 427 -382 -516 298 -440 103 -438 123 -523 162 174 492 -762 622 -293 -123 51 246 701 -263 -1161 135 244 168 -326 -4 -95 312 -617 352 -609 -513 306 -80 219 -273 334 -627 985 556 169 847 -258 -13 -401 -53 47 97 59 -673 -958 -532 -672 -196 -433 741 471 -653 -87 45 -163 -460 23 -629 -323 -167 351 282 -34 -176 597 -294 63 617 -758 -348 -343 138 -275 551 -15 -9 136 204 576 -493 -9 89 ]
[915 -60 427 724 224 234 463 44 166 -305 -492 18 -224 -267 877 169 -465 416 -327 -249 -688 54 922 379 761 370 -727 802 360 40 408 -538 770 -360 -43 226 -242 -408 -626 601 -47 -1012 -43 951 -494 -184 -116 148 -449 -22 -1020 261 -266 -774 43 386 -390 -927 1306 -630 664 -66 -539 222 -213 362 286 796 34 -314 95 822 -903 22 -130 -268 -619 -460 1288 612 602 286 222 57 385 -198 -116 58 453 -1293 540 384 -518 -367 -586 434 375 -212 208 -384 -688 141 26 -235 -509 197 42 714 -391 -193 ]
[988 662 152 672 346 448 47 -2 323 -771 -646 437 223 -486 -57 -387 -556 263 423 -361 -427 -14 1263 833 38 316 -514 321 -603 -897 -798 51 238 -544 -863 -658 -44 308 -120 -271 -234 849 -451 160 23 -539 -281 468 -74 43 -764 -461 89 -161 -618 -767 377 -347 527 134 939 -549 -570 379 276 80 -525 -542 777 -15 -680 -219 -186 -536 498 496 -321 -1003 809 587 -109 356 1037 680 198 -647 -618 672 -191 422 -331 659 -207 203 -104 -320 -1404 -11 -276 1258 1233 -154 77 77 -1032 749 319 302 -514 -189 ]
[-740 313 79 1164 -139 -458 -115 -261 41 514 -546 -218 398 -282 -725 -532 -52 -106 176 -439 -193 60 -65 65 508 -527 613 276 3 41 572 -459 -45 -324 393 -159 -401 -260 -239 456 711 157 437 633 -267 134 163 -674 336 -962 721 1 -581 295 -375 413 -528 -35 91 237 -577 -45 -794 194 -1633 -1153 -204 345 -22 -48 226 431 229 290 -764 -315 -335 574 -417 -563 246 259 -457 -305 -385 604 -647 -1208 593 508 -195 -408 539 484 -32 453 477 249 -130 -230 -45 535 -856 171 1315 551 377 495 -242 661 ]
[65 -122 -159 -1198 116 -466 47 632 70 -15 -662 21 -10 -22 328 450 341 261 -758 -97 -334 1523 299 -97 398 -217 88 -618 122 308 -667 -370 98 -157 -697 -522 -30 749 -603 116 -444 900 20 40 -356 -1196 -232 1179 258 221 -644 103 -196 -460 663 685 234 472 -326 -138 184 -406 595 -693 922 -380 545 -354 -253 365 34 -676 -440 8 -25 -348 -61 -734 590 232 -204 4 404 -599 812 517 658 355 -35 -155 -873 -633 -652 154 222 -20 973 151 874 -567 441 196 987 -475 -342 -778 -103 -604 567 -927 ]
[103 463 670 0 23 -15 -734 633 234 -233 46 -41 684 -304 489 667 192 103 96 727 -933 497 -205 -138 1175 -449 -549 -274 908 175 -111 -500 592 611 349 18 -562 128 167 -654 229 330 188 -692 -524 -355 362 0 -690 285 -472 375 -437 -700 -334 146 229 1150 483 -39 -434 273 -421 -454 -14 -557 225 -55 -107 -7 206 -43 -158 1154 -101 -410 -366 -809 204 -417 -744 384 802 -406 683 332 1109 -178 979 -869 -459 231 -249 -183 432 593 1370 423 907 -151 -172 412 546 187 346 125 230 -241 -20 -297 ]
[-831 199 548 -12 83 -1185 -887 159 66 227 -64 638 1268 136 -828 -260 854 107 136 181 315 550 -633 0 -81 143 -265 -455 805 -30 356 -283 -256 -516 346 -685 379 -321 35 -196 -424 591 573 332 94 697 542 -683 159 -304 346 283 -625 270 156 305 -62 69 -948 395 -312 -293 -676 -206 218 -512 -402 413 -385 -134 612 300 574 289 420 -268 -364 -707 -416 337 -564 -148 257 -312 -1111 -327 174 -571 -219 -968 -275 -484 417 599 -177 -765 -85 1344 -572 -417 -723 -410 135 386 191 -206 -332 -714 574 -737 ]
[-366 -286 -306 -228 563 -1048 -454 98 -150 194 -356 719 421 209 405 -559 1573 914 -396 -208 -35 -75 181 1016 -118 -275 -686 -1369 -458 -228 392 -525 -434 -860 -298 -11 803 -776 75 -60 -799 558 -516 1011 -195 226 -170 671 1037 -592 572 280 -38 2 23 -97 -341 -757 -479 137 481 -800 -561 -437 564 -1493 272 701 -324 263 -84 -157 484 -369 412 -384 -58 -956 867 972 785 114 -824 423 -506 858 352 742 -861 -1391 714 325 -169 50 -318 -227 33 699 -84 -927 -616 244 -291 100 -977 -130 1 -371 92 -467 ]
[104 118 -503 125 242 366 227 -238 -1032 433 384 707 600 -2 -534 183 -1049 -114 -171 115 114 659 1355 -198 -744 -307 439 551 92 922 92 -426 1124 -714 -489 221 418 421 199 812 -365 82 139 366 812 -679 75 261 119 157 -123 454 -61 -570 321 -246 504 183 248 432 486 772 174 493 85 77 264 -404 668 24 -339 -293 -1211 -11 -211 162 345 37 -113 -322 455 -749 -274 -1102 731 173 -59 -483 -156 616 677 -59 -346 135 472 148 -361 -285 1085 902 -379 446 143 -9 -144 -709 224 857 109 142 ]
[79 -290 -1096 -92 -411 -276 153 -89 7 77 346 -503 -179 -268 53 -791 299 594 -193 33 984 566 -543 -101 -459 -241 -930 -142 119 142 122 818 -157 527 345 540 -333 384 1133 -1140 665 415 172 -212 -191 381 16 633 -281 550 1290 -443 -412 -563 -261 46 507 -749 710 970 248 -145 52 -578 71 123 -474 103 -818 -322 332 -253 1199 -131 -478 -170 292 675 214 -615 1039 1403 237 35 -479 906 363 592 -344 -245 -524 -60 -679 628 863 3 -461 -322 506 -235 889 -277 -12 58 -163 22 -106 372 771 95 ]
[265 -104 719 17 161 1020 563 259 77 160 -508 628 -75 21 -143 75 -434 -193 -579 49 -517 682 -4 -255 41 -851 -491 47 426 -666 140 909 408 1617 149 -42 -425 1413 1336 -1262 1451 30 457 316 466 -291 1041 -181 -650 -542 222 -332 -202 -833 -776 -221 543 136 66 73 -306 155 1217 -277 130 203 -266 -407 -225 -35 414 -1020 505 -200 145 196 -294 377 11 -1045 -450 314 420 -325 128 14 136 292 1279 82 -1211 403 -1129 99 400 146 165 48 926 50 628 -75 406 68 744 544 735 -17 313 -659 ]
[48 -274 -225 554 -114 794 -162 -433 -305 -713 382 -468 796 -627 -593 35 50 -25 218 -312 -250 567 671 76 -744 -826 -700 780 129 174 -345 737 -296 -308 -134 -189 376 -169 164 -123 -206 -397 279 164 -156 -326 77 622 -618 329 887 629 26 627 -402 -429 462 -234 -69 423 729 -764 183 233 6 620 -713 58 429 344 137 582 -412 405 666 462 -12 -902 -347 -50 806 560 482 -113 -426 441 -772 390 512 738 540 608 -428 220 72 -79 -462 -152 -347 289 -144 -382 331 256 -1263 336 -904 269 -615 -245 ]
[-90 1 -573 41 107 -252 -90 277 -2 9 140 275 -18 426 1132 241 667 -400 -345 -610 -248 442 -346 1033 784 299 -398 -190 46 210 597 -125 -454 385 346 574 288 86 121 -621 772 2 480 514 -36 120 262 336 -459 467 391 234 180 701 -994 -546 161 -493 -251 -94 557 370 -196 -349 -412 -817 256 -1300 -197 -195 63 625 990 480 119 -481 169 -1027 -332 -692 -399 -197 328 285 -670 663 953 439 -1009 -361 115 1022 -470 -587 223 252 230 -581 176 -1 -112 -248 591 -208 -426 -153 26 -260 -443 407 ]
[-35 -138 358 252 709 -223 674 -16 -188 161 279 353 27 556 -241 -1077 -476 314 -439 104 80 1233 395 -559 -1088 144 -617 960 -215 1029 677 -79 -211 -1086 225 -100 447 464 443 532 -49 -527 709 410 441 493 231 -315 -532 -15 960 635 -44 272 28 586 -79 -1324 49 -112 1074 80 -201 562 -36 579 306 822 -485 -372 678 -449 -152 -130 -142 3 29 -910 -1091 29 706 -59 -757 33 -776 -228 149 -781 234 -839 -17 -420 -55 50 -205 -684 -511 -374 -889 -808 -1492 -311 573 -307 -690 -1029 -279 -2 -213 -190 ]
[-354 442 501 -100 -310 -528 -474 586 255 -94 143 -584 -229 264 548 707 -11 -319 313 526 -242 -593 -981 -278 1110 353 -501 -483 1041 551 669 -507 -379 326 803 539 -900 111 505 -344 508 345 -64 -839 -858 -102 33 -815 314 365 -729 222 178 251 -239 170 305 455 556 258 -547 301 -421 -565 139 -251 619 335 -557 -191 -22 596 784 847 -1163 -207 306 -156 -42 343 -405 80 196 -404 170 786 637 -599 -217 -599 517 -617 150 290 -280 170 916 -201 70 -261 203 40 43 -894 862 -183 350 -90 -589 989 ]
[-207 188 -532 -318 -116 37 100 -66 125 425 -38 -410 503 -207 -614 -33 490 -1170 321 452 1327 -345 -867 -132 681 589 331 -1234 -211 476 122 -100 -17 -48 632 420 102 -315 -428 93 -306 454 -68 -1939 57 189 174 -710 -159 33 1387 -119 124 1163 289 627 -159 -728 313 706 -381 -317 -900 307 -132 -315 -235 311 -120 -184 792 766 576 -81 546 -337 -104 -357 -500 367 497 -44 169 -113 -901 399 654 -66 -741 2 -484 -75 552 1 473 -215 317 285 -123 -367 -104 -244 161 693 -7 35 -809 -434 -709 535 ]
[-790 -1394 -234 1139 -21 -427 -232 590 -411 731 130 464 462 -332 -94 -574 625 -9 -525 -43 553 -179 -573 -73 -644 97 86 259 74 -67 -602 -783 268 53 636 405 302 992 -542 368 -708 -427 567 783 650 204 52 -442 553 -734 832 148 403 -379 604 234 -1417 55 -404 -275 -655 701 -321 646 749 -203 64 617 -730 581 682 -300 286 -219 -518 -472 648 504 -1026 477 1132 -363 -1020 -1038 -653 159 95 -994 802 77 997 -883 337 405 188 -602 -387 327 -676 -969 -740 -274 -608 221 633 -316 -921 282 632 -297 ]
[-81 53 80 -273 302 -385 599 336 549 -589 294 680 323 2 -588 -807 -1017 466 286 -527 734 295 286 -374 262 214 -598 507 -138 330 217 -76 692 -78 -22 593 57 970 1133 -851 -26 1012 248 217 328 -1105 414 383 -520 -692 149 -487 22 -255 -424 -448 510 -395 171 1021 296 624 -278 -134 -904 -826 -378 134 199 -154 -221 -1280 66 675 -394 668 -9 -931 469 -267 256 606 -462 134 -631 1396 67 56 650 863 -419 131 -364 115 928 -158 -712 580 -111 731 926 444 378 742 -158 523 451 -390 -134 842 ]
[635 1096 154 -280 -86 -889 426 -251 422 219 -331 63 -326 222 344 -376 -311 -661 -96 -400 -34 498 262 108 180 822 1118 -1000 638 709 393 -558 426 -270 157 764 164 182 -1200 806 577 -318 -587 268 -185 -1 -408 763 190 342 -309 468 -103 132 511 406 -26 -81 484 -38 626 1212 242 -8 244 -292 1002 -753 177 -479 27 778 -847 322 -107 -681 -281 -371 -75 -901 -706 -657 377 -9 172 270 714 -1233 -155 180 -549 37 -502 -1107 215 1008 530 -514 -454 -105 -327 380 -6 205 -129 -70 42 -71 -157 -159 ]
[-68 -1068 -123 116 151 1119 -239 -141 404 -251 570 544 251 196 341 -242 -94 124 264 1091 129 140 545 315 -711 230 245 11 121 187 277 983 227 39 -134 -141 -1099 449 1112 288 -840 -1079 570 -513 -329 -112 365 304 -504 243 620 -331 490 -530 346 -949 -482 -37 194 -622 166 -89 424 85 244 222 269 -591 -235 1062 -89 -206 -117 256 740 681 599 391 305 833 232 75 344 775 -390 -361 920 1251 304 112 480 493 59 216 409 -368 -192 27 -356 316 -335 -706 285 222 -739 97 11 -397 -868 274 ]
[357 812 760 -248 395 -438 556 -769 443 190 -605 75 -288 15 -1051 377 91 617 1215 -336 -107 -798 -37 -311 -320 -16 -229 -839 -238 -72 411 393 -975 391 330 -666 -160 -1015 163 -190 -273 27 -898 55 -654 126 89 -457 -289 -326 254 -567 347 1320 -386 521 984 185 -397 -42 -402 -400 499 167 107 -42 71 -211 670 -211 433 45 -96 84 202 302 15 -667 537 321 246 585 553 853 -1225 945 -909 31 263 320 -532 188 -630 -597 95 660 100 34 431 514 1091 234 -565 -467 107 575 218 -470 243 24 ]
[73 129 122 -250 351 889 -226 -136 -113 -693 -351 -493 -402 136 -144 -313 -309 -606 -180 112 -60 -70 383 715 -627 -425 51 -227 -68 113 664 407 -429 -112 687 -18 11 191 521 535 428 -303 581 -26 -714 52 204 515 -179 -77 278 794 -128 110 478 358 -961 -798 372 79 -156 -110 325 91 -416 721 78 585 68 -984 -162 578 71 -1050 284 -166 -841 142 457 -957 -129 -551 -804 -56 896 -188 -16 -455 -403 -606 252 -290 207 451 -703 -76 906 -31 -205 -486 -360 -150 -170 -484 553 -529 -371 1067 -774 423 ]
[214 -619 202 -122 -16 179 3 477 458 -366 238 -929 -481 -20 -91 136 -832 -158 -400 230 -732 636 345 -428 1055 470 57 1376 482 905 123 -958 259 213 -468 217 689 782 205 -55 532 659 111 357 276 -1065 -262 -958 -237 -305 -634 71 -434 -391 -83 659 -844 297 -189 572 18 121 -49 -187 -869 16 -409 847 -18 -812 -317 -402 287 180 -1289 347 -718 -793 137 -811 -737 -444 117 40 424 -133 -374 -141 909 -442 -428 -102 -50 61 392 -1213 336 -126 -785 -135 -385 -68 333 -1016 849 -43 550 -554 284 426 ]
[1039 -58 -737 -94 135 712 18 524 -82 120 -753 -132 -417 507 294 -91 1196 207 -895 -630 863 -638 360 221 -1547 346 -557 -28 -355 -1060 -248 -248 -660 419 551 -405 -474 -227 472 -658 204 -424 -7 508 -139 1200 -510 457 518 403 -159 -306 -224 218 510 -405 530 265 58 -128 212 131 -95 42 -569 1139 825 -583 -141 -608 -552 -564 128 -1292 -285 -471 163 1514 583 -1054 -740 -221 397 -116 -306 -781 -574 415 115 -827 -378 558 -903 13 -684 80 -869 212 -267 -22 1450 -553 -345 -378 949 241 19 139 560 13 ]
[-729 -466 -830 -82 -411 193 -660 1069 -60 -494 306 -178 101 -356 868 490 -211 1368 566 213 506 -579 -502 98 351 1234 -318 14 281 -662 721 -76 -368 -806 599 -589 -1251 -513 52 -98 -508 -531 577 69 -543 -496 -450 -411 561 46 -621 -905 -879 -449 307 -1 -333 -622 84 -23 -501 43 -67 -112 527 47 -36 391 351 637 14 -305 583 463 -469 -111 558 -282 -354 1670 892 212 295 850 -592 -475 195 1055 -717 -1044 937 -613 233 292 133 -1011 -399 -240 -228 -499 -78 -646 -788 -744 -706 70 -282 33 419 770 ]
[309 185 345 253 690 -329 310 280 -410 537 121 1437 520 113 -14 -736 -1453 962 -95 122 468 -615 516 -392 -662 56 -170 151 -361 -661 -688 -335 730 -257 -556 -434 648 508 605 -53 -157 -507 166 680 198 -17 230 -214 -414 -59 -812 -1172 156 -8 1099 -720 83 -412 -432 -458 119 408 142 423 330 597 -591 -422 1130 337 270 -316 -1285 397 325 641 618 -1 201 813 1398 318 -34 114 -192 -764 -233 -9 -629 241 -399 74 -138 637 236 647 -868 -203 779 516 804 -266 -871 76 -14 -500 382 76 841 -80 ]
[-701 67 350 1111 -451 231 430 -650 -33 -703 317 -286 573 -64 370 602 90 -976 489 -81 589 -392 -360 -801 407 -84 218 1127 -537 351 16 -193 -160 413 172 1108 -215 -308 -947 -370 -237 -1365 791 -817 374 -630 101 455 -540 -504 771 301 706 -507 38 681 -228 621 -99 -52 -302 713 618 704 -299 -734 770 -236 -152 844 -115 -61 -382 717 905 -311 393 608 -327 -577 796 -713 -694 -512 628 -13 384 -656 70 1489 855 478 -3 -595 213 226 59 557 167 -778 -1524 42 306 -5 236 569 -873 158 -978 93 ]
[1032 68 -730 369 290 995 48 125 209 526 368 313 -110 -118 721 272 -468 250 174 -13 -286 -1604 609 900 -95 554 -197 590 418 -645 79 208 644 508 266 227 27 -906 -146 -322 79 -774 397 721 -625 896 -146 171 -137 -458 -839 -386 930 -380 -209 -1092 -32 107 332 -622 -649 -85 -129 -71 401 145 18 -828 924 524 -478 158 -507 20 181 776 456 596 495 -69 52 118 528 118 -237 -827 -470 255 241 290 1627 938 94 170 263 -27 -701 -396 61 687 1031 -107 -510 390 477 762 314 28 -108 138 ]
[-522 585 654 -340 349 254 180 -273 562 -356 -145 683 60 162 -388 -9 -649 -347 -535 -269 29 -57 -561 -393 265 -259 661 -602 454 -76 -22 -622 43 169 -345 397 466 509 -89 -257 406 36 -1070 1221 -90 240 94 141 629 1 -1043 558 169 -719 462 0 -13 291 73 -1008 412 -96 73 -914 -356 31 -409 265 183 210 35 -753 367 -332 -305 223 -439 571 -717 -464 -968 -210 -97 -706 507 -487 -19 -1033 1047 -191 289 -443 -778 -600 -36 460 -594 65 -864 -425 -631 72 -174 1007 124 729 197 -541 -226 -360 ]
[-310 -1495 -517 -499 388 850 441 708 107 -520 810 -433 523 -120 604 -387 344 1284 -509 746 667 796 258 22 -1100 -174 -487 -8 -594 540 201 -232 -276 -500 69 -500 -498 833 1491 -240 -1060 -679 1145 417 -1244 -454 312 574 -168 283 427 66 357 444 963 -592 353 -19 -970 -761 -284 -201 959 123 319 494 -266 545 -283 709 219 -677 258 317 720 512 538 654 472 -193 729 29 74 -602 -575 305 -58 446 504 -297 -259 283 -82 513 -423 -542 224 -67 -182 -155 104 -1272 305 -330 -67 -351 -733 -557 -813 -385 ]
[-250 1288 542 -411 -135 1 -515 -224 -33 -1098 -778 -1144 -625 -136 -564 755 -309 -177 997 -453 -434 -418 -332 68 122 520 356 -337 506 375 417 168 -679 -155 -398 279 660 -1458 -929 -390 -38 966 -729 -458 -79 -91 76 749 42 -166 -1146 529 -190 222 28 417 -149 63 -1322 204 442 198 -64 434 381 256 381 -1350 299 261 -287 -136 211 173 -111 -68 -360 -1869 -1031 41 -827 99 -368 730 -470 679 -407 -924 -345 -285 303 -772 596 -602 113 -469 698 -174 -80 208 -117 328 -401 -520 -599 357 -27 -274 255 203 ]
[-219 44 739 460 -607 -478 -292 -421 -631 285 -358 628 862 -18 145 407 -1122 -670 343 -252 267 71 989 -521 147 -398 511 658 -162 399 -349 -610 1306 -920 -137 273 -477 1073 -624 303 -1321 127 -181 -224 293 -664 148 109 -616 -132 67 -423 951 471 -27 -79 -306 -117 76 312 787 -233 360 437 -172 211 -247 741 -660 -3 -52 780 -562 154 -726 -45 445 591 7 509 1037 -217 -580 319 1227 923 -49 -158 251 1244 344 325 -24 420 -102 148 -83 14 612 928 28 35 426 -331 -47 -292 -703 1026 -278 1228 ]
[-377 -320 -215 -160 741 67 -314 13 88 271 -13 -14 -346 301 -532 1 -256 255 -618 441 -281 504 295 343 251 -325 -678 -1293 -346 -416 559 -46 -307 -320 302 -811 -247 114 716 -345 159 1306 986 437 -624 -246 391 1351 -578 -571 689 163 -66 623 127 345 415 105 356 -237 -62 -538 434 -124 -124 5 -183 -704 -273 -514 315 -741 516 5 21 128 -126 -948 -116 -1380 -700 666 -34 507 592 829 631 446 -473 -836 -159 1197 -829 -71 262 -44 949 745 -58 -477 235 -424 -351 -163 361 -678 32 -85 414 -957 ]
[-89 -400 -168 22 51 134 -153 455 -336 -585 -256 98 351 -452 -25 690 661 395 -194 151 208 243 133 -63 -599 -73 -21 814 -155 19 -109 622 -483 652 853 -561 -202 -341 43 -332 190 -822 491 207 -436 123 447 637 -720 559 109 231 -590 -638 -218 631 -817 105 -153 -553 -17 345 912 693 195 342 194 -628 25 -539 -69 -476 47 -14 -423 -732 -194 368 -330 -631 261 -344 387 -77 65 -193 862 -329 334 -385 -341 -420 -1302 38 409 310 505 197 161 -667 -36 -130 -359 -526 338 -1 -478 326 893 -97 ]
[370 30 -285 -56 -517 -489 388 -767 171 178 -540 -565 497 -187 473 -431 837 -1018 -434 -939 -67 105 -791 502 864 -290 -144 1070 540 584 451 207 -301 390 599 641 890 -352 -110 -238 571 -70 143 769 -128 429 -110 125 -284 -243 965 73 459 1177 -497 504 521 -628 -613 875 40 -1066 -64 -487 -606 843 1 718 -340 -315 747 587 113 436 25 139 -3 -465 118 -47 145 946 -341 -368 -721 1502 -89 -963 -219 -24 -789 -114 -502 141 246 349 -363 -316 46 -365 103 871 492 294 -29 269 -717 856 459 -153 ]
[191 465 226 500 -807 59 78 485 402 1069 -368 641 193 297 -28 221 -11 -151 488 -477 -28 -201 -606 -566 358 873 504 355 -242 -870 -1075 17 -99 -20 -474 -812 21 -534 -1481 814 423 -949 -346 21 253 251 -243 -350 378 26 -534 -148 365 47 27 -113 114 174 45 353 148 529 -689 1010 1261 288 466 -8 -800 30 260 1188 -302 138 110 150 545 -17 -589 128 408 34 262 -124 -539 -194 -270 -846 -211 1022 -740 -683 53 616 185 1020 -576 -309 -46 169 420 -240 -152 955 -693 678 191 303 208 693 ]
[100 -965 -430 -194 660 668 356 -701 58 109 268 -104 -21 -127 -649 -681 431 -155 496 -223 -422 695 58 322 -173 -725 -519 -14 -437 231 191 195 -1216 -327 -913 -64 423 -82 854 628 223 226 1116 587 -545 -138 607 294 -159 -416 590 562 418 341 229 290 210 -1117 -1166 -510 -630 -480 730 -268 -583 469 -310 -155 630 223 217 -362 940 -264 996 10 -1106 -10 399 -1545 -82 368 -246 -244 -356 -172 -730 70 -480 -417 -474 280 56 -78 -148 -68 152 166 -153 -598 -168 -511 -244 95 -408 -141 304 654 -301 -545 ]
[-297 -805 -377 -533 211 1307 540 205 283 -531 197 79 -182 -325 -533 -414 149 219 377 353 150 592 416 -241 -787 -324 -44 -62 -467 -262 538 322 553 -7 193 -405 -301 -529 405 402 -954 -424 232 822 -159 617 33 -158 -326 -44 254 294 398 393 -598 -396 410 -801 -30 -431 187 -706 -687 -116 -52 -3 -634 143 -112 -324 -105 -20 342 -286 673 612 -159 -552 332 780 280 389 385 858 -982 -149 -196 852 1157 -188 -249 574 155 -408 44 -132 -154 54 194 535 501 -388 508 869 -1026 122 -68 -1186 -514 -425 ]
[703 -22 279 78 99 -121 77 442 -169 -555 -157 506 -686 0 -698 134 -609 657 559 -202 -544 -851 -631 -454 -242 562 -605 796 -1076 -619 454 139 313 -359 -484 37 -435 -166 -257 164 -41 -643 299 863 293 239 132 141 -797 330 -1748 -41 435 -1023 334 114 618 -591 -201 -823 1211 -304 -690 601 -133 76 10 762 152 106 532 -520 -506 102 138 59 -466 -54 806 -35 314 602 -180 750 -319 -837 -418 -140 92 -1345 -260 -1886 97 5 -286 143 368 474 -373 -334 -370 543 -700 -182 -803 -285 573 431 765 -292 ]
[459 -74 -2 434 308 226 632 408 653 339 -521 -693 89 -213 959 485 208 90 -478 -1210 1383 -655 -442 -384 620 622 -427 147 -370 213 48 -692 -28 708 634 1519 645 -17 -271 -1319 97 -885 -675 17 -440 151 -287 42 -174 420 -406 -351 1048 1254 131 -1032 -270 -787 -56 -194 33 510 -610 35 -162 -4 -229 114 124 -167 -63 861 426 372 80 202 392 95 52 -145 1360 604 82 -411 -531 698 -348 -392 -180 -113 246 224 -84 -43 -321 163 149 -556 604 115 664 -36 446 603 461 607 -507 -810 -255 168 ]
[-716 825 1194 -347 329 380 -403 -122 304 -1627 289 -236 342 -620 -715 -494 -736 18 117 550 536 86 -123 127 -1650 -382 -473 -218 137 -330 -81 -119 299 -412 -343 306 842 603 893 -666 -249 58 -699 -292 -412 143 343 423 -64 356 -702 -123 234 -583 248 -92 -273 -1153 69 590 819 -201 -218 213 633 -386 -551 -74 391 -455 55 63 169 193 428 263 -268 -704 470 253 208 323 -141 570 -285 799 -488 -262 299 334 -126 -472 -213 312 -304 -368 -772 11 -649 357 427 -443 -409 -244 -726 522 183 -644 -802 423 ]
[-319 432 -303 97 1430 -260 -88 -656 -118 257 381 676 -154 31 -864 -453 158 602 -391 956 -135 -641 225 366 -610 -538 93 310 -663 179 -852 279 99 512 400 -7 -289 198 -39 15 -48 -673 -86 -47 271 208 243 912 -462 -449 755 -702 -530 -1037 174 32 -374 -75 486 -457 442 95 149 340 -497 -1168 -740 -655 985 255 292 -460 -893 -427 487 348 174 754 192 400 -83 -75 96 433 -60 -562 152 406 68 745 -141 -352 -224 -471 -40 156 179 297 95 -114 -588 111 -271 599 48 -11 -187 20 124 -786 ]
[217 430 -2 172 -554 -933 -634 161 -132 -868 371 468 578 -681 -446 -197 611 57 269 -263 74 -1011 -865 215 440 -61 -194 -76 54 -815 -205 35 -810 -288 -121 326 -55 -115 159 -301 -140 127 48 -373 136 -34 -448 -266 -188 713 -498 -461 -9 114 -453 -1157 129 309 28 1040 112 -224 -181 -130 380 -288 -109 -361 -636 350 -206 578 488 1098 367 -474 -285 438 265 543 -55 -244 96 40 -307 438 -470 716 -799 418 131 4 402 323 -153 102 -204 572 -215 792 198 -417 -227 18 -1434 263 -23 640 525 -126 ]
[754 -729 460 96 568 -739 312 156 223 222 694 93 459 259 632 -18 -598 -4 -22 -55 368 797 822 653 -438 408 641 -443 817 256 -28 32 376 262 338 -601 -176 458 1022 204 -65 131 286 1096 -978 -471 511 364 -188 -98 152 652 -266 685 -276 -214 165 372 251 -648 -134 724 908 -8 -497 87 -739 627 143 -464 -493 68 -414 91 -646 214 -99 -605 520 -1464 -857 -605 167 -952 142 502 329 -817 221 186 1226 1081 -686 -232 198 48 -97 169 -632 309 -751 -328 706 -323 44 -492 27 -62 -287 -110 ]
[985 857 376 -867 139 216 604 -120 736 -555 -202 -519 -1089 326 140 421 -335 -977 770 -839 -362 -364 102 327 651 618 633 -588 130 -349 -324 8 -767 582 -714 558 4 -92 -604 464 729 252 -1064 -128 -290 -106 -829 388 -103 563 -1252 272 -276 -342 -529 266 -456 -349 681 -802 98 295 324 -266 434 -500 453 -616 535 -10 -6 -214 145 195 -303 -325 -1134 -875 250 -530 -742 -9 342 -372 196 -855 82 262 234 875 122 -430 -756 -1104 -303 301 -7 -701 -658 -38 126 469 793 643 -84 584 754 -762 -170 -437 ]
[96 1190 252 90 859 -162 631 -595 322 329 -69 596 127 13 328 -752 -46 96 214 362 950 -314 56 -87 -652 -373 -993 -647 655 76 -262 646 125 630 480 -143 -499 -499 436 13 253 -1053 -599 -683 -78 527 645 -134 315 -206 1561 -508 -448 278 464 456 543 246 1109 869 582 -78 35 243 324 -477 50 -200 393 64 -249 124 -455 -694 559 -234 0 -346 701 689 437 190 -548 411 -691 -242 86 498 253 264 -609 714 -305 267 -446 663 -850 351 311 -234 -75 -840 747 347 -163 175 -214 -790 -480 372 ]
[-89 402 -266 -466 -620 -602 270 407 725 189 441 53 -1035 245 375 -120 -780 326 158 -139 786 -283 -1106 -780 1270 815 -411 -361 207 174 40 -501 272 338 577 836 155 -618 -1006 -596 431 -250 -137 432 -79 802 -335 -846 129 -833 -736 -103 152 -9 -27 718 126 -468 51 6 -80 780 -680 -377 610 -119 -345 1255 -833 -573 140 327 561 12 -552 -27 -16 93 -738 276 445 473 213 -254 -462 -70 -81 -954 390 -1096 63 -309 364 -115 697 398 -702 -220 -531 -330 -61 168 -118 620 -237 285 -656 -891 206 694 ]
[1139 126 936 -259 -171 40 -232 -331 -443 576 364 -49 320 -71 215 -257 50 -100 -756 -45 -824 151 391 -649 -533 -587 430 -108 1099 -43 -566 -206 460 -21 -625 -64 510 251 310 285 253 -557 -127 -244 483 141 -285 -63 1138 3 -250 489 -91 -55 943 -1101 561 658 -557 -112 -303 202 129 -373 142 1382 754 292 -334 699 61 335 -1269 -258 807 342 379 123 -170 102 -735 -311 265 -1052 156 -774 -373 221 11 253 -30 566 1119 -341 -196 628 -145 -440 -15 -140 -189 78 -29 200 -1155 371 163 237 -294 -1484 ]
[532 175 891 259 424 -793 623 -191 30 903 420 710 -781 218 -254 -590 -1093 353 701 -314 -263 384 -484 -383 555 392 148 979 -85 830 486 -399 784 -758 469 375 259 2 -431 716 -80 -191 1039 -311 307 306 605 -490 -1013 -808 102 -550 192 -1047 -250 668 -1031 95 812 483 161 509 -466 232 -767 -95 39 1136 -415 -592 369 529 31 440 -409 -12 -60 -83 -336 183 60 -315 -1239 649 -283 -472 -209 -362 -252 -286 599 -448 532 -131 181 8 736 -256 -313 -279 -1141 23 -84 -118 -410 -570 356 939 -239 485 ]
[-239 -246 -731 484 -578 818 584 -566 -314 -314 1025 206 -23 -328 604 412 179 214 -403 239 -659 249 379 -9 844 -651 487 -345 -847 -133 -280 -352 775 -150 -362 481 849 -778 -570 -352 -1057 40 -685 80 653 494 -1114 480 1122 -179 17 -88 -232 -784 -633 -234 -612 -600 212 405 1211 -126 -447 -744 870 -96 -87 884 -218 870 -293 689 429 -182 355 135 589 -149 -526 1979 1125 312 -350 81 -185 -265 781 1271 -1164 -776 1203 -35 -582 -93 39 14 -165 -462 412 -464 -632 158 -489 399 -1408 657 -157 -281 185 -926 ]
[215 -861 560 290 188 306 607 669 262 -118 -19 691 169 -100 84 -1100 994 745 57 512 -363 1071 442 281 -491 -1016 -424 -377 -327 -733 -405 310 -787 -73 552 -634 -1288 572 1525 88 -1077 244 265 -183 1015 -332 -256 482 807 -172 773 -52 244 -367 136 -46 685 709 46 -276 -719 257 -23 -811 211 -21 572 426 -281 -150 -531 -562 246 -21 382 393 754 613 783 -125 -542 -57 305 415 765 -223 -148 770 122 67 -537 452 416 -304 -536 -25 155 748 371 -300 287 -202 -511 -163 288 -217 698 581 -52 -1064 ]
[976 -259 68 574 -576 -1401 -356 -553 -166 411 -274 119 204 167 62 389 -57 -334 -48 -829 433 -498 -1056 95 363 1293 6 199 603 -1483 -427 283 -219 369 197 -108 -371 249 -53 154 665 -236 1231 -586 -477 371 71 -20 -290 1580 -311 -171 408 808 -708 -805 -117 648 49 265 -1349 138 91 180 -120 957 574 -905 -948 -64 555 554 385 -442 191 -213 24 -3 193 -115 -373 -604 367 -1052 -387 -36 168 -292 -776 -131 1164 594 1118 552 -129 242 485 69 -389 51 662 -348 -313 -616 -228 39 -656 1337 434 128 ]
[-670 303 -397 -630 -17 294 699 419 646 463 -423 -326 28 -452 -522 -134 831 -128 -317 -839 193 245 -134 293 677 -404 1341 -347 -329 -286 52 -316 -822 639 10 398 712 68 -617 -249 -162 -30 -540 117 379 -915 -805 196 696 -764 29 -613 -42 34 479 -586 -275 -498 -908 569 -901 -39 229 -675 402 -230 -316 -435 712 182 0 -246 342 -36 321 202 94 202 475 -109 617 131 698 -149 30 429 -348 480 -502 1337 -1093 -645 120 166 434 -347 334 -314 936 268 1229 533 -330 546 287 533 430 -976 139 -956 ]
[-651 101 -486 -41 -122 -730 -412 74 753 -580 -317 -188 -54 -24 -120 600 766 750 23 -890 -509 639 -333 11 327 40 943 408 -210 -1047 267 226 -400 -273 -361 -548 -235 -1070 -846 105 -233 532 -397 935 594 315 -799 899 473 262 -471 -256 -1100 -76 -598 223 -312 481 -797 -188 521 -266 -587 -68 -377 -247 -365 -292 -631 701 -108 -658 715 -88 -339 -405 -156 -385 -494 514 -734 437 112 1010 -6 130 239 -90 -252 -481 -27 -554 556 124 -100 -591 -97 624 -534 -800 -525 130 -144 -224 -695 203 -155 -613 1610 -691 ]
[419 -736 -100 793 -570 -526 -327 159 -1083 -322 332 -350 612 214 821 -508 298 -62 126 -123 1079 -363 446 -132 23 274 -1026 -126 116 326 -76 -41 -736 -245 -855 803 146 -12 991 -891 -288 -129 -90 -412 324 -308 114 161 96 126 456 -116 -361 -29 -38 -724 -295 -777 -856 324 603 199 380 909 251 155 244 -57 -658 590 17 -69 167 366 -447 81 277 -335 -622 677 1731 481 -145 -635 -739 563 211 554 -718 540 459 634 -129 978 192 -193 -778 -326 249 -163 -389 -413 80 -369 -511 488 -267 492 182 117 ]
[-511 259 -86 -281 111 848 -685 278 738 -1188 261 -563 824 -105 -289 -98 725 222 391 1304 -221 -234 6 206 -31 -610 -350 16 -1507 56 -662 -485 -531 -517 462 -594 -121 858 762 -570 -1010 279 -377 -723 370 -594 116 -124 -101 400 909 -238 -267 344 -129 461 80 966 -70 975 -59 -851 483 47 686 -286 -787 1199 226 254 -624 467 137 507 400 -415 277 92 8 443 -284 158 -128 876 549 254 -63 1341 457 157 -523 -17 38 101 -233 -1119 -538 518 -484 1378 597 -434 238 -810 2 110 -643 -141 -317 780 ]
[-131 -200 -685 -502 -357 749 742 153 -312 -443 457 -785 51 -254 -405 -599 618 771 121 773 -450 1320 377 604 -210 -640 337 584 -666 -442 504 194 181 70 -127 -581 -387 -570 1096 -60 -471 549 528 385 278 -92 -239 344 485 -569 -21 12 -840 -1199 -639 523 -160 -892 50 245 -576 -513 150 -246 -523 238 -329 1037 -267 -92 189 -579 1143 -439 112 -95 -94 5 678 -378 80 433 -420 68 730 -92 383 548 -142 -1138 -352 -197 -45 -278 -408 -304 222 466 901 -465 -115 114 -425 94 399 457 746 359 -357 232 ]
[262 267 -147 3 222 893 664 36 -376 1258 -260 691 151 0 740 -81 148 360 -493 263 -179 1028 631 236 123 -472 222 -637 -69 -134 -887 -1068 228 506 -417 -900 -744 998 -47 501 -111 -526 584 -276 174 -468 293 -506 -3 -691 249 -1058 -192 51 774 453 -31 607 -67 -236 -824 898 289 150 -432 -301 715 -491 542 -279 28 -10 -883 -445 432 -388 422 901 -33 -316 -1 -698 294 -968 343 -619 -176 184 413 700 -937 788 -720 482 -176 968 317 -260 1926 174 528 -362 -315 -379 1168 -238 -30 522 139 -256 ]
[-536 -149 330 -264 334 217 -497 -65 -498 -452 67 923 669 169 -277 -21 48 42 90 -90 282 241 182 295 -814 -350 -503 -1183 -834 -350 -211 -491 -80 -283 105 -835 -377 1057 38 -639 -287 56 550 602 -69 -286 689 194 52 -441 978 354 572 628 100 705 605 198 -604 -344 146 -13 687 278 305 -149 -34 527 -173 -419 323 -458 88 -134 827 413 200 -380 -486 -155 -457 -19 -669 9 -161 577 -62 -494 205 -594 -251 50 -1168 -345 -493 708 -171 735 -482 -96 -419 -375 -719 -125 -92 -289 -734 208 -219 196 ]
[681 -610 -147 -1274 603 338 910 -268 -1040 263 1265 -172 -364 314 -577 -354 -44 315 -756 871 -254 -245 156 -482 -127 62 -120 50 -42 735 -63 60 -589 665 -626 518 780 -461 1157 93 -227 120 7 1 841 30 68 56 415 -39 -304 848 110 -179 554 -221 564 -475 -867 286 -144 589 1132 22 1536 213 292 -32 -333 -826 -144 -464 5 71 467 877 -56 336 111 -539 -684 -882 -476 -584 -292 395 -373 238 -400 -373 -150 290 35 256 -183 73 269 -146 637 268 -122 -330 -454 56 -915 -284 727 -4 209 -751 ]
[-820 1387 352 -796 471 92 -988 -311 -638 -289 300 149 50 -399 -756 -263 -168 716 983 525 267 -698 -279 -224 -491 -559 61 -1368 -85 21 296 76 -1009 142 569 -321 619 -734 693 -630 -834 -308 -1009 342 183 -88 27 -1165 1024 -119 -402 14 -268 102 78 -271 253 329 -1053 416 -1007 -543 690 -635 717 -7 -381 408 1149 -265 -311 -29 1042 -766 292 51 -72 -704 -740 1034 621 -510 -553 398 317 72 -953 555 -225 -798 -420 -662 -291 -384 -182 -421 -661 406 1039 738 -76 -35 -150 296 -412 247 260 -168 133 862 ]
[-631 -542 -769 430 75 212 490 182 169 -833 -559 53 602 33 -608 88 940 1162 174 -946 657 380 561 373 -903 331 -1058 740 -1283 -362 48 372 -973 -143 581 384 -643 -549 -526 -407 -681 -754 -38 649 -659 -468 -296 1552 -842 260 839 -280 214 -101 -128 15 1234 -683 -428 192 436 202 874 464 752 -171 -226 -1013 852 961 82 -5 265 874 676 -437 642 846 513 -798 376 336 555 496 -239 1150 -232 137 249 562 198 -77 -161 -579 -80 -412 -231 -270 -186 294 605 237 -22 -58 -247 115 -27 -232 232 -162 ]
[83 -600 260 -282 -656 55 -223 631 -363 5 171 67 283 -11 -64 15 -262 -254 415 -107 248 958 -603 -1048 116 944 226 -518 -200 -225 45 -235 292 -808 -219 322 -516 675 -58 270 -134 -444 423 -534 366 -351 267 -291 730 137 -232 573 578 586 -326 -193 -35 200 -335 414 -191 59 617 505 1052 983 536 498 -1023 -12 -224 606 788 -82 -184 62 475 -73 -692 1022 13 -279 49 622 369 528 810 -501 -352 -861 100 -194 551 365 -319 324 552 227 -712 -268 -555 -714 -168 -295 -973 -128 -34 -31 -461 825 ]
[370 1062 -454 107 -63 -827 70 -910 -388 961 -169 310 -999 -22 723 99 -1398 -385 -724 -922 188 -616 -123 -1097 256 132 514 426 1063 126 495 90 756 -539 -483 856 804 -936 394 415 928 -554 -361 168 516 625 -195 44 886 489 -548 170 -122 284 1047 -74 644 1319 -197 349 -355 70 69 34 -711 481 1658 -485 -76 202 -461 -97 -1438 282 -929 8 504 417 -594 1081 571 340 -970 -935 254 21 -276 -604 -800 135 1018 272 -100 231 419 1337 -440 -787 467 -440 -288 214 10 -254 -484 -444 283 748 937 370 ]
[-100 -384 -1149 412 -407 64 -400 414 -305 871 22 -454 830 116 744 -95 709 -113 -499 165 -75 420 -358 13 -755 416 125 -99 -231 104 -294 -411 18 -117 290 -216 -1450 471 220 266 124 -917 892 212 -208 -137 419 123 1064 -314 1192 334 -66 -585 -105 -495 485 1030 243 198 -825 -7 392 112 590 -250 946 -510 -707 1210 -335 -242 737 -26 -97 -694 925 1582 22 -304 367 -527 528 -542 249 518 391 33 -60 395 623 -217 -740 -178 377 598 57 221 -199 -404 -736 -665 307 773 -200 338 -140 416 -843 197 ]
[-227 12 -173 711 377 -297 -101 -529 171 26 -241 -403 -207 -895 -130 480 478 105 79 -343 -89 -476 -837 -633 163 -824 -271 661 1091 639 244 -338 93 94 56 1237 15 -213 -713 -195 -29 -704 72 328 -519 -617 -29 471 -452 -175 404 -442 461 337 -34 -352 762 332 -56 316 -176 1 -241 -444 -337 -417 589 -768 108 631 1 531 -239 1392 -261 -434 113 256 99 86 764 778 -331 -79 -440 1995 -974 -97 38 740 420 390 -575 -628 350 726 572 -696 726 -134 -218 -111 630 216 -1405 -64 -529 397 123 -503 ]
[-891 112 -620 -327 -73 365 510 107 5 -691 -610 -760 -671 -411 -256 57 845 856 144 640 -211 522 -291 131 478 261 3 109 86 -523 943 477 -1913 -558 959 -160 -422 -1544 137 -258 -825 143 14 -876 158 -566 -604 -159 25 172 528 -608 -469 292 -145 343 3 786 56 110 -1092 -341 137 41 204 135 807 -349 95 530 162 -635 948 -98 124 -406 536 -860 -127 374 -77 257 239 971 229 373 -326 544 295 105 -622 73 -120 -175 60 -893 -26 111 270 -538 163 -300 -23 46 -35 459 -97 -378 -578 -22 ]
[135 -338 -510 251 175 197 405 967 157 -927 -27 -660 -747 -382 171 620 1131 -724 -1030 477 179 -757 11 357 -410 -301 -401 -188 655 -447 -551 -12 402 -30 222 692 -451 -391 102 518 213 -326 262 343 -182 -58 379 862 910 -458 -653 792 -1165 -875 525 332 -189 239 481 -59 -207 959 3 406 35 -871 337 46 -91 557 -556 -170 -1072 -468 -691 -1198 -587 1221 1226 -25 278 -284 -346 -1140 105 123 -24 170 19 589 904 -710 -167 -327 -283 -19 426 1042 114 -875 -372 -167 294 -19 457 33 -14 -397 260 -1206 ]
[-3 405 587 -137 -18 1114 -498 870 -759 -546 -92 402 1514 120 -653 8 -463 -803 -610 576 604 119 41 -94 -24 11 68 173 -21 20 -307 -780 350 -395 215 -709 551 773 398 488 190 -712 894 -345 784 -131 587 -1643 437 -18 -378 191 -635 -769 -81 284 -1216 -999 -350 545 307 -742 -305 683 419 680 9 647 -268 17 193 218 -155 -643 -58 -276 131 -287 -940 1298 427 -1914 -408 -1242 151 -1053 556 252 -130 -1056 207 -920 -88 843 -128 -416 -349 383 4 -102 -985 -488 73 -443 -409 33 -84 21 -377 360 ]
[901 12 176 299 144 -798 -1131 -178 -52 327 -207 -510 465 -433 219 -61 349 -397 176 -444 205 -545 -416 324 -613 436 -654 -72 19 -126 -683 6 -136 265 85 -801 -67 -156 536 884 81 11 -428 426 -176 117 120 -1072 1035 -158 565 733 -588 1007 577 411 -407 1273 70 -210 -1489 -211 -124 601 243 278 478 831 647 31 62 -20 -496 -709 -549 -979 -358 -215 481 207 118 -326 77 -919 43 -463 -261 -933 194 -340 1045 -79 207 521 -138 477 -968 637 -899 -520 -541 -135 110 -311 868 -363 -530 44 192 40 ]
[358 449 -849 -136 -311 432 1115 -535 -348 398 149 449 -152 500 523 28 139 -560 -749 -351 922 -843 342 278 199 318 236 -817 -39 -654 243 767 367 764 -212 441 516 -130 -1133 -572 1245 176 -241 -752 -32 417 -765 -65 18 -91 889 -695 -55 389 -581 -146 306 -711 1225 804 845 -152 108 157 1117 681 -866 -122 65 -183 260 666 209 -450 1344 970 677 396 -650 522 -48 -589 440 -295 -549 -868 416 306 -1229 420 239 1311 -797 1054 390 175 -955 -747 -628 -142 541 38 -313 196 -341 450 -346 102 -741 -151 ]
[-501 274 134 200 251 -18 -202 520 -490 375 -607 689 -377 506 595 941 368 426 -735 -915 -304 617 -32 672 350 -814 -215 -1000 321 -427 685 212 -274 251 71 246 621 -251 269 -666 719 618 -656 1044 270 192 2 331 134 -177 54 -158 -784 52 -473 -495 -755 -459 -323 -117 632 26 -75 -621 444 -556 188 -660 357 311 346 -227 1004 -572 -410 -670 -93 -964 -469 -21 781 -55 -92 -84 -512 110 325 787 -322 -597 -112 705 -555 101 343 -15 62 -767 440 -901 627 452 -645 -169 -51 84 416 -776 302 -466 ]
[-40 301 -52 1047 -504 -151 -570 83 83 -891 -892 -114 384 -702 374 -927 1067 -480 -329 -162 597 -828 -647 126 -189 -919 -453 -254 21 -927 -805 -268 -442 269 -316 301 304 204 -159 -1335 501 -280 -142 -304 -25 -174 -290 -112 537 -347 360 98 -472 -493 442 16 -498 -167 -707 484 662 -221 -929 252 -1082 -1508 -203 514 -620 -82 78 -49 143 -825 189 -431 -347 486 775 55 652 853 108 -84 -635 -98 -301 188 -586 193 -698 -285 406 258 -12 -95 -393 537 338 -1003 76 -496 -263 -538 -165 940 -397 -264 -19 -182 ]
[6 -3 -678 42 212 -253 648 -209 1295 585 227 -280 -1513 697 787 -429 -695 922 154 269 333 -163 -163 -511 600 506 -232 851 155 36 337 311 -37 -603 657 166 -934 -187 -186 940 307 -1025 389 265 -643 171 -106 417 -766 -109 354 -805 135 -665 -367 551 223 -51 1087 379 351 384 194 -152 -358 -474 267 481 -407 170 -692 64 -548 446 -846 -254 159 910 370 191 269 1012 -1033 1008 -490 455 -256 32 351 269 98 -312 -438 -133 153 139 21 -555 -346 -68 -377 -271 656 555 -152 -89 13 249 532 617 ]
[-847 -941 -125 92 -403 220 -398 629 -366 29 -72 -319 1107 -528 644 425 452 -560 -825 43 -462 361 -174 -238 524 -99 39 1120 541 -352 305 -775 29 -1140 606 -119 -597 729 -420 1061 -316 -971 992 571 -537 -971 244 -632 -171 -1 -595 791 -230 163 16 386 -503 21 357 -567 -1154 -467 -31 201 115 -179 118 759 -544 -60 622 -83 96 576 -686 -1084 -99 656 926 -19 341 -41 538 -778 1140 691 746 -738 268 206 1112 -532 108 474 -59 -282 267 212 -14 -1121 -1470 -334 279 -427 71 -169 -634 584 -65 -95 ]
[631 -83 14 -1109 -23 -1316 699 956 875 -310 214 -26 381 282 166 -233 161 -605 230 545 361 390 -399 -355 634 928 41 -166 -15 485 487 -559 -102 -793 172 -547 -562 613 -208 -736 -103 938 1093 -865 -855 -227 -470 -308 -675 382 -42 109 669 443 178 1099 478 1032 367 209 -305 -482 75 230 345 -177 533 681 -942 -632 327 -695 134 1104 -657 -689 -23 -62 74 -1201 -1101 164 545 -700 269 486 624 -965 -164 -345 -696 -451 -854 -255 569 -480 -55 259 -1029 -300 92 -556 834 -1427 428 -755 159 -425 324 292 ]
[-870 -71 -967 378 -567 292 887 -214 315 48 268 -295 -812 157 303 -197 856 58 -254 -179 -559 926 68 493 689 -863 -16 649 -123 113 251 200 -491 490 -165 642 -1058 89 -230 178 166 36 -267 681 582 154 -115 47 480 -650 579 64 -866 -945 -455 -50 -81 -1156 -125 -633 742 424 -639 -137 277 -799 -913 270 -619 1427 229 414 1109 -95 -132 -367 -310 1013 197 373 -3 821 344 -373 -1336 -198 -111 465 324 241 -798 -726 459 270 -210 -525 -309 -386 -147 -262 -284 202 3 784 -219 523 383 -402 -705 -540 ]
[182 -200 -57 -493 623 1168 254 107 14 6 401 -835 -173 213 -115 1101 -108 136 107 707 -118 112 -569 141 -457 -175 -27 -342 -203 531 -341 -312 698 82 132 -219 495 -72 578 -528 -536 -65 -820 119 -741 -489 914 271 103 -26 -204 115 409 -410 -177 -111 980 201 -413 -658 -548 -309 581 -304 -365 99 -417 5 788 192 -300 -215 -386 195 368 88 430 -132 563 -1154 -667 44 -188 -61 249 586 -231 -237 452 -197 871 280 -201 -1355 143 66 1000 -171 674 -147 -482 -28 536 107 410 -250 253 -609 -559 -72 ]
[-1258 -606 825 -368 -970 -28 -598 401 58 -1537 768 -627 339 74 -294 490 135 -283 567 70 243 484 -604 -429 22 -320 283 -135 -392 -239 319 307 -238 171 -8 -242 -147 574 1023 -1013 300 736 -778 786 59 -77 43 -89 -125 93 -462 332 -1315 -775 -813 324 -5 23 -858 -283 548 84 468 -298 701 43 -1869 1258 -356 384 419 -642 860 607 -1060 -298 -511 44 -123 -397 -378 211 439 62 -41 -25 255 76 988 393 -1134 -1326 -382 -353 -178 -1095 -474 104 -1108 592 -557 117 -178 360 320 222 606 -1219 471 -482 ]
[-222 -337 -86 -49 46 385 -280 428 570 -363 -126 655 1092 -565 -99 -920 339 310 -432 113 171 1060 127 646 -265 -629 -132 -557 -42 -483 33 -10 635 -895 757 -744 -234 744 248 -881 -797 -259 788 335 -426 -329 151 1208 210 -219 656 -194 -370 -540 51 83 -255 -730 680 376 -51 -655 275 -285 -401 293 -477 459 -29 -325 171 -186 652 207 794 -179 -189 -180 623 -437 -380 669 131 823 216 307 522 590 -636 -791 32 -120 -780 -381 -87 -543 419 1230 12 -865 -784 -404 -153 49 112 340 -233 833 147 -1139 ]
[318 378 -216 -577 -594 -61 -63 -214 -128 138 369 -335 -652 857 -373 325 -165 666 679 122 255 545 127 17 -279 952 -467 384 691 289 581 432 481 -340 -99 0 387 -671 232 -365 -219 48 -355 -633 -24 462 559 -659 -339 -509 -696 -246 -223 -20 -891 -1167 183 -368 -384 732 -303 248 -293 80 -72 687 -92 -222 -24 -80 -698 24 90 -615 595 365 -317 -222 628 -55 -189 -803 233 -54 -342 -479 -259 -97 367 -347 801 331 790 366 -150 -904 -64 454 -247 359 -66 -189 248 409 888 -39 365 -347 -229 391 ]
[-638 195 -411 814 -454 -154 -606 -556 167 -347 795 -913 -270 -467 -157 494 346 -145 682 610 99 -532 -479 392 -3 772 -258 1121 81 403 749 961 -183 149 1042 -75 -622 -1664 -220 1122 -678 -849 205 -233 145 850 -53 -453 -563 585 581 295 -805 -127 -334 760 747 186 294 380 -117 -134 -542 363 -327 -65 -37 443 -174 188 301 859 -459 683 124 -256 -40 289 -152 689 -619 -130 120 -395 -664 -65 -280 600 230 -542 119 -70 974 -278 -438 -285 164 -58 -821 499 -578 110 -44 22 -567 -134 -609 528 70 265 ]
[157 317 224 -343 436 -709 901 -372 90 -3 -255 350 483 525 -1164 308 -350 157 -791 -480 -10 231 91 222 173 656 -16 1068 58 -229 45 -30 -502 -69 73 374 904 291 -405 -905 -538 253 491 -11 251 132 -616 1049 -1790 607 -791 -345 1074 724 -309 -455 361 -406 -152 -267 302 -623 502 -159 596 1015 -508 -1017 77 -41 1048 -81 -49 710 1029 942 545 -121 534 128 -271 277 1367 24 755 337 48 -536 -587 1078 368 131 -192 260 -284 -315 80 -39 306 501 763 -339 159 -113 -290 -351 -753 49 45 -1304 ]
[461 340 170 -155 -203 158 347 -812 -669 -113 334 194 683 -207 -571 -741 92 -707 -249 -336 -434 29 893 -228 592 -486 91 -196 -529 -249 -677 -486 32 -326 -715 692 889 -47 -76 -709 -435 29 -67 -532 373 -86 5 -305 217 -261 197 242 530 42 -985 112 100 -374 -1009 287 343 -881 94 453 50 -93 129 65 -613 524 -403 -167 539 7 449 280 222 -121 -471 920 646 218 83 -481 364 216 90 59 244 361 150 31 -266 242 -355 -88 -665 646 -26 389 31 623 -31 769 -294 904 74 -42 -632 -324 ]
]
