[[222 436 -52 -110 548 -691 542 -170 209 87 -494 -271 456 -119 383 106 446 20 67 -570 86 346 -70 -95 -609 -551 -89 -445 -501 189 -232 -419 -618 48 -671 -191 -160 65 -703 152 40 -482 192 539 99 -196 -216 -189 468 -330 -438 -290 273 167 130 203 -125 -183 77 459 -93 -379 667 490 42 187 60 -117 -366 -137 346 -57 462 43 104 441 609 -532 524 -163 153 -329 1030 -453 322 -654 -57 239 117 268 -825 8 -77 360 287 -200 -203 124 -675 511 422 110 -239 -387 605 -476 -605 989 -436 138 ]
[809 -282 -269 205 -92 -425 -49 128 -756 -386 2 272 -988 -7 259 -709 1012 300 605 -301 315 -262 254 -250 145 31 220 -587 -108 -46 112 -312 726 56 538 249 -420 -53 -29 94 -285 -296 159 235 262 -362 -614 -354 -213 -472 -172 -1178 303 -65 -352 -738 154 8 169 -304 477 394 -458 277 -45 400 409 16 355 -189 -173 -198 -146 530 15 471 -223 480 29 66 202 729 130 215 556 42 82 -314 739 -726 -572 151 -163 -181 62 207 14 -232 -182 352 204 193 62 -428 226 -98 -446 -222 954 -131 ]
[-130 500 43 307 -812 -124 -432 224 787 497 -360 105 720 379 -231 -349 -421 -124 236 -414 -529 405 111 79 117 525 736 97 -57 509 548 48 50 51 -294 458 490 66 -31 -394 668 -156 100 38 271 -297 730 344 -243 107 -714 436 233 -171 157 935 61 145 379 -19 68 243 385 -434 -454 95 100 -80 -636 874 303 533 36 -244 22 -57 -126 -498 496 -70 -21 -75 767 -682 -510 -565 404 510 -137 297 217 447 107 538 -460 183 171 735 13 -762 -15 294 25 -846 -549 -103 135 108 -318 437 ]
[-415 296 -415 -190 -354 -57 -272 -147 223 38 -560 1413 621 272 -170 -328 100 -308 88 49 -81 123 108 -890 -295 1079 247 242 583 534 -435 46 -310 -415 184 -337 758 295 259 -547 501 -325 141 287 -687 -302 163 5 -268 356 143 -778 -333 36 837 496 334 -148 821 -18 -445 617 183 -85 -180 -195 -731 -183 -347 392 541 971 -354 88 -249 -629 -195 204 -312 -27 -189 41 215 -741 -612 -702 212 112 51 98 245 195 37 -314 -397 449 145 -53 -559 -1398 115 -121 -105 -13 -373 166 550 215 208 606 ]
[884 256 150 893 -237 -606 82 502 507 1032 174 -536 147 -105 -207 558 125 170 34 -1333 420 77 398 -142 528 -217 399 1208 59 -38 184 534 556 -271 172 -19 16 376 381 51 236 271 126 -282 389 -354 -339 338 130 -508 -1111 -128 83 273 -507 557 88 -57 -290 -323 -73 -257 167 14 -356 463 -139 -195 -363 -22 -26 -292 56 -201 137 363 187 67 571 -37 -190 359 63 72 430 -349 -52 -315 721 167 -564 -661 106 183 89 27 -413 801 471 205 214 349 -331 -339 83 -916 -573 -393 1189 -89 ]
[-209 -141 468 -59 418 877 687 -249 -344 -793 287 -613 134 -175 33 196 -160 -20 -470 1124 367 -356 -305 333 -699 244 -579 201 -544 582 71 -134 695 340 -151 463 -584 -370 -192 761 87 447 -516 -445 486 396 -545 -88 100 397 205 497 134 -312 -379 -584 107 389 -554 -286 158 -337 -1639 244 1276 -202 885 -464 455 -204 -235 -365 335 -460 209 -298 11 630 -241 317 -126 401 -260 773 102 265 290 468 -199 -244 659 830 -1 435 308 -14 183 110 503 195 -281 -138 631 -51 -570 309 132 -65 -238 -298 ]
[-309 106 329 326 49 56 705 205 522 168 732 -375 355 108 -303 24 -427 -40 -65 580 -41 -109 -100 588 339 -318 -506 969 16 144 -338 809 711 -646 405 276 -632 661 522 352 -204 190 -126 -431 -103 -390 455 229 159 885 8 -5 475 -177 -660 -233 952 470 -612 -249 -168 -803 -582 20 503 425 47 487 803 249 79 -572 -87 -683 -162 -873 -518 648 -193 24 -32 421 -489 -59 262 239 -641 -176 -770 226 542 -840 171 -491 -542 181 -421 -311 490 59 -220 -625 114 -191 -1387 -59 -14 -381 405 -303 ]
[-436 -567 -781 -788 -40 -915 -186 613 -1101 285 402 638 -830 530 926 -359 239 271 555 -299 269 213 -730 -13 277 -952 -366 -1075 74 -441 -851 -1042 263 -585 733 464 -284 228 73 -475 -671 -688 490 535 -117 148 -41 233 106 -60 -433 346 546 -278 -63 -1187 14 108 -18 130 -857 -263 105 110 -300 344 158 628 607 -432 467 385 -154 920 249 -91 -172 221 -233 -176 751 27 -86 -115 452 498 -467 253 483 -551 -517 -473 -272 -730 89 177 180 -832 -330 477 -287 -175 202 293 254 288 52 -46 -150 -302 ]
[-450 404 483 -571 151 122 -477 -310 228 -473 -105 -27 306 200 -195 -101 -311 240 -8 633 -670 287 180 -26 -472 5 52 -299 592 -220 -109 204 -432 464 -144 50 395 -285 278 -376 -10 -400 379 424 -45 686 902 23 164 30 706 43 -988 -698 671 429 -655 -16 103 474 152 574 551 -42 -697 -164 -106 -28 -716 -197 431 157 378 -714 -1007 216 -337 -4 -949 -268 -826 -426 -406 342 -229 18 540 -227 -1226 233 865 202 -91 925 -8 27 -262 256 -381 63 -21 610 -794 58 502 694 24 -700 -778 384 ]
[278 -381 -565 -78 162 -215 192 460 -306 501 49 -163 166 -870 407 743 81 -269 542 -881 675 184 -340 221 109 -273 -407 295 -232 -93 -270 59 116 295 649 273 -256 768 212 474 -327 641 -200 -484 16 29 -756 202 400 -685 546 -269 52 374 4 -991 165 -455 -451 109 -461 -33 -707 296 1008 -190 249 -133 -280 -730 224 -284 -214 179 487 -694 174 436 58 159 693 331 166 489 562 555 -361 706 967 -608 -912 345 223 -727 347 -311 685 424 251 776 112 -291 431 155 809 -613 128 413 859 -746 ]
[611 425 11 -312 -639 -451 172 -661 201 -7 -94 249 -237 262 -270 -187 603 403 288 296 105 247 352 -550 -165 -148 -526 93 899 -309 49 784 -591 -265 586 -85 -125 707 447 76 -690 686 542 -70 149 -523 252 -195 347 90 1328 -1706 -507 -911 663 -402 18 -184 433 535 385 -76 -56 616 16 226 -517 635 336 -484 342 -44 -75 308 -838 62 -394 881 -1305 -195 -335 304 -828 -691 513 441 -554 245 -827 -171 85 -163 -8 -481 -788 174 143 -234 -588 11 421 -429 -814 -63 -7 -174 -385 -241 845 -36 ]
[-328 -175 -868 -429 -268 -803 -1198 4 -267 572 -175 808 484 -557 651 -29 -92 150 586 -543 -83 204 220 -120 -114 463 288 -29 200 21 -426 -693 263 -235 417 -159 290 733 570 43 274 -1111 602 603 -349 -876 23 837 174 -214 -202 -404 58 -228 22 -918 138 -728 -413 -68 -522 745 541 -563 -866 -74 396 320 -1080 164 909 250 131 161 -356 -523 154 583 -410 -64 702 -68 259 -412 571 -231 196 -261 845 -54 -299 -238 52 -274 146 -121 367 544 -179 335 9 507 -341 77 122 390 59 -143 346 -87 ]
[-124 292 140 168 -193 -868 -438 -193 -440 -143 -376 640 -236 63 163 -574 -175 507 560 -985 -82 154 5 -521 248 45 387 -442 269 -144 -821 -508 251 -53 1000 373 112 260 521 -516 -858 -984 486 300 -246 -425 -180 244 -361 -172 -942 -817 -345 169 179 -916 270 148 -438 -36 -350 573 300 -54 -506 205 235 295 -310 278 382 54 11 -3 -760 -455 -169 256 -359 175 -170 -621 684 445 546 -475 -186 -76 871 -270 -314 -463 -493 -448 264 701 26 333 -105 1155 307 932 -943 -411 121 378 -605 -492 189 -367 ]
[161 231 -492 -587 -295 -659 -769 712 -205 711 -337 591 281 599 141 505 472 331 -404 46 -229 261 -311 -282 -366 -97 359 -780 793 152 82 -808 -562 -343 -1561 -738 1253 -26 -462 -269 269 167 672 585 325 327 598 195 276 -929 -714 874 -409 -411 366 190 -645 87 470 349 -751 431 1281 -439 -873 -243 -581 -618 -152 179 487 423 254 766 133 849 305 -347 97 -484 -286 -357 -365 -871 -164 -580 327 453 -119 -18 222 -404 -273 584 -167 -212 -402 620 -554 -580 -322 541 -733 455 207 -244 -198 -143 -203 -161 ]
[-204 113 -300 346 -183 -197 118 710 -126 212 262 187 -390 -1 -143 -2 -873 -474 -47 -1570 513 -510 -912 -269 679 -1070 -85 452 762 -470 -868 58 -310 376 490 -449 669 -438 -10 -353 -193 244 371 156 -646 615 -467 -57 -463 277 -1082 587 -973 710 315 448 157 285 224 -289 -396 287 742 175 -128 -579 -804 499 459 -311 -97 -133 344 78 312 -3 359 -571 423 -184 -239 -694 390 173 -631 47 -422 -194 426 -201 -525 -521 -479 -46 496 230 -475 226 -43 162 -117 70 -167 1031 179 -906 -225 -259 -436 241 ]
[90 613 724 -238 -566 -1 -208 26 -467 -498 201 -58 -1032 981 -558 -883 978 214 663 230 -479 64 400 -291 924 260 276 -534 551 -222 834 873 -335 203 234 494 263 -275 -143 -718 -1104 -124 -365 -299 774 24 581 -115 10 -328 700 -1064 -149 -342 25 1 -716 397 149 411 639 157 -108 489 -249 623 246 755 -257 313 -66 96 -404 63 -500 692 -946 -111 -545 77 -742 528 -1065 23 -321 496 172 -214 -128 -299 58 452 -382 50 -699 158 593 207 688 -75 532 152 -456 -1356 561 279 202 -635 282 23 ]
[671 299 217 246 32 -290 -117 822 594 66 250 -355 -26 -105 167 393 -947 50 -41 -1173 -317 865 267 -466 -115 -1056 492 174 -648 14 -521 392 707 261 847 602 -720 -246 154 -162 -397 -693 214 -150 -260 -125 -286 -284 -121 -212 -463 217 255 854 -182 461 594 125 -286 -94 316 -14 656 -749 -279 -69 -559 347 -55 297 -389 -227 134 -87 -104 -293 -229 -764 456 322 -305 -157 938 705 363 -580 -320 314 283 -117 -239 -502 134 72 -21 417 -614 -125 65 855 304 583 -419 -109 269 -301 -359 -500 -621 552 ]
[319 327 -87 -332 -138 28 294 -591 197 317 -666 164 -323 -324 -617 1110 -37 254 -1120 -26 46 334 326 -430 233 -72 -153 184 -1115 44 -262 -145 -911 -899 -790 -1264 -525 96 -101 291 -894 143 108 -24 -417 -734 -662 -630 324 144 534 -494 303 1065 183 -133 108 -271 -155 199 197 -597 1502 -379 -296 -31 -1007 763 202 188 -209 449 -452 54 -244 291 809 -1091 -225 44 104 -861 340 -606 234 255 -731 -569 416 434 -407 -881 -91 -461 -319 -486 -722 -709 300 981 475 -379 -545 537 165 -102 -395 661 -610 -165 ]
[23 -349 294 277 -191 -108 936 53 -707 133 -566 129 304 -214 -495 735 -232 1158 60 -247 573 282 -210 323 -153 124 -248 83 143 -418 -761 344 674 -232 1070 221 -375 934 481 -126 -143 781 198 -54 -460 175 12 353 -227 -142 283 -440 166 -145 71 -1181 951 341 -165 -280 -1253 -631 -771 -91 814 488 -495 -525 302 -490 600 459 -800 -197 -337 -920 -56 1142 -605 -154 25 372 -404 132 -76 448 -427 365 -353 -196 384 -464 225 -843 51 646 -607 -295 310 685 42 -296 6 324 -576 -252 -352 -778 1232 -1308 ]
[-898 258 -265 -771 72 542 152 -897 386 -325 -687 1039 740 -550 -343 531 35 -458 126 633 -437 255 457 -454 -65 1391 -304 91 -609 72 240 117 -1203 -260 -705 -576 -484 -44 634 -174 249 -7 -178 0 -385 -595 -325 167 337 1091 1448 -117 -29 -574 338 -236 -867 -635 -277 -17 636 -128 260 571 148 -305 171 95 -464 186 -291 598 40 -379 -440 -425 352 -571 -840 -228 -296 -829 321 -44 -226 49 21 -384 -150 474 129 846 -164 -21 -152 -307 599 -56 100 125 190 -190 53 -238 269 592 62 593 -365 -79 ]
[-886 77 -173 -122 1198 342 -375 187 -171 -716 -65 -77 986 -597 -195 -37 335 -545 49 242 37 -834 -399 813 -163 547 172 300 319 531 -134 -81 162 688 -1231 -215 767 -177 262 1126 630 143 -601 -499 -93 129 296 362 502 303 427 973 -59 -9 -989 217 -167 -101 -890 -97 -248 572 -130 -351 666 -524 345 -542 -292 -13 -494 -430 222 -191 610 -669 -98 293 711 -400 383 716 -444 288 -486 88 623 344 -311 -306 621 729 -25 -19 586 -1077 500 236 40 -195 -124 -43 408 -371 -60 -125 581 655 120 -333 ]
[-280 -291 -335 -269 691 -340 514 358 -216 789 97 864 -144 173 99 348 278 421 420 -474 178 190 -188 -216 806 83 -561 -552 -26 -1586 -585 313 -575 -271 755 84 -392 148 583 -1279 -151 -1055 -59 15 -1055 788 -523 93 -26 -194 -659 241 -26 400 259 -515 94 -108 88 -14 -610 -743 25 798 -297 360 176 -614 84 -39 -120 76 -528 229 760 -153 -284 -302 328 -124 173 -965 -258 458 232 -405 -859 -995 968 432 -842 -768 -101 -1206 863 771 128 -523 158 291 -84 211 -19 358 559 323 523 329 1011 -875 ]
[625 54 -815 -259 46 241 -145 -48 710 29 -260 347 849 -522 -99 192 634 -56 -45 -336 -313 215 102 116 -308 143 623 -243 -380 133 351 36 -318 -41 -244 -93 323 82 254 504 573 -453 321 76 -958 -933 29 -170 635 -541 565 420 569 -406 -11 707 649 -1266 93 249 223 326 953 -1151 -475 330 -107 357 -608 371 -73 420 -294 416 507 -186 -65 604 568 -131 361 547 214 -1191 170 -838 244 780 235 112 163 231 83 -490 -344 -183 271 -241 -498 -202 526 -144 21 -212 329 -191 534 611 240 261 ]
[359 -282 -773 647 247 -766 -936 -249 -122 625 -452 595 -124 -889 158 -258 -412 -371 578 -1237 1210 -277 579 -893 25 707 502 415 671 392 323 -365 288 -43 439 -212 598 8 970 571 652 174 -35 -29 225 -349 -584 744 -316 354 390 -1233 -778 176 -107 442 -355 -306 65 -880 257 990 -210 365 -336 -47 -344 -142 -452 -759 -93 -482 -56 442 -775 -289 330 368 -528 -516 157 763 499 657 75 149 518 -53 672 -590 -192 -77 9 -652 515 -59 732 335 -921 -156 -180 335 -213 550 548 -305 -421 2 1392 -3 ]
[-149 -122 894 492 542 416 -987 -1274 123 -165 55 -844 145 -865 224 425 -482 509 -331 174 -336 -391 67 781 -496 396 -405 933 362 -976 231 547 -773 940 78 163 51 305 292 461 40 146 -22 40 69 408 368 469 388 -242 355 -3 -695 467 -320 157 -609 135 -123 489 350 110 -30 -355 -262 -526 0 -289 -1150 -470 -57 -805 453 -401 90 -244 239 301 12 295 131 -432 -971 629 293 979 51 -663 -721 1124 379 -79 283 840 986 -1249 -287 285 48 649 596 348 -523 537 857 239 -460 -373 -547 361 ]
[-388 412 -506 -1053 -152 -558 -454 567 -559 161 -283 398 341 94 189 -173 -80 -12 520 -578 406 248 -18 -365 -46 522 306 -136 -239 633 208 -233 760 180 217 113 42 144 119 -141 198 -392 -424 -438 160 285 -567 434 352 777 -104 155 737 745 -259 -176 44 -250 -98 -306 -535 -188 -288 272 339 299 241 -264 -732 121 -80 741 -526 411 486 -194 93 -191 36 382 929 1362 536 -212 -693 -382 577 346 687 -724 -192 1053 737 -449 -232 327 463 -64 437 -11 301 -128 789 -1198 329 79 1012 1027 493 183 ]
[330 -1056 528 322 1358 1316 448 529 -568 -1357 30 -133 -766 -132 -320 68 496 -763 58 204 341 -281 1166 -579 -217 392 458 28 -185 707 98 -145 350 656 379 -154 42 -993 -603 -22 5 61 -1049 -761 18 -86 -579 -630 -659 -219 1363 -50 339 -284 -416 428 -40 17 -103 -381 825 55 -810 -99 681 44 -310 -273 101 -385 -1073 -420 -488 -110 -543 -15 -649 29 135 233 -824 862 -526 712 -472 -641 918 370 664 -177 702 359 157 -612 524 486 591 -1003 469 -885 -37 -67 399 -103 556 388 849 10 300 197 ]
[-662 1224 384 -69 202 -226 992 -237 324 272 -560 -704 572 466 -576 24 -711 -524 -9 -635 414 394 -237 -444 395 -542 -290 159 -501 753 -466 218 -731 300 57 -99 -272 -250 7 708 -1020 -470 -253 153 -3 -101 410 -122 214 260 459 -810 -84 316 926 103 620 323 -98 88 161 -509 3 315 625 -349 -210 897 -54 -239 226 -44 -299 -780 -549 -323 234 -794 -373 -647 274 -80 488 -253 -487 610 -780 216 -285 521 -286 457 142 -424 314 -33 424 87 -127 -222 438 111 -37 -85 -63 -455 123 1111 -404 -112 ]
[106 -700 -140 294 259 722 -437 -332 87 -136 571 -401 -528 -522 -330 -6 -105 81 -293 194 426 -405 374 55 153 272 99 463 229 160 -90 327 459 439 170 -798 721 137 104 670 244 980 -173 -882 -344 -424 -620 -351 -957 241 765 652 -373 65 -214 423 -213 -568 -491 -59 272 303 101 -529 -62 -329 -123 362 468 -716 -357 -745 14 515 -295 -562 -90 916 -301 182 -407 292 -94 186 90 122 423 769 50 -527 662 -240 -120 -419 374 -213 187 -482 -154 369 -47 -35 -480 301 -442 -71 10 -75 410 -175 ]
[-575 253 -163 9 380 -324 -32 440 -121 -290 -222 -375 -339 -458 -39 234 -218 -711 627 -737 -343 -308 -970 631 489 -69 -12 414 -809 -186 -149 -452 -620 199 -53 688 -406 257 327 324 -476 357 120 -251 -36 -3 -118 120 825 558 555 830 269 148 -865 -604 -308 -53 134 -114 126 -879 155 125 -9 223 15 724 -407 -310 -360 468 -376 -38 383 -188 767 -870 936 -7 465 311 695 -25 -77 822 -90 131 -557 275 -212 688 126 195 -154 -563 46 127 636 697 489 -604 434 -468 231 -80 -500 536 -728 155 ]
[-360 -568 -463 -205 -81 609 702 253 -782 -171 -75 134 1083 -302 -330 1155 -580 -64 -750 713 303 515 -42 404 -356 -355 97 -601 -506 306 45 42 58 -641 -423 -27 122 -1013 -288 66 274 403 -693 -184 -285 558 -367 313 220 269 421 1558 227 154 -70 428 128 -151 -479 -33 -810 46 39 266 894 -180 -91 -630 357 269 -204 141 140 -265 341 -293 392 -638 -15 -61 184 -500 -83 360 -606 -545 67 470 336 -822 233 -161 -389 -239 -82 501 362 -313 477 104 -919 -752 1084 956 453 -147 55 37 -280 -836 ]
[-188 827 136 249 -464 -1171 -647 90 -647 207 -21 -650 -735 856 -288 282 128 -22 -565 226 551 -456 -952 -778 331 -84 -417 623 -146 1022 -194 -601 385 -10 -786 -448 116 -220 -168 839 -714 -142 320 -308 277 -458 -352 332 175 -23 -1000 538 134 -53 -252 -459 -592 291 -372 -246 -279 -189 -526 -508 -143 -180 -9 1111 937 -10 283 344 262 842 117 360 280 25 30 -178 -268 9 -616 -301 451 939 209 376 -66 -434 325 -301 -621 137 -402 -563 -175 437 533 121 356 209 -578 122 -972 -561 -588 -150 -434 -117 ]
[-467 400 463 -708 197 991 663 -540 9 -494 956 165 1007 -218 621 493 -193 -53 -296 1454 -828 521 -153 -110 -705 68 -411 -514 -743 350 180 592 -244 -687 -451 213 -186 -45 -489 328 -488 207 -599 -70 489 -716 75 -359 263 596 151 611 527 289 -47 -316 339 215 -1203 790 -75 -456 215 402 1001 -141 586 -43 508 753 -356 -410 584 -258 -469 -848 -33 688 -480 515 -308 -751 -65 -133 457 -485 -546 828 -227 289 387 -592 -527 -29 -207 487 560 157 130 570 203 -147 -412 -661 -208 1099 -127 226 -1203 -42 ]
[321 553 -385 -438 456 548 624 -158 215 -198 610 -42 605 -654 229 737 648 -326 664 -88 -560 -326 123 -693 -44 174 -250 108 43 -509 140 380 -1250 2 155 -606 63 253 14 644 -481 -77 93 426 -696 -919 -676 -136 161 -437 563 -1050 -93 337 -8 -1309 -32 -1261 70 -185 10 -520 356 295 153 -318 297 -186 -452 -259 -542 -440 -228 347 -222 -219 364 932 93 27 -668 -147 -473 -453 852 -663 -725 -418 175 600 -869 -521 260 -334 -63 311 -19 455 -55 499 636 -62 -724 394 358 202 -918 -209 738 -335 ]
[-169 506 -742 -472 190 -222 1459 -185 188 615 -201 -114 1212 97 -279 1113 -439 438 -869 -422 741 513 -262 -230 -572 -454 -254 417 40 522 -364 -209 -269 -1176 -525 -309 -93 -516 1249 618 503 464 149 439 231 334 -534 767 1117 429 -131 1067 -588 -1479 342 631 -163 -736 -488 515 -654 -686 -324 658 -377 244 113 35 -183 -1301 757 819 459 -827 115 857 1281 -83 -693 -851 39 298 170 255 52 -63 -136 336 -130 307 136 805 -325 916 714 472 409 980 -505 -577 -214 162 140 914 342 -628 -148 -29 191 -191 ]
[-274 -860 447 -759 726 678 -1184 -8 -1383 -183 402 -919 -350 -173 -343 368 -334 155 -176 1274 -37 -432 167 327 65 78 160 -1067 468 -879 1058 246 -442 885 -448 -1305 748 -579 -1371 390 -330 -91 -498 -436 -223 724 368 54 -8 -559 1378 1147 373 181 279 -235 -19 -274 -300 177 348 177 430 -692 -377 -477 -120 14 212 662 -595 -1378 -385 824 -365 472 -137 -105 -816 617 413 68 -1339 -230 -1094 214 391 -200 -5 105 815 57 322 -634 -29 -121 459 -636 1082 -101 -195 486 245 1039 575 207 1327 623 32 -504 ]
[972 -53 110 731 -525 394 24 1001 630 -65 -167 328 -390 -244 -1113 -12 -170 -6 330 -872 -525 324 193 -292 610 -179 901 -371 -345 300 -195 659 230 382 507 756 12 743 278 -155 -445 364 -140 -3 -567 -381 1045 -1019 -546 -837 559 -1424 -244 1321 172 -97 1391 761 559 -196 80 522 1112 -929 156 211 -780 318 -491 655 -129 -53 -732 -746 -580 -985 -857 153 566 -462 -253 -70 427 -439 147 -6 -115 447 -5 -151 451 -1006 464 -935 -303 -87 -714 -480 111 429 137 -198 -897 -33 -392 165 335 -252 314 -210 ]
[-218 231 881 -459 30 -92 609 -136 7 -287 -680 215 201 -593 295 -332 -505 622 386 889 -431 -170 -899 1073 -83 -194 -592 -972 40 -193 -541 -44 142 562 196 472 -247 771 -245 -558 87 40 378 315 -381 1046 918 -179 -120 -333 -432 143 -44 340 790 -694 502 453 85 897 -812 -14 -621 -41 1070 -13 -18 -870 685 -128 487 461 -499 -611 -293 -735 -701 375 193 51 54 -609 686 240 23 64 -350 74 -948 -207 100 -203 281 -356 -66 434 -318 125 -588 851 128 -577 -392 -526 -207 903 -203 -87 -789 -596 ]
[-77 -185 -140 -409 200 -585 805 -328 -748 102 55 749 -738 802 -176 -396 628 250 -543 561 -38 85 -516 -944 76 -59 -563 -414 414 219 -121 -48 452 -824 151 230 -131 275 877 -608 -712 523 -229 -19 -49 964 -153 -682 159 114 -372 305 -719 -394 779 -434 -262 33 -5 645 -734 -698 -795 1229 246 445 322 -462 829 -835 82 915 -293 -19 352 466 138 553 -934 -197 50 247 -498 488 -104 -513 -217 393 111 -712 259 525 -185 -242 464 907 533 -93 -127 -441 -281 73 -393 -266 -159 1027 201 163 631 -435 ]
[-841 764 249 292 31 -122 266 284 53 -345 91 -650 949 1133 -135 -226 -79 56 119 -294 -483 1041 -276 92 -329 29 361 22 -242 1049 -612 330 333 659 386 688 148 -159 -375 45 -397 -339 -813 -171 -279 183 -466 -86 -318 -67 -580 160 364 946 171 -131 539 -23 306 786 -1006 78 -436 -37 632 -393 527 -571 -401 55 289 500 -456 -301 825 -402 325 -564 1220 248 -59 -4 1123 306 -24 -1007 334 567 82 102 -469 891 393 393 375 90 -220 -61 213 -260 647 300 688 -658 -285 -220 300 310 -641 -85 ]
[339 224 -253 491 511 663 445 118 214 -626 768 -103 -975 -141 -297 -946 323 -277 1002 579 -505 -149 -12 203 -339 -36 -544 -647 -797 -158 205 723 -6 950 558 602 -714 -757 -267 249 -374 -896 -546 131 -569 76 -726 -594 -362 591 49 -867 -157 569 -476 -404 -3 460 352 -3 958 395 -336 863 127 -159 529 452 647 -294 -225 -1246 287 -351 324 -156 -628 41 748 -377 -660 200 611 985 462 -128 -249 -542 -381 -147 -275 -562 -628 -118 239 395 -49 -434 -199 814 373 -130 -202 187 -87 249 -380 -791 -246 -108 ]
[-409 625 959 -291 660 94 139 26 -103 709 -202 -222 829 158 642 976 -566 -388 -723 -25 816 493 -649 -200 -653 -390 -112 367 553 675 -71 -609 -76 45 -646 188 167 -217 -578 138 79 -395 110 -299 180 423 -67 1266 1079 -800 -528 425 379 127 118 592 428 445 -394 305 -494 -351 -219 -680 861 -62 -23 -151 -289 506 346 -215 29 -76 68 -368 -304 39 -249 180 -412 -248 -396 189 236 -752 102 674 326 348 66 61 -83 -6 383 -688 -249 336 349 62 -78 337 -101 322 614 -21 -85 176 -1040 -252 ]
[-483 371 922 -240 -1145 222 -35 476 -513 -374 1123 -639 -227 287 348 -447 -1208 377 317 -520 -324 258 -514 245 691 -564 80 -344 -113 183 125 880 703 691 956 817 -263 -365 -314 -166 -46 -614 44 866 975 230 244 274 -579 246 -480 214 351 177 262 -858 753 654 -111 -188 191 208 -486 -313 162 56 836 655 -237 463 -55 -168 348 -532 -458 -300 -171 590 -61 389 -786 -234 134 -66 32 555 201 -138 59 158 445 599 372 494 -92 130 -230 697 470 710 670 78 -67 -95 -618 578 90 -864 -1162 539 ]
[257 519 -476 -281 170 118 -221 -55 -333 265 743 333 238 75 492 666 1298 -168 191 -139 323 -602 -160 -1224 -187 298 -339 1045 450 -391 -102 324 -765 416 177 -187 101 270 167 323 130 67 130 329 -416 -688 -751 112 796 -284 -15 14 -353 -33 372 -609 -554 -546 100 -191 -488 327 -299 597 218 -648 485 -373 166 -789 -472 103 -285 965 690 -24 564 1641 185 -323 81 429 -763 -318 598 -17 23 -342 662 511 -455 104 -112 -528 600 -693 477 241 -200 -236 529 -54 -242 61 656 117 132 322 966 -446 ]
[-313 -70 467 630 560 -423 391 -70 -82 -1146 -859 -86 398 -518 -595 -796 569 -1057 245 1275 80 -530 -453 649 -468 21 -56 -495 -618 941 -304 -727 -341 297 -917 -386 -107 206 -885 1096 312 -377 248 683 -1112 -543 621 -821 936 -472 513 -298 122 -187 212 -322 494 -167 768 230 92 412 272 -119 476 -198 -276 243 45 654 510 -309 22 -528 -500 11 353 -392 492 16 615 699 1124 -891 -642 -535 132 -346 -309 173 180 122 -132 83 -473 -743 -329 -580 -118 -667 -149 -1032 667 319 -287 -364 101 775 -348 183 ]
[-125 433 497 -237 -722 297 225 743 1468 -64 -20 145 321 64 34 23 -447 38 -208 12 -309 186 -426 851 -173 -190 -14 347 -567 -440 -448 -42 459 645 1 187 -103 -214 720 -214 607 17 936 -213 249 85 458 -135 -537 890 -1529 1607 -156 -626 -328 879 189 711 -133 -269 810 -387 727 -288 -281 46 -81 32 414 397 -860 151 794 -382 259 18 -574 -333 194 -252 -497 -385 18 -507 -19 53 -448 -4 -856 200 963 -10 -100 716 -162 501 -851 -54 -404 68 -31 -327 -270 -490 -944 439 -280 -114 -352 635 ]
[-40 -122 359 414 560 -146 -48 -104 26 -457 -113 505 -41 -170 -38 -176 755 -331 -331 343 362 -918 228 -91 -355 64 82 1248 997 259 -460 113 -171 306 114 -228 678 -175 -42 -312 7 -773 264 424 -469 548 264 -163 -370 -856 55 -1174 -925 -479 256 -17 48 480 883 -111 -107 391 -365 233 386 85 -349 -747 -94 -237 -354 -383 69 -351 184 339 -564 435 6 -305 -614 -4 -1385 -323 -388 -962 559 -1443 -370 188 444 -214 341 -80 -1 -85 -696 -273 -29 -857 153 -183 -26 606 193 201 -569 -326 643 329 ]
[350 -850 -508 -293 207 -264 357 959 78 -478 -118 -270 -573 784 -1 -223 765 -210 106 346 -741 -94 -595 219 -628 -754 -6 -1105 64 57 -206 -1399 135 347 -300 265 -72 -316 -353 -501 -532 393 162 591 27 432 248 -313 -733 -437 -745 462 -114 -811 -128 -734 -115 -121 210 -109 -47 -414 -453 15 109 72 552 -131 -137 -634 321 292 508 -339 253 632 -116 -533 320 -286 -421 -95 -303 396 130 -630 553 464 -329 -577 -66 251 -85 984 9 747 -397 292 123 159 -742 286 -33 480 -65 157 59 -802 -542 -373 ]
[-345 114 78 -29 793 540 576 284 -62 -841 -144 -449 -84 -274 -430 201 10 221 -259 -232 383 -516 -221 38 -120 -383 546 -283 -1229 1122 -920 -962 -203 -178 -284 785 582 -912 -476 276 -690 -80 -437 -360 768 945 -164 -747 -442 -145 -527 899 -12 521 -259 563 -483 433 -495 872 -450 139 -469 282 338 579 334 -393 -205 -142 -123 -29 353 -705 -241 258 -202 -1165 709 264 143 -651 951 1003 25 -183 777 919 920 -684 91 413 -679 377 866 429 809 106 -1 415 -548 182 -69 -644 605 212 182 589 -895 -197 ]
[-152 -169 -482 427 -238 504 299 -832 -999 -1162 -1139 629 524 -528 -32 692 622 340 85 546 -317 -101 356 -823 -994 1552 366 -138 -676 815 208 -277 -539 422 -252 -975 -679 -423 -54 292 458 -603 -653 466 -1035 -582 -754 616 53 297 -191 -418 732 1132 -254 -522 12 -941 -67 -244 -191 497 -479 312 495 -321 -143 -1005 77 -79 -536 486 -436 537 535 31 1114 148 516 228 -172 -279 538 608 217 -536 153 -1075 393 247 -282 261 253 27 807 -136 -397 -697 -287 -19 568 -131 493 358 392 203 -600 443 302 -241 ]
[-490 158 87 -263 -257 272 -299 -159 -768 -721 381 549 -241 441 -83 -571 1142 -415 -67 1304 131 -545 -693 -718 177 676 -432 -372 -222 744 -420 -361 411 139 21 -94 -481 23 -331 403 -378 -271 448 -60 -804 -605 -1142 -765 -39 -203 424 -726 202 -450 123 -990 1083 14 544 -87 1141 281 -672 -609 391 -165 546 490 461 1035 -44 -192 -1 515 -44 -329 -509 612 -662 691 371 621 -236 -290 566 -530 522 45 559 -314 296 878 -279 219 -61 -468 -339 -517 771 -423 284 100 650 76 -359 -14 404 296 -149 20 ]
[-111 -39 -289 -583 -319 5 34 745 -251 -256 -62 -114 58 89 -41 569 -478 352 406 -881 -396 241 -422 54 451 -961 -76 -1031 -276 -530 226 -261 -208 164 709 325 -469 -285 202 -207 -370 -105 84 688 -423 82 -218 324 57 656 -165 358 231 46 -525 358 -74 -78 -316 -148 254 -524 1199 -297 -545 778 -103 743 -531 -249 175 787 3 -219 -174 276 25 -91 -549 -492 95 -227 -346 69 145 484 178 402 -572 -305 309 -124 -400 535 35 213 -693 -421 -184 1244 56 106 -184 -336 400 46 -741 -481 -511 -430 ]
[-452 172 -279 -696 250 138 -56 862 -379 46 251 -713 -198 285 308 -319 -347 -372 64 -349 -393 192 -154 355 261 -412 -503 -127 -645 833 -357 -120 -613 1162 -548 556 462 -386 -532 545 -325 -886 -728 -789 302 417 -12 -54 34 -221 321 1818 -152 279 266 -197 -33 177 13 558 33 157 -337 -153 299 -889 344 260 -391 -450 307 -307 -73 301 496 -585 -153 -618 912 291 156 560 540 220 -251 179 -143 1742 699 73 -61 539 242 -254 721 -115 1306 896 76 -64 393 -331 17 -525 173 371 1013 1376 -1495 263 ]
[584 -136 338 415 -64 -446 -206 387 199 571 436 -464 -168 -59 726 -384 28 -237 97 7 -563 207 534 176 259 -485 343 -229 70 -178 760 566 484 308 -219 -345 -307 84 -839 -286 527 -592 7 905 341 -505 451 358 -236 -1085 207 -275 100 -294 285 468 217 169 741 -320 971 595 245 -655 -677 -342 -148 364 -271 -289 453 -949 309 520 185 74 -226 69 218 96 118 762 21 151 -314 -410 -2 72 -199 156 -259 36 32 779 71 -316 31 1317 -747 -298 440 273 -117 17 262 -248 -1075 -608 -459 264 ]
[905 -236 700 -146 652 -1 138 -119 31 540 -189 -37 447 -278 -82 672 -384 978 -428 39 1282 -81 265 -249 -255 535 -765 -250 976 214 -124 108 -163 -724 67 329 -102 894 696 815 327 539 -140 -255 221 -67 137 795 1319 -365 371 -685 -56 -328 -491 -359 778 478 66 404 -710 -629 -851 -716 -129 393 -220 -218 -729 -154 748 -804 -2 -247 -54 -770 -105 938 -520 311 374 531 -393 -105 484 -133 -423 835 348 998 832 -352 456 -500 442 -11 -22 141 -306 -761 -55 297 -634 206 -484 -487 526 -88 1157 -92 ]
[1089 168 906 429 554 -137 570 21 309 -461 -94 -714 -469 58 -259 142 -741 885 -664 659 420 21 334 -223 -425 -1108 -703 -684 58 -831 31 1007 340 805 557 286 -744 -456 -765 -221 534 -355 105 366 -759 879 -107 -303 302 -890 561 -776 -996 277 704 631 443 -323 52 226 266 -317 -425 -14 561 -250 -256 -85 91 -425 578 -52 141 -755 -461 618 -156 -207 153 -302 -809 -410 102 426 407 142 -313 -714 -894 -327 -132 -525 13 127 186 197 -458 -414 -304 497 -307 -186 -576 969 158 -468 201 -545 -199 -17 ]
[20 -65 -501 258 365 913 142 608 99 -277 147 -55 158 -295 -411 436 330 182 959 -340 -575 27 554 786 469 157 84 -164 267 -924 -122 111 -814 297 289 -22 260 102 531 -977 -519 98 -100 -1416 -459 818 -630 -282 3 -952 724 313 -683 -223 -421 -229 -885 -398 389 376 314 -9 191 243 -743 116 190 -618 -393 154 -357 -255 -397 -121 271 480 -620 -549 564 666 -167 -288 -100 761 847 117 147 -173 649 -70 -252 324 -104 -90 464 557 502 274 587 493 -66 176 -427 56 1364 -628 128 -238 860 -1029 ]
[-134 -257 -298 629 -399 269 1032 -278 -644 195 -201 27 -136 366 -373 127 618 711 -425 353 894 293 255 -78 -329 799 396 265 -1034 -230 -249 -279 930 -370 569 -391 -234 -476 -553 -112 301 -201 231 533 -67 77 -474 -414 -611 -624 -762 -330 350 271 826 399 93 -523 350 -1154 -364 229 -833 331 57 60 179 -840 450 -213 711 41 -110 253 365 403 447 181 -682 648 244 379 510 388 -707 181 -417 -231 852 -690 -684 915 -375 514 327 382 -405 -382 -38 -918 -788 298 1232 527 -61 -410 -53 227 1275 -647 ]
[-578 -161 188 -656 388 -483 149 351 -422 640 596 -234 -363 663 1047 -170 44 -584 824 363 -81 985 -653 -275 70 -1036 203 -595 -28 -82 -427 -279 441 -143 32 185 -366 -721 -540 -176 -28 -735 497 644 545 667 840 81 145 -538 -153 873 939 -705 681 304 -686 255 -325 649 -440 61 39 438 148 304 -28 -437 1123 -115 -273 -479 449 237 -376 85 -532 -257 -592 -435 -446 -963 34 788 249 -185 -164 -38 -763 -335 -730 -421 -268 -167 -146 38 -102 -848 -582 -325 -126 437 461 146 168 629 -297 -191 -431 440 ]
[-24 649 -462 155 -223 189 -241 95 -859 504 376 -188 -12 -6 -657 358 -713 -108 70 -645 18 -32 -260 -462 376 319 -840 905 646 -432 236 1259 -623 537 1223 138 383 -258 591 692 -883 -304 -503 -513 -752 142 -1365 178 92 654 329 -464 -862 1099 2 -687 264 -298 598 -456 131 158 -1213 37 57 -622 92 323 6 -219 315 -520 -814 703 424 -231 274 111 -449 727 -42 1098 -551 770 -483 218 -465 -63 776 -134 -380 606 -493 -572 296 423 395 633 876 322 289 -4 31 921 309 -580 176 -909 205 -823 ]
[264 29 -12 -399 -849 -68 296 -802 579 371 -505 471 747 41 433 659 -246 -123 -1250 574 284 158 204 -640 -812 -249 -713 1527 332 581 -441 98 -15 -1013 351 -886 -742 302 925 395 -333 -84 -253 444 -176 -449 -980 536 -161 401 -389 2 -82 -193 648 -73 103 -105 178 194 43 -121 -617 -446 499 -657 -1229 42 589 -382 200 651 98 7 404 -351 331 150 -526 -81 -343 157 -1090 245 538 -307 -621 -493 451 559 205 -293 679 259 -116 -43 -464 -296 -432 -519 680 -461 131 1309 -492 -376 -845 -917 381 684 ]
[188 145 244 -124 15 -692 481 530 234 -43 -168 639 -177 132 -552 -340 317 257 831 -593 167 97 28 36 518 -4 294 191 207 90 -341 -18 164 -667 741 819 74 706 782 -131 -373 -124 -345 -162 -30 -608 234 357 -63 -674 5 -1395 184 -628 83 -262 45 690 420 504 -154 192 -178 193 78 1086 -124 195 -197 -145 468 114 -446 -98 -535 -685 -1294 738 -537 -477 -588 468 -179 162 196 -93 -193 1071 552 -724 208 -269 -46 -1021 -718 146 261 -547 -690 207 347 -629 -453 -771 -74 57 -377 -216 1217 -658 ]
[349 -1156 -193 472 21 -168 -601 253 337 -202 -274 -374 -319 -914 -280 -662 -264 575 172 43 31 -1229 -100 752 343 -190 101 -187 163 -971 -270 -297 717 702 4 387 -220 157 782 414 175 146 55 -641 -293 -340 604 -64 -811 -451 -569 23 -468 285 -135 -664 -167 57 -505 -252 -250 871 -541 -950 125 -418 800 -56 586 -90 -436 -573 274 221 213 -232 -661 10 179 -11 862 -538 30 746 -228 643 -177 -153 851 -924 -119 228 -473 -717 297 -298 719 345 -70 495 -1054 -386 -461 37 -677 614 579 -493 98 -1087 ]
[22 -65 -165 -1015 -677 276 -901 297 -27 637 15 -40 -240 46 284 75 -268 494 267 379 492 663 283 721 369 340 110 -360 -160 -262 682 -177 554 741 -409 311 -599 -273 402 285 552 444 778 -388 1001 -53 361 2 280 802 768 1068 550 -283 -49 481 47 -52 -279 -310 719 122 405 -524 -137 -351 717 448 440 269 -590 214 -391 74 86 452 -239 37 -625 -421 445 40 254 -742 202 1194 319 -50 -654 -256 334 673 508 -163 -394 -623 -59 -735 318 325 -214 13 341 -475 -237 701 1049 924 -69 -144 ]
[511 389 230 1120 55 513 95 -151 602 -224 -998 6 727 -20 -814 758 534 -92 -1472 80 -187 -171 216 743 -599 645 -26 1172 -938 649 -586 -488 -377 -257 -987 5 342 151 75 289 111 161 203 -266 -112 141 115 -1217 1032 -820 -416 387 -261 87 -276 807 150 155 401 -476 259 53 405 -558 278 -64 -979 -1424 -978 60 -120 194 103 -619 509 16 793 35 1245 319 -181 516 -15 -180 106 -307 -153 443 -27 813 916 -321 54 276 696 -671 -636 -211 -362 -809 132 -339 -4 -27 -39 -977 212 757 462 180 ]
[1492 696 -326 71 95 -744 -70 -60 -247 657 31 -254 -208 42 -44 74 609 135 -468 -258 356 317 204 -405 -234 -849 -139 -230 38 521 447 736 591 -580 -988 378 267 -149 -423 883 9 -308 397 114 890 -89 142 -356 948 -1218 476 -1139 -18 -264 -131 -192 499 239 262 671 -293 392 625 136 -75 -112 187 7 51 469 172 -4 220 423 622 611 199 -31 202 -689 646 680 -92 -820 67 -320 -31 178 501 -884 -765 269 134 -175 -652 -266 591 571 -67 -201 316 173 -247 -471 59 -539 -194 -152 526 156 ]
[355 -264 539 154 -875 -442 -325 -782 -913 -470 -828 -416 -648 857 -787 -723 -142 978 2 -530 -271 -124 128 286 422 155 -860 -90 641 -162 -76 -758 933 186 1269 1280 -182 60 533 -449 -316 224 -134 -227 797 -109 256 -58 -779 574 -703 -1194 311 -1271 80 -1131 75 232 359 212 -458 -98 -571 -116 -158 213 289 -353 201 106 699 1136 -44 -848 -721 -8 -657 886 -586 -527 129 70 -323 -110 289 487 443 597 -3 -393 206 -7 539 159 -5 451 -190 -546 520 -162 202 427 147 -493 -967 645 48 -1049 260 -105 ]
[1222 -1012 1200 1561 81 -145 561 -933 517 304 134 -1113 -989 -444 175 -700 528 -509 -392 518 569 -1612 23 151 287 -16 -610 1652 -166 -314 350 -361 660 -119 928 271 -590 498 320 578 350 581 351 -325 532 -746 -228 179 -195 -225 -1060 -550 202 -1365 -578 223 182 21 -489 -711 1041 -570 -1662 -360 48 410 132 1 1291 -59 -830 -886 402 -221 -316 9 33 1154 -51 619 -127 157 -621 565 831 -1 -306 -423 -107 704 227 -740 -335 -212 -520 193 -38 488 354 -363 -58 -951 115 314 -1419 396 -685 -442 1077 388 ]
[1000 341 844 139 601 553 1028 -163 -583 298 238 -386 -1138 72 -456 429 687 351 -723 -722 505 -44 -433 -119 419 -285 -13 145 529 28 216 745 146 90 -428 -646 321 -102 -356 156 -1138 805 -61 36 565 419 89 -519 135 -1044 304 -146 -473 412 264 52 284 1156 -730 -237 146 -639 53 281 581 983 -21 370 252 -286 -229 -1181 57 -867 -477 73 -305 910 -929 320 -1097 424 -865 369 -237 -190 143 189 535 -568 165 -64 -500 105 670 294 -547 230 462 1145 337 818 -998 -572 749 -532 -908 -556 538 -626 ]
[206 -355 -215 -81 176 375 365 175 -662 0 181 -163 -217 29 129 -188 87 -100 685 -626 553 -524 -594 289 382 -220 -340 -653 -189 -5 205 -622 7 1110 155 649 3 -432 -537 -545 170 -530 -432 -59 -764 648 -476 140 -586 -738 -485 685 -13 -28 85 -436 -327 327 116 -1007 -223 200 -653 -404 809 10 1452 -146 -423 152 -14 -605 284 41 665 -623 -596 418 307 196 304 -438 269 384 -35 -336 754 944 1305 -647 -604 813 -65 -659 601 281 375 412 147 732 -53 271 480 -193 999 -355 321 1007 -260 -526 ]
[23 0 -439 -428 493 -656 403 718 116 366 669 -574 726 344 824 -314 819 -52 202 320 -360 957 291 421 -345 -690 -651 -900 -1163 1274 588 -406 1119 77 -241 875 -296 607 -602 -95 161 -1499 -444 708 902 -481 418 -268 164 -148 -278 36 1288 -837 -82 -267 262 -543 -716 228 -481 -198 -205 62 143 944 1783 345 108 302 718 109 527 -741 303 -168 -370 992 281 -342 433 551 531 -674 1087 -614 1095 1449 243 -372 145 508 -66 87 -56 -29 576 251 -667 -76 176 339 389 -1476 -18 1044 762 971 -425 -384 ]
[674 368 72 743 -81 -633 58 6 652 1137 -1034 -534 516 -628 -518 -49 -60 276 7 -651 -238 573 395 730 589 616 1271 -548 -743 -292 407 226 854 247 -611 -465 126 323 547 -35 37 -397 32 -385 -384 250 331 685 108 -1191 -282 163 68 610 310 525 530 -397 -466 -350 59 336 1080 -1063 -1380 368 343 37 -1019 479 -45 -500 -727 19 27 105 361 -540 467 -227 530 -158 1277 -128 38 -218 -126 -44 153 -125 155 -478 618 -576 -213 472 -121 508 2 780 490 296 -142 -188 325 -354 -282 830 1461 -640 ]
[-83 364 136 501 2 -162 -790 -942 -185 93 73 150 -458 -34 203 218 -493 548 -433 1060 -177 -231 -4 558 -280 735 -139 -74 852 -678 -63 221 -430 337 115 -238 614 -761 1153 322 189 -75 514 -120 -540 690 105 716 315 -19 186 326 -981 -71 -14 -147 -185 -248 69 400 25 323 -1076 -59 -611 -532 -58 -719 207 -823 -908 -200 -262 72 -295 183 375 -276 126 175 -197 -405 -1103 867 300 140 -136 -1334 -967 322 444 -638 -23 -73 517 14 54 -65 -190 -177 -279 -168 -223 1287 328 847 -191 -999 -93 -402 ]
[-286 -1137 367 272 178 -638 -446 114 -230 39 456 414 439 -770 688 458 -783 -177 584 -760 651 -19 366 -28 584 -193 35 773 1244 -686 -230 -68 -229 -235 795 77 -166 758 372 -347 -154 954 239 0 201 -189 -751 487 238 33 -265 -8 -715 -310 359 -1101 -221 -3 223 -80 122 -27 -193 985 448 -502 163 -383 188 -422 -16 -1253 184 60 -133 -131 181 39 -646 280 303 -597 524 308 527 -137 -679 -451 1321 321 -490 134 140 -159 448 -442 279 504 228 308 -212 186 203 1163 938 -189 -667 503 531 -356 ]
[1164 -476 -210 811 -712 -268 -435 580 -671 767 -164 -194 -196 48 76 1369 386 1028 -655 -421 741 492 668 -520 -683 261 389 96 -586 25 1299 -94 481 -124 -466 207 -510 -160 -598 504 889 -77 63 -38 486 -282 -385 889 813 -637 -779 1015 865 -46 -906 231 -206 39 -227 -714 126 -375 -682 -100 -210 383 406 -539 -409 642 131 -30 201 1045 704 831 386 -170 175 439 571 859 -461 -211 34 181 123 702 1371 -198 143 80 -127 4 414 -214 450 423 1052 -109 -544 595 680 482 444 -964 221 485 916 -658 ]
[-444 144 211 -68 -302 310 369 -843 -1167 -516 -230 137 445 1152 -207 21 227 952 162 -509 -403 307 146 403 121 397 295 78 -2 154 -654 -1007 -290 -914 543 725 -171 122 574 -280 -1418 -570 -37 755 715 -51 403 873 308 1141 -571 147 1469 -741 -573 -806 -694 927 -426 -173 -896 -482 -688 11 -31 406 752 397 -118 127 266 558 -551 -538 -374 -148 31 318 -509 -149 548 -33 -382 -357 326 539 17 -32 466 1066 205 -132 -498 159 153 -29 219 -944 329 930 431 160 38 -575 -34 -193 -645 -506 67 -167 ]
[-492 203 1093 529 316 789 740 -920 -171 -489 -233 -16 -63 290 -855 272 377 463 -704 514 -262 -810 -252 -305 -33 771 -13 412 -314 115 -140 -115 248 -1046 147 483 -94 475 52 385 -349 291 -964 277 169 -278 973 369 -332 502 -678 -1297 549 222 -314 -274 -39 548 -672 -235 -1338 -379 -972 -274 528 110 -29 102 198 320 237 963 -647 -478 -465 -396 -248 818 -405 -442 116 531 -666 -11 -620 1052 -284 -138 -530 569 406 -102 -126 -21 -478 -167 167 -99 758 -14 315 229 111 -55 -605 95 -218 -842 37 198 ]
[561 -13 508 -42 249 195 327 605 -871 -630 -157 52 -693 443 -371 1216 981 681 -17 -286 178 502 -62 -130 105 -332 -85 -735 -355 588 212 -357 56 -111 -142 -173 -188 -563 517 53 -791 628 -128 28 586 156 -803 -180 389 -314 -139 149 -91 -125 -293 -396 -626 361 204 526 56 234 413 343 96 792 -190 -229 242 -1290 -159 210 -82 142 -420 460 -239 264 -155 6 -1108 146 -590 775 1127 8 298 433 668 -327 610 -94 -371 236 442 -148 -1009 -275 -251 963 1095 494 -359 25 1963 151 -577 -750 335 -276 ]
[47 -292 -394 -590 778 -541 -35 279 637 668 -23 -865 608 -384 369 432 -626 -836 122 -884 73 -217 -140 215 204 -268 -199 216 50 112 901 -476 -25 -250 -629 -237 318 -131 639 349 96 501 -437 150 980 -49 -331 478 216 508 -248 919 450 -868 -286 502 -746 -1065 -816 1 350 -103 240 154 -352 50 768 228 -728 -681 -43 -461 563 -221 -84 284 460 -49 -245 -624 38 206 567 793 -369 297 652 732 118 239 -502 347 17 825 412 57 665 994 -253 515 -95 1366 -34 -293 646 -721 171 192 165 402 ]
[1074 384 -160 -50 -196 97 178 175 -427 121 -462 -1275 -481 -483 -80 -269 -267 10 307 -945 119 -678 172 -564 -55 -753 269 -878 -1170 -135 402 -702 -55 181 155 304 -483 -781 -757 615 267 -384 409 422 1028 29 -197 -428 -397 -663 -339 152 -316 -364 359 -565 -346 -12 5 -1263 694 401 146 -689 -781 -240 280 -16 425 612 -316 218 230 197 -844 787 399 -164 704 -596 -437 -402 844 -74 399 698 42 253 480 -506 -423 610 -141 189 -196 431 549 590 321 715 -61 416 -141 374 -73 223 -715 -636 -17 -312 ]
[-841 -453 180 131 -106 -299 185 9 -888 210 660 -446 126 371 -8 -632 -177 -312 276 902 -104 637 -359 882 660 -695 -705 -539 935 516 -570 604 774 -169 465 -308 225 515 -537 -379 279 -519 -146 820 -640 540 927 625 92 7 282 -353 317 -241 548 -185 -112 167 -77 421 -915 38 -346 160 -22 -134 258 985 130 -82 1793 -39 86 -743 199 -389 -484 304 -894 114 41 -277 -535 -143 -466 253 335 -301 -620 -398 199 -178 -224 345 -260 -513 -419 -423 -224 -702 -631 -462 643 222 -296 -26 493 -886 -384 -181 ]
[167 446 474 416 -325 1230 587 655 508 -81 666 119 132 413 -592 -348 224 -384 -445 -187 -331 -416 -104 93 1068 237 240 73 59 478 -362 644 603 -343 -478 -776 399 -949 -115 216 -89 275 159 -282 446 196 -780 52 -692 -132 -1168 50 -277 42 -218 782 970 286 -616 -336 974 250 61 -42 269 -13 478 -422 373 716 -277 -1003 469 -814 71 46 -555 -449 -274 644 -1309 -241 50 581 173 -655 -517 -699 537 -178 -145 705 -1113 698 388 340 -736 573 530 22 -143 748 -256 -86 -1161 -581 -328 -793 255 -219 ]
[450 -214 -287 733 75 -151 559 292 -443 568 -329 71 104 -77 -94 608 385 454 -741 -511 1547 -439 -581 2 -97 -255 -1270 170 61 -360 105 -219 -226 262 -461 679 -110 -11 -175 681 480 748 348 -131 217 -5 -608 306 -580 25 -1015 423 -481 -64 -209 -128 617 299 -64 -1005 -574 81 -724 112 1124 373 270 -830 879 -9 15 -31 44 1050 626 -251 141 870 300 -435 -85 75 -325 -401 394 728 -369 995 663 -196 -459 -357 -691 -563 625 330 42 229 -303 168 -646 -336 256 204 -554 -920 -326 -5 496 -1429 ]
[118 -30 222 535 -689 -343 282 -361 240 -674 -748 -486 40 -380 144 128 -424 767 -161 364 -690 414 658 -490 -359 700 156 23 -1415 434 79 407 345 -242 127 611 -1379 140 -340 -223 519 44 -55 -353 510 -1325 510 -47 -400 599 797 -815 607 -99 -536 -432 261 -110 -724 -667 366 -599 -790 -312 408 408 30 324 672 569 -55 734 -273 124 -436 87 542 -766 -25 686 -222 -529 1352 214 204 422 -51 -50 -882 -315 -117 869 204 387 -988 414 -87 536 165 158 39 -334 423 -1063 -971 -160 -341 280 -520 134 ]
[-234 20 121 -1082 438 271 -241 134 -232 -114 179 548 646 -412 1082 997 231 79 -120 271 348 -440 -343 -72 -951 371 -748 988 780 -52 -634 74 -156 838 138 -231 430 405 -338 -422 313 -504 -181 -412 -684 346 -308 972 259 -371 48 777 -227 -536 -288 -658 -315 -30 -424 -165 -742 -378 -526 -619 351 -267 -333 -523 -409 -428 478 184 385 357 683 -1053 -353 1024 -878 413 -174 503 -1437 128 -142 189 478 492 -161 495 436 309 636 58 226 -132 -476 -7 345 -459 291 524 458 -84 978 56 636 252 -336 212 ]
[664 -406 -318 -419 -73 495 1342 157 371 287 126 190 -380 -712 -315 -164 91 104 -76 -419 -154 542 851 213 2 -435 -519 835 141 -712 -953 1076 1017 -484 1087 -663 -476 1007 515 -419 29 283 867 -126 -859 765 66 -824 -142 186 1048 -974 -13 -316 627 -134 768 -523 136 229 55 -447 -393 622 -4 177 -292 -49 -451 -774 929 -169 -517 -941 -480 -213 -143 590 -1378 -70 -196 580 35 145 -400 171 -760 -233 -384 -526 -211 -374 613 -379 -162 536 -952 -741 -242 492 152 -574 -84 52 -170 -409 357 -822 1222 164 ]
[64 771 493 519 -99 226 -315 297 1060 186 -201 -974 -136 359 -1111 -305 -1228 603 254 -1723 497 575 1332 224 406 -891 337 558 431 467 -64 546 -217 1554 388 87 -30 -793 -148 -85 82 -715 86 -362 -80 -869 297 619 -435 313 171 -120 279 78 -520 807 69 119 -634 -171 302 -252 1365 -635 -528 -376 -628 511 -497 58 -415 -779 -131 -920 -377 395 -315 -624 637 -83 -431 87 645 270 -637 -235 -195 -453 -12 750 110 -240 102 -269 479 -181 -34 263 427 851 65 569 -1218 -292 -566 -625 -118 -816 -466 -420 ]
[-275 -296 424 -404 570 201 413 -1171 481 -283 254 -505 694 -567 838 26 -297 -154 -97 345 547 -135 -278 345 -873 20 -570 687 81 420 9 -442 221 490 464 -200 327 466 452 505 -58 493 328 568 -426 947 -122 227 349 -698 74 -490 -666 -299 535 -516 -559 -1204 425 -16 -1105 -161 -845 -282 522 -385 567 -287 -1113 -1939 290 130 129 -353 287 -481 736 1121 -646 -17 -176 799 28 280 -276 -99 236 145 -213 128 207 990 837 186 39 -49 -217 321 -348 269 540 -556 147 1132 694 244 -247 -436 -74 129 ]
[38 162 -186 255 -467 -332 -329 -534 -455 161 -274 585 -324 303 159 -378 342 354 -767 -713 1224 -136 275 -1252 -51 416 1177 -508 985 350 179 -183 478 -463 391 -401 534 -564 -44 -357 -39 -269 -411 93 311 -289 62 349 -284 -731 -337 -1532 444 83 7 207 851 172 -493 -487 180 4 137 -447 -80 611 -994 -122 105 337 -751 294 -256 908 84 613 432 1024 -242 -534 185 657 -1180 -570 -339 -139 307 -182 302 254 732 -139 19 -864 246 -124 48 -662 -548 -1157 210 271 276 228 120 106 113 48 470 -14 ]
[534 239 -183 187 -719 25 -266 406 59 -435 187 -40 -1167 222 64 -882 -34 -368 389 -841 -133 -198 -608 465 1176 103 208 -553 -236 -796 1041 -591 209 949 368 1537 -260 -1156 485 -147 39 79 622 596 997 -324 313 -433 -502 -282 134 508 -477 -1224 390 -53 -676 604 916 -1286 1570 744 -708 222 -208 150 1638 540 -532 -420 -73 372 362 -2 -374 458 -408 286 -330 -294 -233 268 -311 182 -116 1248 965 288 323 -161 178 1265 -536 574 395 -157 169 541 -239 33 71 388 489 -558 485 420 -21 -983 -236 131 ]
[-807 901 266 -867 -223 -325 348 -31 -674 -698 -428 571 984 693 566 -248 219 -813 -240 -62 -669 922 -316 -1137 -1400 -431 34 -692 510 876 -820 -372 -146 690 -701 159 374 -477 -328 -519 -358 -366 -45 562 -249 671 710 319 879 -395 -130 241 -837 515 682 -615 -116 304 -249 311 -974 830 -442 789 944 -651 161 -967 -969 85 226 344 585 -499 135 -777 119 -363 -311 444 -430 305 225 1183 -772 -916 -241 834 -126 -680 -284 1071 141 611 913 13 379 690 42 -183 -479 624 -398 -412 728 -153 457 -92 -584 -161 ]
[-169 627 33 -86 189 -318 283 -214 424 284 -269 -126 1197 120 477 147 703 -418 684 513 -69 440 -312 -65 -905 705 4 -42 -234 -64 477 -590 -312 -259 -77 1162 -396 343 337 453 353 -922 26 507 30 -572 591 633 1100 129 -247 155 298 -1150 -206 258 -277 171 166 336 188 -435 -536 480 -384 624 1409 -262 -786 807 648 315 370 -361 -419 -197 -149 603 -623 -697 1018 212 -181 -562 703 41 225 646 -170 852 468 599 -130 458 87 -97 761 280 -277 -664 -212 256 344 -394 385 987 -577 758 -87 -182 ]
[316 -141 -357 -1091 341 146 -223 432 -225 -609 489 -450 -237 -333 67 -106 299 -425 457 -265 17 -101 424 -283 -608 -807 133 141 59 -520 -196 -555 128 134 542 774 -735 -144 332 737 -316 -486 415 221 678 -801 161 -153 620 127 837 408 391 -1232 249 -13 -878 -243 -258 -249 470 206 569 -291 -386 -144 573 1258 -194 -180 -50 -349 508 -169 -1018 225 -580 722 -1084 -608 130 1102 -181 -429 462 537 109 427 314 -504 -45 508 -63 -44 -328 -275 687 -943 121 605 -449 -464 -182 45 356 419 137 -462 265 226 ]
[591 1113 29 -919 -519 264 -324 -783 320 850 -243 -747 -226 973 -495 -525 14 117 -369 959 121 282 -274 -524 -217 311 323 -843 -847 674 512 -472 566 193 -1040 232 43 -1264 -363 664 612 -15 203 613 610 372 -64 -577 131 404 199 -166 -12 79 950 1070 58 9 1215 -223 798 231 241 23 -630 -188 0 -274 242 -422 -267 244 206 -224 -699 713 63 -272 -161 -401 -86 869 1080 -269 -97 -196 876 307 -1300 -115 116 929 620 1108 -391 -40 -691 -438 -801 -728 -26 816 -18 50 -160 154 78 859 -822 1091 ]
[576 81 -175 -61 -711 -253 -365 -71 -734 -381 26 612 -440 627 220 -226 266 952 -1078 -137 726 -154 332 -1206 -319 228 438 197 -394 1283 -284 -979 381 -769 3 1422 559 -373 -75 -222 -152 -240 232 7 1396 91 -576 -244 -568 -435 -677 -732 212 -35 50 325 -289 742 556 97 -121 496 -582 29 170 557 -99 -662 68 -329 -146 512 47 468 -65 -353 -745 697 -27 411 -132 559 -287 -7 548 -549 593 1562 1329 -786 330 106 -492 377 287 446 682 723 -736 -331 -250 -95 -432 -380 -187 794 -1053 309 -166 671 ]
[231 -117 26 -693 -270 194 -124 154 478 -522 360 -64 -245 436 554 -44 -976 358 -102 591 961 340 459 -204 -822 -466 -683 -512 197 297 568 -1094 555 -162 607 651 -645 -57 139 488 -103 1071 181 -593 1227 -239 18 121 -239 416 1084 -678 32 -181 -405 -1296 671 285 95 -169 194 -556 -871 -98 872 -83 374 162 275 80 -248 -175 -17 5 -384 -368 -348 387 -502 388 337 453 -333 265 348 657 -60 891 64 -425 602 -117 789 -553 -250 447 235 -333 -370 126 -984 -434 333 238 -885 575 761 -454 293 -255 ]
[-122 446 -94 -344 303 -384 503 -6 397 559 852 -857 42 415 -35 255 -455 -511 16 -136 338 1031 62 -503 -3 -1126 -443 275 -937 145 -653 36 43 -562 324 886 -435 -57 379 275 -861 451 537 -277 427 713 -819 -805 -202 -95 -79 844 -425 -154 405 -185 -1072 -189 392 -203 -239 -994 -255 893 24 -585 62 47 -133 -301 -164 127 555 8 192 -102 168 -730 -709 252 -401 401 539 234 102 -426 -309 887 586 -402 -713 928 465 750 -325 736 373 -20 332 178 -333 317 -239 -163 161 -333 -547 -409 -95 457 ]
[388 -516 -798 309 228 -155 -382 407 484 -398 566 121 -787 -227 197 -1055 305 -518 374 -387 -70 -23 -342 501 -26 -217 596 -881 725 -87 272 34 -310 -213 -437 -533 627 472 -625 265 -834 404 -537 -420 -107 153 -567 -225 5 -477 -383 -552 -562 773 -248 -210 -98 218 99 526 -204 1142 394 60 -514 671 -225 391 309 509 183 -1491 -394 630 210 364 342 -343 77 412 -73 661 919 390 460 323 1 216 855 -410 -511 -353 -249 -743 -604 -94 333 165 -511 278 205 -357 -294 -20 521 -639 545 -54 -169 -376 ]
[328 -135 5 -74 -477 -869 -527 24 473 862 40 -222 -176 79 -213 -315 604 396 229 256 88 159 424 -162 756 255 -799 84 -40 663 1447 692 -356 347 -256 -101 -207 795 935 -58 -497 -48 64 32 496 336 966 242 424 -405 839 -933 -304 -604 472 90 -95 232 94 -3 787 192 -369 349 -171 921 616 216 -227 -427 -37 -901 -251 -280 -110 182 -607 317 -1104 -463 143 342 -803 78 293 871 241 -361 123 -6 485 282 544 203 -57 -775 174 7 -62 -101 356 -14 -156 -1140 138 58 76 326 1923 -515 ]
[-471 521 -518 -578 -66 -688 -1084 587 -54 657 157 -600 241 431 354 -306 -628 -624 244 717 -709 937 -187 582 404 -297 -168 -332 -678 663 909 -271 471 152 -474 323 -197 123 593 92 -313 -1247 110 102 39 -58 675 -127 61 509 -452 1063 555 687 -494 -90 -119 -87 -64 -33 345 -348 281 -701 -240 55 713 1002 178 593 461 -194 -312 30 548 249 -236 -1224 672 -83 554 219 195 -84 -45 -70 -135 -540 -92 237 145 -343 209 267 22 -139 -86 -54 441 -106 -298 501 150 -715 -26 407 1 30 -921 471 ]
[771 -671 -292 523 -86 243 -717 6 -132 167 138 -231 -40 -292 1 202 1007 373 -313 985 -829 -121 369 173 -409 690 -649 -435 -271 9 125 595 294 549 -676 -319 -759 135 729 266 24 -493 -65 381 181 334 45 -159 -278 -832 -43 6 -181 -402 -154 -417 -545 168 -241 144 1016 275 -469 -100 -526 -683 839 -827 -317 -359 -402 -785 359 -569 300 123 18 26 79 -326 -396 39 -487 1140 761 156 409 -1460 -194 387 380 221 183 919 836 -147 -385 523 -276 -221 65 619 -560 163 173 205 -330 -1066 797 -50 ]
[-540 -562 7 -3 -835 75 -508 -90 -1343 81 361 616 -1578 253 606 -730 435 152 -638 62 455 69 -23 -373 582 540 102 -642 -6 38 768 -100 49 447 -308 439 -49 -673 -550 -245 105 -8 -116 438 900 -57 -267 -79 -250 385 -503 618 466 607 11 416 -412 502 375 -250 627 206 110 223 159 -679 734 321 977 223 -457 -159 -274 1012 847 303 482 -533 -54 -159 62 -21 545 -90 -927 641 21 -308 1006 91 -406 1035 -337 624 1044 -860 438 -381 323 -791 -315 13 741 -673 142 666 17 364 -417 113 ]
[116 -426 381 518 -161 507 -114 -445 297 -141 -698 -739 -575 -1780 -251 117 -636 -70 621 209 1337 -1191 -467 775 -48 1198 549 675 -500 -332 55 7 602 836 435 268 162 -346 894 852 665 206 97 -793 65 -175 -454 536 -300 -104 629 -297 -510 -215 -481 -233 -294 -14 -64 -840 898 434 -781 -513 -16 -42 272 139 -143 -369 -431 -750 368 -382 -527 -412 71 238 329 -14 -324 -382 510 913 -261 688 748 -336 -193 -423 755 368 25 481 -21 -209 28 267 684 929 -351 353 87 385 -347 -220 -933 -376 679 -279 ]
[567 1059 499 -461 -456 -876 -779 656 472 235 -411 -687 325 873 -521 -306 -331 183 -2 -22 529 214 224 -7 -485 -742 311 110 437 756 101 -380 -757 507 -190 715 483 -712 -773 851 -834 -48 62 -504 949 -136 216 733 378 398 -756 621 -260 -696 -124 634 550 634 -109 150 302 547 -26 -233 3 -369 -162 464 149 357 -84 -1312 621 -132 -417 433 -48 -1039 337 -499 -803 -91 366 -435 -344 -908 -275 851 -176 292 200 37 -200 650 -567 559 532 419 594 266 -335 805 -188 -199 -117 -765 -9 260 -324 228 ]
[657 331 832 371 -30 -244 76 1013 912 473 -388 -312 396 857 56 689 582 -111 -141 -39 -33 553 -292 -869 -310 -146 178 651 235 167 -262 -102 -150 1048 -140 -68 304 147 -518 -310 5 359 1047 142 -215 468 -83 -660 -224 -1980 -106 96 -878 -1001 1332 548 102 435 1225 230 199 645 -546 -593 -339 -296 -110 -881 -259 71 558 498 -246 508 91 591 34 122 282 296 -829 -280 231 -431 132 -642 1016 516 -80 627 452 769 -208 834 -335 848 -953 1240 -310 -634 405 775 -397 -691 35 -566 -257 -320 -27 -103 ]
[375 328 -347 -1101 -303 535 -433 250 161 -80 622 688 86 -518 706 -116 428 -258 -766 800 499 -750 -243 -669 -367 385 278 -38 645 -516 -107 333 524 -632 -361 -1140 458 66 -294 -185 -156 310 -559 -114 641 460 3 -892 -124 -2 41 -1169 -653 1435 556 -496 175 299 89 -231 -151 777 -506 -41 124 213 -288 -448 266 684 -501 -269 299 666 365 353 74 85 -324 437 367 -12 -796 -108 -369 340 46 -911 439 -237 -104 58 314 -658 -433 421 345 -8 67 -1241 -206 -122 67 585 9 362 1306 156 42 668 ]
[-919 -287 432 -144 365 727 675 -303 583 310 168 -636 77 792 -308 -805 890 -209 -195 511 217 -314 -509 635 422 719 -3 547 -632 -79 108 343 634 -418 687 472 98 69 221 442 134 -218 -308 86 188 -101 417 211 -360 670 255 -280 586 -539 -286 129 551 -226 -90 -483 -402 -274 -641 -206 179 888 1134 500 -379 38 806 200 -462 -829 -190 -162 -313 752 -403 -13 -119 836 -220 414 -750 262 442 -731 -183 140 -96 1023 -492 594 -122 155 27 270 628 88 -114 58 1212 -1057 -724 418 495 -591 641 340 ]
[-107 -440 190 855 -446 -585 -903 -758 699 -168 427 -523 418 -149 299 -272 -716 -573 -409 1186 -319 -567 -207 845 505 80 -408 866 371 -240 644 301 -216 -359 -295 922 -264 249 305 488 89 246 -76 302 514 -399 750 113 52 195 2 313 -493 -186 -392 -76 19 351 527 -88 117 225 -645 -165 -87 -314 787 420 -342 400 828 -90 742 -106 426 51 396 -262 123 17 1004 -513 -719 -95 131 996 6 -309 -545 281 211 -70 72 851 -508 -486 322 1078 -2 -514 -936 -566 171 225 -1343 263 -784 -486 -818 203 ]
[-171 -650 374 626 2 870 367 -705 15 -287 -97 -917 -218 -483 -584 -2 -93 465 -396 586 -275 -99 85 1402 48 -444 54 -610 390 -292 909 323 -471 855 -540 -149 270 -319 -228 373 212 728 -118 454 -236 -127 1305 129 -513 -515 603 970 -552 -1188 -107 -34 17 199 -93 284 778 132 250 -436 -164 -176 231 -178 -310 -284 -265 -1017 847 -814 150 229 -53 -50 -334 -432 1054 -131 -753 -339 -692 -215 315 154 -668 37 949 349 195 269 660 -81 580 780 0 -378 -597 -124 235 898 386 278 -236 67 -698 -647 ]
[1005 -557 -1045 -275 -224 -618 -238 -630 -677 -356 -407 524 250 68 988 -43 695 -290 -64 168 753 -690 -263 -438 -791 -533 -421 205 500 -90 -843 -943 712 -192 2 -375 -288 -514 -206 126 627 -106 559 37 148 -499 -1397 162 157 80 -727 -321 776 -394 -233 -339 322 -896 -346 -118 -301 496 -276 438 422 -596 65 -133 617 -765 174 879 1317 827 256 203 453 1137 55 -308 52 -522 -638 -4 901 228 186 119 505 -1015 -882 -569 -478 170 100 -130 -39 -132 -772 166 77 -8 -30 209 -467 -128 -424 399 -40 359 ]
]
