[[-110 -221 435 -32 -19 53 311 291 158 -873 -243 13 487 348 -557 502 -484 466 79 -288 105 132 -655 -375 163 -40 -40 736 376 -336 -26 330 -87 393 -125 166 156 620 378 -521 156 520 331 630 -43 423 144 -203 428 -227 154 48 -201 228 66 120 91 172 208 -715 -497 489 842 37 -267 -571 -239 604 565 78 159 -245 457 402 -22 -33 257 155 56 -404 -472 515 140 377 -256 40 793 178 143 327 579 -512 -489 -77 75 86 -572 5 -735 381 -975 128 112 -102 895 -264 622 808 359 14 ]
[-361 -400 199 -332 -272 205 -3 327 470 -4 24 -284 372 428 118 99 42 62 -692 -461 -698 184 703 -404 -403 237 271 142 -396 -586 122 -351 -14 131 17 182 -546 -306 -340 326 449 -58 -34 -167 -323 -110 -543 -531 -497 830 -223 1235 147 -174 -26 509 512 -341 -575 144 458 -282 -103 -20 214 111 24 -3 61 580 658 -397 -361 9 -337 -179 293 -979 -246 -829 748 442 -292 -669 -103 -15 -647 -626 230 -729 504 -674 -341 -295 106 -82 174 -432 410 483 -381 156 -217 79 -16 -69 617 411 -256 29 ]
[-251 254 533 -400 -58 154 21 -524 -166 -291 -60 280 609 -181 694 -247 -77 -75 -709 -374 -423 515 -719 460 172 282 99 -264 50 -305 -103 112 -494 199 549 -402 -368 85 317 905 -216 185 397 -315 469 -180 546 -623 -356 508 -352 1083 -664 -876 -19 369 447 403 -479 -573 307 277 876 -408 -112 402 25 -440 566 565 -54 -1254 237 128 -487 -296 69 -300 -261 -380 409 -158 -32 -71 711 502 -612 -621 357 609 561 -477 -316 -489 -68 12 453 -478 213 416 -435 368 -498 21 -52 -463 -176 738 -139 -121 ]
[-163 95 316 -738 -355 -17 -205 -71 -149 -54 -603 364 25 -163 399 212 712 168 -659 -536 -331 95 76 -103 174 382 232 -329 -183 23 144 -697 -123 -62 462 275 -325 -496 210 706 -562 284 -127 -137 282 -328 -27 -550 117 1275 -482 1158 -822 -165 -245 -122 14 56 -290 -175 -83 32 588 -418 58 -252 -473 -689 195 630 162 -929 -708 -588 -235 -437 484 -200 -536 -444 561 5 -364 -243 63 361 54 58 789 154 -132 -149 -165 -274 -558 891 -167 -878 791 -583 -279 305 641 -111 -100 -652 -169 856 -306 -379 ]
[-136 19 61 -196 702 -37 11 -313 -375 -146 283 236 291 292 272 -315 -924 92 64 81 703 -201 -1268 -82 561 -500 186 310 207 165 522 310 -785 157 420 -86 399 756 126 218 210 516 276 342 27 579 688 -216 -307 -92 579 354 -255 -403 883 701 217 538 -536 -243 -695 140 469 425 284 1035 212 -276 233 -602 195 -748 500 623 -478 -79 -248 461 -313 -39 -722 -478 331 182 -235 -1188 149 -263 -978 389 433 405 -435 -61 -508 142 607 410 215 -15 -381 79 -589 -19 246 -267 -308 463 -146 36 ]
[78 415 153 -358 -185 -177 -246 -446 -560 -634 -623 225 1 -137 57 -283 513 313 -223 -286 246 -248 -1728 415 758 -130 -273 -22 -430 547 80 -391 -97 -470 448 -213 407 -91 -16 31 -237 -91 -403 535 842 279 652 -104 183 -825 276 -296 284 -383 -9 32 250 568 -171 466 -179 140 1069 67 -360 395 60 -530 11 -36 -156 -497 240 589 -168 -117 999 233 493 165 -230 -83 538 718 129 -265 1376 -242 -172 1421 -372 677 102 -696 -538 13 817 357 419 -414 -435 -43 492 -572 569 -346 -690 -225 -249 27 ]
[359 60 -548 -292 -399 256 -467 -318 506 -480 35 -202 -945 -105 -1003 -223 138 317 -224 -222 761 96 -520 102 402 497 -28 -188 -356 7 363 65 -142 135 193 -50 338 -532 -632 431 367 -418 -679 139 -697 682 126 -55 336 -178 660 -193 855 -373 215 269 641 102 -13 409 -169 213 -24 287 -106 944 -251 -657 100 -98 329 780 284 715 -906 610 489 -465 426 -110 114 -550 159 89 -500 90 -50 -252 -691 -751 68 -266 195 -438 -150 -662 598 228 107 -310 227 -442 -262 -189 75 259 228 29 384 820 ]
[-535 -684 -152 236 -136 194 -94 -78 -2 -11 634 281 -407 -688 -122 -101 -436 -393 48 267 463 182 344 -75 949 161 519 -343 344 -203 544 75 32 467 129 -451 -408 -462 -27 1289 366 -161 71 -557 -641 -760 -85 -269 -142 655 527 262 312 -316 -143 37 147 502 -514 -316 104 -296 -438 178 785 604 -9 169 -492 -384 736 380 367 315 -497 773 -359 -47 -287 120 62 -43 -916 -699 58 -677 -962 -538 -156 -545 305 -681 546 15 310 -263 428 363 -977 69 362 114 -246 356 -233 611 576 169 192 888 ]
[-383 26 -370 105 -281 -122 -186 1 -291 -29 -486 -112 -1437 -1014 -386 -430 600 277 190 156 -258 237 -142 -619 650 167 11 -1022 273 505 -29 -652 87 593 174 -351 83 -1295 -490 549 -109 -805 -706 -163 -202 -609 510 81 863 540 -342 -377 377 -33 -179 -81 226 605 -147 -78 -349 89 545 108 109 74 126 -172 -516 3 708 346 -16 -454 -384 1068 317 -688 182 -294 30 -333 -605 -20 5 50 418 294 906 54 -939 198 336 -416 -274 -368 -137 -327 455 -701 464 30 747 -496 -94 274 -365 -431 -199 151 ]
[-549 -342 -175 -297 -92 726 29 267 11 37 502 394 231 -309 36 -246 281 -337 49 175 592 70 237 120 -487 162 -43 -297 -298 335 808 -123 12 75 753 41 117 324 -371 313 -418 -546 -21 642 -583 -774 -463 548 -562 267 824 -54 939 -301 11 478 219 -238 -710 458 -422 -468 -369 245 92 -2 -278 -419 -200 -636 -199 441 432 404 -341 562 -807 359 -516 783 367 87 -250 -125 -459 -1417 -242 -357 -214 -521 421 -269 526 27 -146 15 296 491 -350 -74 683 40 104 -488 -335 549 207 -78 -250 1328 ]
[155 -42 -57 -393 56 215 39 -52 100 209 -474 485 137 -283 358 -192 319 -126 321 694 60 -20 -11 669 -359 -737 -264 -515 -979 -50 578 -241 -379 -250 548 -486 -604 -216 -115 -10 -357 -703 -542 367 455 221 472 615 -943 -311 100 -441 358 -578 712 -117 191 2 -204 647 241 -519 179 276 -734 -881 -332 -279 -8 39 -334 -1119 -82 -201 166 384 -490 290 -642 249 441 -440 959 374 425 -289 149 168 -688 429 -346 500 -209 -179 -755 -762 803 4 822 -117 514 356 92 -272 -678 537 -504 -430 -415 403 ]
[138 379 32 -416 -138 417 115 -728 19 243 -193 -8 139 334 -279 -83 260 -85 648 -143 -433 -8 141 980 -451 890 -248 -830 275 -16 -24 455 -932 23 -339 66 590 1023 -104 205 -775 -31 31 -174 -667 -88 -211 132 28 278 9 62 -98 -145 -637 331 143 -128 353 -116 -757 669 -206 -468 -13 389 -416 -935 389 -328 -1052 74 -90 -450 -153 -217 -373 -322 -124 582 935 -470 -271 30 -647 89 -435 310 414 -436 -625 133 350 -82 132 121 -121 -517 484 -305 721 -1016 -186 -768 -153 -982 -57 517 -246 493 ]
[387 4 108 145 -156 -708 55 -478 77 659 -1012 -11 148 593 -758 582 218 1023 343 -221 -735 -1082 40 -95 352 319 199 154 246 -224 -289 -192 134 117 -549 -286 -71 -38 145 -815 41 -194 -265 -3 -106 469 -520 -590 271 -1023 168 -57 23 301 -409 -145 -314 -218 436 1053 291 491 -230 -395 -352 -443 254 539 -171 284 -265 -307 -716 -384 181 -1071 310 -609 644 -93 -221 469 137 405 -66 341 1012 256 -806 62 -1292 -219 -303 -300 -207 8 -750 -437 174 -303 57 -952 200 -556 781 -279 87 -551 326 -364 ]
[-833 87 -277 -506 -277 -468 -100 -22 -154 309 550 276 -297 273 364 9 86 510 -374 -395 596 374 -353 -1118 13 598 -351 661 428 -211 -184 -951 35 732 895 697 228 -368 174 -474 -414 940 24 31 -486 34 200 -438 424 482 535 1050 -122 -244 172 -89 -276 64 -679 64 -619 115 -343 29 180 74 290 44 -13 58 329 103 273 86 -1237 -161 -803 141 -124 -378 -983 -307 -395 -125 -549 -213 104 -283 -427 -398 514 -580 -645 -228 -722 470 -461 -342 -59 -431 210 -177 -74 399 685 -147 110 138 900 220 ]
[-333 -104 110 -76 -71 -691 61 -182 -547 415 345 700 126 527 25 621 -114 403 820 -399 1077 -208 -518 -826 349 184 354 153 632 186 -51 -434 -353 353 376 634 535 75 644 198 -336 1455 85 -238 162 -75 -99 -628 293 506 34 -298 -178 392 172 -772 -792 16 -87 -363 -1009 -83 -1311 476 883 942 -32 376 -249 -215 240 878 -845 -204 -100 -509 -184 120 -29 -505 198 -433 -655 -382 -578 -517 -144 149 -478 115 350 84 480 513 66 977 -548 367 -621 -558 469 -274 714 114 632 -385 488 495 593 196 ]
[111 83 60 -899 -304 61 -97 -337 24 -817 -837 798 -131 -1144 -643 345 79 677 114 323 645 -133 -842 -197 52 244 231 -244 -539 366 1293 -314 -218 519 364 736 47 -282 60 333 -558 -443 -687 1066 -142 178 -206 -94 18 123 -510 -931 751 -235 135 -132 229 126 -7 -81 -170 187 531 405 -804 -303 -379 -319 163 647 272 -231 -776 -13 -117 28 -140 -273 232 366 774 -27 688 798 -56 -343 731 866 -176 190 95 -438 -353 -373 -609 -32 -538 312 223 -316 -418 592 562 -895 454 -65 384 924 -270 965 ]
[-513 128 963 -39 744 45 172 50 597 276 648 5 818 605 965 152 212 -120 73 -136 -560 319 553 37 -699 348 90 25 606 -229 -319 -266 -137 519 -130 232 572 1485 371 -136 -305 937 194 -331 -317 635 375 21 -228 512 604 703 -429 -517 271 156 131 132 10 -187 -578 199 -190 187 395 670 -304 -902 581 -370 -488 -454 351 -345 -340 -440 -80 -9 -839 -861 137 -583 -93 -472 -473 -374 -324 -394 -41 -70 853 622 -314 43 450 257 131 -522 338 87 123 -519 -323 281 101 89 22 299 17 335 ]
[-258 -671 554 -51 -13 881 522 152 822 -833 14 -44 -905 -1352 -125 31 270 -164 478 514 -917 51 455 126 -282 356 691 -725 742 -78 404 -297 -248 699 580 -540 -22 350 -140 1152 56 -336 70 -221 -596 -463 262 258 86 908 138 130 -55 -17 -371 330 786 923 6 -369 -527 416 1020 -227 -289 -1128 -487 -194 338 -336 346 -768 930 -343 -408 898 4 -417 -128 -74 502 -169 -534 -122 -2 707 -158 221 830 -162 35 -1237 -33 -707 202 42 -375 -649 -547 497 99 8 -153 137 549 761 418 884 99 1045 ]
[198 -336 -495 473 -110 -483 -910 -133 230 -57 -405 -834 -295 -28 -892 152 -549 347 -332 -746 593 127 194 -371 556 328 498 207 58 81 -149 -67 241 87 -307 -244 -127 11 -90 98 955 -300 -4 255 -835 257 -26 -623 562 -464 1230 437 -114 540 273 336 254 44 93 -114 275 -130 265 -134 24 456 -283 -619 46 -296 617 895 378 365 -462 380 1168 -65 83 -669 -912 627 -1526 -89 -294 -496 -73 -785 -607 -864 67 -181 358 157 -261 -473 636 174 -57 -447 -676 -365 -69 419 -198 162 72 -29 -281 -644 ]
[238 475 430 359 -145 643 83 -255 -138 -873 77 -102 -194 29 -313 -430 -616 -182 650 207 -688 -373 -715 1074 792 91 -211 39 -316 -24 401 202 -571 -614 -1316 -531 315 -295 -231 227 357 -847 -357 -372 651 -205 158 -50 440 -1554 -743 -1190 624 723 -561 205 190 -264 366 -692 401 691 524 32 8 -751 153 688 118 -28 -358 -231 45 823 1003 20 144 -160 1095 815 -103 476 420 658 313 490 673 1 266 849 -556 27 452 60 960 -347 492 757 -563 938 -548 138 -240 -122 251 -352 115 -500 -479 160 ]
[389 112 -795 -479 -459 -322 -7 -281 -21 -405 394 225 -796 90 335 -497 -70 -126 -713 -133 1094 203 -658 697 -1271 6 129 395 -663 205 -193 29 -2 -805 809 555 -147 -734 -94 19 322 733 150 199 135 787 287 -35 -342 296 -264 212 -472 -247 -3 538 454 -288 -231 -165 -195 105 564 -280 -787 127 -454 -915 49 -5 269 568 234 544 -948 -83 379 228 78 410 177 -737 145 -380 426 805 -404 -212 95 -404 265 38 386 37 -278 524 267 410 499 203 -119 -188 -347 567 -434 -1008 -838 797 -12 -316 ]
[-161 441 -278 -516 -70 415 -315 -64 -561 441 -617 408 1252 -313 -217 619 61 143 -51 -927 496 319 -91 -239 616 762 164 -16 -262 85 112 -126 -186 489 680 866 8 968 325 276 -698 -180 655 1012 -155 -788 -359 88 133 340 502 561 -344 -322 -286 65 -775 -76 -555 277 52 -281 17 -369 428 -310 -439 -207 40 476 -160 -293 -659 -59 -534 -706 -362 514 -388 334 130 244 58 366 567 -176 -526 -185 -120 -264 540 -317 108 391 -679 93 -183 -167 -286 -709 -417 269 -416 -27 206 -10 164 778 281 230 ]
[212 309 -40 -171 -315 340 -64 -204 236 428 465 149 -550 417 86 -540 465 367 -385 16 287 442 -312 -293 -524 -581 -1146 -79 -295 -544 -307 -295 93 -57 963 -381 -197 -1146 -603 -254 -7 -1014 -917 -828 446 -90 219 -85 18 79 -559 362 -58 -393 924 15 63 -898 202 971 242 -597 -962 -151 -424 140 311 -201 525 603 -440 -807 -206 61 -446 364 -819 -701 228 -378 376 -263 509 -231 48 650 -721 -532 91 230 617 -425 -553 -273 -169 -95 163 -394 847 398 1147 757 171 -275 -407 764 412 -852 98 -146 ]
[693 -373 -583 290 -150 -331 -469 342 -136 319 -239 -24 -362 -676 -342 181 85 198 238 -7 215 -125 -352 -254 -81 -327 523 -75 -330 538 -391 -1 336 -4 -445 764 346 -201 48 -245 581 136 220 -240 441 118 -5 30 532 817 -585 -911 -458 527 -916 -503 -193 -205 803 401 -153 -326 101 -33 -189 -186 -311 -65 -314 259 717 307 -832 -499 -329 164 784 331 364 -307 65 275 -233 -464 707 975 333 475 1005 67 -158 509 323 354 193 475 -776 997 -160 427 -730 406 718 464 268 -469 -45 612 -302 -1208 ]
[633 -16 36 533 -182 229 -274 310 1068 286 -63 -285 373 -137 -284 734 190 476 197 150 -308 20 997 -336 -1337 145 -519 -470 -10 -463 -515 198 439 414 -17 -550 -60 571 49 -977 76 -979 -60 289 -367 -203 -342 718 -592 155 263 -549 -845 363 -107 -588 -267 -676 1140 506 487 -396 -290 121 -1158 -1329 -222 0 201 125 -699 -218 160 -1190 477 561 -682 -92 -731 -251 -218 726 -101 50 -303 -84 -252 256 4 -210 -161 -241 -637 142 -651 -241 -1172 -830 134 425 75 282 263 -268 -565 473 76 -160 -348 -274 ]
[-838 142 47 -1007 -265 154 -217 912 -69 -773 146 -559 -6 424 119 -355 597 -638 -856 -256 231 513 233 -214 -361 162 -682 555 -496 477 970 -466 131 -1228 818 682 -165 414 -457 272 -268 -27 -159 300 -168 -295 -508 -69 -195 536 289 1411 235 382 88 467 131 -103 -933 298 -522 -128 46 -95 291 470 -39 -164 121 -48 110 357 335 176 37 -430 387 78 130 347 -146 637 -938 79 -950 -315 -130 -374 165 290 636 -121 -50 -406 -696 857 520 -546 429 -605 -35 137 -463 -371 -570 130 407 183 -514 59 ]
[410 645 -625 -67 -343 1502 -278 -21 276 585 273 -572 -507 -131 59 -630 151 302 -212 -839 -354 391 42 -259 -1205 657 369 -745 -245 -95 -580 163 -488 -125 1332 -823 490 -721 -454 606 175 4 256 71 482 -536 -136 -117 388 463 -534 183 288 267 672 76 554 -465 -699 -622 240 -181 3 441 157 77 -150 9 328 581 266 -144 -125 129 194 521 129 -1180 -21 -882 1052 -185 467 -360 610 783 -443 -264 -300 -755 276 -744 138 372 -145 -740 -15 -300 476 123 296 485 -385 -313 -338 117 -268 -285 10 -379 ]
[-516 -592 -890 54 229 261 187 101 -611 850 342 -226 -412 -353 -505 -433 -902 -1023 842 817 543 -239 547 227 417 -1099 -53 100 263 73 145 946 -15 -80 -71 460 -319 408 65 255 742 -101 210 -728 -490 -214 -157 443 -158 379 -417 31 211 113 -727 -326 -222 411 -87 622 -317 -522 -998 -9 1190 347 -111 941 -1060 -653 263 -608 -471 -235 -313 438 -700 290 -22 744 405 464 -137 -626 112 -688 -585 316 -181 -185 -247 822 284 548 316 -407 182 410 -443 -701 589 326 -714 -276 -565 317 271 213 129 -643 ]
[-972 -465 -338 321 168 -1445 -631 36 -163 367 570 -29 173 -645 191 -86 -629 625 701 765 -84 -460 702 -423 141 454 567 -162 1324 -375 174 -533 689 165 -656 -152 -209 -150 357 -176 664 273 132 -666 -825 -187 -388 -840 -80 139 403 62 -182 214 -669 -208 -431 460 -76 -146 106 -215 -486 504 33 155 349 381 -1371 -192 600 -131 -54 -1038 -366 -494 -429 -482 -219 238 -843 655 -1138 -286 -126 -579 497 -207 -100 22 -887 665 -147 -254 -770 -608 -423 200 -62 -132 103 -269 -623 459 -277 62 98 -385 -688 -11 ]
[948 -113 -451 743 -417 93 622 -728 -348 307 132 -103 -1384 58 -30 -655 -383 170 -791 61 -118 -427 -571 437 -33 12 498 73 -74 131 -627 281 435 244 -254 -416 227 -1224 -471 265 228 -1060 -23 -572 104 -172 -596 -2 282 -335 -580 -128 118 -21 130 990 284 -349 45 506 520 202 -48 -884 195 40 200 -281 63 370 416 784 -148 1151 34 -89 174 -597 1200 681 186 -269 35 -196 976 1031 -1104 -743 411 -317 -228 -1189 422 153 972 568 -486 -396 -436 748 132 -511 -342 796 -161 19 -45 -66 -40 282 ]
[-537 94 97 -72 673 511 -128 5 -401 -251 77 -295 385 441 500 -81 -697 -118 -332 -506 -627 -618 -212 11 118 308 777 689 431 -416 -4 -330 106 -1290 -66 165 364 637 -286 234 1167 14 827 186 -195 -568 -380 -872 627 -183 -433 951 -561 549 184 1427 -57 401 -901 -157 63 -249 1025 -214 488 -153 213 -519 446 223 257 -880 287 733 -239 -785 545 -460 439 144 369 639 197 -456 302 -248 198 -390 330 -274 51 -443 -451 -239 152 325 -14 283 662 930 -1050 262 -1442 510 366 -279 -49 38 -571 -655 ]
[-366 38 -101 -325 -582 1220 -424 -74 -197 414 251 443 321 890 -47 252 193 -319 -751 -9 375 -488 -338 410 266 211 17 -629 -958 -199 225 133 -402 -255 134 -419 -20 -501 567 730 -307 -358 -66 -256 -18 -792 -871 293 44 681 80 853 813 -246 -13 -150 108 -479 -552 -60 103 -517 -136 -265 515 160 -99 -334 215 -17 -611 -730 -536 481 53 617 -971 683 -580 198 164 352 295 -300 -225 -1538 -29 -456 -891 -564 215 -885 130 133 175 164 348 230 -485 -242 351 444 533 -703 -641 -514 162 -11 -61 185 ]
[1149 -65 386 313 81 -462 -249 403 482 -407 422 -236 257 857 -51 442 -268 271 -609 -74 612 179 -640 -127 212 -607 -599 298 -675 -390 -505 6 334 305 -415 71 182 -552 150 -1553 89 -66 -659 -205 736 1203 -276 651 -729 -146 689 -429 611 -291 405 -1042 56 -612 1225 898 372 -725 -1170 633 -378 359 55 290 669 46 -500 259 -201 253 141 -109 140 502 -143 -971 30 11 887 419 -922 -436 250 -732 -1326 100 969 418 -736 -86 118 -544 714 225 -106 249 91 162 515 564 230 319 209 -313 -250 260 ]
[639 -133 648 330 259 37 302 -177 -732 -727 -90 161 61 -269 52 257 -1124 169 -315 263 171 -388 -820 131 1043 -798 588 -235 922 -167 -203 785 -367 441 -938 -16 -318 -462 177 161 400 54 97 -549 950 -124 54 405 -231 649 -1083 311 -247 130 -308 143 -18 300 887 -785 132 356 355 48 122 -611 338 682 109 -143 400 -1673 -696 67 683 126 427 99 -116 -560 309 111 454 425 -55 282 166 -105 1171 841 -96 603 -66 201 565 181 241 10 -452 38 -399 1086 382 214 465 -394 -36 1221 -237 -163 ]
[-192 -620 -258 -15 -396 142 296 1502 156 519 480 250 654 748 307 -126 387 -522 -126 -20 -150 100 145 -221 -836 -117 -176 -349 -500 430 -214 112 414 57 562 -9 -515 -258 -344 -362 -82 -156 683 -47 399 -356 -909 166 -1019 652 670 672 50 81 -647 167 -180 -1068 -184 781 467 -376 -685 -214 194 -4 434 908 -877 -309 -364 814 -265 -463 -278 -986 -514 118 -61 438 -51 496 -369 -117 342 589 -696 -595 17 -541 534 -504 153 130 63 -30 -52 187 -1018 727 378 -135 -487 660 -103 304 431 -397 -519 40 ]
[350 481 -640 182 40 17 -188 -181 393 502 796 -94 -1223 10 237 -221 -983 155 -86 163 31 362 122 -948 -1097 654 -207 -401 -734 -682 -98 -787 -350 210 560 -164 216 -758 -286 -421 287 271 -340 61 -196 122 -242 523 634 715 -128 517 -420 317 903 224 60 -844 148 -720 267 1 -94 -75 -249 47 485 -694 198 100 660 819 -540 -83 -440 474 -1071 -627 -186 -236 93 -652 -445 -712 -6 -552 -798 209 -465 -1538 531 -1007 -457 709 -179 56 -455 -137 1010 202 158 107 -566 391 -189 -243 -133 -257 -978 -296 ]
[359 -177 536 206 63 -193 -358 -137 -279 -164 -404 547 946 265 -586 465 185 129 197 -510 210 77 -204 242 285 358 -281 399 353 599 93 83 92 165 -749 -32 405 -56 442 -659 -561 -588 342 202 214 -860 -218 -632 -93 -812 -108 -1179 874 465 -1225 -891 -527 -414 323 638 106 232 -654 58 -693 -530 -53 406 743 -412 -1276 276 -60 0 462 -321 -446 664 428 543 92 1188 -119 998 -1050 -743 858 148 -788 -153 -82 -53 -586 -510 -7 210 -558 467 -490 81 -111 -53 1275 -375 556 -217 -89 -274 191 378 ]
[-311 352 -146 57 -590 223 217 -456 151 -1032 453 -144 -471 1448 31 -636 -51 -75 -620 -686 214 74 -1097 1060 -567 280 -62 862 193 -292 -307 862 -323 -427 -225 -490 429 -277 269 70 367 219 552 -165 -94 633 184 -905 15 -1091 -682 -12 317 129 -388 636 612 71 -396 -503 -786 728 597 -39 -252 977 9 -62 940 54 -774 29 977 1186 112 -397 474 -712 1121 88 384 358 640 172 -162 330 112 -502 -723 150 341 -587 -107 -241 474 225 52 -455 62 566 -733 -462 -665 -482 229 -742 -68 708 224 362 ]
[313 -257 244 -225 261 -179 -350 543 698 -1012 248 197 447 333 -184 686 -479 -199 233 -154 676 624 -423 -94 -93 334 205 -365 -186 -460 78 -53 -30 415 136 77 337 294 525 292 429 -100 -36 -197 -189 557 73 -394 15 983 382 94 -365 217 299 29 10 423 404 -496 -341 -340 240 510 -175 -431 -1092 -394 853 -62 -76 -80 -68 25 -728 31 394 411 -686 -168 -246 -317 -55 452 -587 257 -654 -90 -692 -620 1194 -433 -807 -614 -291 -501 92 -274 -278 182 -632 -194 -879 1121 -811 0 829 858 -207 358 ]
[13 -105 -656 -437 -173 -72 -205 288 -787 594 -363 69 526 378 -1106 -192 -254 312 858 338 -311 86 847 464 161 62 -75 730 81 48 282 505 328 390 -837 442 -21 583 318 -488 -389 4 592 346 -495 81 -406 457 785 140 -160 -411 51 29 -776 -364 -450 -355 -90 -119 -398 661 -6 -661 -89 -1459 -941 613 -93 551 310 -315 -233 -26 130 -74 -733 711 72 842 -692 677 -73 617 278 1003 747 548 725 -17 -330 273 -442 183 -447 -35 -1317 -203 -814 -212 -1 447 456 502 -630 -658 505 350 302 -693 ]
[147 152 -391 -386 -509 -88 -279 8 335 -259 -247 0 637 1136 -356 436 -141 427 311 -132 81 -186 -196 544 124 338 148 305 -575 -506 191 164 -1064 -99 -1055 357 -277 -649 16 106 399 -552 331 -213 -387 565 -61 -426 -450 -407 -722 -10 848 241 -320 455 81 -380 -299 -236 -196 337 -219 343 -311 -573 11 254 46 -90 230 -852 17 306 -250 -152 -99 84 151 -624 285 -325 576 363 -374 569 -21 249 -176 -537 -107 -118 -294 -234 -473 -748 108 765 211 680 -492 148 -495 344 37 -871 572 696 550 828 ]
[-112 295 -268 -79 51 511 -216 -473 -281 -120 190 933 -709 -1427 39 -1112 -986 -186 -504 -120 1225 -25 -745 29 304 420 364 52 399 324 872 208 -314 393 1224 84 -36 -151 -248 542 -298 203 160 467 -131 -913 86 -33 719 22 547 169 -902 -313 93 476 221 46 -392 -665 -245 312 690 -214 125 -438 -776 -981 203 333 173 -311 149 336 -421 599 -880 885 -533 1036 -599 525 -572 -164 237 -859 292 23 382 -175 -41 -319 480 868 -304 753 -676 206 -129 -616 -317 735 -144 -208 -209 175 -552 894 -97 -539 ]
[115 474 -264 -43 -447 -934 -381 -216 -386 -373 -219 602 661 302 -581 269 -275 806 652 -318 1152 54 -1619 -9 472 734 -126 -50 200 18 -157 -6 -112 622 -161 174 193 114 177 -1248 -195 -602 -128 238 -368 -437 -500 -121 338 -1003 804 -773 1158 -210 -320 427 -557 48 642 738 -39 -298 -626 145 -612 296 347 -96 283 -44 -137 612 339 414 -729 -19 -116 -56 744 -100 -230 440 -878 933 -994 -985 433 -622 -82 669 407 -214 74 -380 -544 -846 220 1217 -901 110 234 -334 -233 -389 362 208 921 -431 69 928 ]
[5 -311 85 -608 292 505 -169 -544 307 -233 354 -331 651 -317 300 228 458 -25 -254 64 -60 -472 -426 121 -895 113 19 258 149 -213 -312 185 101 -603 28 393 956 1010 -25 302 262 457 -164 526 -390 948 160 -471 -334 -161 -128 105 -438 -537 -414 -285 501 447 -49 -143 -223 67 -39 107 -364 835 -354 -898 -7 54 -322 -282 340 420 -520 -250 678 -241 -105 130 968 -233 1102 -203 -479 -48 882 407 284 401 -20 730 24 -714 251 113 -164 166 548 195 -188 11 -178 36 89 -588 -675 447 281 -4 ]
[12 243 1232 615 14 471 141 166 403 -617 188 934 573 854 82 408 688 -211 293 -292 -214 -363 -283 -112 159 -57 -630 -211 -269 -275 -575 -1177 -527 -364 1058 -52 165 -87 335 378 -453 -297 198 248 1312 -629 805 991 -265 -660 -355 -293 196 16 178 -587 -403 -219 -219 560 -55 -250 287 4 -42 -1344 -215 126 580 -627 -1047 -881 -54 -39 41 69 -690 943 -478 72 853 -352 1025 86 112 -70 359 219 -286 643 146 -92 268 193 70 644 251 14 93 -21 44 715 664 138 687 847 -369 300 781 932 ]
[-1356 -528 14 405 -602 -756 -195 -415 -92 303 333 324 183 176 535 19 -37 119 -698 536 286 191 -459 -299 -625 466 -219 -714 3 -270 -389 -852 504 -75 204 104 218 -113 283 -206 40 417 -133 -238 -347 -964 -693 -483 -184 784 -42 285 207 -446 467 -32 -36 -128 -332 111 220 -1086 43 561 429 742 -30 -1222 -543 89 276 394 50 -571 -534 494 -729 -219 -735 -678 291 551 -907 -1339 168 -1485 -514 -1032 307 326 -358 -304 248 352 -22 -42 -449 -3 -26 184 163 431 607 -407 -352 -212 234 52 -701 109 ]
[636 -696 -65 -145 -529 -636 502 -840 -88 -582 -838 788 -859 -574 -412 64 -95 785 -499 -438 651 -4 -1475 -88 854 -684 251 414 -142 -34 505 283 -484 984 664 280 -562 -1072 116 -163 -207 -36 11 856 240 308 124 -1148 -182 -141 56 -151 136 -64 524 452 254 -307 103 334 -94 -318 545 267 -677 -344 -312 85 479 340 332 240 -275 658 -498 -579 514 -546 418 -106 519 -470 421 498 858 617 -189 -324 -736 61 -366 -945 -102 70 -21 23 513 114 37 -225 -334 137 599 -166 706 -255 -14 644 301 178 ]
[-22 1470 -235 -177 29 266 -243 283 -135 -76 642 112 171 102 58 87 -12 -561 62 -386 559 -133 163 187 465 484 -1139 299 176 -504 -45 529 -129 -433 671 -96 -203 -772 147 -532 -86 -4 454 -121 268 344 -69 607 752 -1020 218 -20 334 -139 236 -264 -504 -614 180 -505 53 613 -557 61 499 -338 400 843 -278 105 -1232 498 -182 -303 109 -548 -1111 1102 -215 400 -384 -310 890 640 77 410 397 481 -1070 -675 175 -189 95 884 235 -706 -434 252 -177 -629 636 226 -1720 247 -492 376 -44 -1147 808 15 ]
[-257 -113 1002 475 40 323 265 152 776 -1008 -143 -74 174 109 -583 927 -493 75 100 80 -557 -576 194 -59 254 96 -275 717 -494 -411 108 -736 47 -638 -768 -23 318 444 -12 119 877 -690 -396 687 170 20 -243 163 554 -834 56 -397 139 840 -592 430 425 43 85 160 342 7 1158 35 -25 -1852 -419 352 50 -120 -62 -135 67 1127 -17 127 451 -110 -32 651 -1 428 195 -104 371 -722 267 -287 45 -224 -355 96 291 -631 500 -165 208 335 134 336 -1003 -599 -49 -221 580 -283 441 205 97 388 ]
[-173 350 37 359 161 -350 -427 -677 -765 464 -468 -245 176 98 -100 175 500 165 -180 -99 -142 319 -1361 -20 556 42 -611 -918 482 6 -1572 482 426 216 -294 -790 667 842 174 -157 46 -299 36 284 527 241 241 -12 612 -485 4 328 -633 -709 -131 42 -563 304 643 742 352 326 327 -323 159 1308 443 89 34 374 -980 151 -136 -357 -635 -969 434 -606 347 -119 50 276 579 133 1231 590 66 -1038 214 1272 -587 602 512 178 -29 -602 -36 -1074 -214 -370 21 -585 -1092 -370 112 146 -222 -190 -188 -822 ]
[940 281 -306 -534 -69 896 -214 -594 -415 531 -1066 -590 -281 181 -174 -215 506 -236 -106 -649 -848 -696 97 762 378 1135 388 -736 -54 412 -706 589 -414 -727 428 -567 -37 81 -406 910 -76 57 263 -80 638 -255 -811 -246 -132 92 -98 1359 -598 304 -1086 -101 16 67 267 182 619 828 -219 -632 -41 -611 -142 143 -283 -215 -183 -1031 -492 -347 103 -832 1515 -306 383 238 792 209 236 812 556 1583 433 151 417 281 -780 -132 316 -501 -523 -12 355 -753 -14 -757 -19 -358 -720 167 193 -960 -455 176 -116 -923 ]
[-210 993 -241 -206 113 311 -242 -207 330 -22 8 -227 -339 -487 780 -450 36 53 792 351 -549 -13 -402 309 246 942 -146 -377 880 -625 -73 135 -1379 344 -683 -539 1097 569 -146 -685 -448 860 830 -123 -69 208 434 782 566 -171 -55 -918 176 -108 85 -322 22 307 341 -718 -914 585 -76 895 137 -958 -248 -362 400 131 -356 -512 630 -92 463 780 -930 403 -167 -545 237 -1014 507 267 -268 -84 828 759 693 211 -443 759 26 247 -396 -730 -280 -131 353 67 -110 -352 -538 245 498 -205 -726 218 331 223 ]
[-117 -480 -511 299 262 40 74 -307 -501 -203 -224 -636 226 445 -57 -435 -290 338 260 242 13 -486 498 6 -1040 -304 -41 631 698 172 -351 1173 427 717 -1203 688 85 799 -358 -1057 239 -424 40 1140 -1371 451 -454 376 -600 -1130 201 -494 267 -369 -103 683 435 94 424 -397 -226 285 -143 50 -276 490 317 -436 -277 -132 -697 626 564 -125 588 -411 65 -509 127 618 369 1029 677 982 -960 -1135 1290 295 402 -337 -238 793 -721 253 181 -659 -534 -437 147 -134 -259 -362 -195 -436 -108 -277 -226 -520 -989 92 ]
[153 -1150 429 -332 -591 -114 876 -979 -92 -337 -20 887 516 -764 674 437 -190 -106 112 391 126 -312 -637 890 -140 -818 223 -446 -1048 -117 1094 -886 -755 -347 932 -260 -666 -398 -444 584 -277 42 -623 266 469 -311 -89 -722 -1378 46 202 311 -369 -897 287 194 798 32 -141 570 548 -681 187 -343 -307 97 -100 -775 -489 -45 169 -725 -177 205 5 -210 0 -131 -599 552 1498 -126 -231 -665 -179 -1414 -546 -272 -348 204 -305 -785 273 111 145 790 460 426 618 536 -61 189 922 -516 555 -424 261 575 -1332 1480 ]
[-250 446 441 473 324 -332 841 -273 229 166 -484 253 64 48 63 149 -355 437 392 770 -1003 -543 -308 -449 238 -223 -375 258 25 -1054 440 -111 -440 123 -1281 -688 -143 -26 833 -1101 -541 59 -532 -342 -149 751 -178 -296 531 -1178 -1094 -483 427 210 851 -88 -653 -273 744 -725 121 94 -156 8 -455 -397 977 1055 449 758 53 -1120 -47 -231 695 -139 -832 -459 497 -651 -255 124 1193 331 379 -277 954 1296 -460 1306 -494 -427 -90 -6 557 -485 -501 52 420 320 -52 224 69 -684 624 285 568 -774 470 -101 ]
[-16 -68 733 -68 389 545 297 -364 -55 369 -318 447 -99 -339 -650 186 -141 -289 -218 -715 -174 781 473 675 420 220 20 518 545 -15 774 1208 -180 -472 -136 -915 -491 240 651 442 50 -344 252 -668 -580 -856 -71 -944 594 1074 80 994 -621 -87 -623 453 -193 -330 -222 -2 -474 792 -285 -431 217 385 -936 365 1165 96 -41 -333 370 -216 -668 224 -271 -245 -394 -612 536 1050 -1312 -1032 -178 -495 -430 -719 1 -50 759 -855 55 -361 727 659 -925 50 -605 272 766 187 -69 -717 -535 -371 615 340 199 -554 ]
[202 -451 -230 6 -339 851 -612 190 -531 190 -242 -317 521 -1175 -348 -23 -358 689 -316 442 -17 627 -90 -149 867 -976 -631 -199 385 -131 297 386 659 430 -178 490 111 234 -177 -804 -43 -81 -51 467 297 259 59 418 238 643 497 -882 825 -647 1036 -154 335 304 601 7 245 -909 345 182 -275 32 -19 623 275 647 -298 -29 472 -289 365 425 296 413 -193 -194 -13 418 660 -152 591 293 561 27 288 467 410 165 -126 204 260 -1423 609 734 -292 -5 -267 544 990 -57 338 548 764 19 -185 86 ]
[302 950 -332 -372 -312 -105 -674 -430 -113 -50 555 32 -386 -798 44 -327 -489 694 22 -116 224 244 -291 -269 240 878 -608 835 -199 -504 -267 16 -589 116 -200 180 116 -431 233 -437 -269 283 108 642 45 -379 466 716 618 -817 47 -342 -17 16 -318 -148 -83 -376 -256 -1118 287 1034 406 126 -332 -1132 273 154 -266 157 407 412 407 542 -367 202 -850 -312 -50 321 -764 -262 204 418 484 6 776 -72 235 245 -13 207 -390 150 -859 -225 -117 578 270 572 -323 230 -846 433 244 -601 -498 -437 274 107 ]
[-176 -375 -569 -560 -321 448 -865 840 -187 -254 -779 137 -419 -353 -360 -57 616 -837 30 338 678 777 -520 402 1738 -120 -756 32 -581 298 948 -352 -650 -782 -233 -646 85 -383 -101 -31 -244 -306 -541 -135 684 -201 635 -355 982 -1 533 -474 408 254 -40 -537 -160 877 311 -305 -889 73 651 -59 -456 -564 -80 194 234 -523 140 -294 559 18 205 887 1133 1129 -11 -339 -663 159 -265 260 62 139 1024 978 -588 678 -370 135 76 -360 -824 -403 740 805 346 -267 -371 152 748 253 131 379 7 -164 -78 -59 ]
[-561 -509 -139 520 -352 -928 -566 168 -6 259 -1172 206 332 -146 -381 319 138 318 -372 17 -527 -428 160 -435 239 -41 672 76 -250 464 302 -414 870 547 -363 649 -1172 -280 -352 -349 393 -640 252 1108 -116 -383 -197 -455 -484 -488 -71 75 227 -116 -1281 -205 10 -295 -252 860 938 -187 260 48 -94 -432 -230 127 -703 540 795 571 -808 -209 255 -716 701 -721 407 -305 521 1003 -1088 50 610 -340 864 118 719 145 -1172 201 264 840 248 -148 -697 43 123 -610 -1057 341 385 -1068 153 362 -155 34 -522 -455 ]
[585 -699 427 366 613 -335 -130 -461 87 -687 238 320 -360 -960 -216 326 -367 95 -995 899 893 -124 -193 444 1139 -250 373 792 1218 -74 -311 715 947 -398 -718 -40 -544 -424 270 -115 127 -361 262 -334 -369 -133 279 -1022 607 -653 33 6 -697 -121 125 -330 -287 16 834 -97 1212 150 -165 -556 -302 -261 -294 -2 947 -97 -403 -17 1267 886 -84 -154 74 686 335 267 -280 499 33 274 318 765 130 -159 622 66 -334 -675 -54 540 874 189 223 610 -1360 580 -153 441 -573 537 211 608 -58 -114 1085 -347 ]
[-341 -227 340 210 439 615 332 685 116 -448 -360 -770 628 344 -226 716 366 -662 -73 254 -1271 -204 871 -94 -46 -143 -102 16 -230 293 -389 244 103 -1213 -1092 567 273 574 -8 -62 316 -84 510 756 -539 -682 -802 94 -165 200 -206 209 140 -307 -757 272 -291 12 -287 153 776 -703 203 -259 817 646 71 541 -15 -69 -432 1050 11 -345 301 -574 -257 6 -149 556 837 435 371 -450 -236 -1220 537 230 877 12 -474 369 535 -73 395 -30 53 260 -232 105 -248 -155 -205 -643 -168 -619 28 -281 -520 275 ]
[-447 147 56 -248 267 55 224 97 -903 105 -254 285 179 989 -638 24 -768 719 570 502 344 391 -143 549 562 -636 -603 -447 691 -310 -729 243 -502 7 543 -107 -400 81 876 -560 -175 302 239 -219 142 300 1101 578 452 388 -31 29 -565 -907 701 -333 -158 208 -91 -737 -1211 298 430 -226 -228 -336 -931 544 387 -908 -473 -1676 663 -460 -267 919 -773 518 -791 -206 -523 -426 523 201 74 -173 625 178 65 579 413 807 -627 -264 -510 20 405 -174 12 15 540 123 506 -391 -231 -916 -497 463 -301 8 ]
[-233 -41 561 161 -197 53 324 395 -485 -590 1270 142 -177 -446 1373 -163 344 -370 -161 533 -694 325 -345 -520 -753 -477 -270 62 557 288 -763 -1263 1186 245 342 784 329 138 224 -284 -286 433 89 -40 612 -445 101 453 216 784 -362 -152 -122 -37 -759 -378 -246 633 237 265 468 -1309 -81 126 292 -65 391 161 -137 325 -491 586 527 199 186 -681 444 184 577 870 784 -76 -205 290 101 275 47 -180 1335 685 810 329 -150 -638 604 306 625 -71 -250 47 2 -23 -74 942 141 40 300 -140 -537 379 ]
[764 -192 -609 357 -747 328 -191 -145 -143 253 -71 -180 -226 -802 -190 -222 181 -503 246 71 -270 189 -414 189 -710 -274 774 -868 -409 -297 -396 236 -635 872 -125 -634 -454 -493 -167 1392 579 -707 297 -260 241 -82 76 235 -877 782 -404 -620 -206 -424 -800 213 292 44 -36 72 461 -371 -379 -292 -204 404 44 82 -283 1046 445 70 -790 -198 124 151 284 -229 465 233 829 138 -44 -200 1146 1108 -922 -567 201 -513 90 -759 631 -298 392 -833 159 -261 -270 664 82 -222 -1 615 120 -162 -63 587 33 -62 ]
[150 257 190 -131 -121 -904 460 -569 710 -363 382 685 -1624 -92 537 -354 232 -661 1074 476 -699 62 613 -65 435 -49 -72 -297 -575 -230 435 -965 -50 621 -394 -466 -142 -665 -346 252 61 1070 -1018 -163 -242 558 607 186 -366 -120 -127 -1151 224 470 452 -351 -123 865 -24 -90 593 72 -162 1367 125 867 331 -226 -470 -122 786 984 -611 -654 381 390 568 -1067 289 94 366 -1251 132 -736 -537 -791 -81 822 -988 -317 -1038 547 -247 -118 -432 -602 558 -134 331 -240 411 -368 -246 295 559 143 242 -506 -16 500 ]
[-63 -382 -13 548 400 -162 48 521 265 -200 -148 -545 281 -672 -780 87 146 -308 -116 814 650 95 135 -483 -599 -675 -67 285 241 972 517 793 82 -507 -430 345 43 660 -780 -244 499 -675 62 540 -180 599 359 563 118 -757 242 -810 9 -188 -229 -149 168 169 167 1117 -34 -62 -57 456 -323 228 -28 283 87 116 -118 601 197 94 106 468 3 916 89 280 -209 195 633 626 -141 242 305 305 77 -375 43 1063 -5 -57 611 -185 -284 444 -457 100 232 234 140 -171 -171 725 -697 -443 421 -201 ]
[646 282 -426 481 596 44 235 749 -359 324 482 321 88 346 -81 -823 -468 177 -29 -138 -465 -604 -216 -57 -531 60 494 -469 224 440 -507 303 313 180 562 -525 564 208 -351 -249 -216 -457 935 311 -24 -707 12 1072 -93 852 323 279 -766 -612 -239 1155 315 -251 -458 445 -537 142 873 -610 512 78 41 436 -94 -241 167 51 707 268 -691 -412 -1604 397 -348 943 -828 -20 154 -142 308 396 -124 -138 942 -155 -850 20 0 96 -724 899 -1227 -34 -217 600 821 -51 -342 -573 -520 -414 -954 327 44 -593 ]
[326 -187 -313 -228 -526 1058 37 -92 97 -546 -276 -689 -1221 -12 435 128 265 -308 197 -644 -767 46 233 192 1081 -34 109 289 -979 -913 375 -240 -535 -186 -329 -1565 101 -1246 -677 671 173 -579 -469 140 -373 339 44 554 -532 -348 827 107 267 435 206 409 623 477 -379 -490 -592 115 140 244 821 -630 -172 669 585 -152 1218 -192 795 1286 326 1072 1089 -296 -264 -561 430 -665 705 -355 -371 -368 552 -564 -73 -159 -65 -451 523 3 90 -384 964 -774 16 128 -229 -300 -317 345 271 -341 365 -138 130 1298 ]
[356 230 -296 179 -197 -144 411 288 -70 392 -641 -244 88 633 -49 -359 -539 -217 273 -451 -519 -669 536 -295 -1044 -352 285 754 -623 309 16 -573 466 183 1255 422 -780 219 218 -829 310 -448 73 940 -59 388 -551 72 -611 -449 500 397 -463 534 -561 453 -124 -202 -231 953 205 -427 175 -514 -245 -667 -39 313 -548 -515 423 -796 -321 -285 199 -773 881 317 157 514 139 624 105 354 188 -618 509 372 -833 -623 -250 -48 -65 -144 -467 45 135 -152 923 -846 -488 -192 -42 50 632 -758 -216 602 -247 -629 ]
[41 -246 212 -544 -405 260 376 99 615 -1064 -591 -264 -831 -848 -547 495 726 621 -180 -1124 344 299 82 72 -253 61 303 732 -459 47 -233 -182 129 9 1137 287 52 -411 301 -43 -249 800 6 1136 -268 489 -269 -250 363 161 685 169 -182 15 86 95 457 -193 -131 -196 -530 -6 1467 -206 359 -312 -1066 -171 104 311 565 215 651 114 -756 171 1038 -507 -787 -1090 559 374 -42 -854 496 171 415 -898 286 -322 310 -567 916 728 -681 449 373 -746 -187 -661 -982 -380 520 -582 708 177 214 952 -25 517 ]
[381 -77 -353 387 -395 -292 -22 -346 -23 506 -523 256 690 -397 -22 13 1014 -165 417 430 -522 -500 814 450 -1214 -41 520 -390 -1036 259 309 504 525 -384 -362 -944 -371 158 175 483 172 -500 286 -4 310 -21 -863 81 -790 -232 -504 -1470 1491 -213 -15 81 343 -59 -98 1163 713 -459 -461 155 -739 31 54 234 -419 127 31 -183 -184 -177 644 149 106 -204 275 590 1231 581 307 -149 856 -790 53 12 -182 331 509 -334 533 -798 154 -649 -61 1031 -536 317 72 -131 395 -455 -361 228 974 -614 -158 384 ]
[58 911 -179 -526 -588 266 -378 -168 29 -1322 66 -595 -419 743 -756 -386 322 -187 -375 -770 1129 265 -904 750 -327 98 -915 477 -248 220 -14 364 159 -1255 204 -405 569 -83 -119 525 271 325 -72 70 422 594 124 -417 555 -163 -144 389 464 715 771 630 325 -616 -17 -605 -356 819 311 -249 -107 37 -1030 -405 -32 -465 -376 163 344 1141 82 95 849 -240 591 1 -895 -45 -397 600 -321 816 -71 -896 329 284 682 315 711 -479 -422 300 1019 -237 -37 -266 168 -148 23 -86 -36 -300 171 313 581 -331 ]
[623 -654 -27 199 -486 -467 303 430 94 -648 26 -1178 114 -426 -37 -306 117 -703 -1030 -310 -495 738 275 -210 191 -204 -263 171 -694 -488 -530 279 126 -480 -196 -678 -344 465 -402 -745 -393 971 378 269 452 -583 -912 437 -312 -280 532 578 66 393 -589 -629 275 484 218 -164 173 -703 101 -82 248 -604 58 428 610 301 356 413 976 415 1072 132 1505 488 -250 -120 281 1334 -774 -137 -776 -512 475 -195 82 781 -212 -533 532 99 -281 132 732 -794 -457 -482 -691 -227 519 -170 249 -224 632 -209 -409 -691 ]
[-604 -1022 -357 -204 -346 -281 -143 35 -260 -189 -107 273 -804 199 -224 116 -388 131 -727 361 837 -168 -15 -463 545 -287 -539 1139 76 -217 517 -673 29 -1426 617 301 18 -923 34 -521 536 1255 -820 235 663 -246 257 -489 -138 -370 110 -11 -177 1171 527 -565 -262 548 -659 -144 191 -118 139 631 -87 -1504 -489 732 -39 -290 575 94 70 490 175 461 233 375 -205 412 -636 489 -255 -567 -755 -319 1084 267 -734 521 -662 -7 -247 -355 -852 464 27 -238 -449 -701 25 335 947 269 393 451 62 -116 596 43 ]
[552 -244 -762 190 -150 -776 92 -8 -64 29 -479 496 -246 -590 -396 37 -541 486 61 536 1202 373 -418 -386 -664 176 -40 355 235 923 279 499 147 586 41 -780 -497 -1144 -177 -906 -106 -85 -319 569 149 42 -419 -83 -454 -1086 384 -1307 692 93 -98 -207 -662 1 205 -276 90 660 -603 827 -1042 40 172 569 -583 -222 410 960 330 -499 398 90 105 -53 169 -479 -398 736 -270 963 -269 -509 744 75 -862 292 29 25 -159 16 -1464 -822 -788 -14 -726 -508 377 257 212 164 72 629 -99 -293 -246 422 ]
[297 -168 -196 -119 -176 11 -4 -431 147 -307 371 -32 770 191 -611 22 -543 -272 541 496 -127 485 -463 57 -302 -11 -626 -135 546 -1062 -275 1875 -776 803 -1403 158 -491 823 301 -587 -73 245 942 -87 -313 -166 64 138 -319 291 -896 248 687 485 -596 -70 -185 -230 768 -510 267 232 -507 -153 -1014 -151 326 657 945 50 -1125 -608 -549 -239 200 685 -802 -366 771 355 149 534 -145 638 -369 361 -794 660 555 -691 777 -543 -715 274 708 -830 271 283 -780 596 -356 433 -547 -431 106 -527 292 783 252 -612 ]
[-435 923 235 -139 -517 1601 388 223 353 -1294 339 360 -250 489 77 464 197 -624 -946 -614 602 643 -563 1285 -264 310 -965 408 -276 208 -392 809 557 -477 378 46 316 274 61 -5 380 -196 -407 181 114 18 136 699 512 -243 537 56 -495 -665 -616 621 400 -275 515 -376 253 813 1258 -499 60 -254 -617 -879 285 -868 -1423 -63 707 835 -614 200 128 -38 -181 672 -694 -541 801 63 508 653 -370 -1116 601 333 896 818 385 -147 1020 367 393 -294 -247 -448 544 -132 -250 -400 -76 -366 -363 187 331 590 ]
[106 289 -547 365 23 -46 -438 1008 77 1556 -253 -299 507 972 66 -415 1349 150 -235 -823 -1035 -117 983 -1067 -1181 667 416 -553 73 393 -1392 -127 400 48 615 -11 137 -760 -192 -269 -907 21 471 319 111 -540 -338 -252 127 286 -430 349 417 142 192 28 -64 -552 -493 169 499 -715 -155 -316 83 692 555 -280 335 298 -151 825 -430 -891 -257 -323 -224 -1274 50 -797 515 -272 -93 216 426 813 1 569 1029 -956 -105 -348 -33 -155 -516 -469 -791 -150 812 266 847 561 481 -383 257 531 272 -972 75 23 ]
[-224 -1271 170 -45 -247 -8 274 -187 -91 -276 -1308 295 322 -450 -943 719 -340 -157 141 402 667 2 -180 -594 -119 -1440 -528 -147 -367 -160 837 374 214 434 -364 -168 -200 1028 343 -380 -88 195 -392 1282 -532 416 -304 503 -441 252 649 330 729 108 971 176 314 130 54 -603 -247 -214 352 46 -31 -505 -205 -421 59 -715 142 90 -377 125 391 699 864 -104 -613 -570 223 152 25 139 -539 -1689 766 113 -63 184 175 -175 604 200 438 -230 645 45 -162 -1042 -57 508 1762 -861 519 -159 800 349 -699 -100 ]
[609 25 -235 309 9 294 -794 -148 254 425 -399 -216 -412 -465 -657 259 -286 -441 815 170 786 42 -788 397 1297 -220 -657 -709 -1068 -10 300 -109 -602 -526 184 -1475 -110 152 -695 891 226 -1643 -764 -69 196 260 924 -202 418 -1085 838 -1256 -817 217 696 -434 15 -177 931 142 166 162 95 -217 -157 863 -67 -448 -111 -400 -58 559 93 233 318 1102 348 -190 205 256 -567 -143 -531 459 358 -94 -763 96 -512 403 -581 24 416 478 -9 -845 827 246 270 436 -123 -18 -525 -376 -501 818 208 -957 -536 7 ]
[387 157 -110 -384 210 1746 -390 142 445 -156 967 -513 -49 176 23 -399 -31 -467 -887 230 176 -44 502 4 600 369 -285 230 -718 -35 305 148 -491 -935 686 332 364 230 -726 825 120 403 -144 274 135 -17 237 623 -95 393 713 456 922 -221 387 79 599 -19 -541 265 -10 -438 -56 756 580 547 -454 -17 689 -466 -153 102 445 1350 17 1155 53 789 -429 206 -283 -189 654 -405 -62 -693 -157 -63 -529 -529 560 -76 -149 -290 -137 -48 1701 813 -141 103 20 34 -246 -663 -93 391 -156 -232 853 464 ]
[-434 -213 728 -116 117 -1169 914 60 372 46 -462 326 362 347 267 -498 3 797 -422 762 -421 559 131 -325 -1410 -302 -287 468 806 -954 -158 144 -184 551 80 9 -1229 -279 226 -1003 -589 -289 -331 -56 -49 81 25 319 -966 -60 -250 319 15 -426 1142 1288 365 -26 -218 227 -3 60 -96 -60 -1155 -818 372 810 704 1143 274 -662 26 -406 9 -534 -1228 -809 -187 -146 612 221 -295 -40 69 453 70 -559 523 711 693 -529 -924 -183 -171 -418 -288 -328 -177 593 541 -290 -794 -496 -590 249 204 252 107 113 ]
[115 -1073 -223 691 -286 -319 493 322 614 -492 443 -17 442 1416 -689 -187 -631 196 589 -140 677 -1134 -45 -297 -401 -564 -95 859 302 -843 -234 954 -221 108 63 -725 -404 -261 114 -120 935 -412 541 388 -522 917 -271 -51 -1091 -419 346 159 -875 173 -38 340 709 -455 413 236 -300 104 -625 -176 403 130 -176 862 -430 117 63 234 341 975 -259 -146 -130 -397 -318 112 1051 442 89 -164 -731 -356 -423 5 216 -121 523 -360 43 -286 55 122 -515 -210 -915 979 60 361 140 276 -40 -119 948 643 280 236 ]
[-643 -155 159 86 193 233 -67 -726 129 297 50 369 158 -267 -119 -828 -113 -37 664 -4 -36 278 -374 -106 345 494 -569 228 994 441 -296 402 -28 739 -94 -98 344 -152 93 -268 -358 -178 120 -1067 -213 -729 502 -1066 801 -713 -49 -695 -504 529 -368 -42 2 -36 347 -331 -246 709 -34 -691 194 -381 -232 257 681 -441 -933 -464 620 206 -868 213 -912 278 435 575 -1127 406 -842 115 -331 418 288 563 486 170 -91 -188 -441 -133 484 303 -860 94 -1386 540 598 -381 431 -442 767 -78 353 -787 1222 -945 ]
[25 116 -199 95 -274 806 559 217 152 -53 62 -963 -363 84 65 482 874 -314 -926 -92 -996 -533 1374 -822 347 582 -461 198 24 -339 -192 -248 756 -931 332 -659 -63 -312 -386 326 4 347 -341 -535 -159 -708 -1337 362 409 552 -82 808 -11 641 194 -341 -68 289 104 -366 285 82 -674 -503 599 141 1110 183 -767 128 672 747 23 -327 1193 891 1342 -536 287 -1117 -198 153 -215 -536 -481 -317 438 265 636 46 -628 -507 434 -231 536 924 -591 -361 21 -145 413 -63 710 -396 667 -188 481 -993 252 -300 ]
[140 -36 139 -343 568 -893 -410 223 168 -514 541 233 -406 -153 -524 431 -1007 393 968 1470 25 -1062 -241 609 552 39 1030 115 145 11 1342 -114 -702 -1063 -847 -122 183 385 366 -18 912 1070 -156 -190 265 805 -433 -75 356 247 72 -839 478 702 75 -606 140 441 103 62 -159 280 -295 243 -350 -946 313 491 -183 -16 811 -405 -130 271 932 -146 -97 102 175 194 -599 -56 -300 30 -499 -164 757 462 -1160 303 -675 417 -166 -449 -23 215 107 1084 -217 -307 -16 167 73 609 -294 -386 8 206 -325 -88 ]
[-83 364 66 -101 77 -93 -110 800 609 -652 -879 388 -27 -334 61 955 528 465 -441 -54 410 315 -326 -306 295 835 725 -275 -1421 852 885 -1076 -1 -2 -3 476 -161 -549 -511 -549 -275 -882 -563 972 533 -337 -229 51 -339 -251 266 -1438 507 113 584 -555 -684 95 -326 352 524 -119 -159 609 -529 -552 -233 -396 160 81 744 776 -547 -237 1097 -104 607 -166 717 -1012 167 304 85 929 -188 -466 207 770 -935 415 623 -272 -50 423 -567 49 -5 39 -219 -297 -892 689 -337 263 127 1026 -120 91 -893 1329 ]
[15 150 116 -552 614 -529 806 504 -318 152 620 -250 928 133 385 -33 389 -501 416 -558 244 -495 311 -18 -423 -604 248 244 656 690 -336 284 -470 -438 1151 504 341 553 -75 -484 -836 1611 879 24 732 802 -160 589 -700 538 301 384 -201 65 -138 517 103 -49 58 283 -1436 25 -835 -76 360 279 -183 657 -416 -630 -879 609 -722 -382 -452 -918 2 399 -728 258 200 -945 -275 -75 -521 -396 98 48 -403 -21 354 363 989 55 129 1208 179 383 0 -136 607 -924 -36 299 108 -345 -698 232 345 -212 ]
[-730 373 25 368 928 -629 -850 150 411 897 1361 143 620 26 1043 -527 92 -830 -744 807 10 212 616 -235 -502 -319 149 -128 -30 -58 17 -101 348 -460 -643 -464 315 351 431 97 362 108 109 -795 287 -122 513 122 132 -255 -369 -16 83 347 -205 167 -353 -81 -434 -37 138 463 -333 -84 -210 626 537 -267 78 -278 -183 114 394 39 273 136 -608 475 -234 -531 -879 -25 -633 -1280 343 -655 -350 -285 -572 -129 462 604 685 319 334 266 184 695 549 305 105 -84 -600 165 -1444 840 -730 -421 561 -1192 ]
[80 -457 254 78 638 637 432 609 1434 -643 126 -247 -1098 -742 -617 386 -172 -702 -384 572 425 -181 575 25 -576 -91 -666 693 273 67 497 449 1025 -511 1125 -646 117 67 -193 -403 578 35 -354 658 -458 1013 -48 117 -63 -420 650 -850 -448 936 441 -243 214 -5 379 -19 32 504 -143 495 -477 -452 -880 536 417 -506 -595 853 1000 -99 -110 346 397 768 -318 13 -173 819 25 -235 -495 -213 710 284 -1343 -478 -251 -859 230 562 134 22 -525 -402 -892 29 205 -369 -1126 29 129 1103 -235 -153 744 -410 ]
[127 -109 -150 61 670 520 -222 330 465 -309 -557 483 -275 -1019 326 -535 667 36 -112 483 639 -616 -941 -155 -1017 -229 1029 -843 124 879 -89 -234 -123 76 422 60 452 622 -74 749 305 -556 -32 1044 74 371 926 506 -814 325 343 104 119 -197 377 723 609 678 -37 109 122 19 1481 280 -1257 -368 -257 -1225 -574 -776 -456 -899 517 5 -745 823 591 404 -496 56 -18 -185 678 552 108 -408 948 125 485 363 -291 924 -91 -579 -1008 -392 714 357 639 -515 -691 569 479 195 215 680 -1721 685 -8 -484 ]
[194 386 967 56 85 283 476 -85 411 141 598 651 567 425 591 406 -436 320 630 355 -386 -365 -751 -159 -583 -183 -321 136 -52 -169 -350 206 -972 621 -167 555 650 1389 113 -739 -270 712 597 17 351 -563 162 585 -133 -105 176 -357 314 128 121 390 -476 22 -250 290 232 430 -385 474 -231 -762 604 787 146 -580 -503 -915 75 -101 675 163 -804 317 105 567 -812 -257 596 256 -530 -733 -240 -250 -465 453 295 21 -750 -241 379 244 140 380 -568 913 -509 -875 -110 -217 1421 -464 381 181 1033 725 ]
[1147 90 -301 7 -251 595 164 -331 259 -194 28 -963 -583 -1312 -419 -200 -669 -88 155 -141 106 -320 370 64 -539 330 -30 489 531 476 279 324 -394 407 -315 936 728 497 -272 -425 -304 161 561 -37 -994 181 -543 943 -327 89 18 -675 543 790 -405 -703 100 -396 915 -98 -17 -327 -778 88 93 -804 -30 257 241 -63 205 877 620 -54 568 116 -542 795 380 223 85 263 -598 397 -716 499 -354 205 689 -289 387 -656 -133 836 166 334 -599 -90 -833 17 -632 194 31 54 286 266 499 628 175 295 ]
[-1122 -571 -112 277 -21 213 -317 74 -107 903 320 495 -755 603 -35 311 -521 559 1381 20 360 -369 833 -380 371 650 1006 -822 834 -308 -85 -753 -210 471 339 -665 64 -206 16 319 546 -118 -61 -520 -852 -644 306 -758 -61 208 452 143 -6 518 -311 -292 -102 330 -85 -49 -976 -107 -809 307 201 -936 -443 507 -131 -1002 372 -110 -389 -348 -117 469 -245 -939 -430 -909 54 -165 -750 -173 -64 -165 -465 -315 -992 -822 -932 -51 165 347 13 -118 -57 -365 -289 6 1094 -436 -260 -20 -139 219 134 -348 1 529 ]
[305 202 425 -437 9 -1026 -94 -765 -335 72 -288 470 568 -413 323 898 342 -57 326 -277 -181 121 53 815 773 437 -133 -270 -1089 119 -682 -587 399 -75 -537 110 -472 -732 171 -232 -526 -39 -740 -247 342 -13 464 -86 202 -703 -408 -1206 -106 -1106 -111 -1307 -294 334 510 160 1331 -54 99 -817 -187 189 57 -383 -421 627 -231 864 -429 -158 -319 9 6 139 -28 -77 560 -683 230 -61 701 247 -264 84 -201 -83 -258 122 112 67 691 -333 238 476 178 -17 -55 -377 -185 421 -7 -390 -551 -459 130 156 ]
[-651 86 -219 101 -39 -338 -381 -548 -374 -123 -128 -408 812 -632 -429 -751 -117 170 382 -385 -201 -643 -603 -630 689 436 -528 312 490 204 161 -1213 -1108 347 358 482 516 946 -840 49 -177 -171 165 113 38 -894 149 -390 -137 -1232 624 -592 445 -49 -812 -39 103 -61 -425 686 68 7 -348 137 96 -801 640 -106 -826 169 -114 -920 -188 60 -332 -27 -743 341 511 1201 -1249 400 -499 963 33 -371 815 -367 -270 592 -901 436 -133 -294 -770 241 818 524 500 -440 -478 127 437 -67 1032 -422 -473 -456 -224 -594 ]
[-149 -167 183 108 -486 -459 16 -42 -29 121 -50 49 -416 440 -458 -364 311 266 -573 -270 83 322 64 -183 415 -184 -483 405 -302 -617 -129 -322 1275 174 -167 -352 193 -260 110 -1276 -521 521 -936 -579 153 558 -211 662 -74 207 206 345 416 -10 -371 -1052 -111 405 283 924 -342 -291 -459 -118 -156 60 -454 482 205 222 525 -174 -777 348 -147 418 605 -500 422 -594 384 345 215 -232 -716 -857 1139 130 -451 818 150 476 -247 -444 327 207 207 -366 -271 -773 701 -181 1002 -714 269 -192 127 -569 288 -127 ]
[417 493 -72 45 22 327 -529 -85 644 -468 255 152 -559 -254 -228 299 -58 -1011 -117 -145 38 817 99 91 354 894 -155 -217 27 -181 -167 452 487 291 -588 -52 532 -107 205 211 -100 185 62 -310 -603 112 -464 -252 549 465 -475 -347 -568 232 -752 -1181 -437 328 810 -624 773 152 -380 119 -208 1109 -147 212 1070 -138 -764 310 282 -167 -193 -2 -439 -326 276 532 -8 -224 123 -350 -897 -49 -454 581 97 -838 153 -612 -827 498 453 485 -765 -470 -510 174 -475 525 -405 -436 62 -119 469 636 388 118 ]
[-706 16 -343 -27 -875 717 -2 961 -66 -41 249 -471 -231 849 -218 -202 108 -482 -578 -126 757 326 -974 291 379 -125 -633 841 198 -331 -532 744 -669 -545 -499 605 71 5 -460 -281 414 225 323 -1136 -386 -107 -7 50 680 522 120 1391 378 -264 -978 736 226 237 91 189 -413 -408 339 -26 923 888 654 -373 -81 -11 -45 -827 623 524 -925 520 236 75 54 -792 -239 456 -351 -537 -153 -27 -146 -625 739 -122 133 116 -606 -168 -222 -562 769 665 -27 -101 -130 92 -740 -30 600 -560 434 -191 304 -231 ]
[129 321 303 291 -333 -124 9 -369 497 -304 -428 -196 55 -36 -506 3 284 13 72 68 -565 150 422 99 132 196 -640 -679 -345 81 -260 182 -363 244 -114 -979 -496 -52 -247 348 -723 -973 -250 354 -49 -268 782 766 -583 -476 -95 -3 -394 159 -362 -313 471 -299 420 78 770 390 700 -289 -328 -1171 86 178 -342 -319 -1029 -130 543 -525 76 184 -1256 154 -921 380 41 -343 -338 831 436 114 -425 -67 7 -223 -1169 73 367 32 -773 -462 627 -453 -158 -398 517 38 -48 -603 -574 -86 -670 -250 130 -489 ]
[-517 -348 457 -118 -97 341 -133 429 382 -252 -221 226 202 448 -652 267 47 337 65 -738 -117 235 -583 -28 86 699 476 -958 206 9 -312 159 -373 412 -921 -670 -245 -471 -530 184 415 214 -330 -61 -508 -974 29 -493 1218 159 263 367 -240 -31 -457 942 527 -225 187 -680 82 92 1425 -5 228 -378 63 -411 566 329 -287 699 402 -111 -621 694 -284 55 -788 -232 -624 281 -511 -92 -1259 -580 822 -153 1418 -1209 -680 -383 165 -226 352 -298 -388 -195 -568 473 -118 -651 697 -727 84 -763 444 -281 36 236 ]
[137 515 -172 129 1162 446 -58 66 347 -525 636 -473 -332 -1206 323 -346 -45 26 -162 282 154 654 -76 -569 -553 359 208 -435 278 -133 -320 -384 -59 16 973 10 436 284 318 974 401 -1248 153 24 -110 -412 414 548 438 142 -532 -62 169 193 276 201 -62 321 -429 -330 -439 -274 463 218 -68 315 460 -1098 194 -362 -4 -689 554 91 -789 602 -210 -246 48 -352 361 -499 428 277 618 461 -787 -241 -458 -213 718 154 -247 -343 -372 -785 160 -190 665 -517 18 675 -1467 533 -873 831 -722 -327 -86 536 ]
[240 268 664 -436 -526 -107 -490 -860 -73 27 80 180 408 635 -78 347 -217 990 -675 -1418 755 85 -1317 162 -26 373 -137 140 221 167 -396 -15 -457 285 -124 80 845 661 985 355 -582 604 -470 -995 -60 743 464 -1092 143 -351 313 455 -276 88 252 -632 -365 55 258 -246 -730 430 -307 -407 -427 180 -522 -580 1372 285 -368 -896 -92 354 -254 218 514 61 219 -937 -925 153 -412 915 -995 890 -151 -511 -970 810 476 -263 -174 -445 -93 1054 473 -897 -260 -90 -146 -296 201 385 145 -177 -31 518 988 -302 ]
[149 902 905 -366 69 297 -572 -1149 415 -559 -96 48 543 -755 137 151 116 789 100 -685 -1240 -381 -55 502 291 678 125 -264 394 -384 396 135 -101 986 -653 -412 -109 -533 452 811 94 -522 -441 -18 136 34 -389 -735 247 -22 -773 190 531 -171 -423 330 715 -235 423 -943 742 542 179 158 -632 143 340 -273 255 988 167 -634 -595 -54 198 344 381 -1253 126 -387 15 230 -357 490 33 -234 691 -344 985 346 -23 -746 122 -795 -5 -303 -448 -42 2 235 -551 66 167 -659 208 -392 553 111 -301 127 ]
[-13 129 88 313 34 -256 -99 -731 -210 768 762 -78 -128 -124 -101 -262 -525 525 572 261 109 -20 545 286 725 -104 6 1012 199 146 323 -723 784 -504 -129 332 667 756 506 -24 -421 -86 -122 114 -554 386 -45 197 1157 -720 947 -334 341 -38 486 -179 -517 -28 -434 123 179 -100 -571 -558 239 602 -600 -951 -24 -408 22 760 670 1210 -2 52 -88 148 717 1084 -365 -642 -209 30 -84 -593 362 -254 -761 -108 545 316 42 288 370 220 513 513 197 -634 226 -278 -229 1055 -41 275 -78 -537 -272 872 ]
[378 -501 106 219 247 -165 230 -721 -487 -187 430 -157 691 76 530 543 -657 -472 -609 -45 650 -17 -117 197 939 -1201 -208 1211 84 -234 -29 1188 -229 -228 -95 494 -763 269 825 360 371 442 491 -107 414 -99 525 -214 -750 31 -477 643 -328 345 324 -324 -800 665 -475 -377 120 -792 -297 141 -110 688 751 639 -92 -8 -193 -25 -223 224 772 168 138 1309 -58 467 -923 32 648 -51 341 -364 -731 328 -936 130 627 167 -588 363 298 492 273 473 100 -293 -762 282 -216 362 -350 -217 -493 385 610 -466 ]
[-156 -287 1091 -201 585 170 4 50 178 48 -363 133 398 293 179 62 -1007 376 -737 -349 -960 -337 -331 -332 -127 161 99 129 269 564 557 -188 -979 323 -294 -55 382 450 226 -194 -472 -690 -173 142 -666 54 67 -1199 -400 880 -138 980 -997 159 -101 1123 582 -376 -249 -402 -428 299 629 -311 469 102 -467 -611 1186 436 -340 -1098 208 -197 -595 -899 -775 -404 -786 -484 295 776 -484 -252 -650 -932 487 -388 -266 -32 -619 -297 -886 -53 6 610 -530 -516 1232 42 -94 51 249 -965 -440 -1138 -349 636 -715 -705 ]
[-77 -65 -100 131 -67 -463 -67 -15 -1049 -229 353 50 640 -356 794 -1066 -721 -775 262 -139 533 -128 -402 641 -738 -799 -95 450 -431 65 613 642 -366 -309 250 191 -815 22 -9 796 431 -691 746 -366 -310 126 755 -250 -1409 -128 -516 -372 -261 -907 -229 450 396 -144 -472 -596 -209 -136 -337 -583 289 1031 350 -365 -366 401 42 -835 167 190 82 411 -729 424 -447 528 612 432 -634 -166 13 -102 -846 -22 1156 452 122 250 618 104 -137 481 224 607 627 1198 99 905 -462 214 -1022 -194 -244 377 -847 -63 ]
[99 395 -337 -486 -926 -412 -470 -590 -2 -72 442 828 -260 -1075 -350 -426 2 769 501 166 914 563 -432 74 52 413 -671 -22 495 -110 -244 197 330 1264 1121 -203 -80 -526 1173 723 -319 -372 105 -547 191 -333 727 -316 497 -118 -204 -961 12 -555 -167 -1184 263 425 28 -179 -64 65 -381 71 -740 -360 -774 371 70 614 -375 -826 -98 -564 -598 529 -752 -340 -45 545 -597 -136 -287 654 540 662 -320 -105 -152 1320 447 -310 -915 -289 -1370 15 -1042 -711 -474 -218 381 335 514 -14 -736 248 185 246 643 122 ]
]
